0.258611
0.0675562
0.662
0.00910232
0.189883
0.192645
0.45604
0.0755353
0.437023
0.220238
0.466192
0.662
0.152946
0.311986
0.662
0.0775679
0.225021
0.187374
0.185811
0.28659
0.367944
0.119462
0.379438
0.188423
0.546051
0.643781
0.190345
0.386635
0.0342289
0.485409
0.442815
0.430004
0.0852756
0.16704
0.662
0.214176
0.0849709
0.496729
0.662
0.084354
0.662
0.082447
0.139707
0.643758
0.221424
0.310724
0.131101
0.157374
0.662
0.417355
0.494044
0.662
0.662
0.174184
0.662
0.655546
0.548247
0.299458
0.308021
0.074158
0.347796
0.251505
0.0720677
