0.662
0.151605
0.512467
0.523135
0.0363645
0.361006
0.323412
0.232227
0.104922
0.428904
0.572302
0.599914
0.00232692
0.611952
0.147747
0.279774
0.0651933
0.0774926
0.241898
0.279212
0.441529
0.302493
0.223376
0.662
0.29996
0.213269
0.251185
0.343762
0.662
0.116397
0.239834
0.289743
0.0712562
0.0148265
0.0496728
0.0734756
0.662
0.637144
0.208704
0.428688
0.662
0.162298
0.0794654
0.454505
0.213654
0.118389
0.59379
0.0840811
0.226386
0.403904
0.662
0.409076
0.107729
0.101721
0.662
0.310874
0.469371
0.153002
0.504925
0.257027
0.347716
0.359697
0.475395
0.512448
0.15816
0.34833
0.545582
0.588391
0.248954
0.351431
0.0940608
0.0162792
0.42682
0.0696886
0.1671
0.108573
0.495638
0.30855
0.309997
0.320575
0.196449
0.593558
0.322503
0.101417
0.0942558
0.310864
0.339567
0.290043
0.279252
0.276546
0.662
0.602953
0.232943
0.189058
0.34734
0.127137
0.421361
0.425225
0.0711802
0.0567903
0.602184
0.0988506
0.662
0.492847
0.104366
0.0747445
0.0879493
0.372736
0.235398
0.294481
0.350936
0.662
0.119831
0.398097
0.617638
0.662
0.109135
0.314373
0.468608
0.318469
0.207663
0.149276
0.451165
0.44063
0.0856873
0.257079
0.0283553
0.209993
0.0898951
0.110646
0.376913
0.577888
0.563675
0.170438
0.0762342
0.284898
0.662
0.20392
0.292595
0.128114
0.0498637
0.268812
0.662
0.545539
