0.0700896
0.150009
0.662
0.0966656
0.13225
0.396511
0.385363
0.473047
0.662
0.662
0.180899
0.662
0.201183
0.366825
0.662
0.217879
0.274579
0.496224
0.139649
0.449063
0.114578
0.662
0.555524
0.0755548
0.370307
0.300176
0.38194
0.411934
0.263108
0.376814
0.137587
0.538637
0.0671051
0.630583
0.169255
0.46478
0.151625
0.609361
0.148524
0.662
0.602693
0.553841
0.0197214
0.328936
0.662
0.662
0.397272
0.662
0.0629316
0.416426
0.050863
0.436616
0.0104513
0.662
0.662
0.285965
0.135239
0.341844
0.202903
0.434422
0.662
0.0802909
0.361941
0.137317
0.275175
0.196446
0.548595
0.402243
0.388751
0.175013
0.223108
0.382713
0.323113
0.662
0.19414
0.26302
0.303067
0.443454
0.156661
0.440689
0.143321
0.524826
0.198262
0.13386
0.662
0.0569769
0.419517
0.126053
0.386279
0.174373
0.178981
0.165907
0.662
0.581536
0.0725108
0.339269
0.423564
0.058357
0.116925
0.380219
0.117512
0.371592
0.0156967
0.143323
0.0642813
0.00841673
0.162968
0.208801
0.453101
0.591354
0.662
0.358189
0.0529206
0.508841
0.662
0.662
0.155904
0.116119
0.662
0.232478
0.309699
0.192997
0.0431455
0.0977947
0.492078
0.317993
0.38857
0.205603
0.184798
0.379466
0.36217
0.0913008
0.662
0.562383
0.372515
0.485672
0.300537
0.662
0.595612
0.458282
0.187643
0.226747
0.184181
0.186361
0.221552
0.0878426
0.0561896
0.287554
0.662
0.418583
0.480309
0.662
0.0658028
0.0833628
0.265462
0.264386
0.0965311
0.411813
0.0881995
0.095848
0.115653
0.069782
0.220299
0.567974
0.0866943
0.0580696
0.632309
0.0905606
0.457921
0.281161
0.166777
0.528234
0.556337
0.142415
0.0887159
0.183834
0.118989
0.41375
0.432466
0.652133
0.160099
0.629041
0.662
0.132286
0.0683017
0.194034
0.0734101
0.263208
0.440528
0.476616
0.399306
0.456505
0.245324
0.0469503
0.3566
0.662
0.161278
0.532056
0.0357101
0.508616
0.245456
0.08332
0.0574077
0.0528523
0.255525
0.114932
0.0201994
0.571559
0.245648
0.140423
0.0833898
0.185473
0.118356
0.0581643
0.0977395
0.300378
0.658267
0.662
0.566109
0.120714
0.00633491
0.312825
0.134237
0.336671
0.227804
0.61696
0.662
0.349693
0.640503
0.192501
0.662
0.563556
0.549112
0.662
0.56299
0.662
0.275806
0.662
0.0990654
0.397162
0.372658
0.24335
0.10276
0.12489
0.0563875
0.662
0.247168
0.297258
0.212121
0.645245
0.630812
0.189865
0.662
0.209746
0.16269
0.662
0.662
0.0585014
0.154041
0.161625
0.662
0.0698106
0.662
0.330146
0.0908428
0.0235005
0.152168
0.662
0.662
0.177586
0.662
0.662
0.335027
0.14407
0.517157
0.0839311
0.559952
0.193548
0.343186
0.662
0.0758018
0.662
0.535708
0.53844
0.662
0.154269
0.1094
0.48106
0.151973
0.213467
0.380813
0.393844
0.209095
0.167177
