0.280689
0.282101
0.208801
0.662
0.0443861
0.0578831
0.205917
0.0712638
0.263833
0.0484823
0.662
0.155904
0.0768595
0.662
0.137645
0.474531
0.245566
0.0980736
0.645245
0.136773
0.366716
0.120171
0.184067
0.130182
0.234973
0.0434816
0.658754
0.416426
0.333096
0.283645
0.107494
0.662
0.435185
0.0679392
0.56776
0.402391
0.662
0.447696
0.234982
0.532033
0.0180267
0.367039
0.662
0.662
0.27653
0.610635
0.421479
0.409779
0.14482
0.185957
0.0787025
0.662
0.221485
0.114672
0.0872853
0.112843
0.662
0.0940091
0.0599837
0.638351
0.460766
0.620855
0.162112
0.316686
0.415589
0.435384
0.308216
0.427997
0.0735837
0.306555
0.152646
0.0566921
0.239656
0.662
0.439677
0.188557
0.00239984
0.0845733
0.267222
0.525411
0.302611
0.165907
0.118989
0.115377
0.3629
0.37841
0.15228
0.469072
0.624507
0.0144
0.0878426
0.00841673
0.194322
0.533859
0.254672
0.287318
0.359108
0.144483
0.248078
0.346751
0.662
0.226734
0.337707
0.170058
0.423376
0.662
0.319281
0.579244
0.644124
0.329725
0.260504
0.226863
0.615668
0.0904152
0.237863
0.662
0.431148
0.485866
0.238454
0.662
0.333368
0.662
0.143555
0.129032
0.662
0.504727
0.144775
0.391246
0.0241226
0.124469
0.101978
0.476251
0.0370324
0.504032
0.0448862
0.108488
0.25731
0.0766403
0.0299021
0.200868
0.173586
0.208215
0.59478
0.164754
0.609399
0.109322
0.662
0.129383
0.276174
0.157665
0.234028
0.135908
0.520453
0.24945
0.662
0.0579615
0.662
0.126112
0.31556
0.259931
0.241947
0.175157
0.315931
0.105832
0.662
0.662
0.0781016
0.201308
0.662
0.496278
0.19944
0.061851
0.662
0.0694567
0.662
0.174785
0.195772
0.1425
0.234361
0.452613
0.633646
0.0442657
0.085635
0.213377
0.463655
0.352492
0.63339
0.0764187
0.626137
0.662
0.662
0.372784
0.0527988
0.662
0.662
0.0178345
0.23526
0.662
0.662
0.492078
0.127947
0.189477
0.382376
0.12451
0.153096
0.5817
0.252526
0.186671
0.662
0.216364
0.123849
0.662
0.512471
0.658306
0.561336
0.119997
0.172643
0.217879
0.10477
0.319051
0.140045
0.35721
0.595427
0.121327
0.162995
0.648628
0.272546
0.217489
0.22268
0.150675
0.299144
0.324306
0.662
0.621979
0.281062
0.164736
0.437841
0.095848
0.260563
0.211118
0.180225
0.164739
0.143025
0.129867
0.088844
0.158527
0.351462
0.662
0.662
0.53844
0.62403
0.340026
0.494446
0.161795
0.110022
0.662
0.0671482
0.205077
0.0464279
0.662
0.59384
0.562785
0.321343
0.17768
0.108831
0.662
0.662
0.0548723
0.248454
0.120104
0.0847009
0.150579
0.662
0.47165
0.660778
0.249877
0.339833
0.184834
0.221116
0.293106
0.338043
0.246237
0.662
0.662
0.00586633
0.22121
0.406657
0.127533
0.0765413
0.290689
0.662
0.110758
0.162776
0.121871
0.0881995
0.38194
0.175956
0.662
0.543192
0.205206
0.199898
0.247786
0.662
0.417026
0.244787
0.334777
0.662
0.313442
0.29415
0.111326
0.662
0.662
0.0185866
0.29142
0.0545397
0.414194
0.588046
0.164478
0.483447
0.204116
0.118271
0.469371
0.45389
0.322677
0.662
0.54342
0.174028
0.0071213
0.129744
0.14407
0.603111
0.124434
0.143576
0.332689
0.144297
0.0736434
0.409719
0.236309
0.472212
0.113894
0.474338
0.172288
0.210325
0.119006
0.61696
0.658224
0.662
0.153608
0.323052
0.152168
0.339284
0.511706
0.281692
0.103479
0.0880879
0.405753
0.0742998
0.130101
0.104424
0.610772
0.232478
0.17806
0.186213
0.0911172
0.6344
0.598721
0.201026
0.256265
0.111961
0.662
0.550825
0.662
0.438305
0.12239
0.662
0.0787714
0.425034
0.101027
0.17045
0.662
0.430159
0.11439
0.118479
0.165048
0.129481
0.115625
0.0651054
0.662
0.165797
0.662
0.332417
0.0490813
0.662
0.662
0.169187
0.284505
0.260246
0.662
0.287646
0.662
0.662
0.483405
0.662
0.363591
0.121814
0.0831997
0.569868
0.282097
0.662
0.132651
0.370874
0.662
0.113939
0.118671
0.589363
0.121601
0.0136769
0.123455
0.145105
0.662
0.38515
0.216208
0.0310559
0.192875
0.0340894
0.662
0.650016
0.662
0.662
0.200092
0.103735
0.0708752
0.52468
0.0709613
0.662
0.0649921
0.177389
0.071755
0.284004
0.13287
0.384278
0.182848
0.413522
0.524909
0.194826
0.157486
0.662
0.124521
0.316153
0.662
0.162671
0.534149
0.317942
0.662
0.6087
0.662
0.662
0.0842342
0.662
0.0860881
0.260295
0.496415
0.0546156
0.662
0.220935
0.365452
0.250114
0.165963
0.0246496
0.180459
0.197847
0.367678
0.0683017
0.223091
0.304478
0.124126
0.662
0.18531
0.155324
0.0200054
0.591839
0.389948
0.122971
0.0454604
0.456505
0.583732
0.662
0.0786915
0.0598603
0.0752253
0.410877
0.315487
0.15311
0.328812
0.66165
0.12294
0.662
0.223527
0.146464
0.106716
0.662
0.158217
0.571559
0.475151
0.401984
0.254824
0.554067
0.260325
0.662
0.159562
0.662
0.0879166
0.662
0.080386
0.17435
0.130767
0.373049
0.00943061
0.291646
0.421117
0.0248236
0.30924
0.0756218
0.508616
0.0458402
0.178202
0.0651419
0.407682
0.130916
0.238532
0.206635
0.662
0.193013
0.188993
0.169255
0.490894
0.112332
0.331271
0.280845
0.223108
0.174833
0.104936
0.662
0.406018
0.171336
0.191428
0.662
0.00652882
0.662
0.495957
0.202505
0.13241
0.0919373
0.503116
0.0541565
0.416037
0.156661
0.244713
0.161012
0.0669576
0.249814
0.662
0.244298
0.154027
0.0584965
0.312821
0.495224
0.123221
0.162317
0.419188
0.0156054
0.263108
0.191784
0.065243
0.144905
0.227055
0.225238
0.232684
0.467786
0.0156967
0.489701
0.662
0.139785
0.312509
0.0119138
0.347015
0.641858
0.181849
0.209081
0.499892
0.118926
0.111208
0.09608
0.179108
0.662
0.112881
0.27737
0.249263
0.610584
0.136304
0.274431
0.350522
0.196406
0.122089
0.209899
0.1969
0.138261
0.662
0.168296
0.314809
0.662
0.163816
0.662
0.114743
0.662
0.10209
0.081557
0.137587
0.0934514
0.316676
0.155596
0.570278
0.073697
0.0915708
0.225594
0.119614
0.511385
0.662
0.187335
0.214308
0.662
0.0647906
0.383066
0.638036
0.352991
0.357887
0.0720371
0.126876
0.387991
0.417932
0.475169
0.469924
0.523279
0.18503
0.662
0.488471
0.127164
0.0873664
0.662
0.127175
0.662
0.170914
0.618106
0.531429
0.181775
0.194777
0.320157
0.216534
0.662
0.230798
0.0540151
0.203754
0.2199
0.195708
0.662
0.257148
0.662
0.518992
0.590192
0.0846084
0.272996
0.630812
0.662
0.0190753
0.10668
0.0729195
0.0945186
0.0436076
0.5734
0.00365673
0.15155
0.0517289
0.662
0.662
0.179488
0.132466
0.062694
0.31335
0.324949
0.289876
0.662
0.165946
0.0740854
0.662
0.0429309
0.212682
0.287392
0.28238
0.439078
0.0758544
0.043588
0.662
0.00222361
0.618321
0.662
0.63742
0.152099
0.100906
0.0969746
0.179741
0.265004
0.0567764
0.214223
0.662
0.084427
0.428632
0.380753
0.380813
0.340002
0.390683
0.662
0.662
0.263683
0.218354
0.188733
0.154269
0.554418
0.0873827
0.662
0.300545
0.101744
0.355698
0.662
0.662
0.14699
0.100713
0.153775
0.662
0.242984
0.0676392
0.535116
0.0802038
0.374559
0.5314
0.457921
0.457131
0.328919
0.441294
0.0931224
0.293236
0.455669
0.0862975
0.236565
0.270739
0.233493
0.385363
0.662
0.121316
0.662
0.662
0.555394
0.174184
0.662
0.662
0.395088
0.662
0.277751
0.0922933
0.0767163
0.492142
0.662
0.409275
0.410033
0.148445
0.662
0.0784795
0.497036
0.140243
0.191858
0.65326
0.662
0.14806
0.280924
0.151944
0.26274
0.417782
0.033164
0.448333
0.0831209
0.323027
0.0164765
0.15733
0.193848
0.104703
0.662
0.134892
0.225699
0.0572673
0.14614
0.000243862
0.10632
0.556033
0.0920882
0.436154
0.555353
0.299309
0.427877
0.13181
0.328435
0.565605
0.111591
0.031417
0.614431
0.130731
0.173472
0.0691033
0.145333
0.0230268
0.662
0.470075
0.662
0.397658
0.135709
0.154657
0.0673388
0.082257
0.090833
0.379399
0.662
0.211235
0.047311
0.662
0.183414
0.662
0.141628
0.267832
0.450232
0.174897
0.386241
0.316612
0.662
0.255366
0.157991
0.662
0.0865799
0.600929
0.124858
0.41529
0.0506006
0.21543
0.662
0.240636
0.662
0.236811
0.554518
0.524315
0.0897009
0.393203
0.202045
0.274343
0.218387
0.402949
0.114578
0.662
0.662
0.187162
0.126053
0.544914
0.105788
0.0969633
0.272911
0.294873
0.180063
0.311022
0.662
0.244797
0.376069
0.279911
0.159856
0.243118
0.132334
0.31257
0.662
0.280067
0.0987401
0.606242
0.138192
0.24653
0.297812
0.43117
0.0438893
0.662
0.196058
0.109885
0.103371
0.409997
0.662
0.259677
0.281127
0.379476
0.262896
0.662
0.662
0.0301194
0.662
0.662
0.110087
0.193815
0.145017
0.42893
0.505689
0.451948
0.131931
0.304045
0.399709
0.334205
0.313093
0.397162
0.511957
0.231413
0.178365
0.0946708
0.276977
0.110393
0.323113
0.415774
0.133799
0.0823569
0.645241
0.662
0.662
0.662
0.101726
0.662
0.250037
0.175239
0.406836
0.192743
0.162519
0.168692
0.15648
0.0885687
0.356021
0.662
0.361792
0.662
0.599947
0.275059
0.46418
0.238109
0.662
0.0931871
0.316155
0.165118
0.27096
0.275332
0.57822
0.662
0.13857
0.662
0.137317
0.452666
0.625517
0.662
0.662
0.389885
0.662
0.27789
0.110664
0.0248151
0.512095
0.429734
0.0864258
0.0268845
0.236422
0.124526
0.12313
0.172465
0.478173
0.190064
0.50376
0.263764
0.419614
0.252571
0.375868
0.170426
0.187312
0.491938
0.589076
0.262465
0.0794423
0.0842515
0.356907
0.187381
0.180602
0.117303
0.114781
0.170352
0.358179
0.152155
0.662
0.4149
0.662
0.0629966
0.662
0.243787
0.25216
0.388427
0.0882071
0.311097
0.525681
0.561951
0.299077
0.316884
0.0161065
0.472186
0.113451
0.662
0.24155
0.269166
0.662
0.10515
0.518996
0.454962
0.662
0.662
0.652408
0.00375581
0.400433
0.131621
0.573791
0.00527309
0.383143
0.0948626
0.050733
0.151625
0.436525
0.419082
0.332794
0.177421
0.118572
0.375031
0.096952
0.167857
0.638932
0.15816
0.662
0.228445
0.323824
0.140897
0.288538
0.130284
0.567974
0.402447
0.117148
0.0560421
0.50005
0.192396
0.296418
0.187674
0.587587
0.652133
0.563556
0.0628709
0.0667704
0.106321
0.213898
0.621038
0.104352
0.662
0.46027
0.350096
0.0466259
0.0974864
0.290285
0.333191
0.20724
0.140901
0.533821
0.0819527
0.662
0.22727
0.662
0.662
0.51171
0.383619
0.409952
0.662
0.0675056
0.119881
0.309217
0.662
0.662
0.107526
0.294007
0.316088
0.473083
0.141944
0.135747
0.662
0.353149
0.159435
0.358189
0.662
0.627116
0.209506
0.159368
0.0540882
0.0704976
0.662
0.270496
0.248993
0.128647
0.505267
0.0985359
0.662
0.0391634
0.662
0.662
0.165494
0.332005
0.501729
0.252063
0.127813
0.484665
0.0446086
0.647549
0.394698
0.0177228
0.0482463
0.00355079
0.215988
0.222947
0.662
0.662
0.302338
0.526067
0.113066
0.160192
0.162404
0.0431297
0.0815768
0.0698223
0.455485
0.270372
0.235982
0.662
0.192023
0.279477
0.118356
0.160853
0.340161
0.517102
0.662
0.258222
0.662
0.567283
0.662
0.662
0.312426
0.23185
0.0921821
0.662
0.177417
0.217519
0.662
0.168943
