0.662
0.0560679
0.340603
0.422579
0.0918626
0.0705238
0.249249
0.159773
0.254135
0.0571238
0.484058
0.112284
0.136154
0.0651327
0.367985
0.172914
0.440327
0.126342
0.348842
0.312007
0.385364
0.416473
0.0212454
0.03704
0.127415
0.131142
0.263288
0.187358
0.552379
0.0922403
0.662
0.10175
0.526271
0.231327
0.662
0.0116337
0.611774
0.0650359
0.662
0.546435
0.149869
0.0856186
0.662
0.391026
0.0324948
0.192442
0.576379
0.211167
0.662
0.0577265
0.662
0.236386
0.413432
0.640845
0.143095
0.108665
0.196394
0.176166
0.0743274
0.0650712
0.662
0.0561945
0.662
0.40686
0.406519
0.545988
0.578437
0.107975
0.662
0.133177
0.662
0.139451
0.088485
0.00908721
0.213663
0.26564
0.662
0.378585
0.438547
0.102006
0.0569803
0.166037
0.0280919
0.312252
0.215662
0.662
0.438575
0.447849
0.264
0.276473
0.120447
0.588609
0.435447
0.13977
0.391849
0.0838247
0.258179
0.336535
0.0949213
0.662
0.200866
0.171659
0.0745011
0.275985
0.0548251
0.602866
0.0709376
0.662
0.238724
0.0605401
0.161666
0.329082
0.0374958
0.662
0.0578426
0.662
0.0459716
0.285934
0.301997
0.0577373
0.274573
0.370448
0.0864196
0.433016
0.344642
0.0229801
0.115649
0.115445
0.523407
0.662
0.0754844
0.380097
0.0718644
0.662
0.0299295
0.0774687
0.0749126
0.187146
0.0445535
0.515115
0.004552
0.034871
0.102443
0.105357
0.191769
0.36908
0.604356
0.156455
0.495397
0.384604
0.0514217
0.359009
0.662
0.258326
0.479417
0.550355
0.137493
0.0101385
0.153517
0.49889
0.257719
0.0312822
0.134759
0.0454984
0.112677
0.0229695
0.0684682
0.113783
0.662
0.0936831
0.194573
0.0622356
0.407724
0.477776
0.264033
0.376788
0.16889
0.135717
0.225441
0.0415477
0.662
0.239298
0.067912
0.3379
0.260288
0.442231
0.463863
0.0965419
0.0121061
0.073059
0.0824947
0.270936
0.207238
0.169179
0.133141
0.461898
0.407991
0.247601
0.348348
0.603395
0.209505
0.0643534
0.320722
0.0784437
0.263562
0.175161
0.0940211
0.376813
0.243464
0.464403
0.138079
0.662
0.123751
0.081214
0.553703
0.398555
0.117891
0.0874044
0.347724
0.14447
0.19152
0.0986271
0.15638
0.662
0.19048
0.242187
0.334503
0.309068
0.13826
0.258864
0.296127
0.662
0.469203
0.506088
0.548922
0.268258
0.384504
0.662
0.268075
0.463788
0.662
0.211389
0.397561
0.662
0.0841305
0.486579
0.662
0.0946568
0.258879
0.0921369
0.662
0.324413
0.485591
0.143046
0.0430329
0.662
0.114162
0.152226
0.0783391
0.316294
0.148951
0.354198
0.599018
0.529798
0.597755
0.178784
0.662
0.501636
0.581636
0.0846951
0.283427
0.29626
0.236643
0.451123
0.251768
0.216426
0.0669786
0.662
0.545046
0.0521562
0.487107
0.222132
0.0865136
0.655721
0.0231521
0.552575
0.116525
0.146403
0.163855
0.0713657
0.295934
0.662
0.205402
0.47174
0.311599
0.347051
0.0861921
0.155806
0.194832
0.312085
0.543175
0.3786
0.271456
0.662
0.108816
0.0148608
0.218398
0.195827
0.153855
0.232196
0.228967
0.0727475
0.42402
0.646676
0.021311
0.0314539
0.0916646
0.0798265
0.47436
0.343251
0.000177329
0.272799
0.38741
0.54386
0.662
0.0737682
0.123682
0.213458
0.162475
0.256956
0.137925
0.314917
0.405102
0.0899636
0.139027
0.232932
0.232018
0.662
0.131608
0.171397
0.320657
0.662
0.218813
0.662
0.350486
0.211942
0.127201
0.41911
0.0356703
0.662
0.554123
0.362398
0.386124
0.0892175
0.209705
0.192084
0.0440127
0.141558
0.285881
0.394341
0.00048338
0.0713178
0.277312
0.237126
0.153815
0.61945
0.21423
0.604237
0.0519593
0.0984977
0.662
0.386506
0.60231
0.495976
0.647443
0.382023
0.0495277
0.412572
0.0686396
0.231658
0.205196
0.197661
0.634655
0.477741
0.193191
0.23439
0.447455
0.370639
0.0177226
0.562854
0.662
0.239411
0.100081
0.241352
0.462175
0.365707
0.376817
0.0232821
0.392584
0.199874
0.662
0.186526
0.435824
0.662
0.29358
0.427851
0.511203
0.14819
0.598607
0.662
0.662
0.551278
0.324792
0.0379794
0.388332
0.14765
0.239346
0.0745136
0.0812741
0.210341
0.1207
0.367791
0.268232
0.662
0.219509
0.0895931
0.0387252
0.0402833
0.549697
0.506628
0.224509
0.0761083
0.662
0.378852
0.662
0.109785
0.161766
0.0579121
0.662
0.662
0.662
0.662
0.329753
0.315387
0.0720542
0.371893
0.662
0.0629057
0.372412
0.257346
0.0457819
0.229127
0.241356
0.106361
0.584062
0.662
0.282161
0.402989
0.163175
0.64565
0.208468
0.054165
0.106887
0.645788
0.148268
0.49225
0.277928
0.139332
0.181282
0.105757
0.0205908
0.395722
0.485332
0.025897
0.173489
0.371994
0.465551
0.662
0.381226
0.284999
0.0691775
0.436054
0.662
0.447972
0.125953
0.124569
0.0679481
0.229995
0.164103
0.662
0.662
0.0831727
0.183789
0.148912
0.196692
0.305938
0.312739
0.0448898
0.19376
0.454004
0.166203
0.240034
0.480523
0.254074
0.339581
0.376443
0.27033
0.138897
0.20398
0.662
0.355573
0.662
0.0724917
0.21383
0.232856
0.194579
0.361131
0.132346
0.50161
0.190931
0.662
0.592524
0.489546
0.374391
0.632926
0.233272
0.0991631
0.0152829
0.242329
0.127291
0.12704
0.17349
0.355877
0.179829
0.141566
0.406782
0.236944
0.239243
0.103283
0.662
0.276422
0.662
0.06261
0.662
0.0704123
0.0928492
0.662
0.0448652
0.208031
0.147737
0.270348
0.260949
0.328477
0.112464
0.114688
0.245016
0.142123
0.0817398
0.662
0.584294
0.14123
0.424631
0.662
0.110035
0.071234
0.197409
0.136663
0.308192
0.0708805
0.325332
0.0428458
0.416771
0.662
0.125006
0.0303303
0.0793952
0.0589184
0.662
0.484723
0.662
0.344839
0.583047
0.246647
0.0401004
0.0723449
0.159627
0.364771
0.301073
0.0740205
0.554512
0.320383
0.308206
0.130242
0.662
0.254938
0.566634
0.287506
0.117431
0.662
0.265776
0.49444
0.234764
0.662
0.289428
0.45997
0.573745
0.18375
0.0835101
0.21171
0.662
0.219259
0.133048
0.400962
0.250443
0.110306
0.3418
0.446604
0.174324
0.189854
0.319795
0.170895
0.030108
0.301583
0.252578
0.166061
0.567478
0.116244
0.169012
0.0305835
0.396047
0.0483538
0.16788
0.246092
0.347792
0.0385783
0.00802267
0.0187794
0.616851
0.235673
0.215321
0.523774
0.134045
0.662
0.662
0.263885
0.395792
0.662
0.366487
0.015532
0.378658
0.0110356
0.20551
0.288337
0.185225
0.294974
0.497399
0.208562
0.00634561
0.166566
0.662
0.266459
0.133223
0.265675
0.0707207
0.114065
0.061124
0.0569912
0.260642
0.276425
0.468447
0.0228502
0.303248
0.563739
0.178557
0.662
0.043526
0.218491
0.379385
0.173852
0.223202
0.421756
0.125359
0.192111
0.656043
0.662
0.0859596
0.199884
0.0577641
0.183502
0.56912
0.111155
0.0396329
0.0987701
0.183639
0.662
0.225411
0.281816
0.431848
0.0466419
0.232657
0.227517
0.44643
0.118621
0.113084
0.433979
0.186627
0.153186
0.0252548
0.186676
0.304543
0.104921
0.622124
0.662
0.651653
0.134815
0.662
0.302514
0.232864
0.0304083
0.218482
0.236955
0.569905
0.252621
0.0689242
0.0779749
0.109827
0.131255
0.206546
0.0668788
0.292978
0.152607
0.077771
0.349402
0.0370212
0.281565
0.662
0.353826
0.19292
0.0756681
0.602873
0.0614552
0.39997
0.11017
0.102958
0.515584
0.662
0.128399
0.199101
0.394489
0.15901
0.205898
0.657606
0.662
0.22914
0.394932
0.546228
0.662
0.0465454
0.421828
0.243256
0.258988
0.167346
0.0904065
0.141454
0.33326
0.249573
0.230442
0.231369
0.103155
0.142146
0.659174
0.187562
0.155687
0.368311
0.0911002
0.0879668
0.42618
0.107181
0.392188
0.428959
0.0549764
0.126498
0.41456
0.13603
0.124212
0.662
0.42824
0.221149
0.512166
0.274612
0.63013
0.469425
0.260509
0.256242
0.662
0.31396
0.0741552
0.562264
0.662
0.129441
0.197917
0.633127
0.301257
0.645607
0.167363
0.662
0.44765
0.662
0.270537
0.662
0.662
0.0555216
0.477295
0.0516289
0.0139707
0.662
0.0942459
0.180409
0.442987
0.0954776
0.0774684
0.0874548
0.662
0.390994
0.506934
0.214445
0.600942
0.148796
0.121864
0.0905106
0.662
0.3798
0.662
0.537737
0.659035
0.409496
0.0875015
0.479586
0.148816
0.159214
0.259606
0.354844
0.154681
0.137049
0.082932
0.662
0.140819
0.135969
0.405674
0.187671
0.0721911
0.0700752
0.11195
0.0627846
0.318969
0.567126
0.230268
0.271118
0.236481
0.14432
0.317621
0.293803
0.272518
0.662
0.123121
0.331439
0.662
0.267097
0.254607
0.0536036
0.662
0.241451
0.517268
0.045232
0.279963
0.0306951
0.267385
0.179391
0.662
0.209031
0.110585
0.205844
0.0637111
0.253738
0.28043
0.350808
0.0690524
0.461452
0.384414
0.313057
0.172104
0.66008
0.280719
0.269589
0.0806557
0.251025
0.0629817
0.23989
0.0157454
0.0717719
0.106081
0.145711
0.177278
0.107323
0.365439
0.198811
0.0736043
0.176156
0.112034
0.122882
0.1335
0.486557
0.0451983
0.169482
0.0642961
0.23998
0.330629
0.222635
0.361762
0.247072
0.662
0.662
0.368379
0.662
0.185308
0.161658
0.484326
0.569435
0.123842
0.0887114
0.0690351
0.068067
0.30739
0.334577
0.662
0.137006
0.230517
0.112815
0.0813806
0.497112
0.177206
0.372038
0.356126
0.461081
0.488182
0.139729
0.593797
0.166428
0.22598
0.502109
