0.0802353
0.543646
0.246936
0.406657
0.104424
0.426462
0.39686
0.548595
0.372725
0.218469
0.0866088
0.0794423
0.17924
0.453415
0.662
0.662
0.563556
0.392266
0.275806
0.125923
0.101378
0.234973
0.662
0.662
0.524826
0.662
0.662
0.158897
0.174373
0.584678
0.0780805
0.0833898
0.403192
0.647473
0.389706
0.050863
0.162605
0.662
0.297258
0.386243
0.170083
0.0965233
0.196446
0.131673
0.0335843
0.151744
0.186361
0.0391362
0.300378
0.150092
0.217489
0.155023
0.335361
0.248312
0.497426
0.662
0.339833
0.0156967
0.175849
0.52421
0.341369
0.180459
0.393396
0.152099
0.431706
0.662
0.410494
0.660778
0.249877
0.126654
0.637531
0.26606
0.387991
0.109393
0.142571
0.432111
0.413231
0.644745
0.0319486
0.57397
0.367207
0.46478
0.662
0.461766
0.0966656
0.0905606
0.662
0.245648
0.312368
0.0799809
0.422832
0.127187
0.408098
0.200097
0.215107
0.420655
0.233051
0.118671
0.0969633
0.332417
0.247068
0.26302
0.477199
0.481326
0.114822
0.143875
0.47856
0.182638
0.311797
0.0993447
0.404101
0.275719
0.247732
0.530964
0.109327
0.627361
0.397272
0.598721
0.37884
0.662
0.0921702
0.662
0.659719
0.662
0.445626
0.590676
0.662
0.212946
0.662
0.30924
0.0967703
0.138867
0.201772
0.107874
0.552256
0.189477
0.570507
0.25731
0.17995
0.0915708
0.312825
0.047762
0.662
0.350522
0.157922
0.607542
0.496224
0.0879166
0.464403
0.662
0.143137
0.110235
0.118356
0.244102
0.209746
0.662
0.100869
0.38857
0.0652339
0.082257
0.562695
0.108359
0.0108506
0.662
0.662
0.169227
0.662
0.0400865
0.64122
0.662
0.316515
0.60785
0.100655
0.553841
0.160192
0.492078
0.168774
0.342829
0.177417
0.0755548
0.0104513
0.626946
0.645068
0.100942
0.662
0.0928177
0.043446
0.397021
0.39926
0.662
0.371734
0.141242
0.0887159
0.187643
0.0832329
0.161625
0.0847074
0.662
0.624441
0.662
0.0675056
0.317993
0.0977947
0.200487
0.662
0.520601
0.127164
0.645245
0.266526
0.175163
0.0984389
0.393352
0.12239
0.130546
0.257182
0.0941856
0.577716
0.445917
0.011344
0.662
0.221485
0.63544
0.0977395
0.662
0.571685
0.589076
0.0526592
0.393844
0.118839
0.193066
0.219497
0.656378
0.175013
0.329047
0.662
0.189917
0.318667
0.601426
0.662
0.358189
0.0752271
0.192501
0.566981
0.551487
0.420085
0.322934
0.0670024
0.608558
0.123639
0.287303
0.477796
0.519918
0.640503
0.232478
0.662
0.103933
0.591354
0.231217
0.151279
0.662
0.112752
0.162346
0.140846
0.662
0.162968
0.439078
0.517157
0.662
0.577859
0.508841
0.111718
0.416426
0.600902
0.662
0.544208
0.662
0.178981
0.207048
0.662
0.371254
0.287318
0.562785
0.031417
0.106139
0.0881995
0.415633
0.473083
0.128883
0.183712
0.475537
0.662
0.510681
0.662
0.0161653
0.662
0.0735822
0.276536
0.498486
0.526314
0.164791
0.157119
0.256356
0.192997
0.662
0.434932
0.616923
0.0495957
0.194034
0.662
0.451348
0.389618
0.662
0.662
0.567974
0.028266
0.0862021
0.282102
0.662
0.662
0.17272
0.662
0.180027
0.496769
0.213661
0.446569
0.440689
0.09608
0.358083
0.103483
0.12418
0.15783
0.662
0.0203475
0.446069
0.196701
0.368402
0.118934
0.300124
0.335894
0.574681
0.332756
0.425986
0.113939
0.574145
0.300537
0.508616
0.579684
0.241376
0.263152
0.306589
0.552844
0.378975
0.59594
0.077136
0.348831
0.180622
0.311097
0.10394
0.21984
0.312722
0.263361
0.0671081
0.662
0.662
0.247168
0.571592
0.209802
0.142484
0.507864
0.662
0.155904
0.0758018
0.508463
0.255525
0.364172
0.662
0.417732
0.662
0.0417831
0.0923371
0.211939
0.168296
0.458692
0.316088
0.090103
0.152815
0.0203019
0.279246
0.118989
0.193509
0.485541
0.662
0.0833628
0.281337
0.247542
0.0574742
0.38367
0.204839
0.662
0.18564
0.359098
0.0468296
