0.10418
0.319617
0.0510191
0.170754
0.126562
0.662
0.094607
0.0268426
0.662
0.447019
0.406888
0.662
0.134297
0.0649964
0.475818
0.175819
0.217437
0.201263
0.580163
0.662
0.223003
0.108572
0.20107
0.0724942
0.213846
0.441228
0.546795
0.108721
0.143409
0.0702053
0.662
0.324824
0.162448
0.410608
0.30727
0.662
0.0839657
0.429856
0.562552
0.0783607
0.35833
0.256219
0.189533
0.140942
0.320184
0.413146
0.287543
0.662
0.133473
0.203964
0.30451
0.662
0.211944
0.294557
0.213132
0.662
0.138578
0.0895846
0.203635
0.582524
0.262235
0.122918
0.203115
0.165424
0.662
0.662
0.0588241
0.130806
0.639891
0.0659104
0.662
0.37607
0.158826
0.301066
0.662
0.198408
0.662
0.662
0.217684
0.442479
0.662
0.269799
0.662
0.355137
0.662
0.111588
0.33931
0.154002
0.0613569
0.448487
0.300567
0.662
0.0525529
0.662
0.15914
0.123629
0.0416325
0.662
0.6533
0.0426574
0.0206006
0.402583
0.225629
0.589793
0.266806
0.112894
0.107895
0.662
0.662
0.662
0.0733918
0.0213453
0.0528327
0.370868
0.490382
0.21962
0.0386348
0.152051
0.311289
0.37746
0.662
0.359759
0.16032
0.330627
0.10477
0.662
0.0983518
0.624982
0.662
0.662
0.662
0.111589
0.315826
0.249644
0.662
0.345308
0.134376
0.662
0.335029
0.662
0.518917
0.662
0.179511
0.599063
0.398142
0.235736
0.662
0.0716233
0.0793123
0.0252203
0.662
0.662
0.065756
0.586661
0.211787
0.174273
0.2615
0.662
0.32831
0.110555
0.0729252
0.0891031
0.319412
0.399194
0.511348
0.662
0.662
0.0543945
0.0892984
0.662
0.527356
0.203376
0.0848167
0.178422
0.651009
0.300022
0.0749964
0.662
0.662
0.0565322
0.155116
0.662
0.241359
0.0903741
0.0782312
0.286685
0.556928
0.662
0.162242
0.40382
0.524009
0.359189
0.232957
0.279229
0.524539
0.599998
0.296144
0.586665
0.662
0.101328
0.101495
0.256385
0.205043
0.187754
0.105252
0.428266
0.060947
0.453838
0.219926
0.173184
0.130283
0.662
0.150941
0.395949
0.662
0.662
0.274897
0.662
0.0963236
0.297801
0.429851
0.118891
0.142093
0.662
0.0947285
0.212403
0.0886083
0.662
0.662
0.0883979
0.170042
0.58593
0.11452
0.662
0.131632
0.306576
0.0506149
0.662
0.252053
0.643949
0.167684
0.250303
0.492858
0.662
0.307476
0.185597
0.160423
0.277563
0.662
0.662
0.226607
0.662
0.113407
0.662
0.252276
0.237893
0.218352
0.662
0.662
0.312387
0.139446
0.521928
0.137931
0.170218
0.403612
0.205478
0.220637
0.145879
0.101911
0.389748
0.662
0.662
0.453473
0.347532
0.662
0.662
0.662
0.361847
0.275677
0.416256
0.223833
0.0143951
0.662
0.0977
0.260474
0.662
0.179409
0.126523
0.577221
0.22883
0.662
0.662
0.385318
0.49708
0.63339
0.0671702
0.530123
0.0213828
0.251599
0.11553
0.224823
0.662
0.0549703
0.503807
0.233975
0.242036
0.04202
0.662
0.662
0.00346042
0.0416121
0.662
0.0894965
0.20031
0.442819
0.496459
0.367119
0.0951664
0.662
0.461346
0.662
0.445631
0.662
0.0820093
0.662
0.0811492
0.107652
0.582172
0.362776
0.662
0.272726
0.139958
0.370246
0.662
0.47968
0.0178115
0.253709
0.0578746
0.21945
0.251841
0.200811
0.573427
0.20795
0.642369
0.557732
0.105299
0.63092
0.149629
0.653176
0.662
0.101576
0.591019
0.0975808
0.466795
0.117789
0.632499
0.0660735
0.580799
0.662
0.468445
0.662
0.411829
0.124941
0.26605
0.662
0.164485
0.259553
0.149009
0.662
0.0771105
0.47678
0.199429
0.0848136
0.0685729
0.544197
0.480927
0.370464
0.188767
0.0848434
0.662
0.212674
0.0408558
0.662
0.662
0.44944
0.383029
0.340942
0.0782391
0.47557
0.637615
0.0472056
0.374256
0.204068
0.197626
0.662
0.620787
0.0726503
0.220545
0.121052
0.236786
0.388991
0.387461
0.087369
0.365324
0.264306
0.293445
0.228689
0.0411244
0.441702
0.194511
0.345642
0.347247
0.662
0.521826
0.538213
0.662
0.662
0.51983
0.460246
0.509726
0.662
0.189741
0.193358
0.584366
0.125341
0.22047
0.105415
0.412669
0.60936
0.194404
0.085808
0.322602
0.121925
0.404916
0.0519558
0.5609
0.662
0.0426011
0.0481849
0.631835
0.514285
0.662
0.662
0.60074
0.138764
0.271919
0.0965602
0.187302
0.462145
0.148359
0.0588224
0.370683
0.0931393
0.25671
0.662
0.126648
0.662
0.240404
0.18836
0.662
0.248329
0.507609
0.00312908
0.00582944
0.662
0.662
0.493468
0.158409
0.5569
0.104891
0.0175992
0.060772
0.35148
0.0955196
0.642893
0.662
0.111165
0.662
0.616834
0.0375726
0.443177
0.360338
0.132039
0.121469
0.139233
0.554072
0.0114276
0.552678
0.662
0.251169
0.383629
0.140994
0.662
0.446509
0.532048
0.0326797
0.27908
0.121067
0.662
0.131625
0.662
0.662
0.374282
0.137161
0.530083
0.662
0.662
0.211669
0.203281
0.662
0.587992
0.011198
0.236789
0.0625999
0.404688
0.258825
0.6145
0.483959
0.662
0.0693124
0.662
0.10283
0.39989
0.218872
0.0043591
0.520028
0.256019
0.662
0.0103235
0.134659
0.156885
0.160227
0.0697779
0.371081
0.0690549
0.0887735
0.662
0.413365
0.40592
0.380862
0.22173
0.0219649
0.0641322
0.226389
0.118269
0.662
0.278545
0.341771
0.0843137
0.662
0.662
0.0194813
0.212096
0.662
0.421517
0.387626
0.661483
0.187244
0.225228
0.199738
0.662
0.206888
0.265456
0.662
0.662
0.0214001
0.662
0.31441
0.490361
0.662
0.460937
0.179353
0.069071
0.662
0.218903
0.644611
0.662
0.662
0.420253
0.441742
0.662
0.401824
0.179146
0.530044
0.0494106
0.662
0.267992
0.401647
0.429441
0.342385
0.20328
0.474299
0.522312
0.662
0.662
0.107364
0.0793862
0.0720478
0.254208
0.662
0.662
0.128005
0.662
0.131948
0.159534
0.478646
0.520896
0.115747
0.359934
0.354967
0.662
0.0546686
0.0180298
0.662
0.512386
0.00444012
0.0357486
0.219508
0.526633
0.123005
0.109353
0.662
0.416258
0.0682481
0.662
0.257784
0.528082
0.662
0.662
0.0978592
0.565355
0.399031
0.662
0.662
0.158125
0.476511
0.213806
0.0385087
0.0819733
0.292668
0.662
0.116857
0.339496
0.371766
0.0376645
0.0732867
0.662
0.0390152
0.332907
0.229621
0.405075
0.0950708
0.568399
0.233677
0.322866
0.26481
0.662
0.0646815
0.296689
0.373944
0.202941
0.421408
0.169933
0.662
0.662
0.662
0.0619516
0.115976
0.203332
0.568655
0.444492
0.249346
0.427758
0.110037
0.547348
0.0668539
0.381623
0.284467
0.104673
0.0984155
0.418732
0.301163
0.0623437
0.641566
0.0646492
0.464692
0.195741
0.081402
0.0730453
0.282402
0.662
0.11134
0.165114
0.146289
0.430243
0.364678
0.0797895
0.662
0.193833
0.104047
0.0215937
0.662
0.662
0.249672
0.254687
0.431406
0.363128
0.412239
0.185716
0.232455
0.18304
0.099155
0.255457
0.662
0.662
0.662
0.321636
0.463542
0.662
0.234444
0.483212
0.662
0.0915953
0.389009
0.0637486
0.265712
0.549816
0.13597
0.363732
0.0544301
0.0257541
0.124648
0.0259069
0.366248
0.662
0.11736
0.139705
0.13771
0.354123
0.662
0.229416
0.0836547
0.304122
0.662
0.139195
0.391468
0.662
0.0586193
0.298996
0.424781
0.662
0.21383
0.609286
0.231759
0.144252
0.196549
0.662
0.508722
0.662
0.662
0.662
0.602267
0.153738
0.302893
0.271557
0.0662485
0.164403
0.662
0.308405
0.19154
0.123889
0.205825
0.662
0.545731
0.0605619
0.20266
0.102251
0.125919
0.187712
0.0294459
0.122467
0.662
0.662
0.0128135
0.0835317
0.170459
0.0677289
0.239484
0.662
0.166432
0.662
0.300159
0.196329
0.422564
0.0321005
0.168324
0.662
0.662
0.0138355
0.115396
0.391659
0.662
0.534042
0.139165
0.103311
0.138185
0.0869297
0.662
0.0709056
0.662
0.662
0.376026
0.662
0.0179771
0.169628
0.11471
0.0599301
0.406845
0.391885
0.059148
0.119602
0.0904689
0.423746
0.662
0.0871679
0.379318
0.0780497
0.261938
0.0569373
0.543914
0.477459
0.662
0.0738114
0.101722
0.287495
0.254368
0.122179
0.231269
0.662
0.662
0.535244
0.0706515
0.0427883
0.340906
0.662
0.434956
0.214381
0.662
0.0700168
0.0600276
0.360796
0.193074
0.108687
0.662
0.460927
0.0816859
0.662
0.357992
0.368128
0.662
0.662
0.662
0.662
0.369479
0.0449187
0.264451
0.662
0.491116
0.294045
0.662
0.415274
0.220898
0.450178
0.424993
0.0855921
0.0853492
0.662
0.146072
0.239002
0.196869
0.619822
0.429949
0.176785
0.29794
0.662
0.662
0.126559
0.662
0.322761
0.247086
0.317419
0.180108
0.574025
0.208104
0.250112
0.517175
0.0446128
0.475672
0.662
0.211199
0.108047
0.0860495
0.283534
0.35612
0.487551
0.662
0.26199
0.261871
0.587446
0.111365
0.397369
0.503837
0.370785
0.106088
0.385135
0.500618
0.176721
0.0138068
0.0623645
0.103107
0.0873585
0.145415
0.362484
0.0378246
0.00231479
0.0776423
0.0828631
0.172775
0.170987
0.662
0.187599
0.463334
0.140644
0.662
0.441605
0.103338
0.0933529
0.0242616
0.0486239
0.662
0.568211
0.662
0.110763
0.397058
0.662
0.220357
0.626768
0.577926
0.0484997
0.662
0.0141624
0.114039
0.662
0.212523
0.094459
0.615205
0.453046
0.100259
0.0991905
0.421265
0.212797
0.0503509
0.662
0.471584
0.0939559
0.139217
0.492946
0.662
0.0809065
0.364962
0.662
0.662
0.251108
0.163839
0.0905682
0.109334
0.662
0.249622
0.0656718
0.29669
0.506307
0.662
0.662
0.131978
0.0136789
0.337233
0.662
0.318362
0.4702
0.137179
0.644238
0.0722572
0.157986
0.662
0.400807
0.662
0.0947595
0.14944
0.554702
0.305965
0.0250386
0.168911
0.191204
0.0813459
0.0858083
0.0420896
0.662
0.116954
0.0817756
0.190012
0.111373
0.662
0.00669505
0.662
0.403455
0.0929269
0.0624632
0.196321
0.662
0.662
0.28825
0.639819
0.174884
0.316213
0.459926
0.130558
0.0338852
0.141153
0.0413775
0.276415
0.456313
0.662
0.662
0.55588
0.0567302
0.178546
0.213251
0.662
0.662
0.662
0.638875
0.121275
0.254055
0.149417
0.413361
0.0654701
0.395578
0.66097
0.133788
0.092359
0.134326
0.453919
0.662
0.112122
0.662
0.254118
0.429745
0.662
0.120263
0.149573
0.249539
0.325376
0.273315
0.59805
0.248664
0.529151
0.118399
0.171849
0.619448
0.662
0.565291
0.545348
0.583109
0.0628241
0.422223
0.662
0.489882
0.651814
0.0957619
0.662
0.662
0.160031
0.662
0.662
0.136593
0.0994542
0.157665
0.048152
0.381548
0.311231
0.119407
0.109763
0.218991
0.343695
0.154267
0.484224
0.227718
0.116696
0.264668
0.662
0.0850035
0.0815045
0.662
0.163816
0.312501
0.413754
0.413515
0.365666
0.0929981
0.662
0.390276
0.0766304
0.457919
0.662
0.565308
0.467049
0.250259
0.662
0.0559545
0.662
0.662
0.662
0.141918
0.662
0.662
0.0741467
0.157365
0.175369
0.662
0.272115
0.342488
0.256193
0.662
0.0592073
0.128879
0.116089
0.110848
0.305776
0.424606
0.272649
0.184944
0.271823
0.397392
0.438302
0.115622
0.662
0.0619072
0.0558857
0.129998
0.512096
0.129064
0.662
0.662
0.292719
0.348879
0.662
0.340835
0.369196
0.623627
0.202257
0.136131
0.168373
0.229087
0.188524
0.0908518
0.152664
0.149959
0.319648
0.312719
0.109472
0.662
0.354918
0.300737
0.662
0.662
0.342968
0.129398
0.662
0.593855
0.662
0.0669165
0.143692
0.662
0.158103
0.134434
0.0602651
0.443966
0.359907
0.094074
0.053452
0.0927767
0.357741
0.186006
0.0802852
0.662
0.5726
0.662
0.0897143
0.610461
0.662
0.662
0.662
0.208587
0.454615
0.342176
0.0894876
0.123439
0.264965
0.646963
0.543799
0.0786733
0.199658
0.206141
0.662
0.0840913
0.185725
0.233339
0.216194
0.662
0.544243
0.656695
0.381277
0.26051
0.662
0.438514
0.167598
0.277882
0.573213
0.662
0.496601
0.505431
0.625935
0.143936
0.662
0.199536
0.394757
0.41467
0.662
0.0359203
0.662
0.662
0.144638
0.0477316
0.197507
0.662
0.0990887
0.501615
0.173097
0.0944425
0.236479
0.662
0.662
0.536737
0.0662293
0.446177
0.489953
0.26078
0.212526
0.662
0.16915
0.150134
0.373054
0.633694
0.389783
0.662
0.331611
0.417495
0.662
0.662
0.154188
0.0991267
0.117879
0.223381
0.111168
0.0942183
0.123226
0.575909
0.439225
0.662
0.662
0.662
0.662
0.113941
0.468912
0.0752605
0.662
0.662
0.12326
0.150189
0.0935196
0.662
0.126212
0.641855
0.662
0.220014
0.662
0.278264
0.247067
0.255716
0.162658
0.215799
0.515547
0.104563
0.242417
0.141419
0.129087
0.561274
0.662
0.662
0.57421
0.0333998
0.150566
0.173354
0.265956
0.112318
0.178112
0.662
0.442322
0.662
0.348654
0.259586
0.136918
0.662
0.662
0.172126
0.106628
0.662
0.662
0.443945
0.491697
0.0889365
0.298802
0.141834
0.662
0.327373
0.346299
0.00296093
0.173529
0.662
0.338827
0.194206
0.662
0.662
0.214846
0.602064
0.623809
0.239668
0.0906257
0.0871586
0.0916615
0.1049
0.662
0.581575
0.00250648
0.220454
0.34416
0.245338
0.603807
0.448277
0.195047
0.662
0.220527
0.349047
0.11585
0.103973
0.111082
0.462406
0.647694
0.182452
0.06763
0.140608
0.420121
0.662
0.56315
0.662
0.662
0.241442
0.662
0.425074
0.117942
0.560275
0.243421
0.472432
0.264489
0.235914
0.0930848
0.533457
0.662
0.0459197
0.190692
0.662
0.468433
0.0790466
0.350613
0.549836
0.643942
0.627235
0.382587
0.460545
0.662
0.103475
0.662
0.540834
0.39348
0.662
0.0800075
0.203722
0.437977
0.444851
0.173736
0.469682
0.217222
0.662
0.0696184
0.633857
0.230013
0.333893
0.373358
0.193292
0.15213
0.0388842
0.124066
0.532813
0.0836848
0.141057
0.18022
0.201513
0.533573
0.151259
0.31392
0.0834939
0.354651
0.339003
0.196945
0.137603
0.404143
0.662
0.177018
0.189224
0.662
0.189528
0.662
0.496886
0.110166
0.149979
0.662
0.0530806
0.662
0.662
0.0795202
0.0819917
0.154839
0.662
0.662
0.303953
0.662
0.662
0.371864
0.206682
0.662
0.368513
0.662
0.235397
0.662
0.19683
0.16699
0.281398
0.275444
0.544165
0.0973952
0.599694
0.662
0.662
0.139866
0.291737
0.662
0.29568
0.277771
0.403422
0.662
0.131511
0.662
0.662
0.662
0.645358
0.282617
0.289365
0.592196
0.662
0.432334
0.662
0.254322
0.057638
0.662
0.114876
0.21759
0.662
0.662
0.0209917
0.33233
0.639273
0.29301
0.254496
0.0944842
0.160683
0.194314
0.0853354
0.419537
0.511828
0.0869716
0.662
0.248675
0.662
0.35693
0.244476
0.193851
0.544659
0.110597
0.226194
0.662
0.662
0.648404
0.134887
0.125314
0.662
0.432547
0.662
0.383161
0.474544
0.612894
0.024349
0.0298709
0.472472
0.119007
0.0965425
0.587491
0.662
0.662
0.330192
0.293411
0.662
0.662
0.212777
0.215618
0.433805
0.0967736
0.585949
0.578231
0.662
0.224421
0.197617
0.320627
0.192703
0.100455
0.104005
0.289243
0.662
0.355141
0.662
0.240453
0.378233
0.101017
0.0614107
0.662
0.368908
0.662
0.115844
0.486163
0.300608
0.378355
0.140112
0.135616
0.269665
0.16339
0.164524
0.105158
0.309042
0.208344
0.497537
0.368749
0.342228
0.0952793
0.244284
0.213318
0.118247
0.401168
0.0574054
0.257221
0.318501
0.662
0.0443752
0.100295
0.507176
0.166224
0.242355
0.267245
0.662
0.116835
0.064412
0.266748
0.384152
0.0809845
0.273074
0.170627
0.483049
0.649403
0.151251
0.662
0.399186
0.27541
0.0888018
0.164812
0.662
0.412115
0.0434981
0.662
0.341804
0.154065
0.278498
0.486445
0.482615
0.662
0.339004
0.662
0.278945
0.172174
0.0295058
0.163013
0.354414
0.662
0.662
0.360554
0.662
0.0866921
0.396207
0.51794
0.102023
0.241741
0.662
0.651763
0.143213
0.331646
0.449508
0.662
0.101863
0.388499
0.662
0.42585
0.0724816
0.662
0.662
0.104719
0.134831
0.662
0.163288
0.12101
0.662
0.189351
0.111582
0.382619
0.423976
0.556186
0.111424
0.375954
0.662
0.0192332
0.198756
0.186207
0.365111
0.064462
0.016041
0.144337
0.277337
0.63756
0.512725
0.120225
0.0314872
0.354625
0.662
0.263509
0.662
0.29738
0.527527
0.0917688
0.0800968
0.0927346
0.066335
0.163153
0.480985
0.424448
0.0838827
0.662
0.312411
0.258582
0.224189
0.242599
0.206504
0.0376866
0.23409
0.0782736
0.421656
0.251548
0.622583
0.350071
0.107131
0.346977
0.662
0.075599
0.0914571
0.518798
0.123914
0.662
0.409593
0.162794
0.205281
0.201645
0.416247
0.184532
0.0584978
0.417019
0.135763
0.287993
0.662
0.662
0.269198
0.662
0.518465
0.0622739
0.662
0.315098
0.229888
0.435355
0.416169
0.219053
0.662
0.384012
0.0794559
0.662
0.313147
0.415478
0.662
0.0936426
0.142745
0.0869752
0.159096
0.404768
0.503259
0.153406
0.229357
0.0928041
0.155413
0.206001
0.662
0.424466
0.189313
0.0933533
0.311883
0.254826
0.195741
0.153098
0.662
0.25869
0.238032
0.154935
0.202623
0.11864
0.202463
0.085684
0.114296
0.0782909
0.242576
0.528043
0.149393
0.264918
0.220991
0.00344755
0.662
0.540385
0.169808
0.662
0.662
0.197298
0.199479
0.337344
0.662
0.662
0.431813
0.559039
0.176652
0.662
0.662
0.560746
0.210428
0.143208
0.662
0.457038
0.662
0.662
0.305449
0.452812
0.662
0.057604
0.220811
0.379478
0.591978
0.187907
0.0203161
0.236668
0.662
0.205916
0.662
0.111896
0.221084
0.61104
0.0248785
0.175775
0.351646
0.662
0.148706
0.180906
0.140336
0.662
0.662
0.662
0.0634952
0.486312
0.0306622
0.14153
0.252805
0.24818
0.662
0.492745
0.0687249
0.45989
0.109389
0.448569
0.259547
0.428783
0.476901
0.20186
0.662
0.0552317
0.149175
0.277044
0.454433
0.202334
0.662
0.662
0.518954
0.251161
0.662
0.190215
0.0732838
0.211465
0.316687
0.149659
0.0610073
0.154143
0.215333
0.0915333
0.0870589
0.137213
0.151203
0.662
0.0630977
0.545714
0.230173
0.145183
0.223316
0.167514
0.662
0.662
0.152499
0.207513
0.374737
0.12141
0.662
0.200274
0.277076
0.478705
0.248924
0.22612
0.31135
0.286304
0.167641
0.0792639
0.662
0.101206
0.202857
0.305367
0.274962
0.14329
0.253872
0.662
0.662
0.362801
0.655678
0.662
0.0908237
0.16779
0.09575
0.227858
0.42919
0.174066
0.124345
0.662
0.509496
0.13876
0.10299
0.0768395
0.341391
0.0986365
0.382643
0.441339
0.125176
0.0968035
0.197802
0.0410209
0.662
0.115173
0.491571
0.572829
0.245059
0.662
0.149469
0.57957
0.662
0.185925
0.339821
0.187651
0.156636
0.396921
0.662
0.210289
0.607247
0.502588
0.0822267
0.151077
0.184205
0.192935
0.0562079
0.273629
0.181909
0.168966
0.219508
0.662
0.058948
0.662
0.336799
0.304356
0.516414
0.127223
0.374404
0.662
0.115187
0.213565
0.277857
0.662
0.208312
0.252338
0.379999
0.644774
0.446972
0.366933
0.0736852
0.662
0.399868
0.662
0.316019
0.110722
0.0235652
0.662
0.662
0.662
0.173188
0.225576
0.185227
0.26918
0.437169
0.616121
0.207368
0.106054
0.287687
0.15797
0.320154
0.306322
0.142515
0.165205
0.496911
0.229
0.224789
0.662
0.274401
0.657334
0.18682
0.115978
0.212584
0.0147057
0.540246
0.108844
0.427584
0.662
0.535134
0.185046
0.139338
0.617585
0.662
0.325648
0.662
0.594423
0.197435
0.383479
0.28605
0.143496
0.434658
0.472219
0.662
0.196129
0.437773
0.178595
0.106579
0.229361
0.662
0.22834
0.662
0.364057
0.122485
0.122559
0.110348
0.662
0.260604
0.662
0.587353
0.260674
0.353176
0.122127
0.0730503
0.232514
0.258984
0.657116
0.0788995
0.323999
0.208014
0.2168
0.447056
0.662
0.202294
0.158928
0.0877501
0.389599
0.536313
0.111056
0.24312
0.410429
0.253217
0.37997
0.160464
0.15683
0.129834
0.554519
0.00231811
0.214807
0.662
0.0949613
0.434344
0.110137
0.121716
0.102422
0.612476
0.460032
0.662
0.2056
0.0951885
0.203718
0.56771
0.276469
0.270445
0.662
0.662
0.0931575
0.662
0.159357
0.173212
0.227265
0.0163788
0.662
0.662
0.197517
0.353988
0.184987
0.662
0.450679
0.470558
0.0861889
0.662
0.374144
0.465249
0.227931
0.0467393
0.218304
0.203966
0.179746
0.340964
0.662
0.452832
0.662
0.662
0.101584
0.0434885
0.554373
0.0503618
0.453525
0.484266
0.321188
0.381527
0.0940723
0.378911
0.232948
0.365692
0.662
0.240985
0.118911
0.402385
0.0856486
0.662
0.190314
0.562852
0.0114493
0.200105
0.145462
0.0976271
0.347795
0.298801
0.180326
0.0653767
0.662
0.34357
0.213432
0.286586
0.662
0.464912
0.259074
0.662
0.4757
0.247099
0.0360152
0.520094
0.42433
0.271017
0.0853804
0.0718955
0.662
0.0361629
0.542784
0.662
0.662
0.662
0.368811
0.279813
0.138074
0.0642305
0.622809
0.280766
0.662
0.425535
0.420603
0.323272
0.262877
0.034282
0.27216
0.11148
0.325512
0.662
0.0957341
0.662
0.284754
0.662
0.450349
0.619184
0.0468342
0.0735127
0.112579
0.0792258
0.0907101
0.662
0.135346
0.662
0.239413
0.112421
0.204307
0.404607
0.34664
0.154319
0.196488
0.0301674
0.308198
0.662
0.121779
0.232941
0.429281
0.219527
0.248315
0.492818
0.565441
0.346721
0.662
0.0494737
0.554829
0.535239
0.118133
0.648775
0.632444
0.175192
0.662
0.662
0.0565888
0.544343
0.0909596
0.315646
0.340584
0.278696
0.205197
0.223352
0.56432
0.432738
0.0723143
0.539762
0.142605
0.195512
0.206811
0.0683575
0.0465617
0.44408
0.662
0.111452
0.0768882
0.662
0.0134956
0.117082
0.381348
0.0496178
0.651739
0.410867
0.662
0.109656
0.030871
0.298
0.0934656
0.662
0.585844
0.354828
0.213262
0.307944
0.0582108
0.141966
0.662
0.452561
0.340527
0.191881
0.444548
0.00707697
0.302015
0.662
0.662
0.268504
0.0157168
0.0132647
0.662
0.0712693
0.0382701
0.210768
0.241603
0.491141
0.0408077
0.662
0.244082
0.287133
0.201641
0.171638
0.351616
0.192084
0.457665
0.662
0.426243
0.429581
0.228048
0.662
0.115581
0.13951
0.138421
0.474068
0.662
0.0294156
0.218331
0.280945
0.503482
0.196789
0.139961
0.0572451
0.0974062
0.662
0.259913
0.662
0.407793
0.205877
0.217093
0.0642183
0.171024
0.633381
0.164419
0.662
0.662
0.0042621
0.291808
0.102208
0.330381
0.423996
0.662
0.662
0.33238
0.22804
0.568802
0.111052
0.125365
0.580027
0.530611
0.662
0.0788691
0.662
0.0887131
0.662
0.662
0.0521674
0.032798
0.662
0.254382
0.518807
0.114836
0.0415225
0.114016
0.0730151
0.270956
0.0517769
0.0503312
0.452022
0.662
0.0742017
0.0995965
0.547603
0.0850853
0.260135
0.0864876
0.345975
0.662
0.482404
0.302429
0.0535132
0.447148
0.0185
0.285247
0.378341
0.588209
0.217894
0.262155
0.203126
0.250953
0.151816
0.662
0.508723
0.143725
0.0846301
0.142691
0.662
0.293029
0.147003
0.309963
0.228167
0.175872
0.281335
0.147785
0.297545
0.26187
0.180987
0.662
0.280204
0.11356
0.662
0.202867
0.121539
0.354944
0.662
0.105943
0.461623
0.370532
0.394128
0.232765
0.156151
0.439611
0.132586
0.222555
0.18695
0.202742
0.117754
0.446012
0.657825
0.31049
0.161547
0.130871
0.169247
0.0673938
0.176886
0.662
0.617684
0.510867
0.662
0.149116
0.291107
0.378325
0.355506
0.662
0.243135
0.662
0.17884
0.662
0.139898
0.662
0.122413
0.255729
0.434389
0.222771
0.662
0.0769577
0.448277
0.545346
0.125238
0.0103391
0.662
0.395242
0.250904
0.297316
0.279979
0.0905319
0.0745994
0.0431786
0.662
0.284834
0.251655
0.13211
0.135935
0.0183938
0.046428
0.012958
0.043084
0.0492873
0.102409
0.662
0.347437
0.192834
0.434741
0.0407751
0.636509
0.662
0.284367
0.0669974
0.399728
0.662
0.546512
0.395225
0.0944963
0.0743725
0.285536
0.171249
0.662
0.494123
0.500748
0.291802
0.075012
0.374163
0.334712
0.662
0.427965
0.334803
0.239636
0.408715
0.662
0.471884
0.49329
0.0532437
0.317574
0.108891
0.0848853
0.154477
0.662
0.107026
0.296679
0.375018
0.243966
0.2931
0.222143
0.600053
0.402283
0.301292
0.262691
0.316975
0.573779
0.315721
0.582701
0.189581
0.454858
0.383966
0.662
0.201903
0.662
0.662
0.245669
0.243583
0.662
0.19729
0.347902
0.251367
0.104969
0.554007
0.395178
0.0398392
0.218105
0.662
0.423015
0.50172
0.662
0.443574
0.662
0.148892
0.335985
0.662
0.430488
0.115746
0.662
0.328461
0.281627
0.662
0.104831
0.258751
0.635394
0.662
0.0606372
0.0864191
0.0470158
0.424876
0.0998827
0.662
0.662
0.0509187
0.662
0.106804
0.662
0.127455
0.260469
0.218706
0.662
0.346521
0.662
0.08614
0.308613
0.174534
0.140687
0.0712474
0.162952
0.197814
0.662
0.662
0.0860418
0.0709725
0.370231
0.257123
0.472543
0.506922
0.284937
0.0205873
0.244417
0.662
0.112101
0.662
0.110442
0.380005
0.183837
0.125325
0.484524
0.327339
0.0300217
0.1996
0.262063
0.230988
0.0247154
0.18807
0.0525024
0.192178
0.197106
0.171224
0.407117
0.662
0.240593
0.441304
0.104597
0.37939
0.315359
0.166795
0.181635
0.132371
0.273754
0.151679
0.638869
0.662
0.439095
0.00722193
0.134735
0.0625849
0.345563
0.0798335
0.101103
0.0312369
0.351276
0.662
0.10991
0.218345
0.138387
0.218552
0.662
0.235318
0.0835772
0.17451
0.0937253
0.104266
0.235052
0.0660574
0.0582419
0.173372
0.0782471
0.398909
0.199195
0.337981
0.106991
0.275156
0.309362
0.339552
0.184542
0.618455
0.662
0.0814373
0.662
0.294449
0.662
0.0881912
0.247354
0.270528
0.314001
0.075527
0.296144
0.14262
0.234734
0.0235788
0.120365
0.0646839
0.375757
0.662
0.0531845
0.0908635
0.662
0.244567
0.0747033
0.105078
0.258686
0.662
0.358783
0.143277
0.103418
0.230616
0.662
0.662
0.662
0.454059
0.0646689
0.547096
0.059449
0.662
0.306342
0.662
0.662
0.256817
0.662
0.0567999
0.662
0.662
0.588227
0.190039
0.0141582
0.490715
0.341933
0.0537127
0.662
0.00151382
0.514706
0.662
0.662
0.662
0.00297798
0.442317
0.0787693
0.0921622
0.116665
0.271187
0.262864
0.295502
0.20764
0.194114
0.132825
0.21668
0.494187
0.402205
0.0494896
0.0760055
0.0787429
0.662
0.180681
0.662
0.364323
0.061685
0.0667974
0.396647
0.630262
0.0940366
0.5749
0.662
0.45889
0.662
0.181418
0.662
0.00495239
0.359885
0.0216792
0.115712
0.3885
0.662
0.662
0.26057
0.662
0.391064
0.233886
0.662
0.271204
0.310325
0.662
0.662
0.10147
0.563901
0.662
0.662
0.0509304
0.662
0.127137
0.26032
0.582455
0.0547115
0.662
0.0483195
0.662
0.249099
0.277369
0.102556
0.457032
0.262596
0.662
0.662
0.300471
0.255171
0.254063
0.205837
0.161468
0.122671
0.141956
0.610788
0.212885
0.662
0.662
0.275963
0.662
0.467188
0.614938
0.258381
0.624431
0.265245
0.2367
0.192604
0.085667
0.15323
0.101683
0.314308
0.328923
0.558961
0.245344
0.10736
0.0712001
0.536382
0.329102
0.170929
0.662
0.455347
0.167731
0.0627785
0.62674
0.662
0.193525
0.662
0.37878
0.0774912
0.111867
0.131811
0.129294
0.662
0.662
0.127829
0.604426
0.00802474
0.662
0.00608896
0.416557
0.552788
0.662
0.42025
0.135726
0.662
0.245011
0.0491378
0.402581
0.662
0.662
0.254872
0.460707
0.178595
0.662
0.0609915
0.362727
0.350573
0.449967
0.431928
0.11331
0.399623
0.662
0.11085
0.141981
0.222196
0.314023
0.298957
0.562846
0.131522
0.662
0.173362
0.662
0.157622
0.183116
0.49144
0.0145752
0.421478
0.27785
0.0555677
0.40502
0.0500149
0.199655
0.387804
0.662
0.070758
0.100895
0.270204
0.21007
0.432907
0.0915545
0.422578
0.342147
0.226314
0.662
0.100149
0.11892
0.00985887
0.149096
0.662
0.247976
0.322389
0.109031
0.033774
0.662
0.0147269
0.253272
0.0955636
0.65879
0.155063
0.0499446
0.184656
0.662
0.15027
0.662
0.221984
0.125909
0.358389
0.103088
0.0951541
0.225656
0.25516
0.224108
0.323975
0.137159
0.531928
0.139874
0.360014
0.116127
0.520679
0.662
0.465164
0.081167
0.662
0.126916
0.238323
0.0761594
0.0799244
0.247819
0.425796
0.451191
0.060884
0.124666
0.349576
0.119115
0.482714
0.662
0.662
0.106201
0.258141
0.456916
0.662
0.662
0.515519
0.156271
0.662
0.277505
0.662
0.204986
0.662
0.172213
0.662
0.662
0.662
0.112619
0.629386
0.0926328
0.662
0.121964
0.302133
0.38504
0.247318
0.421815
0.228502
0.122502
0.124934
0.225506
0.205895
0.238105
0.240483
0.0696318
0.662
0.116185
0.662
0.4704
0.268815
0.332305
0.662
0.060303
0.284161
0.662
0.0838809
0.118324
0.223917
0.200098
0.662
0.136587
0.246574
0.601138
0.0445746
0.469546
0.0900504
0.662
0.662
0.193568
0.123742
0.0458987
0.420413
0.524922
0.151501
0.0982707
0.41144
0.0413253
0.662
0.662
0.220587
0.361231
0.361115
0.662
0.42467
0.0917399
0.54529
0.328842
0.302264
0.190194
0.287972
0.13096
0.0201666
0.0453932
0.207924
0.214938
0.130079
0.169268
0.662
0.0214338
0.126335
0.247772
0.0769461
0.23269
0.0849205
0.311623
0.0175
0.662
0.614489
0.240179
0.311677
0.662
0.433655
0.0800391
0.217249
0.0557097
0.203429
0.200673
0.151659
0.0973188
0.662
0.662
0.218434
0.263537
0.662
0.0832292
0.179846
0.662
0.240894
0.233056
0.344065
0.378101
0.267292
0.369755
0.406624
0.227735
0.662
0.165837
0.371894
0.317936
0.205486
0.662
0.662
0.405398
0.178824
0.22057
0.213078
0.293173
0.662
0.662
0.145021
0.484283
0.326137
0.615103
0.308285
0.662
0.16204
0.433397
0.173657
0.517064
0.134256
0.590767
0.401812
0.088666
0.0798
0.395634
0.0717428
0.532191
0.0736237
0.12992
0.220434
0.662
0.282563
0.318646
0.205342
0.662
0.0632149
0.362244
0.102963
0.443828
0.341472
0.338241
0.43615
0.420856
0.0496345
0.194421
0.662
0.155772
0.202805
0.527773
0.292922
0.662
0.0978342
0.239553
0.394401
0.588296
0.452366
0.662
0.662
0.340503
0.202827
0.1558
0.0790818
0.662
0.326664
0.423333
0.105072
0.360384
0.210065
0.161229
0.585746
0.566983
0.267414
0.253197
0.633391
0.162684
0.123996
0.318312
0.0115599
0.662
0.0170725
0.338936
0.192076
0.662
0.472099
0.324524
0.662
0.662
0.434232
0.249628
0.121699
0.517721
0.483188
0.662
0.145525
0.142333
0.159502
0.0762785
0.0780327
0.266331
0.662
0.239598
0.18101
0.662
0.204891
0.332129
0.209714
0.641603
0.662
0.385199
0.662
0.232416
0.218953
0.376864
0.225006
0.014727
0.598367
0.662
0.122909
0.0445501
0.0272425
0.110189
0.316974
0.144853
0.324013
0.295282
0.0128543
0.349724
0.257355
0.526346
0.662
0.219397
0.107733
0.4118
0.149541
0.662
0.0551515
0.0472802
0.0996262
0.162664
0.602996
0.113913
0.0934566
0.0769079
0.28557
0.180808
0.602916
0.662
0.135859
0.459852
0.536552
0.129029
0.247469
0.265105
0.0687049
0.662
0.375685
0.253047
0.0331184
0.266993
0.105914
0.662
0.0906364
0.662
0.222952
0.344479
0.463331
0.0340161
0.259324
0.662
0.662
0.13602
0.211827
0.662
0.177666
0.209962
0.662
0.21252
0.662
0.662
0.0633015
0.662
0.632962
0.477502
0.0916786
0.452787
0.624547
0.662
0.06522
0.319832
0.574294
0.129114
0.449761
0.662
0.177641
0.374051
0.459668
0.601768
0.0706938
0.283982
0.346461
0.144226
0.130644
0.127965
0.662
0.662
0.518387
0.0600526
0.461474
0.32135
0.100056
0.35484
0.377697
0.0878018
0.0618366
0.102584
0.342843
0.213949
0.629178
0.226994
0.278786
0.198184
0.47945
0.501422
0.172805
0.662
0.313029
0.662
0.066495
0.181996
0.244013
0.180434
0.322605
0.200653
0.662
0.0507093
0.662
0.0192777
0.278157
0.187136
0.299479
0.229853
0.284357
0.440924
0.407166
0.607852
0.554476
0.136178
0.349603
0.662
0.575493
0.582741
0.146205
0.266589
0.275743
0.294748
0.662
0.662
0.54879
0.114481
0.318709
0.416053
0.218777
0.31174
0.456688
0.382297
0.502892
0.0980977
0.353417
0.189959
0.186352
0.263292
0.480315
0.283564
0.366719
0.216741
0.137967
0.227695
0.0770207
0.357713
0.132191
0.0996662
0.168962
0.662
0.601069
0.193617
0.253631
0.388456
0.556365
0.321279
0.203417
0.284163
0.0264516
0.065273
0.662
0.118989
0.126604
0.36721
0.479668
0.662
0.278152
0.113998
0.23842
0.00486421
0.662
0.0538032
0.202969
0.105865
0.662
0.577538
0.662
0.0995045
0.346613
0.662
0.1447
0.158207
0.560907
0.662
0.313964
0.181351
0.310036
0.0881563
0.187454
0.662
0.137439
0.472885
0.51689
0.0612991
0.578433
0.662
0.444724
0.083382
0.662
0.662
0.550324
0.181614
0.215776
0.265428
0.25153
0.544411
0.535301
0.662
0.323213
0.497957
0.104695
0.308579
0.428414
0.0983997
0.460722
0.499597
0.0503717
0.568658
0.341139
0.437047
0.266314
0.196064
0.341671
0.0600676
0.662
0.370592
0.169769
0.662
0.108035
0.0756885
0.0897427
0.133997
0.566699
0.414433
0.662
0.24536
0.662
0.194522
0.576683
0.110209
0.662
0.133831
0.662
0.0362074
0.115434
0.342774
0.504538
0.662
0.662
0.0691364
0.231176
0.662
0.139218
0.173193
0.377091
0.41788
0.354841
0.320415
0.114291
0.210578
0.0802589
0.10191
0.502671
0.662
0.662
0.373192
0.662
0.662
0.357813
0.487574
0.0907194
0.220316
0.255251
0.24024
0.168863
0.131926
0.63339
0.662
0.209711
0.662
0.286336
0.0813307
0.235045
0.211848
0.438145
0.662
0.0971928
0.0795393
0.183617
0.662
0.0409296
0.662
0.207264
0.0689721
0.303139
0.662
0.445031
0.429952
0.354297
0.128332
0.198519
0.0741531
0.15129
0.135575
0.567916
0.32389
0.150897
0.497605
0.232964
0.0712079
0.629917
0.629887
0.051762
0.4202
0.271888
0.662
0.463542
0.559943
0.662
0.573126
0.469803
0.662
0.662
0.662
0.201128
0.396258
0.369399
0.377278
0.18101
0.662
0.485077
0.213026
0.572397
0.28881
0.0630704
0.327249
0.331088
0.484474
0.479503
0.406634
0.0685817
0.452278
0.662
0.0866565
0.662
0.189233
0.634713
0.156341
0.191904
0.272713
0.614504
0.31273
0.587216
0.530314
0.257466
0.196182
0.376922
0.46825
0.237416
0.409648
0.141537
0.0625099
0.17641
0.375587
0.0878966
0.662
0.504057
0.662
0.562114
0.662
0.356872
0.0936818
0.662
0.115599
0.221662
0.657754
0.175775
0.124564
0.602782
0.662
0.662
0.140547
0.0620074
0.284024
0.662
0.196242
0.662
0.58315
0.321562
0.662
0.309603
0.415761
0.394829
0.147216
0.513461
0.161836
0.662
0.0631394
0.297566
0.166313
0.336503
0.223362
0.0829321
0.26533
0.132783
0.546599
0.0451708
0.228725
0.0837907
0.148604
0.0291323
0.228461
0.202361
0.410172
0.13855
0.662
0.627906
0.662
0.446587
0.662
0.481937
0.579345
0.272134
0.319847
0.178145
0.662
0.148804
0.662
0.410909
0.161238
0.662
0.402452
0.100518
0.0994478
0.375116
0.532838
0.344073
0.662
0.120153
0.0541013
0.662
0.467771
0.00978835
0.566617
0.112118
0.626942
0.115984
0.104063
0.193553
0.662
0.226993
0.0263049
0.662
0.102907
0.176184
0.183122
0.100715
0.442125
0.350968
0.111461
0.149688
0.146406
0.427122
0.662
0.0782976
0.368165
0.453677
0.115335
0.1005
0.662
0.0270806
0.662
0.626502
0.0191885
0.39983
0.220046
0.214869
0.135167
0.662
0.158102
0.662
0.588019
0.575489
0.662
0.416989
0.237865
0.0571893
0.0843898
0.0753465
0.662
0.226671
0.531419
0.205656
0.662
0.438232
0.0752923
0.142443
0.304302
0.278861
0.110163
0.384515
0.255586
0.662
0.314895
0.27329
0.299759
0.100152
0.0973217
0.499589
0.34348
0.381864
0.469764
0.113153
0.200756
0.154065
0.0553249
0.29748
0.119198
0.662
0.234477
0.317979
0.662
0.154848
0.233655
0.27763
0.468648
0.128676
0.256001
0.118197
0.435192
0.662
0.123594
0.662
0.286312
0.662
0.267821
0.211805
0.662
0.365048
0.319002
0.476127
0.217533
0.215686
0.0746713
0.197101
0.178438
0.344765
0.0994254
0.0242693
0.0501291
0.637619
0.629763
0.234102
0.580151
0.0628142
0.662
0.147225
0.35847
0.602381
0.62855
0.662
0.148704
0.237296
0.251127
0.0854495
0.148921
0.0181211
0.162082
0.390141
0.146469
0.04131
0.561391
0.0872117
0.0499061
0.0975635
0.612017
0.356845
0.476489
0.601811
0.305414
0.276661
0.662
0.313232
0.662
0.0143778
0.662
0.0162098
0.0713515
0.314003
0.0571064
0.170127
0.662
0.216369
0.662
0.662
0.30819
0.199552
0.346151
0.322005
0.107477
0.209827
0.662
0.049629
0.0911598
0.636602
0.662
0.0836961
0.633592
0.271327
0.268004
0.662
0.0870675
0.662
0.662
0.212205
0.511187
0.205259
0.200257
0.280614
0.662
0.139764
0.662
0.496205
0.0736958
0.159981
0.197328
0.188681
0.662
0.066613
0.662
0.114876
0.237797
0.0912751
0.35855
0.548225
0.0736096
0.662
0.155406
0.662
0.662
0.0768769
0.36732
0.155135
0.161633
0.314002
0.662
0.662
0.216428
0.0608907
0.159411
0.258831
0.30606
0.197952
0.0178691
0.261937
0.205322
0.662
0.662
0.239387
0.319704
0.662
0.312963
0.276869
0.25657
0.0652507
0.662
0.0129714
0.172412
0.331005
0.314008
0.266416
0.662
0.139834
0.0842082
0.156192
0.406708
0.428314
0.57579
0.662
0.662
0.000951923
0.113074
0.343807
0.662
0.662
0.393489
0.304124
0.662
0.629763
0.173426
0.396757
0.305232
0.662
0.0402221
0.320198
0.474646
0.662
0.662
0.211869
0.362848
0.565071
0.558713
0.586241
0.160818
0.433948
0.318161
0.0931022
0.662
0.193359
0.274669
0.0603926
0.583388
0.334869
0.21329
0.662
0.277576
0.213874
0.219598
0.662
0.662
0.208038
0.662
0.141263
0.0628556
0.662
0.149742
0.120843
0.277866
0.176248
0.115295
0.266216
0.184347
0.386513
0.142308
0.214967
0.245268
0.662
0.662
0.382333
0.194495
0.159785
0.135169
0.149238
0.140952
0.662
0.662
0.116743
0.102564
0.154407
0.147937
0.181036
0.00641226
0.662
0.662
0.233376
0.0924617
0.117895
0.0618539
0.269658
0.124829
0.375132
0.662
0.271874
0.662
0.662
0.558564
0.330386
0.44435
0.0472322
0.171724
0.599595
0.554599
0.419037
0.662
0.167222
0.459147
0.138592
0.662
0.315959
0.432589
0.601977
0.662
0.662
0.133102
0.521076
0.662
0.119967
0.0379742
0.662
0.283943
0.192183
0.443231
0.662
0.0816152
0.547017
0.156519
0.18128
0.16134
0.176463
0.662
0.087079
0.408182
0.52535
0.0497566
0.662
0.662
0.0899109
0.357931
0.477835
0.170946
0.662
0.199825
0.399534
0.258635
0.123762
0.662
0.662
0.218866
0.172476
0.125062
0.0847625
0.321951
0.662
0.00805939
0.662
0.574061
0.0643153
0.0584396
0.104759
0.059556
0.299161
0.16614
0.457312
0.148648
0.662
0.0707989
0.0459637
0.204412
0.000981674
0.112735
0.339511
0.662
0.348003
0.237817
0.164084
0.159131
0.160319
0.107252
0.066688
0.662
0.197131
0.559467
0.00055481
0.210608
0.2439
0.662
0.21242
0.662
0.662
0.204477
0.0175259
0.378269
0.388073
0.267128
0.100784
0.0306972
0.230174
0.120122
0.370818
0.0742116
0.315587
0.662
0.180147
0.282819
0.199625
0.191716
0.302552
0.150709
0.662
0.442338
0.271305
0.379728
0.187444
0.605124
0.041283
0.662
0.0703109
0.0130804
0.024926
0.0659271
0.301615
0.525534
0.662
0.147111
0.237373
0.662
0.0789794
0.662
0.0678786
0.270232
0.461497
0.139532
0.275286
0.206324
0.263874
0.662
0.0659854
0.662
0.116155
0.662
0.341422
0.662
0.33491
0.523827
0.465761
0.200084
0.190554
0.150028
0.423996
0.438866
0.321159
0.643432
0.126574
0.304367
0.0129102
0.457147
0.662
0.16162
0.528111
0.176658
0.262197
0.231632
0.143267
