0.120581
0.643814
0.102156
0.0941732
0.021974
0.0815619
0.0291679
0.272414
0.590012
0.0587389
0.177917
0.111788
0.399984
0.054155
0.610458
0.087592
0.169416
0.662
0.293851
0.604699
0.106282
0.0494251
0.237795
0.339497
0.0890336
0.0626589
0.0348337
0.090697
0.0364321
0.214723
0.177343
0.0769869
0.166777
0.125101
0.197946
0.375175
0.574583
0.114593
0.590821
0.481352
0.395708
0.157413
0.429816
0.0144186
0.630307
0.463342
0.097308
0.184171
0.173926
0.349519
0.188198
0.14393
0.0753468
0.407363
0.0935741
0.425249
0.475623
0.438194
0.0623283
0.35545
0.228606
0.657021
0.0606446
0.617258
0.164037
0.423382
0.209412
0.0716871
0.432119
0.397001
0.635696
0.0834685
0.656478
0.0985011
0.404746
0.396614
0.391697
0.140047
0.130329
0.0738597
0.461341
0.653468
0.662
0.453733
0.214331
0.0887947
0.141155
0.440033
0.100529
0.641977
0.279321
0.38542
0.0530667
0.023323
0.168416
0.577628
0.0601511
0.182834
0.0825736
0.353568
0.306904
0.135305
0.416967
0.160635
0.0350425
0.141192
0.156774
0.240433
0.240859
0.624285
0.0326581
0.0426979
0.394201
0.277299
