0.0830347
0.170137
0.409209
0.247815
0.0162607
0.504702
0.497422
0.123808
0.111712
0.32629
0.204112
0.0837021
0.184522
0.0690228
0.104544
0.18861
0.028203
0.0695357
0.662
0.0135522
0.662
0.176694
0.427993
0.0894941
0.178038
0.662
0.662
0.322812
0.64681
0.662
0.518783
0.091278
0.152709
0.486817
0.185081
0.306246
0.116798
0.0285552
0.178245
0.483234
0.341317
0.394149
0.662
0.233475
0.185874
0.0733707
0.0594248
0.541662
0.217546
0.326926
0.0340012
0.662
0.101886
0.346889
0.662
0.1256
0.0894824
0.202737
0.662
0.161553
0.414006
0.168
0.329837
0.662
0.394082
0.0717382
0.0462497
0.662
0.662
0.105826
0.486778
0.0789863
0.657761
0.335965
0.138539
0.662
0.408174
0.463098
0.227236
0.331683
0.0702175
0.182246
0.251615
0.0672308
0.145582
0.147991
0.0287119
0.145268
0.0269991
0.210494
0.511531
0.259405
0.218113
0.0919726
0.167403
0.163439
0.221753
0.156382
0.124179
0.0141329
0.407856
0.239648
0.275411
0.180535
0.207565
0.0593384
0.0643633
0.0521761
0.237425
0.089024
0.0699541
0.110638
0.352024
0.068189
0.401604
0.481559
0.139013
0.425606
0.129064
0.565748
0.400297
0.0287426
0.109601
0.0442525
0.273736
0.117079
0.662
0.149186
0.662
0.233722
0.142204
0.429033
0.371706
0.292441
0.114488
0.178111
0.662
0.0777602
0.125372
0.08914
0.0756598
0.243185
0.204426
0.376983
0.168545
0.215526
0.610739
0.00278667
0.229881
0.163584
0.247094
0.23619
0.202836
0.118501
0.106123
0.267067
0.31494
0.662
0.113333
0.230721
0.0604098
0.662
0.311843
0.0764344
0.0782136
0.101839
0.19226
0.145512
0.5058
0.223471
0.189443
0.324536
0.097929
0.108056
0.552323
0.662
0.243122
0.121381
0.342295
0.662
0.356854
0.662
0.0573682
0.170937
0.377908
0.226211
0.259631
0.119963
0.210738
0.180524
0.204783
0.104017
0.126519
0.0900751
0.593281
0.0798208
0.398733
0.662
0.19955
0.0769537
0.0909126
0.564169
0.647554
0.382887
0.559301
0.0872425
0.119853
0.662
0.0907191
0.0961061
0.119827
0.30941
0.0783247
0.483485
0.215957
0.109465
0.662
0.346659
0.363737
0.158311
0.0519207
0.428521
0.113486
0.112331
0.0942036
0.608972
0.662
0.159791
0.0535841
0.546659
0.401872
0.571971
0.0715988
0.107556
0.458578
0.175473
0.554106
0.0453972
0.373847
0.358682
0.00864831
0.0592921
0.191947
0.482682
0.662
0.105329
0.117844
0.662
0.662
0.0664073
0.0839526
0.101996
0.249883
0.662
0.509111
0.0595091
0.565033
0.662
0.138876
0.10721
0.281653
0.118274
0.203769
0.202011
0.0071241
0.0449856
0.610525
0.412352
0.109824
0.436766
0.0321778
0.114384
0.121613
0.40722
0.0437843
0.475323
0.17767
0.0797898
0.410147
0.0246939
0.381022
0.662
0.0974026
0.0545879
0.122722
0.463975
0.413039
0.00877563
0.33802
0.408181
0.0770799
0.0988783
0.602627
0.411709
0.338968
0.662
0.662
0.20805
0.158838
0.0825969
0.0996396
0.265449
0.0173033
0.0756233
0.141312
0.280178
0.370215
0.0788424
0.382971
0.0912115
0.341842
0.105692
0.0961236
0.415628
0.0247838
0.140094
0.421863
0.12698
0.0756794
0.0260014
0.632002
0.420943
0.236786
0.170112
0.526977
0.210564
0.536009
0.109816
0.156989
0.124674
0.47048
0.111702
0.10896
0.275608
0.0707708
0.113616
0.0948609
0.595532
0.115731
0.0352722
0.0262087
0.172503
0.627041
0.340277
0.320432
0.662
0.216493
0.0608156
0.110968
0.116543
0.662
0.114819
0.246221
0.31721
0.101068
0.662
0.0906959
0.205186
0.64007
0.260853
0.254414
0.327852
0.0843151
0.402536
0.55606
0.100259
0.137709
0.220249
0.304917
0.0284892
0.299591
0.0993212
0.416074
0.444585
0.105695
0.0780013
0.151734
0.250298
0.293704
0.144094
0.2728
0.594545
0.150345
0.174464
0.0648753
0.662
0.0832398
0.480073
0.455843
0.438125
0.322528
0.291629
0.292176
0.243051
0.0845915
0.0685866
0.272404
0.45854
0.239398
0.15558
0.0821343
0.25612
0.259527
0.0756818
0.662
0.190623
0.0672467
0.168957
0.103939
0.180301
0.429842
0.0218197
0.498754
0.288413
0.378109
0.0961455
0.662
0.0873808
0.662
0.662
0.629765
0.108822
0.123783
0.406997
0.07634
0.356987
0.24107
0.662
0.113569
0.342646
0.209829
0.329732
0.150645
0.125457
0.300579
0.0366523
0.175621
0.662
0.106791
0.0940483
0.606357
0.139002
0.411938
0.662
0.0904236
0.411166
0.577344
0.155918
0.0813531
0.662
0.283182
0.168813
0.528817
0.333777
0.269437
0.551382
0.0351715
0.353181
0.197709
0.662
0.044197
0.636821
0.575431
0.310578
0.154248
0.232875
0.46461
0.0800069
0.366072
0.159768
0.25454
0.0769916
0.0489254
0.112118
0.129769
0.120166
0.0454043
0.210012
0.233206
0.0977268
0.447804
0.0813102
0.662
0.0487885
0.139357
0.271764
0.057396
0.523368
0.132347
0.124377
0.0102843
0.662
0.662
0.280968
0.341301
0.262388
0.106187
0.154739
0.339448
0.056963
0.194271
0.0275722
0.0379559
0.401607
0.195478
0.143001
0.441843
0.109837
0.0463579
0.0296365
0.297955
0.0568757
0.0122809
0.331555
0.054098
0.29578
0.189262
0.234218
0.662
0.534951
0.662
0.0785416
0.0629874
0.662
0.201364
0.0639738
0.511939
0.138133
0.530716
0.305037
0.0941459
0.296841
0.0544862
0.0788335
0.24324
0.169057
0.0392251
0.115518
0.459397
0.191086
0.662
0.0559854
0.289406
0.242861
0.546729
0.0703458
0.162709
0.533962
0.229732
0.291718
0.384835
0.241033
0.468629
0.258758
0.172156
0.278878
0.0989795
0.202961
0.234918
0.585904
0.196888
0.0646193
0.0249118
0.146886
0.178288
0.322149
0.662
0.183291
0.531145
0.337002
0.392021
0.425248
0.404413
0.0412299
0.168842
0.248966
0.488907
0.161115
0.0866104
0.479247
0.0762248
0.662
0.0291306
0.662
0.0724357
0.583545
0.0532735
0.63634
0.279604
0.195978
0.106805
0.662
0.139504
0.491899
0.048378
0.12611
0.0825126
0.22471
0.423003
0.144634
0.344071
0.0833406
0.541093
0.383127
0.231709
0.224993
0.425812
0.180293
0.152345
0.662
0.186977
0.224808
0.166641
0.194422
0.467576
0.274166
0.662
0.448149
0.662
0.0700775
0.662
0.152042
0.486954
0.662
0.662
0.199323
0.200454
0.600626
0.156529
0.14249
0.285393
0.0149255
0.11988
0.467547
0.067921
0.647309
0.291001
0.662
0.120887
0.109258
0.203904
0.445507
0.19257
0.117699
0.0412377
0.189916
0.0978114
0.204656
0.146026
0.118359
0.552698
0.325016
0.158536
0.148433
0.0285152
0.202929
0.662
0.360303
0.662
0.662
0.128544
0.0988714
0.393572
0.105117
0.0714145
0.100781
0.111513
0.0938009
0.169905
0.321463
0.217936
0.0603235
0.470587
0.169169
0.135957
0.177839
0.121246
0.0866612
0.210252
0.500454
0.0976501
0.371242
0.18451
0.134959
0.334573
0.0964779
0.186743
0.108518
0.347092
0.0677424
0.253715
0.327226
0.195797
0.0684836
0.292543
0.367114
0.144106
0.507994
0.662
0.0686017
0.332691
0.400632
0.465296
0.629933
0.373611
0.14449
0.0560219
0.348649
0.133778
0.243976
0.662
0.291279
0.139257
0.278981
0.0763773
0.394669
0.00891233
0.19566
0.0607104
0.268473
0.168497
0.662
0.641348
0.662
0.080227
0.271643
0.0913717
0.250384
0.435976
0.215745
0.121354
0.16119
0.20252
0.234576
0.118247
0.30868
0.662
0.634089
0.049606
0.218867
0.147266
0.145045
0.197145
0.139228
0.191289
0.187474
0.268233
0.210463
0.543433
0.0693731
0.407113
0.104818
0.0442147
0.0675351
0.0421288
0.662
0.662
0.133692
0.408781
0.561032
0.0904189
0.452652
0.655371
0.361064
0.292808
0.286804
0.151749
0.35975
0.0832648
0.662
0.163797
0.0332963
0.156629
0.662
0.0550373
0.220504
0.201967
0.662
0.59564
0.0526276
0.449982
0.0563656
0.103294
0.417735
0.202796
0.214721
0.446839
0.180042
0.200249
0.662
0.00778889
0.0389509
0.305421
0.250581
0.128999
0.0326105
0.0695649
0.046451
0.235246
0.557876
0.134159
0.318223
0.0950982
0.26008
0.0966708
0.662
0.011403
0.0275079
0.0946626
0.306815
0.125049
0.573264
0.143024
0.107899
0.428526
0.22104
0.0887216
0.101695
0.0315676
0.12837
0.536797
0.571341
0.380069
0.0635875
0.00670051
0.0660993
0.662
0.409651
0.135886
0.146687
0.17284
0.36597
0.0447692
0.0303425
0.342436
0.619349
0.292313
0.274441
0.0627414
0.103786
0.305075
0.0310399
0.0441176
0.15205
0.328113
0.228663
0.00833121
0.319764
0.387066
0.0787012
0.222844
0.257214
0.662
0.160344
0.245648
0.108686
0.102219
0.0913491
0.195359
0.217167
0.643915
0.0651018
0.372126
0.175214
0.010157
0.0511542
0.258566
0.0758533
0.253246
0.148325
0.550287
0.371533
0.103294
0.111091
0.0443091
0.319001
0.026752
0.189288
0.159973
0.0917634
0.00519506
0.0467138
0.455904
0.179967
0.662
0.0570137
0.662
0.104831
0.662
0.106156
0.457253
0.614669
0.176988
0.157855
0.0797992
0.0826829
0.404284
0.662
0.176541
0.493885
0.212636
0.136176
0.233048
0.0813514
0.485848
0.110569
0.552836
0.632544
0.205252
0.39075
0.34111
0.236172
0.0868964
0.571122
0.267477
0.227978
0.662
0.174896
0.122393
0.208949
0.121486
0.0536107
0.260344
0.301859
0.662
0.0317843
0.11181
0.212173
0.600157
0.662
0.400805
0.611491
0.33244
0.121082
0.122839
0.140299
0.106371
0.451022
0.403588
0.36366
0.372965
0.351676
0.395309
0.116326
0.662
0.121578
0.215346
0.166216
0.230612
0.457593
0.150814
0.525794
0.236285
0.525138
0.24543
0.11698
0.106294
0.502177
0.140333
0.156318
0.0529869
0.188351
0.37636
0.259198
0.0518188
0.0947199
0.388478
0.25435
0.662
0.382327
0.065076
0.0584351
0.0720189
0.271317
0.184427
0.29204
0.354551
0.254219
0.0698816
0.323557
0.509004
0.630824
0.137742
0.193063
0.503067
0.417954
0.662
0.434024
0.0363853
0.0641997
0.153384
0.077739
0.284707
0.107356
0.118843
0.302285
0.127751
0.212595
0.137839
0.662
0.104627
0.129547
0.576087
0.00653285
0.278356
0.244085
0.662
0.126862
0.410957
0.139496
0.0445439
0.172305
0.197391
0.414584
0.163957
0.49212
0.119548
0.0712322
0.514263
0.489474
0.53795
0.198202
0.182763
0.14487
0.193082
0.0564057
0.399421
0.0881542
0.120019
0.0988641
0.151328
0.0811632
0.260158
0.580312
0.155024
0.274623
0.105429
0.0478185
0.304107
0.0487546
0.233325
0.123012
0.434976
0.321173
0.0737718
0.294954
0.185261
0.172065
0.312941
0.10849
0.11718
0.103461
0.165768
0.288037
0.536828
0.0463377
0.583368
0.234246
0.662
0.19591
0.608955
0.426237
0.0655764
0.224489
0.662
0.47676
0.142105
0.464355
0.24984
0.184137
0.178204
0.603472
0.0746357
0.129897
0.662
0.185953
0.662
0.0976179
0.0833548
0.0617667
0.0870684
0.662
0.0921653
0.509489
0.274767
0.123728
0.019729
0.146228
0.454162
0.599211
0.342521
0.587683
0.128028
0.644677
0.197892
0.391756
0.295885
0.490728
0.574188
0.25836
0.459646
0.0621395
0.53592
0.0705046
0.413904
0.194425
0.451843
0.265839
0.382135
0.514248
0.39776
0.0816776
0.188429
0.0930579
0.178848
0.128959
0.2659
0.108574
0.0952491
0.144418
0.0883297
0.285545
0.0770159
0.127061
0.174391
0.103267
0.457266
0.430475
0.134656
0.662
0.565154
0.254708
0.123218
0.289778
0.100265
0.662
0.662
0.0669034
0.662
0.314113
0.0777911
0.339014
0.0713257
0.279176
0.0679291
0.219823
0.086086
0.553664
0.662
0.125326
0.553236
0.078152
0.242772
0.171179
0.0824802
0.140349
0.0709633
0.177249
0.451769
0.377562
0.662
0.10588
0.165446
0.0899346
0.0738124
0.0987849
0.45816
0.400886
0.145012
0.282939
0.424637
0.0982095
0.124455
0.174258
0.157414
0.495963
0.393135
0.200979
0.212733
0.137935
0.662
0.265914
0.0903328
0.459833
0.203866
0.16069
0.0683245
0.0756377
0.128527
0.0478754
0.0986594
0.0453269
0.355148
0.1778
0.148503
0.0469798
0.120843
0.147431
0.0133064
0.157998
0.380921
0.105491
0.131708
0.146051
0.354701
0.377829
0.0357541
0.153008
0.170082
0.000344148
0.298249
0.246245
0.406779
0.360224
0.134247
0.0465977
0.2308
0.115244
0.135682
0.0805786
0.343067
0.641122
0.04939
0.662
0.448586
0.0986712
0.1176
0.0746853
0.0157471
0.662
0.0421501
0.662
0.117997
0.371062
0.126038
0.00904646
0.0999654
0.0979773
0.408327
0.0395431
0.250275
0.242244
0.260777
0.662
0.662
0.651122
0.271368
0.108409
0.151213
0.128989
0.0360163
0.602174
0.230528
0.493916
0.572994
0.0529975
0.150321
0.257023
0.14421
0.417594
0.0124863
0.129061
0.120876
0.662
0.662
0.477829
0.139093
0.160636
0.344281
0.123713
0.10035
0.443594
0.384318
0.172179
0.0794439
0.162732
0.0332194
0.220255
0.264841
0.388754
0.0655554
0.270187
0.336082
0.425654
0.0732296
0.63496
0.392575
0.662
0.616766
0.0268372
0.117688
0.196553
0.114763
0.0889679
0.662
0.1835
0.341959
0.0287028
0.169057
0.182726
0.121259
0.662
0.475457
0.133556
0.342728
0.0869657
0.304992
0.172917
0.127385
0.343329
0.139315
0.370637
0.113879
0.322059
0.0453888
0.662
0.0964586
0.154051
0.0627942
0.186337
0.288141
0.4293
0.298331
0.128555
0.574072
0.662
0.171599
0.375813
0.411568
0.310575
0.0666298
0.274117
0.0870851
0.211162
0.57246
0.424271
0.0859604
0.368389
0.368818
0.286417
0.124218
0.436143
0.576399
0.204342
0.0712655
0.662
0.382339
0.481881
0.161395
0.282989
0.0113268
0.60751
0.298452
0.233383
0.151112
0.311672
0.0613485
0.13878
0.370909
0.0487087
0.25647
0.210877
0.362959
0.19975
0.662
0.320236
0.421972
0.115134
0.0458306
0.662
0.22785
0.116156
0.0260554
0.0902505
0.0754663
0.0463315
0.188581
0.204352
0.291286
0.207775
0.202963
0.0593683
0.180768
0.111691
0.102487
0.0980531
0.270716
0.655831
0.111581
0.0253176
0.11252
0.151757
0.20466
0.054007
0.662
0.453366
0.0916624
0.302062
0.33497
0.113148
0.301058
0.0510013
0.22332
0.0410942
0.23075
0.274906
0.662
0.662
0.232419
0.348908
0.205728
0.106088
0.662
0.310984
0.0686942
0.488239
0.357978
0.662
0.280197
0.475633
0.620523
0.190103
0.339974
0.662
0.142889
0.135092
0.0680264
0.0993016
0.114607
0.103341
0.174828
0.306435
0.662
0.662
0.107931
0.144659
0.160729
0.382542
0.0605539
0.192547
0.385817
0.303226
0.0834743
0.346969
0.0505567
0.0478817
0.0478707
0.157737
0.438216
0.517395
0.49383
0.314484
0.662
0.139275
0.123977
0.0845319
0.338715
0.0322178
0.233313
0.174133
0.0335736
0.0901431
0.422654
0.248093
0.29343
0.0813905
0.15278
0.508046
0.522735
0.221098
0.112977
0.0843162
0.36196
0.662
0.481084
0.138501
0.130084
0.16118
0.174188
0.0300871
0.084251
0.0148748
0.123275
0.662
0.130763
0.209655
0.128681
0.133352
0.45327
0.1822
0.169891
0.239156
0.222542
0.112649
0.513051
0.303382
0.250826
0.662
0.170224
0.317981
0.315813
0.0568096
0.143924
0.115247
0.0509008
0.287384
0.109495
0.259819
0.115015
0.612604
0.044367
0.662
0.662
0.315641
0.28488
0.158535
0.340033
0.192865
0.079927
0.289646
0.489574
0.472727
0.109071
0.434648
0.0736684
0.0954871
0.185189
0.225716
0.397675
0.202174
0.662
0.209441
0.103495
0.540858
0.0970281
0.231926
0.305451
0.662
0.165281
0.0694879
0.280802
0.135303
0.128815
0.106001
0.123928
0.474122
0.0241773
0.163847
0.203317
0.113364
0.305909
0.0320701
0.662
0.341168
0.0708991
0.44236
0.169697
0.194575
0.118989
0.232191
0.445934
0.240635
0.0646845
0.119576
0.415711
0.174576
0.446394
0.209158
0.505972
0.13452
0.383741
0.405243
0.26434
0.074169
0.185645
0.00453984
0.263291
0.170744
0.0213534
0.13838
0.24952
0.21803
0.130259
0.0425953
0.124696
0.199071
0.0681048
0.476444
0.246698
0.662
0.350293
0.463395
0.210392
0.0884583
0.662
0.424449
0.254167
0.662
0.266881
0.124585
0.555807
0.434995
0.0510096
0.569274
0.0529481
0.101655
0.0590009
0.0487975
0.136279
0.158708
0.354413
0.12798
0.39109
0.342887
0.461155
0.629814
0.506379
0.662
0.108335
0.120883
0.449003
0.0920586
0.122821
0.379576
0.22765
0.662
0.662
0.407979
0.147044
0.306123
0.0941115
0.662
0.120225
0.128701
0.192565
0.491724
0.173017
0.662
0.13519
0.127934
0.193593
0.218728
0.421235
0.46158
0.374847
0.210786
0.448341
0.662
0.501972
0.0477972
0.101025
0.0569353
0.126123
0.093208
0.0754499
0.178468
0.358802
0.0846015
0.146315
0.311612
0.0988043
0.42626
0.0609807
0.268771
0.503225
0.224014
0.101693
0.114378
0.269458
0.104515
0.258204
0.0799407
0.0447721
0.122431
0.246154
0.347124
0.349049
0.0528185
0.0906717
0.267564
0.639501
0.19417
0.173634
0.0129563
0.435962
0.0268457
0.350575
0.146384
0.162003
0.27029
0.0651391
0.0562291
0.31184
0.313655
0.0497918
0.0886174
0.278428
0.531521
0.107471
0.155216
0.326428
0.388283
0.0995682
0.126494
0.303637
0.488065
0.0771237
0.236244
0.193417
0.586498
0.358208
0.0603211
0.365841
0.202113
0.0490268
0.0663098
0.280426
0.389016
0.178273
0.51844
0.20914
0.089629
0.187941
0.175247
0.0501369
0.0584856
0.463642
0.585021
0.0570185
0.0198402
0.0918437
0.234115
0.276475
0.0939892
0.0879554
0.0206499
0.146815
0.662
0.206145
0.399999
0.0632828
0.474123
0.249327
0.0692879
0.0798046
0.101168
0.102244
0.0976099
0.124126
0.173109
0.0468821
0.102213
0.121612
0.259048
0.662
0.429215
0.142973
0.181192
0.139123
0.215188
0.255123
0.106166
0.662
0.158798
0.0239846
0.0605516
0.00928072
0.162655
0.127586
0.275471
0.337959
0.116418
0.139455
0.430102
0.0902763
0.487576
0.598472
0.095203
0.0588378
0.104474
0.321006
0.15949
0.377593
0.156459
0.174578
0.566286
0.662
0.146544
0.114751
0.283664
0.184721
0.640307
0.493464
0.662
0.646034
0.120834
0.330657
0.0895731
0.0727769
0.210368
0.0679449
0.213014
0.299332
0.403988
0.0475835
0.221664
0.250247
0.00768239
0.122348
0.0465883
0.126765
0.182248
0.662
0.31793
0.148077
0.0862641
0.398652
0.483396
0.0439599
0.250789
0.182387
0.299628
0.662
0.0995268
0.298188
0.266752
0.105468
0.0315473
0.143312
0.235889
0.321325
0.601739
0.662
0.0310557
0.139241
0.059546
0.623376
0.397002
0.307538
0.662
0.130501
0.072297
0.380085
0.424574
0.662
0.0578437
0.585873
0.607016
0.233175
0.210611
0.247483
0.0488705
0.387048
0.320319
0.662
0.384487
0.428962
0.127682
0.102008
0.27977
0.445242
0.0801046
0.113516
0.218545
0.515521
0.0831148
0.52316
0.385268
0.299663
0.090542
0.220692
0.662
0.197209
0.15962
0.0449857
0.0667176
0.229052
0.260546
0.396448
0.211274
0.454292
0.107521
0.35176
0.277896
0.662
0.476379
0.321721
0.230993
0.0600041
0.219664
0.662
0.0918306
0.408821
0.0611683
0.026194
0.111589
0.224637
0.353682
0.0917437
0.316996
0.110635
0.171939
0.551678
0.207185
0.232957
0.662
0.442861
0.662
0.0970183
0.0569742
0.0629828
0.187552
0.044883
0.132803
0.557417
0.248595
0.662
0.189953
0.161054
0.633391
0.662
0.323947
0.53756
0.0847741
0.269362
0.144166
0.13644
0.130166
0.662
0.348609
0.0511406
0.629813
0.26285
0.0529593
0.0517652
0.111399
0.350095
0.101801
0.572625
0.662
0.239593
0.662
0.355809
0.460412
0.124569
0.369318
0.195448
0.284249
0.0870332
0.0603399
0.662
0.57469
0.0466983
0.122815
0.22711
0.427347
0.0674314
0.12983
0.281616
0.662
0.225638
0.0650178
0.133084
0.193146
0.225501
0.136577
0.0499721
0.0719191
0.00483753
0.309127
0.423666
0.108038
0.0991773
0.0521062
0.491271
0.0553313
0.184663
0.0422575
0.250441
0.0808978
0.0780198
0.0404358
0.0869798
0.208574
0.252791
0.455779
0.163126
0.0807158
0.23557
0.424261
0.145887
0.287017
0.142263
0.432203
0.0710715
0.303511
0.662
0.338721
0.0625862
0.119607
0.443255
0.662
0.662
0.386542
0.20827
0.115995
0.0871184
0.0458252
0.662
0.0609179
0.662
0.248959
0.0753249
0.229999
0.118229
0.407193
0.662
0.00977685
0.0677243
0.662
0.127314
0.14907
0.402792
0.250063
0.0793511
0.26868
0.0348693
0.131436
0.29043
0.247878
0.125123
0.0636303
0.122756
0.129554
0.181081
0.0710312
0.0702633
0.60038
0.662
0.361272
0.124532
0.134039
0.0946737
0.12865
0.062072
0.611313
0.0799653
0.310202
0.266902
0.314629
0.103517
0.589923
0.193336
0.0460543
0.215951
0.114465
0.140017
0.336625
0.128646
0.352839
0.402991
0.662
0.662
0.0621732
0.0387657
0.29588
0.371155
0.662
0.128426
0.65916
0.149769
0.332066
0.0934977
0.566438
0.662
0.367477
0.12107
0.312317
0.0551461
0.413563
0.0667921
0.154067
0.180165
0.0384542
0.243365
0.346396
0.240409
0.0984303
0.0900575
0.266275
0.241146
0.194987
0.513664
0.440284
0.0650337
0.476897
0.286063
0.405333
0.20226
0.226384
0.132158
0.0259663
0.50258
0.13584
0.191442
0.146192
0.331906
0.2877
0.0726756
0.120776
0.0536867
0.0980038
0.226487
0.55442
0.422559
0.180473
0.101747
0.662
0.633643
0.320903
0.339483
0.662
0.0774501
0.125376
0.523938
0.173252
0.480473
0.209142
0.0781101
0.477355
0.186574
0.125934
0.152075
0.0765483
0.117979
0.475039
0.589963
0.0589565
0.662
0.662
0.155829
0.169334
0.0721888
0.379878
0.291279
0.180223
0.0907798
0.456479
0.0345621
0.360416
0.164745
0.348456
0.0863355
0.0594513
0.0432416
0.449771
0.162225
0.387616
0.0814222
0.100825
0.662
0.129322
0.321272
0.149148
0.141169
0.502794
0.129157
0.0289486
0.662
0.662
0.346241
0.0503955
0.00615245
0.0821487
0.0733518
0.0643226
0.662
0.24302
0.272556
0.305734
0.564659
0.0200947
0.206157
0.167547
0.191238
0.288062
0.0183787
0.405468
0.414106
0.183571
0.224633
0.304569
0.361027
0.196954
0.127175
0.310354
0.474302
0.242726
0.662
0.175292
0.0571393
0.124495
0.603814
0.0669259
0.0696398
0.529678
0.345592
0.0642778
0.202232
0.248317
0.297261
0.0542722
0.250128
0.115637
0.195374
0.114414
0.399478
0.185758
0.0529456
0.0698498
0.0415514
0.662
0.221517
0.124506
0.0982557
0.112524
0.0963671
0.0973917
0.408319
0.337127
0.662
0.162161
0.160747
0.126552
0.662
0.0434483
0.0133872
0.433498
0.291363
0.46787
0.662
0.373789
0.182468
0.208803
0.381321
0.180658
0.0995168
0.0652633
0.339993
0.662
0.123713
0.424325
0.0823937
0.0912286
0.182987
0.662
0.119958
0.28622
0.124205
0.0754611
0.328833
0.0340983
0.205854
0.4857
0.0885342
0.10016
0.626725
0.0824187
0.265934
0.0937757
0.0882157
0.340087
0.331308
0.168469
0.123144
0.222615
0.0599195
0.332646
0.662
0.14439
0.106973
0.066004
0.461035
0.180171
0.142162
0.109934
0.427705
0.230968
0.049529
0.181857
0.0958808
0.662
0.0654732
0.662
0.171153
0.0938875
0.0524519
0.351031
0.00597779
0.662
0.191313
0.355964
0.254706
0.662
0.549633
0.107695
0.355012
0.462095
0.0735512
0.291769
0.308291
0.263104
0.265395
0.0960755
0.263891
0.53192
0.321641
0.185046
0.143833
0.313394
0.112263
0.525881
0.662
0.155958
0.0897274
0.0863158
0.134224
0.333482
0.101226
0.189554
0.203478
0.136379
0.12148
0.11511
0.153143
0.161273
0.19697
0.0815665
0.600021
0.218944
0.0787416
0.577679
0.662
0.152683
0.341257
0.253795
0.0855233
0.646972
0.0370481
0.435098
0.119811
0.00810023
0.231199
0.662
0.177984
0.523297
0.131726
0.506264
0.0716347
0.306379
0.662
0.264407
0.353878
0.0776291
0.0656737
0.163673
0.402789
0.0811166
0.0873212
0.433321
0.446863
0.0982447
0.105757
0.530522
0.00231609
0.250501
0.126176
0.344415
0.016648
0.14438
0.132869
0.441248
0.300511
0.106568
0.239358
0.662
0.109917
0.00575234
0.0973908
0.598104
0.150231
0.211684
0.340797
0.662
0.152269
0.45189
0.228347
0.139203
0.285846
0.0773938
0.129655
0.199214
0.662
0.101547
0.0488535
0.195729
0.189836
0.129428
0.0945646
0.162415
0.178149
0.525797
0.238854
0.312671
0.39149
0.10747
0.281357
0.0861044
0.323447
0.1702
0.662
0.0449351
0.0776028
0.110579
0.217764
0.112906
0.157713
0.111612
0.184548
0.466938
0.413196
0.44663
0.262836
0.517115
0.122376
0.405355
0.0690807
0.167486
0.0775439
0.662
0.125605
0.181704
0.0749974
0.149532
0.059241
0.18129
0.662
0.0298778
0.662
0.662
0.14772
0.153252
0.196021
0.521036
0.430888
0.0438073
0.662
0.285794
0.0922352
0.0626215
0.370032
0.662
0.521303
0.09981
0.536887
0.585869
0.112565
0.617354
0.242331
0.213168
0.0929201
0.454041
0.305838
0.164204
0.347659
0.0828412
0.0714843
0.218935
0.190148
0.624135
0.0937926
0.0752399
0.333978
0.118138
0.649846
0.21455
0.253073
0.283272
0.0661181
0.230591
0.103073
0.404664
0.00120982
0.584104
0.129092
0.0167267
0.126692
0.602684
0.096788
0.330283
0.251735
0.0941536
0.369555
0.220881
0.0477644
0.095896
0.319114
0.525246
0.39977
0.23372
0.662
0.117753
0.0384252
0.078434
0.474365
0.279401
0.188324
0.662
0.662
0.272994
0.105195
0.324516
0.289482
0.251291
0.307318
0.378379
0.00214956
0.426272
0.152359
0.0735748
0.653223
0.337641
0.377639
0.165064
0.067472
0.212539
0.114931
0.220146
0.0366244
0.116423
0.140952
0.0419122
0.0438258
0.268019
0.247705
0.289252
0.00158995
0.662
0.0645987
0.183746
0.662
0.515922
0.119063
0.209434
0.223887
0.286792
0.133452
0.0583773
0.532685
0.0581787
0.662
0.177754
0.187094
0.126464
0.0674767
0.288421
0.0872878
0.0636162
0.142649
0.404265
0.168884
0.286248
0.143452
0.0528077
0.0972481
0.10615
0.121747
0.662
0.520148
0.380035
0.201617
0.372166
0.662
0.0596792
0.345238
0.369142
0.164315
0.0263943
0.0247604
0.301986
0.106853
0.0624958
0.18885
0.189597
0.0349539
0.602781
0.0104638
0.323854
0.139805
0.145758
0.114841
0.142008
0.102063
0.189275
0.188147
0.0956139
0.051158
0.601227
0.199318
0.313718
0.153053
0.148563
0.0764374
0.662
0.192926
0.250085
0.472539
0.0795757
0.152089
0.662
0.251358
0.260159
0.0850953
0.14002
0.432447
0.0624243
0.267178
0.11435
0.382296
0.536761
0.0689965
0.105674
0.403081
0.261988
0.226247
0.133327
0.391514
0.662
0.163904
0.252196
0.308692
0.662
0.37606
0.266795
0.126322
0.252178
0.0237513
0.34624
0.310684
0.094612
0.55335
0.0855447
0.261347
0.111185
0.0143931
0.389233
0.199957
0.662
0.3783
0.662
0.413834
0.150574
0.298278
0.111151
0.0953821
0.499845
0.048151
0.13867
0.0805767
0.170184
0.237446
0.450043
0.0718749
0.247152
0.160597
0.0330182
0.305488
0.166018
0.145133
0.365268
0.0469387
0.133166
0.215581
0.0680133
0.0928976
0.472032
0.0753373
0.466876
0.0302013
0.0773745
0.662
0.386174
0.662
0.143905
0.662
0.00730534
0.287598
