0.118875
0.461557
0.170403
0.315734
0.0198488
0.325826
0.255827
0.142482
0.162563
0.113091
0.306565
0.633488
0.0399318
0.662
0.35361
0.0948724
0.148055
0.0769995
0.662
0.662
0.405525
0.52047
0.214384
0.0832733
0.323774
0.12942
0.0655877
0.137707
0.00881001
0.294486
0.16653
0.290162
0.109847
0.260856
0.487966
0.365192
0.201692
0.215668
0.285106
0.189107
0.0646117
0.275182
0.0467889
0.0247406
0.393062
0.083564
0.662
0.107466
0.662
0.367745
0.498168
0.104316
0.391892
0.250914
0.245041
0.309346
0.097226
0.0868251
0.276749
0.28094
0.269338
0.456121
0.0854343
0.128758
0.291984
0.0890723
0.591519
0.0788518
0.105781
0.255477
0.647504
0.391988
0.508566
0.631109
0.438086
0.117726
0.467998
0.0864171
0.251732
0.0889023
0.434608
0.446246
0.0508409
0.30119
0.222729
0.46306
0.257032
0.0409453
0.050376
0.589844
0.383351
0.0416645
0.421217
0.235022
0.234528
0.183903
0.237213
0.222125
0.662
0.662
0.235822
0.228439
0.562161
0.41759
0.208647
0.662
0.156377
0.164204
0.323442
0.403634
0.124348
0.662
0.450737
0.0707743
0.175112
0.0988102
0.357044
0.244403
0.401802
0.29966
0.397151
0.550077
0.662
0.139296
0.268129
0.662
0.11838
0.432716
0.215922
0.651053
0.181288
0.201314
0.662
0.662
0.39905
0.429184
0.154574
0.124494
0.587587
0.0395392
0.318526
0.109312
0.197316
0.0687071
0.662
0.662
0.00357938
0.662
0.332725
0.26175
0.595579
0.264752
0.22445
0.11055
0.662
0.662
0.274673
0.137463
0.0869815
0.11214
0.128654
0.423185
0.662
0.662
0.662
0.40719
0.266902
0.258486
0.561372
0.112124
0.618687
0.183338
0.154616
0.212381
0.175123
0.289668
0.153381
0.153926
0.205392
0.105557
0.662
0.00823751
0.290757
0.662
0.538659
0.0185913
0.196146
0.662
0.662
0.123255
0.056974
0.389622
0.136156
0.3836
0.619798
0.55328
0.0661148
0.101606
0.094555
0.204337
0.662
0.17964
0.334827
0.20633
0.444143
0.662
0.0766867
0.227679
0.347879
0.662
0.17871
0.287714
0.217585
0.18429
0.129975
0.20354
0.173684
0.155178
0.159294
0.4382
0.372227
0.114704
0.429387
0.662
0.209259
0.662
0.0459781
0.662
0.0939393
0.239678
0.295094
0.057164
0.143786
0.152277
0.662
0.426106
0.197328
0.382966
0.114489
0.0894742
0.167381
0.179104
0.3326
0.190163
0.373333
0.662
0.0648069
0.488442
0.0101742
0.10758
0.662
0.0956347
0.26367
0.0503139
0.0556817
0.162483
0.327919
0.231218
0.662
0.318028
0.388957
0.662
0.351767
0.662
0.114091
0.229954
0.662
0.290342
0.662
0.662
0.662
0.0343844
0.268686
0.224873
0.422495
0.633096
0.0273671
0.178194
0.662
0.199755
0.259944
0.234054
0.209626
0.0573781
0.406308
0.345768
0.158436
0.662
0.186215
0.122099
0.662
0.320706
0.0711497
0.260779
0.516616
0.602882
0.341967
0.484707
0.219106
0.414047
0.0672504
0.662
0.17438
0.265643
0.277388
0.170295
0.00870293
0.190678
0.103467
0.0945113
0.581386
0.400493
0.087745
0.294244
0.393116
0.199146
0.10803
0.470257
0.458556
0.511697
0.117054
0.133238
0.210393
0.288137
0.100641
0.270115
0.219392
0.600319
0.208157
0.21798
0.0801473
0.29904
0.132051
0.0797762
0.277725
0.23402
0.119173
0.300003
0.662
0.330446
0.294004
0.117504
0.12478
0.0743929
0.119223
0.0727692
0.161536
0.376684
0.0752236
0.387313
0.662
0.36402
0.0764434
0.0352347
0.662
0.0773334
0.574161
0.353832
0.20597
0.622097
0.353241
0.572543
0.122558
0.470364
0.662
0.0367183
0.283627
0.175236
0.362846
0.086598
0.662
0.240361
0.558222
0.662
0.121322
0.473496
0.23291
0.662
0.131274
0.662
0.172158
0.0399532
0.130748
0.469912
0.50033
0.131089
0.662
0.0652374
0.205997
0.137853
0.322227
0.662
0.121743
0.435474
0.662
0.160641
0.066905
0.249792
0.129479
0.662
0.253819
0.27495
0.662
0.402561
0.114885
0.0797684
0.22506
0.13688
0.599855
0.40842
0.662
0.409457
0.662
0.662
0.202739
0.461346
0.0472061
0.662
0.102749
0.304406
0.516127
0.526124
0.451944
0.0167555
0.528637
0.603404
0.507686
0.555459
0.662
0.152155
0.662
0.289702
0.662
0.662
0.475496
0.0724515
0.0549732
0.241447
0.153412
0.662
0.290995
0.0937985
0.363552
0.427533
0.662
0.126877
0.260405
0.00151141
0.662
0.662
0.103751
0.662
0.124811
0.332528
0.354746
0.161097
0.467907
0.662
0.586567
0.210718
0.270023
0.153094
0.617321
0.131423
0.662
0.538395
0.662
0.662
0.657303
0.662
0.333296
0.662
0.627629
0.566412
0.332065
0.342161
0.662
0.266917
0.0360806
0.0945797
0.56671
0.181775
0.143918
0.534779
0.662
0.413151
0.303267
0.186182
0.420116
0.207596
0.124562
0.086743
0.000320491
0.209186
0.0556425
0.137799
0.209884
0.0706599
0.16518
0.281811
0.148275
0.180131
0.391924
0.0378548
0.155445
0.284251
0.382721
0.274942
0.662
0.0685144
0.244473
0.35513
0.31015
0.662
0.662
0.662
0.662
0.200926
0.357218
0.662
0.229965
0.195393
0.662
0.495104
0.349396
0.304034
0.016014
0.371818
0.0742879
0.0590717
0.161161
0.14424
0.390535
0.175733
0.383106
0.543603
0.637796
0.152293
0.081572
0.241885
0.21978
0.276488
0.0289649
0.146248
0.546287
0.662
0.460874
0.28458
0.19729
0.032365
0.394045
0.047251
0.251692
0.167193
0.646702
0.0976213
0.238887
0.218823
0.0567325
0.17795
0.352837
0.130627
0.205798
0.584808
0.0266031
0.181794
0.117629
0.0233401
0.212399
0.662
0.468578
0.0406122
0.557011
0.504754
0.662
0.402837
0.0732089
0.466512
0.137407
0.0292795
0.107664
0.198243
0.179521
0.662
0.407045
0.374292
0.399627
0.201087
0.0848482
0.662
0.0918036
0.324264
0.662
0.245159
0.21774
0.359798
0.662
0.133159
0.166099
0.304265
0.092226
0.190591
0.267411
0.32078
0.0413218
0.291728
0.191891
0.352312
0.318228
0.0760073
0.495119
0.258065
0.126128
0.272207
0.662
0.220768
0.662
0.424482
0.662
0.359897
0.60573
0.201634
0.503102
0.47422
0.221727
0.60005
0.392362
0.662
0.150118
0.117235
0.191158
0.248984
0.662
0.162158
0.662
0.662
0.309749
0.373553
0.317803
0.402004
0.451211
0.656779
0.185129
0.346447
0.40476
0.0761268
0.350094
0.116991
0.0800113
0.662
0.338636
0.0937271
0.662
0.201578
0.243988
0.531595
0.0972444
0.545436
0.436365
0.253046
0.510375
0.164572
0.274093
0.0314144
0.662
0.103047
0.0310325
0.662
0.221208
0.420452
0.150009
0.137348
0.0944144
0.417006
0.205984
0.100904
0.181955
0.277008
0.348696
0.141618
0.125652
0.242112
0.0907248
0.391687
0.0260133
0.101868
0.26429
0.662
0.519019
0.125813
0.178522
0.22606
0.0466571
0.174277
0.125989
0.489145
0.440084
0.662
0.278658
0.511592
0.170814
0.662
0.10103
0.241269
0.0799834
0.0244772
0.0880379
0.00709499
0.192306
0.122506
0.148744
0.424242
0.0404877
0.662
0.117682
0.158463
0.100718
0.187638
0.064365
0.0145087
0.363135
0.0895348
0.175359
0.144253
0.0908734
0.206719
0.194935
0.408782
0.239032
0.235762
0.280352
0.136767
0.640672
0.185794
0.00868383
0.0913489
0.1844
0.480227
0.662
0.0744518
0.610412
0.662
0.410117
0.161944
0.262309
0.457111
0.290188
0.505416
0.585033
0.662
0.139392
0.462665
0.500821
0.0726654
0.662
0.0790863
0.230732
0.0700168
0.646189
0.580553
0.174719
0.471701
0.423195
0.0546684
0.116538
0.0984652
0.0827523
0.209961
0.185471
0.17187
0.21615
0.0657379
0.121601
0.0742892
0.662
0.374076
0.137995
0.392952
0.0432815
0.253437
0.101417
0.662
0.587218
0.263033
0.610487
0.408561
0.249848
0.429328
0.108645
0.203325
0.179518
0.0871075
0.592778
0.0261454
0.37439
0.26799
0.662
0.414922
0.387995
0.442208
0.662
0.435682
0.232023
0.662
0.343081
0.607323
0.457112
0.0529605
0.131562
0.662
0.123047
0.266984
0.308225
0.120486
0.105683
0.264542
0.374132
0.0683272
0.243053
0.0287816
0.453753
0.086748
0.246499
0.61066
0.0739541
0.450567
0.662
0.633523
0.298193
0.0414642
0.0745304
0.633246
0.492969
0.59183
0.662
0.0572055
0.104782
0.352614
0.556772
0.325825
0.222674
0.640415
0.110773
0.662
0.0708367
0.246416
0.652426
0.138791
0.0505587
0.158303
0.465201
0.110819
0.196706
0.387187
0.662
0.234789
0.100616
0.107821
0.0582251
0.488342
0.662
0.202222
0.0755878
0.230443
0.0516681
0.524459
0.0642679
0.662
0.204413
0.354426
0.168357
0.224243
0.662
0.00669328
0.302369
0.662
0.0275124
0.662
0.395684
0.0565868
0.662
0.205286
0.186214
0.662
0.662
0.154717
0.1116
0.418554
0.261067
0.0976266
0.539035
0.45272
0.458829
0.521599
0.190519
0.0790987
0.208087
0.662
0.120728
0.418531
0.246735
0.56909
0.534899
0.179061
0.202639
0.0748541
0.231102
0.662
0.302763
0.201515
0.0908242
0.566064
0.221927
0.205522
0.242283
0.0916721
0.1153
0.19392
0.132931
0.364764
0.142175
0.662
0.228072
0.662
0.256481
0.00291387
0.662
0.662
0.423411
0.662
0.662
0.588873
0.662
0.588078
0.190544
0.18081
0.0862054
0.662
0.662
0.387306
0.136625
0.284785
0.0972254
0.214433
0.662
0.412953
0.448309
0.57349
0.235038
0.539277
0.662
0.662
0.151189
0.0831587
0.0484474
0.152755
0.384972
0.212202
0.391242
0.662
0.0783621
0.140776
0.662
0.662
0.662
0.43036
0.179074
0.450819
0.344515
0.662
0.150454
0.662
0.579165
0.662
0.126922
0.140885
0.221642
0.253391
0.183446
0.258167
0.392368
0.271947
0.166157
0.105583
0.301715
0.555805
0.249288
0.662
0.239006
0.334984
0.0707171
0.340509
0.0334145
0.656838
0.287901
0.662
0.506353
0.153362
0.447916
0.501457
0.128667
0.662
0.212003
0.299316
0.255809
0.259927
0.533759
0.392123
0.51171
0.26524
0.662
0.524946
0.115247
0.485933
0.162174
0.454587
0.472264
0.36036
0.424638
0.146226
0.524761
0.420084
0.563688
0.662
0.318328
0.291539
0.0775782
0.364367
0.2136
0.314833
0.374357
0.406623
0.649544
0.275568
0.0493462
0.369873
0.47041
0.486339
0.071324
0.47151
0.662
0.629366
0.50649
0.662
0.617824
0.201778
0.0769772
0.0479752
0.320205
0.0962355
0.405369
0.662
0.194579
0.15976
0.525484
0.0669376
0.171479
0.20867
0.400683
0.0877414
0.00925716
0.148001
0.122701
0.177732
0.277087
0.465594
0.662
0.216509
0.0454285
0.0800038
0.379339
0.369428
0.158616
0.127978
0.662
0.318405
0.325101
0.444939
0.295124
0.662
0.377022
0.545708
0.662
0.662
0.0865123
0.438289
0.253246
0.0388262
0.305312
0.290141
0.104231
0.39544
0.014986
0.125345
0.662
0.235239
0.425531
0.24354
0.298635
0.113631
0.105611
0.103824
0.344801
0.662
0.378102
0.531579
0.426603
0.0773738
0.662
0.16988
0.140142
0.441987
0.662
0.124729
0.57457
0.662
0.225754
0.0649318
0.152221
0.606334
0.0474142
0.114533
0.101137
0.128893
0.350605
0.218965
0.0833737
0.253437
0.240678
0.177218
0.572176
0.383836
0.0281439
0.0905746
0.209308
0.166867
0.232419
0.140666
0.098245
0.139312
0.662
0.0956235
0.379136
0.351174
0.244978
0.153994
0.227411
0.328831
0.662
0.0904159
0.202292
0.116004
0.107823
0.277864
0.0984822
0.136724
0.168265
0.0799127
0.286453
0.0591142
0.323478
0.662
0.320758
0.662
0.209093
0.662
0.662
0.0632847
0.363125
0.119773
0.373714
0.363359
0.410921
0.460453
0.0361775
0.00584869
0.521748
0.0828981
0.320246
0.0819108
0.093938
0.662
0.345753
0.0766229
0.0828139
0.323857
0.235001
0.0612272
0.106688
0.0270531
0.0982076
0.515156
0.135336
0.0387947
0.02149
0.311282
0.662
0.311036
0.0622132
0.264972
0.338366
0.40408
0.152785
0.662
0.0844737
0.133429
0.662
0.305011
0.332635
0.662
0.14905
0.473753
0.0588404
0.484433
0.496027
0.0778793
0.662
0.137168
0.0632168
0.189577
0.364955
0.662
0.477729
0.233764
0.400168
0.147705
0.28432
0.662
0.157126
0.165433
0.156272
0.105607
0.122901
0.204122
0.0862783
0.3456
0.159412
0.207542
0.212957
0.260133
0.352922
0.4438
0.662
0.211301
0.462027
0.662
0.223039
0.368287
0.222234
0.18952
0.0808835
0.225227
0.263615
0.662
0.274636
0.384529
0.242299
0.150078
0.490505
0.358545
0.662
0.343068
0.436032
0.271395
0.0840966
0.064701
0.377222
0.14526
0.271851
0.436418
0.365448
0.662
0.396451
0.201412
0.123614
0.106037
0.0775534
0.662
0.385734
0.0553035
0.144002
0.133038
0.662
0.110664
0.0170196
0.423065
0.209942
0.324983
0.662
0.347998
0.0369936
0.0529233
0.273126
0.656701
0.197404
0.216869
0.186414
0.131503
0.367643
0.45953
0.484736
0.506632
0.662
0.660838
0.0170712
0.610259
0.214434
0.0775857
0.662
0.662
0.566372
0.373538
0.662
0.662
0.479216
0.219833
0.268471
0.506878
0.169314
0.190501
0.240267
0.635027
0.529079
0.343091
0.362761
0.240673
0.35286
0.474637
0.126881
0.313383
0.0966063
0.419723
0.662
0.159904
0.212129
0.662
0.162407
0.662
0.253116
0.398145
0.323662
0.188969
0.29204
0.00482765
0.433765
0.582402
0.188438
0.153642
0.222096
0.662
0.245375
0.314327
0.107082
0.278428
0.662
0.559299
0.455018
0.662
0.108465
0.272937
0.524645
0.198483
0.0427834
0.086098
0.271398
0.228414
0.444318
0.662
0.286866
0.462502
0.181472
0.100784
0.130907
0.205018
0.0144611
0.374847
0.191019
0.0660188
0.286988
0.309031
0.301446
0.137267
0.0607289
0.197859
0.217847
0.0482813
0.290625
0.460749
0.0514537
0.520653
0.416624
0.170516
0.0840124
0.0446043
0.36614
0.0652643
0.3888
0.225936
0.224578
0.662
0.561268
0.218275
0.10013
0.266821
0.13202
0.19111
0.0853794
0.662
0.485834
0.216381
0.0662234
0.4544
0.159279
0.171001
0.0793795
0.662
0.194908
0.164125
0.662
0.662
0.0955756
0.163455
0.286757
0.602802
0.37757
0.551172
0.0169774
0.204649
0.205813
0.528339
0.247617
0.0385492
0.00331617
0.34836
0.355495
0.239637
0.222373
0.197856
0.299935
0.1732
0.175567
0.32488
0.227488
0.60262
0.357618
0.662
0.0317076
0.26303
0.221755
0.10253
0.088849
0.431595
0.431101
0.179682
0.165623
0.344305
0.607029
0.156751
0.204819
0.0686337
0.626689
0.10022
0.662
0.055427
0.531281
0.0954175
0.620401
0.403793
0.662
0.147454
0.173635
0.170001
0.222473
0.662
0.537272
0.631007
0.168709
0.153494
0.584545
0.201516
0.0445519
0.184891
0.200248
0.618138
0.286753
0.268215
0.060897
0.234343
0.357934
0.662
0.0582181
0.366678
0.106281
0.201097
0.0849417
0.662
0.0692932
0.662
0.198407
0.339741
0.662
0.0184775
0.431567
0.103456
0.0665367
0.112732
0.120538
0.363384
0.662
0.230918
0.0590906
0.113624
0.176059
0.240954
0.216324
0.179088
0.209436
0.622366
0.203558
0.252507
0.225488
0.160331
0.0564644
0.293251
0.00147044
0.556808
0.220236
0.111539
0.158632
0.464702
0.0469481
0.516615
0.605148
0.258745
0.662
0.662
0.0281798
0.339015
0.534107
0.662
0.184838
0.458745
0.199637
0.442676
0.233503
0.418059
0.0678145
0.662
0.281908
0.148114
0.385593
0.662
0.468648
0.147418
0.506614
0.216456
0.0849637
0.662
0.0521695
0.450214
0.112255
0.662
0.000368577
0.662
0.30749
0.255313
0.435176
0.0813147
0.252268
0.662
0.25277
0.154154
0.135058
0.105443
0.662
0.544412
0.128868
0.165347
0.415257
0.662
0.662
0.662
0.132755
0.113823
0.32547
0.211341
0.107556
0.0988001
0.112609
0.380882
0.309465
0.0685337
0.662
0.0933603
0.0904936
0.367115
0.293758
0.223082
0.0287264
0.124806
0.388209
0.662
0.662
0.662
0.512346
0.662
0.362395
0.32645
0.152436
0.216405
0.114698
0.262391
0.0738518
0.567346
0.662
0.120952
0.427064
0.277615
0.270681
0.189809
0.302105
0.125736
0.270775
0.0686909
0.662
0.0264508
0.0985483
0.0788118
0.0922363
0.0422093
0.145233
0.0910768
0.105491
0.341254
0.12626
0.340919
0.27161
0.3516
0.0504351
0.662
0.662
0.252324
0.366418
0.224228
0.0714483
0.419402
0.0690853
0.203844
0.363555
0.447203
0.0377509
0.638827
0.178581
0.17694
0.0430675
0.536548
0.236564
0.662
0.662
0.166992
0.662
0.662
0.265466
0.0882629
0.463249
0.662
0.2481
0.317263
0.0616245
0.153922
0.662
0.467508
0.226062
0.662
0.387674
0.662
0.607494
0.326825
0.134751
0.120478
0.182362
0.216187
0.0661726
0.662
0.662
0.662
0.16786
0.662
0.662
0.662
0.21267
0.488009
0.176997
0.330488
0.457064
0.662
0.144546
0.16727
0.312796
0.437904
0.471909
0.662
0.662
0.324214
0.153589
0.227595
0.0516627
0.0459105
0.26597
0.106842
0.272193
0.306175
0.0859862
0.205808
0.2243
0.208006
0.0528136
0.0326737
0.152133
0.0389126
0.13503
0.662
0.192599
0.0802418
0.0453529
0.18018
0.171754
0.277165
0.245401
0.0420203
0.29166
0.183496
0.128061
0.202188
0.152236
0.0427275
0.221134
0.662
0.0687994
0.0578068
0.0733967
0.0566095
0.169475
0.662
0.0789202
0.426014
0.175306
0.0243431
0.401938
0.454614
0.12697
0.112473
0.205755
0.184587
0.557053
0.593827
0.188666
0.38326
0.662
0.662
0.0842819
0.505729
0.114578
0.104448
0.103937
0.123778
0.243754
0.0391098
0.533847
0.0447201
0.662
0.184062
0.155774
0.662
0.662
0.147375
0.0375176
0.0469234
0.0305189
0.142584
0.254019
0.0998389
0.126968
0.155548
0.425516
0.0428908
0.296192
0.662
0.245641
0.0228185
0.416948
0.662
0.61965
0.211265
0.167502
0.335119
0.0631688
0.518372
0.299786
0.662
0.563319
0.093742
0.0950829
0.497033
0.662
0.104437
0.312232
0.458708
0.303477
0.109046
0.252722
0.662
0.0209835
0.066285
0.662
0.109808
0.0912762
0.662
0.0277458
0.029473
0.0986006
0.146121
0.123991
0.662
0.0827315
0.662
0.278745
0.189589
0.443433
0.283579
0.529629
0.602848
0.174618
0.127227
0.0484351
0.0873795
0.0870703
0.438454
0.246035
0.226393
0.0444979
0.482972
0.198376
0.240422
0.399258
0.21687
0.300907
0.0285845
0.120161
0.263267
0.662
0.290639
0.299892
0.181741
0.153983
0.0630395
0.485564
0.340421
0.525583
0.206809
0.108967
0.127632
0.662
0.388685
0.510625
0.111268
0.462844
0.281437
0.0613287
0.0536354
0.0145568
0.086545
0.146253
0.662
0.169236
0.527073
0.314295
0.515346
0.209138
0.220262
0.207088
0.146627
0.0720598
0.140146
0.145816
0.104505
0.662
0.191182
0.239278
0.111958
0.662
0.662
0.662
0.262221
0.130687
0.290613
0.0772131
0.252283
0.631255
0.24303
0.504646
0.256997
0.0152478
0.102372
0.662
0.475171
0.065144
0.662
0.662
0.133853
0.12711
0.655189
0.196173
0.0383158
0.662
0.662
0.662
0.401028
0.411486
0.0733542
0.662
0.636945
0.603453
0.0857834
0.662
0.152174
0.194971
0.0827977
0.0830317
0.0881932
0.616773
0.286136
0.413648
0.475274
0.611674
0.15169
0.407805
0.0652005
0.120033
0.116834
0.284044
0.662
0.304735
0.491196
0.0741891
0.253342
0.366321
0.0538996
0.136995
0.278952
0.372016
0.511452
0.56848
0.662
0.627896
0.432734
0.207181
0.342891
0.0562614
0.104299
0.385858
0.179198
0.611259
0.449186
0.343182
0.0937704
0.316115
0.0790138
0.14318
0.64228
0.185773
0.662
0.368382
0.366442
0.477801
0.100326
0.662
0.240412
0.125736
0.189306
0.412082
0.123392
0.662
0.230813
0.108226
0.203041
0.240344
0.276782
0.129451
0.128282
0.293709
0.323404
0.200314
0.599136
0.13278
0.172404
0.0636018
0.560806
0.0857492
0.221701
0.0553022
0.535161
0.662
0.662
0.662
0.0872124
0.1707
0.193295
0.638503
0.456814
0.662
0.134425
0.0894282
0.110213
0.155264
0.342011
0.216481
0.358139
0.662
0.238141
0.0928637
0.328459
0.244037
0.10439
0.0231024
0.0267482
0.556315
0.379998
0.249292
0.216853
0.662
0.237481
0.0725061
0.662
0.208171
0.34258
0.109502
0.662
0.431632
0.662
0.464363
0.662
0.452297
0.19684
0.662
0.662
0.417008
0.0876951
0.191991
0.43433
0.14699
0.0754611
0.205233
0.108902
0.135987
0.134342
0.17061
0.399898
0.15539
0.662
0.662
0.14036
0.662
0.13239
0.127409
0.571526
0.266189
0.072095
0.357513
0.662
0.662
0.662
0.662
0.662
0.146574
0.164048
0.232238
0.662
0.146148
0.662
0.173007
0.662
0.662
0.662
0.0578342
0.248154
0.471608
0.214609
0.611685
0.658607
0.076067
0.221739
0.163879
0.46543
0.0966654
0.418652
0.245076
0.662
0.254963
0.282827
0.662
0.265919
0.662
0.385875
0.430664
0.662
0.512663
0.662
0.109768
0.306395
0.325605
0.192642
0.410483
0.0694521
0.457721
0.0825294
0.621124
0.103847
0.662
0.662
0.158068
0.148278
0.371259
0.0719405
0.0656537
0.662
0.255161
0.340943
0.209034
0.662
0.662
0.35202
0.0471401
0.377065
0.366281
0.255197
0.362641
0.108085
0.262805
0.662
0.109534
0.156237
0.160275
0.662
0.38509
0.662
0.619319
0.326174
0.0778081
0.135101
0.0991222
0.662
0.468741
0.0443926
0.299475
0.119638
0.633391
0.644724
0.0972523
0.0222391
0.360983
0.662
0.647003
0.0891002
0.129185
0.662
0.212991
0.615212
0.662
0.251522
0.535251
0.0954902
0.447065
0.20871
0.407524
0.149369
0.45092
0.0491611
0.236533
0.276691
0.662
0.563935
0.100387
0.0785605
0.573216
0.131612
0.375695
0.490384
0.0709305
0.662
0.0410264
0.399539
0.36015
0.100938
0.65559
0.0879696
0.417524
0.246098
0.0626167
0.51143
0.644788
0.0662919
0.21583
0.149751
0.560639
0.218987
0.0518151
0.605266
0.38626
0.340193
0.282261
0.159622
0.17885
0.125292
0.502554
0.136113
0.186983
0.255254
0.334398
0.130913
0.57365
0.320796
0.0182801
0.00331956
0.144002
0.0875118
0.660106
0.253851
0.0358768
0.0612343
0.284536
0.394231
0.0898374
0.378817
0.662
0.376273
0.271261
0.108256
0.429045
0.314433
0.479208
0.0865869
0.178213
0.13827
0.662
0.662
0.662
0.169938
0.151166
0.0328434
0.268711
0.140967
0.662
0.0869827
0.115339
0.136751
0.158216
0.0831314
0.570066
0.662
0.349648
0.662
0.575465
0.18679
0.662
0.185981
0.186127
0.0553187
0.0752081
0.45217
0.368777
0.658798
0.662
0.10753
0.333258
0.185466
0.53353
0.193872
0.599059
0.0520504
0.521294
0.509366
0.0151869
0.332485
0.154619
0.144087
0.662
0.0712487
0.662
0.439829
0.128095
0.662
0.662
0.662
0.662
0.364709
0.0994565
0.662
0.284527
0.154022
0.0723161
0.615272
0.166681
0.222371
0.222097
0.618209
0.356205
0.0877452
0.0413275
0.662
0.662
0.44329
0.0273026
0.365379
0.272989
0.319574
0.535556
0.109005
0.662
0.156545
0.480575
0.533512
0.417579
0.0879915
0.419991
0.599797
0.579544
0.209884
0.271772
0.203632
0.423917
0.662
0.0659793
0.431618
0.145429
0.269165
0.662
0.433095
0.2821
0.485285
0.662
0.571294
0.09155
0.139333
0.484339
0.656402
0.145252
0.200927
0.44073
0.63721
0.662
0.345328
0.363323
0.185205
0.210619
0.662
0.0951143
0.662
0.144423
0.434527
0.257473
0.662
0.283688
0.662
0.0675738
0.3542
0.170715
0.184133
0.115056
0.662
0.182369
0.223084
0.662
0.0963899
0.53764
0.158932
0.662
0.662
0.131747
0.233215
0.454207
0.308109
0.160035
0.128216
0.662
0.457778
0.461825
0.177917
0.662
0.254698
0.218374
0.662
0.360232
0.662
0.546795
0.292143
0.00673131
0.0783943
0.250205
0.662
0.153412
0.662
0.120743
0.0703431
0.175682
0.0326708
0.662
0.135408
0.265969
0.107156
0.371243
0.662
0.56104
0.0448058
0.542701
0.362654
0.1167
0.534586
0.303972
0.41046
0.481246
0.540383
0.186025
0.160792
0.662
0.253464
0.520956
0.146818
0.173732
0.518236
0.662
0.189095
0.43756
0.200324
0.116285
0.151478
0.0611072
0.0320251
0.0139258
0.662
0.169918
0.662
0.0888299
0.662
0.233818
0.152962
0.662
0.171255
0.174089
0.124011
0.109659
0.160233
0.117188
0.128527
0.418032
0.409969
0.269521
0.24451
0.119667
0.177628
0.184156
0.191054
0.662
0.662
0.0405242
0.397038
0.124979
0.0984062
0.522707
0.204586
0.355029
0.14228
0.265955
0.0837827
0.149033
0.0586468
0.115895
0.244212
0.425193
0.662
0.0982327
0.120356
0.391545
0.662
0.0761387
0.648679
0.662
0.0636922
0.0971154
0.121254
0.183728
0.136805
0.186014
0.44331
0.126215
0.148095
0.201324
0.134026
0.477412
0.662
0.274016
0.214815
0.277487
0.309439
0.174201
0.523564
0.236659
0.146031
0.158941
0.662
0.332906
0.316697
0.662
0.138288
0.274625
0.108563
0.174313
0.466943
0.662
0.662
0.266472
0.60009
0.231243
0.259886
0.51285
0.0932644
0.662
0.363866
0.662
0.662
0.662
0.0724274
0.259871
0.0212541
0.183241
0.132551
0.115548
0.0845712
0.425704
0.662
0.17939
0.271913
0.578179
0.0921516
0.115778
0.0628421
0.0126274
0.0164296
0.459291
0.662
0.415319
0.0910572
0.283653
0.529317
0.662
0.111049
0.236867
0.662
0.662
0.0794645
0.207956
0.19298
0.561367
0.169067
0.662
0.572442
0.223564
0.282826
0.662
0.662
0.662
0.239669
0.194764
0.252016
0.398158
0.223844
0.213225
0.425967
0.0690248
0.0508171
0.116069
0.0385257
0.662
0.578778
0.418005
0.662
0.0493429
0.152981
0.307956
0.146989
0.0514285
0.246374
0.201703
0.662
0.0678677
0.351887
0.0942141
0.353375
0.662
0.355557
0.190481
0.387687
0.28835
0.0725147
0.617913
0.363307
0.164173
0.0684544
0.425305
0.423745
0.652013
0.0292386
0.252063
0.662
0.418394
0.12522
0.155319
0.65476
0.0357982
0.662
0.203937
0.304038
0.402344
0.525869
0.205881
0.662
0.178101
0.0691931
0.100303
0.406402
0.344878
0.105285
0.104972
0.607203
0.256145
0.382716
0.662
0.110367
0.175265
0.170627
0.0960974
0.662
0.662
0.0553038
0.291515
0.661219
0.600756
0.662
0.0865295
0.662
0.662
0.315585
0.0645828
0.662
0.0940701
0.347313
0.27793
0.662
0.0736743
0.156395
0.261416
0.254782
0.0762906
0.285819
0.180176
0.0346891
0.0548299
0.309269
0.255991
0.285735
0.196187
0.589046
0.100852
0.489784
0.662
0.181123
0.662
0.386708
0.169587
0.185487
0.307698
0.327417
0.14105
0.139341
0.485768
0.267249
0.0928131
0.662
0.662
0.0667563
0.596392
0.151544
0.25386
0.420754
0.143231
0.609496
0.521316
0.506092
0.182316
0.13145
0.63555
0.662
0.467456
0.113101
0.349081
0.191719
0.0725933
0.209387
0.191356
0.313005
0.662
0.109419
0.49584
0.122273
0.662
0.0800939
0.662
0.272626
0.452866
0.0638985
0.520972
0.132354
0.662
0.562698
0.662
0.176458
0.0319622
0.349405
0.0843931
0.121871
0.353732
0.662
0.2658
0.197548
0.662
0.118878
0.435234
0.105069
0.152005
0.407477
0.500657
0.129722
0.195586
0.208091
0.391226
0.0342957
0.440309
0.222521
0.29844
0.428945
0.232501
0.0199146
0.662
0.592434
0.181595
0.0641903
0.0376525
0.347657
0.40072
0.447305
0.142108
0.662
0.268393
0.0947978
0.184222
0.662
0.06528
0.0768679
0.321036
0.662
0.16308
0.239515
0.0587211
0.0674755
0.131461
0.561735
0.179935
0.199544
0.0840366
0.452462
0.483888
0.370801
0.662
0.107143
0.0932136
0.208385
0.624155
0.241794
0.175015
0.277787
0.662
0.175752
0.182933
0.146741
0.536316
0.18278
0.662
0.442154
0.0219138
0.248041
0.188858
0.63457
0.377178
0.429144
0.662
0.16955
0.586107
0.339039
0.101427
0.0962275
0.114541
0.199864
0.121722
0.0626245
0.662
0.211275
0.164706
0.52274
0.0917878
0.662
0.071753
0.1895
0.662
0.662
0.102954
0.0710579
0.332826
0.662
0.518742
0.662
0.0822609
0.180102
0.662
0.12259
0.0537798
0.25717
0.35496
0.662
0.0623042
0.259356
0.181648
0.662
0.0534778
0.662
0.0647767
0.523281
0.0975904
0.37174
0.389437
0.332028
0.47736
0.662
0.662
0.201853
0.221336
0.0998059
0.0330198
0.607406
0.520998
0.0853621
0.662
0.239489
0.28984
0.423365
0.0466707
0.298678
0.662
0.662
0.203901
0.497394
0.509109
0.118821
0.101025
0.228914
0.149106
0.629074
0.399349
0.0253041
0.0817496
0.109922
0.0979465
0.662
0.0585647
0.181999
0.143462
0.294011
0.290312
0.316477
0.07261
0.402136
0.662
0.342248
0.1133
0.177234
0.0067884
0.07834
0.388354
0.0733914
0.071574
0.289641
0.0608104
0.037802
0.0282783
0.0782031
0.0770543
0.0608115
0.0628858
0.373872
0.662
0.155393
0.626616
0.236763
0.563281
0.15002
0.0286398
0.196303
0.355381
0.386103
0.662
0.662
0.225917
0.539275
0.313787
0.124731
0.0840526
0.0603345
0.0474173
0.662
0.0863369
0.115779
0.083253
0.219104
0.233594
0.297458
0.199756
0.658906
0.662
0.120525
0.662
0.444541
0.662
0.589884
0.0400121
0.662
0.0242501
0.267235
0.303782
0.277558
0.260464
0.178468
0.150429
0.662
0.366752
0.298235
0.365036
0.662
0.125904
0.662
0.167091
0.247215
0.662
0.219989
0.122859
0.033742
0.235624
0.060007
0.600646
0.332557
0.477064
0.153188
0.332347
0.662
0.153365
0.242123
0.434568
0.511522
0.662
0.662
0.641417
0.225472
0.174927
0.161624
0.453222
0.662
0.0715046
0.240504
0.197489
0.255126
0.662
0.508552
0.160048
0.211072
0.574757
0.246016
0.174242
0.157643
0.0782444
0.134695
0.125691
0.528158
0.654818
0.472421
0.177869
0.439032
0.101603
0.662
0.55907
0.263612
0.153628
0.352451
0.147947
0.662
0.0503493
0.00683395
0.662
0.188274
0.662
0.371089
0.222662
0.0106847
0.108969
0.193207
0.662
0.662
0.320923
0.662
0.466313
0.568318
0.247422
0.239381
0.436886
0.391951
0.132933
0.662
0.661179
0.662
0.0915768
0.186937
0.319427
0.528905
0.167037
0.26248
0.035897
0.138425
0.187463
0.240603
0.255703
0.0527072
0.132947
0.662
0.246569
0.0988798
0.0590928
0.488357
0.340816
0.0915448
0.402939
0.165509
0.113203
0.268248
0.181195
0.0471564
0.0477771
0.290429
0.0962245
0.202599
0.127429
0.122
0.662
0.258131
0.222088
0.228079
0.17354
0.461499
0.662
0.662
0.0895201
0.10782
0.177719
0.09981
0.275429
0.0885254
0.178343
0.662
0.15125
0.605457
0.633694
0.163943
0.303799
0.213217
0.430017
0.143945
0.0536976
0.0564772
0.451326
0.090249
0.151193
0.115981
0.0869343
0.272095
0.652825
0.056803
0.662
0.0213312
0.0351045
0.109669
0.101589
0.0943967
0.440159
0.0772396
0.191439
0.0493614
0.0974426
0.354842
0.366512
0.201113
0.302615
0.0846682
0.0285639
0.662
0.219295
0.167377
0.226964
0.331618
0.662
0.380158
0.266899
0.662
0.178938
0.662
0.0626737
0.0665364
0.281109
0.340265
0.662
0.402648
0.255315
0.346154
0.266128
0.539062
0.549522
0.0261518
0.523409
0.0829235
0.355645
0.191425
0.221106
0.528552
0.0803755
0.293928
0.16076
0.180511
0.433414
0.229683
0.317416
0.0859807
0.131171
0.461696
0.662
0.198515
0.662
0.561152
0.397789
0.261896
0.662
0.513767
0.2122
0.409292
0.429467
0.627732
0.00646925
0.216902
0.351989
0.146112
0.662
0.287003
0.662
0.34133
0.121228
0.378367
0.330622
0.0787379
0.232322
0.0800915
0.549958
0.256028
0.662
0.188136
0.033467
0.662
0.59579
0.242696
0.662
0.379505
0.204004
0.662
0.662
0.423712
0.159725
0.662
0.115026
0.662
0.16738
0.403988
0.249155
0.662
0.0633933
0.268566
0.662
0.348621
0.662
0.0359014
0.662
0.451901
0.194216
0.108569
0.200001
0.112943
0.233365
0.3075
0.0627838
0.411583
0.455697
0.662
0.146324
0.100816
0.391956
0.285354
0.215049
0.240987
0.662
0.662
0.662
0.412633
0.200964
0.560022
0.560912
0.434146
0.0592244
0.432409
0.240828
0.195193
0.0465988
0.662
0.565331
0.0738723
0.648133
0.662
0.103341
0.153741
0.662
0.633391
0.0871991
0.16377
0.083681
0.033287
0.0547185
0.0712343
0.149177
0.197766
0.662
0.0473366
0.266968
0.238281
0.273047
0.406427
0.40667
0.169695
0.139939
0.562354
0.00303533
0.290793
0.146644
0.288619
0.263477
0.0258839
0.179209
0.0368027
0.259747
0.292654
0.662
0.1816
0.098664
0.64209
0.135017
0.294483
0.463919
0.248941
0.62897
0.662
0.316421
0.0468151
0.662
0.27584
0.301006
0.0222777
0.662
0.662
0.354789
0.238418
0.326485
0.291372
0.354827
0.0985004
0.17306
0.104962
0.490178
0.657847
0.180721
0.662
0.080312
0.461392
0.0815497
0.0965099
0.662
0.285812
0.451541
0.662
0.426157
0.399328
0.321876
0.295955
0.224576
0.277819
0.312227
0.0199255
0.0665483
0.36668
0.449767
0.442184
0.662
0.383538
0.662
0.408641
0.230773
0.190763
0.145744
0.0219194
0.166921
0.0351639
0.124847
0.359917
0.336571
0.406814
0.662
0.231564
0.662
0.255435
0.237992
0.594949
0.549563
0.221747
0.318102
0.01121
0.100571
0.135606
0.558181
0.320646
0.117254
0.44697
0.0976881
0.222599
0.0933075
0.662
0.662
0.216104
0.0954379
0.382889
0.118355
0.33069
0.161257
0.324268
0.662
0.662
0.427319
0.106974
0.132578
0.240037
0.45334
0.212518
0.169896
0.662
0.590637
0.0822975
0.0862588
0.662
0.394487
0.561456
0.662
0.199964
0.363492
0.0557872
0.0254391
0.0529883
0.662
0.0560544
0.112211
0.0472966
0.662
0.190501
0.434051
0.662
0.275461
0.199834
0.0221149
0.506941
0.0614383
0.146412
0.0752063
0.662
0.0625597
0.317078
0.0378882
0.184874
0.101796
0.659812
0.011613
0.188818
0.528742
0.662
0.131753
0.662
0.143093
0.103697
0.662
0.25962
0.662
0.662
0.624876
0.662
0.662
0.174004
0.0707678
0.662
0.385254
0.221584
0.120564
0.154273
0.662
0.150689
0.405414
0.0643075
0.0488421
0.0814696
0.125301
0.0974382
0.106074
0.163153
0.460629
0.131931
0.395018
0.471435
0.0807145
0.361097
0.0854663
0.290265
0.14467
0.236139
0.151747
0.0903928
0.662
0.156758
0.165257
0.152745
0.148101
0.662
0.602194
0.415077
0.208036
0.437431
0.231442
0.486221
0.333767
0.0165949
0.108298
0.660984
0.502493
0.109372
0.250236
0.235534
0.0824059
0.603544
0.106925
0.175472
0.662
0.0452973
0.471222
0.49298
0.586787
0.126764
0.160444
0.130083
0.0963978
0.381542
0.137614
0.089248
0.468161
0.202307
0.166136
0.500898
0.662
0.0979565
0.194362
0.501641
0.227072
0.224303
0.208466
0.21278
0.34685
0.222843
0.0955336
0.0322452
0.112072
0.28223
0.111348
0.662
0.32706
0.662
0.203159
0.536776
0.0874069
0.662
0.311534
0.659619
0.660294
0.177177
0.499439
0.232959
0.23836
0.253582
0.159569
0.646489
0.304684
0.433306
0.662
0.418499
0.0772424
0.401949
0.662
0.107202
0.573559
0.0888271
0.097299
0.662
0.310263
0.538862
0.452771
0.441738
0.306811
0.216089
0.155099
0.251963
0.248444
0.148472
0.662
0.0793336
0.103189
0.229328
0.0995866
0.0878813
0.242656
0.363756
0.650555
0.662
0.223184
0.569202
0.287729
0.400636
0.513071
0.14656
0.337038
0.244024
0.662
0.245511
0.216706
0.662
0.400914
0.130452
0.176705
0.0267531
0.0792352
0.440844
0.571274
0.201958
0.662
0.353644
0.0455182
0.555014
0.144089
0.412695
0.0974062
0.633391
0.00401825
0.425609
0.662
0.0649666
0.0562034
0.450317
0.302458
0.362996
0.12166
0.0331189
0.637166
0.196593
0.088102
0.116832
0.0442095
0.233215
0.31902
0.118641
0.662
0.274146
0.113492
0.662
0.662
0.0687317
0.662
0.35887
0.339304
0.260967
0.662
0.108911
0.623359
0.61074
0.662
0.0767821
0.0818187
0.0797246
0.662
0.114134
0.0709729
0.312447
0.573472
0.143623
0.381149
0.0588639
0.0960854
0.253869
0.599528
0.662
0.167208
0.178203
0.113748
0.390674
0.255066
0.163848
0.181138
0.662
0.306881
0.196196
0.233413
0.0937185
0.662
0.0518492
0.178379
0.259687
0.114694
0.234078
0.0506813
0.662
0.662
0.219016
0.662
0.149953
0.662
0.0502769
0.203618
0.662
0.0687269
0.310348
0.0898713
0.16761
0.228311
0.171639
0.24812
0.260245
0.256871
0.223525
0.424191
0.219619
0.645931
0.259093
0.0616149
0.525033
0.171842
0.534989
0.0528229
0.109566
0.319256
0.662
0.481213
0.301059
0.077642
0.123668
0.228686
0.446253
0.506821
0.662
0.186161
0.139083
0.265981
0.184827
0.62335
0.189411
0.662
0.0522194
0.579797
0.662
0.28624
0.112318
0.218641
0.189278
0.098571
0.196569
0.43543
0.508872
0.160831
0.552711
0.0311805
0.0800657
0.0606645
0.193446
0.204355
0.662
0.012086
0.230259
0.204161
0.245538
0.5231
0.314907
0.027929
0.405696
0.120206
0.234029
0.399411
0.242938
0.0712422
0.0398874
0.348999
0.378527
0.662
0.159556
0.662
0.662
0.662
0.662
0.185856
0.197211
0.144265
0.209026
0.148687
0.291755
0.662
0.110334
0.366197
0.230969
0.568005
0.662
0.181017
0.427153
0.446826
0.172341
0.662
0.131065
0.295773
0.104597
0.54942
0.187441
0.662
0.0996531
0.662
0.564716
0.0935564
0.662
0.662
0.105005
0.195653
0.616602
0.270236
0.316931
0.244818
0.441539
0.662
0.65178
0.662
0.047179
0.369266
0.662
0.662
0.19824
0.662
0.662
0.0222517
0.127815
0.131409
0.496416
0.20155
0.0255868
0.429215
0.246814
0.662
0.0782958
0.422796
0.52918
0.303206
0.121616
0.662
0.662
0.662
0.662
0.0880525
0.662
0.105215
0.167396
0.283198
0.158738
0.465126
0.443753
0.327988
0.229886
0.299166
0.100177
0.190863
0.662
0.237969
0.64668
0.149564
0.157442
0.413898
0.101524
0.540327
0.662
0.145012
0.458518
0.140037
0.257863
0.065675
0.260187
0.185887
0.303304
0.150064
0.476453
0.486482
0.187743
0.449275
0.662
0.0293411
0.460336
0.159403
0.105849
0.568598
0.529277
0.499117
0.0776951
0.236673
0.662
0.140938
0.130136
0.209321
0.662
0.170968
0.236266
0.0787067
0.662
0.126786
0.185002
0.662
0.0772379
0.662
0.188845
0.0244531
0.564103
0.167363
0.00769581
0.283045
0.00865864
0.327636
0.113761
0.426211
0.0299758
0.211988
0.154055
0.277267
0.662
0.473596
0.2509
0.596515
0.662
0.489556
0.545974
0.449495
0.0757254
0.209046
0.113558
0.0705553
0.395644
0.662
0.165343
0.347134
0.133389
0.221035
0.509935
0.32671
0.55994
0.165468
0.151209
0.126776
0.180861
0.478184
0.662
0.142363
0.430433
0.446477
0.142307
0.63145
0.219985
0.0925973
0.180663
0.23867
0.0774969
0.148249
0.662
0.238052
0.619086
0.160228
0.218956
0.102758
0.662
0.539074
0.358138
0.662
0.154982
0.534305
0.155555
0.130317
0.578569
0.192941
0.38566
0.618193
0.219642
0.662
0.103574
0.566307
0.279309
0.0743912
0.0378942
0.194555
0.11492
0.209776
0.0978465
0.00326344
0.135794
0.532266
0.453121
0.119871
0.0727615
0.418291
0.662
0.445196
0.662
0.176782
0.086273
0.305722
0.0371921
0.149781
0.662
0.621613
0.662
0.102724
0.391424
0.115754
0.219943
0.132875
0.662
0.615431
0.457814
0.195724
0.625907
0.027813
0.505088
0.182305
0.662
0.662
0.0628239
0.150421
0.306511
0.126382
0.376502
0.323734
0.662
0.1089
0.351178
0.396139
0.24074
0.14001
0.640351
0.0762325
0.639889
0.45227
0.0634324
0.233901
0.109097
0.662
0.174391
0.0509224
0.250616
0.182894
0.112289
0.434586
0.662
0.211152
0.125101
0.451361
0.662
0.0371097
0.377188
0.147255
0.647873
0.662
0.133459
0.172816
0.095253
0.388873
0.662
0.153529
0.214262
0.262164
0.359886
0.46597
0.662
0.408267
0.0951872
0.153986
0.072521
0.538797
0.197468
0.54744
0.549948
0.161422
0.0882679
0.40517
0.4498
0.0835331
0.0497083
0.399348
0.129893
0.120978
0.408501
0.138018
0.412502
0.106224
0.662
0.142202
0.520897
0.184762
0.479479
0.215937
0.288733
0.198013
0.12722
0.18892
0.662
0.662
0.312376
0.662
0.201891
0.662
0.420506
0.303341
0.662
0.662
0.179839
0.662
0.085329
0.0274004
0.264982
0.0484958
0.13522
0.662
0.203391
0.662
0.306264
0.28682
0.312735
0.0964639
0.266771
0.515398
0.354496
0.662
0.503061
0.298488
0.13561
0.07396
0.662
0.662
0.268441
0.319623
0.304703
0.13378
0.127073
0.0289591
0.178468
0.199758
0.0751086
0.662
0.212519
0.282406
0.0933381
0.238647
0.35934
0.244519
0.413553
0.404191
0.486305
0.662
0.118714
0.207215
0.269537
0.102677
0.615965
0.331464
0.662
0.245643
0.235931
0.469206
0.183001
0.4592
0.0900358
0.181328
0.451889
0.662
0.428777
0.662
0.410293
0.161773
0.616876
0.662
0.452599
0.107903
0.189422
0.136312
0.446006
0.662
0.399074
0.333778
0.104744
0.0706842
0.191698
0.375979
0.40957
0.139079
0.185984
0.0817799
0.569971
0.401344
0.0338556
0.108114
0.14928
0.104391
0.132146
0.363454
0.180684
0.288625
0.240851
0.495663
0.662
0.0795538
0.1826
0.154675
0.152061
0.23828
0.295723
0.537637
0.0258898
0.292983
0.488494
0.0626026
0.541359
0.241743
0.182439
0.259562
0.124426
0.283784
0.0614975
0.381887
0.192784
0.662
0.388752
0.173989
0.379411
0.0562238
0.0113609
0.662
0.39182
0.302768
0.265302
0.19143
0.26328
0.233932
0.340117
0.662
0.662
0.310767
0.509267
0.181515
0.662
0.343459
0.662
0.396922
0.0778911
0.662
0.662
0.662
0.120853
0.122001
0.00526651
0.662
0.106372
0.234608
0.421212
0.462797
0.207793
0.0934217
0.391917
0.059577
0.284043
0.627872
0.601224
0.0112822
0.394076
0.19493
0.148718
0.32469
0.119276
0.171691
0.625807
0.539954
0.662
0.631483
0.427577
0.114347
0.147987
0.522665
0.0788435
0.216339
0.159631
0.541532
0.329807
0.0443539
0.482005
0.136833
0.662
0.367399
0.216715
0.378275
0.373121
0.0385719
0.121123
0.662
0.165875
0.0454796
0.140006
0.225208
0.17028
0.370716
0.392803
0.179414
0.567301
0.100077
0.430528
0.158344
0.148359
0.629706
0.213667
0.654738
0.128536
0.351522
0.0504223
0.293722
0.232338
0.105884
0.102607
0.252336
0.0597885
0.141819
0.0493536
0.662
0.175751
0.662
0.151771
0.263745
0.662
0.0761793
0.193615
0.0519999
0.07779
0.662
0.233603
0.61574
0.362942
0.662
0.212956
0.30099
0.340087
0.662
0.418205
0.1871
0.193566
0.662
0.152313
0.211186
0.662
0.258173
0.107513
0.531693
0.374557
0.152689
0.662
0.0792395
0.662
0.0812411
0.304077
0.028219
0.463486
0.223992
0.0382405
0.210735
0.274419
0.0881579
0.16871
0.0224931
0.0341957
0.662
0.0667351
0.118862
0.662
0.407921
0.403801
0.662
0.115121
0.290159
0.0680078
0.124481
0.662
0.381913
0.212362
0.0154182
0.475338
0.116444
0.0838366
0.662
0.0683774
0.12244
0.381635
0.177629
0.56979
0.324117
0.608583
0.130027
0.00672826
0.200501
0.439347
0.549895
0.662
0.269174
0.420918
0.121042
0.122836
0.662
0.662
0.262561
0.0679661
0.247198
0.662
0.26228
0.183941
0.372095
0.0519031
0.202
0.13485
0.368824
0.194089
0.662
0.0466533
0.0947419
0.269996
0.662
0.268784
0.289219
0.662
0.398485
0.662
0.662
0.662
0.130935
0.41381
0.605425
0.178431
0.222206
0.279013
0.00792069
0.167388
0.606039
0.312534
0.335496
0.0937862
0.307606
0.0307258
0.136605
0.110243
0.172459
0.100472
0.516995
0.440662
0.138692
0.0592323
0.284001
0.662
0.508645
0.611402
0.600175
0.0708262
0.35788
0.0753697
0.290132
0.635673
0.0534189
0.168108
0.0178407
0.190534
0.119652
0.119796
0.588919
0.127782
0.505852
0.1589
0.0709023
0.662
0.360151
0.108327
0.0596659
0.205236
0.267262
0.662
0.662
0.0756299
0.590223
0.483302
0.662
0.00561659
0.251593
0.568892
0.619742
0.199571
0.607389
0.132633
0.130409
0.470343
0.198879
0.137778
0.243959
0.368888
0.310887
0.226338
0.124686
0.442796
0.662
0.0509656
0.162987
0.111752
0.128156
0.152773
0.552517
0.662
0.0581976
0.106184
0.402971
0.131993
0.662
0.659014
0.107576
0.0911655
0.354149
0.136313
0.0163614
0.662
0.126771
0.571159
0.171826
0.0666097
0.0940117
0.0984481
0.662
0.0684989
0.662
0.246443
0.662
0.0369799
0.496693
0.058248
0.154124
0.102751
0.142556
0.616106
0.0872646
0.390303
0.349721
0.0593435
0.0463638
0.243042
0.138184
0.662
0.662
0.200513
0.662
0.662
0.135775
0.375598
0.00215548
0.413942
0.172196
0.189598
0.662
0.0442194
0.269218
0.340458
0.0127201
0.154305
0.137997
0.662
0.181156
0.330204
0.662
0.118505
0.0139505
0.0639534
0.299873
0.343698
0.233233
0.0537914
0.384916
0.108549
0.628891
0.346587
0.217434
0.203499
0.0602752
0.144882
0.172177
0.0403729
0.0603821
0.00782013
0.0900371
0.662
0.175211
0.191031
0.508452
0.0924526
0.373236
0.139535
0.197969
0.259559
0.298563
0.662
0.0114428
0.584837
0.662
0.338073
0.354845
0.662
0.662
0.217381
0.662
0.587848
0.16077
0.136554
0.206123
0.0138257
0.28592
0.134326
0.662
0.260566
0.37159
0.116294
0.105978
0.662
0.233048
0.662
0.381218
0.51547
0.662
0.611378
0.132505
0.197347
0.0533158
0.25239
0.0750973
0.662
0.450011
0.0585158
0.533942
0.0608981
0.662
0.407125
0.395243
0.655946
0.384896
0.353374
0.0484493
0.612438
0.190405
0.18988
0.662
0.138454
0.259029
0.16175
0.110929
0.0234444
0.378026
0.229915
0.0808609
0.160581
0.262829
0.426924
0.3333
0.0941981
0.044141
0.266038
0.478082
0.00688065
0.0853561
0.303729
0.404307
0.464132
0.316098
0.662
0.119778
0.228832
0.330667
0.0482846
0.300193
0.662
0.409019
0.508494
0.662
0.135423
0.662
0.171774
0.0537747
0.230727
0.25455
0.652527
0.425365
0.250786
0.073655
0.662
0.121658
0.320235
0.0906416
0.192559
0.662
0.234088
0.439909
0.662
0.662
0.491062
0.234736
0.153056
0.0491804
0.0647486
0.662
0.150631
0.0820325
0.439097
0.0851445
0.225114
0.0761495
0.0544593
0.662
0.662
0.267908
0.626789
0.0806243
0.36511
0.226738
0.10902
0.440285
0.488544
0.034748
0.341905
0.0328731
0.0809167
0.341462
0.299998
0.0891095
0.1476
0.662
0.23388
0.266417
0.00167359
0.631947
0.216056
0.0457325
0.156542
0.211207
0.113713
0.595774
0.161463
0.0142691
0.662
0.411031
0.40475
0.135184
0.571931
0.346434
0.567936
0.325894
0.469508
0.118914
0.662
0.662
0.283961
0.341031
0.191829
0.469491
0.331149
0.56207
0.0580796
0.0260723
0.27503
0.662
0.126669
0.662
0.0967561
0.296192
0.662
0.514826
0.605733
0.080017
0.662
0.123576
0.187252
0.238847
0.116295
0.111942
0.662
0.662
0.650592
0.112346
0.284957
0.182034
0.231971
0.126746
0.0908282
0.619754
0.193244
0.662
0.662
0.20309
0.598365
0.0536336
0.662
0.0964824
0.414356
0.0739325
0.199174
0.125971
0.150458
0.113001
0.0686599
0.294375
0.418979
0.421325
0.662
0.35011
0.0695375
0.280024
0.361194
0.662
0.272799
0.118188
0.0467455
0.662
0.231366
0.160432
0.0438356
0.662
0.360583
0.0629018
0.110182
0.140863
0.654601
0.363191
0.077449
0.154006
0.226797
0.55675
0.513745
0.00834659
0.249657
0.405615
0.662
0.269796
0.564476
0.662
0.662
0.662
0.143063
0.662
0.272722
0.0422427
0.405915
0.203351
0.226883
0.662
0.463293
0.0597453
0.107004
0.0904681
0.0898832
0.662
0.353581
0.0418308
0.61896
0.326271
0.0936471
0.271703
0.326199
0.339053
0.0566414
0.0683402
0.379554
0.0898104
0.342799
0.0125201
0.662
0.278117
0.350018
0.219744
0.225815
0.216617
0.662
0.108769
0.662
0.292212
0.653553
0.662
0.338198
0.080047
0.358546
0.193153
0.141219
0.077558
0.142876
0.580432
0.662
0.662
0.662
0.339417
0.411825
0.0691255
0.155288
0.383932
0.126878
0.0800244
0.662
0.0783614
0.662
0.213296
0.122343
0.125046
0.662
0.662
0.200211
0.188538
0.139367
0.0812366
0.536014
0.0938123
0.266092
0.260107
0.116528
0.589063
0.145803
0.463286
0.662
0.21219
0.662
0.662
0.390409
0.662
0.662
0.477102
0.0846468
0.480184
0.399526
0.0387327
0.0572736
0.103889
0.135004
0.630969
0.287578
0.247834
0.662
0.0836605
0.635912
0.141866
0.0799881
0.201176
0.0839968
0.250694
0.163065
0.230725
0.191761
0.13398
0.662
0.191714
0.221601
0.365753
0.269324
0.200618
0.24252
0.662
0.127593
0.496391
0.504955
0.411577
0.194583
0.0517651
0.0369743
0.415719
0.363402
0.0554104
0.296828
0.662
0.142619
0.107319
0.662
0.144134
0.484494
0.616761
0.130304
0.167
0.106164
0.45094
0.199799
0.148796
0.203699
0.249245
0.662
0.19301
0.349182
0.268319
0.0709244
0.219451
0.630561
0.105766
0.153984
0.612095
0.0801864
0.662
0.216765
0.111617
0.0663902
0.236076
0.391493
0.0617156
0.274235
0.385433
0.32982
0.277131
0.203468
0.112579
0.662
0.0716994
0.662
0.0944619
0.216787
0.0604181
0.103636
0.416198
0.166725
0.384595
0.179125
0.112832
0.236258
0.416016
0.13189
0.340936
0.662
0.662
0.662
0.126739
0.189097
0.165822
0.662
0.0256012
0.662
0.327968
0.305629
0.450147
0.0952708
0.662
0.0443081
0.460131
0.660017
0.244924
0.217166
0.22016
0.182477
0.180027
0.271152
0.15594
0.196469
0.132293
0.402484
0.167609
0.124104
0.487889
0.325759
0.662
0.563148
0.505416
0.271688
0.142357
0.155008
0.142033
0.15367
0.20591
0.428518
0.0891064
0.127245
0.0830745
0.101492
0.248586
0.31802
0.283406
0.662
0.212965
0.22846
0.130799
0.207971
0.662
0.662
0.662
0.444999
0.474448
0.662
0.559399
0.183102
0.14846
0.0649332
0.299551
0.662
0.0923196
0.16785
0.653182
0.146774
0.662
0.662
0.126942
0.307572
0.465501
0.171765
0.112077
0.493573
0.396769
0.375573
0.662
0.0432459
0.0175148
0.142075
0.425613
0.334971
0.231896
0.35891
0.192862
0.121412
0.251417
0.211348
0.158413
0.119339
0.0250504
0.662
0.465292
0.0836384
0.209401
0.123267
0.217603
0.0204354
0.466875
0.112702
0.340582
0.581449
0.577716
0.476693
0.326759
0.251535
0.0925415
0.662
0.182916
0.518942
0.0479832
0.506434
0.662
0.0933806
0.60106
0.0849686
0.302606
0.161848
0.190033
0.226097
0.310658
0.176952
0.662
0.000470874
0.492275
0.213694
0.388056
0.662
0.595565
0.545496
0.180962
0.12687
0.534692
0.225279
0.461203
0.385634
0.281621
0.0519817
0.20732
0.418901
0.537132
0.0866419
0.0935819
0.0744867
0.106112
0.176258
0.233106
0.0803748
0.34915
0.30184
0.48928
0.339281
0.274319
0.154964
0.127932
0.102409
0.0662345
0.121328
0.295786
0.662
0.164206
0.172952
0.474009
0.308072
0.173533
0.662
0.242503
0.295615
0.0400353
0.215875
0.434799
0.146098
0.536284
0.662
0.431337
0.135804
0.0660356
0.196293
0.582627
0.599891
0.130937
0.0487372
0.662
0.662
0.0129314
0.0420966
0.0834607
0.662
0.0127174
0.385585
0.21501
0.662
0.246929
0.192479
0.392283
0.130996
0.662
0.546625
0.0930538
0.11334
0.0603832
0.219003
0.662
0.272787
0.0635573
0.154114
0.563796
0.191886
0.0983961
0.166392
0.278133
0.151859
0.200987
0.254463
0.662
0.596555
0.213308
0.485241
0.195637
0.662
0.117305
0.460153
0.327385
0.202842
0.662
0.23126
0.118925
0.321428
0.182978
0.375236
0.662
0.0977457
0.662
0.0472779
0.380507
0.145827
0.155489
0.114429
0.662
0.207927
0.662
0.662
0.19253
0.540352
0.548869
0.228619
0.130023
0.472316
0.0281638
0.189688
0.0430086
0.395033
0.0414294
0.362367
0.288695
0.123768
0.473922
0.11892
0.662
0.112231
0.662
0.0354064
0.0397575
0.187313
0.662
0.436139
0.662
0.0414351
0.104889
0.118621
0.217518
0.0836083
0.0620233
0.206417
0.633188
0.0383775
0.104026
0.0877992
0.057771
0.662
0.0959686
0.248557
0.32715
0.296247
0.0775294
0.045386
0.106603
0.662
0.449419
0.610847
0.662
0.330983
0.662
0.225718
0.424036
0.230052
0.37528
0.225418
0.651871
0.561832
0.452195
0.450508
0.618462
0.264063
0.119759
0.125572
0.300804
0.00194827
0.662
0.179936
0.119204
0.234895
0.654827
0.229285
0.105721
0.307056
0.14942
0.138963
0.424061
0.550715
0.46149
0.175183
0.603382
0.662
0.0501941
0.119977
0.662
0.12175
0.0340039
0.172965
0.160108
0.624719
0.097038
0.180966
0.662
0.211386
0.0809646
0.662
0.264347
0.10559
0.124413
0.167496
0.271532
0.07695
0.0521438
0.298473
0.0576268
0.503474
0.350792
0.132207
0.662
0.0462176
0.662
0.0179705
0.0794359
0.662
0.479299
0.308009
0.144842
0.138058
0.145158
0.662
0.662
0.0756912
0.0811617
0.629706
0.052352
0.259315
0.493898
0.111492
0.0445541
0.662
0.0807255
0.0735961
0.413638
0.417412
0.301933
0.212054
0.238616
0.191556
0.598565
0.105276
0.648958
0.138023
0.662
0.142674
0.124959
0.100357
0.270239
0.141313
0.263772
0.0990124
0.513753
0.662
0.238645
0.423705
0.0769322
0.121727
0.662
0.10972
0.65009
0.404556
0.545521
0.0973316
0.662
0.0301489
0.544423
0.0799175
0.662
0.345506
0.043816
0.336866
0.0987374
0.353314
0.338087
0.662
0.204609
0.177408
0.437111
0.662
0.382214
0.662
0.252393
0.0254441
0.137121
0.0536524
0.334576
0.0493711
0.0619801
0.0416988
0.662
0.255685
0.396847
0.117597
0.303432
0.294326
0.528777
0.195887
0.186818
0.276299
0.0928074
0.329798
0.194869
0.0884944
0.10611
0.466743
0.662
0.263767
0.192857
0.332279
0.0694204
0.155537
0.0776333
0.662
0.356285
0.3913
0.649716
0.522165
0.058508
0.662
0.123096
0.0742186
0.0482588
0.247521
0.059784
0.332238
0.610433
0.0839946
0.0915026
0.128332
0.0550845
0.0954256
0.662
0.662
0.192083
0.177964
0.238657
0.13062
0.19055
0.31045
0.137085
0.171382
0.662
0.294586
0.0132223
0.662
0.0895571
0.319995
0.377787
0.102953
0.0754612
0.245026
0.105861
0.40961
0.157295
0.634281
0.225408
0.428832
0.164077
0.503838
0.193391
0.112436
0.32287
0.662
0.0771139
0.438129
0.0351943
0.662
0.0763185
0.346108
0.615238
0.571043
0.132047
0.191244
0.130147
0.662
0.319996
0.552878
0.0521792
0.662
0.219598
0.376101
0.406617
0.177887
0.201213
0.181139
0.0733122
0.223523
0.662
0.286619
0.662
0.662
0.14627
0.184287
0.269637
0.662
0.401625
0.182528
0.0633931
0.0839503
0.620667
0.155221
0.178978
0.550686
0.393036
0.221269
0.13251
0.662
0.087475
0.662
0.055288
0.634478
0.0256451
0.662
0.134824
0.258195
0.11418
0.483878
0.662
0.0268773
0.0880535
0.0608614
0.0590106
0.391511
0.156557
0.180608
0.131889
0.306358
0.225392
0.294323
0.564009
0.190163
0.169281
0.104094
0.555147
0.0702491
0.662
0.662
0.192487
0.235251
0.143342
0.389761
0.561707
0.112708
0.617772
0.0427157
0.02023
0.118591
0.383753
0.42312
0.662
0.662
0.297859
0.0694762
0.319528
0.399256
0.229171
0.662
0.662
0.0674487
0.346731
0.438195
0.204103
0.132023
0.381533
0.662
0.20485
0.166007
0.662
0.191385
0.0440431
0.437125
0.315895
0.492354
0.146153
0.242037
0.444081
0.662
0.580828
0.529889
0.172863
0.284081
0.662
0.155378
0.662
0.303991
0.662
0.165505
0.134748
0.239271
0.116905
0.0415038
0.505628
0.190212
0.199971
0.365631
0.321455
0.376794
0.650737
0.662
0.231566
0.0927489
0.662
0.529555
0.0791268
0.141469
0.662
0.575394
0.248034
0.475908
0.339264
0.206184
0.207712
0.662
0.1105
0.336367
0.391246
0.662
0.16122
0.25899
0.0521207
0.136229
0.273044
0.390187
0.0428466
0.164996
0.061629
0.168746
0.148289
0.305817
0.578274
0.37798
0.294543
0.0698918
0.662
0.0684313
0.294982
0.0709182
0.211385
0.110926
0.284306
0.135394
0.18795
0.243205
0.116546
0.0662278
0.423213
0.234559
0.562091
0.302868
0.0471245
0.404351
0.221794
0.128027
0.268779
0.401723
0.450023
0.00327733
0.591736
0.662
0.662
0.0863612
0.456057
0.275062
0.102983
0.256976
0.235882
0.18773
0.546547
0.196896
0.662
0.134257
0.220229
0.399486
0.0485306
0.662
0.125919
0.0438134
0.156926
0.360951
0.13664
0.127501
0.154405
0.081224
0.169116
0.435951
0.276165
0.272374
0.591927
0.134137
0.31587
0.662
0.254619
0.577277
0.0794349
0.107752
0.0518792
0.662
0.405323
0.252529
0.427835
0.501527
0.429881
0.30709
0.171097
0.250323
0.0329474
0.662
0.459482
0.558959
0.363175
0.068386
0.495079
0.335237
0.662
0.0779902
0.435877
0.662
0.130754
0.135254
0.0490166
0.341711
0.0891962
0.177758
0.110452
0.489521
0.387289
0.229778
0.0343245
0.338748
0.179476
0.356497
0.662
0.662
0.0114503
0.0120162
0.662
0.662
0.662
0.219524
0.637715
0.315112
0.639772
0.152415
0.616385
0.420048
0.662
0.34888
0.267445
0.300068
0.122117
0.662
0.662
0.121816
0.0932429
0.223421
0.244786
0.0647592
0.0928197
0.662
0.662
0.0849106
0.556585
0.281421
0.128468
0.268682
0.0617626
0.0879012
0.120173
0.0381531
0.128383
0.253083
0.662
0.0864804
0.243129
0.103756
0.397188
0.662
0.0831678
0.281528
0.0466296
0.443716
0.113168
0.201769
0.662
0.210671
0.0668296
0.0562064
0.33176
0.161063
0.0659708
0.160943
0.42647
0.222342
0.225959
0.516461
0.33914
0.457946
0.0673129
0.360022
0.662
0.41542
0.139316
0.662
0.170692
0.251092
0.404478
0.416139
0.145587
0.27544
0.28113
0.331711
0.424357
0.662
0.189265
0.33655
0.132706
0.283328
0.393303
0.022036
0.508938
0.193561
0.662
0.662
0.0178797
0.115335
0.195501
0.46123
0.161623
0.0919521
0.127308
0.0961991
0.264325
0.44686
0.0335552
0.468629
0.662
0.159007
0.0160103
0.158939
0.389792
0.662
0.356959
0.662
0.255469
0.149538
0.470661
0.0886497
0.147797
0.662
0.662
0.15155
0.0382643
0.146319
0.225398
0.0728736
0.0897501
0.336556
0.165126
0.418757
0.662
0.340033
0.336038
0.662
0.604846
0.09358
0.0583926
0.0424556
0.126383
0.662
0.662
0.415608
0.334382
0.0710203
0.662
0.662
0.432233
0.284516
0.366024
0.288721
0.0527973
0.662
0.535914
0.0907831
0.662
0.342269
0.068171
0.305494
0.123431
0.451336
0.608257
0.662
0.0611748
0.662
0.100513
0.662
0.662
0.390266
0.452408
0.662
0.478867
0.163004
0.662
0.0671001
0.215372
0.581351
0.202091
0.0993018
0.337884
0.662
0.109748
0.37815
0.151139
0.12764
0.100437
0.097478
0.2363
0.167373
0.499716
0.662
0.618091
0.645178
0.260534
0.166373
0.16357
0.491245
0.173825
0.355344
0.487427
0.662
0.334845
0.235912
0.138449
0.23137
0.374898
0.417777
0.246218
0.595041
0.418151
0.467066
0.283862
0.313505
0.00960408
0.069243
0.164112
0.0562701
0.0430292
0.313018
0.166792
0.166634
0.185689
0.541364
0.53689
0.181104
0.377455
0.184061
0.662
0.662
0.0980212
0.15235
0.177618
0.082238
0.662
0.662
0.134677
0.128526
0.593772
0.0415901
0.370396
0.490519
0.662
0.662
0.0903069
0.0783525
0.470804
0.436815
0.41819
0.146409
0.166518
0.0394098
0.343874
0.538081
0.250872
0.568334
0.254906
0.196243
0.441023
0.31915
0.662
0.662
0.393189
0.190492
0.648336
0.662
0.369063
0.154808
0.371682
0.373389
0.662
0.662
0.341637
0.265462
0.179116
0.00473981
0.662
0.419757
0.209172
0.33406
0.24086
0.538291
0.160216
0.662
0.393362
0.189622
0.550865
0.0296561
0.153583
0.306085
0.38714
0.623153
0.170873
0.118506
0.662
0.122886
0.662
0.357693
0.0634531
0.662
0.662
0.152008
0.44218
0.255618
0.117633
0.662
0.492632
0.047232
0.139683
0.525109
0.662
0.272378
0.0723851
0.508109
0.162354
0.164585
0.263388
0.120988
0.662
0.532087
0.502557
0.0417993
0.000777443
0.0387407
0.197364
0.147067
0.134572
0.466768
0.378058
0.0756574
0.584965
0.0499706
0.215501
0.662
0.459247
0.662
0.0457787
0.0442085
0.180893
0.0282468
0.58622
0.107934
0.289978
0.239613
0.186681
0.453979
0.662
0.503059
0.474438
0.488783
0.662
0.575911
0.344881
0.144989
0.234065
0.197127
0.439131
0.145403
0.662
0.0436626
0.227598
0.233974
0.662
0.385112
0.148072
0.475164
0.195564
0.177891
0.282102
0.0909295
0.38576
0.045549
0.204965
0.249773
0.135833
0.120568
0.24071
0.229231
0.227725
0.56966
0.162136
0.181001
0.105272
0.662
0.310525
0.111125
0.662
0.251674
0.180736
0.225121
0.662
0.638702
0.408676
0.662
0.662
0.190458
0.601878
0.446354
0.34744
0.334346
0.395495
0.297158
0.511876
0.202868
0.470886
0.202408
0.0669573
0.300811
0.446438
0.544197
0.0885172
0.662
0.159743
0.621098
0.614206
0.415454
0.0759151
0.136315
0.371631
0.242061
0.253639
0.161203
0.478953
0.662
0.505681
0.406176
0.266476
0.0787435
0.426376
0.249288
0.0983268
0.34393
0.432864
0.0595962
0.662
0.176461
0.0744668
0.296319
0.110009
0.466222
0.135547
0.159185
0.177444
0.134781
0.602843
0.589246
0.114414
0.160427
0.366939
0.0929138
0.40804
0.276207
0.662
0.257563
0.0778853
0.382692
0.100922
0.286278
0.202818
0.036252
0.0947629
0.512641
0.662
0.168352
0.315609
0.0589587
0.230972
0.602741
0.19733
0.144325
0.110343
0.518024
0.295053
0.256874
0.345253
0.221406
0.662
0.662
0.107123
0.662
0.106708
0.52787
0.18073
0.662
0.662
0.00274506
0.662
0.269473
0.145946
0.662
0.417115
0.396023
0.193013
0.173959
0.36987
0.441577
0.114932
0.0277761
0.302024
0.371991
0.340529
0.110213
0.433911
0.662
0.265304
0.662
0.0958273
0.0390961
0.0921889
0.294926
0.581177
0.662
0.0755802
0.325198
0.467962
0.556737
0.357351
0.604396
0.662
0.133921
0.0413558
0.129454
0.662
0.17455
0.415068
0.0553962
0.0691454
0.201432
0.662
0.349719
0.300581
0.662
0.137409
0.0861909
0.585486
0.662
0.662
0.662
0.0276575
0.333285
0.498908
0.662
0.544008
0.662
0.278466
0.326952
0.662
0.379103
0.136592
0.389442
0.413472
0.662
0.0614436
0.0915542
0.0716571
0.0798751
0.313404
0.192719
0.662
0.0795363
0.195833
0.198086
0.582059
0.096655
0.442057
0.122085
0.18592
0.105121
0.376127
0.662
0.662
0.0980991
0.210288
0.662
0.0661678
0.107113
0.20387
0.0954049
0.196726
0.149683
0.413206
0.221044
0.1309
0.376332
0.204618
0.159419
0.210666
0.457679
0.662
0.167796
0.11818
0.173323
0.0251952
0.0983316
0.0319923
0.250077
0.22813
0.416605
0.303663
0.171786
0.278583
0.385027
0.109629
0.00598334
0.662
0.662
0.0918614
0.33204
0.218305
0.0697008
0.0138811
0.469176
0.156852
0.662
0.0608451
0.430924
0.0164449
0.240696
0.221007
0.654915
0.515383
0.662
0.334725
0.662
0.168257
0.488006
0.662
0.498072
0.464266
0.113493
0.608211
0.662
0.271845
0.126463
0.0578482
0.246578
0.276162
0.662
0.124321
0.107529
0.0920113
0.187596
0.217803
0.656289
0.266146
0.0375155
0.00519665
0.0943448
0.622202
0.131133
0.0872993
0.662
0.54277
0.124111
0.662
0.231504
0.113245
0.662
0.0186914
0.662
0.107337
0.424619
0.303726
0.0395489
0.426563
0.209776
0.351274
0.0894156
0.302417
0.662
0.141202
0.662
0.259717
0.0804602
0.43593
0.124106
0.210829
0.370218
0.23311
0.409442
0.0946377
0.662
0.662
0.515227
0.345784
0.231491
0.105669
0.147575
0.282343
0.161193
0.248017
0.143001
0.513458
0.0842377
0.662
0.662
0.476086
0.662
0.332494
0.363923
0.13862
0.662
0.662
0.14117
0.186756
0.161468
0.0799641
0.662
0.254021
0.662
0.662
0.101262
0.214939
0.42678
0.126774
0.662
0.0463992
0.640339
0.203689
0.298948
0.334743
0.00773514
0.417675
0.100301
0.662
0.0144658
0.239794
0.287004
0.157186
0.0757442
0.176281
0.662
0.289202
0.0698904
0.0930743
0.348234
0.101597
0.641613
0.24015
0.346251
0.619004
0.662
0.155309
0.0699652
0.552101
0.0328518
0.662
0.211928
0.0702878
0.154749
0.198727
0.152408
0.233629
0.662
0.0762519
0.610633
0.0386506
0.662
0.0995395
0.57804
0.294629
0.450411
0.662
0.061881
0.218585
0.662
0.376689
0.192166
0.0848457
0.244405
0.150363
0.662
0.0135251
0.652447
0.138461
0.0557688
0.0338179
0.109229
0.214482
0.243883
0.662
0.633391
0.0972456
0.662
0.662
0.310643
0.0741476
0.662
0.204374
0.662
0.662
0.182806
0.662
0.0960378
0.583798
0.301189
0.662
0.44663
0.0719486
0.074861
0.662
0.641319
0.0708394
0.177524
0.0291977
0.122411
0.0698879
0.123093
0.503252
0.285678
0.144043
0.0631225
0.158442
0.247678
0.662
0.418954
0.500599
0.0649782
0.605321
0.468551
0.662
0.627926
0.135453
0.267398
0.454496
0.227717
0.275314
0.0506576
0.151556
0.169946
0.082167
0.201006
0.111884
0.399758
0.124167
0.385567
0.181066
0.142968
0.440671
0.245474
0.00331833
0.223875
0.12287
0.108486
0.555864
0.19738
0.662
0.0652357
0.288501
0.576341
0.15684
0.662
0.42182
0.42518
0.355876
0.516027
0.108559
0.164974
0.097507
0.662
0.0746377
0.393888
0.044111
0.662
0.662
0.33253
0.00200182
0.662
0.0965384
0.211644
0.0591779
0.662
0.527945
0.190817
0.618349
0.427315
0.24068
0.112279
0.662
0.385557
0.300062
0.662
0.244245
0.274658
0.298636
0.044597
0.165315
0.662
0.15885
0.462705
0.662
0.0971271
0.18011
0.603684
0.662
0.171504
0.228475
0.104307
0.164864
0.0762249
0.41963
0.571241
0.445928
0.0302902
0.311877
0.139972
0.347946
0.114629
0.143546
0.110427
0.320602
0.437427
0.662
0.635022
0.0912562
0.103317
0.0982646
0.129723
0.490109
0.662
0.422347
0.502812
0.396681
0.452014
0.0751788
0.222133
0.449565
0.641394
0.502863
0.174371
0.0451483
0.391698
0.311751
0.465094
0.146137
0.110767
0.0777747
0.0528646
0.662
0.572063
0.299732
0.259919
0.662
0.140032
0.0826274
0.414359
0.0471187
0.37465
0.215228
0.487761
0.149209
0.185057
0.0842611
0.0703085
0.103016
0.247491
0.208746
0.0688374
0.0802451
0.662
0.164733
0.47233
0.169538
0.160775
0.328909
0.22629
0.662
0.166814
0.20031
0.343557
0.121315
0.264665
0.0502074
0.163
0.662
0.188046
0.223072
0.016634
0.408536
0.662
0.190737
0.0678066
0.166731
0.435034
0.0921007
0.662
0.366053
0.537672
0.648268
0.229291
0.147058
0.151882
0.152492
0.386442
0.662
0.448175
0.0485095
0.0240366
0.517184
0.662
0.372944
0.438251
0.413707
0.430438
0.662
0.213929
0.0649876
0.476348
0.177739
0.662
0.131536
0.283918
0.287774
0.662
0.224385
0.205039
0.355466
0.046182
0.0965863
0.176886
0.339838
0.611822
0.0630887
0.427339
0.646856
0.256153
0.115066
0.610897
0.249511
0.642401
0.662
0.102997
0.662
0.662
0.372389
0.306304
0.662
0.0919173
0.153846
0.459691
0.404808
0.346037
0.549966
0.0713363
0.100654
0.662
0.582565
0.109382
0.00665776
0.097973
0.662
0.39494
0.384193
0.124488
0.156276
0.662
0.086899
0.662
0.189717
0.00139472
0.350588
0.402783
0.662
0.662
0.149976
0.051158
0.232705
0.409569
0.228548
0.662
0.442542
0.413154
0.224646
0.192375
0.157353
0.229038
0.136344
0.18779
0.276457
0.181952
0.126423
0.222811
0.0215052
0.662
0.23405
0.32889
0.0557609
0.460753
0.0665977
0.135077
0.445056
0.11711
0.0771145
0.00464132
0.113776
0.369168
0.250312
0.107273
0.662
0.101311
0.430252
0.662
0.280178
0.431459
0.101997
0.523031
0.388682
0.662
0.244837
0.662
0.429542
0.38178
0.304324
0.375749
0.102399
0.262678
0.145881
0.323949
0.29649
0.0469227
0.105493
0.110312
0.0838958
0.177129
0.196645
0.662
0.0640097
0.430658
0.0656051
0.21607
0.662
0.118163
0.662
0.324973
0.0875876
0.127592
0.0642623
0.11853
0.228244
0.511683
0.240417
0.422283
0.212584
0.215711
0.266476
0.0389851
0.386651
0.321178
0.105678
0.662
0.236706
0.079155
0.36993
0.56782
0.662
0.0670771
0.322077
0.230735
0.662
0.451126
0.113637
0.107165
0.662
0.662
0.175598
0.12621
0.330405
0.662
0.0932601
0.0860646
0.480041
0.294206
0.662
0.157423
0.662
0.149178
0.0735188
0.662
0.283131
0.662
0.222904
0.292391
0.0100462
0.0607984
0.422575
0.662
0.662
0.445686
0.662
0.10627
0.0930145
0.106965
0.519151
0.404867
0.662
0.662
0.100303
0.550506
0.427824
0.272124
0.530491
0.261373
0.55477
0.177939
0.378276
0.662
0.0911742
0.285468
0.270284
0.0816934
0.237297
0.164616
0.042606
0.199514
0.662
0.662
0.29708
0.610221
0.374586
0.13582
0.485452
0.444603
0.22444
0.458134
0.538536
0.614366
0.0845807
0.230055
0.662
0.662
0.153893
0.091171
0.272684
0.0853045
0.170601
0.242395
0.173127
0.0535273
0.453067
0.648341
0.341216
0.213071
0.45732
0.554745
0.459406
0.137219
0.00496372
0.65145
0.662
0.244501
0.584341
0.0992362
0.662
0.467356
0.0594103
0.273296
0.316638
0.548785
0.196222
0.531548
0.287289
0.633565
0.215404
0.656077
0.463886
0.21595
0.0864677
0.662
0.330222
0.426763
0.11144
0.30137
0.161809
0.328269
0.211573
0.12051
0.0586306
0.284677
0.174459
0.142479
0.591736
0.100992
0.108098
0.662
0.122122
0.125528
0.662
0.217658
0.0422288
0.432704
0.0919907
0.485151
0.11765
0.349525
0.148169
0.565605
0.0891139
0.662
0.167475
0.0641241
0.662
0.334856
0.662
0.662
0.241942
0.107501
0.145334
0.662
0.112769
0.662
0.206631
0.278899
0.315851
0.0901681
0.208608
0.662
0.0182384
0.0889587
0.399416
0.662
0.0544818
0.212106
0.175518
0.101172
0.431509
0.662
0.662
0.387563
0.056288
0.0782158
0.205837
0.304063
0.216762
0.220154
0.577638
0.23636
0.148072
0.109278
0.270577
0.187474
0.078129
0.12282
0.0662213
0.598366
0.00601572
0.662
0.662
0.0601439
0.160127
0.150096
0.254469
0.662
0.0436647
0.310398
0.173264
0.119155
0.413622
0.394919
0.13758
0.0809737
0.358654
0.662
0.0936579
