0.226157
0.405366
0.152922
0.589736
0.360855
0.195713
0.0673256
0.662
0.089533
0.386581
0.119376
0.617861
0.116544
0.487841
0.214887
0.662
0.061309
0.0289454
0.286483
0.181492
0.413659
0.662
0.382051
0.423784
0.0672873
0.0677718
0.095816
0.113139
0.545229
0.662
0.273136
0.489576
0.0760459
0.226515
0.0721376
0.510523
0.0873426
0.62155
0.296137
0.662
0.101027
0.383551
0.097154
0.472616
0.662
0.47873
0.413873
0.427085
0.123179
0.662
0.0731794
0.229216
0.404034
0.0878494
0.448764
0.0691689
0.339193
0.293798
0.509904
0.11393
0.00340524
0.0718279
0.389087
0.276441
0.540493
0.477199
0.550552
0.338358
0.141524
0.44568
0.440981
0.0633199
0.16795
0.00982705
0.444516
0.0909645
0.101041
0.325198
0.213029
0.662
0.662
0.108807
0.0687666
0.662
0.662
0.148282
0.0348413
0.662
0.187725
0.0895939
0.208523
0.41957
0.560284
0.19207
0.662
0.492054
0.106605
0.662
0.475259
0.333683
0.423918
0.077549
0.501712
0.662
0.254824
0.252212
0.331577
0.0566303
0.0828792
0.181304
0.563336
0.013466
0.151437
0.662
0.130124
0.278145
0.332557
0.596228
0.298277
0.200853
0.17235
0.289573
0.0781285
0.662
0.662
0.186394
0.662
0.266773
0.241964
0.152622
0.376709
0.38557
0.263176
0.525523
0.195775
0.0339305
0.239338
0.662
0.262151
0.30237
0.0394212
0.18714
0.163597
0.307581
0.254635
0.158243
0.0916396
0.662
0.662
0.0736246
0.177137
0.169867
0.28766
0.662
0.160829
0.289236
0.198589
0.127175
0.112397
0.393606
0.662
0.110946
0.192717
0.249081
0.167191
0.0799666
0.180487
0.0130928
0.242899
0.662
0.166702
0.227043
0.499071
0.662
0.217517
0.413938
0.194498
0.217521
0.286453
0.195963
0.153876
0.0428935
0.210002
0.614431
0.640374
0.190107
0.446759
0.409575
0.178834
0.0988705
0.162429
0.472694
0.389646
0.23286
0.291368
0.145107
0.662
0.662
0.662
0.219579
0.0709183
0.238926
0.105081
0.197357
0.0993697
0.552643
0.662
0.662
0.115175
0.232296
0.34218
0.335555
0.662
0.662
0.48839
0.187256
0.327373
0.107869
0.292453
0.13111
0.214593
0.0448238
0.518472
0.636364
0.0109991
0.662
0.133825
0.662
0.495127
0.153372
0.20929
0.133945
0.0804419
0.248189
0.139129
0.243973
0.146466
0.0455134
0.248993
0.314533
0.662
0.537918
0.544131
0.109437
0.6287
0.423079
0.575969
0.662
0.114206
0.109315
0.204495
0.514128
0.358643
0.181241
0.149343
0.264626
0.447614
0.166725
0.269982
0.26334
0.0755024
0.161935
0.432757
0.0947041
0.00103652
0.402898
0.150885
0.662
0.384966
0.276796
0.351752
0.116724
0.0462607
0.662
0.235971
0.161596
0.150477
0.608653
0.226653
0.278094
0.662
0.205837
0.166292
0.298727
0.285593
0.662
0.081617
0.0940511
0.161879
0.656727
0.117266
0.662
0.662
0.141346
0.662
0.283496
0.139399
0.0982403
0.662
0.662
0.335259
0.0890572
0.475791
0.277654
0.132293
0.268168
0.0996387
0.0884275
0.662
0.356256
0.662
0.119997
0.662
0.282387
0.553157
0.235551
0.0793926
0.113652
0.264826
0.662
0.0902592
0.209421
0.561981
0.202233
0.194376
0.267417
0.662
0.217039
0.31103
0.228161
0.662
0.162978
0.00401236
0.370745
0.15283
0.213858
0.662
0.141146
0.235012
0.662
0.162547
0.380553
0.130786
0.662
0.515831
0.261788
0.662
0.336829
0.662
0.662
0.662
0.226423
0.0785386
0.662
0.00265521
0.0472218
0.0729541
0.21839
0.369441
0.172657
0.188465
0.0358977
0.662
0.296788
0.195095
0.0976328
0.12208
0.0226662
0.207812
0.046691
0.219677
0.142871
0.141819
0.0583023
0.411114
0.257718
0.199463
0.531151
0.0244588
0.152088
0.278787
0.662
0.25675
0.26478
0.117058
0.662
0.113676
0.0972716
0.217451
0.110608
0.126202
0.598216
0.239335
0.662
0.339825
0.662
0.662
0.0815251
0.395648
0.466768
0.0699664
0.112432
0.224226
0.0449742
0.111386
0.662
0.0793986
0.200062
0.379151
0.01885
0.164529
0.12298
0.208871
0.552948
0.274263
0.0978787
0.464464
0.0712726
0.662
0.203581
0.284886
0.662
0.209125
0.194983
0.0371287
0.210046
0.662
0.401374
0.131926
0.102917
0.199426
0.192916
0.248535
0.475528
0.428542
0.486982
0.0828026
0.662
0.0434116
0.142983
0.0223811
0.219249
0.275336
0.436154
0.124903
0.590438
0.0244225
0.371013
0.443039
0.0877761
0.662
0.400772
0.195547
0.0796011
0.285039
0.0338055
0.457131
0.533439
0.474705
0.261448
0.614023
0.066415
0.662
0.662
0.295249
0.662
0.5091
0.373876
0.662
0.0804756
0.662
0.575393
0.662
0.222371
0.287602
0.430415
0.405944
0.0276098
0.662
0.280412
0.467068
0.48919
0.100606
0.662
0.63381
0.247029
0.662
0.334707
0.0963262
0.144225
0.532339
0.141263
0.098998
0.33113
0.573147
0.311768
0.328738
0.0499511
0.615874
0.335067
0.120634
0.507675
0.0587588
0.362517
0.289339
0.662
0.372243
0.170221
0.662
0.66189
0.461627
0.0970584
0.110855
0.349647
0.441589
0.400368
0.053774
0.085827
0.11401
0.20186
0.551928
0.453158
0.157127
0.662
0.383239
0.662
0.538691
0.0528777
0.662
0.0587451
0.578789
0.0666133
0.192496
0.662
0.0654639
0.107922
0.0741783
0.224728
0.197573
0.662
0.123479
0.662
0.662
0.185659
0.454334
0.385966
0.053624
0.227886
0.120764
0.431913
0.171614
0.618526
0.175588
0.0200674
0.0976561
0.0612393
0.463282
0.280906
0.662
0.307014
0.116893
0.646531
0.130256
0.130103
0.211237
0.513404
0.317804
0.211556
0.662
0.0808105
0.0642187
0.0907506
0.378169
0.233287
0.0455813
0.366098
0.662
0.662
0.662
0.269522
0.409375
0.144139
0.168973
0.195366
0.1884
0.573357
0.410861
0.202595
0.277622
0.662
0.0546679
0.13655
0.485129
0.483961
0.662
0.251327
0.0193717
0.617579
0.376709
0.508546
0.144044
0.662
0.373457
0.176337
0.651742
0.013368
0.245996
0.662
0.107117
0.192778
0.11894
0.184662
0.213978
0.477981
0.00475207
0.662
0.184384
0.0311034
0.577779
0.0938704
0.408927
0.448505
0.105723
0.318469
0.195625
0.0561874
0.662
0.258531
0.0720097
0.662
0.253305
0.57914
0.172022
0.662
0.179741
0.13459
0.206031
0.0544755
0.662
0.0655746
0.151747
0.662
0.0898148
0.0921928
4.68157e-05
0.00160296
0.605307
0.662
0.186518
0.0365852
0.608946
0.662
0.338206
0.662
0.332889
0.172531
0.166952
0.507253
0.315487
0.0399597
0.226386
0.662
0.235782
0.172422
0.113095
0.662
0.330485
0.4682
0.15461
0.596553
0.662
0.662
0.138238
0.216098
0.355534
0.585719
0.366778
0.476458
0.571832
0.121949
0.662
0.0947086
0.040261
0.625359
0.60807
0.0544208
0.353131
0.503383
0.102404
0.114811
0.238136
0.412122
0.662
0.574154
0.142462
0.653901
0.0462192
0.104489
0.102388
0.0721766
0.648439
0.0547187
0.0139392
0.074594
0.096535
0.0698563
0.112336
0.281147
0.580267
0.139941
0.103735
0.662
0.0633945
0.3715
0.662
0.662
0.167154
0.200313
0.168558
0.0701482
0.100253
0.0501865
0.315162
0.102633
0.0877243
0.467421
0.42979
0.118713
0.277348
0.0724519
0.0867377
0.662
0.468716
0.616574
0.473044
0.662
0.192643
0.662
0.271335
0.188148
0.0737914
0.197847
0.433935
0.21092
0.0582514
0.420158
0.171712
0.0872022
0.636515
0.662
0.0921916
0.216534
0.303726
0.364106
0.662
0.662
0.212127
0.131168
0.0448136
0.112122
0.188939
0.100624
0.662
0.357064
0.662
0.662
0.205426
0.481364
0.198254
0.662
0.0453633
0.214931
0.181642
0.351722
0.375558
0.133595
0.201424
0.235738
0.661591
0.246036
0.167815
0.419158
0.255203
0.206663
0.372026
0.570038
0.0813674
0.662
0.0354984
0.662
0.35598
0.0367245
0.0769388
0.326391
0.178579
0.108102
0.13913
0.462317
0.188533
0.6087
0.0686372
0.206062
0.0909949
0.299669
0.662
0.233097
0.36046
0.0409566
0.0639341
0.662
0.244471
0.177807
0.112758
0.662
0.102437
0.662
0.366259
0.124689
0.372081
0.102442
0.12539
0.662
0.0439694
0.051728
0.662
0.662
0.662
0.662
0.028689
0.0661901
0.104841
0.181478
0.575433
0.194669
0.0296973
0.292
0.662
0.485956
0.147758
0.150625
0.110505
0.599453
0.192229
0.200004
0.360272
0.16467
0.160522
0.182592
0.276443
0.366801
0.181972
0.0972277
0.287529
0.126419
0.292708
0.163805
0.197836
0.474582
0.209279
0.662
0.232995
0.232688
0.650822
0.406472
0.645495
0.0923275
0.462168
0.15008
0.108247
0.0667768
0.5527
0.111927
0.477098
0.662
0.104806
0.595581
0.662
0.00474843
0.529333
0.079062
0.395356
0.539705
0.198338
0.662
0.299144
0.501407
0.520483
0.12314
0.662
0.0882941
0.212986
0.261187
0.224159
0.394148
0.179326
0.189389
0.2765
0.157582
0.258583
0.662
0.592026
0.411147
0.0992531
0.336655
0.246133
0.205297
0.194575
0.0822225
0.0119817
0.580025
0.242345
0.248068
0.587604
0.662
0.33841
0.354716
0.662
0.158823
0.262297
0.662
0.258743
0.662
0.662
0.0141638
0.662
0.240756
0.0873948
0.307817
0.525546
0.120513
0.208358
0.188601
0.0742553
0.143516
0.564759
0.217257
0.106607
0.638575
0.360882
0.137581
0.279387
0.0656111
0.0804789
0.662
0.191998
0.662
0.386574
0.130725
0.662
0.395434
0.178643
0.298503
0.224794
0.188789
0.0660469
0.135087
0.0988002
0.205729
0.084427
0.1173
0.077611
0.662
0.100868
0.193283
0.662
0.662
0.3919
0.142554
0.423307
0.567649
0.165124
0.016585
0.515913
0.662
0.0265255
0.662
0.591168
0.435808
0.550726
0.156137
0.477193
0.345038
0.0955105
0.0857687
0.244864
0.14121
0.210303
0.12773
0.00395105
0.0553293
0.142469
0.4917
0.147292
0.0761073
0.0733624
0.329143
0.0286053
0.662
0.0628545
0.202342
0.272077
0.379756
0.662
0.196987
0.470925
0.152526
0.245119
0.30479
0.322602
0.267271
0.256037
0.392847
0.234091
0.662
0.579782
0.348876
0.314674
0.239139
0.184857
0.155159
0.118639
0.146425
0.662
0.110613
0.103115
0.662
0.662
0.174059
0.421481
0.662
0.662
0.171072
0.411247
0.0630905
0.139801
0.365967
0.330398
0.662
0.209317
0.595227
0.534086
0.0710697
0.0621501
0.190103
0.276283
0.147635
0.259742
0.662
0.279817
0.637959
0.0502469
0.435821
0.192278
0.050237
0.106404
0.406322
0.662
0.0266838
0.662
0.169691
0.39794
0.0763
0.514804
0.534773
0.397828
0.662
0.234628
0.11224
0.397
0.662
0.659547
0.0948656
0.503911
0.187792
0.0404884
0.158431
0.102279
0.445985
0.141541
0.0244109
0.330766
0.45119
0.39863
0.343117
0.151915
0.277427
0.00634663
0.662
0.103064
0.209614
0.225508
0.662
0.27922
0.240293
0.211418
0.148848
0.435476
0.260679
0.411175
0.14277
0.020137
0.662
0.374508
0.634767
0.662
0.157585
0.196194
0.662
0.256166
0.240489
0.662
0.426919
0.0262549
0.421447
0.136496
0.209188
0.131672
0.0348885
0.130809
0.281793
0.258447
0.0741142
0.23565
0.662
0.662
0.440762
0.130543
0.162168
0.489831
0.375642
0.217795
0.662
0.113256
0.0999318
0.137888
0.138423
0.0720223
0.319068
0.078177
0.0283709
0.148524
0.662
0.0618226
0.385473
0.211087
0.383451
0.661616
0.448333
0.662
0.662
0.250466
0.245897
0.34883
0.114649
0.662
0.427997
0.289644
0.212623
0.187634
0.662
0.619375
0.662
0.122836
0.158847
0.642963
0.086154
0.662
0.490525
0.544833
0.0113224
0.0723205
0.014984
0.0635205
0.343037
0.662
0.202149
0.0559701
0.363748
0.433224
0.0868879
0.111659
0.388158
0.0788434
0.371796
0.662
0.243089
0.159074
0.173545
0.388764
0.4509
0.268557
0.317284
0.0861342
0.458617
0.222397
0.184062
0.0981521
0.143646
0.662
0.264037
0.662
0.0803238
0.435975
0.58614
0.388294
0.0558052
0.195542
0.273278
0.662
0.259824
0.662
0.0685254
0.662
0.19608
0.100549
0.0479621
0.662
0.275377
0.662
0.159323
0.509962
0.115371
0.257094
0.140777
0.16949
0.662
0.11454
0.0858982
0.0446562
0.46816
0.335062
0.210734
0.0959994
0.298715
0.239528
0.662
0.328704
0.0448259
0.138936
0.113682
0.146471
0.0443537
0.222779
0.662
0.0652576
0.430123
0.437147
0.213492
0.0464242
0.252305
0.25599
0.661965
0.480141
0.541137
0.662
0.0387919
0.302532
0.0964577
0.186157
0.229392
0.146992
0.662
0.142957
0.221862
0.104469
0.662
0.126575
0.115082
0.0311067
0.203364
0.222812
0.272376
0.108941
0.662
0.299309
0.441944
0.662
0.192108
0.487123
0.210006
0.547353
0.205407
0.198937
0.662
0.0576046
0.261024
0.394778
0.339727
0.662
0.545589
0.326451
0.0514572
0.0571772
0.662
0.662
0.42126
0.0228304
0.394906
0.0160975
0.159586
0.253417
0.256675
0.220808
0.154358
0.133887
0.0952599
0.387652
0.459463
0.565377
0.0849352
0.16637
0.394096
0.251401
0.104658
0.662
0.340552
0.586485
0.0626523
0.465319
0.303351
0.0482388
0.458548
0.289868
0.338612
0.48972
0.164273
0.169595
0.57822
0.662
0.518704
0.119482
0.662
0.0253484
0.416175
0.197604
0.662
0.135553
0.0307598
0.237206
0.0983744
0.117831
0.190379
0.221271
0.474139
0.177498
0.350209
0.154017
0.662
0.364386
0.662
0.111863
0.570061
0.0233884
0.162519
0.122422
0.662
0.0923878
0.174304
0.330731
0.0771217
0.371392
0.615697
0.074991
0.159606
0.472147
0.119536
0.229805
0.567116
0.361452
0.113317
0.662
0.377386
0.230957
0.443261
0.119909
0.655936
0.0999609
0.450673
0.182332
0.662
0.203293
0.127944
0.00386897
0.0973361
0.552588
0.552485
0.185656
0.662
0.0999193
0.171657
0.0787688
0.594998
0.175888
0.662
0.0948489
0.662
0.0746135
0.36781
0.0796817
0.0593623
0.186423
0.292986
0.111201
0.387857
0.146836
0.0711881
0.0998894
0.662
0.0937035
0.42698
0.122993
0.103958
0.142381
0.290791
0.662
0.648211
0.662
0.275959
0.315293
0.367468
0.351679
0.662
0.0405118
0.428664
0.367684
0.662
0.085512
0.662
0.662
0.447145
0.182937
0.110909
0.0573475
0.250564
0.204117
0.643194
0.174528
0.147509
0.439883
0.0667078
0.194891
0.114024
0.375639
0.153099
0.126735
0.189283
0.662
0.650037
0.156722
0.662
0.354659
0.662
0.442776
0.662
0.148609
0.0845991
0.501612
0.267835
0.0572984
0.132641
0.26773
0.517827
0.662
0.118033
0.662
0.215241
0.263299
0.108066
0.223092
0.23504
0.0768652
0.39306
0.329673
0.332764
0.194582
0.305976
0.0744317
0.662
0.0592849
0.0166743
0.0386247
0.213558
0.318038
0.662
0.391797
0.237582
0.488606
0.169748
0.361434
0.481191
0.142268
0.110885
0.286563
0.162995
0.662
0.185581
0.15151
0.49173
0.102857
0.0756708
0.110774
0.0912438
0.265354
0.662
0.261579
0.476956
0.18525
0.28697
0.432927
0.530042
0.256893
0.662
0.341684
0.234276
0.149545
0.203352
0.411696
0.536805
0.075282
0.637052
0.662
0.423451
0.662
0.0930654
0.311731
0.662
0.449238
0.423992
0.111192
0.351191
0.662
0.0194386
0.147881
0.48943
0.344054
0.377069
0.190473
0.111823
0.662
0.184653
0.232749
0.614066
0.318791
0.662
0.0813894
0.247332
0.212758
0.203795
0.0846084
0.324707
0.662
0.129764
0.30855
0.175355
0.0745334
0.148963
0.180035
0.519268
0.19468
0.300836
0.255198
0.313729
0.537103
0.447516
0.322206
0.662
0.662
0.0366484
0.260563
0.0792034
0.154072
0.118853
0.0730235
0.254024
0.236552
0.501616
0.316586
0.5024
0.177934
0.208396
0.286612
0.0633828
0.343544
0.0224554
0.222123
0.437108
0.258293
0.255051
0.105917
0.327907
0.260788
0.0871985
0.135339
0.291902
0.411126
0.142478
0.662
0.230823
0.294874
0.226645
0.193044
0.0776392
0.662
0.262967
0.662
0.451937
0.662
0.30786
0.442333
0.311499
0.380867
0.0316217
0.0936833
0.086271
0.555798
0.372682
0.0975891
0.407971
0.111402
0.662
0.662
0.0706646
0.0425465
0.471535
0.269134
0.427075
0.662
0.662
0.130482
0.335594
0.237053
0.528608
0.281183
0.10951
0.211193
0.25209
0.125716
0.37577
0.0384534
0.662
0.662
0.557852
0.223608
0.0966371
0.187764
0.662
0.251588
0.122079
0.229742
0.212167
0.291426
0.050067
0.225189
0.188248
0.238088
0.657178
0.309574
0.534694
0.516595
0.662
0.0387485
0.391277
0.345667
0.155537
0.386448
0.0779768
0.662
0.193241
0.259875
0.174954
0.103272
0.662
0.160088
0.261069
0.313416
0.531072
0.18503
0.662
0.263015
0.0885314
0.180763
0.176079
0.662
0.101236
0.180274
0.0990376
0.662
0.0932344
0.0437948
0.662
0.662
0.0864343
0.662
0.0976285
0.256352
0.16269
0.11861
0.0919184
0.30447
0.662
0.429087
0.58053
0.264228
0.662
0.584815
0.176318
0.187713
0.12858
0.212844
0.208643
0.312291
0.662
0.00979708
0.100969
0.613532
0.0111304
0.456371
0.352807
0.662
0.149536
0.331888
0.1467
0.193413
0.221703
0.47033
0.662
0.236584
0.141179
0.142412
0.0578276
0.252779
0.19168
0.278645
0.164951
0.35651
0.0703935
0.177328
0.662
0.188383
0.214804
0.33202
0.225895
0.420835
0.654679
0.443564
0.193373
0.256378
0.0164365
0.170038
0.662
0.0876847
0.0628721
0.132488
0.114362
0.662
0.312224
0.0622855
0.662
0.662
0.0788014
0.307392
0.372846
0.662
0.384795
0.395457
0.20337
0.662
0.143861
0.170608
0.112423
0.542546
0.127021
0.518269
0.662
0.01103
0.0715613
0.058907
0.040907
0.346775
0.32439
0.120455
0.605321
0.183489
0.103167
0.111809
0.143652
0.662
0.174255
0.128955
0.227535
0.076767
0.354058
0.0426863
0.662
0.169743
0.332586
0.254252
0.117343
0.183919
0.108431
0.662
0.559513
0.113457
0.234227
0.457505
0.109471
0.662
0.662
0.662
0.0805953
0.0512507
0.0330749
0.191133
0.662
0.257055
0.647048
0.0325994
0.0518321
0.411341
0.0875877
0.526678
0.401854
0.174926
0.662
0.226423
0.662
0.533523
0.409296
0.662
0.153812
0.0762205
0.662
0.662
0.161434
0.158996
0.101388
0.662
0.0567132
0.300823
0.1364
0.357692
0.169051
0.112487
0.14515
0.276257
0.348726
0.405964
0.38807
0.251721
0.381974
0.33336
0.14614
0.585892
0.459358
0.553404
0.531989
0.126402
0.29372
0.662
0.402216
0.190064
0.237965
0.12937
0.503368
0.113492
0.247354
0.56072
0.662
0.0377806
0.0850502
0.20692
0.122479
0.0461875
0.0228135
0.365158
0.29847
0.107636
0.128654
0.438437
0.155158
0.206938
0.538805
0.220394
0.290002
0.0821513
0.120422
0.418304
0.662
0.259465
0.0448436
0.229867
0.163662
0.345014
0.194228
0.382742
0.0557921
0.11118
0.00562779
0.0534552
0.209563
0.117038
0.0433764
0.41233
0.334012
0.0885205
0.0942407
0.221578
0.383413
0.219873
0.133832
0.0286331
0.342381
0.200451
0.239242
0.662
0.172221
0.662
0.15205
0.282726
0.39765
0.310595
0.662
0.42318
0.440986
0.0756329
0.227783
0.662
0.662
0.296023
0.159415
0.18883
0.0747412
0.15572
0.109459
0.0654214
0.373833
0.140572
0.449177
0.662
0.319751
0.437841
0.107478
0.10588
0.248341
0.158691
0.112249
0.64678
0.123982
0.303946
0.146642
0.662
0.289337
0.402988
0.110874
0.341036
0.095224
0.153424
0.0987781
0.105546
0.662
0.662
0.0267842
0.278073
0.309689
0.662
0.662
0.621393
0.171365
0.662
0.0744649
0.121799
0.141868
0.445818
0.0409358
0.244704
0.109316
0.662
0.662
0.425467
0.372473
0.0337528
0.252862
0.662
0.0223077
0.451933
0.20452
0.104838
0.582942
0.366005
0.262876
0.662
0.130304
0.0656371
0.662
0.0907394
0.207689
0.115003
0.354592
0.662
0.636352
0.094814
0.245418
0.434786
0.290499
0.059501
0.220038
0.0554536
0.0704675
0.408424
0.661184
0.662
0.159262
0.391614
0.189752
0.396747
0.662
0.25747
0.339978
0.626819
0.579127
0.662
0.373748
0.28435
0.662
0.464955
0.576978
0.0912996
0.460545
0.228054
0.360343
0.269478
0.210788
0.662
0.298069
0.15195
0.209153
0.0763993
0.269353
0.58202
0.231275
0.662
0.311967
0.0640842
0.498576
0.414064
0.113743
0.421421
0.068649
0.0453285
0.340116
0.462995
0.381161
0.662
0.284376
0.119718
0.300112
0.0882996
0.392392
0.466548
0.426935
0.495141
0.17292
0.644013
0.308262
0.168957
0.25257
0.0791326
0.329613
0.383202
0.662
0.21103
0.202586
0.307873
0.19141
0.120052
0.246898
0.209006
0.371522
0.539462
0.662
0.381763
0.119136
0.233175
0.508557
0.0465067
0.113222
0.662
0.662
0.0163194
0.330016
0.512471
0.121433
0.402084
0.124255
0.156552
0.662
0.0599564
0.340616
0.0251419
0.639971
0.343315
0.208348
0.0676603
0.114772
0.296847
0.629289
0.15698
0.205276
0.190672
0.202512
0.411607
0.52366
0.104824
0.423993
0.288925
0.039946
0.112004
0.641021
0.662
0.162603
0.412442
0.662
0.578238
0.579631
0.128026
0.127999
0.153717
0.662
0.359145
0.225934
0.19001
0.470491
0.662
0.200392
0.173632
0.593212
0.217053
0.140053
0.543471
0.284173
0.17693
0.108007
0.494131
0.145836
0.110633
0.662
0.41432
0.662
0.143588
0.151168
0.409882
0.621536
0.662
0.168028
0.555007
0.15303
0.662
0.662
0.0466273
0.662
0.215784
0.169938
0.0964174
0.258793
0.538165
0.662
0.107341
0.0887846
0.221599
0.313333
0.22268
0.662
0.114747
0.456178
0.105737
0.134088
0.209915
0.119727
0.0929274
0.624939
0.662
0.104807
0.104795
0.0679752
0.324658
0.23417
0.662
0.508323
0.186738
0.437513
0.421169
0.240351
0.662
0.295405
0.412662
0.392995
0.240237
0.662
0.142764
0.662
0.310946
0.120087
0.121561
0.662
0.0258858
0.492748
0.159903
0.0935503
0.147204
0.165143
0.0744203
0.362637
0.662
0.154417
0.305027
0.174218
0.214576
0.462583
0.0948899
0.164398
0.662
0.662
0.662
0.10208
0.542072
0.104775
0.342205
0.662
0.185854
0.143952
0.250287
0.152914
0.249572
0.662
0.310879
0.491028
0.30517
0.191858
0.0965924
0.156956
0.0658236
0.57246
0.662
0.0448608
0.662
0.03684
0.5017
0.17782
0.470806
0.114351
0.212806
0.307634
0.0988151
0.198057
0.368385
0.199277
0.469985
0.662
0.196332
0.662
0.0664451
0.422266
0.185724
0.662
0.662
0.0634305
0.662
0.0139852
0.0697582
0.185859
0.0905712
0.598512
0.133633
0.662
0.30226
0.305536
0.184264
0.154843
0.474122
0.142376
0.453365
0.600238
0.480601
0.662
0.113153
0.188465
0.12132
0.662
0.532121
0.0798241
0.0890857
0.52799
0.140981
0.206672
0.00743731
0.412917
0.426054
0.208453
0.223597
0.183571
0.224227
0.246503
0.662
0.116981
0.191671
0.204613
0.405406
0.190455
0.0507119
0.545997
0.316333
0.420392
0.478352
0.0905918
0.13173
0.239416
0.197565
0.191745
0.0851539
0.450764
0.662
0.662
0.0403857
0.089355
0.348068
0.18232
0.124037
0.662
0.0643347
0.104377
0.174241
0.0782999
0.226278
0.0510313
0.178685
0.139172
0.0880008
0.107905
0.263559
0.662
0.0458635
0.662
0.0904201
0.228318
0.279718
0.662
0.222014
0.437569
0.0618663
0.117146
0.662
0.662
0.620047
0.185745
0.662
0.662
0.285868
0.0762255
0.0833821
0.662
0.42199
0.662
0.193341
0.662
0.454477
0.214271
0.133115
0.168891
0.342844
0.404493
0.0089689
0.662
0.42274
0.0594643
0.228814
0.0603316
0.131332
0.0416675
0.0345111
0.662
0.371544
0.662
0.368792
0.184417
0.662
0.662
0.383028
0.354837
0.350485
0.662
0.209186
0.662
0.44882
0.156438
0.215174
0.375444
0.00639376
0.451117
0.145333
0.0521297
0.662
0.128577
0.568845
0.302215
0.228591
0.662
0.356995
0.196146
0.127146
0.145476
0.0421218
0.0875287
0.309577
0.139484
0.662
0.508079
0.662
0.0991919
0.340672
0.662
0.662
0.437719
0.0298369
0.350622
0.141261
0.26061
0.451485
0.0607191
0.662
0.56726
0.047305
0.450041
0.0526352
0.169366
0.410864
0.0467276
0.0971187
0.567194
0.296321
0.226218
0.0531563
0.19796
0.662
0.157243
0.0822335
0.111438
0.0921913
0.474304
0.236752
0.20127
0.146938
0.351968
0.180854
0.234205
0.368069
0.413301
0.00988653
0.65923
0.299355
0.0418473
0.662
0.21444
0.211806
0.292095
0.171974
0.446311
0.112995
0.662
0.12286
0.617902
0.229918
0.544669
0.336492
0.280651
0.34241
0.387466
0.557492
0.662
0.389867
0.124983
0.662
0.459775
0.133208
0.376632
0.273858
0.156061
0.409591
0.662
0.106892
0.662
0.601467
0.0529431
0.409215
0.0341029
0.129889
0.020014
0.16582
0.423437
0.0527191
0.31397
0.136689
0.379717
0.440415
0.395687
0.110446
0.202379
0.430121
0.0788087
0.0526734
0.662
0.083886
0.0479108
0.429661
0.14246
0.586657
0.193676
0.223764
0.43675
0.270796
0.465663
0.311794
0.614953
0.21099
0.217976
0.662
0.662
0.536798
0.376627
0.338249
0.3565
0.0691468
0.24879
0.339332
0.231098
0.662
0.242949
0.462877
0.407991
0.460176
0.662
0.313992
0.236811
0.334639
0.078214
0.429101
0.212273
0.662
0.575796
0.0235846
0.281941
0.103072
0.390384
0.488336
0.220262
0.158294
0.0523924
0.302535
0.183414
0.311641
0.105087
0.334246
0.272546
0.117547
0.090944
0.25973
0.4559
0.544123
0.277367
0.10725
0.515155
0.662
0.019443
0.0841911
0.137329
0.424354
0.130399
0.287272
0.00411539
0.116583
0.200135
0.662
0.049132
0.140093
0.119576
0.177515
0.12845
0.465062
0.149544
0.379299
0.662
0.662
0.148087
0.175439
0.65016
0.303608
0.389544
0.662
0.299815
0.150497
0.077765
0.662
0.33515
0.0849802
0.462313
0.140406
0.0772829
0.662
0.141478
0.102451
0.125507
0.298084
0.252842
0.0482712
0.247583
0.0486066
0.222254
0.230889
0.232489
0.0598333
0.16938
0.423064
0.0247686
0.473537
0.095206
0.236318
0.122549
0.662
0.662
0.662
0.391694
0.215934
0.276549
0.264182
0.202852
0.361292
0.388125
0.125293
0.0569721
0.637144
0.0187274
0.429082
0.359989
0.00848794
0.503991
0.213339
0.344924
0.120952
0.169458
0.0188857
0.297427
0.662
0.0913551
0.662
0.662
0.280204
0.366623
0.662
0.307496
0.21145
0.0944268
0.275077
0.117343
0.0977491
0.0687326
0.55433
0.166705
0.143889
0.242021
0.316117
0.662
0.0422203
0.256162
0.600929
0.0315607
0.248237
0.59086
0.238536
0.0938126
0.216456
0.529821
0.662
0.662
0.187298
0.190069
0.539759
0.108083
0.408074
0.0199596
0.23197
0.246851
0.281458
0.505715
0.632288
0.662
0.0770374
0.21933
0.0210795
0.0601768
0.105214
0.662
0.662
0.279197
0.662
0.255144
0.545186
0.209416
0.159794
0.662
0.212626
0.12455
0.137591
0.123244
0.662
0.169176
0.662
0.309153
0.446806
0.343197
0.0672471
0.551444
0.662
0.207197
0.662
0.319056
0.460636
0.0205808
0.105667
0.259681
0.258495
0.416792
0.0375149
0.116108
0.126298
0.231819
0.0586305
0.341534
0.557953
0.662
0.39938
0.128501
0.245981
0.10632
0.108819
0.411742
0.662
0.16028
0.0985291
0.662
0.166333
0.294196
0.393759
0.512612
0.662
0.185126
0.0680667
0.107756
0.630745
0.662
0.21565
0.662
0.205642
0.24037
0.0900794
0.461932
0.315414
0.646745
0.0975014
0.662
0.397
0.234288
0.314027
0.123361
0.271313
0.342252
0.371251
0.206402
0.0756791
0.251142
0.123859
0.37978
0.192453
0.0551469
0.0830827
0.0879672
0.662
0.230683
0.522849
0.141212
0.301632
0.355272
0.662
0.595425
0.312573
0.240702
0.116837
0.662
0.662
0.152536
0.662
0.0338299
0.177992
0.548148
0.0671217
0.662
0.421655
0.0340176
0.662
0.646705
0.303065
0.662
0.0711512
0.247899
0.662
0.662
0.173758
0.156612
0.0152106
0.662
0.0796382
0.0750412
0.662
0.621038
0.0425903
0.355427
0.0667066
0.137179
0.0502149
0.0760693
0.023502
0.662
0.154489
0.369266
0.662
0.662
0.659971
0.106245
0.524985
0.138691
0.241418
0.205053
0.662
0.263693
0.13266
0.335754
0.32696
0.662
0.220667
0.465861
0.295923
0.157797
0.5736
0.189967
0.645119
0.0642866
0.662
0.230251
0.662
0.0377656
0.523241
0.280818
0.00608784
0.662
0.117494
0.223509
0.662
0.130889
0.430297
0.100333
0.0800996
0.662
0.386291
0.662
0.101514
0.129806
0.217912
0.662
0.0578364
0.224293
0.272736
0.662
0.186738
0.456499
0.662
0.286132
0.406708
0.662
0.306284
0.662
0.119048
0.0771499
0.298568
0.331674
0.0590395
0.464947
0.0654166
0.273732
0.321774
0.246148
0.103876
0.427648
0.159141
0.618733
0.474065
0.166242
0.0952279
0.217854
0.228308
0.662
0.0872972
0.193633
0.0510003
0.0825966
0.301658
0.262972
0.662
0.180103
0.518791
0.662
0.662
0.236944
0.0522452
0.662
0.22127
0.579532
0.254855
0.662
0.113512
0.662
0.0827825
0.131415
0.587668
0.357837
0.391767
0.180716
0.384317
0.12952
0.662
0.471069
0.662
0.125589
0.347218
0.262773
0.323831
0.143923
0.389196
0.434837
0.208176
0.357065
0.350863
0.24291
0.662
0.185728
0.662
0.0389955
0.328441
0.662
0.0847248
0.126738
0.10239
0.549049
0.10765
0.573445
0.662
0.0899979
0.396052
0.295507
0.211196
0.245341
0.551366
0.11121
0.42085
0.20599
0.0778883
0.662
0.105859
0.177563
0.662
0.0918699
0.543149
0.291034
0.244963
0.662
0.115164
0.629266
0.319688
0.0942495
0.548029
0.0535706
0.264191
0.0662665
0.0671906
0.662
0.324843
0.134411
0.176657
0.115594
0.662
0.662
0.0099652
0.0654674
0.637016
0.264579
0.144752
0.239896
0.471043
0.101757
0.413332
0.0726578
0.188239
0.0426779
0.139936
0.453255
0.0737984
0.337441
0.159072
0.662
0.642503
0.0808011
0.086371
0.536729
0.662
0.304273
0.0331978
0.662
0.0741494
0.412179
0.0542607
0.0960494
0.620815
0.373895
0.046673
0.662
0.100316
0.662
0.571262
0.20936
0.477346
0.662
0.0892889
0.088441
0.185957
0.314095
0.662
0.309953
0.601501
0.10506
0.662
0.196269
0.519046
0.581976
0.147662
0.404564
0.0825188
0.319526
0.45731
0.423452
0.23589
0.405485
0.182197
0.0660867
0.13593
0.119297
0.0531612
0.112087
0.357725
0.0837612
0.0334102
0.662
0.375731
0.109322
0.06838
0.137025
0.488454
0.662
0.662
0.136947
0.210569
0.517365
0.0348815
0.0756785
0.662
0.0283347
0.614498
0.23139
0.662
0.575244
0.18672
0.0844679
0.662
0.32632
0.114627
0.0804591
0.103542
0.662
0.335523
0.662
0.14046
0.243781
0.0859089
0.600167
0.18511
0.203145
0.126348
0.22355
0.10741
0.435354
0.0627456
0.400389
0.538594
0.196189
0.386421
0.662
0.196975
0.273126
0.363853
0.621825
0.0483106
0.0831328
0.195932
0.662
0.32238
0.447867
0.611029
0.124257
0.152812
0.03192
0.643359
0.0396953
0.131403
0.420753
0.416005
0.372718
0.305549
0.343161
0.662
0.12564
0.15964
0.55237
0.269831
0.662
0.433547
0.489634
0.662
0.167932
0.204653
0.0467875
0.235229
0.534684
0.0666438
0.136967
0.624022
0.149014
0.662
0.00806117
0.352094
0.345689
0.0870469
0.309206
0.655536
0.180544
0.662
0.0216627
0.581596
0.0567849
0.397645
0.662
0.11509
0.567113
0.137513
0.185801
0.480283
0.148905
0.540648
0.662
0.662
0.315344
0.662
0.662
0.114453
0.300762
0.0458353
0.192396
0.401742
0.075724
0.293414
0.103993
0.561733
0.165007
0.466735
0.662
0.00866252
0.463912
0.0516531
