0.0161653
0.371734
0.182638
0.261842
0.473083
0.0622602
0.598619
0.662
0.662
0.577716
0.364779
0.662
0.0965233
0.476695
0.203523
0.590676
0.224393
0.601426
0.197252
0.372666
0.662
0.662
0.422832
0.287318
0.431188
0.0741113
0.31453
0.0866943
0.416426
0.156053
0.226161
0.296333
0.396687
0.662
0.537506
0.0969633
0.123996
0.662
0.662
0.261743
0.645068
0.142405
0.279246
0.154145
0.526314
0.10666
0.0330735
0.644745
0.440689
0.39686
0.17792
0.416037
0.32463
0.335361
0.151576
0.519918
0.498486
0.406973
0.187041
0.464621
0.172884
0.192501
0.275249
0.247542
0.656378
0.45582
0.446716
0.421476
0.0338179
0.510681
0.111969
0.0264888
0.255391
0.031417
0.43444
0.443454
0.124314
0.474675
0.662
0.0833898
0.426462
0.662
0.170044
0.567974
0.136071
0.118356
0.0891709
0.660778
0.662
0.162605
0.0860881
0.0310238
0.0919966
0.0941712
0.454316
0.524879
0.607981
0.150092
0.570394
0.218751
0.662
0.556337
0.0226918
0.445917
0.251546
0.662
0.155353
0.322118
0.600284
0.662
0.662
0.398624
0.156566
0.662
0.662
0.280027
0.105347
0.180622
0.662
0.0104513
0.191729
0.181745
0.563556
0.46977
0.312825
0.127905
0.395572
0.584678
0.142575
0.219525
0.280823
0.166626
0.432111
0.113158
0.0755548
0.187643
0.241288
0.077136
0.196446
0.596127
0.261178
0.502816
0.245648
0.154886
0.662
0.206196
0.153194
0.194034
0.157922
0.247168
0.0338344
0.124028
0.441156
0.662
0.220336
0.570507
0.0277331
0.0448006
0.216547
0.121788
0.108082
0.207017
0.0851736
0.662
0.275806
0.0725713
0.0708488
0.287303
0.662
0.364473
0.169444
0.446569
0.662
0.158897
0.136336
0.0921702
0.662
0.449222
0.311097
0.244102
0.200097
0.460204
0.050863
0.31629
0.586739
0.411075
0.60785
0.106188
0.329369
0.193509
0.571592
0.1354
0.591354
0.300378
0.659719
0.649704
0.207578
0.662
0.306589
0.439554
0.082282
0.316515
0.662
0.201113
0.475537
0.0589435
0.257824
0.38953
0.295206
0.171089
0.0281929
0.492078
0.257182
