0.662
0.662
0.469376
0.324082
0.0175116
0.261178
0.233068
0.102534
0.116091
0.220681
0.412472
0.226453
0.662
0.0897862
0.662
0.399143
0.101346
0.637011
0.0788924
0.173403
0.662
0.0600961
0.662
0.082295
0.165055
0.628554
0.494624
0.525535
0.50059
0.172972
0.662
0.0345875
0.243517
0.0921025
0.277016
0.662
0.208233
0.34567
0.0478098
0.413156
0.662
0.17606
0.473181
0.190908
0.0305559
0.151324
0.662
0.503696
0.0777944
0.326042
0.0713565
0.239014
0.183465
0.264209
0.45405
0.226816
0.298089
0.662
0.0217591
0.445329
0.566254
0.186984
0.241515
0.129159
0.365622
0.572238
0.523388
0.111911
0.0841088
0.279854
0.116185
0.116269
0.318445
0.662
0.253416
0.0674009
0.662
0.662
0.145317
0.60496
0.193417
0.157832
0.249608
0.189212
0.479519
0.662
0.0552931
0.204416
0.173119
0.144202
0.289218
0.184686
0.0787464
0.529832
0.662
0.161518
0.0548718
0.297369
0.424847
0.0845116
0.187744
0.109171
0.062019
0.195778
0.30403
0.201738
0.13321
0.12462
0.128744
0.17332
0.515924
0.371526
0.662
0.0687475
0.198156
0.217053
0.184777
0.662
0.126585
0.317927
0.157973
0.049091
0.189695
0.662
0.245889
0.464338
0.308505
0.0382219
0.148005
0.35171
0.129755
0.327006
0.236654
0.662
0.0297902
0.0822354
0.214695
0.196057
0.0795163
0.430615
0.306579
0.0837081
0.199161
0.377029
0.566312
0.0822036
0.218285
0.662
0.148781
0.211506
0.662
0.276973
0.662
0.089958
0.124152
0.198759
0.662
0.325496
0.0591169
0.265238
0.662
0.401506
0.127149
0.131194
0.561096
0.662
0.384322
0.0296324
0.662
0.662
0.0656181
0.662
0.161378
0.0761983
0.537066
0.243919
0.0675799
0.434584
0.425088
0.256238
0.600378
0.18804
0.639418
0.303928
0.237084
0.585357
0.201572
0.662
0.0439707
0.662
0.488177
0.108179
0.154981
0.241045
0.662
0.321239
0.339515
0.228648
0.399779
0.191767
0.0520121
0.662
0.0785075
0.131988
0.229726
0.237963
0.23191
0.231581
0.331041
0.662
0.662
0.0925034
0.108249
0.083726
0.662
0.118414
0.259474
0.662
0.662
0.103729
0.662
0.182378
0.662
0.339991
0.515724
0.432953
0.0629172
0.241206
0.662
0.029057
0.662
0.455651
0.0523243
0.058384
0.662
0.662
0.247114
0.229494
0.159281
0.00895466
0.662
0.451068
0.22912
0.662
0.0667865
0.137147
0.662
0.0938649
0.0262528
0.0449736
0.187496
0.151961
0.0692701
0.30531
0.662
0.471662
0.256125
0.397334
0.103436
0.662
0.201709
0.36654
0.662
0.628313
0.217805
0.106375
0.0692473
0.614159
0.662
0.662
0.366638
0.0979169
0.662
0.6613
0.605506
0.119559
0.129342
0.0629749
0.662
0.150108
0.49656
0.45176
0.336943
0.254338
0.39766
0.662
0.22685
0.174253
0.662
0.662
0.268187
0.228839
0.116232
0.143974
0.457651
0.367547
0.481639
0.0203909
0.16725
0.662
0.218639
0.662
0.636134
0.317848
0.472362
0.662
0.164546
0.662
0.360769
0.175936
0.649385
0.662
0.662
0.203267
0.218313
0.17254
0.154131
0.0343532
0.424214
0.0255824
0.252396
0.662
0.338695
0.0979779
0.113258
0.0547255
0.233389
0.121987
0.171734
0.0419834
0.085242
0.662
0.067519
0.398421
0.46135
0.505297
0.662
0.0265984
0.33364
0.662
0.0516938
0.192136
0.458227
0.662
0.225751
0.482961
0.180292
0.662
0.0245687
0.289186
0.17898
0.231126
0.196418
0.155621
0.622259
0.662
0.218418
0.662
0.340313
0.126625
0.662
0.426264
0.198902
0.276785
0.18747
0.662
0.662
0.306172
0.629688
0.120953
0.662
0.662
0.286404
0.148496
0.201129
0.662
0.413192
0.662
0.662
0.662
0.251216
0.472959
0.0918326
0.218113
0.580665
0.221982
0.662
0.0820858
0.575757
0.662
0.0536806
0.0296541
0.662
0.662
0.662
0.400498
0.662
0.411768
0.192028
0.227535
0.100692
0.131068
0.662
0.169483
0.362653
0.075667
0.611146
0.662
0.194619
0.0298588
0.662
0.103898
0.108656
0.297046
0.0535159
0.277872
0.120136
0.662
0.297302
0.0697451
0.0622176
0.0436023
0.125619
0.45409
0.516724
0.174275
0.362048
0.113136
0.654813
0.3512
0.220234
0.0682292
0.354373
0.0327088
0.0772539
0.385486
0.124651
0.662
0.112097
0.288203
0.662
0.337242
0.378896
0.120767
0.332313
0.368496
0.138878
0.155107
0.605892
0.122297
0.437852
0.662
0.662
0.11554
0.341834
0.662
0.0675125
0.0287826
0.570254
0.41562
0.662
0.115531
0.0315763
0.662
0.0708593
0.396582
0.212589
0.195233
0.242631
0.182946
0.136718
0.259307
0.198746
0.662
0.183172
0.00370108
0.0502428
0.662
0.061686
0.0253407
0.0928165
0.578984
0.186279
0.136612
0.573036
0.420811
0.0598616
0.418186
0.662
0.662
0.222536
0.662
0.0821377
0.662
0.120857
0.285513
0.662
0.115533
0.627712
0.159701
0.0483637
0.150075
0.0671192
0.05357
0.0675552
0.122113
0.657241
0.434608
0.064014
0.662
0.237783
0.201808
0.2809
0.662
0.280106
0.455546
0.662
0.050079
0.239573
0.232577
0.0931432
0.662
0.323315
0.271173
0.662
0.0718657
0.662
0.119107
0.662
0.158635
0.458413
0.241864
0.12016
0.587676
0.0196302
0.01377
0.6575
0.0782384
0.137379
0.396644
0.553758
0.182558
0.177432
0.193582
0.0997698
0.662
0.662
0.230378
0.327111
0.0555026
0.662
0.315095
0.166085
0.662
0.0936486
0.468496
0.246614
0.359098
0.431396
0.155538
0.156429
0.662
0.076067
0.126821
0.122126
0.1334
0.142853
0.426262
0.0812305
0.244805
0.152645
0.0522214
0.0493017
0.0671781
0.114292
0.409274
0.135875
0.46096
0.662
0.0777813
0.519578
0.0798578
0.057465
0.0180998
0.543723
0.662
0.158556
0.284397
0.28804
0.0564303
0.282817
0.662
0.35094
0.396793
0.460752
0.234622
0.165692
0.243589
0.182322
0.352552
0.0594175
0.526381
0.0013056
0.156627
0.386689
0.164768
0.213407
0.662
0.110069
0.516859
0.110062
0.0988436
0.131374
0.478741
0.662
0.138703
0.0687549
0.181463
0.335042
0.00311298
0.116786
0.662
0.162629
0.517822
0.662
0.369263
0.160399
0.187925
0.662
0.632909
0.160932
0.0642886
0.196888
0.178099
0.662
0.517777
0.662
0.285885
0.592108
0.318799
0.159554
0.0267341
0.662
0.109627
0.0409368
0.169145
0.472288
0.662
0.12897
0.142303
0.0882472
0.216209
0.662
0.662
0.135338
0.0258558
0.443411
0.0729213
0.209758
0.359775
0.238031
0.0591638
0.170326
0.0699388
0.284611
0.235775
0.389145
0.604272
0.64103
0.213169
0.185516
0.507205
0.0919702
0.662
0.00653226
0.219354
0.16783
0.0790225
0.154398
0.158156
0.378331
0.304346
0.662
0.1697
0.105077
0.662
0.277962
0.105655
0.101081
0.065836
0.456362
0.0504251
0.426313
0.662
0.398846
0.243478
0.523741
0.163642
0.341472
0.139867
0.377974
0.662
0.642156
0.0740171
0.0947346
0.127369
0.533805
0.662
0.161297
0.662
0.259181
0.186165
0.327419
0.662
0.0594895
0.370989
0.331957
0.150342
0.457502
0.251986
0.208549
0.312868
0.292327
0.374143
0.251408
0.662
0.662
0.0895028
0.0668943
0.282266
0.254632
0.211992
0.00891782
0.243216
0.277146
0.30763
0.169716
0.662
0.107748
0.662
0.199827
0.210488
0.286505
0.480828
0.392637
0.20477
0.183597
0.186023
0.662
0.104613
0.662
0.355324
0.285909
0.165653
0.193978
0.452882
0.580064
0.662
0.0560571
0.0218922
0.409289
0.0703982
0.341461
0.140753
0.274415
0.134784
0.171533
0.130571
0.101749
0.193098
0.662
0.368514
0.129472
0.429353
0.590919
0.0566916
0.0545707
0.662
0.256247
0.0500104
0.310639
0.285615
0.582417
0.244327
0.662
0.148686
0.631086
0.635056
0.419914
0.662
0.159077
0.463376
0.662
0.111814
0.662
0.40813
0.206943
0.0659594
0.662
0.662
0.119543
0.0149401
0.332911
0.436167
0.108833
0.541838
0.662
0.662
0.509509
0.222204
0.662
0.217112
0.662
0.302314
0.662
0.232928
0.271309
0.101407
0.196655
0.291096
0.133717
0.662
0.030916
0.662
0.611491
0.5126
0.403505
0.320891
0.0975651
0.150628
0.222089
0.0644059
0.380312
0.662
0.290833
0.363715
0.224512
0.18125
0.238098
0.39252
0.662
0.292998
0.205724
0.125271
0.3871
0.662
0.602918
0.662
0.176757
0.106229
0.140413
0.181076
0.246877
0.043065
0.19768
0.380033
0.532529
0.0224208
0.0921081
0.662
0.151469
0.0851794
0.241909
0.0585889
0.038803
0.13995
0.0800058
0.487385
0.239009
0.0758967
0.398783
0.326277
0.0625862
0.173297
0.0881084
0.196329
0.0668137
0.342542
0.391692
0.662
0.662
0.259907
0.0556893
0.183481
0.240931
0.589489
0.343843
0.4802
0.077481
0.435949
0.373316
0.0563352
0.36408
0.285375
0.0843931
0.0499638
0.0664127
0.662
0.301093
0.231456
0.116137
0.480353
0.292914
0.662
0.076514
0.45194
0.279605
0.662
0.662
0.662
0.0197049
0.382849
0.328028
0.459218
0.120153
0.206993
0.125942
0.147457
0.233768
0.1268
0.466176
0.180103
0.662
0.0829741
0.236094
0.662
0.58965
0.214111
0.0699092
0.662
0.662
0.334604
0.0663444
0.662
0.308428
0.242899
0.104332
0.152096
0.140038
0.132277
0.662
0.33557
0.458888
0.22304
0.0231972
0.0419897
0.662
0.184864
0.0885218
0.232238
0.416439
0.0772383
0.0513248
0.480102
0.0661758
0.308683
0.400186
0.378241
0.222705
0.160688
0.156085
0.443587
0.20324
0.416662
0.0203973
0.20183
0.564681
0.504258
0.507673
0.430022
0.245738
0.257903
0.140586
0.662
0.662
0.17263
0.036533
0.659651
0.222937
0.0406935
0.662
0.0484288
0.0236126
0.0622424
0.508191
0.54402
0.437268
0.642546
0.662
0.662
0.0576258
0.0524802
0.662
0.557943
0.368652
0.333435
0.452517
0.446061
0.227754
0.662
0.0995488
0.53933
0.272661
0.662
0.132131
0.0313885
0.273663
0.662
0.205238
0.662
0.562454
0.229126
0.0846659
0.662
0.195597
0.423197
0.323506
0.0322636
0.249456
0.62101
0.020666
0.57499
0.290172
0.503987
0.662
0.148897
0.662
0.107237
0.423358
0.312326
0.0616055
0.662
0.662
0.662
0.35045
0.0677913
0.113699
0.208464
0.524185
0.662
0.107851
0.662
0.464418
0.0926521
0.0675398
0.662
0.19628
0.222538
0.662
0.228246
0.285686
0.179573
0.415041
0.164601
0.0366273
0.662
0.176006
0.662
0.139245
0.662
0.0316445
0.294425
0.0872827
0.595542
0.183702
0.284605
0.00901441
0.116804
0.0130542
0.302914
0.105915
0.531635
0.662
0.662
0.135554
0.0869912
0.0599156
0.0757532
0.103349
0.254618
0.662
0.607195
0.250679
0.200432
0.464417
0.459461
0.00974136
0.31039
0.23368
0.165957
0.233452
0.662
0.662
0.113936
0.173857
0.256661
0.236138
0.365059
0.0287196
0.292434
0.0267389
0.232108
0.0640546
0.278588
0.4633
0.549323
0.138527
0.0454794
0.332111
0.182845
0.662
0.179599
0.0786499
0.0701735
0.339075
0.662
0.359564
0.532734
0.662
0.226975
0.19287
0.662
0.330993
0.157884
0.2267
0.662
0.430901
0.017231
0.450911
0.0666314
0.510265
0.590444
0.271381
0.189381
0.0943818
0.356928
0.130251
0.623055
0.206604
0.434123
0.662
0.662
0.311586
0.175801
0.0906411
0.533597
0.157877
0.126368
0.662
0.130241
0.147767
0.155168
0.143156
0.0626257
0.118056
0.280303
0.320812
0.0964449
0.247227
0.387691
0.36687
0.170555
0.203471
0.662
0.0137408
0.102696
0.0677501
0.0062441
0.112247
0.367201
0.0899287
0.662
0.0503802
0.26658
0.233876
0.388763
0.110508
0.132414
0.131818
0.0567695
0.629645
0.21842
0.376047
0.120709
0.498733
0.247625
0.212806
0.662
0.651192
0.0673319
0.114175
0.0798189
0.662
0.0723637
0.117993
0.188431
0.142887
0.662
0.662
0.027377
0.36204
0.226257
0.429842
0.0598337
0.662
0.243626
0.305882
0.150644
0.330724
0.662
0.328094
0.128134
0.662
0.173501
0.117933
0.170424
0.0545166
0.0631841
0.0924585
0.662
0.202531
0.662
0.600203
0.662
0.279133
0.0457224
0.662
0.462142
0.0388437
0.224723
0.648595
0.41706
0.662
0.191065
0.662
0.487657
0.391511
0.227826
0.527863
0.173196
0.0489975
0.207343
0.658228
0.469792
0.0937925
0.279176
0.529974
0.58627
0.411159
0.256842
0.0975158
0.119182
0.170023
0.104066
0.223302
0.662
0.0887111
0.662
0.556888
0.515826
0.126667
0.048522
0.290829
0.0836757
0.381675
0.0523207
0.662
0.662
0.12225
0.662
0.422563
0.662
0.154653
0.246971
0.35268
0.662
0.662
0.203919
0.0914236
0.248094
0.642857
0.0903791
0.122813
0.205937
0.101061
0.590647
0.51014
0.401756
0.334503
0.278453
0.305058
0.662
0.203955
0.348892
0.601106
0.662
0.139397
0.12927
0.662
0.306823
0.0521605
0.490925
0.269584
0.662
0.132874
0.146652
0.662
0.59847
0.0491293
0.0542684
0.0606057
0.361364
0.52331
0.456409
0.622309
0.662
0.563119
0.48118
0.116372
0.102764
0.149387
0.126781
0.354257
0.468242
0.662
0.636691
0.236659
0.662
0.374737
0.0554009
0.0818518
0.053935
0.266302
0.219434
0.134011
0.247934
0.186537
0.14776
0.435659
0.662
0.425568
0.0736287
0.099242
0.369598
0.662
0.0744851
0.381873
0.192101
0.378303
0.0950801
0.0345207
0.158368
0.662
0.0800951
0.0872539
0.43941
0.148265
0.09572
0.288749
0.0587469
0.461593
0.207112
0.186946
0.274932
0.0705284
0.195218
0.662
0.0529544
0.392107
0.382855
0.173043
0.377337
0.269662
0.148834
0.662
0.0495106
0.119568
0.317123
0.19373
0.205753
0.602479
0.101484
0.202163
0.485324
0.155628
0.0675967
0.354903
0.229836
0.595994
0.385249
0.662
0.161971
0.176501
0.171869
0.662
0.163849
0.169406
0.662
0.476108
0.576563
0.62943
0.0967378
0.238888
0.405038
0.20306
0.495936
0.550708
0.409601
0.662
0.198147
0.109406
0.138822
0.0948295
0.467172
0.105953
0.347886
0.650295
0.205843
0.0934076
0.0629414
0.0964172
0.662
0.662
0.466409
0.24705
0.259055
0.115538
0.226749
0.336262
0.212183
0.551533
0.0889753
0.056592
0.137619
0.0940522
0.102834
0.612207
0.0288798
0.247872
0.567195
0.200287
0.432674
0.40619
0.204314
0.278023
0.308353
0.242179
0.512929
0.11735
0.0207418
0.469136
0.461374
0.41644
0.662
0.662
0.662
0.465174
0.0340562
0.130426
0.386426
0.260457
0.148004
0.1814
0.00233123
0.331544
0.220446
0.00432172
0.134188
0.662
0.432428
0.620018
0.0665661
0.652445
0.124472
0.131858
0.299376
0.15108
0.0455973
0.144025
0.662
0.662
0.662
0.662
0.108372
0.318742
0.229163
0.662
0.662
0.662
0.431177
0.662
0.15157
0.455218
0.1217
0.0607598
0.0554702
0.662
0.221596
0.286335
0.256521
0.317588
0.662
0.209068
0.501333
0.662
0.331964
0.140055
0.0610131
0.0357199
0.23176
0.112554
0.389516
0.349259
0.14541
0.35997
0.0625149
0.116571
0.185027
0.662
0.418044
0.279715
0.0731578
0.357148
0.456369
0.662
0.0137817
0.116305
0.0585495
0.149345
0.0434369
0.662
0.592847
0.280172
0.0678319
0.662
0.347332
0.148734
0.147451
0.208162
0.25663
0.273461
0.24606
0.662
0.0837539
0.322098
0.493544
0.662
0.201216
0.108881
0.485548
0.193576
0.662
0.145929
0.410339
0.306324
0.662
0.258229
0.168691
0.231134
0.197556
0.11292
0.0576009
0.219993
0.247856
0.0986692
0.198342
0.0406868
0.620579
0.0733069
0.240001
0.121119
0.0632958
0.177699
0.535346
0.662
0.193413
0.662
0.163242
0.662
0.662
0.0340816
0.369532
0.662
0.662
0.662
0.218147
0.446603
0.662
0.143331
0.0595271
0.378803
0.275302
0.12018
0.088942
0.599438
0.123923
0.662
0.271299
0.662
0.281452
0.662
0.662
0.214809
0.662
0.0637533
0.662
0.380702
0.275317
0.662
0.426963
0.662
0.208848
0.218595
0.176223
0.355078
0.0519267
0.0581745
0.167459
0.0481456
0.205407
0.203093
0.169918
0.0746662
0.46914
0.0666666
0.662
0.285456
0.217731
0.110202
0.500341
0.170818
0.627139
0.204616
0.396008
0.105885
0.662
0.246726
0.211167
0.65848
0.345478
0.662
0.650112
0.229652
0.301335
0.0947761
0.662
0.570903
0.156964
0.0954557
0.662
0.662
0.662
0.591305
0.38908
0.00730573
0.274428
0.133975
0.25605
0.662
0.176818
0.321533
0.207927
0.0507643
0.0931548
0.0822912
0.0441049
0.633455
0.168308
0.0978602
0.654574
0.662
0.435309
0.181994
0.204214
0.662
0.112701
0.172508
0.132903
0.177812
0.215764
0.175497
0.263451
0.662
0.197872
0.46488
0.277523
0.219742
0.348496
0.0648546
0.0579736
0.443985
0.157865
0.231148
0.19982
0.101883
0.642274
0.155421
0.194013
0.475355
0.117592
0.129974
0.662
0.0900198
0.327223
0.387913
0.662
0.373414
0.176361
0.662
0.662
0.0449468
0.662
0.203706
0.27972
0.149284
0.662
0.0794756
0.18068
0.163524
0.220704
0.114162
0.115349
0.139658
0.570851
0.390239
0.662
0.282894
0.354925
0.379151
0.182125
0.125792
0.0907873
0.0634088
0.214649
0.441233
0.131174
0.404826
0.365044
0.297313
0.662
0.662
0.489941
0.0812123
0.130203
0.407842
0.329451
0.460287
0.662
0.662
0.284548
0.140491
0.14658
0.0872962
0.662
0.348437
0.260519
0.662
0.266018
0.0155391
0.295276
0.110463
0.622712
0.424844
0.311353
0.662
0.115349
0.147171
0.0569439
0.408859
0.445998
0.145708
0.324836
0.0627104
0.189528
0.423438
0.0744863
0.577866
0.143742
0.0594089
0.301905
0.16582
0.193956
0.364873
0.250608
0.0444241
0.0762185
0.662
0.662
0.130453
0.115103
0.0731872
0.0287725
0.249324
0.662
0.265641
0.144026
0.416428
0.525424
0.492384
0.131843
0.260045
0.345564
0.20715
0.291909
0.45292
0.126392
0.542324
0.370564
0.457225
0.579629
0.397457
0.662
0.297039
0.335772
0.32292
0.447777
0.0780635
0.272166
0.438558
0.0779892
0.0580477
0.0653641
0.296615
0.16947
0.363939
0.350334
0.415831
0.112158
0.265579
0.113072
0.662
0.608327
0.178926
0.0989123
0.328546
0.18534
0.399602
0.0292503
0.247165
0.662
0.361685
0.354165
0.535494
0.173004
0.350258
0.661551
0.662
0.189563
0.192615
0.109764
0.447401
0.45813
0.662
0.054092
0.11391
0.0895352
0.644389
0.0641209
0.662
0.364645
0.662
0.428906
0.0747027
0.104895
0.101041
0.662
0.0871956
0.162969
0.662
0.135975
0.281383
0.662
0.0560369
0.234721
0.0811626
0.662
0.662
0.0791059
0.662
0.17114
0.276354
0.23248
0.118747
0.290381
0.662
0.662
0.169985
0.644168
0.662
0.11025
0.662
0.114152
0.662
0.362578
0.057223
0.36317
0.662
0.551622
0.107739
0.0886138
0.430267
0.547582
0.237563
0.386035
0.662
0.0823901
0.0431526
0.313075
0.61772
0.647608
0.432191
0.234142
0.522052
0.157307
0.425753
0.2467
0.151876
0.233024
0.497217
0.112525
0.662
0.0934298
0.175085
0.114094
0.278045
0.0181752
0.248943
0.662
0.662
0.649399
0.298787
0.340446
0.230718
0.150159
0.268572
0.662
0.287323
0.143556
0.662
0.662
0.283014
0.412974
0.662
0.100019
0.156606
0.644499
0.662
0.29877
0.136428
0.273542
0.662
0.188925
0.249728
0.179001
0.320445
0.116637
0.142457
0.108188
0.39779
0.662
0.188389
0.172792
0.277353
0.230268
0.662
0.424828
0.311864
0.0782409
0.509532
0.0901593
0.268915
0.484011
0.350916
0.662
0.0414495
0.662
0.159065
0.587151
0.075118
0.444635
0.302779
0.662
0.662
0.0335637
0.123939
0.210934
0.0826687
0.459188
0.103577
0.591761
0.286442
0.582488
0.662
0.662
0.662
0.230067
0.593196
0.162353
0.273406
0.156454
0.662
0.628439
0.0471253
0.538418
0.097215
0.331643
0.151587
0.0370899
0.11532
0.00832858
0.593473
0.133933
0.657467
0.662
0.0650083
0.120681
0.662
0.0889723
0.190999
0.14826
0.662
0.20448
0.662
0.292732
0.23852
0.662
0.114372
0.113062
0.349725
0.325958
0.256323
0.281926
0.134672
0.208513
0.0581855
0.234294
0.181116
0.377713
0.148492
0.0815173
0.0858048
0.262376
0.662
0.249015
0.350714
0.377821
0.283497
0.662
0.229404
0.181531
0.135744
0.174003
0.186178
0.254993
0.0600927
0.204973
0.465283
0.14801
0.662
0.0426791
0.662
0.126281
0.532516
0.662
0.286354
0.120155
0.286378
0.191426
0.201331
0.453813
0.275911
0.244735
0.182317
0.160858
0.115661
0.562238
0.343935
0.156211
0.0529156
0.598595
0.194766
0.339288
0.348245
0.0828266
0.14539
0.293583
0.0851669
0.662
0.459529
0.113254
0.198712
0.327742
0.319171
0.587217
0.123412
0.176182
0.609287
0.223771
0.150764
0.19379
0.480581
0.104269
0.175332
0.0949064
0.662
0.0104711
0.241578
0.605279
0.249005
0.0924348
0.662
0.289737
0.246508
0.0307999
0.547239
0.391452
0.522101
0.0568154
0.278113
0.209419
0.662
0.304108
0.137305
0.240794
0.0701078
0.188439
0.569661
0.61973
0.662
0.358358
0.662
0.301452
0.472532
0.432202
0.662
0.360438
0.455353
0.200085
0.662
0.103563
0.0694887
0.662
0.196113
0.240616
0.105252
0.333402
0.662
0.101085
0.132018
0.34619
0.0839978
0.0853806
0.380089
0.275806
0.662
0.650487
0.168586
0.537774
0.0791545
0.241659
0.0872566
0.0862184
0.580102
0.0680602
0.662
0.262374
0.433756
0.08959
0.0592714
0.158175
0.596802
0.631167
0.18222
0.518069
0.38793
0.508905
0.662
0.0555411
0.329563
0.254066
0.662
0.202186
0.662
0.298807
0.0145408
0.336997
0.119913
0.475434
0.202798
0.0976856
0.0249753
0.170685
0.662
0.291921
0.0702804
0.662
0.662
0.662
0.161286
0.505736
0.249485
0.0337556
0.249225
0.343962
0.662
0.266405
0.112089
0.495876
0.186325
0.662
0.158354
0.364067
0.247351
0.628975
0.327425
0.662
0.0197955
0.431216
0.662
0.173088
0.291575
0.205025
0.184024
0.250563
0.408084
0.159233
0.0843435
0.359309
0.136344
0.662
0.0615326
0.597494
0.662
0.662
0.491915
0.662
0.220986
0.0837372
0.529576
0.210305
0.0691107
0.662
0.0295818
0.0933729
0.662
0.662
0.367923
0.146278
0.662
0.145851
0.574699
0.662
0.39678
0.611357
0.597968
0.115092
0.351546
0.351351
0.497529
0.0723692
0.662
0.11479
0.626195
0.446008
0.205555
0.662
0.662
0.487607
0.117786
0.0489204
0.405687
0.366731
0.602471
0.0685595
0.0494606
0.0810972
0.396516
0.379625
0.115127
0.0950022
0.105365
0.329542
0.045528
0.662
0.31495
0.662
0.457906
0.287958
0.0725235
0.615584
0.194643
0.311786
0.353164
0.662
0.300938
0.243228
0.235856
0.0948624
0.252713
0.0029284
0.391689
0.498293
0.131569
0.353618
0.662
0.662
0.0748095
0.251489
0.388077
0.662
0.121769
0.662
0.584712
0.0491438
0.586329
0.106122
0.662
0.141076
0.662
0.0921398
0.100996
0.13949
0.11931
0.662
0.662
0.255927
0.333589
0.180719
0.662
0.160089
0.0917614
0.401227
0.346271
0.064003
0.300771
0.0941341
0.24737
0.085609
0.425532
0.134037
0.265886
0.662
0.186262
0.334534
0.244921
0.466182
0.490292
0.0507476
0.11725
0.546247
0.662
0.380719
0.320318
0.0257307
0.662
0.662
0.580893
0.662
0.123215
0.271858
0.440029
0.662
0.451959
0.154501
0.662
0.0880719
0.0848558
0.0899602
0.213959
0.311787
0.423282
0.177165
0.662
0.572858
0.212584
0.0702275
0.232818
0.287854
0.101456
0.229823
0.1283
0.285766
0.605754
0.17139
0.031433
0.523818
0.130842
0.0349805
0.222678
0.353254
0.157627
0.441838
0.210537
0.662
0.662
0.306388
0.544263
0.576967
0.189709
0.662
0.212203
0.333911
0.406687
0.118845
0.0555068
0.662
0.662
0.0844503
0.209178
0.296223
0.522837
0.0992143
0.164668
0.594129
0.662
0.370077
0.0888458
0.261405
0.205809
0.312308
0.235088
0.0519508
0.420621
0.090016
0.204935
0.385483
0.419509
0.137855
0.552299
0.662
0.0599191
0.222986
0.662
0.0730619
0.608631
0.217722
0.201321
0.149125
0.438132
0.104748
0.178226
0.233685
0.236024
0.134384
0.63554
0.478373
0.494727
0.468166
0.50491
0.0925158
0.0933205
0.107326
0.662
0.662
0.662
0.0358096
0.343318
0.0405148
0.177222
0.00285892
0.0241449
0.128452
0.0438886
0.662
0.662
0.414069
0.613837
0.268758
0.411821
0.0717328
0.0222948
0.327132
0.278757
0.487901
0.368089
0.184603
0.249687
0.121549
0.662
0.662
0.431029
0.520681
0.203109
0.187723
0.464615
0.248432
0.0784846
0.640462
0.341466
0.662
0.662
0.0566721
0.420237
0.239269
0.0690634
0.113122
0.314194
0.533369
0.146347
0.301078
0.0905526
0.223064
0.37983
0.455423
0.177081
0.218157
0.172298
0.169538
0.419858
0.140282
0.169142
0.0444484
0.178652
0.331967
0.180168
0.612052
0.31552
0.662
0.662
0.16761
0.662
0.464663
0.263982
0.0522019
0.511848
0.405914
0.662
0.168955
0.346604
0.106963
0.662
0.0607985
0.10365
0.662
0.490065
0.101778
0.311259
0.658793
0.0457069
0.129434
0.119229
0.188015
0.276291
0.19321
0.167588
0.372351
0.371045
0.0566289
0.662
0.290331
0.662
0.0491445
0.30636
0.238375
0.662
0.0421053
0.662
0.630274
0.191547
0.157419
0.0973756
0.0641412
0.169181
0.112109
0.310733
0.186165
0.0664312
0.480459
0.190459
0.662
0.0724529
0.0495372
0.15656
0.0299123
0.242263
0.307653
0.407474
0.0196518
0.184127
0.662
0.113773
0.251361
0.0667544
0.662
0.0480066
0.202755
0.570401
0.414181
0.194124
0.662
0.0335478
0.343734
0.662
0.558814
0.662
0.245832
0.0420783
0.0540944
0.0693059
0.126393
0.553964
0.060752
0.0195648
0.155393
0.168988
0.206119
0.662
0.240703
0.192244
0.0338718
0.662
0.135518
0.202321
0.104012
0.662
0.0599536
0.477173
0.662
0.125003
0.194713
0.0762988
0.246361
0.240468
0.295143
0.163405
0.15462
0.377142
0.422291
0.159057
0.480218
0.299439
0.153595
0.0623298
0.415909
0.136875
0.27721
0.262884
0.451338
0.0864863
0.662
0.662
0.20201
0.478571
0.115109
0.408196
0.446136
0.0438887
0.662
0.107897
0.450071
0.173477
0.0750215
0.0960352
0.139101
0.391852
0.151374
0.662
0.15175
0.662
0.662
0.276018
0.0426956
0.0978154
0.154213
0.662
0.0917925
0.26042
0.140635
0.510395
0.392605
0.662
0.18392
0.662
0.662
0.291698
0.0659624
0.212253
0.135267
0.246374
0.662
0.258731
0.65657
0.662
0.2167
0.600394
0.550135
0.662
0.662
0.18907
0.247871
0.417896
0.194837
0.51
0.390988
0.157663
0.354257
0.257779
0.2459
0.662
0.270282
0.539583
0.406551
0.124434
0.185624
0.662
0.662
0.124808
0.157332
0.27412
0.114884
0.0728935
0.386935
0.0674994
0.149757
0.0869606
0.205354
0.0674938
0.401844
0.662
0.473297
0.662
0.284508
0.521483
0.418257
0.0815296
0.131558
0.00596719
0.232725
0.101482
0.133211
0.256991
0.420495
0.102801
0.541933
0.662
0.213025
0.552277
0.106958
0.662
0.384283
0.662
0.0867921
0.038084
0.271502
0.662
0.662
0.170661
0.395309
0.127234
0.295008
0.191824
0.48944
0.194655
0.662
0.662
0.662
0.662
0.453766
0.227052
0.141832
0.662
0.308415
0.0959528
0.662
0.376061
0.0750154
0.083757
0.136168
0.662
0.0774893
0.432187
0.321348
0.133373
0.159555
0.0920223
0.458997
0.13965
0.471997
0.214078
0.239988
0.457723
0.214533
0.662
0.258282
0.17659
0.501138
0.556524
0.472953
0.662
0.175921
0.662
0.0535059
0.499408
0.215114
0.0329584
0.111812
0.0582533
0.406502
0.129411
0.216362
0.153544
0.0222174
0.220268
0.132957
0.662
0.360963
0.662
0.587113
0.576449
0.199505
0.662
0.662
0.662
0.173188
0.408367
0.662
0.662
0.244034
0.0865487
0.0688397
0.0879942
0.151042
0.341506
0.278641
0.662
0.0639435
0.188651
0.310848
0.276436
0.114065
0.119172
0.225789
0.232506
0.471061
0.165671
0.231635
0.662
0.106832
0.202626
0.153933
0.0626631
0.0590576
0.221798
0.0536735
0.150838
0.568287
0.0864827
0.0484284
0.214727
0.123539
0.122159
0.134805
0.662
0.662
0.121607
0.259543
0.662
0.00901146
0.636348
0.0604671
0.12875
0.188516
0.519042
0.315258
0.607972
0.192618
0.373615
0.0834571
0.152034
0.662
0.662
0.0452373
0.0807388
0.0484161
0.355069
0.508609
0.284041
0.141463
0.215819
0.218059
0.271975
0.174209
0.0758008
0.125414
0.264025
0.662
0.11154
0.103129
0.139939
0.188872
0.07982
0.240818
0.409636
0.0779086
0.136076
0.0991976
0.656117
0.256407
0.27634
0.198417
0.183682
0.113819
0.0774877
0.662
0.662
0.160669
0.304212
0.290527
0.396641
0.109234
0.182155
0.608369
0.214622
0.161405
0.662
0.42787
0.0359529
0.097995
0.0459053
0.0886752
0.32746
0.085726
0.57013
0.141562
0.0822807
0.490961
0.662
0.662
0.662
0.242053
0.435639
0.524494
0.322222
0.0522355
0.271795
0.417824
0.662
0.437715
0.137271
0.324072
0.662
0.60033
0.456743
0.201651
0.0881991
0.0579979
0.662
0.593098
0.237767
0.397244
0.0878689
0.167595
0.459763
0.147263
0.406751
0.0618025
0.106518
0.496378
0.342877
0.653473
0.643058
0.20108
0.599133
0.662
0.392695
0.394718
0.159404
0.241936
0.137591
0.274872
0.050751
0.40567
0.2453
0.601324
0.330874
0.0855021
0.323104
0.419652
0.383625
0.0636824
0.13596
0.176701
0.238213
0.275338
0.0804235
0.168456
0.068466
0.346439
0.632362
0.00434986
0.0694861
0.178244
0.437473
0.529682
0.297621
0.165122
0.305003
0.662
0.235983
0.430608
0.0705842
0.196323
0.662
0.456787
0.365449
0.474565
0.560412
0.226924
0.0380153
0.494397
0.204173
0.662
0.662
0.662
0.396653
0.388063
0.301371
0.126595
0.428738
0.142325
0.086477
0.0779335
0.143144
0.662
0.662
0.662
0.28984
0.662
0.0500762
0.126581
0.662
0.374751
0.0912248
0.0704726
0.262547
0.662
0.135813
0.0822663
0.00156161
0.0717596
0.0962617
0.0614192
0.662
0.52044
0.270535
0.662
0.205261
0.11633
0.338553
0.0372441
0.116972
0.101523
0.0388043
0.189168
0.662
0.662
0.0945163
0.146669
0.228983
0.0777071
0.134987
0.662
0.662
0.422149
0.662
0.387213
0.662
0.451662
0.129955
0.0953632
0.152996
0.662
0.199783
0.662
0.191982
0.103852
0.646633
0.0865806
0.049298
0.662
0.424722
0.265928
0.19808
0.402886
0.128944
0.150518
0.171245
0.101186
0.0764111
0.364289
0.25495
0.0690464
0.453582
0.400901
0.271168
0.662
0.548664
0.293192
0.592298
0.390302
0.126155
0.451778
0.601971
0.0880723
0.112894
0.075671
0.13788
0.206727
0.114496
0.20892
0.570566
0.220578
0.227104
0.662
0.0320606
0.406436
0.662
0.662
0.0839806
0.662
0.0666128
0.20295
0.364382
0.662
0.0763147
0.662
0.0489624
0.662
0.170875
0.662
0.662
0.662
0.079219
0.662
0.662
0.662
0.363736
0.0905078
0.0360416
0.243421
0.0739302
0.416109
0.662
0.225379
0.00649207
0.366662
0.458616
0.662
0.274906
0.478889
0.0360809
0.0590826
0.180673
0.183614
0.229913
0.219419
0.610145
0.0206877
0.52987
0.212314
0.186984
0.394713
0.146611
0.0629672
0.59995
0.25261
0.0793512
0.565471
0.45777
0.123342
0.662
0.183109
0.141274
0.131618
0.662
0.0475694
0.662
0.00709052
0.28451
0.583422
0.443315
0.212497
0.662
0.284482
0.0629106
0.254665
0.662
0.662
0.138596
0.388366
0.111009
0.662
0.205344
0.360677
0.19255
0.662
0.100162
0.436134
0.155395
0.480975
0.326717
0.0852246
0.234556
0.169168
0.371889
0.243629
0.0253274
0.0229033
0.662
0.396803
0.211637
0.633694
0.123994
0.506513
0.120299
0.662
0.662
0.662
0.551576
0.262503
0.127846
0.139933
0.253474
0.10664
0.662
0.165443
0.203832
0.0520343
0.297193
0.0828609
0.590969
0.0937405
0.179784
0.662
0.342242
0.0955728
0.59075
0.662
0.14696
0.0726355
0.662
0.219957
0.134519
0.238011
0.645998
0.54833
0.0813201
0.354171
0.662
0.00375974
0.312406
0.0964718
0.539686
0.124249
0.121243
0.204226
0.0442813
0.191491
0.358214
0.662
0.191813
0.364576
0.452905
0.0977491
0.662
0.596093
0.0771818
0.317356
0.136842
0.136892
0.662
0.146791
0.211434
0.364126
0.0722468
0.0885964
0.119755
0.381652
0.158756
0.232169
0.217348
0.662
0.0159231
0.101174
0.0410788
0.662
0.199489
0.0632829
0.662
0.379473
0.229214
0.526149
0.215118
0.235408
0.105378
0.154257
0.662
0.416839
0.662
0.179378
0.181235
0.0733077
0.411629
0.0380226
0.662
0.387393
0.0742053
0.662
0.0492528
0.260375
0.378789
0.662
0.514534
0.192156
0.00792784
0.0706098
0.0593226
0.538238
0.337838
0.549907
0.662
0.261684
0.662
0.662
0.0470362
0.541498
0.0561827
0.107254
0.0948539
0.157044
0.365639
0.633391
0.231267
0.0597609
0.173421
0.154982
0.197008
0.662
0.105398
0.217424
0.662
0.355502
0.213169
0.211577
0.45782
0.662
0.0445534
0.662
0.320257
0.154999
0.31144
0.354874
0.00973225
0.662
0.331214
0.241992
0.662
0.154312
0.105585
0.662
0.05549
0.350838
0.194707
0.121822
0.662
0.662
0.0797719
0.662
0.210664
0.154689
0.196511
0.247557
0.11364
0.0360869
0.0297531
0.091126
0.0862359
0.35792
0.280634
0.28066
0.223827
0.21617
0.125536
0.662
0.143347
0.662
0.157289
0.18943
0.0426465
0.26749
0.484251
0.365844
0.46981
0.352316
0.268848
0.101983
0.275802
0.296753
0.0939276
0.362172
0.413151
0.434848
0.297913
0.396403
0.345647
0.143474
0.556874
0.0825602
0.662
0.0687647
0.662
0.235585
0.662
0.662
0.20544
0.171334
0.662
0.32917
0.662
0.0949557
0.0360356
0.662
0.42345
0.0831836
0.551338
0.646568
0.662
0.662
0.464692
0.383419
0.0106018
0.662
0.101815
0.423003
0.0952339
0.186175
0.279974
0.207849
0.520582
0.353261
0.662
0.482009
0.102444
0.113239
0.436535
0.388951
0.203214
0.18239
0.662
0.662
0.0456763
0.319165
0.662
0.0520314
0.662
0.177779
0.230116
0.559033
0.282128
0.278707
0.662
0.139577
0.0777368
0.662
0.662
0.335996
0.0384066
0.662
0.233068
0.662
0.374952
0.294515
0.117416
0.190497
0.204593
0.415703
0.0154868
0.662
0.200293
0.20576
0.662
0.32612
0.662
0.0827295
0.286669
0.424344
0.357427
0.292779
0.162863
0.662
0.247936
0.584964
0.289774
0.356592
0.298625
0.422143
0.125999
0.151938
0.205277
0.178765
0.638886
0.0598678
0.0236367
0.286749
0.223904
0.572951
0.499618
0.202229
0.205766
0.141154
0.401144
0.288393
0.457743
0.662
0.139463
0.6273
0.0528241
0.437709
0.206345
0.0801557
0.198235
0.662
0.403399
0.232365
0.322379
0.334821
0.149263
0.404504
0.0570371
0.104107
0.477483
0.0663506
0.380234
0.0144808
0.161101
0.383469
0.140649
0.44851
0.650988
0.252904
0.416635
0.0332836
0.184249
0.295244
0.110925
0.0957403
0.000603912
0.272342
0.25529
0.662
0.467371
0.265218
0.15743
0.24304
0.337627
0.363649
0.152906
0.662
0.662
0.662
0.0192607
0.0736035
0.662
0.203564
0.202575
0.401162
0.0835421
0.471668
0.399858
0.140898
0.500116
0.662
0.141805
0.662
0.655679
0.166942
0.029446
0.662
0.169345
0.662
0.151439
0.296922
0.347982
0.0454319
0.321983
0.583099
0.456456
0.228235
0.647295
0.662
0.206687
0.429378
0.662
0.662
0.162308
0.662
0.537661
0.0142881
0.167923
0.144746
0.45529
0.387187
0.389617
0.150382
0.104341
0.206612
0.305299
0.147117
0.0328778
0.119302
0.250026
0.218965
0.3122
0.358538
0.130006
0.430857
0.201003
0.398754
0.662
0.194367
0.120689
0.286403
0.468349
0.207286
0.316771
0.0952466
0.149358
0.0656629
0.662
0.284928
0.113384
0.074984
0.0813465
0.662
0.662
0.490147
0.42279
0.456083
0.0470603
0.60467
0.0713684
0.27362
0.0249487
0.209957
0.0648423
0.270491
0.196636
0.0420463
0.296828
0.269954
0.337399
0.228107
0.662
0.135215
0.29128
0.149247
0.557973
0.0267835
0.239308
0.662
0.183484
0.662
0.417242
0.198719
0.235642
0.662
0.112688
0.662
0.135966
0.144574
0.375297
0.0831147
0.328595
0.662
0.102996
0.662
0.0949473
0.265573
0.518826
0.624691
0.273994
0.288629
0.662
0.102721
0.145897
0.662
0.662
0.152763
0.662
0.662
0.2511
0.129193
0.00142351
0.3041
0.466895
0.079023
0.338232
0.0862684
0.203566
0.662
0.424128
0.509998
0.085871
0.129097
0.662
0.646982
0.378026
0.662
0.134367
0.361772
0.662
0.662
0.539881
0.114719
0.662
0.0310647
0.237551
0.593668
0.282493
0.070271
0.621726
0.274994
0.403918
0.662
0.538989
0.0821761
0.0695376
0.662
0.194882
0.495525
0.253604
0.662
0.538142
0.662
0.204461
0.146605
0.20779
0.308016
0.143361
0.116485
0.165513
0.662
0.257228
0.0580366
0.662
0.414013
0.055723
0.662
0.103539
0.207313
0.662
0.0889051
0.279919
0.162758
0.0990742
0.662
0.325466
0.662
0.248703
0.0416689
0.168748
0.182643
0.0399124
0.662
0.163311
0.145457
0.0219893
0.424136
0.078722
0.121379
0.323453
0.473397
0.137964
0.662
0.122746
0.405795
0.620585
0.503148
0.662
0.661401
0.662
0.152561
0.0409657
0.116518
0.426995
0.662
0.662
0.0686705
0.329457
0.101936
0.0695159
0.0434053
0.121038
0.382085
0.324894
0.662
0.126148
0.153929
0.662
0.436335
0.295648
0.482898
0.169551
0.0601071
0.0769221
0.144067
0.09888
0.154021
0.608439
0.662
0.662
0.471936
0.463722
0.178308
0.122768
0.244816
0.068011
0.127925
0.0513078
0.167624
0.520414
0.113541
0.202678
0.113806
0.522437
0.0844802
0.662
0.351279
0.111342
0.120723
0.648631
0.228274
0.361584
0.662
0.237998
0.206821
0.224988
0.662
0.662
0.662
0.381276
0.562529
0.36031
0.662
0.120141
0.163296
0.612301
0.662
0.198816
0.159231
0.260728
0.147864
0.0377217
0.514657
0.347127
0.662
0.131853
0.325711
0.152461
0.172367
0.0872194
0.458868
0.662
0.662
0.662
0.662
0.148737
0.296665
0.159296
0.0896853
0.427845
0.20579
0.211693
0.662
0.0716364
0.427453
0.662
0.112007
0.352722
0.275009
0.662
0.662
0.235903
0.218027
0.662
0.661778
0.473422
0.221913
0.145219
0.339296
0.228479
0.0891915
0.171977
0.287011
0.314261
0.395022
0.0941614
0.662
0.54745
0.0374772
0.16313
0.0871964
0.463718
0.157743
0.374613
0.136678
0.301359
0.219897
0.164224
0.0959178
0.630126
0.0685987
0.225405
0.662
0.172697
0.125825
0.141621
0.100093
0.662
0.550536
0.662
0.347556
0.662
0.528631
0.662
0.482765
0.145466
0.194516
0.0318677
0.306074
0.348932
0.173625
0.370583
0.17942
0.504748
0.662
0.126431
0.0796434
0.29623
0.168974
0.363756
0.24245
0.262705
0.22605
0.378695
0.162628
0.662
0.662
0.0135224
0.653998
0.0858486
0.662
0.08307
0.0789623
0.193669
0.257916
0.145562
0.192663
0.605139
0.252078
0.0802822
0.60895
0.393081
0.482399
0.662
0.185573
0.43625
0.304158
0.546413
0.0886172
0.368954
0.0963054
0.124536
0.182627
0.662
0.564807
0.171983
0.282587
0.662
0.0887611
0.146817
0.249824
0.240666
0.216491
0.10891
0.0896851
0.381489
0.0240788
0.464095
0.662
0.114193
0.274916
0.0196678
0.662
0.108618
0.662
0.199053
0.182693
0.194016
0.156644
0.227793
0.526934
0.254817
0.204376
0.17121
0.662
0.0187776
0.549934
0.662
0.599838
0.127258
0.14259
0.415299
0.43904
0.130071
0.00174578
0.662
0.115795
0.166895
0.109395
0.0428951
0.662
0.0584206
0.424803
0.0716983
0.662
0.135774
0.0818126
0.295009
0.642148
0.662
0.263371
0.237393
0.210388
0.662
0.232383
0.337411
0.146326
0.639683
0.372422
0.249257
0.358463
0.277254
0.135727
0.662
0.34205
0.0697837
0.278851
0.432094
0.208446
0.29089
0.662
0.163694
0.662
0.662
0.185096
0.29046
0.21037
0.194107
0.481643
0.0937753
0.201686
0.662
0.121458
0.662
0.114291
0.20044
0.132807
0.2442
0.105346
0.125734
0.128236
0.212577
0.662
0.410976
0.662
0.662
0.0321203
0.24476
0.108503
0.0842775
0.144862
0.439675
0.385772
0.281628
0.39433
0.0952709
0.283433
0.234588
0.244325
0.662
0.606274
0.0547911
0.654775
0.257608
0.384983
0.315703
0.27309
0.597985
0.141765
0.081006
0.662
0.662
0.145906
0.662
0.0794488
0.494193
0.134091
0.662
0.458452
0.136084
0.662
0.191813
0.0798119
0.317702
0.662
0.0779146
0.662
0.227041
0.662
0.444238
0.224475
0.662
0.40746
0.481261
0.452396
0.219314
0.440967
0.0425258
0.148745
0.140207
0.374876
0.210709
0.201372
0.186468
0.105849
0.105362
0.110642
0.154153
0.0945937
0.152999
0.0905704
0.662
0.346939
0.662
0.0902906
0.0926813
0.662
0.651827
0.662
0.260836
0.187656
0.577164
0.552849
0.504528
0.662
0.662
0.00605201
0.296569
0.221393
0.0513482
0.662
0.108674
0.372024
0.613419
0.662
0.630367
0.662
0.171666
0.662
0.662
0.102633
0.662
0.176019
0.337205
0.108652
0.223524
0.528702
0.148398
0.55803
0.295367
0.326812
0.662
0.662
0.662
0.102379
0.259172
0.110692
0.175716
0.296633
0.0960012
0.110254
0.662
0.354821
0.447465
0.376453
0.207428
0.0397957
0.662
0.24754
0.0999466
0.109249
0.662
0.211735
0.207315
0.117528
0.0222535
0.157313
0.662
0.125272
0.00594647
0.183808
0.0490152
0.401288
0.662
0.464553
0.639302
0.282584
0.334708
0.656847
0.49199
0.430211
0.250936
0.228435
0.61437
0.377562
0.304303
0.662
0.127831
0.436449
0.662
0.0628432
0.367638
0.260327
0.0656687
0.160375
0.619621
0.283607
0.163674
0.365164
0.224517
0.226921
0.662
0.393527
0.0486559
0.165636
0.662
0.662
0.0633254
0.514925
0.00165218
0.0297653
0.120303
0.103567
0.236675
0.662
0.662
0.249129
0.178268
0.176076
0.307871
0.271027
0.184163
0.258573
0.296008
0.159632
0.211039
0.469465
0.2463
0.662
0.203713
0.662
0.0687274
0.123864
0.0914291
0.309397
0.311592
0.0886027
0.662
0.478457
0.102572
0.354836
0.168757
0.195732
0.197393
0.0847558
0.152124
0.662
0.432742
0.045717
0.0156047
0.249146
0.0101627
0.662
0.285846
0.662
0.43018
0.111324
0.662
0.36178
0.151429
0.134613
0.419349
0.662
0.273998
0.662
0.662
0.392585
0.333514
0.1741
0.181331
0.358669
0.259253
0.420225
0.168728
0.28788
0.471693
0.163579
0.662
0.229272
0.328251
0.662
0.662
0.234856
0.138184
0.353918
0.182661
0.0758532
0.00794905
0.00305634
0.063333
0.171035
0.222411
0.254297
0.11512
0.0837077
0.0998166
0.662
0.222201
0.662
0.58561
0.662
0.662
0.350495
0.352443
0.0211796
0.0869253
0.317485
0.418297
0.662
0.274594
0.468665
0.662
0.409858
0.00734573
0.257562
0.0838207
0.294683
0.305981
0.662
0.189886
0.246959
0.318605
0.325644
0.111337
0.524159
0.227163
0.22472
0.662
0.662
0.0667056
0.186716
0.662
0.0510889
0.0772074
0.075328
0.614735
0.662
0.293719
0.0669215
0.0708501
0.367711
0.0702748
0.355236
0.268112
0.399569
0.662
0.46194
0.209838
0.662
0.662
0.662
0.21173
0.0961317
0.262953
0.188029
0.320778
0.124619
0.232226
0.119614
0.412076
0.362966
0.662
0.143514
0.180158
0.394887
0.0974869
0.0998895
0.199509
0.256316
0.662
0.121625
0.662
0.555496
0.09626
0.383579
0.360237
0.170693
0.662
0.125847
0.0697578
0.117735
0.387802
0.0723284
0.662
0.0916303
0.15142
0.662
0.24285
0.194305
0.184351
0.662
0.296418
0.662
0.662
0.186008
0.0408892
0.161933
0.662
0.433858
0.0465232
0.107847
0.06441
0.0798493
0.0571368
0.216249
0.148483
0.32484
0.142787
0.457674
0.65198
0.181314
0.0232452
0.662
0.434155
0.393061
0.119296
0.158008
0.662
0.482589
0.194925
0.0549064
0.545067
0.662
0.464902
0.136105
0.104775
0.662
0.125034
0.30213
0.194777
0.217569
0.147081
0.662
0.0323053
0.302187
0.4699
0.0751639
0.389617
0.204874
0.179272
0.353069
0.00635795
0.426584
0.0474962
0.0349053
0.261741
0.519539
0.244531
0.662
0.441728
0.467151
0.228921
0.1144
0.163502
0.292854
0.101574
0.594215
0.4448
0.309967
0.662
0.348378
0.145999
0.00593601
0.046509
0.428412
0.163223
0.662
0.10665
0.0825337
0.19338
0.425673
0.437406
0.41268
0.166237
0.195524
0.325223
0.160023
0.149771
0.287557
0.32288
0.662
0.293219
0.356103
0.0576752
0.299828
0.621492
0.576379
0.0638057
0.119493
0.120378
0.352799
0.292591
0.662
0.514028
0.0703163
0.662
0.290501
0.439758
0.125569
0.305978
0.267608
0.504896
0.245922
0.0808247
0.662
0.479043
0.273506
0.302122
0.277732
0.207657
0.423356
0.209096
0.255942
0.662
0.255027
0.252579
0.662
0.183096
0.662
0.102287
0.161502
0.298924
0.0222509
0.662
0.267503
0.295685
0.105743
0.219046
0.662
0.158624
0.366151
0.284765
0.579996
0.563329
0.433062
0.232217
0.404838
0.200984
0.189517
0.176125
0.316059
0.474769
0.160459
0.484954
0.103636
0.0279721
0.296908
0.076614
0.662
0.662
0.0537891
0.25716
0.257733
0.20114
0.178905
0.254781
0.190489
0.180197
0.295471
0.320015
0.479303
0.526519
0.0491794
0.135007
0.662
0.0961054
0.229225
0.314938
0.453643
0.114629
0.142855
0.204874
0.299113
0.354943
0.32869
0.208593
0.0836013
0.222102
0.0710125
0.662
0.662
0.0948683
0.0980667
0.199945
0.355835
0.463232
0.662
0.192319
0.264243
0.52281
0.140312
0.11453
0.662
0.662
0.323174
0.475982
0.381205
0.662
0.521422
0.0157361
0.174491
0.0986611
0.112328
0.606518
0.571978
0.0897251
0.107349
0.535064
0.0634111
0.139382
0.134684
0.19569
0.063022
0.232475
0.175931
0.105499
0.396704
0.101194
0.270904
0.662
0.226154
0.105702
0.662
0.276307
0.0765579
0.132376
0.0972715
0.123876
0.0798278
0.12028
0.651249
0.0919387
0.662
0.241791
0.0798813
0.662
0.224667
0.510506
0.168159
0.138916
0.303394
0.0513382
0.123253
0.132698
0.662
0.154791
0.379005
0.662
0.662
0.662
0.120506
0.13217
0.151975
0.646719
0.0670175
0.0762357
0.662
0.273052
0.662
0.119791
0.1328
0.15896
0.36874
0.210937
0.143372
0.40178
0.0843567
0.141436
0.176981
0.315347
0.226541
0.580688
0.267684
0.662
0.662
0.662
0.554093
0.160418
0.662
0.662
0.506187
0.40645
0.150676
0.14028
0.311869
0.235945
0.142482
0.662
0.251244
0.419518
0.662
0.514741
0.164478
0.188567
0.443293
0.662
0.275669
0.0402245
0.588428
0.662
0.319706
0.662
0.286869
0.209354
0.103156
0.662
0.354154
0.0277797
0.662
0.533556
0.662
0.662
0.33122
0.558908
0.263792
0.239083
0.345233
0.615237
0.250007
0.155094
0.312538
0.334449
0.395102
0.249802
0.0810905
0.662
0.089754
0.638839
0.395232
0.28549
0.662
0.324486
0.23964
0.662
0.0688498
0.662
0.192855
0.28355
0.662
0.204891
0.479907
0.122303
0.490559
0.129763
0.466851
0.244966
0.199956
0.147706
0.662
0.320082
0.0811475
0.531487
0.0887936
0.382397
0.662
0.0978252
0.168281
0.662
0.461073
0.107547
0.441473
0.181146
0.250128
0.562759
0.260152
0.633532
0.662
0.309069
0.214433
0.249659
0.29768
0.448786
0.0966441
0.202385
0.191916
0.005692
0.381335
0.197095
0.00499132
0.662
0.662
0.662
0.381968
0.262174
0.662
0.0620067
0.662
0.14152
0.0808392
0.120125
0.662
0.0119537
0.662
0.149614
0.662
0.244506
0.662
0.320365
0.108615
0.419172
0.166653
0.0831608
0.317875
0.0791908
0.237266
0.483271
0.368637
0.053466
0.0527134
0.212789
0.662
0.4752
0.385943
0.15813
0.0918431
0.662
0.142524
0.662
0.148603
0.627584
0.662
0.660096
0.177317
0.662
0.282456
0.119106
0.662
0.458997
0.0789541
0.137284
0.117064
0.0519653
0.494162
0.174697
0.323676
0.146847
0.279538
0.0897855
0.437476
0.537477
0.213064
0.105669
0.250428
0.223117
0.662
0.216324
0.662
0.662
0.230761
0.110256
0.551542
0.0964766
0.662
0.550327
0.0826728
0.265002
0.462612
0.256294
0.518502
0.480378
0.127642
0.11173
0.662
0.000427376
0.335415
0.122702
0.0980311
0.00273609
0.319989
0.662
0.603569
0.17505
0.309064
0.589536
0.0705479
0.246449
0.241502
0.302168
0.618649
0.280373
0.662
0.386538
0.662
0.106866
0.0962516
0.299365
0.662
0.285791
0.370975
0.179539
0.54715
0.479725
0.215395
0.662
0.115459
0.24345
0.197766
0.0280607
0.662
0.662
0.0244221
0.152166
0.331622
0.662
0.419813
0.374882
0.0880316
0.0895447
0.662
0.26201
0.563726
0.121002
0.662
0.128832
0.662
0.464057
0.209324
0.662
0.0510981
0.152625
0.662
0.189361
0.449961
0.662
0.0648653
0.487352
0.364817
0.285585
0.662
0.064157
0.595638
0.403427
0.0541596
0.0114273
0.11747
0.202376
0.662
0.221499
0.142297
0.323692
0.213153
0.0743486
0.533495
0.662
0.0516146
0.653302
0.433313
0.553316
0.052168
0.65914
0.279008
0.19365
0.662
0.171854
0.063184
0.255899
0.271908
0.4516
0.490863
0.378902
0.163856
0.344469
0.560191
0.27615
0.275877
0.662
0.284907
0.221685
0.662
0.168552
0.210903
0.662
0.662
0.662
0.662
0.270073
0.662
0.195767
0.662
0.128175
0.662
0.250661
0.094364
0.333537
0.662
0.660439
0.474652
0.184883
0.510533
0.127548
0.154578
0.119405
0.117447
0.342498
0.341139
0.370628
0.324945
0.662
0.100155
0.350953
0.0493011
0.0924807
0.662
0.296627
0.488534
0.662
0.0184857
0.339094
0.371011
0.074792
0.165048
0.470054
0.382975
0.662
0.198726
0.662
0.227073
0.662
0.376775
0.344862
0.035866
0.131704
0.092119
0.0838893
0.158693
0.662
0.257264
0.662
0.371441
0.212017
0.645632
0.333306
0.413813
0.149789
0.143649
0.259283
0.077162
0.2214
0.662
0.662
0.0573827
0.184979
0.662
0.403171
0.295592
0.662
0.482818
0.191493
0.662
0.390899
0.0897698
0.0516762
0.037834
0.285913
0.662
0.481561
0.0941392
0.359742
0.126994
0.429893
0.164854
0.260391
0.106362
0.296336
0.187946
0.118561
0.328287
0.458304
0.15846
0.184463
0.662
0.0997944
0.662
0.311659
0.155168
0.273227
0.199003
0.0760651
0.0544236
0.100499
0.381226
0.275625
0.220317
0.147752
0.120119
0.455064
0.31557
0.382355
0.338522
0.404525
0.478206
0.150646
0.662
0.106586
0.485747
0.271276
0.355648
0.662
0.477272
0.471774
0.0884662
0.512431
0.662
0.620737
0.346572
0.200724
0.428565
0.662
0.0854126
0.14133
0.0811496
0.420664
0.47813
0.662
0.439148
0.346202
0.0908714
0.662
0.335916
0.393986
0.527121
0.168075
0.223672
0.310013
0.0329995
0.486028
0.130213
0.371682
0.662
0.662
0.414057
0.0514674
0.124122
0.662
0.144507
0.662
0.28558
0.139223
0.662
0.168985
0.287474
0.575054
0.220858
0.103414
0.662
0.308533
0.662
0.182706
0.0834164
0.469688
0.0296226
0.207469
0.30059
0.103405
0.191276
0.662
0.254139
0.662
0.0710676
0.117842
0.140115
0.118099
0.112187
0.662
0.22528
0.112256
0.0595544
0.213183
0.13936
0.0585202
0.211908
0.130359
0.0476509
0.371915
0.140492
0.447343
0.392552
0.190058
0.103612
0.0688463
0.136256
0.662
0.398383
0.261513
0.662
0.167378
0.508049
0.0482119
0.662
0.177903
0.0943806
0.201796
0.0518668
0.198053
0.157572
0.0719398
0.0693865
0.0905727
0.0690375
0.627999
0.0804366
0.0288273
0.16595
0.662
0.125358
0.0752358
0.452383
0.252773
0.0436058
0.185501
0.371164
0.662
0.247704
0.515746
0.662
0.204238
0.156862
0.0866858
0.662
0.331345
0.238779
0.175592
0.174814
0.662
0.392971
0.227558
0.102733
0.0846229
0.00435016
0.367004
0.40187
0.0981916
0.0524749
0.132844
0.230769
0.219594
0.121889
0.145278
0.299411
0.020578
0.662
0.4742
0.52376
0.352334
0.372695
0.147059
0.103278
0.662
0.176749
0.104961
0.0478603
0.0925722
0.394223
0.660843
0.128955
0.126146
0.0403427
0.176357
0.155968
0.545549
0.149793
0.336422
0.00837784
0.62459
0.603361
0.055136
0.277192
0.0178058
0.239398
0.140578
0.161521
0.056625
0.662
0.662
0.48838
0.0610494
0.0819998
0.0760043
0.523165
0.488912
0.322175
0.428399
0.20938
0.363217
0.0542343
0.139615
0.662
0.230499
0.441777
0.508806
0.212139
0.0975055
0.0332522
0.662
0.490707
0.274415
0.0671526
0.299794
0.0787226
0.014907
0.228911
0.073631
0.336548
0.662
0.130626
0.326317
0.662
0.662
0.0435271
0.314147
0.0885461
0.0803108
0.430777
0.453346
0.163094
0.438395
0.104909
0.200166
0.065243
0.406941
0.138424
0.134637
0.393321
0.116995
0.411496
0.224073
0.662
0.0499663
0.35721
0.142523
0.235475
0.356385
0.0457855
0.0754674
0.19039
0.0437352
0.655215
0.0166831
0.329866
0.662
0.662
0.100362
0.271708
0.20484
0.243176
0.151363
0.662
0.662
0.186336
0.662
0.299971
0.462217
0.662
0.662
0.085383
0.413231
0.319728
0.46881
0.228909
0.662
0.128704
0.290466
0.454122
0.102042
0.00444601
0.174914
0.425244
0.662
0.409534
0.149837
0.41458
0.662
0.0608257
0.0446875
0.119461
0.662
0.269827
0.662
0.169023
0.385288
0.177256
0.662
0.662
0.127652
0.0298697
0.42908
0.0572932
0.199608
0.662
0.662
0.10493
0.31501
0.303201
0.107499
0.662
0.263483
0.662
0.14263
0.662
0.102173
0.129776
0.647084
0.0678161
0.0697456
0.662
0.123793
0.0450963
0.084719
0.0991715
0.237473
0.171432
0.295344
0.662
0.574429
0.535258
0.662
0.349929
0.459974
0.662
0.510782
0.0838798
0.342562
0.429352
0.662
0.203218
0.47198
0.463329
0.0484646
0.286193
0.0827743
0.0812599
0.241218
0.172258
0.0980315
0.576469
0.407445
0.145072
0.166083
0.660642
0.225545
0.276204
0.662
0.0587721
0.195312
0.358069
0.106131
0.662
0.423897
0.155643
0.63988
0.0910239
0.313417
0.371024
0.622184
0.267383
0.179156
0.662
0.0771525
0.103769
0.321087
0.39175
0.392351
0.308809
0.278814
0.128186
0.0765032
0.639978
0.140127
0.405544
0.220086
0.321305
0.244569
0.662
0.662
0.354927
0.0384238
0.247182
0.185175
0.140476
0.19171
0.273971
0.161445
0.631443
0.0552455
0.188001
0.341653
0.207637
0.662
0.3819
0.494964
0.0818676
0.229865
0.121886
0.662
0.465398
0.662
0.218962
0.468779
0.662
0.13025
0.662
0.386468
0.143517
0.212339
0.0634957
0.120959
0.235051
0.0556535
0.126874
0.407777
0.145486
0.662
0.24167
0.263199
0.0516024
0.0391779
0.394201
0.585168
0.197973
0.313765
0.149742
0.130624
0.0845893
0.0983499
0.136099
0.192077
0.183142
0.104682
0.0643876
0.232722
0.243447
0.341822
0.662
0.17068
0.356005
0.662
0.0851125
0.0449421
0.0659995
0.189609
0.662
0.632259
0.662
0.662
0.127536
0.113826
0.662
0.425061
0.216791
0.325719
0.118234
0.304849
0.519193
0.150703
0.361792
0.216093
0.108933
0.359665
0.0331408
0.662
0.37856
0.153663
0.187983
0.365704
0.308339
0.662
0.154165
0.219752
0.580736
0.367169
0.0808045
0.662
0.241226
0.169166
0.198704
0.408833
0.579121
0.00764639
0.382226
0.662
0.06582
0.213233
0.421155
0.662
0.254823
0.232605
0.106298
0.0750133
0.0669622
0.446634
0.0535056
0.385476
0.100142
0.662
0.292894
0.575686
0.204693
0.119144
0.4051
0.155149
0.288167
0.120116
0.302244
0.513958
0.0145066
0.423244
0.278679
0.3275
0.0388671
0.385588
0.0185702
0.280596
0.280607
0.624541
0.0832076
0.0713649
0.268089
0.250755
0.198682
0.0594987
0.570856
0.662
0.0257963
0.381245
0.0825464
0.0616842
0.423866
0.0671601
0.339249
0.22825
0.281858
0.118065
0.348041
0.662
0.508192
0.276985
0.351838
0.217736
0.156356
0.0273419
0.502891
0.192275
0.090615
0.261996
0.539098
0.0715898
0.662
0.0493016
0.13602
0.396914
0.359857
0.437826
0.185741
0.662
0.353072
0.564746
0.662
0.320481
0.0333303
0.662
0.256373
0.490822
0.103061
0.287594
0.662
0.2319
0.00524845
0.662
0.135012
0.389492
0.58448
0.194078
0.0907023
0.409007
0.529288
0.259262
0.0975749
0.354255
0.252817
0.26472
0.662
0.324339
0.209703
0.0419986
0.113551
0.181731
0.239432
0.32695
0.662
0.0844832
0.078398
0.17285
0.375711
0.0795601
0.325463
0.15169
0.165465
0.662
0.155787
0.265879
0.395718
0.662
0.104963
0.343428
0.097888
0.0760161
0.662
0.077307
0.341002
0.662
0.0646925
0.199099
0.268481
0.662
0.550052
0.617179
0.312856
0.183114
0.252735
0.337881
0.0675745
0.111602
0.662
0.662
0.281294
0.611565
0.00867571
0.0476013
0.204945
0.235785
0.662
0.472738
0.104331
0.662
0.24048
0.0246504
0.239082
0.118789
0.125786
0.356665
0.403549
0.402087
0.299546
0.0515938
0.0220998
0.0727065
0.271562
0.501666
0.164045
0.662
0.156283
0.097569
0.235178
0.662
0.0853775
0.0967229
0.662
0.0856122
0.273616
0.308385
0.397232
0.129704
0.0524347
0.0451493
0.233704
0.217538
0.564538
0.220425
0.662
0.128928
0.394418
0.0286153
0.210457
0.170831
0.662
0.0938229
0.0423902
0.662
0.0933244
0.535343
0.0952245
0.11981
0.104854
0.00750496
0.662
0.662
0.638612
0.634864
0.543376
0.0268158
0.632231
0.329719
0.0942465
0.135138
0.662
0.169252
0.0450815
0.204197
0.662
0.347915
0.314936
0.128333
0.14425
0.372789
0.631
0.601018
0.209755
0.236647
0.0554818
0.0631699
0.212904
0.180289
0.5182
0.104022
0.662
0.270797
0.168192
0.189449
0.429701
0.50467
0.0945431
0.141949
0.662
0.662
0.581058
0.241521
0.0879457
0.662
0.158311
0.0759614
0.188274
0.236482
0.31977
0.224025
0.606501
0.50503
0.662
0.185523
0.112055
0.662
0.153595
0.662
0.662
0.213184
0.204107
0.0925701
0.056869
0.185776
0.134899
0.459955
0.41917
0.14935
0.323858
0.201296
0.313814
0.662
0.622324
0.20257
0.108989
0.662
0.167352
0.135854
0.0668635
0.462494
0.662
0.2756
0.138704
0.660659
0.255608
0.627039
0.662
0.44081
0.117524
0.471581
0.0947097
0.300136
0.0366367
0.228227
0.662
0.188686
0.117088
0.273898
0.186646
0.529979
0.053375
0.40904
0.662
0.173011
0.185731
0.0220625
0.192792
0.593995
0.662
0.049766
0.0766556
0.291698
0.241771
0.662
0.25407
0.431959
0.210829
0.102361
0.332256
0.366311
0.325255
0.227496
0.662
0.662
0.158313
0.607481
0.607019
0.544417
0.294452
0.379903
0.297709
0.662
0.49757
0.662
0.27948
0.0918877
0.662
0.301002
0.110297
0.1254
0.44914
0.305947
0.612952
0.3002
0.662
0.051725
0.198884
0.217381
0.361721
0.0290544
0.662
0.599712
0.412245
0.662
0.237917
0.386184
0.081455
0.0225196
0.229264
0.337195
0.569854
0.136461
0.50748
0.662
0.113522
0.662
0.34852
0.0364543
0.0852433
0.0226847
0.571338
0.085323
0.174156
0.275029
0.662
0.197026
0.00312867
0.0825899
0.468959
0.189922
0.114955
0.439749
0.266968
0.417001
0.0645679
0.362074
0.16639
0.392794
0.662
0.170076
0.191356
0.662
0.193473
0.055313
0.127171
0.0948668
0.0729587
0.229242
0.662
0.0887006
0.09124
0.391785
0.233366
0.471545
9.85866e-05
0.480152
0.186129
0.385642
0.016323
0.469706
0.662
0.207646
0.646238
0.200063
0.0525063
0.171879
0.662
0.662
0.184443
0.251875
0.0634192
0.238428
0.135459
0.258079
0.662
0.175438
0.662
0.10309
0.36096
0.202184
0.384675
0.662
0.0391181
0.249878
0.662
0.271338
0.111236
0.155525
0.44983
0.520247
0.151138
0.573561
0.469159
0.106764
0.571758
0.121934
0.662
0.662
0.662
0.203518
0.465179
0.084717
0.394935
0.662
0.457795
0.662
0.201362
0.140402
0.24178
0.235701
0.200017
0.662
0.633293
0.0916073
0.182871
0.662
0.00967571
0.13898
0.629879
0.210827
0.318466
0.219145
0.662
0.662
0.226216
0.26546
0.662
0.106547
0.322673
0.121806
0.258616
0.295268
0.105469
0.414182
0.199873
0.372976
0.662
0.662
0.139439
0.271509
0.128512
0.20835
0.0980616
0.379187
0.662
0.364792
0.662
0.251827
0.236686
0.431724
0.662
0.363043
0.662
0.470217
0.428322
0.0370586
0.380618
0.662
0.069652
0.0875144
0.0714539
0.0861808
0.0267865
0.232583
0.662
0.148588
0.100206
0.295271
0.374977
0.246666
0.447814
0.202829
0.120865
0.110662
0.0998769
0.218151
0.662
0.286471
0.403401
0.581287
0.216116
0.0601151
0.0326014
0.662
0.218462
0.0558679
0.0145449
0.031745
0.314423
0.518067
0.294712
0.443705
0.219698
0.238537
0.397889
0.662
0.428035
0.399562
0.533537
0.0748349
0.0873052
0.100226
0.662
0.188389
0.21524
0.634369
0.131423
0.187011
0.10415
0.222152
0.151242
0.169109
0.40424
0.596065
0.545189
0.662
0.24331
0.223828
0.0603062
0.506443
0.113396
0.281976
0.103664
0.385881
0.0816282
0.390593
0.153336
0.0749705
0.0759222
0.270159
0.410531
0.18426
0.220709
0.662
0.0673121
0.405682
0.662
0.500406
0.337756
0.494414
0.313492
0.662
0.662
0.353594
0.264644
0.19847
0.439492
0.358492
0.104922
0.262259
0.0705948
0.35971
0.0932
0.662
0.662
0.199568
0.121841
0.00276743
0.111824
0.28203
0.431892
0.100498
0.196794
0.2857
0.123929
0.662
0.0164368
0.662
0.221993
0.515145
0.0971595
0.662
0.662
0.0414379
0.49287
0.0879085
0.361012
0.195737
0.204739
0.0926418
0.307323
0.0837604
0.662
0.662
0.0588367
0.662
0.120896
0.662
0.309882
0.225299
0.248304
0.254416
0.0744487
0.306046
0.442011
0.570511
0.471605
0.145395
0.0883431
0.662
0.2687
0.158924
0.0853791
0.0503082
0.0260037
0.662
0.11195
0.268421
0.438044
0.109822
0.200662
0.215986
0.317964
0.143971
0.192322
0.188052
0.152931
0.175317
0.199821
0.030873
0.662
0.399744
0.629676
0.0945578
0.282126
0.662
0.168116
0.182172
0.0728418
0.165783
0.0833274
0.147381
0.415866
0.323199
0.0889753
0.0908803
0.107321
0.165544
0.300734
0.393044
0.582325
0.312156
0.411277
0.282359
0.430966
0.0730758
0.261127
0.662
0.662
0.0808276
0.662
0.400852
0.662
0.662
0.231562
0.0949615
0.355169
0.226526
0.283275
0.576848
0.251555
0.188312
0.113924
0.430949
0.103678
0.338061
0.452713
0.0734185
0.413327
0.283311
0.141756
0.0355963
0.0850772
0.469793
0.662
0.126402
0.662
0.0216311
0.662
0.216402
0.222068
0.308493
0.0366138
0.137694
0.368682
0.121022
0.336423
0.192447
0.176854
0.264649
0.0712015
0.161228
0.411835
0.281644
0.0375211
0.114801
0.360498
0.0942352
0.189384
0.0792391
0.0599384
0.0995099
0.119583
0.09244
0.662
0.566379
0.0815402
0.208366
0.662
0.00740842
0.570075
0.316268
0.662
0.167669
0.662
0.662
0.662
0.564819
0.19033
0.0851131
0.0220477
0.126573
0.171123
0.109061
0.0899972
0.288764
0.339185
0.162852
0.258684
0.267617
0.0895365
0.148607
0.1906
0.082774
0.0813244
0.373947
0.206428
0.26733
0.199222
0.291152
0.64396
0.662
0.662
0.0621915
0.119978
0.470522
0.0583839
0.0329052
0.0464803
0.309534
0.662
0.34275
0.0895952
0.130457
0.0992396
0.319378
0.00428896
0.153496
0.25023
0.662
0.0138139
0.254947
0.452337
0.23189
0.285431
0.0508983
0.54849
0.287763
0.175475
0.662
0.503057
0.163956
0.662
0.662
0.662
0.421922
0.28387
0.169162
0.170078
0.124372
0.662
0.226682
0.334799
0.396419
0.1856
0.07965
0.48359
0.141543
0.64392
0.276205
0.197917
0.0664479
0.402629
0.0420296
0.579481
0.0735145
0.27123
0.0467021
0.662
0.662
0.257715
0.221
0.382886
0.294143
0.662
0.191033
0.192037
0.662
0.439512
0.0650156
0.332983
0.118554
0.44823
0.198571
0.234542
0.341048
0.662
0.137129
0.135983
0.213736
0.198778
0.29006
0.362464
0.662
0.400793
0.662
0.662
0.279054
0.240141
0.162403
0.131148
0.172812
0.380419
0.662
0.201395
0.47528
0.275183
0.169406
0.624342
0.145438
0.550317
0.102869
0.127583
0.084136
0.085701
0.44117
0.662
0.662
0.469618
0.283891
0.662
0.21812
0.165153
0.108245
0.136543
0.321886
0.662
0.278378
0.0907919
0.279738
0.662
0.662
0.662
0.142725
0.468557
0.662
0.0597345
0.449181
0.569062
0.128397
0.258784
0.472573
0.662
0.472936
0.662
0.628516
0.644915
0.292411
0.200601
0.324937
0.0611286
0.386474
0.265185
0.0240539
0.115788
0.148315
0.125621
0.103617
0.184377
0.469981
0.149531
0.662
0.115192
0.662
0.252314
0.662
0.223904
0.0624012
0.662
0.128717
0.202177
0.662
0.662
0.441274
0.662
0.662
0.662
0.42847
0.0492725
0.122045
0.323969
0.538165
0.662
0.301772
0.0203978
0.127949
0.662
0.537329
0.388592
0.662
0.452832
0.14595
0.0983989
0.328847
0.137655
0.133084
0.431589
0.348763
0.234219
0.501654
0.176835
0.549726
0.264399
0.298724
0.261654
0.662
0.662
0.457024
0.207905
0.300762
0.0592302
0.211296
0.662
0.0850291
0.121564
0.662
0.219294
0.393858
0.165276
0.333466
0.423235
0.662
0.181604
0.39037
0.662
0.214169
0.282424
0.400525
0.234281
0.00269536
0.0689277
0.380623
0.0440482
0.0117392
0.0134165
0.166234
0.203229
0.662
0.165784
0.662
0.0513496
0.662
0.0507809
0.620459
0.662
0.662
0.178542
0.662
0.145091
0.158605
0.13168
0.143405
0.13851
0.193124
0.302289
0.0988497
0.662
0.0325014
0.0388935
0.662
0.249732
0.0592339
0.0471669
0.224918
0.189905
0.662
0.211694
0.222495
0.213751
0.196536
0.285946
0.122911
0.662
0.662
0.340025
0.284675
0.662
0.212705
0.0300781
0.0717797
0.269669
0.0403244
0.642366
0.223379
0.149381
0.662
0.232485
0.662
0.127085
0.662
0.662
0.187059
0.409668
0.443395
0.227895
0.212774
0.167053
0.0884813
0.0536254
0.143947
0.174563
0.252006
0.662
0.307438
0.62897
0.0621676
0.391398
0.38002
0.662
0.662
0.10148
0.173912
0.120348
0.373323
0.229366
0.204234
0.198655
0.206107
0.105755
0.348664
0.153191
0.191666
0.518677
0.662
0.626797
0.662
0.220099
0.662
0.244745
0.662
0.273733
0.173712
0.0822637
0.0667354
0.544012
0.662
0.158744
0.662
0.662
0.231781
0.662
0.472519
0.440924
0.434399
0.101668
0.0716136
0.0463374
0.121434
0.140199
0.441683
0.0757489
0.593153
0.461088
0.0971822
0.108797
0.30505
0.662
0.0498064
0.322052
0.380115
0.103533
0.662
0.4611
0.64468
0.662
0.230074
0.461501
0.662
0.159202
0.214891
0.286065
0.614759
0.163666
0.0635919
0.33422
0.0929419
0.262406
0.662
0.469147
0.54796
0.0976873
0.662
0.373193
0.138926
0.0940504
0.116338
0.239884
0.328545
0.662
0.0428173
0.662
0.166441
0.403212
0.215064
0.236061
0.448338
0.219477
0.662
0.274891
0.477563
0.639815
0.208645
0.395314
0.349447
0.662
0.221009
0.188368
0.662
0.169705
0.662
0.0669028
0.261971
0.267435
0.584172
0.139266
0.282808
0.662
0.335266
0.353895
0.467543
0.524396
0.0581596
0.355253
0.662
0.352822
0.0772279
0.662
0.662
0.527875
0.210603
0.357557
0.504662
0.0719888
0.0851847
0.662
0.101748
0.0935168
0.442133
0.662
0.0352184
0.662
0.230879
0.11863
0.473582
0.272997
0.463006
0.069774
0.662
0.0299848
0.187131
0.221658
0.463642
0.662
0.0941133
0.0745178
0.0622071
0.5869
0.11453
0.584677
0.632769
0.145763
0.0670441
0.174506
0.243249
0.662
0.0901226
0.227226
0.415186
0.113194
0.284301
0.463837
0.662
0.277556
0.662
0.619376
0.0843353
0.441751
0.227384
0.223298
0.22613
0.38823
0.153497
0.101108
0.0849253
0.662
0.0543966
0.662
0.662
0.197948
0.22232
0.475158
0.0793854
0.230484
0.662
0.662
0.618218
0.221065
0.243902
0.662
0.251749
0.103249
0.363223
0.662
0.662
0.537578
0.52937
0.40754
0.0781524
0.193116
0.652766
0.117824
0.17082
0.168274
0.534695
0.662
0.459155
0.143978
0.174799
0.493067
0.209747
0.216845
0.229943
0.662
0.0808869
0.360038
0.137536
0.193294
0.217018
0.230531
0.231644
0.129238
0.0690009
0.662
0.308186
0.433977
0.229757
0.463371
0.063193
0.662
0.0141871
0.45197
0.557358
0.0491649
0.348206
0.662
0.662
0.171694
0.377681
0.0896704
0.158914
0.199526
0.084854
0.145405
0.662
0.420211
0.350986
0.399321
0.100758
0.175538
0.662
0.0352483
0.662
0.0496723
0.330184
0.280933
0.367405
0.263655
0.056347
0.106422
0.320469
0.439612
0.0803683
0.134232
0.423737
0.20207
0.662
0.496509
0.0337483
0.323565
0.102072
0.114221
0.459997
0.551404
0.0544074
0.662
0.662
0.0590646
0.182141
0.0137216
0.662
0.361892
0.0214233
0.662
0.662
0.155178
0.461031
0.522678
0.356724
0.0974956
0.314271
0.158801
0.0260488
0.21908
0.268987
0.662
0.662
0.314661
0.179333
0.0712351
0.104887
0.100552
0.129323
0.0672393
0.0944052
0.662
0.285757
0.662
0.536903
0.662
0.0548795
0.129881
0.39006
0.102003
0.245921
0.00721853
0.18359
0.138842
0.104276
0.0714896
0.215965
0.14217
0.236897
0.434489
0.214331
0.213524
0.487902
0.463761
0.662
0.0985165
0.518457
0.406482
0.266354
0.192707
0.644015
0.033617
0.073947
0.662
0.147104
0.189508
0.37742
0.184537
0.662
0.0270291
0.154963
0.447338
0.121377
0.445751
0.414397
0.257642
0.0649888
0.662
0.354527
0.344939
0.343782
0.187216
0.218057
0.0938858
0.395192
0.280621
0.662
0.170863
0.0483177
0.587157
0.089912
0.0657475
0.0243922
0.363867
0.561403
0.366209
0.426601
0.662
0.227493
0.267461
0.244724
0.374329
0.119352
0.616844
0.217952
0.645964
0.171013
0.0753566
0.297308
0.0999486
0.662
0.105547
0.515842
0.099033
0.539319
0.41599
0.3808
0.126941
0.326634
0.0581247
0.486884
0.662
0.427491
0.0233492
0.0861748
0.286062
0.401218
0.0312207
0.564883
0.519368
0.321086
0.226311
0.170684
0.34045
0.0228198
0.340042
0.15678
0.446583
0.121095
0.471354
0.0582787
0.15175
0.614767
0.365289
0.211602
0.13252
0.662
0.599842
0.662
0.258647
0.178269
0.619786
0.185097
0.648611
0.0581947
0.662
0.609872
0.124634
0.32505
0.662
0.284649
0.195197
0.0328844
0.146709
0.662
0.058412
0.285162
0.0725709
0.222598
0.37905
0.170652
0.324815
0.513904
0.19355
0.662
0.0994487
0.163749
0.0604977
0.0356658
0.326212
0.504848
0.662
0.0425522
0.196427
0.117804
0.445626
0.662
0.0755163
0.121702
0.251594
0.662
0.303902
0.662
0.528993
0.00322912
0.264825
0.662
0.0456353
0.300283
0.362457
0.426711
0.205401
0.128743
0.417201
0.662
0.508739
0.289813
0.662
0.237796
0.611845
0.662
0.228204
0.186627
0.381332
0.662
0.293058
0.242135
0.188854
0.0993282
0.127925
0.246412
0.0834673
0.1884
0.316519
0.0161774
0.257124
0.106543
0.0525765
0.662
0.278152
0.433783
0.662
0.17246
0.273549
0.31035
0.190051
0.662
0.36973
0.662
0.605736
0.44927
0.395479
0.117598
0.0366608
0.327708
0.35893
0.0270703
0.164943
0.0439365
0.168591
0.449585
0.143631
0.125434
0.662
0.662
0.662
0.662
0.427266
0.462604
0.242102
0.605206
0.662
0.599063
0.154272
0.217958
0.0136031
0.106661
0.23365
0.336623
0.018986
0.31702
0.102209
0.131645
0.197374
0.31687
0.140815
0.103121
0.36764
0.316378
0.147697
0.203416
0.0770055
0.173017
0.133709
0.553476
0.0679487
0.662
0.0215363
0.662
0.662
0.135156
0.107358
0.117443
0.662
0.317764
0.662
0.267904
0.290384
0.662
0.0891332
0.131853
0.662
0.662
0.457477
0.39167
0.285538
0.383995
0.393332
0.0587015
0.101419
0.0995759
0.438397
0.0432456
0.108048
0.298544
0.141972
0.223015
0.662
0.662
0.138683
0.662
0.662
0.0313229
0.269508
0.662
0.435821
0.277283
0.0920469
0.565678
0.510363
0.232528
0.239958
0.053788
0.302238
0.0155474
0.662
0.605185
0.0748572
0.287477
0.490299
0.662
0.447913
0.358366
0.287314
0.0592234
0.164151
0.145405
0.147312
0.138297
0.498693
0.662
0.550182
0.272382
0.509393
0.171445
0.649452
0.662
0.244403
0.459285
0.055668
0.114103
0.662
0.500565
0.0420712
0.662
0.392445
0.389324
0.0882889
0.0545603
0.101279
0.662
0.0527857
0.25856
0.185303
0.662
0.20553
0.084408
0.0306755
0.169626
0.344004
0.29213
0.662
0.627731
0.362175
0.449412
0.231303
0.662
0.239809
0.109657
0.155842
0.540304
0.222871
0.264175
0.380131
0.459955
0.662
0.233177
0.102767
0.662
0.0844212
0.266433
0.027701
0.459994
0.662
0.203725
0.662
0.205287
0.36182
0.662
0.662
0.455911
0.0776496
0.0341108
0.662
0.312917
0.241413
0.525715
0.281346
0.158079
0.662
0.417173
0.181343
0.662
0.662
0.312817
0.560891
0.21388
0.113636
0.339713
0.379924
0.662
0.0155824
0.662
0.265519
0.444008
0.0576815
0.662
0.662
0.188769
0.188604
0.0220872
0.391236
0.662
0.662
0.125611
0.198329
0.232654
0.460888
0.16476
0.257076
0.136553
0.662
0.132498
0.350547
0.102193
0.0136864
0.180615
0.131074
0.103856
0.0463728
0.110302
0.017657
0.618745
0.249391
0.102112
0.138937
0.528954
0.273555
0.593691
0.61211
0.578489
0.0947938
0.280695
0.256573
0.114364
0.290343
0.436876
0.463281
0.396079
0.428747
0.199113
0.223699
0.662
0.062865
0.662
0.0955478
0.130063
0.227379
0.187857
0.662
0.188699
0.662
0.0701945
0.0436354
0.126393
0.662
0.292683
0.121041
0.156574
0.168009
0.166471
0.527617
0.662
0.123365
0.0302885
0.239841
0.394367
0.0279257
0.151009
0.419939
0.00918132
0.662
0.322407
0.637428
0.662
0.662
0.227623
0.204383
0.662
0.480817
0.238296
0.11143
0.327997
0.662
0.0788588
0.662
0.401917
0.355473
0.0586995
0.000169066
0.662
0.0757643
0.216747
0.0508025
0.294627
0.194807
0.143965
0.662
0.461658
0.662
0.158838
0.0695855
0.662
0.0525541
0.662
0.170708
0.662
0.370914
0.0830649
0.0539752
0.173401
0.434104
0.139454
0.226578
0.168791
0.0849991
0.0529715
0.238007
0.195706
0.0914853
0.648573
0.263074
0.236
0.413859
0.0363778
0.246977
0.102456
0.307516
0.17254
0.274129
0.662
0.22804
0.067466
0.331114
0.464603
0.267161
0.360159
0.410082
0.274711
0.229813
0.662
0.0372233
0.245267
0.10743
0.623434
0.215911
0.662
0.662
0.157351
0.662
0.0806102
0.140936
0.169851
0.662
0.134374
0.0940516
0.409433
0.349614
0.422119
0.111572
0.433529
0.147358
0.414568
0.188231
0.162137
0.00730923
0.662
0.446433
0.207167
0.321531
0.245427
0.127451
0.120977
0.147683
0.363677
0.0702813
0.212565
0.662
0.157493
0.0785279
0.662
0.0569127
0.264213
0.0805931
0.255032
0.0236593
0.457591
0.284096
0.202353
0.158782
0.360842
0.325043
0.408281
0.461372
0.47995
0.473685
0.187408
0.315304
0.0704167
0.0481519
0.368603
0.593154
0.0932977
0.520182
0.233306
0.367764
0.252414
0.474499
0.440673
0.305589
0.0659062
0.188779
0.0613913
0.128357
0.498227
0.235755
0.549241
0.122637
0.429024
0.303138
0.537583
0.122242
0.59136
0.662
0.215366
0.383687
0.11757
0.393851
0.110616
0.179752
0.109396
0.602551
0.333195
0.490877
0.0836511
0.662
0.0243409
0.389865
0.105953
0.422364
0.0166628
0.662
0.393659
0.167703
0.20496
0.211272
0.144106
0.241634
0.368295
0.220645
0.423887
0.662
0.470941
0.128601
0.662
0.150359
0.214552
0.115455
0.057573
0.662
0.0446571
0.636522
0.13327
0.0252248
0.194454
0.169452
0.151713
0.19726
0.0844719
0.51016
0.0062354
0.662
0.260239
0.332664
0.532561
0.143329
0.662
0.662
0.0648305
0.0224128
0.293075
0.662
0.335999
0.225529
0.246274
0.290303
0.155257
0.086536
0.291891
0.24191
0.539409
0.236653
0.129543
0.14435
0.658717
0.180674
0.193032
0.114543
0.231411
0.121915
0.204957
0.662
0.272962
0.662
0.273054
0.149896
0.504518
0.662
0.179283
0.145826
0.14889
0.167814
0.612925
0.099596
0.070528
0.143192
0.439257
0.0375564
0.0363774
0.0911343
0.0745384
0.19276
0.580708
0.662
0.0322184
0.392862
0.400419
0.0910467
0.409088
0.228084
0.467946
0.0990941
0.131504
0.662
0.079244
0.473533
0.251997
0.056647
0.150063
0.257311
0.209537
0.136297
0.0586464
0.127649
0.389404
0.107213
0.537532
0.27873
0.248217
0.171476
0.662
0.662
0.380088
0.171552
0.662
0.377426
0.356033
0.662
0.102059
0.662
0.0205384
0.178617
0.469426
0.105961
0.232578
0.266514
0.105973
0.32328
0.287554
0.0682836
0.177035
0.181933
0.364299
0.0902519
0.461464
0.153052
0.28495
0.141716
0.662
0.0362115
0.662
0.348084
0.49014
0.106043
0.30114
0.0216607
0.112128
0.356351
0.0869829
0.42902
0.572805
0.662
0.662
0.149939
0.123156
0.662
0.422843
0.030111
0.19274
0.347163
0.16122
0.662
0.469789
0.021782
0.0910521
0.0440569
0.333555
0.662
0.662
0.0590978
0.235298
0.0928156
0.268612
0.662
0.0537788
0.155211
0.570271
0.102782
0.317527
0.258287
0.241167
0.0157589
0.0483308
0.25023
0.662
0.155563
0.21691
0.662
0.140096
0.0974018
0.302194
0.0509498
0.103806
0.0904694
0.662
0.662
0.0393738
0.471693
0.0467529
0.662
0.282534
0.223813
0.246413
0.188838
0.586734
0.213828
0.0598113
0.104093
0.10196
0.662
0.156092
0.0101874
0.0937974
0.241261
0.0875547
0.263748
0.610684
0.0739698
0.105749
0.0748737
0.662
0.0787833
0.355441
0.426334
0.327309
0.0762041
0.303585
0.277661
0.662
0.124373
0.156841
0.662
0.196234
0.366972
0.662
0.161898
0.559166
0.344314
0.333881
0.276588
0.0611333
0.662
0.662
0.109449
0.198452
0.443247
0.070851
0.662
0.109463
0.113431
0.343898
0.183517
0.0293281
0.161561
0.0599862
0.235941
0.109158
0.662
0.105287
0.0958181
0.217941
0.114908
0.502788
0.265473
0.21219
0.662
0.18314
0.515649
0.113568
0.343062
0.662
0.106496
0.124933
0.413262
0.058133
0.109858
0.380951
0.662
0.662
0.0176261
0.662
0.167394
0.455952
0.0632887
0.0281007
0.453992
0.291425
0.662
0.662
0.0769088
0.655393
0.281182
0.0571424
0.0720754
0.395745
0.474532
0.190267
0.300436
0.662
0.128113
0.541174
0.0432539
0.186091
0.367806
0.637391
0.190981
0.40174
0.263525
0.144006
0.113765
0.174801
0.128058
0.252709
0.662
0.0737353
0.349988
0.531637
0.325002
0.662
0.192253
0.662
0.294392
0.111975
0.662
0.662
0.551601
0.0710529
0.143397
0.102888
0.393436
0.0524444
0.216344
0.155002
0.516393
0.425347
0.530671
0.103734
0.0530106
0.0721
0.650975
0.214226
0.558962
0.019187
0.0821029
0.0576067
0.0743615
0.491371
0.0594347
0.0754144
0.662
0.0938978
0.249759
0.257097
0.138505
0.662
0.63167
0.577111
0.13549
0.662
0.662
0.0737153
0.28473
0.0994722
0.210584
0.224694
0.662
0.540755
0.29442
0.662
0.432747
0.659395
0.662
0.16852
0.114315
0.166486
0.309371
0.662
0.41713
0.09223
0.122162
0.356982
0.662
0.347183
0.428909
0.201304
0.662
0.210807
0.662
0.160753
0.662
0.22544
0.134128
0.296576
0.12954
0.171422
0.177227
0.467115
0.0707629
0.245547
0.0273103
0.203983
0.344639
0.662
0.173782
0.217813
0.05381
0.599372
0.388664
0.516176
0.662
0.317995
0.142044
0.623726
0.594232
0.662
0.493721
0.662
0.612551
0.307792
0.282728
0.235288
0.285349
0.122118
0.124903
0.113489
0.662
0.180459
0.662
0.0797608
0.229605
0.277859
0.518179
0.266177
0.222698
0.0446053
0.175784
0.393981
0.662
0.662
0.468599
0.662
0.662
0.0549285
0.467275
0.662
0.662
0.662
0.662
0.167393
0.0605952
0.088011
0.249245
0.355442
0.19606
0.332734
0.241985
0.480528
0.662
0.0378592
0.431942
0.369541
0.0442982
0.662
0.0945208
0.109343
0.259949
0.290851
0.201925
0.0887482
0.120811
0.395478
0.595777
0.499999
0.662
0.489663
0.434413
0.0770747
0.453352
0.12185
0.33569
0.662
0.0444769
0.197488
0.157921
0.0782728
0.417586
0.218639
0.38035
0.261805
0.662
0.662
0.23298
0.247596
0.0297228
0.273527
0.478642
0.140463
0.662
0.41714
0.11411
0.107505
0.662
0.662
0.0911446
0.0163186
0.136563
0.119561
0.210339
0.187572
0.351239
0.662
0.0361983
0.105368
0.3218
0.132516
0.171043
0.250896
0.138006
0.662
0.253957
0.662
0.0743693
0.225553
0.0886964
0.31555
0.148303
0.662
0.653052
0.414005
0.191287
0.662
0.21275
0.100914
0.175608
0.0512809
0.575791
0.0843508
0.662
0.514496
0.103428
0.571473
0.662
0.168403
0.0195647
0.662
0.193949
0.298943
0.632505
0.125188
0.128844
0.662
0.662
0.181632
0.137567
0.0890723
0.47079
0.35217
0.128688
0.34962
0.244916
0.181267
0.440459
0.443657
0.133944
0.112214
0.0595958
0.217583
0.662
0.532186
0.22348
0.53577
0.421092
0.210298
0.113919
0.048018
0.104694
0.277777
0.445478
0.1388
0.0621613
0.175632
0.1496
0.245871
0.531293
0.111137
0.460609
0.133454
0.662
0.0833082
0.215677
0.357627
0.588407
0.0543439
0.0788379
0.319773
0.052677
0.662
0.279165
0.662
0.387189
0.356655
0.0756929
0.247412
0.0273673
0.0758422
0.317308
0.662
0.662
0.321557
0.250909
0.388062
0.275873
0.226574
0.0166871
0.651666
0.180592
0.0419125
0.60804
0.181322
0.645114
0.12759
0.272758
0.116833
0.11479
0.295738
0.300768
0.662
0.0686671
0.379271
0.0842314
0.0935561
0.662
0.433185
0.586681
0.0624531
0.662
0.128571
0.283938
0.349922
0.267012
0.0147083
0.662
0.662
0.662
0.662
0.44447
0.230526
0.450443
0.439515
0.225355
0.145709
0.0948633
0.447616
0.0365082
0.120404
0.0126046
0.645821
0.0936024
0.662
0.662
0.359079
0.074949
0.0368727
0.296903
0.217519
0.0923398
0.340037
0.311732
0.302517
0.341968
0.42823
0.0653066
0.662
0.662
0.0482994
0.079367
0.104793
0.0351139
0.662
0.099644
0.0230355
0.662
0.127455
0.516613
0.662
0.528507
0.257665
0.26142
0.129726
0.503291
0.173482
0.128496
0.205961
0.212588
0.121576
0.00986919
0.521471
0.133024
0.245977
0.556887
0.373521
0.662
0.126603
0.235482
0.410868
0.662
0.0892634
0.100514
0.266362
0.662
0.0431348
0.529976
0.0959791
0.303878
0.186653
0.0653138
0.303059
0.0953176
0.0662203
0.208069
0.258778
0.415727
0.0543007
0.0802437
0.044773
0.177663
0.00246911
0.0694712
0.0995019
0.248482
0.220271
0.19703
0.351833
0.477135
0.662
0.534145
0.662
0.14741
0.662
0.137963
0.148118
0.662
0.549258
0.0404354
0.27942
0.662
0.662
0.484156
0.434371
0.46868
0.0743353
0.537056
0.0925054
0.230769
0.344392
0.240768
0.319142
0.142315
0.662
0.181637
0.222919
0.504766
0.0227171
0.603016
0.435638
0.123415
0.242295
0.4124
0.144731
0.0543547
0.171088
0.14416
0.662
0.662
0.662
0.593696
0.171087
0.662
0.180702
0.0466946
0.347095
0.662
0.147896
0.0661957
0.0332876
0.232584
0.423981
0.662
0.0177719
0.662
0.0452062
0.198499
0.662
0.153488
0.161987
0.091374
0.444506
0.176437
0.339093
0.176426
0.185996
0.662
0.123293
0.63339
0.241312
0.662
0.582449
0.662
0.0866233
0.662
0.17738
0.0456543
0.292482
0.112513
0.662
0.12972
0.252984
0.662
0.662
0.157876
0.398978
0.211915
0.488917
0.546438
0.534726
0.345974
0.0903846
0.493911
0.585314
0.205375
0.175624
0.0291213
0.0249342
0.0817706
0.0986374
0.21655
0.182677
0.0448232
0.457997
0.274129
0.125762
0.662
0.442736
0.242191
0.0459041
0.171984
0.662
0.272518
0.267535
0.0613259
0.058604
0.662
0.468722
0.307086
0.154173
0.614832
0.101129
0.620654
0.662
0.546834
0.662
0.510805
0.662
0.483485
0.217657
0.0707177
0.662
0.100135
0.662
0.662
0.155622
0.187734
0.662
0.271911
0.27715
0.662
0.07837
0.00544315
0.0752468
0.0771243
0.220293
0.351892
0.269697
0.470127
0.155957
0.118467
0.055292
0.111484
0.0250574
0.205358
0.280227
0.143972
0.253058
0.439049
0.20002
0.0263188
0.0762698
0.345324
0.295331
0.0727155
0.1915
0.11732
0.662
0.662
0.170742
0.343426
0.662
0.126704
0.17079
0.143517
0.662
0.318326
0.449126
0.157803
0.543271
0.168558
0.0586972
0.662
0.662
0.136443
0.164693
0.662
0.538726
0.254842
0.509488
0.662
0.330806
0.053805
0.0878108
0.234428
0.402556
0.205369
0.5092
0.310635
0.662
0.437064
0.348244
0.45459
0.0914083
0.514955
0.236447
0.0352498
0.59693
0.4119
0.662
0.662
0.438621
0.332629
0.10904
0.263396
0.650838
0.662
0.200115
0.662
0.281105
0.141464
0.119305
0.114056
0.662
0.557635
0.197962
0.0599407
0.247131
0.239697
0.10514
0.351377
0.565688
0.662
0.357591
0.546635
0.135093
0.378411
0.410182
0.662
0.109521
0.398455
0.662
0.662
0.662
0.662
0.0630824
0.291041
0.306586
0.267154
0.372763
0.381568
0.662
0.662
0.115006
0.206387
0.662
0.469497
0.104657
0.662
0.0671442
0.662
0.13717
0.182458
0.533887
0.00107235
0.387316
0.375716
0.521201
0.067713
0.59354
0.100311
0.241424
0.662
0.662
0.542492
0.204669
0.600331
0.0404776
0.338554
0.198331
0.04906
0.197178
0.32924
0.0584595
0.662
0.109512
0.364484
0.662
0.165206
0.235002
0.0978569
0.400556
0.308569
0.039076
0.662
0.135184
0.662
0.662
0.225524
0.397486
0.546797
0.662
0.662
0.304804
0.232917
0.35896
0.184564
0.398481
0.0398889
0.154511
0.100968
0.522821
0.480081
0.207567
0.0496733
0.662
0.662
0.106775
0.219056
0.621158
0.0928657
0.327285
0.0971145
0.266637
0.147106
0.106394
0.304726
0.201132
0.25261
0.317768
0.478328
0.662
0.662
0.00823172
0.328447
0.455666
0.662
0.130269
0.617908
0.174496
0.160515
0.662
0.117922
0.499969
0.166054
0.125623
0.0283298
0.00844382
0.367849
0.175336
0.100172
0.108499
0.662
0.239795
0.234708
0.47227
0.57011
0.551778
0.662
0.24527
0.181697
0.359219
0.0787655
0.184087
0.558751
0.54048
0.662
0.662
0.0471135
0.456439
0.461403
0.440179
0.662
0.235855
0.185958
0.0545033
0.167257
0.0916511
0.155785
0.291743
0.373026
0.11239
0.0898089
0.192004
0.0894478
0.161522
0.126933
0.120633
0.20896
0.250405
0.445981
0.375306
0.264921
0.662
0.319788
0.154563
0.254345
0.187747
0.662
0.173295
0.122224
0.0565355
0.195353
0.0558999
0.148275
0.326264
0.303983
0.594262
0.607689
0.28936
0.349675
0.649248
0.611282
0.317394
0.532143
0.15678
0.155963
0.206888
0.446015
0.108087
0.0308415
0.40273
0.0632603
0.0629842
0.662
0.626018
0.160141
0.662
0.115784
0.0306185
0.145923
0.467759
0.32219
0.215593
0.217437
0.224288
0.309193
0.392363
0.524702
0.406248
0.662
0.0185047
0.208711
0.439808
0.159829
0.254978
0.662
0.279545
0.514304
0.0751063
0.0595903
0.0809214
0.061107
0.22623
0.662
0.211952
0.376995
0.358698
0.0953029
0.164772
0.126654
0.427034
0.0691003
0.284146
0.127791
0.246974
0.592176
0.0490382
0.133649
0.0780999
0.29936
0.103131
0.294466
0.424979
0.471341
0.251832
0.169326
0.182803
0.154879
0.653838
0.114049
0.124465
0.101127
0.221562
0.118965
0.321736
0.452988
0.220101
0.157261
0.0609064
0.662
0.662
0.404112
0.662
0.592722
0.662
0.436358
0.217364
0.662
0.0821072
0.111036
0.244993
0.662
0.103685
0.309956
0.345596
0.0712755
0.0505204
0.222541
0.662
0.259646
0.131048
0.271107
0.242804
0.201842
0.0889706
0.644714
0.079122
0.203454
0.022723
0.206075
0.662
0.662
0.662
0.309392
0.126773
0.238092
0.282079
0.225234
0.140269
0.434788
0.108771
0.31503
0.527483
0.144646
0.596262
0.662
0.10024
0.086206
0.245527
0.662
0.662
0.662
0.388421
0.456777
0.161748
0.523587
0.662
0.662
0.348139
0.656185
0.127679
0.248927
0.20189
0.121814
0.154507
0.491835
0.0823746
0.152534
0.576091
0.17228
0.623077
0.662
0.0965333
0.0598392
0.150575
0.133808
0.475973
0.135684
0.522955
0.384012
0.662
0.387726
0.0994216
0.297229
0.297854
0.13534
0.290269
0.262352
0.12549
0.623657
0.577667
0.653292
0.487928
0.547744
0.662
0.662
0.240359
0.244274
0.570831
0.290139
0.0416832
0.389766
0.273049
0.27865
0.0839401
0.438482
0.471016
0.218434
0.432035
0.20855
0.273495
0.60188
0.400536
0.602331
0.662
0.402666
0.662
0.161612
0.336109
0.378491
0.270303
0.110198
0.267315
0.662
0.632468
0.120179
0.498327
0.394571
0.662
0.662
0.114047
0.358905
0.459645
0.662
0.662
0.184616
0.0916733
0.130133
0.662
0.13579
0.349856
0.387479
0.201222
0.164841
0.0896952
0.145194
0.662
0.662
0.122687
0.100214
0.662
0.662
0.622901
0.0761886
0.0669079
0.103928
0.0983203
0.662
0.0617072
0.483942
0.0660968
0.000865313
0.195834
0.147668
0.495164
0.273063
0.0513424
0.121743
0.33816
0.662
0.0561348
0.662
0.188585
0.4343
0.323967
0.0401857
0.662
0.0559376
0.0665341
0.133898
0.062369
0.662
0.480773
0.246398
0.0525583
0.211803
0.340511
0.662
0.121223
0.172163
0.0485357
0.205423
0.156726
0.05496
0.376403
0.662
0.540612
0.1002
0.662
0.662
0.0566968
0.226763
0.283621
0.286735
0.166233
0.129999
0.107593
0.662
0.662
0.0488197
0.662
0.662
0.662
0.152988
0.0883577
0.111189
0.662
0.394187
0.241354
0.274448
0.19689
0.0746015
0.104634
0.325403
0.255883
0.372746
0.168326
0.587669
0.546355
0.662
0.0856513
0.187553
0.363715
0.662
0.662
0.629838
0.483039
0.392735
0.662
0.470756
0.388814
0.333038
0.116923
0.353204
0.143735
0.202728
0.253113
0.347845
0.427769
0.187796
0.0310032
0.0869526
0.0469827
0.198609
0.2158
0.391493
0.662
0.662
0.117214
0.387112
0.406774
0.271921
0.662
0.519868
0.117442
0.28549
0.0244604
0.083641
0.125864
0.192374
0.662
0.391339
0.113926
0.0718889
0.241182
0.662
0.370669
0.662
0.469232
0.559274
0.662
0.535121
0.662
0.226943
0.662
0.201068
0.267976
0.204594
0.365551
0.662
0.395455
0.461085
0.468865
0.316205
0.0937238
0.0825798
0.101212
0.0721586
0.164565
0.0523497
0.147924
0.645428
0.0464794
0.221357
0.0338964
0.175388
0.197042
0.101157
0.231749
0.059368
0.189061
0.051802
0.0728512
0.143414
0.55063
0.425204
0.144347
0.662
0.662
0.662
0.662
0.100654
0.662
0.662
0.0688124
0.13494
0.440993
0.0627884
0.0101256
0.16331
0.405088
0.662
0.662
0.61548
0.270039
0.134258
0.396646
0.088546
0.366507
0.195861
0.289922
0.154253
0.155209
0.257299
0.662
0.0309759
0.0885954
0.244355
0.239445
0.524237
0.0431447
0.0358896
0.0902112
0.662
0.181691
0.178615
0.35363
0.0944106
0.0142446
0.662
0.147926
0.602125
0.0941999
0.273586
0.0731401
0.0896484
0.153228
0.163248
0.276874
0.19594
0.266903
0.557722
0.612731
0.203819
0.662
0.0222379
0.662
0.121048
0.662
0.304804
0.212585
0.502308
0.375842
0.144952
0.0868378
0.192006
0.189035
0.188124
0.231038
0.497386
0.277391
0.373222
0.216666
0.0637532
0.458665
0.662
0.142834
0.479585
0.548193
0.310931
0.537903
0.662
0.0971183
0.0650623
0.508431
0.29287
0.182429
0.34219
0.374748
0.136256
0.150458
0.184597
0.396846
0.48296
0.343345
0.177742
0.103615
0.662
0.373414
0.0886109
0.643764
0.662
0.132004
0.341329
0.0830633
0.291984
0.201159
0.12522
0.379619
0.0565675
0.662
0.292634
0.662
0.485906
0.08547
0.363823
0.319198
0.662
0.609199
0.0302079
0.184917
0.121254
0.15277
0.638298
0.662
0.46149
0.342795
0.662
0.130164
0.448023
0.147937
0.662
0.226147
0.662
0.662
0.0629051
0.0747106
0.0603677
0.0948862
0.0489533
0.0626131
0.0533082
0.322559
0.112315
0.662
0.373585
0.154874
0.0790292
0.161294
0.115509
0.0703748
0.0379171
0.136865
0.300132
0.590421
0.212589
0.100704
0.254902
0.550148
0.262968
0.0965954
0.662
0.158054
0.662
0.16234
0.124115
0.662
0.343497
0.392033
0.222909
0.662
0.662
0.315044
0.277447
0.235749
0.573768
0.373504
0.298126
0.341997
0.0959929
0.217926
0.357321
0.0381518
0.138254
0.260114
0.0177
0.308806
0.343866
0.662
0.662
0.32955
0.445714
0.662
0.521653
0.141573
0.0288275
0.148289
0.230213
0.662
0.291195
0.219763
0.066484
0.163933
0.254098
0.380101
0.105608
0.143556
0.0919292
0.460865
0.0841423
0.116273
0.160564
0.662
0.141447
0.371573
0.117571
0.474267
0.0983726
0.662
0.212504
0.574064
0.021335
0.662
0.389281
0.250724
0.0926742
0.179663
0.194896
0.097264
0.363246
0.224357
0.261388
0.139946
0.277836
0.356526
0.0799063
0.472663
0.503273
0.099143
0.181929
0.137842
0.442206
0.132121
0.153698
0.213691
0.440212
0.198501
0.056144
0.0944101
0.662
0.253851
0.0829175
0.0565087
0.662
0.0997795
0.423834
0.370979
0.0882471
0.572037
0.662
0.292941
0.051496
0.42138
0.0301596
0.316963
0.0360795
0.0886429
0.493618
0.486451
0.082183
0.443089
0.419487
0.655892
0.190048
0.662
0.214974
0.662
0.044047
0.460945
0.662
0.182929
0.437987
0.0258474
0.662
0.19206
0.164359
0.271688
0.281704
0.662
0.333369
0.251155
0.552679
0.0994784
0.335499
0.197679
0.416288
0.166182
0.443376
0.662
0.213101
0.335019
0.576268
0.0537719
0.662
0.662
0.120468
0.125651
0.662
0.314535
0.429565
0.632324
