0.251804
0.379255
0.316275
0.0774812
0.191244
0.662
0.232902
0.0930743
0.348234
0.285633
0.443286
0.131367
0.0876105
0.662
0.303726
0.173622
0.245511
0.111787
0.266476
0.470258
0.0788681
0.662
0.340651
0.450011
0.662
0.3516
0.253819
0.164693
0.662
0.00100807
0.126972
0.235022
0.111864
0.328245
0.459006
0.662
0.105558
0.222662
0.120161
0.465847
0.195586
0.165347
0.604396
0.351455
0.662
0.320758
0.466868
0.455987
0.369535
0.110213
0.161487
0.38948
0.055499
0.226738
0.21299
0.0388116
0.662
0.592778
0.201634
0.503102
0.47422
0.394702
0.157295
0.662
0.45534
0.231971
0.126746
0.448283
0.0670392
0.240528
0.111649
0.662
0.2812
0.321455
0.662
0.379339
0.662
0.662
0.267256
0.591937
0.56739
0.3093
0.190817
0.0296375
0.122558
0.29637
0.113904
0.290132
0.440223
0.119595
0.207571
0.662
0.64228
0.458829
0.662
0.662
0.662
0.651693
0.662
0.662
0.167334
0.658906
0.265669
0.418531
0.381966
0.110544
0.419757
0.119293
0.132756
0.662
0.0844928
0.294929
0.0101742
0.10758
0.322227
0.342662
0.161392
0.235167
0.662
0.0461451
0.233377
0.167473
0.131291
0.147269
0.156441
0.444688
0.237647
0.662
0.662
0.0978465
0.0999889
0.413151
0.153814
0.662
0.291602
0.06653
0.120173
0.476262
0.423257
0.662
0.662
0.662
0.662
0.35496
0.310645
0.281063
0.176782
0.196845
0.169161
0.662
0.662
0.392123
0.436988
0.193395
0.662
0.2612
0.662
0.321876
0.662
0.551396
0.0665246
0.428869
0.26422
0.662
0.617682
0.21381
0.15872
0.0370495
0.256186
0.6508
0.241794
0.152916
0.137804
0.650555
0.662
0.153494
0.0998843
0.662
0.10379
0.0825421
0.504391
0.0388735
0.446731
0.158941
0.344001
0.00614425
0.1666
0.175495
0.28682
0.0278348
0.662
0.432686
0.440937
0.463882
0.46149
0.197554
0.124963
0.136317
0.662
0.552529
0.662
0.146324
0.265072
0.265558
0.0827977
0.602261
0.275806
0.0629727
0.378143
0.499768
0.662
0.662
0.0553679
0.501976
0.0724786
0.0405373
0.662
0.219379
0.414359
0.662
0.011135
0.347321
0.14467
0.662
0.215372
0.212501
0.122518
0.662
0.327988
0.662
0.220991
0.488262
0.450023
0.662
0.0746244
0.277351
0.662
0.524946
0.485933
0.284001
0.662
0.662
0.0684989
0.094626
0.662
0.662
0.548369
0.220135
0.39352
0.272654
0.353826
0.172757
0.662
0.562354
0.363352
0.24856
0.161773
0.616876
0.662
0.0577691
0.113001
0.533362
0.169404
0.188858
0.233311
0.491103
0.11326
0.662
0.130474
0.154405
0.365753
0.662
0.662
0.662
0.662
0.554658
0.662
0.0392499
0.419836
0.426267
0.140012
0.486624
0.474009
0.125345
0.662
0.662
0.208157
0.662
0.662
0.329045
0.371089
0.307304
0.610633
0.531595
0.141627
0.176886
0.366957
0.0849686
0.0651704
0.437667
0.572846
0.257483
0.662
0.662
0.474448
0.0152863
0.322646
0.350958
0.373538
0.662
0.662
0.322345
0.252507
0.0361775
0.282493
0.0815497
0.171587
0.426924
0.46539
0.19836
0.180131
0.662
0.0929986
0.22977
0.662
0.220154
0.577638
0.310263
0.53449
0.310525
0.111125
0.662
0.112579
0.0175148
0.611067
0.193347
0.0909483
0.144329
0.409407
0.260233
0.662
0.662
0.662
0.662
0.176281
0.289202
0.0826522
0.444799
0.234423
0.118928
0.579165
0.121524
0.468458
0.053295
0.148249
0.468131
0.662
0.112702
0.418632
0.488783
0.662
0.662
0.261416
0.295468
0.182522
0.302897
0.240851
0.28268
0.662
0.376673
0.363872
0.230259
0.185566
0.0901681
0.188172
0.297401
0.142393
0.143397
0.122677
0.332347
0.662
0.235822
0.33655
0.401625
0.219062
0.307879
0.659981
0.43653
0.324626
0.205123
0.144622
0.662
0.662
0.0588559
0.0111958
0.111942
0.206537
0.662
0.128723
0.0911655
0.232565
0.662
0.103751
0.112077
0.033287
0.394487
0.306705
0.266984
0.12697
0.112473
0.184587
0.151959
0.557053
0.0463992
0.662
0.205136
0.409823
0.194958
0.662
0.102902
0.349229
0.662
0.243631
0.166373
0.193036
0.0658054
0.201213
0.175404
0.334969
0.602049
0.0226609
0.276799
0.458467
0.0608617
0.147322
0.662
0.662
0.405525
0.177522
0.132257
0.244501
0.235876
0.117831
0.662
0.662
0.0675738
0.0595962
0.0782216
0.662
0.662
0.662
0.502554
0.662
0.181775
0.0973203
0.555805
0.166283
0.191696
0.286532
0.247909
0.134583
0.104921
0.133921
0.359181
0.458949
0.662
0.0506813
0.435934
0.662
0.662
0.183102
0.662
0.0402104
0.456198
0.329985
0.662
0.0979519
0.154799
0.256724
0.205837
0.310803
0.22564
0.230488
0.187307
0.110343
0.478752
0.596139
0.399304
0.0923133
0.662
0.113171
0.171273
0.466838
0.098245
0.662
0.21576
0.191251
0.662
0.0548002
0.457135
0.213785
0.237643
0.112211
0.0546445
0.322129
0.363756
0.121396
0.662
0.218297
0.286946
0.224616
0.0864494
0.109551
0.662
0.0709023
0.662
0.662
0.0517307
0.39477
0.221099
0.0733122
0.133406
0.135058
0.0810171
0.287199
0.662
0.126968
0.0841323
0.374178
0.32276
0.251297
0.136453
0.0712866
0.662
0.471624
0.113624
0.402772
0.535293
0.134197
0.268784
0.0686759
0.63047
0.662
0.190089
0.0622464
0.662
0.203784
0.152429
0.558287
0.648144
0.0802418
0.0453529
0.573225
0.243129
0.341462
0.482621
0.662
0.394199
0.0588926
0.207492
0.235038
0.1476
0.133858
0.662
0.662
0.370641
0.201895
0.196954
0.662
0.0677826
0.225702
0.662
0.278658
0.662
0.0497233
0.662
0.662
0.299092
0.662
0.0434878
0.448009
0.126382
0.468648
0.147656
0.662
0.367045
0.0591622
0.662
0.184891
0.408641
0.165963
0.662
0.285439
0.163927
0.139553
0.192652
0.0580892
0.662
0.108327
0.662
0.0789006
0.213929
0.244461
0.662
0.477474
0.212534
0.0400353
0.662
0.463545
0.551391
0.540117
0.42555
0.177891
0.606093
0.662
0.63299
0.0358768
0.662
0.662
0.0856365
0.188682
0.466793
0.130617
0.431994
0.662
0.662
0.125999
0.0469297
0.266038
0.111539
0.218489
0.157509
0.103223
0.26524
0.539277
0.529079
0.662
0.0660209
0.0565213
0.460749
0.128488
0.662
0.410275
0.0755081
0.606694
0.635912
0.296028
0.130268
0.0683402
0.382614
0.314814
0.447375
0.111
0.255514
0.0705193
0.194925
0.219038
0.662
0.0056104
0.00691624
0.163206
0.662
0.662
0.375236
0.198631
0.341254
0.12626
0.160444
0.46306
0.633694
0.0426095
0.175598
0.578833
0.236257
0.323332
0.02023
0.0338965
0.118591
0.144889
0.241903
0.23137
0.228072
0.295483
0.268144
0.106842
0.0728884
0.0652161
0.0965863
0.00660854
0.662
0.105793
0.132654
0.662
0.109243
0.355057
0.662
0.137799
0.141955
0.0701421
0.433579
0.651402
0.662
0.106065
0.454262
0.131782
0.272722
0.0932656
0.662
0.352525
0.194766
0.0273095
0.12475
0.274791
0.239162
0.662
0.274146
0.320104
0.662
0.0941262
0.156546
0.164208
0.662
0.0898832
0.662
0.228002
0.662
0.12613
0.0828425
0.370801
0.662
0.602882
0.341967
0.369704
0.097478
0.574519
0.350317
0.565965
0.142176
0.662
0.58478
0.472421
0.151486
0.0881456
0.184827
0.62335
0.244204
0.662
0.14699
0.0467358
0.442154
0.0683774
0.312754
0.290429
0.126509
0.340114
0.0776951
0.0518251
0.352451
0.345494
0.201087
0.122209
0.0771383
0.662
0.662
0.474218
0.43308
0.0399532
0.264535
0.662
0.0450123
0.3024
0.261348
0.0892227
0.119888
0.0305189
0.453228
0.662
0.662
0.362806
0.364141
0.662
0.407777
0.162255
0.280417
0.136584
0.473259
0.455697
0.263267
0.662
0.662
0.203844
0.363555
0.133783
0.235762
0.0969921
0.0644905
0.420272
0.182026
0.13251
0.662
0.205612
0.626701
0.229788
0.38823
0.662
0.0848512
0.333187
0.26894
0.607029
0.156751
0.14966
0.011253
0.662
0.662
0.122122
0.662
0.662
0.256961
0.115026
0.662
0.18119
0.185887
0.0493536
0.662
0.218557
0.383069
0.13398
0.662
0.251607
0.0853045
0.0452973
0.471222
0.586787
0.562811
0.662
0.470722
0.662
0.438599
0.0170196
0.423065
0.304055
0.62118
0.288137
0.0937535
0.156395
0.447323
0.445496
0.576481
0.18057
0.424357
0.662
0.216436
0.662
0.662
0.390247
0.0891888
0.0674897
0.662
0.310887
0.502061
0.662
0.11892
0.0170712
0.610259
0.473921
0.207795
0.289641
0.0583585
0.662
0.662
0.662
0.0388398
0.662
0.662
0.662
0.662
0.237316
0.16377
0.384319
0.119502
0.212991
0.350792
0.662
0.662
0.592054
0.573528
0.662
0.662
0.593827
0.662
0.0883164
0.131843
0.0553038
0.352988
0.326647
0.257799
0.662
0.0468091
0.662
0.315734
0.4544
0.116614
0.16208
0.520251
0.43543
0.0776692
0.186127
0.1674
0.221804
0.660859
0.441577
0.0427157
0.151882
0.662
0.662
0.197637
0.662
0.31831
0.18428
0.0302735
0.26774
0.110182
0.569493
0.132598
0.662
0.0279001
0.662
0.0527973
0.412537
0.571274
0.662
0.129332
0.0586569
0.0520006
0.503534
0.0472061
0.100488
0.193071
0.34679
0.271864
0.426603
0.0699051
0.0773738
0.662
0.602843
0.174004
0.385254
0.149522
0.221584
0.20591
0.20949
0.0891064
0.662
0.0712422
0.555224
0.662
0.662
0.662
0.662
0.662
0.220384
0.093324
0.524398
0.471714
0.0600783
0.189042
0.386708
0.662
0.205179
0.662
0.156326
0.160884
0.662
0.267249
0.0079674
0.662
0.146253
0.0359364
0.236867
0.662
0.662
0.352824
0.274942
0.662
0.109282
0.662
0.21943
0.0706387
0.271703
0.356497
0.211207
0.323367
0.595774
0.629484
0.246552
0.222473
0.15248
0.662
0.662
0.150138
0.496436
0.662
0.22996
0.622202
0.260566
0.16357
0.491245
0.36987
0.10974
0.0445552
0.662
0.0404754
0.15097
0.317683
0.2481
0.589844
0.383351
0.365076
0.188818
0.290312
0.662
0.662
0.08428
0.234252
0.662
0.303799
0.117617
0.453121
0.132551
0.53689
0.232587
0.216715
0.373121
0.201796
0.662
0.141424
0.662
0.0637325
0.122888
0.662
0.662
0.313389
0.200303
0.133829
0.662
0.0838958
0.618209
0.283198
0.217763
0.581351
0.202091
0.0993018
0.152377
0.106721
0.156758
0.229886
0.550506
0.184853
0.463479
0.12904
0.513383
0.097226
0.0960175
0.662
0.219003
0.662
0.662
0.0631822
0.255156
0.559493
0.040228
0.145519
0.181029
0.0701727
0.656289
0.662
0.12832
0.225936
0.185896
0.259747
0.292654
0.304779
0.0790167
0.44926
0.662
0.347825
0.148235
0.101517
0.0895201
0.158282
0.662
0.249616
0.089248
0.330405
0.662
0.334298
0.507466
0.132755
0.276782
0.128282
0.372095
0.110773
0.25231
0.662
0.0398168
0.662
0.380588
0.292391
0.274482
0.245012
0.662
0.133459
0.662
0.283493
0.1707
0.193295
0.181104
0.136833
0.662
0.624719
0.056803
0.206443
0.177618
0.662
0.143063
0.092198
0.430821
0.134677
0.220641
0.316449
0.191439
0.0764144
0.25751
0.379177
0.585033
0.390409
0.631705
0.590637
0.575425
0.0616149
0.211211
0.452771
0.328634
0.0966163
0.12764
0.18892
0.116713
0.0502074
0.586943
0.195175
0.557049
0.154124
0.00519665
0.225714
0.201707
0.191772
0.331034
0.460153
0.216126
0.0544502
0.662
0.495104
0.0935564
0.314904
0.662
0.347109
0.662
0.0267764
0.429338
0.26303
0.246899
0.651734
0.272799
0.0666547
0.466875
0.662
0.623162
0.173032
0.662
0.189577
0.166924
0.167796
0.0668239
0.455649
0.364955
0.185417
0.402075
0.610487
0.314481
0.110884
0.332557
0.662
0.0506974
0.662
0.223035
0.118506
0.204122
0.12803
0.662
0.662
0.662
0.662
0.423697
0.582691
0.155319
0.480563
0.135383
0.0222391
0.0756015
0.137486
0.662
0.0190793
0.0913638
0.26327
0.383262
0.0538996
0.136995
0.278952
0.355381
0.662
0.0505895
0.151544
0.181017
0.619826
0.18838
0.558937
0.254457
0.0859054
0.503945
0.662
0.0145186
0.472192
0.430664
0.396943
0.662
0.168658
0.657829
0.269165
0.662
0.106908
0.0998059
0.0330198
0.662
0.0647838
0.392259
0.268215
0.0411386
0.0942161
0.0611072
0.109022
0.358546
0.662
0.181999
0.46217
0.537538
0.0408788
0.662
0.602802
0.00291387
0.199157
0.00768889
0.662
0.662
0.207421
0.37136
0.233114
0.539954
0.062073
0.662
0.266892
0.2623
0.402702
0.440309
0.662
0.243959
0.339473
0.229622
0.387749
0.123039
0.165998
0.242002
0.662
0.249511
0.642401
0.552501
0.143611
0.0754067
0.0384833
0.170668
0.630561
0.153984
0.612095
0.662
0.0286095
0.194515
0.662
0.662
0.465126
0.443753
0.252014
0.0975904
0.148961
0.46825
0.372587
0.327195
0.339015
0.662
0.465439
0.662
0.297758
0.0436525
0.451083
0.223958
0.097973
0.289401
0.322042
0.374435
0.17417
0.236533
0.128312
0.536248
0.222829
0.662
0.34915
0.0866524
0.0780857
0.45272
0.069513
0.662
0.0209543
0.0633933
0.268566
0.0847318
0.268706
0.075577
0.179116
0.189884
0.0888761
0.662
0.0748541
0.662
0.141688
0.650334
0.0287388
0.306264
0.662
0.662
0.324037
0.273238
0.504955
0.411577
0.187491
0.240344
0.591927
0.0664049
0.662
0.228638
0.187246
0.210466
0.254619
0.128499
0.475563
0.646722
0.599596
0.177628
0.131217
0.253645
0.215049
0.240987
0.259175
0.13378
0.173637
0.605629
0.367088
0.531693
0.662
0.662
0.177964
0.652825
0.344693
0.155683
0.230443
0.662
0.542349
0.0933381
0.240828
0.662
0.238647
0.070813
0.662
0.0391084
0.161245
0.378167
0.662
0.183881
0.383925
0.157979
0.4017
0.152218
0.104254
0.645931
0.662
0.662
0.662
0.662
0.251674
0.359183
0.100437
0.662
0.441096
0.157643
0.213452
0.662
0.212399
0.271488
0.662
0.429387
0.662
0.311474
0.336038
0.0811509
0.520832
0.308698
0.361473
0.40433
0.134257
0.0757701
0.330488
0.044174
0.219689
0.0483544
0.580859
0.177319
0.103317
0.188881
0.662
0.0357286
0.662
0.00524979
0.142197
0.423777
0.131269
0.662
0.662
0.0980212
0.209546
0.312767
0.276488
0.195345
0.662
0.298622
0.662
0.662
0.114533
0.401161
0.0378286
0.469206
0.662
0.662
0.087301
0.178178
0.368207
0.24068
0.139464
0.261067
0.662
0.0542783
0.245328
0.662
0.303646
0.27646
0.127403
0.55907
0.187929
0.18592
0.662
0.398517
0.662
0.1105
0.662
0.392368
0.114429
0.0480702
0.662
0.180027
0.369262
0.0536792
0.234088
0.439229
0.385251
0.506783
0.662
0.662
0.662
0.662
0.131503
0.387687
0.41285
0.313018
0.662
0.413151
0.496201
0.122901
0.20059
0.30137
0.161809
0.121123
0.662
0.291385
0.101782
0.164989
0.0184755
0.486826
0.0737847
0.0644274
0.662
0.348997
0.197085
0.250203
0.481698
0.662
0.662
0.223039
0.344497
0.451881
0.0800915
0.305346
0.634467
0.135684
0.095415
0.182226
0.135319
0.0260915
0.324255
0.223422
0.0543577
0.221553
0.0554162
0.212753
0.163614
0.540327
0.361405
0.123668
0.074108
0.662
0.662
0.662
0.093161
0.662
0.412726
0.662
0.466768
0.422283
0.460983
0.662
0.142778
0.311512
0.09358
0.0930734
0.662
0.662
0.355344
0.22801
0.662
0.586144
0.257032
0.201213
0.662
0.662
0.101895
0.202063
0.485148
0.393245
0.528339
0.122566
0.221088
0.292983
0.0954379
0.443816
0.662
0.22573
0.222373
0.299935
0.662
0.662
0.662
0.351723
0.14846
0.124989
0.369688
0.232592
0.662
0.350425
0.221727
0.268129
0.117235
0.240267
0.662
0.470479
0.308076
0.662
0.183001
0.208746
0.469147
0.662
0.190966
0.344878
0.105285
0.662
0.32663
0.331619
0.662
0.567346
0.311888
0.25275
0.33422
0.662
0.662
0.468578
0.0406122
0.346154
0.662
0.205246
0.662
0.574552
0.252283
0.124087
0.662
0.568083
0.189095
0.230773
0.0790404
0.0693572
0.218741
0.399942
0.0807941
0.172287
0.662
0.649544
0.406814
0.662
0.662
0.408585
0.053242
0.0428837
0.0556125
0.40842
0.662
0.662
0.112739
0.138647
0.155665
0.315895
0.135101
0.406606
0.662
0.548642
0.460736
0.662
0.167317
0.0375747
0.662
0.639033
0.569157
0.211385
0.0988102
0.0987374
0.353314
0.184857
0.259683
0.662
0.662
0.284167
0.252393
0.201956
0.0972456
0.283653
0.216114
0.0701543
0.217847
0.197766
0.228377
0.454587
0.144337
0.228832
0.379549
0.126215
0.0680743
0.176806
0.0801698
0.662
0.114704
0.662
0.0773093
0.0496516
0.107639
0.462705
0.28003
0.0500829
0.0872845
0.214914
0.275461
0.243042
0.560288
0.07779
0.396023
0.12346
0.174642
0.202782
0.132216
0.216706
0.662
0.283688
0.662
0.60484
0.662
0.662
0.0516627
0.0557836
0.322242
0.315827
0.550801
0.108695
0.118615
0.662
0.0997356
0.0747073
0.116361
0.258472
0.098865
0.662
0.236416
0.104027
0.662
0.662
0.224228
0.00331617
0.662
0.0697008
0.0700151
0.247168
0.0138811
0.156377
0.182528
0.0633931
0.228741
0.218522
0.140378
0.127377
0.122076
0.305286
0.60262
0.662
0.0111595
0.130073
0.395018
0.190565
0.662
0.662
0.523315
0.143845
0.662
0.181105
0.662
0.662
0.0259857
0.090579
0.333542
0.662
0.292572
0.0947978
0.288614
0.662
0.403836
0.104565
0.0192368
0.31174
0.662
0.121092
0.662
0.0594876
0.662
0.516761
0.662
0.105374
0.311282
0.658883
0.332202
0.36614
0.662
0.284447
0.0501849
0.300688
0.147264
0.662
0.0953041
0.374931
0.323638
0.523564
0.662
0.662
0.14867
0.528552
0.261655
0.662
0.345232
0.047804
0.272724
0.575911
0.344881
0.192325
0.345472
0.662
0.431127
0.256975
0.413329
0.431567
0.220675
0.153642
0.33483
0.283264
0.231243
0.662
0.312989
0.215379
0.662
0.103577
0.296646
0.662
0.545521
0.0591142
0.476667
0.247422
0.662
0.6026
0.18547
0.106305
0.115705
0.185829
0.24637
0.662
0.660294
0.3456
0.662
0.188488
0.662
0.121803
0.117536
0.549539
0.326459
0.477159
0.383157
0.240603
0.141513
0.662
0.490843
0.0421218
0.323015
0.499291
0.225917
0.662
0.41758
0.584837
0.221203
0.662
0.662
0.662
0.417008
0.292126
0.0455601
0.129731
0.28549
0.387631
0.662
0.662
0.153734
0.370618
0.0514404
0.339264
0.662
0.662
0.343605
0.662
0.179104
0.662
0.363323
0.195835
0.167208
0.425774
0.463873
0.062979
0.24015
0.145985
0.546731
0.158463
0.165702
0.627872
0.115664
0.270239
0.662
0.662
0.65178
0.439986
0.294256
0.392952
0.25899
0.173137
0.329564
0.366418
0.314317
0.0593498
0.0426104
0.0710579
0.465858
0.662
0.662
0.403938
0.154273
0.422575
0.0582251
0.488342
0.540348
0.55328
0.244379
0.662
0.433088
0.232196
0.54431
0.519562
0.110278
0.12051
0.201524
0.356205
0.56966
0.162136
0.263641
0.125908
0.118328
0.225408
0.221739
0.662
0.113685
0.328909
0.151247
0.28094
0.269338
0.277031
0.535556
0.216588
0.142363
0.662
0.49209
0.662
0.662
0.41542
0.104889
0.192857
0.258057
0.571931
0.035045
0.194764
0.607769
0.36015
0.0838529
0.146818
0.662
0.191577
0.0626167
0.434608
0.195653
0.616602
0.167364
0.243194
0.37986
0.138925
0.0910763
0.236266
0.137528
0.082167
0.349458
0.0877178
0.316477
0.359947
0.0794349
0.662
0.0278682
0.242009
0.287342
0.616761
0.00834659
0.216104
0.0530986
0.206582
0.0518294
0.662
0.331088
0.221974
0.253493
0.00559902
0.0684313
0.662
0.13503
0.150307
0.662
0.0591408
0.0856952
0.31902
0.161131
0.0918679
0.662
0.173929
0.0790499
0.188221
0.0880535
0.662
0.209308
0.197683
0.225398
0.590065
0.662
0.216787
0.662
0.0264585
0.662
0.145503
0.237615
0.375586
0.0469195
0.180742
0.440541
0.279015
0.662
0.151386
0.475476
0.357934
0.662
0.148788
0.0841373
0.240736
0.135249
0.422365
0.386442
0.609036
0.581449
0.0926281
0.0994353
0.078164
0.662
0.572729
0.558181
0.142175
0.662
0.625807
0.242119
0.128812
0.127009
0.662
0.402865
0.334404
0.662
0.414701
0.662
0.396215
0.0970632
0.662
0.208006
0.18703
0.390928
0.662
0.225861
0.662
0.336866
0.192194
0.0809167
0.201655
0.333566
0.0551542
0.662
0.191328
0.177755
0.662
0.662
0.662
0.107115
0.0900358
0.420754
0.0781861
0.662
0.264454
0.320706
0.245002
0.595247
0.42442
0.662
0.0458496
0.241066
0.148672
0.18773
0.306358
0.225392
0.331165
0.662
0.0909064
0.476429
0.604846
0.662
0.662
0.440845
0.377774
0.0121238
0.239489
0.186582
0.228057
0.13664
0.127501
0.662
0.662
0.0467455
0.00541358
0.371122
0.184472
0.154982
0.662
0.171262
0.00576258
0.223305
0.662
0.0257485
0.284673
0.662
0.477738
0.0346891
0.0731132
0.378102
0.365604
0.616182
0.152313
0.662
0.376656
0.662
0.269996
0.29844
0.185235
0.115513
0.235802
0.416948
0.176952
0.0393211
0.522094
0.363125
0.192299
0.475967
0.225207
0.526301
0.662
0.472919
0.0779902
0.322724
0.145764
0.130754
0.0529716
0.60239
0.225279
0.662
0.286861
0.0167026
0.662
0.247491
0.393474
0.22294
0.0229898
0.0454285
0.214939
0.622097
0.0359108
0.572543
0.139939
0.534514
0.0395392
0.21763
0.17438
0.265643
0.342213
0.662
0.473879
0.362846
0.308221
0.662
0.312766
0.448506
0.235251
0.143342
0.408925
0.662
0.284317
0.448175
0.662
0.358593
0.075415
0.368433
0.133024
0.362839
0.199976
0.662
0.0704792
0.180511
0.433414
0.40599
0.444681
0.184328
0.263933
0.662
0.163472
0.662
0.507211
0.662
0.261051
0.213296
0.662
0.662
0.0444606
0.435089
0.0363388
0.603404
0.466854
0.662
0.662
0.420876
0.662
0.662
0.281437
0.406296
0.2481
0.380184
0.365972
0.28967
0.38598
0.401949
0.263573
0.297901
0.110452
0.320962
0.483888
0.180007
0.0559594
0.143033
0.586567
0.12077
0.270023
0.662
0.102084
0.32016
0.0698879
0.181018
0.662
0.210812
0.525768
0.00441669
0.0828472
0.133658
0.179271
0.482756
0.639772
0.198397
0.323662
0.179209
0.294994
0.343076
0.662
0.561268
0.216179
0.409692
0.185984
0.648341
0.128701
0.662
0.267077
0.226393
0.662
0.230421
0.184237
0.662
0.132988
0.0971703
0.138257
0.176705
0.662
0.0632541
0.659774
0.226759
0.662
0.273174
0.112124
0.140619
0.383932
0.161077
0.385027
0.469159
0.189378
0.00598334
0.662
0.0918614
0.33204
0.301451
0.0127773
0.0482915
0.18017
0.114485
0.271398
0.222915
0.081572
0.42518
0.355876
0.35438
0.117525
0.0817378
0.648133
0.260107
0.116528
0.460883
0.244519
0.102976
0.123306
0.662
0.349167
0.492632
0.188251
0.382065
0.662
0.0938266
0.165343
0.133389
0.371741
0.221035
0.0668296
0.452672
0.153621
0.142653
0.00665776
0.344956
0.119778
0.0945632
0.662
0.196646
0.617321
0.351992
0.157254
0.212732
0.301579
0.445885
0.228548
0.331629
0.527336
0.662
0.662
0.248221
0.662
0.406617
0.442031
0.662
0.51814
0.254355
0.399471
0.0899959
0.23283
0.19633
0.545595
0.366261
0.662
0.595985
0.662
0.217697
0.193673
0.131171
0.417312
0.227328
0.182445
0.662
0.0273085
0.662
0.662
0.662
0.662
0.281196
0.662
0.388956
0.0727692
0.376684
0.359184
0.662
0.662
0.118714
0.430528
0.662
0.172459
0.14423
0.0833179
0.0851474
0.116203
0.409368
0.191837
0.187474
0.200349
0.662
0.256487
0.41819
0.174503
0.142995
0.184031
0.662
0.455409
0.313404
0.662
0.162407
0.662
0.337702
0.662
0.0757442
0.269544
3.74649e-05
0.469965
0.236659
0.298504
0.662
0.18679
0.662
0.477801
0.0815725
0.509563
0.322638
0.662
0.100975
0.163848
0.233901
0.0545534
0.616245
0.549984
0.254019
0.160233
0.117188
0.0647592
0.392555
0.296319
0.257917
0.228249
0.662
0.25923
0.35706
0.238657
0.555459
0.662
0.180966
0.0743929
0.239182
0.0723161
0.170895
0.161224
0.0771451
0.261901
0.286508
0.276062
0.662
0.229231
0.662
0.176995
0.181001
0.144856
0.0297061
0.0700761
0.559927
0.608211
0.662
0.509935
0.662
0.303822
0.463035
0.107346
0.33176
0.201314
0.304568
0.137002
0.0937272
0.140706
0.132334
0.225959
0.563796
0.138232
0.078895
0.600758
0.341345
0.243646
0.268814
0.221885
0.111165
0.170767
0.545499
0.0379058
0.662
0.125812
0.662
0.262221
0.165763
0.153628
0.662
0.361861
0.313209
0.662
0.0891442
0.662
0.227037
0.267235
0.361194
0.203901
0.505595
0.147375
0.222729
0.0565279
0.662
0.1309
0.395264
0.598565
0.0942289
0.049769
0.313565
0.0964938
0.239019
0.00680186
0.15067
0.0887953
0.661898
0.662
0.103574
0.662
0.291728
0.595041
0.647477
0.206719
0.204649
0.524069
0.662
0.662
0.662
0.47151
0.161161
0.28091
0.662
0.564476
0.357265
0.457915
0.134596
0.662
0.408267
0.173818
0.347508
0.0923171
0.495639
0.23836
0.117343
0.215709
0.487761
0.471608
0.0938433
0.161619
0.662
0.184795
0.386103
0.132875
0.662
0.662
0.0651091
0.520653
0.662
0.611402
0.306211
0.132407
0.134695
0.656779
0.0565635
0.0706799
0.428235
0.498828
0.250618
0.278117
0.543415
0.351174
0.380584
0.608255
0.122001
0.249155
0.662
0.321142
0.662
0.0564038
0.0900007
0.662
0.210288
0.0921768
0.221574
0.0757842
0.337979
0.303788
0.350337
0.540019
0.0755151
0.156933
0.267398
0.304034
0.662
0.0761505
0.0261671
0.662
0.519725
0.108965
0.170466
0.268956
0.294206
0.266472
0.545031
0.487641
0.372535
0.318028
0.0889244
0.662
0.662
0.313112
0.662
0.480849
0.662
0.655706
0.00162915
0.0118312
0.0887276
0.180629
0.160035
0.145273
0.208731
0.071574
0.662
0.662
0.26151
0.13062
0.19055
0.114799
0.118428
0.177177
0.000944507
0.581278
0.171534
0.662
0.662
0.00692471
0.203618
0.662
0.0237823
0.500703
0.0555544
0.662
0.302768
0.120356
0.662
0.350605
0.309523
0.100285
0.231974
0.208342
0.424191
0.0528672
0.10601
0.396847
0.25082
0.27701
0.451889
0.452558
0.0783661
0.243074
0.162174
0.395753
0.329238
0.0672504
0.073755
0.0633156
0.160465
0.662
0.24705
0.662
0.402837
0.662
0.662
0.662
0.190737
0.113591
0.598204
0.301564
0.662
0.295555
0.106894
0.17485
0.101427
0.209401
0.277558
0.149751
0.662
0.144199
0.124968
0.283462
0.275314
0.589766
0.03012
0.344938
0.662
0.46713
0.350893
0.662
0.046428
0.635561
0.662
0.0765075
0.22423
0.147941
0.119706
0.0879012
0.516127
0.662
0.226338
0.662
0.662
0.638942
0.247591
0.662
0.105031
0.144051
0.247689
0.112609
0.298388
0.245691
0.277165
0.0509362
0.020031
0.0771388
0.250205
0.125652
0.099108
0.662
0.237358
0.289117
0.662
0.0182174
0.162158
0.238588
0.0353106
0.426637
0.462233
0.0436421
0.662
0.143789
0.13842
0.255126
0.285167
0.240673
0.502671
0.0937508
0.662
0.136805
0.662
0.340816
0.164754
0.358185
0.10934
0.194551
0.16204
0.361503
0.141398
0.0658282
0.539505
0.602848
0.0422713
0.210358
0.662
0.199834
0.180908
0.108912
0.662
0.0567476
0.61574
0.606902
0.662
0.662
0.542063
0.363454
0.144989
0.276165
0.163272
0.662
0.185622
0.521976
0.355857
0.364764
0.236441
0.0267531
0.0691255
0.202346
0.662
0.03535
0.142803
0.112255
0.408561
0.662
0.156936
0.43337
0.662
0.385112
0.662
0.118505
0.139255
0.530913
0.307274
0.662
0.0763569
0.0780669
0.419718
0.15235
0.0104487
0.110929
0.662
0.187252
0.211288
0.153741
0.662
0.134844
0.662
0.19729
0.284251
0.662
0.662
0.398548
0.0833737
0.236076
0.0743443
0.590126
0.0563717
0.226351
0.163165
0.376794
0.650737
0.662
0.340793
0.331207
0.662
0.1116
0.114543
0.121762
0.49679
0.281236
0.662
0.240417
0.662
0.0631459
0.085803
0.215589
0.0722494
0.601133
0.1023
0.263745
0.348621
0.537653
0.0293876
0.662
0.238981
0.086228
0.662
0.493724
0.246053
0.662
0.179936
0.155106
0.235865
0.662
0.108563
0.662
0.123577
0.166002
0.202
0.0554187
0.662
0.1133
0.662
0.187357
0.639449
0.127815
0.282149
0.282193
0.438206
0.662
0.0949282
0.37798
0.155845
0.502863
0.302458
0.0780638
0.130211
0.425704
0.662
0.17939
0.177034
0.283404
0.0724515
0.416352
0.0549732
0.580805
0.662
0.662
0.0573041
0.0938139
0.459467
0.662
0.417208
0.662
0.144532
0.220789
0.0919173
0.370861
0.525594
0.0378616
0.651053
0.373728
0.115756
0.418901
0.353581
0.0657894
0.576467
0.288733
0.137035
0.166814
0.662
0.0385914
0.14124
0.287512
0.662
0.662
0.662
0.439411
0.0664724
0.111958
0.237907
0.201921
0.278646
0.536316
0.0815168
0.542978
0.411198
0.19126
0.510192
0.220105
0.00646487
0.662
0.662
0.589884
0.0466707
0.201456
0.434445
0.0645828
0.295498
0.395608
0.571736
0.362641
0.178532
0.229038
0.169766
0.364438
0.662
0.156614
0.327968
0.54131
0.607886
0.662
0.196942
0.0781205
0.0565027
0.224303
0.326174
0.00856637
0.154341
0.662
0.379854
0.215404
0.1845
0.463886
0.131429
0.662
0.38714
0.662
0.537413
0.231491
0.219773
0.662
0.375551
0.295582
0.469199
0.418394
0.0957107
0.0718026
0.277166
0.317489
0.293485
0.128526
0.0729843
0.272326
0.106224
0.259093
0.662
0.124455
0.242892
0.306811
0.155099
0.324973
0.369163
0.172341
0.662
0.00200706
0.418496
0.205586
0.228054
0.662
0.662
0.190574
0.353949
0.432848
0.302763
0.479464
0.662
0.207085
0.23969
0.249001
0.101796
0.0395489
0.662
0.245159
0.132925
0.30215
0.0809821
0.00611435
0.393329
0.137699
0.267262
0.662
0.073508
0.149252
0.662
0.0383158
0.662
0.662
0.53764
0.439829
0.466313
0.662
0.281932
0.662
0.200829
0.437051
0.231577
0.662
0.619798
0.119852
0.662
0.662
0.454409
0.662
0.222658
0.165922
0.228989
0.152211
0.188565
0.482481
0.134999
0.662
0.168052
0.00151141
0.662
0.109041
0.410034
0.310002
0.0928384
0.314295
0.12885
0.0509033
0.160649
0.662
0.0803952
0.662
0.662
0.662
0.493327
0.662
0.154717
0.559264
0.662
0.224587
0.150096
0.662
0.14526
0.587848
0.16077
0.136554
0.12359
0.325107
0.34888
0.662
0.392092
0.101466
0.0055432
0.124111
0.662
0.436533
0.231504
0.662
0.0780363
0.157332
0.186608
0.422406
0.380629
0.00672826
0.200501
0.373333
0.354396
0.500898
0.142329
0.152665
0.160275
0.2087
0.198736
0.223421
0.139759
0.185466
0.53353
0.0947118
0.662
0.655189
0.662
0.0831552
0.662
0.0329483
0.235624
0.600646
0.193207
0.662
0.274242
0.119173
0.662
0.328851
0.469176
0.156852
0.0549397
0.662
0.662
0.179282
0.339936
0.25717
0.0671238
0.654915
0.200613
0.205314
0.662
0.662
0.168257
0.488006
0.662
0.11648
0.0990194
0.662
0.574757
0.0932136
0.0709424
0.227482
0.115349
0.0237496
0.269721
0.662
0.141788
0.162973
0.662
0.662
0.0532663
0.264972
0.662
0.355345
0.0694204
0.420048
0.373731
0.662
0.662
0.106331
0.316314
0.662
0.114932
0.662
0.582402
0.580432
0.662
0.584341
0.0992362
0.276068
0.662
0.426627
0.662
0.417536
0.212025
0.153161
0.422347
0.662
0.206994
0.395243
0.120118
0.495333
0.426763
0.332274
0.47546
0.662
0.662
0.662
0.165777
0.379411
0.0493897
0.0871554
0.0421456
0.274156
0.126877
0.433306
0.0855404
0.24812
0.260245
0.256871
0.223525
0.21523
0.207323
0.662
0.128614
0.299143
0.083681
0.662
0.331944
0.332689
0.103862
0.662
0.474637
0.662
0.147454
0.662
0.662
0.0986006
0.146121
0.123991
0.279412
0.0152532
0.536118
0.334346
0.395495
0.187298
0.111222
0.123778
0.243754
0.0369559
0.522491
0.197184
0.0445519
0.0371544
0.328073
0.423365
0.0139258
0.0256008
0.109922
0.155309
0.0508859
0.0699652
0.662
0.662
0.662
0.133138
0.273058
0.662
0.0230677
0.135365
0.662
0.178245
0.137455
0.124104
0.662
0.487889
0.366082
0.138613
0.300606
0.662
0.226259
0.467562
0.173507
0.662
0.11035
0.488494
0.541359
0.149411
0.061942
0.10447
0.080017
0.127089
0.153589
0.229146
0.662
0.166681
0.451065
0.0972254
0.653182
0.507079
0.367745
0.662
0.104316
0.647575
0.662
0.662
0.347037
0.142431
0.0822606
0.204374
0.145155
0.181288
0.662
0.348394
0.662
0.397488
0.0761345
0.211585
0.662
0.184386
0.438448
0.662
0.390944
0.281441
0.662
0.342799
0.662
0.119135
0.306737
0.631109
0.201891
0.662
0.61664
0.166725
0.557212
0.662
0.051158
0.142687
0.662
0.0465573
0.369096
0.662
0.200248
0.204113
0.662
0.662
0.315585
0.197308
0.238052
0.131238
0.0606047
0.619004
0.0277091
0.383753
0.553639
0.0541443
0.235121
0.552101
0.443898
0.124106
0.549138
0.619319
0.102392
0.21278
0.34685
0.476803
0.662
0.181066
0.251812
0.449453
0.662
0.144721
0.28432
0.636945
0.193139
0.16884
0.662
0.1732
0.465094
0.0564221
0.0775857
0.210706
0.360232
0.00934091
0.662
0.091262
0.378026
0.662
0.297233
0.395684
0.178101
0.596245
0.494809
0.662
0.662
0.000491147
0.254529
0.245076
0.662
0.161305
0.662
0.46697
0.425613
0.662
0.662
0.0805765
0.662
0.104384
0.0943668
0.467456
0.113101
0.441023
0.337197
0.125628
0.0804041
0.29204
0.194821
0.662
0.223844
0.213225
0.662
0.662
0.329187
0.291744
0.240422
0.254797
0.662
0.199593
0.662
0.283131
0.611822
0.173697
0.662
0.203808
0.23045
0.357004
0.662
0.268042
0.537547
0.0617171
0.494867
0.291372
0.662
0.662
0.203081
0.0159123
0.340929
0.478202
0.0384254
0.275182
0.185856
0.197211
0.662
0.0514851
0.556808
0.044141
0.662
0.0772424
0.662
0.176598
0.26576
0.0570333
0.474828
0.468935
0.662
0.247953
0.500821
0.662
0.410255
0.662
0.38332
0.662
0.662
0.063079
0.398145
0.662
0.662
0.662
0.168709
0.190519
0.0812935
0.18744
0.584965
0.662
0.107113
0.20387
0.317222
0.0925486
0.457336
0.0304407
0.441539
0.197548
0.575866
0.35432
0.662
0.144253
0.480135
0.0455182
0.237063
0.662
0.0592637
0.451326
0.0698768
0.113692
0.662
0.662
0.662
0.662
0.196373
0.175558
0.11363
0.662
0.281047
0.595565
0.415068
0.270179
0.344075
0.662
0.41079
0.156556
0.662
0.100945
0.662
0.15268
0.442907
0.0891962
0.662
0.0339116
0.0619801
0.195752
0.0419827
0.609496
0.205659
0.482445
0.198715
0.184838
0.520283
0.120687
0.214858
0.0964824
0.20156
0.662
0.297678
0.310704
0.0981447
0.0287816
0.146126
0.083253
0.223933
0.0918105
0.662
0.102992
0.0440313
0.598608
0.662
0.0267277
0.450214
0.114319
0.226024
0.339039
0.473406
0.0926788
0.128408
0.662
0.662
0.133606
0.0130176
0.662
0.654827
0.399258
0.662
0.2943
0.15594
0.167287
0.269218
0.420355
0.105517
0.0547656
0.662
0.662
0.171554
0.418205
0.226314
0.431068
0.662
0.208249
0.431337
0.655471
0.524645
0.523031
0.220669
0.662
0.555864
0.333609
0.383106
0.543603
0.637796
0.161257
0.492389
0.26937
0.662
0.662
0.538797
0.207542
0.33628
0.212957
0.170143
0.12666
0.575509
0.0644104
0.220118
0.0272138
0.190934
0.0706938
0.358567
0.0892594
0.21219
0.211638
0.662
0.20867
0.662
0.146755
0.138057
0.147096
0.200679
0.0977964
0.21417
0.272124
0.530491
0.235749
0.146903
0.416316
0.0979298
0.203808
0.181243
0.191182
0.662
0.451578
0.662
0.064247
0.232705
0.409569
0.176665
0.633523
0.658477
0.0489099
0.0985483
0.0717223
0.21267
0.0979355
0.105576
0.100641
0.208452
0.662
0.662
0.400914
0.662
0.238645
0.423705
0.188173
0.26435
0.662
0.140537
0.0845652
0.662
0.0381714
0.563405
0.07834
0.402457
0.152092
0.404556
0.0301489
0.0437271
0.662
0.0627144
0.487831
0.173997
0.0430675
0.662
0.102997
0.662
0.0781284
0.662
0.346587
0.208009
0.0254121
0.0404884
0.626616
0.236763
0.0728926
0.0167596
0.422431
0.108493
0.32715
0.242346
0.309346
0.241548
0.575342
0.361441
0.197246
0.662
0.662
0.115121
0.157476
0.477893
0.430555
0.295091
0.639276
0.168512
0.242895
0.0632899
0.136295
0.170295
0.280358
0.0900084
0.100928
0.662
0.125979
0.108769
0.179521
0.325061
0.239251
0.119094
0.662
0.176698
0.0566314
0.349932
0.190464
0.259625
0.662
0.614206
0.648268
0.217603
0.0906187
0.204739
0.662
0.156237
0.662
0.333258
0.272374
0.600319
0.132803
0.0859651
0.0638543
0.000342788
0.246416
0.652426
0.662
0.662
0.027484
0.662
0.451177
0.318677
0.349164
0.582278
0.606892
0.299556
0.391988
0.150631
0.062993
0.188185
0.202633
0.662
0.349756
0.662
0.662
0.642357
0.0838339
0.662
0.210735
0.220821
0.662
0.0936534
0.436846
0.463293
0.373236
0.0751768
0.662
0.464146
0.662
0.662
0.354002
0.662
0.472566
0.341856
0.243053
0.131612
0.662
0.552765
0.368846
0.662
0.169012
0.57158
0.145462
0.418979
0.574517
0.662
0.631255
0.662
0.359917
0.0773052
0.302024
0.0482244
0.082879
0.590258
0.210422
0.235239
0.662
0.662
0.662
0.176127
0.148954
0.0698351
0.0504978
0.242503
0.458454
0.125567
0.297752
0.662
0.119688
0.440049
0.662
0.0822609
0.056974
0.0452899
0.0151442
0.256153
0.52918
0.303206
0.193821
0.0727672
0.522955
0.0706811
0.41381
0.662
0.0642679
0.340342
0.144867
0.662
0.662
0.563313
0.130907
0.0144611
0.254556
0.662
0.662
0.232774
0.0218422
0.195386
0.316188
0.28458
0.322133
0.464702
0.184139
0.405709
0.0121458
0.662
0.100992
0.662
0.0795737
0.598366
0.0631726
0.248444
0.506092
0.0618666
0.264292
0.166997
0.248899
0.0811622
0.397179
0.481667
0.662
0.116978
0.208149
0.00994986
0.0715031
0.27128
0.0839414
0.662
0.111492
0.108171
0.662
0.103579
0.304851
0.28984
0.389116
0.0385257
0.166912
0.662
0.629706
0.554745
0.662
0.167351
0.0748305
0.186104
0.662
0.110026
0.265047
0.22016
0.258486
0.22813
0.152408
0.0727685
0.660093
0.0799127
0.0695632
0.33056
0.239032
0.097206
0.127245
0.0402694
0.456814
0.662
0.134425
0.662
0.629763
0.0887788
0.313457
0.662
0.0474793
0.624568
0.662
0.0132223
0.212732
0.375858
0.29649
0.662
0.425193
0.150689
0.0982327
0.114873
0.484571
0.115754
0.427426
0.466664
0.662
0.0390507
0.404009
0.662
0.641417
0.326418
0.543322
0.252722
0.204703
0.662
0.198335
0.37019
0.108617
0.662
0.652158
0.104597
0.31915
0.662
0.0876951
0.383298
0.287004
0.302261
0.319188
0.662
0.587378
0.0853794
0.662
0.438951
0.235838
0.251635
0.069297
0.192608
0.35361
0.550336
0.437904
0.292339
0.304954
0.662
0.376185
0.231218
0.286757
0.662
0.44697
0.0976881
0.282118
0.0878652
0.196187
0.662
0.31206
0.628974
0.223572
0.061629
0.526124
0.662
0.662
0.200546
0.172064
0.662
0.0707743
0.662
0.662
0.662
0.637166
0.388685
0.652447
0.662
0.217518
0.0836083
0.109229
0.254799
0.099616
0.183883
0.167657
0.226883
0.0123232
0.662
0.0885237
0.662
0.662
0.255685
0.215457
0.009497
0.662
0.662
0.324671
0.100739
0.0884944
0.103007
0.0149957
0.239863
0.472714
0.430433
0.0331319
0.662
0.0781362
0.468926
0.54208
0.0141886
0.391795
0.230055
0.662
0.662
0.33406
0.662
0.216248
0.0963978
0.197512
0.248056
0.106363
0.398358
0.107823
0.162457
0.44794
0.662
0.248419
0.17607
0.0795538
0.0656484
0.623651
0.252947
0.480562
0.101782
0.328361
0.461696
0.662
0.662
0.146153
0.561152
0.427339
0.389995
0.662
0.389543
0.0871075
0.662
0.110723
0.368931
0.119598
0.662
0.0928637
0.303102
0.503287
0.248792
0.443261
0.401375
0.32505
0.138817
0.278795
0.161468
0.662
0.623219
0.032867
0.264541
0.34164
0.432734
0.174242
0.453478
0.47251
0.183362
0.0367183
0.0550479
0.557011
0.504754
0.662
0.433472
0.191719
0.662
0.343182
0.0937704
0.160318
0.14559
0.662
0.0742619
0.153371
0.368382
0.0521808
0.433228
0.118875
0.396187
0.475638
0.662
0.662
0.181068
0.0181305
0.251054
0.662
0.240874
0.662
0.662
0.198376
0.369873
0.662
0.162483
0.662
0.51972
0.662
0.216063
0.662
0.112318
0.442531
0.662
0.132023
0.662
0.662
0.662
0.662
0.290685
0.332617
0.549883
0.623153
0.0870712
0.0411091
0.115758
0.662
0.202222
0.207458
0.662
0.662
0.0765446
0.268839
0.235668
0.503376
0.0803357
0.282432
0.662
0.0406451
0.0155113
0.662
0.243036
0.175211
0.662
0.0235303
0.104333
0.662
0.662
0.0529605
0.515156
0.1017
0.0623632
0.0766661
0.61896
0.151083
0.184762
0.662
0.389437
0.250349
0.151166
0.662
0.646189
0.334255
0.10103
0.241269
0.0234909
0.133429
0.662
0.662
0.662
0.662
0.237818
0.43756
0.200324
0.337843
0.517164
0.153624
0.662
0.580314
0.51547
0.662
0.662
0.426258
0.662
0.291345
0.202307
0.662
0.273296
0.316638
0.662
0.451638
0.119667
0.0863709
0.633795
0.425609
0.108465
0.272937
0.50216
0.0957585
0.449627
0.347761
0.0426572
0.0814696
0.0910776
0.222206
0.241491
0.286966
0.0859256
0.662
0.359929
0.284044
0.662
0.662
0.0970141
0.662
0.662
0.110288
0.00925716
0.113459
0.219696
0.0973664
0.332719
0.138018
0.591736
0.287609
0.109842
0.329798
0.662
0.469973
0.0790206
0.272989
0.319574
0.276265
0.222424
0.662
0.349832
0.469071
0.191199
0.105884
0.295752
0.434117
0.371189
0.521007
0.648465
0.662
0.07162
0.0587754
0.173264
0.269473
0.162583
0.662
0.417115
0.662
0.0727646
0.337038
0.0727856
0.230735
0.229618
0.0654112
0.221642
0.662
0.113324
0.390854
0.505796
0.47041
0.0557053
0.0894424
0.662
0.0480422
0.265511
0.52371
0.250116
0.561372
0.424812
0.460689
0.172404
0.0636018
0.662
0.509615
0.290757
0.662
0.452014
0.141911
0.228439
0.562161
0.41759
0.662
0.206062
0.63605
0.048705
0.169941
0.525583
0.662
0.206809
0.0828112
0.158808
0.150363
0.154922
0.0231027
0.0470673
0.0711547
0.284785
0.207203
0.452408
0.115778
0.459291
0.339128
0.372536
0.662
0.153106
0.662
0.356959
0.662
0.132207
0.538513
0.190863
0.662
0.197658
0.20031
0.0387866
0.343557
0.413472
0.662
0.0793336
0.430048
0.502493
0.628038
0.26889
0.129258
0.662
0.121256
0.662
0.430585
0.2731
0.659308
0.0947075
0.141219
0.662
0.662
0.237992
0.662
0.0310095
0.444274
0.156537
0.662
0.633694
0.0885124
0.662
0.5125
0.662
0.230918
0.0325055
0.662
0.518723
0.662
0.560636
0.451944
0.124195
0.381941
0.662
0.16305
0.107556
0.00654191
0.135394
0.207885
0.563319
0.103206
0.423483
0.335247
0.100787
0.0577233
0.662
0.11838
0.0772088
0.662
0.662
0.104437
0.347984
0.253832
0.143687
0.0828139
0.287467
0.440165
0.145891
0.256752
0.200726
0.158436
0.148164
0.662
0.292556
0.511793
0.43782
0.41361
0.114698
0.458745
0.0977596
0.144001
0.452764
0.285548
0.279808
0.175532
0.233106
0.319323
0.104299
0.457056
0.662
0.611259
0.662
0.112062
0.662
0.240361
0.277194
0.662
0.0719405
0.0664162
0.531811
0.377568
0.12244
0.47196
0.583782
0.662
0.27223
0.662
0.327434
0.0752851
0.108766
0.159464
0.553868
0.219633
0.415719
0.363402
0.37937
0.127748
0.211346
0.662
0.127755
0.623106
0.165278
0.662
0.167363
0.0986771
0.0861125
0.132113
0.57365
0.0640891
0.108008
0.288695
0.348342
0.353549
0.662
0.178379
0.141958
0.662
0.233233
0.384916
0.236564
0.0980121
0.662
0.048157
0.10296
0.662
0.0206417
0.14105
0.196629
0.662
0.662
0.27745
0.14518
0.123261
0.662
0.193921
0.0978578
0.662
0.662
0.662
0.143244
0.0584753
0.620401
0.0567325
0.3692
0.468501
0.662
0.315317
0.23803
0.662
0.662
0.446712
0.662
0.168596
0.427064
0.107871
0.0126076
0.306511
0.111225
0.195729
0.662
0.263803
0.0880531
0.662
0.662
0.0485121
0.444541
0.197779
0.662
0.299635
0.247456
0.298564
0.236258
0.13189
0.0233962
0.25782
0.236131
0.662
0.662
0.662
0.662
0.379452
0.477729
0.20608
0.173533
0.454476
0.219994
0.465791
0.662
0.662
0.580215
0.300003
0.662
0.216566
0.431032
0.662
0.662
0.196099
0.599891
0.183884
0.366662
0.388056
0.662
0.463595
0.279999
0.140006
0.662
0.217434
0.190526
0.0943967
0.662
0.253582
0.334725
0.0882629
0.662
0.0308398
0.662
0.412953
0.537111
0.368355
0.42345
0.0519817
0.14117
0.662
0.277941
0.263158
0.242299
0.418652
0.224353
0.625808
0.318843
0.260476
0.281296
0.0821504
0.0936211
0.0206143
0.113417
0.418217
0.2006
0.662
0.662
0.662
0.662
0.0845593
0.379295
0.093258
0.291515
0.124896
0.344188
0.130232
0.2747
0.662
0.317078
0.413942
0.320602
0.662
0.662
0.0820662
0.147676
0.217166
0.359139
0.662
0.13688
0.438046
0.335215
0.0722676
0.287774
0.0989448
0.101417
0.390187
0.128636
0.457941
0.662
0.662
0.196185
0.662
0.294629
0.662
0.128332
0.155453
0.634853
0.0843425
0.662
0.662
0.364709
0.169973
0.0967814
0.662
0.161676
0.611442
0.134198
0.0876574
0.13678
0.270581
0.0745289
0.381628
0.255809
0.259927
0.167895
0.0792163
0.148001
0.330562
0.3412
0.487596
0.0783525
0.156503
0.128536
0.146319
0.34114
0.105275
0.662
0.297381
0.340265
0.662
0.13461
0.120236
0.662
0.205328
0.662
0.293528
0.120853
0.190077
0.420762
0.455592
0.0725933
0.384595
0.145252
0.662
0.138184
0.100343
0.662
0.0218308
0.534899
0.0743463
0.535898
0.13007
0.232966
0.662
0.662
0.102193
0.201577
0.662
0.549895
0.00815875
0.510579
0.2117
0.081224
0.219392
0.662
0.304265
0.105931
0.277864
0.101444
0.662
0.027316
0.662
0.188825
0.18988
0.101311
0.430252
0.354153
0.402298
0.397038
0.0331168
0.295458
0.0851079
0.162545
0.431247
0.0901513
0.662
0.245078
0.662
0.447305
0.26303
0.221755
0.178928
0.160331
0.122039
0.264757
0.193317
0.360371
0.190501
0.662
0.193721
0.0409026
0.662
0.478082
0.60229
0.662
0.575414
0.298015
0.285893
0.0688374
0.0943092
0.0596525
0.662
0.383836
0.662
0.222682
0.277819
0.10949
0.312227
0.364005
0.173217
0.265547
0.159294
0.4382
0.326507
0.662
0.192851
0.186609
0.0495791
0.0984415
0.293835
0.652355
0.222169
0.662
0.662
0.107577
0.239281
0.145351
0.662
0.662
0.549169
0.124013
0.060897
0.171979
0.080047
0.10716
0.202292
0.152709
0.317242
0.331026
0.0596188
0.32745
0.662
0.13716
0.0125636
0.182001
0.0922999
0.0267656
0.658246
0.576974
0.252324
0.0641411
0.662
0.355557
0.330204
0.0834823
0.447203
0.662
0.164721
0.461825
0.598392
0.340509
0.610897
0.244472
0.211988
0.10902
0.190131
0.347498
0.385925
0.662
0.662
0.662
0.427319
0.406895
0.584207
0.192784
0.662
0.125371
0.0471187
0.327417
0.32935
0.238401
0.00887531
0.662
0.230856
0.261106
0.0997504
0.401723
0.0922523
0.458708
0.303477
0.327354
0.662
0.167823
0.109046
0.109808
0.327472
0.171678
0.662
0.662
0.545101
0.410293
0.403079
0.360626
0.121529
0.139372
0.324045
0.378377
0.122514
0.0243902
0.594746
0.0744265
0.0359014
0.662
0.461557
0.662
0.0513722
0.320712
0.662
0.229291
0.17243
0.0163915
0.662
0.204646
0.0556817
0.521166
0.10425
0.483705
0.340458
0.190407
0.281267
0.226797
0.55675
0.288304
0.239493
0.295723
0.159185
0.0859857
0.109616
0.222005
0.108645
0.662
0.649387
0.112231
0.225695
0.0806243
0.662
0.0525699
0.4615
0.088102
0.116832
0.117647
0.233215
0.662
0.662
0.662
0.127144
0.662
0.545974
0.193101
0.341711
0.468151
0.662
0.662
0.232885
0.20572
0.662
0.0764724
0.0866419
0.218171
0.197101
0.489944
0.287244
0.149244
0.417675
0.234042
0.0656641
0.414053
0.130098
0.538861
0.198324
0.382966
0.194421
0.0773204
0.201058
0.539062
0.00929195
0.306604
0.105849
0.220243
0.0139738
0.228328
0.489404
0.0917643
0.184182
0.366678
0.611378
0.662
0.205468
0.0940169
0.0270086
0.371818
0.129723
0.399758
0.124167
0.45841
0.662
0.502767
0.251854
0.155242
0.194935
0.057165
0.256143
0.308109
0.00865864
0.327636
0.141456
0.330222
0.662
0.0862205
0.287901
0.347267
0.0234269
0.397165
0.242123
0.434568
0.0509656
0.662
0.152773
0.145516
0.662
0.513699
0.277232
0.662
0.0458563
0.237033
0.254992
0.417643
0.529317
0.662
0.41963
0.188136
0.662
0.590858
0.136597
0.662
0.0794645
0.0813808
0.0919652
0.662
0.662
0.440476
0.0984941
0.662
0.166392
0.662
0.106169
0.289038
0.278133
0.318303
0.503252
0.285678
0.277621
0.438928
0.0842819
0.466429
0.422425
0.209586
0.0673765
0.439503
0.662
0.0242501
0.108233
0.401344
0.298278
0.152962
0.662
0.044663
0.0668347
0.662
0.0569347
0.437427
0.662
0.0526086
0.413572
0.24488
0.386095
0.102765
0.453539
0.172966
0.0777031
0.184305
0.105611
0.311762
0.126118
0.625781
0.375228
0.148072
0.475164
0.455656
0.454209
0.616773
0.627218
0.0514571
0.568586
0.633391
0.576341
0.662
0.266031
0.0576718
0.320205
0.266092
0.0808194
0.0680627
0.662
0.0728328
0.143663
0.399287
0.647003
0.0891002
0.184624
0.662
0.0871991
0.13862
0.123979
0.662
0.662
0.23388
0.266417
0.531281
0.0605703
0.0672698
0.372246
0.135336
0.662
0.149775
0.0466571
0.504498
0.662
0.433177
0.134751
0.662
0.104797
0.216187
0.40475
0.135184
0.349192
0.596555
0.213308
0.114336
0.226678
0.307094
0.191502
0.148214
0.662
0.191846
0.101552
0.202408
0.549248
0.662
0.192487
0.242579
0.662
0.662
0.111424
0.662
0.433911
0.149176
0.258909
0.0964639
0.429744
0.361446
0.662
0.271907
0.662
0.0316379
0.226448
0.0421022
0.0933252
0.662
0.650823
0.054026
0.662
0.0800244
0.662
0.0915173
0.109421
0.388395
0.0228185
0.1319
0.229602
0.347705
0.25984
0.207711
0.180153
0.662
0.31045
0.171382
0.525021
0.172657
0.606796
0.662
0.0249702
0.662
0.0999903
0.102704
0.256077
0.182312
0.165188
0.342261
0.0606305
0.0491063
0.0846822
0.270787
0.187026
0.457814
0.165468
0.0636798
0.032679
0.0486673
0.662
0.662
0.00089281
0.662
0.186161
0.098004
0.25444
0.662
0.589619
0.284637
0.662
0.134326
0.0679613
0.485452
0.104744
0.662
0.662
0.0404877
0.244928
0.0659902
0.662
0.503059
0.0302902
0.662
0.294037
0.662
0.211275
0.662
0.171564
0.100242
0.56671
0.236082
0.154006
0.300907
0.662
0.108969
0.662
0.152425
0.0478977
0.107624
0.414167
0.662
0.662
0.206188
0.662
0.232014
0.108352
0.373953
0.0362355
0.662
0.289331
0.0420138
0.0944144
0.100911
0.178978
0.104289
0.0794473
0.39801
0.103341
0.662
0.0934329
0.496729
0.527859
0.0836059
0.148646
0.00904593
0.0848404
0.0937862
0.480831
0.0744835
0.662
0.210337
0.305673
0.145011
0.341212
0.662
0.467508
0.297535
0.126776
0.486046
0.19792
0.0720598
0.214732
0.0759193
0.47425
0.27831
0.140037
0.257863
0.58401
0.508566
0.179645
0.229325
0.274319
0.479914
0.0756485
0.662
0.296423
0.187509
0.335803
0.274704
0.122
0.10803
0.662
0.128117
0.144002
0.292552
0.138023
0.0252888
0.520304
0.294337
0.227595
0.140278
0.201006
0.0832743
0.0530386
0.0566453
0.409442
0.662
0.361004
0.0361866
0.662
0.258114
0.662
0.662
0.330446
0.324573
0.662
0.156272
0.436409
0.166634
0.0949537
0.36626
0.0962841
0.662
0.224315
0.268319
0.360983
0.47227
0.662
0.431509
0.662
0.54234
0.358438
0.368287
0.056288
0.501876
0.125404
0.299166
0.473481
0.280687
0.204907
0.114122
0.662
0.375573
0.0432459
0.424933
0.539709
0.295053
0.183173
0.162736
0.190905
0.242389
0.228244
0.15365
0.550282
0.662
0.662
0.265981
0.114349
0.662
0.235534
0.0565057
0.0499706
0.434776
0.588046
0.135385
0.588755
0.453067
0.362942
0.641613
0.662
0.662
0.324404
0.598467
0.567379
0.150429
0.662
0.0525097
0.662
0.398466
0.190446
0.142331
0.0794551
0.110731
0.046832
0.128527
0.505754
0.165622
0.60009
0.247743
0.212381
0.223784
0.105069
0.196737
0.154675
0.26211
0.662
0.0744019
0.188314
0.413616
0.0252623
0.342038
0.629706
0.363307
0.0124498
0.662
0.12651
0.0465988
0.662
0.0983523
0.662
0.473203
0.125088
0.00285414
0.452479
0.172712
0.097507
0.07695
0.379257
0.508704
0.392731
0.403661
0.662
0.290188
0.192044
0.205881
0.662
0.0679768
0.255469
0.0411361
0.662
0.0680622
0.0365065
0.240504
0.106006
0.662
0.102126
0.662
0.599797
0.579544
0.197818
0.649171
0.662
0.386521
0.662
0.662
0.662
0.323077
0.0939393
0.201849
0.239678
0.61119
0.368122
0.201121
0.412749
0.486482
0.161245
0.429144
0.146459
0.0455993
0.0094034
0.157292
0.451207
0.269015
0.295786
0.0838936
0.662
0.206969
0.469912
0.478598
0.662
0.10763
0.289756
0.662
0.109534
0.210411
0.137463
0.394653
0.662
0.183503
0.133126
0.262102
0.28727
0.505416
0.14627
0.136064
0.126752
0.662
0.0992828
0.485564
0.340421
0.662
0.0596111
0.137348
0.662
0.13589
0.178123
0.11993
0.0661148
0.384238
0.662
0.0376525
0.244403
0.0647699
0.42539
0.10872
0.0504059
0.177819
0.0681361
0.338106
0.401623
0.0842611
0.662
0.646702
0.622948
0.50946
0.236338
0.126771
0.0894697
0.662
0.317801
0.1254
0.174633
0.662
0.662
0.00773514
0.246065
0.490123
0.290793
0.146644
0.136751
0.449767
0.662
0.662
0.662
0.141497
0.662
0.662
0.543131
0.603684
0.144258
0.56909
0.123472
0.377065
0.662
0.171892
0.0303536
0.641709
0.3913
0.118821
0.200618
0.083647
0.662
0.242551
0.662
0.402484
0.187944
0.174074
0.662
0.0314746
0.173036
0.233632
0.299305
0.418228
0.151393
0.105439
0.0707171
0.194554
0.662
0.0544818
0.662
0.351242
0.473542
0.146574
0.164048
0.200307
0.106965
0.17028
0.231492
0.176819
0.0986647
0.130228
0.253289
0.514865
0.282002
0.014008
0.59579
0.316751
0.152221
0.662
0.170516
0.0947972
0.0614281
0.380066
0.414582
0.311884
0.38326
0.662
0.662
0.330983
0.662
0.147093
0.230052
0.189589
0.394723
0.619047
0.662
0.197488
0.207712
0.662
0.418982
0.662
0.258955
0.270312
0.306565
0.633488
0.133319
0.133836
0.0769995
0.662
0.0554104
0.296828
0.2658
0.586757
0.401028
0.0403623
0.444549
0.0726874
0.156689
0.215287
0.0997985
0.121382
0.515125
0.234736
0.416085
0.132706
0.377122
0.238418
0.174035
0.355591
0.447257
0.380758
0.152069
0.282372
0.662
0.56446
0.622366
0.490178
0.657847
0.20257
0.367692
0.204965
0.662
0.0541129
0.126353
0.563281
0.662
0.309097
0.192479
0.223841
0.0722979
0.431238
0.391545
0.21918
0.327967
0.0902212
0.210331
0.135408
0.223039
0.662
0.195724
0.662
0.510433
0.528777
0.199321
0.031198
0.125447
0.522208
0.466797
0.124431
0.122984
0.316435
0.0839197
0.170627
0.187441
0.662
0.291539
0.662
0.0536707
0.452153
0.0768082
0.312052
0.150064
0.244002
0.205233
0.108902
0.0787373
0.396139
0.662
0.662
0.590076
0.048588
0.127782
0.284534
0.662
0.45519
0.21774
0.0924176
0.129261
0.662
0.662
0.155555
0.249792
0.129479
0.660017
0.244924
0.550924
0.320841
0.492102
0.662
0.183338
0.172441
0.508339
0.434799
0.474077
0.662
0.61355
0.0730752
0.662
0.224685
0.240832
0.36021
0.0985004
0.662
0.0677021
0.156511
0.514826
0.662
0.151971
0.662
0.476043
0.278456
0.634478
0.604347
0.0660188
0.286988
0.629706
0.662
0.18103
0.0587211
0.662
0.0911742
0.662
0.186993
0.662
0.415378
0.535918
0.0418472
0.235526
0.0748569
0.170496
0.175825
0.0816934
0.237297
0.118249
0.481344
0.472256
0.662
0.0913987
0.520208
0.404478
0.105567
0.11923
0.301467
0.354008
0.662
0.101622
0.124029
0.231852
0.173959
0.040915
0.123392
0.662
0.662
0.0860887
0.662
0.275429
0.654601
0.601224
0.174183
0.615849
0.0693498
0.141578
0.400168
0.277725
0.143945
0.662
0.662
0.093692
0.00401825
0.0531968
0.199634
0.662
0.662
0.405414
0.662
0.181696
0.203699
0.662
0.456629
0.124562
0.174971
0.662
0.661179
0.0695989
0.270187
0.334081
0.16414
0.662
0.133057
0.295597
0.118459
0.253342
0.366321
0.107202
0.0888586
0.508552
0.258386
0.165727
0.507383
0.254963
0.123861
0.662
0.428155
0.482329
0.53134
0.067523
0.178487
0.071934
0.662
0.118987
0.210033
0.50865
0.662
0.175752
0.212362
0.074496
0.657303
0.369063
0.220697
0.168779
0.352076
0.662
0.191425
0.662
0.0852909
0.662
0.227107
0.0628118
0.0758712
0.469836
0.662
0.216943
0.131423
0.256481
0.587218
0.264518
0.278583
0.662
0.144089
0.160335
0.662
0.066762
0.315185
0.0511067
0.258362
0.150009
0.163644
0.662
0.3836
0.662
0.662
0.165572
0.220458
0.237013
0.662
0.662
0.422367
0.527445
0.228355
0.662
0.662
0.215035
0.246407
0.48941
0.662
0.662
0.259944
0.662
0.09226
0.0573781
0.47962
0.138521
0.512641
0.219961
0.443775
0.225227
0.263615
0.427824
0.445002
0.0694201
0.662
0.162169
0.166218
0.218068
0.19701
0.389442
0.662
0.0601439
0.288493
0.662
0.62933
0.624188
0.411781
0.0585856
0.101806
0.549084
0.0562328
0.662
0.631924
0.662
0.662
0.662
0.42501
0.571294
0.656402
0.103671
0.662
0.0702491
0.662
0.648623
0.194083
0.060593
0.232446
0.242327
0.230298
0.293155
0.333521
0.125736
0.517022
0.073907
0.662
0.492969
0.118523
0.201026
0.0579667
0.113273
0.307056
0.662
0.662
0.662
0.662
0.662
0.662
0.0997742
0.287289
0.662
0.662
0.201578
0.159512
0.662
0.16988
0.377831
0.211614
0.302606
0.0643032
0.662
0.662
0.193561
0.662
0.267908
0.662
0.252166
0.459482
0.0709182
0.430044
0.143501
0.296348
0.473596
0.662
0.103756
0.662
0.205554
0.250914
0.0907248
0.574272
0.263619
0.0427275
0.167757
0.0851027
0.40762
0.662
0.662
0.152755
0.357245
0.317803
0.402004
0.140146
0.347261
0.431092
0.461449
0.662
0.662
0.215413
0.263767
0.452065
0.188882
0.662
0.0925973
0.266821
0.141142
0.054817
0.571241
0.662
0.371041
0.424619
0.313897
0.642481
0.13382
0.194343
0.178101
0.130317
0.479907
0.206631
0.278899
0.0670046
0.22556
0.105415
0.39898
0.16406
0.29427
0.662
0.455018
0.611947
0.366051
0.155378
0.139367
0.662
0.168357
0.211709
0.447295
0.0915768
0.606039
0.0849704
0.601064
0.211301
0.135833
0.376273
0.206918
0.168457
0.268026
0.332976
0.165257
0.662
0.271261
0.662
0.314433
0.182806
0.630969
0.130306
0.245272
0.33536
0.0772269
0.588605
0.149565
0.258637
0.118633
0.0704283
0.393277
0.450819
0.0851843
0.45972
0.608457
0.662
0.662
0.0537469
0.662
0.535122
0.662
0.534069
0.662
0.662
0.102885
0.289759
0.662
0.145137
0.525859
0.240205
0.135852
0.662
0.0536467
0.121871
0.405367
0.108895
0.502812
0.125965
0.318228
0.662
0.0974062
0.0783614
0.662
0.0411855
0.662
0.122343
0.331699
0.388682
0.662
0.371238
0.662
0.131902
0.395143
0.348999
0.212158
0.662
0.0376319
0.381095
0.662
0.387813
0.0451116
0.662
0.0669376
0.172541
0.150156
0.128083
0.662
0.595004
0.662
0.508109
0.162354
0.161097
0.662
0.219295
0.347128
0.186956
0.0938822
0.595103
0.0810607
0.291526
0.662
0.662
0.447972
0.150421
0.610146
0.10736
0.662
0.255935
0.0646863
0.284975
0.240921
0.662
0.287729
0.0595736
0.158413
0.119339
0.0250504
0.111974
0.171504
0.201674
0.398158
0.068996
0.443034
0.45819
0.0804345
0.158661
0.569713
0.112708
0.303782
0.244024
0.281167
0.662
0.461499
0.662
0.518928
0.3075
0.122859
0.146226
0.243865
0.662
0.0530626
0.152005
0.434655
0.223875
0.185766
0.3126
0.00243867
0.0788435
0.139574
0.541532
0.451532
0.101978
0.0991197
0.587432
0.124967
0.357147
0.662
0.226647
0.391501
0.306659
0.320246
0.443967
0.288344
0.572515
0.0625666
0.576919
0.286112
0.662
0.448768
0.143478
0.126486
0.662
0.426157
0.662
0.662
0.116327
0.124754
0.240478
0.662
0.429993
0.662
0.226462
0.166461
0.293101
0.103304
0.662
0.45919
0.18417
0.662
0.662
0.662
0.190501
0.662
0.528773
0.318222
0.575713
0.132047
0.232726
0.452116
0.389062
0.413206
0.0249239
0.316505
0.235322
0.471805
0.469821
0.0316359
0.38626
0.662
0.201679
0.109659
0.662
0.0327557
0.603382
0.240652
0.0608698
0.0786917
0.284044
0.662
0.662
0.166157
0.0262801
0.00600213
0.0624682
0.662
0.142033
0.384896
0.662
0.172863
0.179518
0.123168
0.662
0.342011
0.0530324
0.391877
0.294982
0.29726
0.425668
0.415045
0.449486
0.0185779
0.545091
0.241447
0.0612489
0.0566196
0.401802
0.26799
0.34133
0.133433
0.415319
0.58904
0.183496
0.170762
0.0877992
0.026029
0.205925
0.20706
0.426396
0.303729
0.662
0.183829
0.38672
0.562096
0.472975
0.161941
0.250694
0.366196
0.662
0.350018
0.222135
0.662
0.645178
0.260534
0.112292
0.268248
0.268662
0.565976
0.269968
0.225418
0.26727
0.409832
0.189278
0.253311
0.24303
0.0670439
0.244004
0.269287
0.385383
0.662
0.633246
0.226694
0.050376
0.662
0.662
0.662
0.559312
0.662
0.211152
0.225907
0.662
0.662
0.662
0.27316
0.662
0.479763
0.199571
0.560806
0.284291
0.0643887
0.141697
0.422299
0.510375
0.0368209
0.274936
0.662
0.170418
0.21151
0.398685
0.225361
0.272095
0.101126
0.474298
0.262177
0.662
0.0706599
0.208043
0.211418
0.0808609
0.621613
0.383838
0.435682
0.296247
0.662
0.115879
0.662
0.202647
0.662
0.662
0.211644
0.0980262
0.256961
0.110367
0.19402
0.186014
0.0907435
0.262083
0.662
0.0476656
0.662
0.364367
0.622239
0.251732
0.117802
0.548065
0.134579
0.662
0.18288
0.216126
0.0423542
0.508965
0.202599
0.662
0.662
0.180893
0.205889
0.662
0.398355
0.374357
0.529646
0.235104
0.619086
0.160228
0.662
0.156078
0.163643
0.0908949
0.0533158
0.662
0.165822
0.258422
0.662
0.662
0.380758
0.294011
0.074627
0.662
0.213268
0.662
0.662
0.329111
0.0762298
0.662
0.662
0.222133
0.578274
0.449565
0.195962
0.193282
0.641394
0.226097
0.127316
0.522707
0.61965
0.167502
0.250137
0.182439
0.538015
0.120439
0.081242
0.152755
0.662
0.662
0.10505
0.121643
0.662
0.662
0.234201
0.259356
0.397773
0.098454
0.162077
0.332488
0.0854663
0.101735
0.057847
0.304684
0.662
0.157994
0.662
0.0182524
0.662
0.662
0.662
0.662
0.0690863
0.662
0.167193
0.12404
0.235001
0.0612272
0.149382
0.662
0.537042
0.199971
0.634045
0.662
0.368433
0.0867372
0.604371
0.662
0.0941376
0.415319
0.0589538
0.158652
0.662
0.470951
0.120395
0.169067
0.36036
0.428999
0.176258
0.400176
0.293722
0.128944
0.0706516
0.00886672
0.248586
0.270489
0.0771498
0.139333
0.46769
0.0921007
0.662
0.452338
0.205785
0.662
0.125767
0.366281
0.571043
0.0764339
0.285376
0.0954049
0.642624
0.282861
0.0838219
0.629074
0.0253041
0.605266
0.262271
0.662
0.662
0.659812
0.432941
0.140194
0.578227
0.0507397
0.164538
0.222674
0.640415
0.500965
0.212972
0.147694
0.424506
0.283862
0.313505
0.0466533
0.317974
0.121131
0.0973316
0.157126
0.06023
0.103047
0.662
0.662
0.109728
0.662
0.0628858
0.0452957
0.662
0.19616
0.225488
0.436061
0.662
0.0286398
0.282064
0.414982
0.40613
0.259708
0.321036
0.662
0.535251
0.26328
0.662
0.23619
0.213112
0.662
0.167377
0.494154
0.220253
0.246998
0.320658
0.319256
0.662
0.0840966
0.662
0.414449
0.102764
0.165707
0.616385
0.473101
0.662
0.204337
0.180818
0.0589619
0.35011
0.522404
0.0551569
0.23291
0.528107
0.662
0.662
0.206028
0.662
0.00552792
0.0742913
0.275568
0.142876
0.218955
0.182894
0.662
0.662
0.662
0.458026
0.212956
0.43549
0.348642
0.128094
0.539278
0.0760073
0.495119
0.662
0.662
0.662
0.00990188
0.061881
0.18439
0.437559
0.195564
0.181044
0.218585
0.298411
0.272937
0.415643
0.169587
0.198296
0.204337
0.662
0.17964
0.662
0.117586
0.146112
0.143107
0.171236
0.662
0.662
0.245041
0.459279
0.662
0.662
0.275146
0.411223
0.0833465
0.00200182
0.662
0.146796
0.503843
0.662
0.0458119
0.120173
0.662
0.638702
0.311094
0.146692
0.625277
0.349081
0.337829
0.318328
0.0694521
0.0825294
0.0924301
0.169281
0.592668
0.0589985
0.201412
0.163287
0.160461
0.662
0.65559
0.47361
0.323234
0.640351
0.466771
0.662
0.662
0.25839
0.0503139
0.430438
0.234065
0.25277
0.133363
0.269521
0.468839
0.341875
0.144134
0.484494
0.481737
0.371852
0.131572
0.649409
0.231215
0.403634
0.256512
0.168488
0.532301
0.52689
0.439554
0.662
0.0635459
0.12687
0.214482
0.0801864
0.237955
0.139962
0.130732
0.240442
0.036252
0.387071
0.1119
0.273488
0.662
0.569495
0.339304
0.202798
0.193186
0.235986
0.42628
0.191886
0.662
0.0914371
0.256997
0.125543
0.662
0.152164
0.0977037
0.542701
0.261094
0.662
0.0990083
0.200987
0.662
0.662
0.152412
0.231178
0.160458
0.0413095
0.0601585
0.35158
0.131133
0.123614
0.0845564
0.284738
0.13522
0.0862988
0.159022
0.116192
0.471636
0.253639
0.0414642
0.232898
0.136472
0.662
0.662
0.296088
0.662
0.470085
0.0596659
0.136348
0.121617
0.123096
0.064365
0.662
0.662
0.413391
0.0252617
0.29904
0.347808
0.0986224
0.0274461
0.247521
0.0374752
0.0839946
0.127045
0.0475112
0.0388786
0.662
0.662
0.192083
0.083454
0.0154862
0.38178
0.378527
0.662
0.224873
0.422495
0.662
0.120568
0.404867
0.0862735
0.662
0.0405871
0.659343
0.301687
0.404663
0.433709
0.503474
0.107389
0.294346
0.662
0.00744255
0.316324
0.271915
0.662
0.662
0.344553
0.22606
0.478682
0.158659
0.393733
0.204004
0.662
0.231442
0.662
0.17832
0.512663
0.337551
0.277172
0.112474
0.190678
0.395646
0.120742
0.446989
0.505729
0.0687843
0.187401
0.318524
0.662
0.662
0.165976
0.0925057
0.118423
0.662
0.476348
0.662
0.662
0.40719
0.24005
0.64209
0.128789
0.187689
0.423397
0.662
0.0954423
0.662
0.071324
0.662
0.0660356
0.469336
0.190829
0.43032
0.0830317
0.347116
0.144554
0.422796
0.0582689
0.155878
0.0334145
0.168003
0.401808
0.27572
0.499608
0.549948
0.662
0.261011
0.519151
0.0040489
0.298473
0.0872397
0.505416
0.233747
0.662
0.272378
0.662
0.573559
0.57629
0.170864
0.119132
0.276162
0.178213
0.0721555
0.164077
0.285468
0.270284
0.662
0.662
0.070119
0.355361
0.322715
0.29598
0.182316
0.662
0.1108
0.121315
0.264665
0.0605505
0.126057
0.662
0.37595
0.662
0.131889
0.0838101
0.221212
0.662
0.513071
0.14656
0.240605
0.344946
0.391347
0.566604
0.614366
0.139098
0.525345
0.145898
0.662
0.426428
0.595121
0.662
0.424592
0.662
0.279202
0.393496
0.119274
0.371991
0.662
0.323774
0.276675
0.0228651
0.537963
0.238794
0.200458
0.662
0.338636
0.0525287
0.153926
0.0886293
0.388463
0.159573
0.311961
0.122941
0.280513
0.0675581
0.268682
0.236341
0.662
0.0603114
0.175264
0.154665
0.132755
0.0844317
0.201804
0.130937
0.198304
0.0509974
0.369052
0.187313
0.12166
0.116266
0.347756
0.215959
0.252364
0.0261454
0.37439
0.433474
0.29966
0.259372
0.32334
0.0954324
0.110151
0.145278
0.215864
0.472769
0.28953
0.23186
0.662
0.635027
0.150548
0.30072
0.512346
0.150733
0.216405
0.192656
0.200078
0.446826
0.273047
0.209437
0.0839968
0.105781
0.635673
0.662
0.662
0.545097
0.508494
0.662
0.662
0.263477
0.662
0.270775
0.353868
0.0959412
0.202868
0.662
0.470886
0.562846
0.662
0.662
0.341637
0.265462
0.373074
0.205703
0.61183
0.640366
0.51602
0.0599245
0.090724
0.178468
0.456445
0.129323
0.608904
0.18716
0.257317
0.662
0.211806
0.662
0.662
0.127976
0.357013
0.304406
0.368888
0.211117
0.429328
0.446961
0.646637
0.662
0.328843
0.662
0.662
0.259562
0.662
0.102399
0.20831
0.323949
0.259865
0.662
0.633521
0.662
0.513458
0.150512
0.403832
0.662
0.177854
0.309791
0.216762
0.159493
0.0775836
0.220262
0.207088
0.146627
0.662
0.243867
0.25689
0.15541
0.417971
0.483431
0.139768
0.270051
0.360022
0.662
0.152457
0.0886295
0.117726
0.662
0.0864171
0.165952
0.074102
0.416275
0.32564
0.500599
0.0649782
0.147559
0.475324
0.532674
0.233603
0.231102
0.159952
0.225583
0.0938364
0.30119
0.3222
0.476693
0.111282
0.115131
0.478158
0.122857
0.662
0.662
0.00874205
0.662
0.301057
0.662
0.0955756
0.163455
0.119839
0.42883
0.369812
0.141021
0.241063
0.526017
0.12903
0.071534
0.0934561
0.0342957
0.540061
0.101492
0.248586
0.662
0.370221
0.0848457
0.0668999
0.245987
0.204413
0.0962355
0.405369
0.132924
0.504968
0.662
0.466264
0.128482
0.662
0.662
0.251522
0.26429
0.100177
0.539184
0.662
0.662
0.452981
0.662
0.617572
0.342891
0.124494
0.442676
0.104327
0.0536157
0.662
0.0544679
0.35984
0.662
0.650142
0.579237
0.116294
0.370574
0.046962
0.365382
0.662
0.36908
0.662
0.442887
0.48074
0.226148
0.154948
0.190977
0.26175
0.0691392
0.20724
0.244818
0.121042
0.0954496
0.180684
0.662
0.435176
0.514916
0.662
0.662
0.0928197
0.212439
0.0894177
0.359401
0.309269
0.0947419
0.400598
0.207778
0.662
0.662
0.207971
0.662
0.121184
0.662
0.662
0.662
0.662
0.662
0.415824
0.165878
0.0469326
0.393062
0.183589
0.281811
0.662
0.359889
0.269832
0.366197
0.209046
0.113558
0.662
0.662
0.311642
0.662
0.426946
0.662
0.250292
0.662
0.662
0.1236
0.166458
0.507781
0.168536
0.179139
0.272787
0.342866
0.0853003
0.641319
0.0114428
0.0794362
0.474576
0.0796885
0.660984
0.158258
0.140967
0.662
0.0845369
0.11169
0.446253
0.506821
0.662
0.267869
0.662
0.0138257
0.598644
0.0535122
0.0805373
0.662
0.1559
0.0932642
0.481164
0.199305
0.149683
0.307078
0.39892
0.106692
0.0304261
0.662
0.385022
0.662
0.268371
0.38526
0.29816
0.182454
0.662
0.439909
0.108509
0.538659
0.662
0.334196
0.127587
0.248428
0.223423
0.0941575
0.662
0.178581
0.17694
0.329832
0.274409
0.295494
0.662
0.662
0.662
0.48865
0.191797
0.097766
0.152302
0.614745
0.619169
0.135601
0.322856
0.209884
0.662
0.662
0.128354
0.068144
0.137203
0.485768
0.662
0.442208
0.0881517
0.0382822
0.0267482
0.300114
0.045386
0.54059
0.344036
0.0900942
0.375496
0.119014
0.262391
0.117343
0.253771
0.0903534
0.370138
0.295773
0.584824
0.662
0.662
0.164211
0.436825
0.0902266
0.0951893
0.193826
0.252016
0.662
0.107501
0.00796882
0.0762325
0.104542
0.374798
0.538355
0.639889
0.116991
0.397846
0.474361
0.436317
0.662
0.0692932
0.662
0.353146
0.516504
0.166818
0.241461
0.662
0.0856662
0.106352
0.197404
0.385352
0.662
0.407125
0.545436
0.584028
0.662
0.0946377
0.0760295
0.662
0.353374
0.662
0.209093
0.662
0.32488
0.558959
0.662
0.034748
0.0840898
0.662
0.0650263
0.335237
0.318026
0.210281
0.346275
0.204367
0.284677
0.0746852
0.0712513
0.391424
0.662
0.146968
0.369635
0.200801
0.0484474
0.662
0.112201
0.163481
0.0863369
0.662
0.443433
0.165509
0.497991
0.216617
0.2658
0.255217
0.0838366
0.035567
0.587326
0.0951448
0.281129
0.399074
0.199861
0.442078
0.125959
0.302099
0.0923825
0.662
0.355106
0.662
0.662
0.604445
0.100718
0.390981
0.115056
0.17916
0.0965143
0.152061
0.252065
0.0388329
0.131657
0.132777
0.63339
0.274858
0.0461035
0.370546
0.171097
0.250323
0.309265
0.333466
0.132933
0.165875
0.662
0.662
0.120325
0.205984
0.518756
0.0940812
0.234559
0.0273678
0.413329
0.139628
0.0969959
0.443716
0.201769
0.109913
0.662
0.254021
0.662
0.060166
0.216056
0.0744867
0.646889
0.0774925
0.4235
0.365797
0.016634
0.379695
0.340352
0.281264
0.662
0.426106
0.0955882
0.662
0.0941851
0.0519852
0.475328
0.662
0.662
0.662
0.539308
0.0840268
0.115743
0.221601
0.662
0.207071
0.543604
0.00815617
0.372944
0.662
0.110162
0.261485
0.11506
0.662
0.160216
0.0646356
0.662
0.117254
0.175814
0.19059
0.508673
0.0193714
0.662
0.403731
0.662
0.160108
0.431459
0.104214
0.323005
0.640672
0.490748
0.612438
0.166014
0.0199146
0.24719
0.662
0.221269
0.128931
0.242688
0.233827
0.0253073
0.192033
0.662
0.539158
0.662
0.391924
0.155445
0.102037
0.662
0.662
0.345768
0.173106
0.0966654
0.13951
0.278536
0.128706
0.662
0.128521
0.39494
0.041348
0.661925
0.123061
0.592707
0.206478
0.47945
0.342606
0.662
0.190536
0.662
0.108527
0.10745
0.107881
0.0797246
0.662
0.417187
0.343989
0.14905
0.30621
0.662
0.662
0.662
0.283
0.662
0.570743
0.0370854
0.429949
0.652527
0.662
0.662
0.662
0.319996
0.552878
0.077486
0.108887
0.129586
0.448057
0.194362
0.175454
0.662
0.618365
0.31587
0.0670391
0.0737739
0.0563754
0.147705
0.23402
0.253966
0.662
0.0703584
0.469099
0.204499
0.662
0.0937185
0.263418
0.662
0.27419
0.214262
0.394933
0.262164
0.359886
0.0715026
0.0812366
0.230209
0.360704
0.187643
0.235319
0.132578
0.351069
0.662
0.440159
0.0772342
0.550815
0.282867
0.615965
0.331464
0.662
0.228719
0.449913
0.228942
0.302615
0.109278
0.561456
0.662
0.271368
0.196188
0.549238
0.662
0.19654
0.239522
0.2363
0.375308
0.254469
0.336568
0.221336
0.0665837
0.662
0.228008
0.541925
0.234608
0.421212
0.662
0.122085
0.662
0.0855294
0.173732
0.662
0.134551
0.140885
0.00319924
0.199146
0.10782
0.365036
0.662
0.662
0.451361
0.62464
0.380775
0.229815
0.35149
0.123503
0.0755802
0.563453
0.136724
0.661039
0.136717
0.056252
0.662
0.36495
0.662
0.132348
0.424192
0.233974
0.45953
0.0733914
0.662
0.240954
0.662
0.338599
0.644724
0.662
0.650146
0.318773
0.662
0.662
0.342039
0.290995
0.143493
0.662
0.0791911
0.245082
0.293251
0.662
0.561658
0.3007
0.220236
0.459201
0.100832
0.33182
0.227527
0.662
0.662
0.184833
0.662
0.150315
0.408778
0.662
0.365631
0.262848
0.662
0.574161
0.106894
0.384556
0.170931
0.264487
0.527945
0.0941272
0.469658
0.0318659
0.0803748
0.0231316
0.367145
0.662
0.628495
0.407631
0.662
0.122201
0.0763403
0.164575
0.340055
0.662
0.485834
0.293223
0.662
0.662
0.325826
0.662
0.375979
0.662
0.324117
0.139715
0.190163
0.0622299
0.139972
0.146414
0.662
0.52663
0.0443081
0.123408
0.662
0.0735296
0.23817
0.201703
0.0691313
0.662
0.573977
0.203158
0.0430292
0.662
0.662
0.212497
0.662
0.0812411
0.662
0.662
0.0666455
0.267514
0.662
0.592434
0.171981
0.510625
0.662
0.462844
0.662
0.28735
0.0365773
0.208867
0.129656
0.110334
0.192226
0.662
0.405915
0.342032
0.202188
0.215276
0.140063
0.662
0.0908282
0.166354
0.151557
0.217582
0.662
0.662
0.662
0.337698
0.274877
0.382716
0.0367923
0.339053
0.089984
0.365069
0.0898104
0.456133
0.662
0.0785605
0.0882702
0.277388
0.246499
0.0739541
0.662
0.277487
0.431085
0.268166
0.2136
0.136312
0.545019
0.0865123
0.662
0.0499971
0.293742
0.580715
0.156926
0.334858
0.0122117
0.0605346
0.0957979
0.662
0.0738952
0.662
0.134342
0.376332
0.110251
0.662
0.105183
0.154524
0.0973985
0.662
0.23751
0.61903
0.363384
0.119977
0.0232912
0.662
0.0553022
0.387498
0.662
0.142372
0.589046
0.318413
0.167518
0.125049
0.662
0.187614
0.195225
0.662
0.662
0.662
0.0744599
0.205691
0.318803
0.292257
0.0807145
0.357248
0.01167
0.477266
0.180393
0.0494919
0.209026
0.131972
0.148687
0.451002
0.0954423
0.483278
0.137121
0.662
0.243333
0.369017
0.662
0.287578
0.078129
0.582686
0.164585
0.263388
0.120988
0.662
0.407264
0.0940117
0.0984481
0.38293
0.0881181
0.11765
0.394235
0.608523
0.0550551
0.100301
0.177869
0.662
0.662
0.263446
0.582597
0.255446
0.662
0.610221
0.662
0.227411
0.314833
0.41163
0.149593
0.662
0.468212
0.452195
0.662
0.178635
0.377825
0.662
0.466137
0.173742
0.173611
0.264752
0.487427
0.126739
0.329657
0.120558
0.160641
0.066905
0.288759
0.109039
0.322641
0.184505
0.0477716
0.142968
0.476805
0.0774549
0.145738
0.351887
0.662
0.200089
0.157091
0.148393
0.190544
0.662
0.16894
0.129507
0.115248
0.484642
0.659619
0.121734
0.00940622
0.46597
0.219719
0.0916276
0.527977
0.00646925
0.509012
0.662
0.163483
0.281669
0.368034
0.284957
0.236093
0.354053
0.101137
0.20104
0.356671
0.258745
0.249094
0.195959
0.044111
0.524158
0.100303
0.662
0.151561
0.1148
0.662
0.343459
0.662
0.336556
0.192925
0.19978
0.145158
0.21516
0.580553
0.662
0.235293
0.0822034
0.28624
0.662
0.0432033
0.190431
0.0352509
0.662
0.195499
0.0962275
0.126017
0.121722
0.0626245
0.662
0.662
0.17015
0.289843
0.662
0.233818
0.662
0.118252
0.359793
0.200001
0.27613
0.112943
0.662
0.142584
0.13059
0.662
0.267411
0.0815942
0.20552
0.417351
0.293709
0.323404
0.599136
0.13278
0.549163
0.662
0.392016
0.258065
0.126128
0.100754
0.0413549
0.662
0.146137
0.0344701
0.662
0.169501
0.262355
0.462502
0.181472
0.108008
0.363552
0.198701
0.411545
0.300866
0.366532
0.585486
0.662
0.662
0.662
0.483878
0.662
0.533048
0.343171
0.315609
0.25275
0.384529
0.233932
0.340117
0.662
0.662
0.108993
0.12722
0.052037
0.0929525
0.344523
0.368879
0.192961
0.591679
0.0581191
0.0112653
0.157507
0.323319
0.304025
0.528359
0.2821
0.119117
0.662
0.151771
0.56993
0.0538936
0.662
0.0402737
0.241942
0.0955729
0.23126
0.283283
0.46012
0.14001
0.00218337
0.393116
0.225432
0.282323
0.662
0.505973
0.600409
0.648087
0.0467399
0.0803755
0.293928
0.662
0.199061
0.662
0.235652
0.402136
0.447391
0.0583202
0.270345
0.135794
0.0725147
0.134021
0.296192
0.662
0.605977
0.165056
0.0555465
0.447916
0.244274
0.480502
0.142108
0.108021
0.662
0.0256451
0.662
0.0505418
0.258195
0.128652
0.24086
0.56991
0.507245
0.178797
0.631247
0.3428
0.114817
0.243838
0.662
0.345411
0.0875876
0.662
0.662
0.481332
0.184029
0.662
0.575149
0.662
0.633694
0.149616
0.195833
0.662
0.378058
0.0883464
0.212584
0.662
0.0567231
0.386651
0.174006
0.321178
0.105678
