0.662
0.261443
0.509425
0.0306213
0.256728
0.381692
0.604336
0.519706
0.223298
0.055216
0.2697
0.575818
0.0314137
0.0287916
0.120106
0.339473
0.200465
0.662
0.200255
0.268763
0.25356
0.313427
0.0804821
0.0775998
0.662
0.227192
0.0802462
0.662
0.662
0.164071
0.0278866
0.227785
0.174736
0.662
0.106353
0.249168
0.0778245
0.569334
0.0647173
0.0661065
0.289598
0.662
0.478894
0.236403
0.348629
0.311486
0.350653
0.397796
0.0536221
0.288178
0.26712
0.295013
0.662
0.552732
0.112832
0.556297
0.435929
0.223922
0.178835
0.333904
0.662
0.662
0.196148
0.148816
0.0605071
0.208582
0.280036
0.0949978
0.00612641
0.0911543
0.647129
0.622637
0.331719
0.247305
0.418531
0.0873741
0.144404
0.179408
0.321021
0.326843
0.0704008
0.316634
0.244202
0.363594
0.279423
0.0638011
0.202187
0.231563
0.214822
0.48266
0.539317
0.0383841
0.0689123
0.0717996
0.134921
0.212066
0.210146
0.14886
0.417303
0.058551
0.108092
0.146176
0.625766
0.298418
0.444868
0.647335
0.662
0.662
0.395585
0.662
0.239248
0.236925
0.293776
0.333542
0.165875
0.10791
0.0821045
0.287174
0.233337
0.509438
0.479141
0.00327201
0.254711
0.662
0.201985
0.137767
0.347196
0.284669
0.662
0.194803
0.0627342
0.595503
0.180818
0.662
0.662
0.662
0.0228936
0.391176
0.455136
0.105774
0.62292
0.662
0.140958
0.224481
0.167728
0.445329
0.2273
0.0251246
0.0442574
0.372624
0.106164
0.422771
0.580284
0.656426
0.662
0.168024
0.0192325
0.0993661
0.171035
0.662
0.111281
0.156281
0.0679321
0.662
0.101321
0.662
0.212252
0.12203
0.662
0.213446
0.211267
0.562762
0.662
0.269377
0.508712
0.489369
0.122415
0.662
0.660169
0.424009
0.269495
0.393432
0.527054
0.286969
0.601226
0.339362
0.316259
0.317271
0.0133056
0.234166
0.557252
0.196574
0.507184
0.272894
0.0349471
0.319352
0.514774
0.163476
0.105734
0.18001
0.134067
0.22119
0.47029
0.26284
0.662
0.134664
0.662
0.182552
0.120221
0.479322
0.29688
0.0917063
0.153418
0.294267
0.32424
0.159704
0.537194
0.133941
0.041743
0.248272
0.062434
0.296906
0.0682658
0.169378
0.549256
0.246473
0.162214
0.135763
0.415819
0.662
0.662
0.101235
0.155825
0.544797
0.657105
0.245729
0.517124
0.662
0.0668911
0.557279
0.221206
0.300355
0.332155
0.351997
0.0959776
0.275168
0.624579
0.662
5.29642e-05
0.578479
0.490901
0.219408
0.0957402
0.139778
0.462817
0.208542
0.474575
0.109551
0.0840347
0.134006
0.216023
0.662
0.224205
0.511077
0.662
0.0580109
0.662
0.515186
0.514778
0.499818
0.0530556
0.111702
0.594853
0.0185742
0.652376
0.0660899
0.662
0.185082
0.105222
0.103231
0.662
0.313405
0.662
0.662
0.185094
0.0890607
0.093454
0.551052
0.433515
0.662
0.159241
0.225858
0.109406
0.0471412
0.0965125
0.132938
0.300885
0.159802
0.373667
0.662
0.22175
0.186765
0.0107777
0.551119
0.0706316
0.480948
0.265348
0.484564
0.14354
0.140739
0.408173
0.0948537
0.362642
0.0424775
0.531058
0.143306
0.224161
0.348484
0.245567
0.163516
0.182928
0.178782
0.427077
0.0632252
0.636744
0.261183
0.556743
0.231451
0.486755
0.196493
0.0720225
0.662
0.211658
0.0848925
0.662
0.126736
0.407874
0.36635
0.662
0.662
0.545611
0.237947
0.152719
0.306336
0.662
0.662
0.228302
0.662
0.52644
0.257684
0.414866
0.450155
0.662
0.611745
0.105004
0.139608
0.454196
0.662
0.416083
0.550953
0.135071
0.100416
0.0617104
0.0551402
0.662
0.126114
0.180133
0.106666
0.662
0.158454
0.130926
0.23879
0.410636
0.109706
0.154726
0.58969
0.302799
0.392588
0.218539
0.220548
0.322406
0.116302
0.174221
0.129233
0.207627
0.499267
0.662
0.130366
0.159849
0.606817
0.662
0.213161
0.227484
0.366327
0.657928
0.662
0.662
0.413367
0.239446
0.217013
0.327461
0.223783
0.501568
0.662
0.445847
0.0405809
0.0928547
0.169238
0.190732
0.302372
0.250166
0.438759
0.337398
0.41915
0.277028
0.0737664
0.610296
0.024563
0.443817
0.455899
0.23928
0.287907
0.315227
0.662
0.617836
0.662
0.13443
0.152337
0.116222
0.0850932
0.258426
0.0874648
0.445667
0.130224
0.105448
0.440493
0.662
0.662
0.355932
0.501995
0.662
0.181443
0.187933
0.206063
0.444385
0.088101
0.162553
0.180843
0.662
0.160904
0.545049
0.302285
0.0920769
0.203045
0.307258
0.565624
0.662
0.313574
0.619306
0.662
0.100863
0.596325
0.349551
0.233083
0.265191
0.214301
0.487397
0.313681
0.10195
0.662
0.0919339
0.417824
0.459115
0.374045
0.222164
0.0262232
0.662
0.662
0.325574
0.13836
0.495329
0.239184
0.299118
0.582162
0.628655
0.149723
0.347534
0.533944
0.236908
0.218259
0.633694
0.0806121
0.652248
0.662
0.184339
0.662
0.662
0.0769072
0.0323851
0.662
0.0109345
0.313311
0.394683
0.401279
0.422889
0.46748
0.462953
0.496071
0.662
0.334655
0.347352
0.265305
0.188161
0.18627
0.198066
0.662
0.126951
0.130554
0.662
0.0826795
0.472672
0.0597202
0.242889
0.662
0.400971
0.456673
0.430723
0.429665
0.113415
0.0790631
0.0283085
0.189086
0.618565
0.459532
0.0819004
0.662
0.49843
0.649619
0.324334
0.0460256
0.180893
0.0439198
0.188086
0.0690734
0.473456
0.24493
0.662
0.0872569
0.14374
0.438119
0.111403
0.0754237
0.328246
0.0533207
0.662
0.662
0.090542
0.1147
0.662
0.0386245
0.13698
0.376488
0.662
0.0899174
0.0500281
0.152952
0.278851
0.662
0.228754
0.622483
0.098078
0.662
0.497867
0.0101254
0.0657273
0.662
0.662
0.398203
0.16674
0.103329
0.0821302
0.583484
0.190456
0.373937
0.24569
0.321098
0.139201
0.662
0.309133
0.662
0.551345
0.0943505
0.11691
0.15618
0.46996
0.0625228
0.215761
0.248207
0.432423
0.318567
0.376933
0.100307
0.390328
0.456316
0.317983
0.304361
0.091787
0.471421
0.0546127
0.379727
0.37499
0.575667
0.205148
0.143118
0.662
0.635375
0.283826
0.150635
0.145103
0.120516
0.589482
0.369767
0.224461
0.0894829
0.358646
0.209229
0.111375
0.662
0.130607
0.117363
0.153735
0.214793
0.110305
0.0480554
0.186801
0.520898
0.098823
0.0671224
0.3312
0.662
0.376891
0.312394
0.362556
0.662
0.1382
0.0870152
0.662
