0.232075
0.373579
0.351007
0.131591
0.148398
0.339969
0.218136
0.0596121
0.451621
0.560033
0.527221
0.42167
0.0283076
0.146635
0.183241
0.487189
0.108443
0.079658
0.226588
0.249278
0.0979602
0.0950576
0.333404
0.0952809
0.151828
0.104482
0.305078
0.0824867
0.662
0.586859
0.205656
0.662
0.102843
0.453673
0.160338
0.227742
0.205429
0.0133755
0.267641
0.410478
0.100483
0.662
0.312376
0.662
0.662
0.196456
0.204264
0.297627
0.431422
0.240279
0.171135
0.244926
0.124913
0.113279
0.593142
0.577176
0.0990731
0.0639756
0.139634
0.107685
0.255379
0.0671152
0.215184
0.153577
0.220191
0.662
0.099415
0.131034
0.119852
0.128239
0.662
0.642085
0.180052
0.211045
0.125102
0.0399292
0.18718
0.6043
0.30581
0.204472
0.336341
0.164111
0.642794
0.178715
0.120269
0.662
0.662
0.317078
0.35829
0.129124
0.0477106
0.426462
0.56942
0.435374
0.133157
0.365951
0.0909329
0.0598835
0.233871
0.662
0.071096
0.439095
0.458773
0.394387
0.0943137
0.00676123
0.461553
0.111241
0.23746
0.151801
0.223455
0.662
0.127037
0.328537
0.0777822
0.19141
0.662
0.0926143
0.0931782
0.211536
0.268667
0.0875358
0.662
0.662
0.662
0.0650379
0.578118
0.150746
0.194303
0.357809
0.662
0.0566902
0.0670273
0.419598
0.160885
0.0675803
0.662
0.597847
0.139335
0.458053
0.436996
0.00909291
0.291758
0.258381
0.191711
0.0563994
0.662
0.157415
0.0839148
0.0822231
0.131362
0.126714
0.662
0.58357
0.321307
0.265091
0.105089
0.150442
0.105823
0.662
0.662
0.316182
0.147138
0.246379
0.028567
0.140778
0.267009
0.197899
0.205598
0.535861
0.662
0.622418
0.070793
0.662
0.177868
0.662
0.257761
0.332894
0.176661
0.372943
0.0763019
0.154586
0.0582444
0.181914
0.00469701
0.501858
0.342791
0.300793
0.215863
0.39553
0.174669
0.321398
0.662
0.104425
0.662
0.4174
0.0185632
0.16046
0.251771
0.503996
0.366706
0.268566
0.0525785
0.0705715
0.662
0.163499
0.469105
0.165535
0.203259
0.413021
0.174345
0.0268722
0.662
0.241252
0.226617
0.0892508
0.133001
0.139923
0.577278
0.0498501
0.227083
0.0873498
0.165265
0.180763
0.662
0.662
0.121114
0.40012
0.624843
0.430259
0.364805
0.186047
0.662
0.162662
0.243268
0.208812
0.662
0.0795072
0.662
0.217586
0.154156
0.0898843
0.290439
0.662
0.127559
0.217557
0.0855129
0.287895
0.0131087
0.662
0.662
0.0804929
0.205701
0.224782
0.204808
0.175512
0.113317
0.136374
0.662
0.350381
0.662
0.255396
0.064356
0.199589
0.198689
0.417226
0.662
0.225937
0.662
0.21824
0.426151
0.11774
0.33742
0.206185
0.615658
0.662
0.405091
0.0546176
0.196946
0.662
0.40035
0.135422
0.0328613
0.662
0.0926369
0.662
0.662
0.147435
0.0761198
0.346491
0.133043
0.662
0.338288
0.125284
0.294022
0.662
0.185462
0.105903
0.394115
0.213432
0.405274
0.108506
0.0921709
0.662
0.662
0.17274
0.18786
0.128623
0.174316
0.116586
0.0355221
0.662
0.657082
0.272207
0.362754
0.238365
0.0614658
0.224399
0.0465629
0.662
0.418453
0.662
0.291981
0.120365
0.14059
0.0337251
0.323252
0.286417
0.350539
0.34885
0.442718
0.662
0.158914
0.12267
0.662
0.472662
0.130126
0.0344744
0.423614
0.662
0.220675
0.145672
0.122403
0.127308
0.0721171
0.662
0.225551
0.0926193
0.138572
0.0686412
0.164004
0.174639
0.195005
0.35742
0.291655
0.022197
0.432363
0.12151
0.662
0.0940091
0.0630907
0.278558
0.100755
0.192542
0.379174
0.531715
0.435784
0.116291
0.0971669
0.190672
0.321311
0.0777521
0.161269
0.202809
0.290887
0.103452
0.662
0.176693
0.28112
0.244742
0.033001
0.186178
0.251745
0.110268
0.265107
0.0762732
0.152973
0.386448
0.17839
0.116585
0.662
0.181762
0.461653
0.360259
0.662
0.107085
0.0233639
0.213315
0.630865
0.272138
0.662
0.102908
0.077701
0.129937
0.0737096
0.0992029
0.334376
0.474098
0.344658
0.149015
0.339349
0.138219
0.159308
0.0324388
0.145868
0.189484
0.0734863
0.00711759
0.179801
0.33931
0.662
0.0779654
0.1162
0.0954706
0.143159
0.513905
0.662
0.240775
0.0534324
0.442634
0.146037
0.168222
0.273556
0.124106
0.563102
0.168614
0.0923332
0.662
0.170426
0.56482
0.0854598
0.0645731
0.235084
0.184829
0.535518
0.456697
0.391974
0.440491
0.121508
0.662
0.185758
0.086799
0.53207
0.128064
0.146843
0.146688
0.410718
0.112813
0.0873335
0.447337
0.662
0.0752208
0.257123
0.0673101
0.310286
0.1859
0.105468
0.662
0.389291
0.275728
0.662
0.146907
0.662
0.662
0.15369
0.662
0.27404
0.456116
0.066609
0.450494
0.0882818
0.0861269
0.047326
0.208607
0.0662073
0.420152
0.299423
0.269176
0.15151
0.496037
0.662
0.487814
0.0892054
0.0688021
0.215472
0.0716015
0.662
0.662
0.444457
0.403385
0.167928
0.284024
0.662
0.159241
0.357544
0.0508773
0.641906
0.290913
0.0666974
0.302427
0.0294289
0.637703
0.198599
0.25627
0.662
0.150471
0.454
0.409548
0.317642
0.59065
0.600114
0.266875
0.139481
0.662
0.243248
0.228476
0.134497
0.393411
0.470347
0.140355
0.353583
0.0348145
0.0831218
0.177232
0.0674919
0.662
0.373812
0.205766
0.662
0.177633
0.230864
0.243627
0.502356
0.594663
0.117895
0.436058
0.662
0.662
0.386912
0.435048
0.662
0.166348
0.649515
0.201792
0.322115
0.586696
0.584255
0.0720472
0.056095
0.366371
0.662
0.0637853
0.155969
0.548592
0.662
0.0693348
0.558293
0.32918
0.177134
0.00846034
0.473708
0.357863
0.0929487
0.50826
0.196275
0.27895
0.662
0.650315
0.299941
0.0509616
0.662
0.379042
0.274471
0.153364
0.104444
0.256246
0.662
0.662
0.109111
0.207818
0.0387674
0.115235
0.560369
0.149151
0.405626
0.0182738
0.179321
0.662
0.187074
0.487424
0.0798337
0.133657
0.244498
0.0968644
0.445293
0.662
0.115223
0.442616
0.395562
0.302029
0.0715981
0.122521
0.234729
0.0889235
0.133016
0.130779
0.662
0.607369
0.323809
0.174717
0.662
0.184367
0.662
0.324672
0.55391
0.0889048
0.0475421
0.186436
0.290843
0.662
0.0459637
0.248753
0.00216055
0.00504469
0.342159
0.662
0.662
0.483638
0.239895
0.06241
0.662
0.605281
0.0972438
0.662
0.309256
0.31558
0.105052
0.0660867
0.662
0.399365
0.662
0.139162
0.265139
0.443206
0.124634
0.243504
0.108952
0.0807764
0.662
0.17781
0.273855
0.289877
0.278203
0.018078
0.0446567
0.125082
0.402185
0.208878
0.0709922
0.262206
0.488979
0.263227
0.287431
0.153796
0.123391
0.397248
0.662
0.366816
0.0179208
0.0927981
0.662
0.242026
0.211926
0.0950747
0.234967
0.662
0.094372
0.105703
0.191094
0.00864053
0.261345
0.189115
0.662
0.0422809
0.298355
0.538807
0.211637
0.435582
0.0978184
0.191621
0.662
0.189443
0.0136593
0.662
0.062828
0.442241
0.662
0.379573
0.246777
0.158856
0.102852
0.47944
0.349974
0.0579964
0.662
0.162352
0.117528
0.377789
0.277105
0.662
0.336695
0.662
0.173336
0.572156
0.452731
0.241576
0.0629376
0.138183
0.202071
0.662
0.662
0.216256
0.205052
0.0664943
0.662
0.662
0.198745
0.127581
0.175373
0.237458
0.122907
0.458793
0.662
0.433453
0.0554997
0.0674023
0.534641
0.451354
0.662
0.221699
0.430051
0.662
0.120124
0.662
0.103534
0.612702
0.591281
0.662
0.0584223
0.0581241
0.268368
0.212728
0.130822
0.662
0.255801
0.130431
0.336131
0.246876
0.358216
0.20648
0.223802
0.332322
0.0608827
0.11921
0.0900585
0.336639
0.28109
0.147864
0.306796
0.662
0.662
0.398947
0.225407
0.051458
0.149283
0.293573
0.15017
0.274282
0.662
0.236877
0.0502439
0.366565
0.0939191
0.662
0.662
0.0768225
0.21538
0.482104
0.193978
0.172438
0.662
0.662
0.662
0.114901
0.263535
0.662
0.326491
0.543482
0.125943
0.662
0.502624
0.248856
0.623661
0.315874
0.662
0.342462
0.109292
0.348389
0.0816075
0.0548575
0.247269
0.662
0.0452265
0.406049
0.150423
0.375707
0.0683411
0.122816
0.119014
0.4185
0.152239
0.0863805
0.11962
0.464592
0.0964127
0.138959
0.662
0.460829
0.0209024
0.21333
0.170907
0.186804
0.164285
0.662
0.123059
0.479245
0.200456
0.166813
0.147331
0.194752
0.315506
0.219528
0.118173
0.10977
0.662
0.102167
0.662
0.662
0.19931
0.662
0.221244
0.385143
0.178975
0.0826384
0.131056
0.25334
0.128375
0.662
0.160806
0.191354
0.0846648
0.0816633
0.489382
0.662
0.0595787
0.212497
0.0755242
0.662
0.279712
0.329649
0.662
0.411107
0.662
0.136087
0.225824
0.181189
0.161841
0.662
0.167415
0.106025
0.662
0.0700866
0.170515
0.569943
0.0534152
0.201474
0.0708089
0.424642
0.662
0.0701747
0.309474
0.394047
0.220956
0.0653222
0.163321
0.0979393
0.234708
0.142828
0.14474
0.139265
0.111066
0.184549
0.0969
0.0521441
0.281866
0.229164
0.662
0.465226
0.123856
0.138884
0.162307
0.350342
0.290653
0.0722286
0.405561
0.309635
0.174486
0.662
0.347838
0.198856
0.0828558
0.0899637
0.13715
0.400273
0.489082
0.245321
0.125554
0.662
0.0274546
0.151863
0.409237
0.253944
0.181093
0.662
0.284919
0.217379
0.662
0.183108
0.0410904
0.159508
0.283125
0.662
0.493125
0.162509
0.0903949
0.2174
0.144939
0.139967
0.164388
0.443373
0.151646
0.119788
0.662
0.0747078
0.266444
0.043209
0.0434627
0.182761
0.662
0.254956
0.270466
0.145773
0.580785
0.256812
0.0149591
0.662
0.662
0.0104554
0.127951
0.471495
0.432559
0.152964
0.077732
0.0066706
0.230407
0.0942094
0.415314
0.223537
0.10626
0.135797
0.427046
0.109346
0.168873
0.360853
0.662
0.237679
0.119197
0.169377
0.16509
0.0976207
0.174804
0.414845
0.25
0.0527316
0.662
0.662
0.0876112
0.106794
0.662
0.503056
0.469183
0.204632
0.527364
0.662
0.379324
0.192536
0.662
0.186419
0.122438
0.136758
0.0417973
0.17723
0.150692
0.0505022
0.662
0.0417157
0.153019
0.0463423
0.225477
0.158175
0.0944047
0.662
0.0485906
0.104265
0.112776
0.662
0.0358116
0.341735
0.148619
0.0998805
0.0795741
0.0697013
0.204422
0.473791
0.137213
0.00552998
0.200775
0.662
0.460301
0.0977012
0.662
0.662
0.544395
0.127856
0.0931332
0.233397
0.662
0.168122
0.132204
0.0514045
0.0598054
0.0936716
0.341497
0.169931
0.0299485
0.662
0.662
0.662
0.662
0.0634887
0.662
0.224592
0.16123
0.00474325
0.240841
0.127867
0.326434
0.00810525
0.119396
0.662
0.0531038
0.662
0.204704
0.162244
0.125941
0.662
0.284986
0.360474
0.123278
0.270053
0.613161
0.168742
0.662
0.154827
0.244563
0.662
0.662
0.662
0.224718
0.0688716
0.123928
0.0281019
0.00726299
0.221211
0.570693
0.662
0.662
0.319934
0.292685
0.65572
0.121985
0.165805
0.303228
0.24595
0.662
0.230636
0.662
0.179826
0.662
0.662
0.662
0.181469
0.662
0.102733
0.662
0.0810936
0.662
0.0933378
0.649303
0.0817743
0.662
0.335565
0.530979
0.210019
0.22881
0.162954
0.143213
0.134648
0.0898125
0.662
0.0612001
0.32523
0.375587
0.545931
0.662
0.192309
0.0496646
0.139849
0.426682
0.370338
0.121135
0.662
0.401232
0.0564843
0.162238
0.0685695
0.662
0.323197
0.0364827
0.140209
0.413942
0.0627836
0.171917
0.165475
0.245047
0.193084
0.662
0.499226
0.193155
0.0951369
0.594777
0.105137
0.608819
0.224175
0.383144
0.124369
0.351822
0.0865276
0.0818527
0.230232
0.277038
0.119744
0.0736852
0.0909796
0.192216
0.443044
0.116768
0.444863
0.390481
0.203323
0.0139922
0.0475054
0.497605
0.0468269
0.298115
0.197552
0.0784825
0.103452
0.341158
0.213051
0.662
0.180059
0.323868
0.0092078
0.662
0.662
0.513478
0.379227
0.445432
0.130567
0.310257
0.236785
0.0768703
0.288275
0.0498436
0.159709
0.175998
0.206401
0.0714585
0.0931653
0.0572295
0.429004
0.662
0.144834
0.243357
0.143031
0.31707
0.202772
0.102583
0.0703006
0.662
0.232557
0.0660844
0.152275
0.29023
0.131167
0.112793
0.662
0.450403
0.117091
0.111248
0.0601609
0.117762
0.0379516
0.0924239
0.1045
0.0483396
0.130069
0.0620305
0.662
0.205672
0.166104
0.106898
0.243387
0.662
0.308667
0.381799
0.357337
0.662
0.0458754
0.662
0.369855
0.0317845
0.24209
0.662
0.39353
0.213215
0.662
0.195615
0.127094
0.434304
0.117821
0.0658179
0.248344
0.365149
0.0689436
0.0391872
0.0912166
0.465958
0.397344
0.0843373
0.115475
0.433556
0.0685938
0.21484
0.221266
0.0267978
0.377904
0.09106
0.277303
0.249398
0.136883
0.495933
0.122923
0.0837922
0.0558838
0.469085
0.584761
0.528763
0.621392
0.22348
0.192562
0.166574
0.0889624
0.367532
0.662
0.278715
0.152948
0.353471
0.0257236
0.662
0.122493
0.239511
0.192105
0.662
0.0835381
0.202588
0.118901
0.17806
0.43885
0.087733
0.363455
0.662
0.0402755
0.357966
0.172433
0.104407
0.055072
0.143226
0.29339
0.135853
0.0433855
0.394771
0.0616014
0.351026
0.125617
0.479592
0.133096
0.126578
0.344217
0.21671
0.131989
0.481446
0.427387
0.0863912
0.662
0.0827733
0.662
0.337738
0.484021
0.443448
0.0420035
0.135007
0.228741
0.22997
0.182861
0.3578
0.257637
0.662
0.173138
0.0711898
0.194073
0.662
0.417103
0.342217
0.138339
0.0823387
0.618971
0.662
0.538688
0.0683325
0.14281
0.236281
0.242943
0.105295
0.181527
0.26618
0.329782
0.0574834
0.200055
0.0751005
0.0509639
0.166587
0.101576
0.397816
0.170252
0.0834377
0.567254
0.662
0.240667
0.270413
0.109789
0.094767
0.319456
0.181796
0.108875
0.0208626
0.166603
0.229905
0.0879743
0.662
0.062775
0.15632
0.132057
0.0517113
0.188799
0.650596
0.662
0.41434
0.662
0.372544
0.662
0.662
0.262406
0.0561236
0.662
0.353145
0.662
0.129722
0.0676742
0.662
0.662
0.162992
0.177585
0.662
0.281478
0.067037
0.234688
0.243742
0.0544301
0.371168
0.157606
0.138706
0.662
0.662
0.139522
0.228994
0.662
0.0679687
0.507069
0.304191
0.278684
0.210896
0.662
0.462844
0.147292
0.137229
0.401485
0.662
0.0655092
0.0530246
0.122424
0.662
0.0975574
0.321319
0.0631708
0.23715
0.0969228
0.220672
0.319293
0.535425
0.129249
0.00915566
0.170766
0.402949
0.138245
0.0762108
0.108044
0.587803
0.486281
0.204442
0.31842
0.424688
0.0278344
0.547227
0.162265
0.149431
0.196881
0.175314
0.579959
0.286994
0.200891
0.0665353
0.135967
0.113854
0.482901
0.345456
0.0336153
0.104255
0.239465
0.197256
0.662
0.484443
0.0975896
0.14152
0.662
0.156019
0.461619
0.0507826
0.226826
0.225454
0.273788
0.0898716
0.289655
0.595564
0.0446585
0.122719
0.662
0.120863
0.16083
0.233663
0.358647
0.451944
0.110212
0.100394
0.201512
0.245071
0.569844
0.0360612
0.126658
0.0576795
0.18745
0.298266
0.662
0.0691138
0.246078
0.203359
0.0807616
0.662
0.0350011
0.161981
0.349423
0.179841
0.134133
0.110021
0.662
0.475261
0.662
0.647796
0.141573
0.195024
0.297521
0.507045
0.0765462
0.0759368
0.0845805
0.156609
0.111806
0.163731
0.303669
0.0843092
0.278045
0.128199
0.0536568
0.662
0.336585
0.0999256
0.662
0.0608317
0.265971
0.556698
0.344258
0.242929
0.662
0.0912537
0.195435
0.108891
0.45564
0.0231809
0.00639892
0.143629
0.176791
0.0364234
0.525799
0.094514
0.662
0.255942
0.119534
0.662
0.145203
0.237025
0.274635
0.549618
0.616652
0.115453
0.134371
0.656165
0.285035
0.134165
0.337758
0.162404
0.662
0.183764
0.502528
0.130723
0.0899132
0.179849
0.662
0.127385
0.170249
0.229364
0.274124
0.165801
0.124068
0.662
0.239597
0.423883
0.662
0.323172
0.0467692
0.413489
0.291227
0.517576
0.376181
0.354419
0.294887
0.137977
0.0133135
0.197483
0.0600339
0.550297
0.130499
0.405911
0.112943
0.346488
0.171001
0.13856
0.54199
0.0448483
0.0575539
0.323339
0.331381
0.287691
0.662
0.44005
0.475185
0.497604
0.662
0.0022847
0.460545
0.13801
0.12444
0.178082
0.0799772
0.0931047
0.225606
0.271844
0.322531
0.0991224
0.196267
0.265537
0.0871691
0.219741
0.115531
0.256754
0.465761
0.122252
0.402011
0.525462
0.642223
0.291598
0.230271
0.0985037
0.158393
0.0947709
0.194743
0.177333
0.662
0.214367
0.0494275
0.0961045
0.114841
0.201436
0.327891
0.192362
0.267648
0.64331
0.0602975
0.127566
0.181995
0.0648283
0.0744065
0.662
0.0948845
0.254499
0.138361
0.662
0.662
0.158708
0.219508
0.112462
0.0752121
0.512821
0.367952
0.0421779
0.15078
0.216956
0.293281
0.662
0.209434
0.112227
0.662
0.662
0.22923
0.662
0.0780204
0.170315
0.662
0.662
0.136815
0.238735
0.334344
0.09836
0.200016
0.330838
0.282592
0.0565843
0.409092
0.307342
0.0682671
0.662
0.0835882
0.264082
0.662
0.148869
0.16952
0.00308976
0.202864
0.433187
0.320381
0.327555
0.445403
0.0510648
0.0252128
0.0768168
0.662
0.305603
0.662
0.0896472
0.0600676
0.108674
0.081815
0.225629
0.344282
0.241964
0.303391
0.312882
0.189009
0.662
0.0704465
0.0400689
0.0600376
0.475699
0.153076
0.102115
0.662
0.118684
0.239164
0.106076
0.225004
0.224054
0.662
0.178255
0.662
0.0473465
0.662
0.0993405
0.662
0.369415
0.265335
0.316024
0.662
0.0885989
0.203967
0.661597
0.135977
0.662
0.137329
0.0796485
0.662
0.0481479
0.282598
0.136404
0.0441644
0.161484
0.0939887
0.247019
0.662
0.233914
0.13066
0.389607
0.662
0.20393
0.306321
0.324012
0.340723
0.45185
0.662
0.268895
0.616068
0.495209
0.662
0.0358965
0.481828
0.0918785
0.130029
0.168614
0.141612
0.124374
0.136695
0.22172
0.0617141
0.577609
0.0518761
0.0478493
0.0208248
0.200773
0.0682304
0.662
0.259557
0.324172
0.109729
0.0818142
0.662
0.119968
0.046398
0.102302
0.662
0.662
0.144475
0.145392
0.0932689
0.662
0.275508
0.125672
0.285337
0.371489
0.277883
0.11787
0.0538275
0.137569
0.662
0.662
0.0363946
0.662
0.10862
0.208318
0.662
0.114638
0.265432
0.00011376
0.662
0.0485875
0.586839
0.662
0.0474414
0.0839078
0.662
0.441495
0.170321
0.158394
0.128495
0.0633258
0.0856046
0.234045
0.381651
0.662
0.145245
0.369673
0.106842
0.110294
0.662
0.213769
0.130923
0.315809
0.0643028
0.11139
0.153211
0.662
0.384054
0.662
0.0847928
0.136993
0.233875
0.208454
0.258967
0.464296
0.456923
0.119212
0.662
0.147419
0.0856182
0.662
0.511187
0.0398167
0.111475
0.0949709
0.0765168
0.0527696
0.376809
0.0101701
0.206157
0.0909308
0.248225
0.248391
0.35997
0.662
0.460311
0.662
0.475489
0.662
0.363082
0.223279
0.0957195
0.458347
0.378076
0.272945
0.0813911
0.114062
0.590513
0.382754
0.00750273
0.0866923
0.662
0.400645
0.548211
0.662
0.120394
0.662
0.0730068
0.459368
0.0628738
0.0335147
0.35749
0.0981203
0.242271
0.570876
0.540366
0.662
0.199241
0.223596
0.128786
0.376389
0.22271
0.0905024
0.18894
0.551282
0.369648
0.223271
0.439854
0.22598
0.132029
0.369466
0.0466848
0.0973807
0.272477
0.130549
0.400532
0.662
0.158458
0.378883
0.105311
0.662
0.234324
0.162796
0.662
0.662
0.154744
0.61913
0.662
0.126506
0.0889973
0.0938437
0.224228
0.0720889
0.161343
0.346553
0.502167
0.0768654
0.267549
0.535221
0.153541
0.469583
0.389794
0.662
0.0968039
0.662
0.357643
0.09126
0.662
0.662
0.148163
0.0857276
0.39612
0.0685435
0.0890899
0.357858
0.295012
0.110056
0.662
0.0577542
0.217485
0.662
0.253671
0.662
0.409702
0.331801
0.387567
0.598054
0.176847
0.0454971
0.662
0.0829615
0.102432
0.0497407
0.155634
0.662
0.305985
0.0960773
0.40555
0.102113
0.0280207
0.370958
0.280958
0.108286
0.242825
0.355028
0.28481
0.0986408
0.0121367
0.202577
0.132378
0.336841
0.519337
0.0803742
0.304054
0.134296
0.34632
0.259107
0.39944
0.228544
0.453468
0.0996505
0.456918
0.225965
0.506816
0.468562
0.662
0.0423713
0.0473288
0.0807846
0.546883
0.157102
0.0540017
0.00567488
0.356717
0.211535
0.0726886
0.662
0.518712
0.130519
0.309727
0.361169
0.0533257
0.487419
0.0632332
0.0323986
0.0507776
0.424838
0.183611
0.135785
0.12777
0.106277
0.115607
0.0655466
0.628744
0.278961
0.222354
0.375664
0.206493
0.264954
0.160198
0.0570003
0.202596
0.28847
0.302264
0.263211
0.662
0.143772
0.163951
0.254758
0.294123
0.0662455
0.329464
0.247266
0.330023
0.141126
0.240245
0.225148
0.627796
0.0471775
0.662
0.260362
0.611333
0.291772
0.171443
0.662
0.108389
0.467771
0.639947
0.662
0.125808
0.0746183
0.656123
0.154111
0.662
0.0690006
0.633693
0.44876
0.15008
0.0836751
0.211098
0.110096
0.189124
0.19931
0.345179
0.245544
0.255221
0.02033
0.255506
0.570684
0.387941
0.153778
0.533349
0.195504
0.252242
0.662
0.141589
0.00642554
0.238833
0.222281
0.320844
0.486779
0.232423
0.219848
0.113732
0.662
0.662
0.236403
0.43298
0.164238
0.212077
0.0320177
0.177012
0.357236
0.232398
0.28128
0.404629
0.197922
0.0887169
0.102553
0.0616781
0.494423
0.1134
0.499209
0.662
0.226898
0.632499
0.217609
0.133984
0.121543
0.662
0.662
0.205089
0.272847
0.662
0.392921
0.662
0.365519
0.342817
0.662
0.561964
0.481853
0.196344
0.415753
0.329241
0.0341479
0.593737
0.0709554
0.197335
0.448385
0.110142
0.117839
0.0936763
0.115946
0.114058
0.196356
0.208707
0.116079
0.0941684
0.446697
0.662
0.0927157
0.647746
0.662
0.39228
0.326585
0.396347
0.351538
0.502543
0.662
0.662
0.358319
0.0160349
0.261827
0.662
0.0785697
0.114731
0.319283
0.0743677
0.662
0.662
0.662
0.662
0.392933
0.302743
0.20801
0.662
0.154559
0.662
0.0392289
0.16903
0.662
0.0559488
0.61303
0.587771
0.111578
0.473124
0.291737
0.0154637
0.662
0.118534
0.662
0.0590276
0.151079
0.242543
0.00244691
0.282885
0.118251
0.0783519
0.631934
0.186154
0.115946
0.15377
0.246728
0.511451
0.423378
0.383481
0.662
0.225353
0.471457
0.662
0.34666
0.662
0.362238
0.662
0.289363
0.111614
0.321607
0.260488
0.0291477
0.47388
0.0802386
0.292788
0.239567
0.486418
0.161259
0.157539
0.339768
0.662
0.662
0.117504
0.240314
0.631967
0.142498
0.192381
0.0915549
0.0930541
0.36246
0.0669197
0.0863886
0.57396
0.0921096
0.294918
0.150354
0.662
0.120215
0.199341
0.351699
0.122209
0.662
0.257213
0.47133
0.420622
0.101845
0.122936
0.0616305
0.437615
0.325091
0.256816
0.128153
0.236376
0.447348
0.0287698
0.245202
0.659441
0.577904
0.331049
0.245952
0.394134
0.227467
0.0683801
0.0997205
0.220547
0.501662
0.366497
0.267145
0.427445
0.25939
0.61387
0.299658
0.414706
0.662
0.25938
0.148383
0.656705
0.662
0.651502
0.662
0.480665
0.10059
0.115824
0.279415
0.252805
0.377378
0.103703
0.580167
0.662
0.0586446
0.160641
0.0900964
0.225576
0.591877
0.662
0.111134
0.662
0.0991527
0.128102
0.662
0.662
0.662
0.0677757
0.173933
0.0305659
0.0831737
0.339091
0.662
0.290474
0.231018
0.377043
0.0799187
0.213001
0.259449
0.0124276
0.59954
0.233844
0.256775
0.41352
0.14338
0.267372
0.313715
0.101061
0.216553
0.146938
0.412904
0.662
0.0934913
0.177325
0.393809
0.100586
0.0876653
0.662
0.548104
0.662
0.046157
0.401219
0.662
0.491672
0.169948
0.662
0.0257541
0.662
0.639705
0.557614
0.662
0.186634
0.133929
0.219943
0.274364
0.412458
0.662
0.162779
0.176743
0.0744449
0.662
0.344913
0.446476
0.247928
0.103473
0.173686
0.331805
0.116189
0.0984791
0.450666
0.137698
0.0696971
0.157395
0.0711679
0.131132
0.274645
0.249495
0.264004
0.0906062
0.662
0.662
0.416326
0.222114
0.662
0.471966
0.662
0.210953
0.0584651
0.251723
0.662
0.142044
0.0846279
0.662
0.662
0.308615
0.295085
0.0734718
0.159457
0.109956
0.662
0.492204
0.249583
0.168666
0.132236
0.424376
0.422596
0.230707
0.0751073
0.0526621
0.0582792
0.111982
0.590468
0.0687071
0.020872
0.211041
0.464319
0.263434
0.0942851
0.0920503
0.0810263
0.0975722
0.662
0.181904
0.662
0.421413
0.0966045
0.233901
0.448569
0.662
0.481326
0.300486
0.662
0.367822
0.128385
0.16564
0.29613
0.0149378
0.152624
0.206032
0.471137
0.0015191
0.191253
0.246771
0.662
0.662
0.319057
0.287673
0.136851
0.152221
0.089844
0.0519612
0.235805
0.344926
0.0904623
0.0791443
0.445622
0.404005
0.662
0.193967
0.234318
0.0135563
0.293492
0.168088
0.611807
0.662
0.533289
0.458741
0.0868027
0.187035
0.662
0.186213
0.0878169
0.178666
0.646512
0.0646363
0.151716
0.348608
0.662
0.307085
0.32118
0.0704114
0.153317
0.0997808
0.320011
0.100761
0.126327
0.378203
0.0564646
0.0751291
0.404755
0.662
0.461325
0.0835178
0.662
0.1752
0.248065
0.117793
0.140249
0.25314
0.0137126
0.361124
0.199617
0.281762
0.354921
0.315758
0.402155
0.576841
0.188813
0.662
0.25254
0.120503
0.0954376
0.662
0.112298
0.593402
0.0967438
0.454826
0.662
0.157283
0.0206621
0.0703086
0.106819
0.462629
0.130121
0.662
0.0344952
0.656116
0.148386
0.251911
0.35649
0.460142
0.646527
0.298187
0.131418
0.490502
0.170675
0.662
0.196928
0.173269
0.426852
0.588671
0.572897
0.662
0.483717
0.25642
0.288573
0.662
0.141324
0.23511
0.201065
0.38048
0.196166
0.662
0.662
0.662
0.387571
0.559723
0.121964
0.161325
0.517417
0.0795899
0.470581
0.0652617
0.28057
0.153076
0.253489
0.207005
0.106224
0.0217391
0.0746385
0.0550431
0.102495
0.184859
0.374701
0.547692
0.231819
0.212712
0.410638
0.662
0.207507
0.181902
0.450737
0.592872
0.236672
0.15349
0.283793
0.662
0.0918164
0.0902899
0.29922
0.253116
0.662
0.159687
0.529058
0.10542
0.0705032
0.65727
0.156544
0.115419
0.411843
0.251518
0.0863544
0.565586
0.130074
0.662
0.124031
0.184172
0.263267
0.403068
0.662
0.216896
0.343436
0.123688
0.142757
0.292999
0.499793
0.0659593
0.486536
0.0650425
0.662
0.662
0.0841908
0.662
0.662
0.334319
0.266382
0.158899
0.154377
0.383835
0.412409
0.0872547
0.451046
0.146471
0.0699279
0.662
0.511833
0.662
0.161719
0.259308
0.451473
0.662
0.11082
0.662
0.239147
0.662
0.115026
0.161363
0.0647702
0.662
0.0609062
0.559982
0.444881
0.344336
0.197905
0.662
0.461844
0.662
0.177221
0.288523
0.0262433
0.318102
0.662
0.0386246
0.113782
0.24507
0.388702
0.101809
0.0319888
0.567948
0.130911
0.122175
0.0614292
0.653249
0.0485714
0.153902
0.165992
0.662
0.126604
0.044447
0.347361
0.107335
0.475672
0.40915
0.153857
0.190291
0.662
0.350127
0.1253
0.265127
0.230329
0.176769
0.243393
0.0929119
0.662
0.546043
0.0930548
0.662
0.164565
0.51268
0.182357
0.0811608
0.0793691
0.200226
0.662
0.124055
0.0797206
0.0383155
0.416771
0.662
0.143017
0.284242
0.198317
0.114778
0.233195
0.352079
0.211683
0.281286
0.183686
0.178491
0.662
0.322925
0.114557
0.662
0.34422
0.238803
0.444056
0.05477
0.102348
0.176849
0.0796144
0.0860941
0.135138
0.662
0.65027
0.662
0.360087
0.196786
0.227878
0.0880101
0.27074
0.322661
0.155238
0.273595
0.0961811
0.498937
0.283967
0.411406
0.0124552
0.204126
0.092879
0.109371
0.0755677
0.639941
0.29677
0.510226
0.0815204
0.0730278
0.0929462
0.662
0.463039
0.198394
0.662
0.426683
0.0352728
0.662
0.0405242
0.411628
0.18987
0.29194
0.331995
0.3479
0.130473
0.130766
0.538013
0.395238
0.415039
0.30412
0.393931
0.135104
0.29163
0.330368
0.0940344
0.334087
0.277821
0.662
0.157083
0.662
0.109452
0.172383
0.0787149
0.356425
0.662
0.0169845
0.188069
0.544155
0.129143
0.214225
0.0362676
0.53823
0.192392
0.0876931
0.249936
0.662
0.390526
0.350112
0.115521
0.138678
0.101504
0.426488
0.0876018
0.145785
0.662
0.468502
0.0937166
0.662
0.0066155
0.175918
0.662
0.0593206
0.366162
0.0690484
0.179123
0.144155
0.142394
0.278155
0.600057
0.254852
0.313859
0.258935
0.0339009
0.662
0.061452
0.242027
0.662
0.453293
0.662
0.123063
0.662
0.365109
0.662
0.19843
0.165422
0.0566144
0.100654
0.662
0.229972
0.406542
0.171734
0.662
0.662
0.408495
0.144507
0.119892
0.662
0.0775673
0.160299
0.392264
0.662
0.152861
0.276392
0.392517
0.271242
0.275986
0.153969
0.190012
0.662
0.0569838
0.662
0.662
0.0776509
0.260775
0.0826632
0.0631513
0.199282
0.662
0.646584
0.0756885
0.467401
0.662
0.434549
0.303364
0.202838
0.0714511
0.190483
0.515651
0.662
0.190074
0.369922
0.269895
0.0786591
0.198303
0.454725
0.353884
0.00823318
0.652713
0.46789
0.1603
0.382317
0.431015
0.173776
0.0516873
0.662
0.0694805
0.246304
0.292659
0.100909
0.0980982
0.0209195
0.222867
0.0463269
0.185557
0.0496175
0.279022
0.297128
0.272625
0.282277
0.662
0.310867
0.0120128
0.0550498
0.0425917
0.186927
0.0566427
0.657186
0.0718912
0.372856
0.359039
0.165933
0.0995183
0.522431
0.148063
0.662
0.137586
0.0456432
0.0782958
0.331651
0.662
0.279068
0.662
0.265105
0.662
0.254776
0.0961924
0.240257
0.106691
0.447245
0.0631773
0.452071
0.174942
0.598367
0.482924
0.306256
0.662
0.487146
0.0786777
0.662
0.18753
0.287939
0.258333
0.0291424
0.10066
0.317012
0.626269
0.18036
0.0603669
0.24751
0.146344
0.347627
0.0949349
0.138745
0.124259
0.292323
0.0849199
0.441566
0.662
0.0560809
0.24025
0.23555
0.10503
0.662
0.0782305
0.0902211
0.0607999
0.23058
0.131283
0.0886908
0.42464
0.338799
0.662
0.58723
0.46264
0.536913
0.603431
0.355931
0.286651
0.210904
0.0927652
0.255364
0.137253
0.662
0.200527
0.625756
0.0921346
0.0304191
0.216421
0.168309
0.443335
0.662
0.113341
0.251978
0.0205224
0.216269
0.00877714
0.300458
0.222183
0.13669
0.192461
0.0703806
0.0424828
0.212285
0.388381
0.21755
0.396767
0.662
0.499394
0.240642
0.255675
0.120393
0.210951
0.60888
0.0703214
0.275044
0.419604
0.204698
0.054327
0.227478
0.0813093
0.396469
0.157217
0.31357
0.195806
0.0927206
0.662
0.258277
0.272761
0.123477
0.542811
0.175243
0.536098
0.227586
0.197532
0.328235
0.327182
0.363807
0.383823
0.531297
0.122663
0.0897567
0.136963
0.0363241
0.137156
0.10071
0.348833
0.0631683
0.637467
0.662
0.0100599
0.643732
0.662
0.0803448
0.29053
0.255001
0.224639
0.190868
0.141932
0.149235
0.642772
0.500748
0.633238
0.377542
0.662
0.0533956
0.116393
0.169186
0.662
0.278607
0.332684
0.103372
0.147231
0.270361
0.0873188
0.0696638
0.055274
0.185549
0.167726
0.662
0.130704
0.0656004
0.10264
0.218965
0.0715708
0.162974
0.138874
0.238874
0.199532
0.36051
0.351861
0.662
0.263251
0.199316
0.662
0.355976
0.0913931
0.662
0.155644
0.217372
0.0473972
0.158078
0.178642
0.183846
0.200694
0.340597
0.239139
0.18028
0.662
0.0492422
0.130424
0.127843
0.382287
0.0497138
0.103386
0.399405
0.320528
0.242019
0.4106
0.245915
0.534631
0.195068
0.662
0.358559
0.104057
0.125227
0.0693537
0.0385792
0.662
0.662
0.277047
0.144797
0.489361
0.212262
0.119671
0.245205
0.662
0.351826
0.662
0.446935
0.662
0.269124
0.590869
0.402669
0.662
0.0902883
0.130573
0.22124
0.0815998
0.154331
0.325294
0.0178115
0.662
0.599112
0.154016
0.334486
0.387495
0.102623
0.0967592
0.662
0.144857
0.148439
0.580211
0.226335
0.537411
0.0654949
0.118117
0.305785
0.169095
0.150148
0.662
0.191822
0.223308
0.287691
0.279171
0.0907288
0.0466608
0.468284
0.0779387
0.547017
0.427347
0.320558
0.137677
0.0666167
0.435959
0.101167
0.662
0.383919
0.139532
0.0533977
0.156682
0.116109
0.458989
0.222909
0.163433
0.1723
0.480236
0.36567
0.0831277
0.244212
0.0779962
0.662
0.108134
0.210723
0.662
0.603369
0.562525
0.317209
0.342913
0.129664
0.246528
0.311617
0.395864
0.205882
0.398178
0.0704872
0.0842652
0.319288
0.115314
0.654625
0.0442588
0.144767
0.0990869
0.249948
0.223533
0.136082
0.342196
0.660431
0.0159988
0.05753
0.0361879
0.662
0.662
0.0875967
0.364009
0.283635
0.244315
0.114452
0.189095
0.404325
0.0286346
0.0853358
0.444919
0.297988
0.12746
0.0542599
0.313018
0.445751
0.105766
0.662
0.185729
0.112092
0.362674
0.202681
0.175431
0.662
0.27596
0.0693443
0.179062
0.482949
0.164489
0.28183
0.105048
0.158009
0.662
0.211107
0.079255
0.662
0.158589
0.267352
0.0284553
0.0618913
0.662
0.0566174
0.183414
0.219867
0.492161
0.094459
0.445693
0.265335
0.097297
0.212003
0.0272416
0.23338
0.0111755
0.662
0.440661
0.662
0.271972
0.662
0.576142
0.215518
0.662
0.0959336
0.187555
0.662
0.392323
0.00698794
0.379221
0.662
0.23078
0.03133
0.662
0.0874486
0.0914759
0.213928
0.662
0.311806
0.126903
0.190141
0.143302
0.168991
0.242151
0.0585075
0.27429
0.409593
0.662
0.0916577
0.0450744
0.0875779
0.0294511
0.662
0.454701
0.662
0.491473
0.662
0.389918
0.12411
0.276478
0.0239005
0.662
0.178261
0.34717
0.0866971
0.463919
0.265708
0.662
0.105944
0.408634
0.124513
0.498504
0.533652
0.662
0.0447977
0.140923
0.109619
0.433885
0.300929
0.502341
0.168014
0.16788
0.0442456
0.0836186
0.51383
0.136496
0.186825
0.181458
0.0980189
0.379481
0.432263
0.319541
0.26367
0.260204
0.159025
0.230915
0.588851
0.184709
0.170438
0.0748628
0.662
0.230549
0.201314
0.515632
0.029493
0.244021
0.0855175
0.662
0.0396937
0.662
0.0967888
0.0922056
0.489971
0.092742
0.386904
0.528167
0.662
0.156842
0.100867
0.101308
0.607023
0.0750089
0.582307
0.260351
0.287639
0.107294
0.662
0.146332
0.197023
0.298361
0.18511
0.0899899
0.228152
0.100615
0.0879963
0.138931
0.662
0.662
0.0669974
0.164046
0.278982
0.215078
0.662
0.358622
0.106563
0.190736
0.307113
0.34343
0.574113
0.106956
0.172112
0.662
0.0684541
0.578832
0.0797276
0.0688359
0.178194
0.195727
0.315285
0.662
0.181657
0.163361
0.167464
0.147832
0.236978
0.349555
0.196283
0.662
0.119209
0.662
0.166171
0.662
0.194171
0.374394
0.0785483
0.662
0.057429
0.193737
0.272597
0.409721
0.281795
0.108079
0.220448
0.0891899
0.247526
0.550977
0.135462
0.431111
0.315113
0.3157
0.19932
0.334712
0.209854
0.662
0.158293
0.472777
0.067573
0.0934315
0.590622
0.094128
0.00876186
0.353165
0.141307
0.0973856
0.321218
0.00712159
0.194933
0.0845119
0.159257
0.0372765
0.105523
0.0704111
0.187868
0.234605
0.662
0.171361
0.152494
0.185038
0.662
0.0183592
0.662
0.266962
0.0391898
0.443762
0.0672556
0.662
0.278533
0.199119
0.560349
0.148466
0.111585
0.275457
0.0327926
0.662
0.198766
0.54606
0.662
0.0758772
0.662
0.662
0.232988
0.278901
0.166804
0.190036
0.226252
0.367948
0.30003
0.510636
0.0537659
0.620327
0.0674953
0.0057751
0.281817
0.143902
0.0606023
0.197623
0.13059
0.20514
0.352747
0.0872637
0.229127
0.223612
0.050599
0.0684446
0.116156
0.23695
0.33584
0.245583
0.0499774
0.135157
0.207934
0.186325
0.0697853
0.161954
0.477159
0.191534
0.662
0.0508623
0.330172
0.296694
0.602973
0.662
0.0457714
0.032194
0.662
0.146188
0.22194
0.0983216
0.416423
0.662
0.0413849
0.155115
0.0802328
0.0668484
0.662
0.100206
0.21579
0.524845
0.152116
0.264451
0.106199
0.662
0.119858
0.339033
0.0310686
0.631131
0.252245
0.128396
0.0975816
0.458962
0.107079
0.302423
0.504532
0.200252
0.662
0.153931
0.119952
0.662
0.298672
0.459852
0.662
0.209121
0.662
0.447467
0.344473
0.119082
0.662
0.662
0.439968
0.39596
0.0500363
0.363636
0.208972
0.0981586
0.252824
0.376528
0.594164
0.577211
0.410336
0.25407
0.199226
0.18181
0.226713
0.0380837
0.0800383
0.479656
0.662
0.198068
0.158965
0.662
0.662
0.662
0.147576
0.344239
0.299359
0.436204
0.662
0.444301
0.0710658
0.0834339
0.335455
0.372208
0.124626
0.124555
0.204559
0.187277
0.662
0.166874
0.132418
0.163191
0.662
0.155011
0.056943
0.204378
0.0349934
0.211494
0.662
0.246675
0.168782
0.178305
0.264423
0.662
0.662
0.156401
0.181299
0.662
0.048155
0.404345
0.18522
0.262865
0.260456
0.219388
0.251421
0.236198
0.284671
0.662
0.6523
0.250748
0.116134
0.140799
0.165171
0.189591
0.0944882
0.631575
0.662
0.228455
0.662
0.128986
0.662
0.390125
0.508594
0.108208
0.0675287
0.642047
0.662
0.662
0.276065
0.519573
0.387331
0.12099
0.516741
0.278728
0.54316
0.0610637
0.0590064
0.0673917
0.218603
0.310303
0.0843671
0.36093
0.662
0.662
0.223052
0.662
0.0576177
0.0151311
0.0980841
0.662
0.124316
0.0642089
0.386112
0.317083
0.177558
0.282204
0.662
0.560054
0.117548
0.662
0.239473
0.662
0.437967
0.126756
0.0514471
0.180953
0.431845
0.314059
0.0979589
0.662
0.662
0.259825
0.46879
0.0503633
0.662
0.0705415
0.302596
0.0989645
0.137787
0.129271
0.166039
0.384093
0.122522
0.291728
0.130194
0.293122
0.218139
0.662
0.251251
0.662
0.121362
0.212004
0.0658732
0.0889158
0.252578
0.55802
0.662
0.14681
0.0377904
0.217993
0.0783141
0.529746
0.45308
0.301889
0.525695
0.0475591
0.662
0.165229
0.548731
0.132367
0.0854534
0.662
0.588332
0.662
0.373502
0.0814416
0.125618
0.176771
0.0908679
0.662
0.240435
0.0281471
0.114091
0.0925971
0.0941826
0.45382
0.662
0.167878
0.212233
0.381675
0.120882
0.662
0.12141
0.179172
0.0404687
0.254611
0.662
0.114466
0.114704
0.452526
0.131205
0.0124007
0.225866
0.104687
0.0454866
0.236521
0.295474
0.308211
0.133859
0.662
0.26767
0.235918
0.171122
0.139788
0.286454
0.435358
0.194211
0.662
0.102541
0.569603
0.138844
0.544716
0.662
0.574144
0.230127
0.112605
0.0782727
0.662
0.149448
0.147206
0.0568219
0.662
0.406456
0.21788
0.0572498
0.662
0.0984719
0.270274
0.335767
0.662
0.217412
0.0728965
0.662
0.662
0.662
0.419947
0.231282
0.083526
0.662
0.564018
0.330863
0.190917
0.0789082
0.191324
0.334345
0.501329
0.573446
0.0604345
0.144083
0.0191829
0.662
0.446341
0.105889
0.507453
0.210708
0.204308
0.115936
0.455999
0.218856
0.185823
0.108019
0.0451357
0.662
0.274892
0.662
0.0286906
0.262669
0.0862145
0.119281
0.662
0.176843
0.403396
0.662
0.362453
0.25155
0.662
0.662
0.177829
0.215846
0.200288
0.289642
0.177436
0.662
0.662
0.662
0.0723413
0.662
0.300203
0.0643172
0.170489
0.0978557
0.0510498
0.662
0.404767
0.140553
0.27823
0.122921
0.34208
0.239973
0.278826
0.342957
0.364327
0.20461
0.450974
0.184752
0.662
0.320465
0.321429
0.022025
0.662
0.0505331
0.662
0.101099
0.180861
0.234739
0.132191
0.209786
0.149514
0.224008
0.200796
0.0819631
0.196544
0.317728
0.22903
0.150911
0.357713
0.662
0.0942526
0.475747
0.231519
0.0345674
0.0438982
0.116349
0.0677291
0.00444012
0.00963435
0.419867
0.100234
0.16561
0.199962
0.159907
0.181296
0.58471
0.115743
0.0514668
0.662
0.268955
0.309389
0.477861
0.110044
0.0374057
0.273994
0.471364
0.22976
0.180069
0.378729
0.0404385
0.662
0.662
0.279237
0.662
0.227187
0.0478898
0.0961739
0.426649
0.0708666
0.119974
0.0934626
0.109813
0.386416
0.37488
0.0458695
0.452113
0.27919
0.181042
0.0952075
0.662
0.365758
0.150526
0.662
0.0707922
0.0521024
0.446435
0.293136
0.662
0.183103
0.229288
0.273253
0.23357
0.0905038
0.274721
0.0697673
0.0394375
0.662
0.413962
0.130417
0.355695
0.0671966
0.171216
0.546861
0.147867
0.104842
0.11572
0.662
0.597968
0.515922
0.662
0.173417
0.0805085
0.497422
0.505099
0.325027
0.662
0.188335
0.597309
0.662
0.120287
0.122119
0.0561028
0.0861961
0.662
0.449659
0.142109
0.0637416
0.197171
0.407392
0.481768
0.161121
0.392398
0.264716
0.495009
0.400275
0.0649497
0.234032
0.662
0.314699
0.194236
0.118067
0.662
0.454453
0.0650916
0.237222
0.218916
0.662
0.413381
0.588209
0.0653321
0.312867
0.457925
0.512263
0.0890479
0.374575
0.662
0.225791
0.662
0.662
0.069473
0.272504
0.327934
0.105066
0.653378
0.275695
0.662
0.114737
0.0747528
0.192173
0.662
0.0831612
0.248616
0.209915
0.187089
0.161397
0.16017
0.146584
0.192405
0.662
0.172115
0.0623268
0.278929
0.150509
0.428232
0.662
0.0800192
0.0782556
0.136449
0.174084
0.335485
0.662
0.149361
0.192503
0.283852
0.0197206
0.23121
0.0237041
0.320071
0.113407
0.1665
0.662
0.17751
0.279169
0.172341
0.0997508
0.39125
0.662
0.234966
0.0786341
0.320045
0.102932
0.154367
0.05734
0.115101
0.187429
0.300894
0.662
0.202041
0.462212
0.182022
0.105166
0.471867
0.0760126
0.112417
0.662
0.540176
0.521258
0.482407
0.394405
0.0714872
0.0346155
0.165457
0.126421
0.662
0.0824512
0.155724
0.135783
0.662
0.460174
0.46405
0.662
0.137954
0.53067
0.137654
0.0266138
0.255815
0.270558
0.662
0.182526
0.0667397
0.363616
0.246833
0.662
0.313304
0.641242
0.277566
0.245667
0.662
0.201541
0.146663
0.253711
0.356487
0.166274
0.0864944
0.47066
0.223443
0.239839
0.151247
0.662
0.148839
0.046134
0.0641416
0.639081
0.178065
0.321885
0.662
0.347541
0.251578
0.00763304
0.461092
0.132356
0.538155
0.662
0.43391
0.0595142
0.662
0.662
0.140264
0.662
0.418841
0.106101
0.662
0.251606
0.353589
0.278356
0.153781
0.0981047
0.3241
0.439222
0.662
0.222762
0.0935234
0.106921
0.662
0.444384
0.662
0.186579
0.083496
0.0171042
0.232537
0.04363
0.424048
0.193701
0.662
0.106037
0.173534
0.662
0.153061
0.122092
0.207591
0.212378
0.662
0.321373
0.427525
0.662
0.612464
0.662
0.240627
0.110144
0.0972377
0.662
0.402866
0.196494
0.0874217
0.138811
0.662
0.0831546
0.00489531
0.104622
0.203197
0.120021
0.19667
0.60141
0.189741
0.181826
0.294018
0.294766
0.144127
0.122487
0.0465229
0.459985
0.0671854
0.255931
0.370493
0.18936
0.541977
0.21332
0.341798
0.619445
0.0874787
0.393207
0.662
0.662
0.193562
0.124293
0.0853668
0.662
0.306415
0.0856553
0.662
0.563407
0.113565
0.662
0.662
0.662
0.398366
0.323397
0.31947
0.0972502
0.308181
0.0979299
0.147908
0.231006
0.0711194
0.246506
0.144087
0.128394
0.0577583
0.662
0.662
0.189685
0.662
0.662
0.662
0.662
0.662
0.192621
0.0432783
0.166825
0.662
0.245989
0.163807
0.106474
0.381375
0.334517
0.4752
0.372535
0.0206426
0.325575
0.662
0.0768451
0.614646
0.662
0.519179
0.563333
0.0676257
0.1484
0.151935
0.405732
0.0166123
0.261876
0.191347
0.662
0.055111
0.308746
0.348098
0.299426
0.170503
0.593804
0.308209
0.112911
0.352798
0.662
0.323356
0.208551
0.662
0.228954
0.0574698
0.212664
0.280313
0.173926
0.624419
0.224189
0.211122
0.452904
0.662
0.465394
0.200971
0.384002
0.349463
0.117555
0.189972
0.330302
0.0373525
0.144732
0.240179
0.482203
0.147668
0.383908
0.113141
0.0612946
0.415828
0.145472
0.662
0.2062
0.662
0.106592
0.487685
0.155697
0.474818
0.323017
0.0404642
0.279678
0.126706
0.14993
0.507751
0.232161
0.0919069
0.0310568
0.662
0.662
0.662
0.310437
0.21759
0.621158
0.551231
0.662
0.662
0.280904
0.176817
0.239513
0.505377
0.595797
0.104038
0.300678
0.130085
0.0568161
0.275405
0.173737
0.463901
0.0335684
0.634277
0.0923207
0.144221
0.165899
0.292836
0.518097
0.428771
0.662
0.351276
0.0872565
0.662
0.155398
0.0644929
0.662
0.0863067
0.662
0.0290844
0.473652
0.269137
0.662
0.16
0.286108
0.126335
0.339044
0.662
0.0575474
0.662
0.662
0.271394
0.636027
0.0113026
0.08689
0.223069
0.0908734
0.253368
0.142009
0.197105
0.0926576
0.361623
0.662
0.18325
0.460667
0.662
0.252625
0.591656
0.354005
0.17829
0.185038
0.662
0.22496
0.14699
0.178843
0.0957922
0.662
0.137445
0.165731
0.316099
0.662
0.125223
0.352616
0.0586889
0.0106871
0.339641
0.230949
0.162678
0.0796606
0.0939015
0.662
0.169037
0.277063
0.198719
0.52894
0.200688
0.133405
0.141953
0.248922
0.119887
0.121635
0.045491
0.235865
0.092042
0.367078
0.455589
0.662
0.156335
0.273476
0.662
0.188838
0.240777
0.493323
0.0755231
0.164086
0.0231313
0.122518
0.343323
0.329507
0.163613
0.15833
0.662
0.141716
0.0621323
0.0750861
0.220706
0.231085
0.662
0.20156
0.662
0.499982
0.135406
0.135932
0.120747
0.325984
0.399311
0.662
0.0291999
0.662
0.0957858
0.121969
0.229356
0.507462
0.0805011
0.184386
0.222676
0.662
0.322577
0.204953
0.0911558
0.101445
0.662
0.0677514
0.371551
0.212764
0.136044
0.24016
0.253734
0.143201
0.662
0.662
0.128772
0.037161
0.123058
0.569225
0.0581305
0.662
0.349568
0.662
0.555456
0.662
0.503378
0.347208
0.294996
0.237331
0.108753
0.0849498
0.0990518
0.629887
0.308607
0.544479
0.0991919
0.308251
0.662
0.49454
0.0960871
0.662
0.405531
0.500778
0.349595
0.0513835
0.189652
0.242365
0.108564
0.0883649
0.206141
0.269187
0.397803
0.224872
0.662
0.662
0.359025
0.188603
0.071207
0.662
0.662
0.308198
0.106116
0.614873
0.148133
0.39916
0.097719
0.214807
0.45655
0.0614011
0.0910065
0.286967
0.131421
0.273295
0.0668216
0.104605
0.63016
0.662
0.662
0.660112
0.471699
0.137147
0.662
0.119179
0.187324
0.0681034
0.345811
0.354967
0.662
0.41517
0.382156
0.662
0.0742245
0.169973
0.146894
0.0686502
0.117348
0.628843
0.589715
0.292161
0.118363
0.175452
0.537508
0.195183
0.214924
0.662
0.12735
0.25585
0.662
0.113092
0.273788
0.0528171
0.152794
0.150292
0.603883
0.0547856
0.0568712
0.0170915
0.662
0.12341
0.230821
0.232557
0.0141654
0.364619
0.336633
0.473768
0.259513
0.369684
0.344614
0.304163
0.151683
0.11475
0.0473236
0.662
0.122846
0.0920546
0.662
0.324848
0.220872
0.0307628
0.588337
0.112865
0.395952
0.396573
0.142828
0.404126
0.53778
0.165922
0.0386071
0.559843
0.098628
0.637054
0.662
0.662
0.0924159
0.36896
0.106893
0.0550679
0.662
0.291248
0.113049
0.0815071
0.175441
0.209863
0.0519963
0.662
0.614694
0.449984
0.0533429
0.123963
0.248491
0.662
0.662
0.0370997
0.0630137
0.110568
0.216536
0.332974
0.28932
0.662
0.211234
0.662
0.310217
0.14992
0.409192
0.275317
0.220262
0.114336
0.486109
0.662
0.662
0.164104
0.085903
0.111078
0.255018
0.379184
0.184931
0.662
0.19055
0.103394
0.139704
0.662
0.205563
0.126001
0.445392
0.264827
0.537062
0.279084
0.382049
0.368514
0.107292
0.4039
0.192494
0.662
0.662
0.662
0.106407
0.20631
0.273974
0.0746368
0.0608293
0.603436
0.430326
0.311043
0.20192
0.662
0.662
0.184562
0.0755078
0.420564
0.176439
0.0380858
0.0841722
0.485726
0.154561
0.662
0.402741
0.662
0.304578
0.641144
0.321823
0.395084
0.110581
0.0925762
0.243346
0.662
0.311783
0.640187
0.153091
0.642559
0.388843
0.123407
0.299613
0.0826761
0.0761189
0.662
0.39885
0.236205
0.116153
0.312935
0.326694
0.0794969
0.167562
0.418367
0.163347
0.195093
0.0834824
0.603212
0.12737
0.522422
0.662
0.662
0.111011
0.111072
0.106841
0.132067
0.662
0.336892
0.255127
0.00329639
0.44841
0.0671244
0.171399
0.588147
0.544373
0.220236
0.169539
0.109921
0.107624
0.381387
0.0716994
0.316115
0.0609146
0.585037
0.163802
0.386787
0.662
0.0722888
0.031532
0.662
0.0991013
0.369075
0.515732
0.116753
0.356837
0.0433017
0.120056
0.187919
0.120963
0.457638
0.662
0.0779507
0.112948
0.287268
0.287654
0.338006
0.158454
0.0834648
0.662
0.0838275
0.0895899
0.419284
0.334912
0.468497
0.199524
0.662
0.658392
0.117781
0.163708
0.100137
0.254278
0.510163
0.388914
0.203043
0.0910581
0.662
0.166449
0.0633161
0.240985
0.105804
0.0633739
0.273138
0.0540171
0.164805
0.103253
0.064137
0.308398
0.177349
0.0825939
0.497214
0.128454
0.118642
0.641232
0.0529954
0.169225
0.336702
0.132149
0.064519
0.0440742
0.096511
0.0557517
0.0416731
0.150659
0.0813023
0.172358
0.397428
0.311889
0.447936
0.108837
0.0332801
0.662
0.0925665
0.374069
0.399978
0.136573
0.375572
0.251162
0.170072
0.0442607
0.662
0.0767922
0.262949
0.576146
0.152267
0.351341
0.302122
0.457241
0.292134
0.235933
0.36469
0.36121
0.150642
0.082223
0.524326
0.0577976
0.662
0.0802589
0.662
0.186838
0.662
0.576884
0.662
0.1602
0.332232
0.292279
0.662
0.202603
0.0931396
0.196288
0.521928
0.324335
0.141264
0.213958
0.662
0.418313
0.662
0.377117
0.336742
0.276206
0.266871
0.273362
0.167583
0.0921617
0.198117
0.478696
0.124393
0.473179
0.662
0.300227
0.170677
0.23813
0.356418
0.662
0.128002
0.0877246
0.311918
0.339903
0.109681
0.285533
0.0972585
0.259396
0.343982
0.338525
0.0762128
0.0952179
0.205343
0.0737002
0.436369
0.214026
0.245492
0.207935
0.210467
0.136148
0.460819
0.19299
0.18948
0.304549
0.168073
0.223472
0.349282
0.25712
0.0980071
0.0766824
0.347016
0.203826
0.22229
0.0500423
0.0801022
0.662
0.22324
0.0758443
0.20671
0.239731
0.638657
0.190341
0.0619378
0.374823
0.39385
0.190119
0.0989397
0.0734892
0.132929
0.124702
0.203265
0.408759
0.0590574
0.238123
0.0813382
0.662
0.662
0.662
0.376994
0.200776
0.662
0.0736029
0.0346215
0.184613
0.662
0.0339925
0.110138
0.0782156
0.662
0.662
0.123811
0.145915
0.334532
0.15003
0.154757
0.457247
0.0617441
0.662
0.369559
0.408303
0.343271
0.344815
0.222672
0.526088
0.0833233
0.198732
0.0556985
0.314705
0.0101128
0.0954389
0.0559936
0.111969
0.271922
0.202314
0.640517
0.160045
0.144385
0.662
0.156768
0.108526
0.115494
0.102718
0.329284
0.208799
0.0559545
0.165418
0.200853
0.243434
0.06447
0.0304369
0.464267
0.660702
0.228517
0.186785
0.321926
0.301727
0.187594
0.0953043
0.157967
0.288176
0.302313
0.130684
0.112773
0.268814
0.662
0.224575
0.156439
0.0781244
0.141968
0.346779
0.662
0.517568
0.179099
0.369606
0.198294
0.149854
0.116712
0.356236
0.662
0.0599615
0.609643
0.365878
0.277687
0.327958
0.413333
0.166521
0.0496875
0.1436
0.42457
0.3134
0.0754269
0.013058
0.0173085
0.296339
0.184083
0.662
0.565182
0.405068
0.112869
0.103543
0.145383
0.662
0.113274
0.0528644
0.516182
0.662
0.0653617
0.0904636
0.0661177
0.174563
0.172663
0.100993
0.211663
0.212863
0.617881
0.51994
0.23459
0.221731
0.242041
0.18051
0.077152
0.080503
0.580662
0.362073
0.0822713
0.662
0.226076
0.238926
0.084629
0.124708
0.161178
0.662
0.351069
0.254651
0.344488
0.479516
0.105302
0.111707
0.605623
0.099614
0.0437143
0.120182
0.0163673
0.274668
0.0954268
0.113115
0.150379
0.0554853
0.662
0.240296
0.662
0.274252
0.218609
0.247324
0.120904
0.156734
0.18629
0.0585208
0.121661
0.259186
0.123712
0.130373
0.0984172
0.0927088
0.167041
0.299801
0.140042
0.242802
0.199203
0.462878
0.0199695
0.662
0.150966
0.662
0.0409086
0.130499
0.662
0.314109
0.661893
0.521962
0.102678
0.134584
0.149175
0.661269
0.662
0.662
0.123623
0.305319
0.556765
0.319778
0.277845
0.21009
0.00835109
0.0650651
0.297551
0.346652
0.434812
0.254461
0.258256
0.338344
0.153597
0.662
0.37156
0.464566
0.213343
0.579389
0.0553029
0.114988
0.171964
0.0832599
0.0755221
0.662
0.0602594
0.0384953
0.424615
0.0977755
0.196636
0.536914
0.177344
0.0905079
0.662
0.0995805
0.662
0.166608
0.12182
0.499463
0.095194
0.0709653
0.0832733
0.662
0.125465
0.455748
0.662
0.450426
0.475119
0.182806
0.0971364
0.126992
0.302321
0.099738
0.61678
0.194731
0.128666
0.455709
0.0872666
0.0959903
0.335451
0.152097
0.284731
0.266578
0.249965
0.257053
0.392398
0.221019
0.0992502
0.147716
0.662
0.0840592
0.151844
0.121567
0.0765991
0.152652
0.16134
0.608957
0.269851
0.112814
0.662
0.0683277
0.662
0.662
0.271852
0.078313
0.118741
0.136536
0.223892
0.08859
0.179902
0.0855436
0.0321005
0.251786
0.146638
0.0849811
0.533515
0.281349
0.662
0.0809132
0.0930476
0.255072
0.662
0.277882
0.0466243
0.120935
0.0764082
0.080779
0.0817412
0.132682
0.662
0.662
0.11427
0.662
0.329042
0.12952
0.309839
0.0713954
0.662
0.212888
0.293445
0.113472
0.0951545
0.172298
0.662
0.662
0.209547
0.241576
0.0941607
0.662
0.0510897
0.0989401
0.662
0.173498
0.424618
0.646637
0.425622
0.303351
0.392441
0.182176
0.662
0.376765
0.232
0.0633277
0.174382
0.571047
0.0357195
0.120708
0.109115
0.511636
0.662
0.0779969
0.602597
0.0809572
0.0924581
0.101667
0.295535
0.303767
0.43931
0.141685
0.140822
0.0991085
0.280211
0.0761203
0.133982
0.662
0.0334635
0.357093
0.147333
0.178111
0.34358
0.10961
0.110897
0.0577528
0.404647
0.352551
0.0933084
0.171856
0.329194
0.0700162
0.292824
0.200362
0.0838883
0.662
0.17195
0.208927
0.475259
0.105565
0.662
0.0628711
0.662
0.223624
0.662
0.662
0.187268
0.261658
0.180516
0.394838
0.383847
0.362912
0.0615268
0.34362
0.237775
0.202278
0.662
0.662
0.412031
0.387183
0.090577
0.259627
0.103553
0.159446
0.0524988
0.142489
0.230584
0.167088
0.217608
0.0418198
0.190889
0.160317
0.255064
0.133767
0.360937
0.205774
0.109633
0.0155202
0.58595
0.140423
0.173175
0.217262
0.292901
0.0582699
0.332511
0.274628
0.188503
0.435191
0.363031
0.222658
0.16016
0.662
0.578637
0.245828
0.662
0.163465
0.221983
0.0560808
0.0788324
0.0733955
0.0891537
0.212179
0.205891
0.662
0.285039
0.460246
0.662
0.207234
0.662
0.154048
0.282626
0.252577
0.100081
0.0721798
0.0421017
0.453524
0.662
0.662
0.0553695
0.662
0.567562
0.0465488
0.109495
0.639041
0.662
0.0911333
0.650036
0.235574
0.662
0.083151
0.42769
0.118401
0.109258
0.126435
0.662
0.189054
0.136675
0.662
0.637615
0.211074
0.342903
0.201736
0.173285
0.211964
0.437809
0.162418
0.106908
0.180727
0.221308
0.134857
0.190133
0.0981455
0.662
0.112402
0.0677292
0.223784
0.146612
0.0583933
0.0622696
0.0401646
0.270499
0.206897
0.0800895
0.270536
0.412326
0.65094
0.662
0.0757943
0.169205
0.210607
0.521542
0.662
0.123594
0.0588901
0.31709
0.28974
0.662
0.551193
0.662
0.64309
0.0492676
0.119225
0.279378
0.173834
0.538908
0.0160032
0.0187954
0.492437
0.245234
0.304076
0.662
0.347666
0.161413
0.662
0.267927
0.0949158
0.101504
0.662
0.0711757
0.26909
0.122281
0.662
0.662
0.134473
0.17307
0.232805
0.662
0.094683
0.406014
0.175604
0.131992
0.285385
0.0931192
0.285611
0.381083
0.118647
0.639604
0.272283
0.219773
0.662
0.00167101
0.0484323
0.199489
0.291072
0.364035
0.252202
0.299468
0.280241
0.425608
0.0823241
0.236912
0.119896
0.662
0.279776
0.662
0.296101
0.215527
0.0893787
0.0955196
0.167597
0.42495
0.267447
0.662
0.107993
0.121812
0.187038
0.662
0.0784874
0.357527
0.147011
0.212568
0.320881
0.236459
0.258234
0.424562
0.180607
0.0701188
0.662
0.632749
0.506654
0.662
0.261334
0.0830195
0.224465
0.26493
0.225273
0.256513
0.134596
0.299649
0.294204
0.331327
0.320432
0.0330014
0.0816132
0.232543
0.394365
0.00218201
0.145999
0.392096
0.0632451
0.453647
0.210742
0.3667
0.240932
0.425336
0.178099
0.157118
0.340911
0.519198
0.549609
0.407368
0.164747
0.0446881
0.662
0.160438
0.268754
0.235558
0.236503
0.44268
0.162646
0.0582315
0.412401
0.294806
0.662
0.662
0.0850632
0.43909
0.436439
0.455326
0.266493
0.419515
0.662
0.357758
0.302915
0.0163853
0.662
0.662
0.662
0.662
0.0629079
0.506838
0.222491
0.123885
0.222324
0.082226
0.36502
0.532287
0.348602
0.10005
0.0794488
0.161534
0.18543
0.431555
0.273486
0.0770074
0.478417
0.0643278
0.34488
0.141786
0.290052
0.265372
0.238976
0.184267
0.0628107
0.291882
0.190423
0.139433
0.0709645
0.024493
0.208064
0.662
0.247287
0.377105
0.267176
0.27152
0.164196
0.0963866
0.0814101
0.238031
0.2254
0.1788
0.537896
0.0378039
0.0317552
0.484939
0.352467
0.357943
0.257998
0.117235
0.0296719
0.209138
0.404288
0.15598
0.0805139
0.233863
0.453165
0.210126
0.129467
0.0168058
0.172015
0.477297
0.106012
0.481424
0.0969762
0.261826
0.158673
0.257777
0.256828
0.208525
0.194422
0.427471
0.132186
0.662
0.157547
0.326877
0.662
0.442125
0.223061
0.662
0.1221
0.00154206
0.0473304
0.577846
0.398411
0.473345
0.144341
0.172476
0.374009
0.0405789
0.428295
0.196689
0.234918
0.662
0.537682
0.347526
0.122056
0.662
0.662
0.132216
0.0546558
0.213367
0.549368
0.141731
0.662
0.0828213
0.662
0.662
0.160968
0.255526
0.256505
0.101286
0.235253
0.0748083
0.220792
0.25298
0.0714101
0.662
0.248003
0.0361442
0.153463
0.221438
0.185173
0.662
0.579222
0.155463
0.32833
0.34375
0.662
0.0478958
0.246668
0.239816
0.513058
0.452813
0.572446
0.298365
0.662
0.0208498
0.662
0.662
0.662
0.0720856
0.662
0.662
0.551521
0.393567
0.101016
0.127073
0.142772
0.251928
0.662
0.122978
0.109087
0.158051
0.472027
0.259712
0.140307
0.128532
0.463761
0.153839
0.0891826
0.662
0.0518482
0.232902
0.280844
0.242427
0.266617
0.662
0.662
0.37525
0.167192
0.10927
0.060797
0.233619
0.151257
0.151932
0.316171
0.200733
0.258775
0.259541
0.265117
0.58469
0.181434
0.651511
0.647401
0.144025
0.487848
0.22033
0.0639706
0.207637
0.180678
0.257183
0.0787996
0.189776
0.608531
0.271057
0.662
0.662
0.39644
0.427015
0.0870098
0.088149
0.123924
0.114376
0.280284
0.395259
0.118311
0.160532
0.137988
0.180383
0.240704
0.115894
0.662
0.0702994
0.378134
0.224852
0.348312
0.333801
0.662
0.424912
0.642783
0.195919
0.401304
0.662
0.546116
0.0773515
0.232799
0.336219
0.145664
0.0522135
0.662
0.0810011
0.321794
0.214612
0.101608
0.186164
0.12498
0.226949
0.106737
0.125903
0.125383
0.0572374
0.244476
0.163511
0.10847
0.280764
0.662
0.0945496
0.51475
0.235513
0.116716
0.215287
0.662
0.227473
0.0755503
0.337245
0.0820414
0.0809425
0.166503
0.00461411
0.0306746
0.14821
0.177056
0.351657
0.249063
0.0627973
0.138608
0.180533
0.662
0.297553
0.120424
0.0661511
0.381457
0.434894
0.175142
0.662
0.214462
0.173838
0.32396
0.413053
0.0140397
0.157
0.244325
0.120197
0.662
0.369222
0.662
0.662
0.0907564
0.662
0.249491
0.636434
0.662
0.456348
0.662
0.209199
0.109248
0.195317
0.662
0.461419
0.0267957
0.662
0.210156
0.168365
0.0526589
0.273215
0.292795
0.0740655
0.196127
0.214474
0.662
0.0797162
0.598101
0.115379
0.389993
0.25056
0.191493
0.132901
0.327387
0.0501478
0.0869909
0.534895
0.292127
0.0496718
0.089216
0.119651
0.056453
0.0445234
0.163708
0.662
0.440246
0.339101
0.210571
0.493116
0.3112
0.442947
0.139127
0.256967
0.00938232
0.0977692
0.642658
0.662
0.0173411
0.112144
0.262247
0.56248
0.115273
0.161961
0.510085
0.205555
0.417449
0.224788
0.0486112
0.27027
0.662
0.219346
0.372953
0.0368958
0.253642
0.17632
0.352189
0.00123804
0.0929808
0.662
0.122138
0.293026
0.0997061
0.158726
0.173221
0.0963471
0.0244944
0.388791
0.203498
0.194541
0.520365
0.301836
0.247453
0.325825
0.179623
0.662
0.662
0.0302774
0.300374
0.112519
0.393762
0.266671
0.15685
0.0818065
0.662
0.0930146
0.274701
0.59503
0.211138
0.342085
0.22084
0.624001
0.662
0.662
0.117849
0.226211
0.0427717
0.395847
0.0871808
0.662
0.198411
0.0253916
0.207649
0.0727802
0.12282
0.256469
0.311658
0.140115
0.662
0.662
0.295492
0.0632019
0.098357
0.662
0.662
0.210308
0.0874899
0.368769
0.0534148
0.34051
0.44397
0.326329
0.235683
0.368824
0.112413
0.0772159
0.187687
0.114367
0.106022
0.290889
0.423033
0.0931787
0.613406
0.186311
0.105386
0.24156
0.0184417
0.107287
0.239392
0.480365
0.13585
0.237681
0.145583
0.0871765
0.369798
0.0963175
0.0143851
0.656556
0.283675
0.662
0.257549
0.0751368
0.20814
0.540885
0.410722
0.138366
0.185987
0.176051
0.129141
0.575559
0.0345794
0.239899
0.130649
0.401565
0.662
0.177398
0.113771
0.414907
0.365162
0.330821
0.162343
0.45222
0.589817
0.175141
0.252757
0.662
0.0799974
0.160002
0.303369
0.662
0.0634089
0.662
0.141077
0.662
0.307126
0.159024
0.194118
0.0836545
0.165652
0.411292
0.107792
0.176236
0.204056
0.0735241
0.0497928
0.662
0.533061
0.233453
0.0619936
0.0952266
0.0404049
0.405549
0.196135
0.22845
0.0962513
0.360449
0.198864
0.662
0.0429151
0.142603
0.0354573
0.48705
0.45388
0.662
0.662
0.412172
0.270829
0.662
0.662
0.248994
0.366626
0.219613
0.0669302
0.14629
0.179443
0.0657998
0.431809
0.0489761
0.0202878
0.662
0.191422
0.308671
0.312745
0.100104
0.285128
0.224442
0.662
0.577476
0.479349
0.662
0.200747
0.214643
0.143383
0.425198
0.662
0.397312
0.106724
0.156823
0.617258
0.098815
0.23767
0.179912
0.344696
0.14012
0.130783
0.132787
0.138758
0.647213
0.662
0.288774
0.217803
0.662
0.662
0.0454548
0.2086
0.186726
0.129776
0.662
0.521864
0.106132
0.0575869
0.134141
0.325097
0.395178
0.530801
0.0463167
0.159913
0.0554732
0.662
0.0898204
0.198334
0.0455426
0.101994
0.12621
0.16813
0.13946
0.154195
0.147886
0.662
0.435801
0.662
0.470603
0.662
0.662
0.0646736
0.662
0.144167
0.662
0.405515
0.0236334
0.351365
0.396979
0.662
0.122747
0.163086
0.241154
0.5097
0.345875
0.0264764
0.257151
0.245181
0.662
0.662
0.17944
0.662
0.662
0.388182
0.0540295
0.662
0.22728
0.422957
0.335947
0.114683
0.218132
0.0997008
0.173745
0.662
0.19487
0.101056
0.091708
0.40731
0.117609
0.63776
0.0932441
0.662
0.0621989
0.248094
0.172732
0.164298
0.662
0.345131
0.0217836
0.369165
0.180471
0.662
0.0606534
0.0205533
0.662
0.662
0.662
0.312285
0.424906
0.157316
0.137487
0.0307651
0.601666
0.1081
0.146958
0.0832121
0.306057
0.249403
0.0890139
0.528385
0.368196
0.217934
0.292364
0.254735
0.16309
0.662
0.0982343
0.113876
0.110138
0.113957
0.0814568
0.180835
0.155571
0.0446988
0.417695
0.227949
0.662
0.190732
0.302478
0.662
0.533202
0.0856063
0.212288
0.0530654
0.454271
0.362636
0.196816
0.0491214
0.305679
0.662
0.643613
0.103734
0.235975
0.662
0.264013
0.189077
0.142401
0.508656
0.662
0.146626
0.662
0.159353
0.00268436
0.285439
0.0176731
0.434308
0.156024
0.549958
0.323681
0.181247
0.0910208
0.662
0.149847
0.0415128
0.199781
0.381455
0.113739
0.342278
0.247189
0.137497
0.175186
0.171146
0.662
0.328981
0.0769952
0.662
0.507905
0.101642
0.640623
0.658449
0.321037
0.215392
0.662
0.37693
0.328898
0.229193
0.346721
0.294701
0.210757
0.125433
0.00530458
0.208553
0.157486
0.374653
0.0575151
0.218261
0.121231
0.662
0.282062
0.212281
0.122129
0.630536
0.20053
0.109157
0.152652
0.182576
0.155739
0.0187493
0.042042
0.151052
0.117535
0.266466
0.0853076
0.405608
0.406856
0.197592
0.212242
0.177277
0.426633
0.0953264
0.662
0.19516
0.189502
0.0584928
0.492898
0.250584
0.118171
0.0579357
0.320237
0.16606
0.363064
0.569575
0.205589
0.0919938
0.56013
0.203889
0.170882
0.213349
0.662
0.231943
0.422967
0.662
0.0677687
0.662
0.618229
0.0352003
0.078606
0.205605
0.662
0.0270628
0.0143639
0.231135
0.0888651
0.108461
0.485219
0.662
0.423776
0.0716055
0.226463
0.662
0.662
0.10958
0.204463
0.0587716
0.166216
0.161113
0.309728
0.662
0.414087
0.662
0.662
0.152465
0.150241
0.21888
0.426662
0.319493
0.338722
0.0726195
0.315326
0.236775
0.444347
0.102791
0.295335
0.456941
0.159373
0.110191
0.126548
0.662
0.0516864
0.240089
0.662
0.0871345
0.207175
0.00923414
0.0834205
0.272495
0.50866
0.270597
0.146757
0.0620778
0.365061
0.393558
0.662
0.151532
0.211463
0.11569
0.164829
0.0760603
0.337571
0.0552566
0.512446
0.662
0.662
0.061095
0.662
0.198737
0.43233
0.594059
0.602096
0.0549507
0.662
0.512381
0.289232
0.0563616
0.662
0.0471216
0.324211
0.116122
0.141832
0.0325089
0.134014
0.242837
0.308711
0.137708
0.178953
0.286035
0.0296906
0.146241
0.238576
0.154631
0.0908237
0.210924
0.393682
0.266304
0.110346
0.377334
0.0593797
0.0905297
0.147951
0.23297
0.142937
0.310311
0.0599912
0.662
0.413754
0.662
0.0277625
0.662
0.227174
0.16016
0.662
0.387051
0.424055
0.0948114
0.181951
0.08249
0.474134
0.662
0.224961
0.662
0.247958
0.499354
0.400045
0.233974
0.432128
0.129377
0.662
0.362792
0.0862662
0.110754
0.59854
0.387365
0.302722
0.662
0.0647633
0.662
0.0105974
0.0960642
0.662
0.460166
0.130336
0.231441
0.662
0.230693
0.193813
0.662
0.0465613
0.583602
0.0201511
0.662
0.0808628
0.662
0.321221
0.295008
0.00444148
0.0155757
0.103228
0.316241
0.36821
0.26805
0.504669
0.206054
0.559006
0.533089
0.152847
0.192763
0.204973
0.00555749
0.141173
0.0150468
0.299974
0.502145
0.662
0.633391
0.199982
0.174468
0.0923919
0.662
0.149228
0.662
0.3733
0.237436
0.0746749
0.148515
0.174297
0.290579
0.412588
0.405732
0.662
0.0016032
0.246347
0.114101
0.100346
0.620552
0.21707
0.259764
0.0255526
0.662
0.534909
0.176959
0.103935
0.265599
0.0205411
0.111798
0.0998685
0.378386
0.201087
0.508595
0.170118
0.230673
0.065941
0.15272
0.662
0.662
0.294521
0.145925
0.305999
0.186552
0.28405
0.662
0.086382
0.072842
0.251151
0.101691
0.155136
0.662
0.0499787
0.06509
0.662
0.113877
0.432044
0.662
0.662
0.22369
0.0651447
0.126452
0.0601566
0.0415853
0.222634
0.073199
0.101206
0.662
0.0396614
0.662
0.0403578
0.106821
0.148709
0.0920294
0.414765
0.0853747
0.15586
0.0715886
0.0386695
0.125219
0.322438
0.189462
0.585481
0.123121
0.662
0.13819
0.46397
0.255418
0.11462
0.49623
0.0756966
0.563376
0.662
0.276935
0.142094
0.125304
0.182131
0.249911
0.313241
0.662
0.404062
0.259015
0.22871
0.332408
0.662
0.2918
0.60046
0.0332726
0.216416
0.139334
0.0869238
0.662
0.221164
0.0556983
0.0869815
0.128269
0.114039
0.177394
0.662
0.57421
0.0697293
0.224331
0.223486
0.255299
0.166278
0.142327
0.294675
0.126637
0.118196
0.165479
0.662
0.272088
0.273283
0.0778791
0.335557
0.426742
0.349678
0.453714
0.184529
0.0132199
0.662
0.270403
0.203371
0.17554
0.440689
0.658035
0.228335
0.183412
0.147423
0.239915
0.0921335
0.662
0.0627391
0.380324
0.0958748
0.292731
0.116015
0.30165
0.311098
0.0227913
0.16756
0.541588
0.662
0.479932
0.662
0.662
0.662
0.285987
0.581774
0.0496534
0.0867941
0.0716757
0.0742012
0.254741
0.166544
0.164168
0.127875
0.119201
0.0490702
0.615746
0.662
0.524001
0.284755
0.207349
0.0584859
0.499662
0.186721
0.662
0.662
0.152629
0.142904
0.434363
0.0754745
0.662
0.662
0.454666
0.22557
0.309776
0.147854
0.519708
0.16537
0.403594
0.662
0.662
0.217665
0.489055
0.487226
0.390061
0.447856
0.0725066
0.513691
0.149057
0.662
0.50863
0.569737
0.246767
0.181103
0.662
0.413283
0.662
0.132483
0.205514
0.123074
0.143653
0.0554341
0.108518
0.34827
0.434695
0.0711777
0.662
0.113269
0.0478877
0.050959
0.261032
0.662
0.213616
0.0899359
0.384146
0.125364
0.490417
0.662
0.233827
0.0533954
0.0642187
0.385845
0.340429
0.607916
0.161767
0.227407
0.0463301
0.0681285
0.189178
0.0696921
0.46199
0.430448
0.0638055
0.662
0.0526259
0.662
0.246262
0.662
0.439701
0.36713
0.515401
0.181182
0.199925
0.256089
0.0373833
0.109419
0.154434
0.662
0.178642
0.27253
0.640117
0.146647
0.57354
0.479762
0.662
0.115199
0.226751
0.116089
0.108293
0.560841
0.540197
0.662
0.662
0.114131
0.21205
0.0875366
0.140012
0.123112
0.201754
0.662
0.125767
0.116667
0.254849
0.662
0.662
0.662
0.317593
0.662
0.24903
0.132111
0.662
0.0375559
0.444397
0.120551
0.0917573
0.0800379
0.615624
0.329817
0.453094
0.084404
0.107281
0.269052
0.0629014
0.0277901
0.270033
0.500291
0.218341
0.0696801
0.0818202
0.123282
0.173876
0.473431
0.106261
0.397194
0.166502
0.307597
0.349896
0.56221
0.662
0.243123
0.114036
0.419297
0.222356
0.100616
0.392794
0.0321291
0.00462227
0.283878
0.0288168
0.0192777
0.293583
0.612476
0.223346
0.162099
0.538093
0.309504
0.517246
0.0754759
0.0678045
0.662
0.440699
0.0361985
0.110383
0.368297
0.142462
0.662
0.193149
0.036504
0.151448
0.141853
0.0827371
0.314271
0.0412702
0.0845022
0.348712
0.152684
0.423852
0.662
0.359513
0.662
0.261039
0.662
0.30245
0.366091
0.12036
0.0775265
0.111349
0.119174
0.336491
0.662
0.244806
0.179884
0.662
0.0470936
0.0693246
0.170418
0.662
0.662
0.662
0.102856
0.527731
0.331826
0.39031
0.0615002
0.662
0.0713315
0.0309257
0.136462
0.117877
0.13864
0.334475
0.397408
0.375642
0.113513
0.0514452
0.0966683
0.139974
0.118663
0.0884221
0.334322
0.0414525
0.199037
0.119225
0.188194
0.10943
0.338199
0.17515
0.0795311
0.104207
0.122231
0.321086
0.165771
0.148431
0.624381
0.50767
0.0741531
0.345923
0.0408691
0.0642663
0.556359
0.229462
0.542526
0.112122
0.662
0.173699
0.185591
0.621935
0.662
0.211611
0.201086
0.33769
0.282179
0.582954
0.280301
0.662
0.662
0.237996
0.19917
0.445306
0.662
0.209352
0.242968
0.0448853
0.0865622
0.135346
0.0909612
0.0270744
0.0621676
0.247843
0.299697
0.162045
0.413742
0.0527268
0.00385096
0.195198
0.662
0.209695
0.0986032
0.477252
0.662
0.0924865
0.139987
0.399343
0.354348
0.636134
0.0491213
0.166023
0.100255
0.662
0.0520936
0.465165
0.662
0.662
0.210038
0.602272
0.121773
0.216022
0.147452
0.213348
0.662
0.243991
0.141479
0.121604
0.47549
0.220492
0.196003
0.399688
0.494898
0.662
0.662
0.662
0.0977887
0.133359
0.162422
0.074439
0.22299
0.116432
0.556929
0.311314
0.0809606
0.360757
0.0903444
0.11085
0.10799
0.107183
0.170186
0.170063
0.268504
0.207522
0.0787294
0.260854
0.250796
0.110871
0.078143
0.0926204
0.662
0.53413
0.114516
0.186148
0.0403829
0.260156
0.23483
0.221624
0.0923266
0.341162
0.442533
0.111915
0.351043
0.219237
0.351861
0.621266
0.570106
0.0114286
0.225677
0.0565647
0.134676
0.662
0.217652
0.0381194
0.00807401
0.442465
0.508072
0.226108
0.0837415
0.186522
0.243904
0.140318
0.600405
0.251891
0.195796
0.338175
0.206031
0.271172
0.533287
0.177777
0.0504981
0.210194
0.266291
0.198186
0.13679
0.662
0.248348
0.662
0.662
0.138231
0.0548168
0.281795
0.0821984
0.101317
0.180479
0.0186388
0.234167
0.0798607
0.662
0.662
0.070467
0.260716
0.152451
0.528817
0.0637837
0.166362
0.662
0.497095
0.0680531
0.0240101
0.243966
0.141695
0.513261
0.33855
0.662
0.207084
0.227119
0.0780248
0.662
0.210301
0.662
0.0587905
0.179265
0.0672105
0.0691949
0.0689435
0.283413
0.368682
0.0998439
0.328741
0.400171
0.103842
0.160609
0.100953
0.251856
0.662
0.662
0.0661614
0.0727704
0.346884
0.282075
0.149123
0.239083
0.17141
0.217863
0.114074
0.134707
0.394237
0.237899
0.212455
0.284072
0.174496
0.662
0.104298
0.245345
0.475654
0.425946
0.410953
0.204813
0.641934
0.38343
0.662
0.352659
0.222929
0.0646162
0.15947
0.0978326
0.101489
0.662
0.246849
0.077819
0.469095
0.405447
0.259834
0.152983
0.0262897
0.27037
0.0472521
0.662
0.122913
0.160238
0.509017
0.0535709
0.320713
0.191282
0.662
0.171969
0.662
0.439725
0.118073
0.232624
0.202943
0.0711634
0.662
0.285647
0.402425
0.0958128
0.345844
0.0947793
0.0889248
0.294871
0.184625
0.278253
0.307153
0.0800686
0.0559287
0.428202
0.39814
0.162469
0.662
0.405995
0.036395
0.142372
0.124891
0.571312
0.526076
0.177135
0.634282
0.222524
0.123364
0.441029
0.34923
0.149218
0.323898
0.0942048
0.2893
0.320716
0.662
0.628075
0.254513
0.295616
0.285928
0.662
0.26241
0.118023
0.111047
0.662
0.275285
0.206714
0.245132
0.662
0.0754749
0.662
0.0790417
0.249868
0.136888
0.42949
0.662
0.141146
0.102445
0.305337
0.0516314
0.289677
0.249985
0.33293
0.103342
0.30332
0.490021
0.227495
0.634314
0.63187
0.112795
0.662
0.165713
0.109341
0.55169
0.49294
0.568146
0.662
0.662
0.215532
0.0770443
0.61799
0.411355
0.388252
0.184527
0.662
0.13628
0.206579
0.145459
0.188178
0.359166
0.282936
0.662
0.155092
0.159596
0.662
0.446467
0.662
0.159178
0.123351
0.086956
0.468264
0.0728422
0.179437
0.0624316
0.188624
0.0399352
0.0714918
0.0663126
0.141247
0.039197
0.158471
0.154133
0.602105
0.257437
0.140425
0.32085
0.225234
0.139341
0.176995
0.156574
0.333754
0.0746026
0.650765
0.304465
0.0107633
0.357571
0.0822709
0.662
0.304746
0.419861
0.184478
0.159988
0.137652
0.0899851
0.274992
0.553348
0.662
0.058497
0.203668
0.193525
0.662
0.662
0.232335
0.434439
0.662
0.662
0.252055
0.448227
0.35693
0.25034
0.662
0.553416
0.521564
0.363036
0.230563
0.318624
0.471259
0.0349231
0.151148
0.183623
0.484377
0.281635
0.662
0.142094
0.170553
0.365117
0.187229
0.255057
0.072985
0.422324
0.662
0.0516648
0.0528625
0.0755987
0.341982
0.164671
0.0643116
0.374667
0.0043591
0.662
0.117348
0.271849
0.046549
0.0975068
0.307945
0.136031
0.483861
0.181685
0.262624
0.25086
0.133583
0.14817
0.227179
0.177072
0.254285
0.0788642
0.61666
0.0646247
0.00667488
0.275552
0.0320662
0.124512
0.258785
0.245972
0.241293
0.662
0.662
0.662
0.27354
0.0583165
0.332353
0.125308
0.662
0.0804514
0.155532
0.165127
0.432981
0.0360784
0.123742
0.347014
0.0990838
0.188259
0.662
0.574004
0.236827
0.520292
0.0849988
0.662
0.0467769
0.434326
0.363771
0.0690052
0.0454563
0.270029
0.161157
0.111182
0.319362
0.190915
0.261849
0.208735
0.521923
0.27438
0.127125
0.0934918
0.54879
0.235372
0.662
0.0258616
0.182699
0.202186
0.15234
0.13129
0.168458
0.0892373
0.488202
0.0896835
0.179626
0.250499
0.244902
0.450399
0.300854
0.123731
0.662
0.231539
0.0992367
0.244253
0.662
0.145671
0.118651
0.662
0.149489
0.130605
0.626558
0.133282
0.154956
0.0749456
0.343832
0.218314
0.293227
0.387905
0.107004
0.507026
0.430162
0.153936
0.180993
0.494141
0.137919
0.430493
0.662
0.222821
0.394074
0.352171
0.128981
0.0933097
0.624698
0.662
0.173855
0.594034
0.167438
0.0798
0.662
0.0521984
0.0162979
0.135186
0.614142
0.103607
0.286989
0.176688
0.280517
0.0996928
0.662
0.253252
0.187904
0.137801
0.305411
0.446756
0.112622
0.179586
0.662
0.61759
0.0567027
0.662
0.182441
0.0452403
0.146706
0.597384
0.0164498
0.358724
0.198717
0.128762
0.286831
0.0321993
0.0880659
0.128681
0.268093
0.0797862
0.166587
0.0507671
0.662
0.341996
0.662
0.662
0.264909
0.281889
0.445633
0.606442
0.302394
0.193055
0.662
0.423748
0.662
0.493176
0.662
0.525253
0.04739
0.17239
0.172983
0.662
0.151102
0.588895
0.136549
0.264755
0.0613499
0.662
0.17284
0.374357
0.662
0.545414
0.662
0.593589
0.181496
0.113426
0.17629
0.277958
0.164797
0.662
0.447542
0.135203
0.5326
0.133678
0.662
0.39779
0.662
0.0602026
0.105705
0.45368
0.230535
0.0442016
0.330048
0.14609
0.116238
0.162548
0.417252
0.662
0.662
0.0472336
0.156925
0.0617031
0.341008
0.662
0.208912
0.187628
0.379627
0.49474
0.662
0.104934
0.156985
0.310415
0.471965
0.100685
0.13096
0.113836
0.662
0.662
0.662
0.110616
0.465512
0.153637
0.0649924
0.069495
0.662
0.394366
0.0545135
0.146717
0.279445
0.199607
0.421319
0.189579
0.662
0.259099
0.662
0.110886
0.662
0.478792
0.343256
0.662
0.510459
0.0363279
0.0705916
0.160388
0.0746899
0.207965
0.0739155
0.313854
0.0415563
0.207005
0.208988
0.0683265
0.293773
0.629787
0.246582
0.468398
0.0644299
0.187384
0.143588
0.107695
0.108946
0.281694
0.524622
0.0206006
0.220258
0.662
0.0698638
0.662
0.662
0.357759
0.186989
0.0720231
0.427993
0.253214
0.188177
0.0965607
0.0813693
0.162612
0.662
0.662
0.443303
0.00914478
0.180905
0.0992829
0.094029
0.0484312
0.0648861
0.165457
0.0873354
0.662
0.244062
0.0226645
0.427467
0.197337
0.121507
0.180644
0.548398
0.320954
0.662
0.2093
0.0544323
0.381618
0.0646696
0.339416
0.180226
0.481659
0.188923
0.229744
0.276483
0.112864
0.274943
0.462714
0.235557
0.16577
0.0743707
0.571359
0.28055
0.29575
0.0483388
0.134512
0.057275
0.112093
0.374613
0.131476
0.294267
0.0777903
0.0509824
0.662
0.0998143
0.454233
0.277395
0.289182
0.272693
0.662
0.0624174
0.662
0.555565
0.31938
0.662
0.306986
0.103738
0.527285
0.132071
0.371622
0.0812455
0.29467
0.648087
0.662
0.386844
0.662
0.253728
0.522742
0.501674
0.357159
0.0531059
0.311416
0.0691573
0.662
0.662
0.4644
0.131709
0.0500802
0.101343
0.153114
0.12326
0.425179
0.142797
0.295776
0.223181
0.00442116
0.143548
0.455942
0.115024
0.336791
0.0424185
0.428929
0.407702
0.0629931
0.109343
0.220677
0.125997
0.567486
0.218456
0.186529
0.113873
0.117997
0.455463
0.662
0.662
0.400722
0.446474
0.329661
0.662
0.370532
0.112963
0.112107
0.186562
0.156493
0.265561
0.397875
0.658341
0.474934
0.268582
0.34485
0.292447
0.169573
0.0902728
0.278853
0.356742
0.551129
0.376486
0.226681
0.148191
0.198313
0.161573
0.276336
0.150713
0.591984
0.142967
0.0145672
0.0687107
0.141872
0.0715135
0.312162
0.204483
0.379318
0.30772
0.060425
0.662
0.00337497
0.213224
0.144429
0.0548172
0.662
0.662
0.147069
0.0527701
0.191861
0.203436
0.372859
0.662
0.0802316
0.187098
0.0870881
0.331196
0.324721
0.100635
0.662
0.240844
0.206772
0.374441
0.423499
0.419923
0.662
0.0392072
0.418242
0.21106
0.0143951
0.135363
0.231224
0.057157
0.40322
0.152517
0.368908
0.0914194
0.303237
0.172641
0.105862
0.17803
0.1721
0.0151091
0.244634
0.13348
0.159285
0.0750403
0.290425
0.581069
0.244455
0.662
0.428906
0.0246359
0.148715
0.0640872
0.662
0.21612
0.499456
0.0125289
0.341173
0.171793
0.0645838
0.258197
0.263137
0.231143
0.510991
0.513379
0.088159
0.436673
0.292492
0.222669
0.155152
0.204119
0.597349
0.438667
0.141543
0.123208
0.300879
0.114458
0.324502
0.106749
0.386025
0.322332
0.662
0.612215
0.0829208
0.212848
0.167051
0.0513647
0.662
0.514912
0.662
0.594114
0.311402
0.377926
0.0541132
0.0276303
0.200284
0.0442022
0.13264
0.47063
0.117449
0.0493121
0.162003
0.123799
0.58131
0.20962
0.0937153
0.057345
0.0827562
0.209754
0.165577
0.128266
0.0730621
0.190055
0.612492
0.245263
0.141826
0.0611234
0.176529
0.410903
0.0653867
0.186495
0.248545
0.0675535
0.662
0.071808
0.331842
0.196946
0.0856143
0.339725
0.275961
0.0230901
0.662
0.34184
0.662
0.400754
0.0610583
0.252092
0.255122
0.371553
0.134721
0.119851
0.110039
0.157485
0.138126
0.499017
0.125214
0.442211
0.452383
0.236446
0.0393137
0.2604
0.332957
0.0721333
0.238588
0.149722
0.662
0.170604
0.143213
0.662
0.40949
0.662
0.0103963
0.600733
0.0812419
0.201342
0.120993
0.662
0.248353
0.662
0.624999
0.214693
0.430413
0.662
0.0591636
0.300623
0.336018
0.199201
0.207068
0.133097
0.662
0.253334
0.307929
0.307616
0.662
0.454844
0.427552
0.662
0.113204
0.107085
0.320585
0.662
0.114998
0.157073
0.450987
0.662
0.257202
0.207138
0.452173
0.297398
0.662
0.136341
0.110828
0.153518
0.170644
0.582513
0.0808825
0.633864
0.0936413
0.0799275
0.206127
0.662
0.447794
0.359089
0.145875
0.183059
0.491471
0.125063
0.555988
0.112737
0.0167627
0.16909
0.473473
0.662
0.0723624
0.221911
0.136948
0.662
0.21597
0.638777
0.0684586
0.0290525
0.129446
0.407093
0.147277
0.114737
0.230183
0.140803
0.128248
0.347938
0.0106473
0.066103
0.662
0.41271
0.499756
0.112256
0.183827
0.662
0.410834
0.0412629
0.662
0.14237
0.498856
0.340791
0.0431482
0.189916
0.27397
0.142765
0.136377
0.662
0.0472414
0.0638871
0.0603926
0.329188
0.0283001
0.256542
0.207426
0.0646096
0.277079
0.662
0.0937502
0.163461
0.110459
0.0917904
0.534808
0.0844975
0.662
0.144354
0.309371
0.175885
0.326114
0.0990578
0.598835
0.514463
0.206565
0.0588789
0.287699
0.662
0.135909
0.171456
0.304195
0.662
0.0461863
0.0421176
0.0905651
0.26498
0.290898
0.489605
0.662
0.526875
0.662
0.149382
0.240498
0.144756
0.220918
0.186456
0.662
0.430251
0.0335969
0.12671
0.222229
0.240654
0.0365428
0.142218
0.286055
0.105578
0.662
0.41598
0.0569743
0.662
0.566292
0.0995366
0.278327
0.316798
0.662
0.0873221
0.211581
0.129061
0.60024
0.160678
0.191044
0.0290004
0.379603
0.662
0.163378
0.662
0.274817
0.662
0.217569
0.277871
0.493825
0.141652
0.305302
0.273822
0.662
0.662
0.254362
0.102607
0.110071
0.153
0.337263
0.131776
0.240658
0.108128
0.214787
0.243009
0.662
0.00518695
0.299355
0.662
0.0437642
0.227008
0.0562173
0.205013
0.163528
0.0747031
0.662
0.123533
0.6276
0.324642
0.38619
0.385627
0.218339
0.19295
0.662
0.662
0.192935
0.121246
0.204128
0.0493195
0.023685
0.206745
0.108169
0.210012
0.268727
0.189865
0.337574
0.137464
0.40561
0.29097
0.0505065
0.203883
0.442074
0.217378
0.241447
0.662
0.580224
0.295614
0.0760759
0.107713
0.398745
0.136706
0.140436
0.662
0.296466
0.453164
0.120107
0.251144
0.0832784
0.514793
0.120558
0.41246
0.662
0.437039
0.472448
0.323886
0.166487
0.296982
0.267979
0.0791505
0.11104
0.662
0.0616909
0.0711506
0.662
0.662
0.40568
0.195833
0.453389
0.341112
0.196329
0.0506448
0.25071
0.587764
0.00753892
0.112204
0.142762
0.372508
0.662
0.045776
0.463536
0.651651
0.662
0.0802067
0.37154
0.274189
0.108302
0.662
0.662
0.0966054
0.0662924
0.168262
0.117694
0.385641
0.312136
0.662
0.557684
0.147205
0.448936
0.492669
0.0517693
0.662
0.333518
0.280423
0.187605
0.0427292
0.278245
0.120001
0.662
0.379326
0.662
0.662
0.148874
0.205988
0.141107
0.607465
0.249202
0.458197
0.0931089
0.257246
0.332932
0.0824359
0.662
0.158904
0.107548
0.15372
0.26783
0.216961
0.662
0.183474
0.381509
0.152936
0.662
0.282547
0.191295
0.0686136
0.662
0.43526
0.151714
0.07022
0.105246
0.113153
0.125647
0.0677733
0.210652
0.111926
0.0866194
0.662
0.296189
0.662
0.662
0.08957
0.00169744
0.145077
0.662
0.134587
0.178846
0.0429587
0.237975
0.188714
0.318594
0.120707
0.00337802
0.113621
0.268988
0.0661203
0.137306
0.62427
0.0416354
0.327367
0.662
0.378251
0.0614878
0.0338355
0.558284
0.662
0.129121
0.662
0.0292491
0.306134
0.226507
0.313357
0.302507
0.125511
0.13082
0.30998
0.001848
0.0438603
0.11207
0.550809
0.422285
0.3189
0.0590878
0.283037
0.282056
0.0946151
0.08652
0.0387676
0.0642697
0.182166
0.0578507
0.466455
0.237738
0.118149
0.042421
0.031615
0.662
0.662
0.100484
0.11134
0.190288
0.602655
0.637617
0.463595
0.120655
0.348437
0.394584
0.0983833
0.662
0.155072
0.244879
0.168549
0.0654166
0.425274
0.147201
0.322082
0.339689
0.20492
0.662
0.46467
0.662
0.0633238
0.137067
0.662
0.0501639
0.255832
0.276646
0.183293
0.0404807
0.22721
0.0268993
0.138935
0.104109
0.185101
0.142842
0.272324
0.421789
0.0875186
0.321659
0.273986
0.00695693
0.100004
0.12421
0.39772
0.509398
0.456521
0.662
0.0864361
0.287258
0.224564
0.104553
0.566164
0.335313
0.23302
0.559763
0.413374
0.135684
0.586783
0.072212
0.662
0.126092
0.0486784
0.552618
0.28469
0.662
0.0815034
0.620154
0.182293
0.150303
0.158442
0.190156
0.39232
0.140715
0.310514
0.0631582
0.515903
0.662
0.0672997
0.201388
0.341757
0.165184
0.219811
0.389123
0.172016
0.116818
0.299716
0.244054
0.147131
0.105552
0.122414
0.393626
0.267132
0.034949
0.662
0.415966
0.130834
0.21392
0.662
0.13217
0.319735
0.175128
0.662
0.0559796
0.45134
0.106712
0.184576
0.134582
0.662
0.295358
0.226129
0.194533
0.121172
0.160031
0.525697
0.243321
0.145779
0.224025
0.17031
0.394683
0.132067
0.58385
0.662
0.124181
0.252288
0.637073
0.238428
0.130532
0.351127
0.222125
0.498554
0.0301232
0.121881
0.662
0.0933712
0.0140268
0.203094
0.0343826
0.245065
0.207219
0.289127
0.330576
0.662
0.384639
0.219833
0.0551386
0.640036
0.448144
0.115105
0.662
0.111072
0.117648
0.0944133
0.474925
0.191736
0.252391
0.357389
0.662
0.0546949
0.427922
0.345526
0.662
0.126596
0.662
0.343688
0.662
0.662
0.0526608
0.662
0.564827
0.151114
0.662
0.164914
0.301971
0.447671
0.0852159
0.662
0.469178
0.380914
0.10007
0.485432
0.0968795
0.135041
0.111504
0.138888
0.100729
0.0982674
0.276812
0.177872
0.0775164
0.210833
0.265353
0.321929
0.205936
0.0919603
0.314575
0.384295
0.0820569
0.611543
0.662
0.662
0.0803687
0.387377
0.230684
0.0311105
0.662
0.484466
0.188669
0.389754
0.119654
0.168785
0.279498
0.662
0.0402292
0.0976316
0.133839
0.641473
0.282145
0.431503
0.229085
0.473283
0.238679
0.230831
0.0549801
0.19059
0.206961
0.235138
0.052521
0.505667
0.224542
0.149672
0.00970552
0.58282
0.662
0.363914
0.253769
0.122288
0.395432
0.22909
0.662
0.193978
0.0870197
0.0967295
0.322071
0.170439
0.219211
0.662
0.217084
0.623092
0.326326
0.320968
0.175083
0.0456403
0.412623
0.0580728
0.169737
0.0791258
0.138032
0.446359
0.205893
0.271977
0.18256
0.00952618
0.662
0.169907
0.11891
0.0615792
0.297311
0.0902109
0.00749763
0.662
0.18003
0.119186
0.662
0.151334
0.420756
0.181215
0.662
0.396708
0.410872
0.0886897
0.217102
0.419274
0.268481
0.195423
0.163043
0.247485
0.662
0.121102
0.137322
0.662
0.0584656
0.0513645
0.662
0.662
0.662
0.470375
0.244694
0.157609
0.336503
0.139841
0.0241442
0.138447
0.0818043
0.0128942
0.0498039
0.304938
0.0998065
0.521968
0.070968
0.111947
0.147631
0.0742101
0.192192
0.662
0.165859
0.133789
0.213491
0.208937
0.0690104
0.125183
0.662
0.172754
0.662
0.0761192
0.156285
0.0642914
0.317168
0.0876514
0.662
0.182473
0.480819
0.26587
0.197566
0.130881
0.195294
0.313289
0.0671934
0.0583043
0.647506
0.662
0.316369
0.325366
0.272769
0.0758787
0.662
0.597432
0.413092
0.247297
0.116909
0.19681
0.301164
0.219025
0.353889
0.0414648
0.109561
0.468101
0.10544
0.233416
0.150802
0.468477
0.662
0.583423
0.0501352
0.489546
0.144683
0.0466616
0.422565
0.273706
0.242173
0.136349
0.17046
0.297237
0.250316
0.243485
0.116118
0.407141
0.246027
0.271642
0.0542033
0.0981735
0.589822
0.662
0.387896
0.521295
0.662
0.0498196
0.482336
0.455223
0.662
0.202561
0.325182
0.100628
0.111218
0.453269
0.367571
0.0204089
0.336465
0.225169
0.648542
0.516494
0.247442
0.0641244
0.455635
0.537539
0.662
0.662
0.444632
0.0957422
0.662
0.0739213
0.0112358
0.662
0.0911323
0.172037
0.163103
0.253062
0.172083
0.0778202
0.0928498
0.183212
0.412861
0.0430484
0.0786174
0.0777365
0.0662082
0.0759412
0.302302
0.535068
0.662
0.152234
0.0794511
0.0966257
0.189597
0.132239
0.218169
0.18235
0.158241
0.662
0.157622
0.150576
0.662
0.0820093
0.162387
0.105253
0.450007
0.243224
0.199353
0.662
0.293432
0.662
0.181923
0.1538
0.492517
0.662
0.0620113
0.662
0.662
0.156473
0.400662
0.185086
0.268969
0.230974
0.088224
0.601811
0.662
0.0766602
0.174403
0.0516734
0.392166
0.102804
0.0864172
0.437839
0.565471
0.198455
0.527445
0.205848
0.335904
0.47345
0.462153
0.611243
0.434163
0.662
0.19867
0.124941
0.195606
0.662
0.120168
0.140936
0.189776
0.662
0.33811
0.111727
0.130874
0.0437263
0.43627
0.0640861
0.0555314
0.13338
0.196092
0.117669
0.231228
0.1641
0.382825
0.360011
0.42629
0.232068
0.462316
0.0257782
0.441659
0.0799008
0.172683
0.0139698
0.201083
0.171117
0.10736
0.662
0.142388
0.440689
0.167901
0.662
0.317291
0.171044
0.372
0.301794
0.603438
0.038665
0.0501991
0.197326
0.187843
0.203157
0.42051
0.360274
0.00459396
0.647714
0.427624
0.315288
0.662
0.249729
0.203873
0.662
0.662
0.0765049
0.662
0.181957
0.662
0.450178
0.0950722
0.242874
0.662
0.215151
0.422542
0.0719082
0.309201
0.241811
0.662
0.0212048
0.393752
0.149503
0.0914227
0.662
0.308516
0.21323
0.28358
0.464482
0.156945
0.662
0.152286
0.138429
0.123947
0.0767393
0.168373
0.0263811
0.00922229
0.260283
0.476418
0.662
0.662
0.233586
0.160747
0.662
0.0430602
0.299606
0.22143
0.590516
0.0932714
0.119928
0.662
0.537382
0.334955
0.195305
0.394471
0.662
0.662
0.255581
0.662
0.272517
0.280395
0.662
0.0881566
0.171014
0.337349
0.662
0.111021
0.168142
0.487598
0.0843237
0.230201
0.23384
0.0698011
0.395225
0.0431603
0.662
0.113335
0.558092
0.0701624
0.254322
0.351672
0.351172
0.0248158
0.614917
0.662
0.21368
0.12516
0.340544
0.0667398
0.0329869
0.168572
0.118073
0.662
0.265612
0.612215
0.217613
0.419337
0.169515
0.662
0.235488
0.218096
0.22533
0.123568
0.153093
0.662
0.083992
0.662
0.359951
0.0812327
0.278728
0.0879332
0.260648
0.513256
0.149516
0.424717
0.561937
0.0555691
0.122688
0.662
0.102737
0.145747
0.662
0.0848208
0.662
0.142156
0.36898
0.15681
0.354216
0.0635191
0.100682
0.357481
0.662
0.233905
0.0535081
0.378092
0.201114
0.401128
0.0455738
0.172691
0.173702
0.20211
0.109325
0.421274
0.1979
0.379724
0.662
0.662
0.63853
0.192682
0.662
0.344913
0.288432
0.134317
0.346076
0.233609
0.448962
0.21315
0.145524
0.169389
0.662
0.340947
0.188992
0.594713
0.0561971
0.342809
0.156478
0.228472
0.662
0.662
0.662
0.221301
0.662
0.118037
0.150762
0.490862
0.335253
0.662
0.499992
0.251869
0.412935
0.126196
0.0324343
0.482868
0.10976
0.146979
0.239056
0.249555
0.126401
0.241102
0.662
0.0756868
0.352912
0.168031
0.0983025
0.157866
0.233073
0.549448
0.255864
0.190554
0.391495
0.662
0.202847
0.268432
0.0929773
0.249334
0.254533
0.107637
0.662
0.503921
0.0354528
0.0972582
0.662
0.242203
0.119304
0.18442
0.662
0.178305
0.230669
0.281284
0.662
0.175635
0.662
0.187397
0.327877
0.262985
0.0140921
0.153074
0.240708
0.334989
0.247577
0.064149
0.662
0.220627
0.284087
0.375653
0.662
0.208048
0.361715
0.662
0.165192
0.246983
0.55002
0.145327
0.0589732
0.0696944
0.220151
0.106256
0.0738908
0.662
0.0524995
0.270124
0.199293
0.338293
0.388424
0.248845
0.549205
0.124651
0.591971
0.296149
0.211179
0.175345
0.00347217
0.0390664
0.0322171
0.114501
0.19777
0.4542
0.614627
0.662
0.364036
0.410782
0.083765
0.390774
0.660471
0.633685
0.662
0.212579
0.557426
0.116032
0.309745
0.354334
0.276618
0.10028
0.662
0.223666
0.143474
0.248336
0.0266344
0.117625
0.147884
0.0982455
0.100613
0.433371
0.281419
0.126263
0.162837
0.392423
0.13989
0.472676
0.111311
0.348049
0.148911
0.662
0.122353
0.311383
0.119053
0.292093
0.0845749
0.126084
0.0869773
0.0331049
0.662
0.662
0.22768
0.234415
