0.662
0.0333496
0.463487
0.543563
0.200577
0.662
0.150086
0.662
0.0796603
0.130936
0.325993
0.155713
0.206807
0.453118
0.507969
0.468847
0.267893
0.198929
0.292612
0.184541
0.371471
0.0832817
0.0237508
0.144803
0.472428
0.190591
0.629271
0.00603704
0.290861
0.116089
0.00507866
0.662
0.198751
0.0983386
0.415639
0.25801
0.43733
0.467689
0.400556
0.662
0.539096
0.662
0.101583
0.213991
0.662
0.404997
0.205995
0.104015
0.160991
0.591042
0.397616
0.0680626
0.085989
0.146519
0.0920787
0.371068
0.0121159
0.356145
0.298902
0.494342
0.443749
0.484273
0.0934895
0.0715129
0.350631
0.064789
0.161881
0.18888
0.662
0.662
0.000295514
0.460575
0.662
0.0640272
0.0306235
0.662
0.469673
0.608121
0.289266
0.393217
0.662
0.191636
0.662
0.195424
0.0942642
0.29622
0.257741
0.140749
0.3783
0.474006
0.446869
0.0662629
0.344498
0.325084
0.294241
0.427477
0.105351
0.662
0.339148
0.650291
0.378715
0.209377
0.27604
0.501543
0.223542
0.265304
0.0847959
0.452934
0.235626
0.193067
0.182196
0.27415
0.369091
0.0766362
0.662
0.0599697
0.520844
0.242092
0.173057
0.583872
0.662
0.312341
0.252977
0.662
0.662
0.662
0.564073
0.118355
0.194945
0.396787
0.108507
0.0712322
0.1456
0.662
0.199651
0.278327
0.281734
0.0916712
0.662
0.662
0.112995
0.662
0.662
0.25825
0.263149
0.662
0.662
0.115083
0.0841684
0.182984
0.181019
0.348141
0.293492
0.0323289
0.406208
0.161135
0.274443
0.662
0.438751
0.598452
0.662
0.111348
0.439389
0.204116
0.662
0.0288661
0.0673645
0.242921
0.26731
0.662
0.168846
0.424116
0.307166
0.27866
0.199487
0.555369
0.652387
0.587193
0.195152
0.662
0.459142
0.181737
0.104072
0.662
0.162868
0.660409
0.166153
0.0866035
0.274948
0.152478
0.662
0.144982
0.23554
0.150295
0.662
0.662
0.662
0.0788889
0.226348
0.264146
0.213927
0.0148847
0.662
0.329584
0.183065
0.393947
0.208379
0.0496801
0.250211
0.154497
0.121324
0.262472
0.0640651
0.081044
0.246085
0.253846
0.406772
0.0106847
0.0747775
0.653094
0.27188
0.0903387
0.452405
0.120497
0.662
0.104301
0.202278
0.321721
0.217135
0.641881
0.09734
0.223368
0.662
0.226189
0.10627
0.458052
0.518127
0.662
0.365389
0.540017
0.0798407
0.662
0.558736
0.0110496
0.572352
0.662
0.0406451
0.662
0.224528
0.113434
0.662
0.335844
0.136991
0.588725
0.232634
0.5429
0.306379
0.233548
0.323294
0.267662
0.435622
0.662
0.035273
0.214216
0.0902612
0.569466
0.06202
0.662
0.662
0.100555
0.0212059
0.211955
0.0200482
0.238499
0.124255
0.372028
0.589848
0.19882
0.29276
0.0423132
0.235306
0.662
0.320644
0.137574
0.662
0.124429
0.1827
0.281994
0.291116
0.0247473
0.413928
0.662
0.305662
0.662
0.65131
0.0962981
0.205941
0.157586
0.263882
0.262924
0.603619
0.662
0.458356
0.662
0.163093
0.662
0.662
0.0912021
0.549026
0.369642
0.135461
0.0943634
0.135673
0.0764352
0.143321
0.33252
0.0819271
0.476763
0.172441
0.108476
0.0623658
0.300974
0.372778
0.578754
0.556471
0.0721919
0.204019
0.10482
0.125626
0.293318
0.0382836
0.662
0.484947
0.288309
0.115538
0.662
0.494452
0.309345
0.321183
0.468988
0.150471
0.271734
0.274279
0.0448525
0.191415
0.662
0.246488
0.23924
0.40867
0.507361
0.338206
0.662
0.0779507
0.518539
0.534846
0.662
0.2721
0.454726
0.1838
0.662
0.662
0.474559
0.146881
0.342521
0.401268
0.287066
0.0623262
0.136983
0.344052
0.442473
0.658048
0.505729
0.662
0.0647518
0.662
0.181203
0.397518
0.104466
0.51773
0.443719
0.117634
0.151607
0.171043
0.400834
0.662
0.245596
0.264749
0.662
0.327195
0.487704
0.662
0.490827
0.518192
0.47824
0.132361
0.250065
0.443437
0.0679928
0.439025
0.378642
0.20337
0.181281
0.0980678
0.371044
0.114231
0.240422
0.386029
0.20264
0.662
0.115423
0.0911532
0.345239
0.0940435
0.662
0.662
0.19478
0.139303
0.21275
0.51919
0.662
0.225472
0.111103
0.082287
0.0689925
0.0545669
0.0779943
0.157256
0.115805
0.475978
0.392694
0.662
0.447315
0.662
0.290762
0.270685
0.225774
0.0128969
0.0567615
0.176627
0.662
0.372365
0.382716
0.603468
0.189153
0.399253
0.333929
0.255169
0.225699
0.662
0.0961178
0.221003
0.235672
0.566949
0.0722197
0.500749
0.662
0.0922104
0.269945
0.118998
0.194761
0.118703
0.161027
0.124089
0.584256
0.0774132
0.0856677
0.271485
0.0714608
0.662
0.0917577
0.248322
0.623744
0.388236
0.0469426
0.247502
0.662
0.121252
0.662
0.0427467
0.561703
0.0693402
0.151854
0.411036
0.662
0.662
0.656234
0.662
0.322204
0.628518
0.270111
0.21901
0.662
0.662
0.0241951
0.361425
0.490986
0.102743
0.286227
0.190766
0.662
0.131868
0.334572
0.356437
0.510358
0.0923358
0.27709
0.662
0.244028
0.662
0.662
0.422485
0.0910383
0.207539
0.0574199
0.143806
0.0694569
0.13494
0.267619
0.364002
0.662
0.476013
0.237103
0.445757
0.149764
0.0105516
0.410147
0.268553
0.562947
0.584882
0.247586
0.172568
0.154729
0.520531
0.162284
0.24034
0.0203146
0.436204
0.346514
0.205621
0.439327
0.506562
0.662
0.216972
0.138245
0.608412
0.294445
0.105467
0.662
0.213376
0.212262
0.179632
0.662
0.277402
0.0148931
0.102536
0.662
0.25361
0.662
0.0910619
0.662
0.421329
0.662
0.389348
0.0177289
0.13911
0.662
0.662
0.206455
0.662
0.282177
0.516492
0.662
0.662
0.268445
0.127786
0.176123
0.394774
0.352216
0.306516
0.662
0.188841
0.287645
0.0776618
0.146437
0.252563
0.26983
0.369558
0.407342
0.662
0.118179
0.102086
0.506808
0.13438
0.384756
0.00646884
0.29156
0.00213031
0.225344
0.275972
0.0707169
0.17445
0.662
0.405531
0.395796
0.662
0.230717
0.662
0.0536229
0.0871302
0.193162
0.40931
0.341398
0.662
0.443783
0.0681579
0.662
0.468654
0.662
0.662
0.662
0.574521
0.514067
0.0563084
0.225212
0.46523
0.377821
0.284674
0.662
0.468391
0.52563
0.662
0.267
0.185233
0.0953574
0.208524
0.055591
0.184693
0.256895
0.00693131
0.662
0.142701
0.662
0.239796
0.209665
0.272548
0.0936699
0.410422
0.662
0.2575
0.195549
0.210839
0.186643
0.50288
0.0629254
0.136715
0.662
0.160942
0.422313
0.662
0.40318
0.16
0.393661
0.183798
0.099156
0.258778
0.136996
0.282274
0.0667096
0.119426
0.142333
0.20919
0.223213
0.197491
0.239373
0.662
0.104199
0.214339
0.245204
0.662
0.142341
0.0501457
0.662
0.218156
0.203285
0.475197
0.582343
0.327843
0.131634
0.216205
0.662
0.389682
0.267608
0.103691
0.216284
0.322246
0.188727
0.662
0.662
0.261354
0.400277
0.112963
0.160809
0.04704
0.191321
0.326059
0.299462
0.360024
0.0686843
0.271034
0.449916
0.0990309
0.580734
0.662
0.662
0.662
0.121007
0.212706
0.662
0.317805
0.193377
0.662
0.334797
0.222208
0.087558
0.662
0.662
0.0102894
0.348617
0.230391
0.0755281
0.0982775
0.070914
0.0621398
0.146789
0.662
0.0303291
0.407597
0.118209
0.444017
0.385722
0.662
0.131629
0.662
0.662
0.258104
0.662
0.649785
0.0857435
0.0841183
0.428171
0.0868097
0.0738019
0.662
0.34292
0.185287
0.179821
0.220266
0.0582079
0.662
0.561678
0.0296267
0.477795
0.339583
0.273129
0.110216
0.662
0.14816
0.223314
0.0837601
0.197445
0.223113
0.296276
0.0829286
0.147962
0.526306
0.055725
0.545844
0.662
0.662
0.476316
0.341442
0.130775
0.111977
0.45053
0.22697
0.662
0.6271
0.456574
0.311347
0.0896017
0.662
0.343935
0.662
0.662
0.0658108
0.662
0.181585
0.141457
0.107294
0.52223
0.662
0.608224
0.0223336
0.474701
0.364129
0.662
0.662
0.662
0.146047
0.273867
0.194122
0.160658
0.415641
0.151528
0.0843995
0.457278
0.226024
0.662
0.243652
0.662
0.0460137
0.397385
0.0650334
0.192887
0.158988
0.104114
0.662
0.123023
0.662
0.35606
0.0905523
0.226045
0.646304
0.178038
0.662
0.117781
0.114488
0.662
0.662
0.0843344
0.326977
0.662
0.662
0.114984
0.662
0.131069
0.0717694
0.662
0.234001
0.421412
0.180588
0.241521
0.193952
0.662
0.142621
0.287612
0.147058
0.0798559
0.133589
0.270863
0.662
0.29755
0.143606
0.0137023
0.105183
0.130258
0.363479
0.0462333
0.0904194
0.118543
0.443342
0.0704648
0.643546
0.662
0.188071
0.257962
0.182749
0.155577
0.471122
0.552905
0.0913641
0.2099
0.174336
0.515154
0.36686
0.356033
0.662
0.515211
0.328617
0.157497
0.662
0.29263
0.123221
0.662
0.120241
0.598891
0.191404
0.144113
0.47413
0.352127
0.0487767
0.45114
0.662
0.0196275
0.068643
0.185866
0.343007
0.112274
0.187069
0.631732
0.662
0.329076
0.341961
0.65339
0.226882
0.362007
0.0858575
0.662
0.519342
0.246956
0.363895
0.399143
0.166275
0.438129
0.662
0.0537004
0.0710427
0.583242
0.291377
0.159884
0.662
0.662
0.497758
0.576525
0.461665
0.0461531
0.240023
0.295874
0.000453458
0.386509
0.416956
0.500634
0.44155
0.616295
0.084426
0.102549
0.662
0.0462884
0.358016
0.286131
0.361367
0.646535
0.0890524
0.0956079
0.217187
0.535914
0.662
0.335454
0.203752
0.223943
0.388509
0.662
0.218732
0.424169
0.400427
0.662
0.061889
0.0709951
0.0594372
0.127539
0.263269
0.141303
0.263344
0.123048
0.133866
0.0544688
0.532885
0.225819
0.365773
0.312207
0.211524
0.210322
0.0254524
0.0988347
0.0986296
0.366497
0.163641
0.159664
0.238393
0.240571
0.163231
0.362289
0.19733
0.662
0.147565
0.134937
0.353663
0.109908
0.117059
0.238718
0.642845
0.113755
0.428927
0.662
0.662
0.169275
0.078778
0.0383517
0.236502
0.106782
0.208193
0.662
0.662
0.280998
0.0194638
0.182246
0.662
0.662
0.558604
0.187801
0.0831089
0.245942
0.243615
0.0498109
0.145865
0.416062
0.456593
0.176093
0.480945
0.0561891
0.206274
0.175189
0.118104
0.107594
0.0806851
0.231927
0.662
0.662
0.0525579
0.439838
0.112736
0.185397
0.460304
0.662
0.662
0.0784115
0.0854564
0.327409
0.364295
0.662
0.662
0.620221
0.476556
0.139985
0.558445
0.549579
0.662
0.289021
0.439526
0.211063
0.251631
0.193734
0.0870587
0.404803
0.099145
0.422601
0.306505
0.333429
0.361487
0.362578
0.146377
0.404426
0.0991868
0.0590758
0.662
0.123903
0.0931946
0.288158
0.23761
0.493802
0.446976
0.306816
0.33446
0.239139
0.175558
0.138834
0.0763427
0.592823
0.237138
0.206343
0.148071
0.136022
0.313505
0.264031
0.332395
0.136747
0.341789
0.361958
0.35195
0.662
0.296972
0.210571
0.175962
0.115962
0.261824
0.265222
0.662
0.0549215
0.328989
0.278631
0.292372
0.080746
0.0421001
0.508445
0.147806
0.662
0.662
0.662
0.662
0.341478
0.662
0.278726
0.344973
0.662
0.341376
0.0361395
0.030295
0.344314
0.186008
0.411714
0.239517
0.386847
0.182826
0.150189
0.101623
0.0911976
0.662
0.662
0.371993
0.118813
0.217498
0.662
0.225592
0.0580448
0.413061
0.645877
0.225704
0.20415
0.589706
0.162986
0.437903
0.662
0.162686
0.349318
0.126044
0.290625
0.277798
0.360704
0.662
0.499336
0.173619
0.149127
0.651895
0.662
0.662
0.396204
0.213341
0.212594
0.0567829
0.245605
0.147601
0.45361
0.0415602
0.662
0.293566
0.662
0.165742
0.204225
0.27572
0.255596
0.0145145
0.662
0.100262
0.126177
0.446158
0.545423
0.193204
0.213133
0.662
0.662
0.13254
0.289354
0.38042
0.30983
0.662
0.155331
0.662
0.648248
0.662
0.204803
0.401003
0.263425
0.0843282
0.662
0.215755
0.0567632
0.0999646
0.403862
0.546356
0.0938089
0.347966
0.103848
0.201834
0.16822
0.662
0.143033
0.0251879
0.53997
0.511738
0.0559051
0.0906051
0.662
0.181428
0.662
0.31261
0.0661015
0.175441
0.239476
0.197479
0.662
0.108047
0.228387
0.15108
0.662
0.067133
0.141944
0.208567
0.186844
0.632311
0.523212
0.213755
0.476339
0.243655
0.529346
0.485622
0.190429
0.151014
0.120713
0.662
0.662
0.662
0.662
0.319998
0.0274262
0.25417
0.244236
0.403633
0.160718
0.0626812
0.155093
0.589364
0.10289
0.0763239
0.36191
0.594158
0.31816
0.211882
0.338905
0.662
0.662
0.264874
0.065726
0.231391
0.662
0.124945
0.350008
0.0287025
0.597328
0.235958
0.662
0.35232
0.0851635
0.125723
0.246904
0.333078
0.373042
0.251517
0.240353
0.0914717
0.430184
0.0412055
0.21657
0.120806
0.465428
0.109804
0.662
0.434362
0.557345
0.426324
0.662
0.0126748
0.149193
0.323239
0.514993
0.227833
0.662
0.388407
0.533977
0.511954
0.13562
0.0633411
0.375198
0.198119
0.168752
0.662
0.227992
0.155205
0.234494
0.238108
0.662
0.104371
0.08357
0.406986
0.00736931
0.522603
0.662
0.176264
0.0758189
0.662
0.13601
0.662
0.134813
0.113003
0.0744496
0.254497
0.250662
0.390069
0.0292033
0.0323796
0.490435
0.29726
0.254208
0.0469772
0.662
0.258494
0.403817
0.662
0.26202
0.345315
0.0417876
0.116819
0.662
0.231054
0.0430385
0.129989
0.197231
0.662
0.63776
0.148569
0.383331
0.311246
0.0681493
0.216655
0.662
0.0448563
0.662
0.662
0.327704
0.429967
0.627291
0.0970994
0.384105
0.283047
0.317655
0.0510044
0.242766
0.458771
0.229253
0.0432382
0.193165
0.25362
0.576959
0.662
0.227409
0.110414
0.306415
0.662
0.32459
0.0539256
0.217052
0.187177
0.662
0.662
0.662
0.0923298
0.0643101
0.662
0.662
0.211015
0.159325
0.0882325
0.345892
0.466938
0.467596
0.662
0.223418
0.662
0.647165
0.505267
0.0852394
0.09401
0.248947
0.0528307
0.0128416
0.234034
0.44073
0.662
0.662
0.396737
0.102403
0.2924
0.115956
0.210512
0.246946
0.227282
0.379652
0.180753
0.662
0.497837
0.313757
0.131141
0.203485
0.25314
0.662
0.0448521
0.630999
0.377056
0.148822
0.0705237
0.450778
0.145449
0.137307
0.256062
0.307554
0.662
0.166726
0.191029
0.0665532
0.662
0.119464
0.0991476
0.662
0.11952
0.237783
0.214791
0.662
0.640596
0.177741
0.176181
0.0639579
0.387251
0.353541
0.662
0.4036
0.396342
0.662
0.662
0.0796965
0.662
0.662
0.662
0.477446
0.368632
0.192641
0.402522
0.58848
0.582408
0.0656627
0.0772188
0.0359754
0.0307483
0.130233
0.658849
0.143104
0.410777
0.547576
0.280985
0.0611234
0.249054
0.358504
0.662
0.160453
0.483915
0.322141
0.453022
0.0663916
0.148588
0.362765
0.196196
0.0291998
0.200347
0.0725179
0.190695
0.279774
0.266576
0.662
0.662
0.351841
0.662
0.178293
0.345243
0.521196
0.18325
0.19504
0.145339
0.115726
0.129643
0.611827
0.118466
0.662
0.157342
0.471049
0.59662
0.662
0.331821
0.662
0.618366
0.400074
0.31212
0.249308
0.243172
0.12603
0.169249
0.210607
0.372471
0.451256
0.174703
0.125903
0.662
0.0469009
0.662
0.103637
0.0840203
0.0884543
0.126303
0.32347
0.100781
0.662
0.125541
0.173128
0.662
0.200857
0.59098
0.172605
0.445961
0.637715
0.0972477
0.117768
0.296263
0.209289
0.263587
0.0802802
0.0980473
0.662
0.0680173
0.0686605
0.190221
0.176809
0.662
0.0162243
0.304678
0.662
0.662
0.171424
0.131143
0.662
0.0281668
0.0647597
0.0775175
0.662
0.291065
0.623002
0.378408
0.662
0.529105
0.662
0.144706
0.342795
0.662
0.190967
0.117772
0.133476
0.260962
0.223042
0.662
0.134614
0.467211
0.662
0.330752
0.0548977
0.085242
0.204161
0.0797243
0.119067
0.233068
0.662
0.0326586
0.235633
0.462413
0.634998
0.662
0.298525
0.421239
0.399004
0.523764
0.169256
0.662
0.341804
0.61071
0.310664
0.662
0.303202
0.437712
0.302108
0.240085
0.662
0.454846
0.0496044
0.662
0.662
0.0931689
0.195241
0.311887
0.148032
0.107665
0.145497
0.523575
0.662
0.266773
0.423326
0.662
0.167327
0.342379
0.36691
0.162599
0.20756
0.0808372
0.662
0.377609
0.171047
0.662
0.662
0.109479
0.194915
0.177499
0.405406
0.174904
0.0677268
0.230816
0.147746
0.145332
0.250095
0.662
0.289523
0.110201
0.174785
0.348511
0.662
0.409106
0.123952
0.29446
0.207696
0.467518
0.216936
0.415527
0.0422388
0.295911
0.059217
0.118722
0.541629
0.584336
0.662
0.449901
0.224435
0.180793
0.662
0.142607
0.211154
0.662
0.339562
0.662
0.662
0.0820325
0.548483
0.662
0.19664
0.113395
0.662
0.624479
0.42521
0.662
0.117504
0.662
0.298056
0.292028
0.283824
0.14125
0.309656
0.131429
0.662
0.0699849
0.662
0.298671
0.34998
0.246641
0.662
0.347971
0.651789
0.112057
0.662
0.0246535
0.333952
0.519196
0.662
0.0898528
0.575985
0.153735
0.198758
0.23165
0.271262
0.416264
0.097279
0.335952
0.117409
0.185483
0.198571
0.229694
0.300611
0.337471
0.320021
0.662
0.10915
0.0961869
0.369725
0.304976
0.158422
0.662
0.0158471
0.0791807
0.144633
0.162619
0.147276
0.526745
0.105153
0.468458
0.662
0.662
0.11197
0.226916
0.191319
0.114462
0.152831
0.662
0.662
0.662
0.662
0.135368
0.662
0.132619
0.192121
0.268437
0.662
0.224012
0.288119
0.191402
0.0019894
0.587522
0.0959504
0.0970222
0.137841
0.19883
0.307383
0.14495
0.221944
0.171735
0.140682
0.304703
0.254267
0.0861818
0.170429
0.258227
0.559627
0.0115123
0.193259
0.662
0.174238
0.127879
0.662
0.310454
0.0732885
0.38298
0.117242
0.107162
0.110237
0.222267
0.171116
0.167381
0.662
0.0411452
0.132404
0.127686
0.31125
0.0893712
0.366629
0.0131493
0.152555
0.416194
0.164175
0.296207
0.0805962
0.662
0.662
0.391479
0.465954
0.170624
0.662
0.242435
0.269408
0.662
0.149118
0.0508891
0.165167
0.0923022
0.662
0.212995
0.593368
0.0464404
0.191136
0.427132
0.123413
0.471524
0.385017
0.459972
0.222892
0.170456
0.114708
0.662
0.281358
0.0993316
0.662
0.204697
0.447955
0.0965043
0.158435
0.662
0.432823
0.662
0.574756
0.23883
0.0763304
0.211841
0.38498
0.49273
0.128235
0.20967
0.186452
0.662
0.139008
0.0821158
0.0942149
0.662
0.212434
0.515562
0.662
0.203034
0.662
0.662
0.203842
0.662
0.138088
0.178567
0.662
0.272247
0.254064
0.36453
0.662
0.150322
0.46504
0.556546
0.662
0.485372
0.662
0.615193
0.662
0.33523
0.125801
0.612749
0.662
0.662
0.416608
0.295564
0.662
0.0599629
0.221465
0.139219
0.0628246
0.25194
0.111783
0.347107
0.0126397
0.0738141
0.529873
0.361746
0.662
0.621757
0.662
0.0573354
0.177044
0.486146
0.0936612
0.173843
0.116038
0.289016
0.0901618
0.662
0.110393
0.108737
0.198482
0.375425
0.608719
0.184493
0.132849
0.662
0.104325
0.0607071
0.662
0.662
0.591882
0.0508171
0.360713
0.0536842
0.462997
0.00770905
0.662
0.0789376
0.265382
0.0858079
0.662
0.0153618
0.14218
0.117931
0.0190476
0.335457
0.662
0.0544853
0.0813259
0.401306
0.191879
0.0301174
0.0590143
0.262055
0.222694
0.210407
0.108361
0.662
0.540041
0.147937
0.572713
0.516298
0.00894467
0.422931
0.174348
0.279114
0.534539
0.662
0.113382
0.186818
0.0855732
0.253617
0.662
0.229933
0.239735
0.288077
0.452592
0.14257
0.0633572
0.0890402
0.109302
0.125918
0.344703
0.107746
0.190428
0.175947
0.182067
0.140298
0.285693
0.14217
0.133036
0.162102
0.425102
0.270058
0.662
0.58382
0.329686
0.134086
0.221491
0.267554
0.146487
0.241864
0.320239
0.662
0.617539
0.0696452
0.324938
0.662
0.0377262
0.545955
0.360119
0.490505
0.389249
0.138337
0.662
0.210609
0.662
0.0606834
0.12387
0.0590246
0.272288
0.248001
0.0221756
0.662
0.120357
0.0481835
0.662
0.662
0.207141
0.474707
0.184541
0.451575
0.0658539
0.236137
0.551528
0.0677208
0.152518
0.567783
0.0624673
0.374691
0.662
0.528132
0.461724
0.424888
0.227862
0.182395
0.513482
0.0908371
0.549142
0.0926954
0.662
0.333361
0.168667
0.662
0.662
0.177945
0.640495
0.443361
0.0555858
0.662
0.149255
0.499316
0.503242
0.159393
0.439266
0.373945
0.155023
0.47411
0.299111
0.351135
0.209524
0.16201
0.417145
0.662
0.361065
0.209949
0.288828
0.12114
0.246257
0.152993
0.662
0.109898
0.288937
0.121207
0.102279
0.662
0.0271094
0.662
0.29249
0.456192
0.223907
0.52648
0.451145
0.287419
0.39851
0.0685859
0.662
0.186082
0.234886
0.662
0.106903
0.662
0.0276365
0.0637111
0.131063
0.0959965
0.0439467
0.662
0.662
0.23162
0.00475224
0.125991
0.31214
0.186681
0.265709
0.662
0.103355
0.662
0.211336
0.662
0.662
0.300538
0.662
0.662
0.385787
0.146778
0.206953
0.0355193
0.18572
0.14887
0.250148
0.477322
0.298552
0.662
0.585723
0.0597193
0.601419
0.0644953
0.662
0.571262
0.113172
0.427853
0.121013
0.223735
0.184713
0.135991
0.662
0.41372
0.0394546
0.133265
0.12782
0.208954
0.0890622
0.361152
0.224058
0.139733
0.0598685
0.126155
0.662
0.182656
0.211559
0.662
0.25254
0.662
0.293589
0.0667173
0.19093
0.512452
0.523826
0.116233
0.579398
0.19826
0.472398
0.208375
0.148177
0.662
0.662
0.569647
0.125806
0.288711
0.581931
0.176459
0.00305476
0.0314399
0.375744
0.265054
0.545275
0.255172
0.136537
0.101101
0.352463
0.0870396
0.0943232
0.28648
0.662
0.253037
0.172462
0.542653
0.291832
0.0687635
0.660305
0.159822
0.662
0.171525
0.0820426
0.212396
0.107187
0.232322
0.387243
0.662
0.501105
0.662
0.661416
0.378164
0.307914
0.19945
0.399574
0.119881
0.137175
0.193332
0.565641
0.386599
0.662
0.0556023
0.225884
0.132557
0.0815179
0.0547938
0.119073
0.423475
0.662
0.328013
0.337597
0.498989
0.61478
0.554145
0.31455
0.662
0.197536
0.662
0.662
0.437631
0.401937
0.435838
0.0232399
0.246877
0.662
0.420712
0.307992
0.109975
0.444882
0.242743
0.0939673
0.662
0.353883
0.662
0.464601
0.107284
0.0671443
0.050486
0.214998
0.215857
0.0870017
0.0728138
0.126835
0.0951731
0.466929
0.662
0.099086
0.337885
0.278001
0.3168
0.662
0.359841
0.0952456
0.101984
0.100744
0.662
0.468405
0.227954
0.190312
0.662
0.625022
0.220777
0.35954
0.168488
0.269139
0.459932
0.332198
0.118495
0.107186
0.0859149
0.092189
0.159796
0.329627
0.116548
0.0277103
0.471963
0.205988
0.319466
0.0903252
0.662
0.429522
0.327297
0.0497859
0.388572
0.0404806
0.064073
0.0598115
0.333083
0.410175
0.24806
0.662
0.316677
0.231078
0.0715595
0.12325
0.407631
0.199507
0.469375
0.662
0.1367
0.662
0.0269917
0.185412
0.44968
0.619273
0.168677
0.171269
0.203447
0.618278
0.365245
0.140135
0.0220748
0.301756
0.0587033
0.230191
0.431682
0.0991141
0.662
0.347613
0.143723
0.0977003
0.266527
0.271255
0.40549
0.420505
0.11543
0.662
0.107223
0.375727
0.288007
0.291123
0.179091
0.260985
0.0997165
0.551129
0.304531
0.165025
0.239933
0.358758
0.444661
0.145295
0.110155
0.492884
0.0662082
0.662
0.216303
0.37509
0.0101254
0.334071
0.368374
0.56026
0.173671
0.407246
0.0999058
0.214793
0.489557
0.467653
0.0137285
0.495957
0.662
0.447192
0.662
0.160018
0.653058
0.508557
0.453139
0.662
0.498447
0.662
0.185942
0.473956
0.662
0.343457
0.129902
0.347234
0.662
0.175019
0.249615
0.134608
0.132838
0.0247899
0.284276
0.662
0.662
0.11784
0.215217
0.147914
0.553747
0.269611
0.0551796
0.220075
0.662
0.191975
0.15674
0.109627
0.197939
0.216693
0.288981
0.133553
0.383377
0.171585
0.304253
0.34937
0.53805
0.219196
0.0687912
0.119983
0.0845805
0.40832
0.662
0.16216
0.0831766
0.0367487
0.662
0.662
0.0739364
0.347556
0.662
0.145925
0.271349
0.572336
0.511382
0.583144
0.209907
0.0259052
0.425212
0.109583
0.102092
0.32468
0.45423
0.662
0.662
0.0710741
0.0758242
0.0934568
0.401343
0.662
0.198356
0.662
0.108097
0.0551303
0.237885
0.152142
0.662
0.662
0.494608
0.583363
0.185988
0.239249
0.464277
0.216853
0.08321
0.662
0.0864928
0.378859
0.102515
0.173996
0.29858
0.201026
0.662
0.261986
0.318877
0.662
0.0767947
0.445079
0.218061
0.22129
0.437361
0.295216
0.326207
0.122618
0.402401
0.314266
0.0670589
0.246707
0.284123
0.662
0.0736754
0.261259
0.044728
0.0793993
0.338005
0.385687
0.662
0.137346
0.0445701
0.662
0.0597916
0.0177437
0.233384
0.254431
0.104039
0.0754041
0.0881557
0.494875
0.144706
0.146415
0.662
0.243019
0.578983
0.234276
0.529419
0.662
0.174136
0.662
0.662
0.221538
0.52079
0.205185
0.22229
0.180662
0.149791
0.129631
0.306361
0.135476
0.442325
0.128484
0.271324
0.662
0.606334
0.222023
0.115985
0.121875
0.0543088
0.662
0.590403
0.662
0.104045
0.662
0.658749
0.402482
0.209834
0.443106
0.446458
0.271092
0.662
0.306404
0.552021
0.160969
0.199802
0.261764
0.193962
0.555221
0.657336
0.206705
0.662
0.662
0.662
0.662
0.101898
0.236139
0.0438008
0.197942
0.126053
0.662
0.662
0.662
0.63888
0.662
0.183676
0.0458507
0.573588
0.249588
0.201484
0.234419
0.313637
0.662
0.622803
0.206297
0.662
0.0819378
0.523972
0.137278
0.44218
0.662
0.27767
0.133075
0.612768
0.0655046
0.174934
0.366266
0.25759
0.0753816
0.662
0.662
0.0236005
0.131651
0.0928287
0.1742
0.200159
0.25915
0.171925
0.592143
0.131481
0.0745158
0.0244739
0.0700459
0.221895
0.662
0.490233
0.114527
0.326133
0.662
0.203258
0.662
0.662
0.662
0.386957
0.0694865
0.231468
0.662
0.0981179
0.144213
0.247385
0.405536
0.475381
0.156289
0.662
0.10502
0.128112
0.0782147
0.0783055
0.355025
0.103984
0.109648
0.662
0.662
0.161814
0.432138
0.209999
0.441407
0.376784
0.0496003
0.662
0.662
0.662
0.166064
0.0818064
0.633774
0.179985
0.181678
0.447097
0.037684
0.0850102
0.184801
0.662
0.394766
0.280711
0.0572107
0.23484
0.205115
0.330329
0.662
0.624034
0.277082
0.436155
0.278295
0.591894
0.28551
0.202381
0.538851
0.662
0.0788466
0.280506
0.341573
0.662
0.223404
0.163774
0.355989
0.180725
0.320143
0.161684
0.326617
0.109217
0.445934
0.662
0.464415
0.662
0.662
0.662
0.10552
0.303423
0.0520592
0.0987732
0.662
0.662
0.0410371
0.166501
0.0793462
0.311537
0.101191
0.612822
0.662
0.0855531
0.391674
0.580951
0.374654
0.15276
0.428781
0.662
0.228926
0.465078
0.0586528
0.0539647
0.662
0.662
0.172297
0.392527
0.0992353
0.662
0.210439
0.52951
0.218728
0.0825622
0.662
0.427334
0.242438
0.0424123
0.0792793
0.662
0.609584
0.102571
0.299172
0.444697
0.648473
0.408771
0.662
0.463426
0.254431
0.364695
0.493402
0.128638
0.320423
0.230728
0.0305873
0.255889
0.0168434
0.242322
0.622344
0.223443
0.102271
0.662
0.617947
0.105048
0.242783
0.662
0.242446
0.0619467
0.173696
0.308734
0.0708751
0.00384905
0.248188
0.152483
0.323322
0.427532
0.662
0.662
0.375195
0.231258
0.662
0.422836
0.239125
0.228084
0.178178
0.202755
0.662
0.465288
0.662
0.117553
0.271018
0.140585
0.319321
0.0728929
0.0798152
0.101864
0.61708
0.132369
0.1589
0.366621
0.09726
0.264273
0.201888
0.103365
0.241795
0.184671
0.157713
0.495698
0.471842
0.13859
0.2694
0.0184936
0.662
0.202351
0.256586
0.662
0.115777
0.157354
0.213083
0.439188
0.0597042
0.475498
0.413063
0.662
0.104435
0.0812869
0.0512423
0.662
0.512297
0.37005
0.413748
0.205388
0.441892
0.524861
0.080573
0.362329
0.662
0.133407
0.190586
0.662
0.123098
0.103414
0.306951
0.47165
0.296086
0.270039
0.478857
0.409728
0.281817
0.154517
0.276221
0.662
0.112158
0.145405
0.375203
0.280966
0.0832146
0.295525
0.109866
0.0449076
0.0671176
0.0964986
0.662
0.0950112
0.662
0.170732
0.0789253
0.662
0.466475
0.209566
0.263612
0.124163
0.662
0.236355
0.279579
0.662
0.115591
0.502669
0.0791512
0.662
0.272995
0.247067
0.189459
0.265247
0.444769
0.662
0.116931
0.537334
0.276158
0.496794
0.0559669
0.282101
0.0300871
0.35717
0.662
0.662
0.662
0.409081
0.382741
0.260022
0.242456
0.662
0.234366
0.193444
0.0530325
0.0796066
0.662
0.12463
0.0421572
0.645323
0.124251
0.249478
0.536089
0.662
0.662
0.312604
0.626624
0.211671
0.538914
0.662
0.387307
0.100554
0.662
0.662
0.514481
0.356787
0.0253002
0.46713
0.0657956
0.408241
0.081002
0.307006
0.332285
0.125582
0.495012
0.199198
0.27394
0.662
0.34821
0.167991
0.173341
0.0329037
0.662
0.399101
0.662
0.329461
0.104991
0.165906
0.268142
0.419351
0.662
0.314732
0.069109
0.0885782
0.403671
0.127634
0.335757
0.0162163
0.39997
0.413799
0.0550524
0.662
0.219825
0.176064
0.235484
0.391647
0.0875254
0.101948
0.560573
0.393246
0.339222
0.0842291
0.662
0.533462
0.0475648
0.200148
0.242652
0.351958
0.279214
0.662
0.497472
0.537906
0.17757
0.108425
0.329931
0.0568246
0.222839
0.0762879
0.662
0.662
0.211555
0.110676
0.470827
0.449164
0.164897
0.662
0.112472
0.157416
0.0279558
0.301884
0.0965791
0.393953
0.21473
0.389703
0.658714
0.510138
0.0510279
0.504913
0.140296
0.0903676
0.227408
0.341955
0.261859
0.662
0.147485
0.534663
0.259143
0.472627
0.662
0.662
0.0378007
0.417146
0.662
0.502137
0.662
0.662
0.332424
0.431278
0.188823
0.662
0.528151
0.108883
0.45388
0.148184
0.212882
0.212556
0.150415
0.493066
0.0572802
0.101949
0.29519
0.0388866
0.121673
0.206393
0.475875
0.662
0.0950902
0.662
0.662
0.177321
0.0850635
0.17454
0.251247
0.214037
0.402043
0.628744
0.123215
0.209131
0.128663
0.056438
0.250384
0.343635
0.503002
0.359754
0.356745
0.662
0.492099
0.282085
0.429595
0.510911
0.285134
0.266306
0.187019
0.234401
0.662
0.327215
0.662
0.266233
0.398927
0.0428212
0.662
0.662
0.244818
0.282827
0.662
0.147762
0.662
0.518568
0.335829
0.105423
0.0552189
0.138699
0.604117
0.243216
0.0784358
0.662
0.662
0.662
0.160153
0.517944
0.12721
0.662
0.662
0.135264
0.0813531
0.0284037
0.662
0.20993
0.505146
0.342657
0.122834
0.129734
0.662
0.0744518
0.323751
0.184692
0.363579
0.521378
0.524909
0.391627
0.278726
0.318186
0.12011
0.662
0.0670583
0.257911
0.067635
0.0173062
0.361348
0.0314379
0.662
0.100133
0.662
0.481476
0.182972
0.0691953
0.0792006
0.662
0.0977541
0.109044
0.00636794
0.309013
0.662
0.662
0.636474
0.325925
0.380629
0.179966
0.644591
0.662
0.618681
0.662
0.502197
0.549523
0.0112808
0.135223
0.650831
0.662
0.0655614
0.662
0.0891238
0.205037
0.318466
0.662
0.514359
0.254759
0.119484
0.169215
0.662
0.048189
0.484849
0.0685048
0.0760675
0.0505001
0.378304
0.230664
0.662
0.262969
0.0666769
0.508485
0.10878
0.282613
0.358112
0.24986
0.662
0.340252
0.662
0.662
0.495835
0.153578
0.583897
0.635897
0.618076
0.143611
0.0938773
0.108536
0.35418
0.137676
0.185861
0.222528
0.662
0.0788184
0.662
0.131653
0.149119
0.368669
0.271007
0.662
0.131204
0.365433
0.0381739
0.229444
0.0493947
0.0217473
0.223492
0.20691
0.265236
0.634017
0.181779
0.51784
0.234816
0.327195
0.242106
0.589417
0.171836
0.0915125
0.0747076
0.147183
0.348602
0.339902
0.658027
0.662
0.377271
0.22531
0.4395
0.662
0.083153
0.196049
0.193519
0.662
0.0931898
0.235312
0.498535
0.662
0.173301
0.448741
0.462069
0.161732
0.291077
0.237454
0.148003
0.172306
0.662
0.118071
0.453614
0.0601652
0.0632134
0.0982648
0.116548
0.135818
0.662
0.0702138
0.31965
0.426555
0.0658562
0.236379
0.144966
0.0613552
0.055671
0.662
0.196921
0.662
0.62021
0.524764
0.662
0.333812
0.662
0.0452758
0.618375
0.662
0.662
0.316244
0.504117
0.408196
0.193884
0.39664
0.0464555
0.191852
0.235489
0.0418916
0.125464
0.210403
0.0931063
0.415072
0.361615
0.662
0.380345
0.0715787
0.0436472
0.662
0.135331
0.662
0.587013
0.0837545
0.163854
0.662
0.0887864
0.662
0.384198
0.102162
0.662
0.139162
0.574204
0.225147
0.356424
0.615479
0.100351
0.483687
0.436186
0.662
0.662
0.423764
0.298383
0.662
0.381291
0.181692
0.211882
0.140619
0.370892
0.293545
0.00581725
0.626811
0.156058
0.23353
0.662
0.662
0.662
0.187988
0.0825077
0.416285
0.662
0.186727
0.235551
0.662
0.0791283
0.662
0.262718
0.573737
0.282469
0.059853
0.370766
0.100825
0.151469
0.12106
0.0313298
0.142064
0.0726491
0.662
0.662
0.0617446
0.331142
0.0649268
0.398493
0.443221
0.294594
0.0534557
0.305655
0.158054
0.12904
0.0991655
0.428914
0.0536563
0.662
0.0486998
0.269759
0.0741397
0.329612
0.046057
0.0273506
0.0665103
0.489784
0.662
0.108096
0.261487
0.44158
0.466189
0.662
0.0965104
0.0245018
0.482144
0.662
0.193314
0.424958
0.189361
0.0917824
0.108792
0.467059
0.662
0.428678
0.0614436
0.662
0.622797
0.346352
0.662
0.662
0.662
0.115705
0.27294
0.0244202
0.079478
0.662
0.662
0.304032
0.251083
0.213011
0.285745
0.239119
0.662
0.130682
0.469796
0.0835498
0.626059
0.548783
0.400881
0.662
0.593826
0.310525
0.170375
0.391208
0.662
0.662
0.156188
0.266789
0.416593
0.164823
0.272007
0.284284
0.0516634
0.238268
0.662
0.662
0.188266
0.662
0.266536
0.140451
0.478361
0.0707141
0.647111
0.0646564
0.344302
0.227178
0.171435
0.662
0.570763
0.097779
0.662
0.522462
0.395046
0.0430216
0.485274
0.414345
0.662
0.148049
0.662
0.159633
0.0741181
0.241867
0.269138
0.662
0.407685
0.662
0.662
0.244817
0.386565
0.152195
0.284429
0.42603
0.290001
0.163173
0.137991
0.607889
0.662
0.133692
0.662
0.604771
0.513764
0.60196
0.662
0.0969254
0.152233
0.135582
0.369334
0.523615
0.248298
0.10665
0.386003
0.31608
0.400682
0.0884994
0.161483
0.662
0.215318
0.662
0.0943981
0.435634
0.152878
0.662
0.0702851
0.520781
0.0561074
0.662
0.662
0.662
0.208323
0.266457
0.290171
0.113598
0.145557
0.167838
0.653569
0.162322
0.486931
0.287428
0.662
0.662
0.662
0.0544888
0.662
0.662
0.354419
0.304833
0.138916
0.662
0.35258
0.531991
0.662
0.0373072
0.0632281
0.35765
0.662
0.662
0.337866
0.215106
0.604344
0.662
0.114305
0.662
0.101316
0.342336
0.294679
0.662
0.553177
0.63339
0.154958
0.420389
0.196703
0.280566
0.662
0.116228
0.662
0.270152
0.662
0.117134
0.402627
0.0273753
0.360687
0.502455
0.362402
0.258728
0.20094
0.0731532
0.303422
0.290694
0.374443
0.279449
0.348727
0.0840238
0.662
0.662
0.662
0.179368
0.468008
0.276364
0.627783
0.150427
0.312044
0.412502
0.190803
0.296862
0.396158
0.399592
0.662
0.110187
0.662
0.175562
0.190788
0.0695663
0.491188
0.34058
0.17364
0.662
0.427007
0.662
0.662
0.121244
0.228493
0.141649
0.0685284
0.333639
0.115156
0.450773
0.0758421
0.101986
0.225307
0.662
0.662
0.207316
0.0842482
0.561776
0.403746
0.135878
0.662
0.191077
0.556182
0.445352
0.266629
0.662
0.109326
0.0944505
0.446467
0.205746
0.131883
0.340646
0.29407
0.457616
0.496832
0.340088
0.192529
0.326708
0.0491169
0.662
0.506289
0.246461
0.143533
0.416719
0.662
0.136402
0.187564
0.239105
0.646001
0.111048
0.0518127
0.221382
0.0825625
0.284604
0.340629
0.0756865
0.137163
0.194284
0.130688
0.346054
0.115472
0.424576
0.051254
0.662
0.392323
0.662
0.130619
0.509188
0.202196
0.222234
0.490513
0.3897
0.293791
0.431024
0.0808578
0.458465
0.0405027
0.16243
0.166207
0.308633
0.0561776
0.411825
0.662
0.135374
0.662
0.226356
0.456769
0.244741
0.548544
0.03398
0.0980732
0.121909
0.524866
0.171652
0.0475662
0.597954
0.224695
0.156311
0.109663
0.662
0.268136
0.159436
0.136303
0.177043
0.127084
0.115859
0.257109
0.121278
0.1298
0.395598
0.662
0.154541
0.112011
0.662
0.0808698
0.437916
0.0972117
0.466385
0.203772
0.132062
0.120274
0.475063
0.233108
0.26443
0.220267
0.662
0.398304
0.369278
0.296481
0.187969
0.112446
0.203255
0.662
0.662
0.1806
0.258092
0.016808
0.662
0.601967
0.662
0.306971
0.662
0.272616
0.135506
0.1816
0.492833
0.191145
0.521932
0.0437275
0.121469
0.377009
0.266554
0.662
0.382154
0.184953
0.270973
0.441744
0.662
0.135413
0.026186
0.111851
0.145535
0.355446
0.662
0.204536
0.454038
0.409128
0.143145
0.556143
0.230633
0.587036
0.299908
0.0618407
0.455619
0.428883
0.157028
0.367761
0.164147
0.225497
0.271565
0.217451
0.370008
0.0739515
0.152354
0.514321
0.126795
0.662
0.467493
0.0476976
0.662
0.0663149
0.662
0.0607912
0.297173
0.159979
0.241602
0.117939
0.662
0.419602
0.083364
0.633694
0.147559
0.127661
0.336567
0.443515
0.497267
0.203776
0.652399
0.401238
0.662
0.253481
0.281289
0.425878
0.0188289
0.10033
0.211161
0.114371
0.662
0.200157
0.159969
0.102595
0.0837446
0.199908
0.435876
0.662
0.47576
0.069922
0.662
0.332535
0.130507
0.0874228
0.301583
0.622138
0.265317
0.19434
0.326467
0.378444
0.215711
0.655669
0.140353
0.342573
0.0573965
0.0509489
0.16263
0.459206
0.164511
0.232861
0.0650673
0.642105
0.15816
0.0868434
0.662
0.105298
0.175235
0.604347
0.662
0.662
0.305865
0.365822
0.594913
0.138098
0.443861
0.662
0.422161
0.496268
0.662
0.325819
0.507941
0.166282
0.47129
0.0944279
0.150196
0.101262
0.015605
0.126397
0.439322
0.153582
0.38166
0.143038
0.186732
0.282266
0.0321535
0.662
0.258051
0.0858402
0.119318
0.0763808
0.130473
0.192684
0.662
0.192132
0.633509
0.568414
0.570597
0.466815
0.281204
0.116089
0.662
0.0262611
0.392428
0.0490703
0.155281
0.128266
0.140915
0.471238
0.234305
0.155931
0.181455
0.296636
0.149508
0.0426047
0.382667
0.238522
0.431287
0.0814734
0.132004
0.0492674
0.440863
0.260265
0.662
0.132486
0.11394
0.114744
0.583487
0.207648
0.651179
0.662
0.354534
0.662
0.618013
0.564214
0.410748
0.085921
0.178399
0.153717
0.0691068
0.417879
0.0897581
0.190741
0.0717335
0.0565443
0.662
0.338851
0.10244
0.287877
0.400946
0.171001
0.662
0.180242
0.305206
0.358003
0.460829
0.0972401
0.0737992
0.662
0.458511
0.31662
0.377272
0.589188
0.631129
0.163524
0.214429
0.662
0.358283
0.00729622
0.0731298
0.662
0.259695
0.093296
0.337847
0.121263
0.331828
0.0454944
0.52487
0.662
0.201107
0.113389
0.662
0.593521
0.549921
0.256456
0.373462
0.269173
0.656885
0.0704325
0.662
0.162516
0.109133
0.662
0.0457453
0.662
0.334121
0.147415
0.135845
0.0540558
0.350395
0.662
0.00728662
0.0346117
0.662
0.131281
0.150587
0.662
0.100936
0.0879323
0.153977
0.154574
0.221973
0.442518
0.201831
0.311138
0.662
0.662
0.363467
0.215962
0.505409
0.104133
0.662
0.662
0.412384
0.662
0.307291
0.662
0.320377
0.127036
0.120812
0.0847694
0.662
0.114734
0.0742463
0.145513
0.100078
0.227206
0.0726345
0.132006
0.662
0.436994
0.520814
0.168536
0.12906
0.662
0.0500864
0.432577
0.662
0.662
0.122833
0.662
0.160897
0.208372
0.473761
0.138906
0.326956
0.411666
0.305887
0.465442
0.411395
0.662
0.396963
0.132466
0.0975904
0.0449355
0.662
0.654388
0.151211
0.154585
0.644427
0.593354
0.191355
0.295421
0.201766
0.662
0.0409415
0.0750441
0.350378
0.481355
0.0838863
0.271212
0.662
0.112838
0.160728
0.0291766
0.0423539
0.083289
0.0637498
0.161985
0.0476918
0.662
0.0399293
0.662
0.61324
0.3164
0.662
0.433918
0.257214
0.221669
0.611842
0.335334
0.662
0.15142
0.120432
0.445858
0.403953
0.0278788
0.206012
0.623759
0.102671
0.0462448
0.085131
0.0615938
0.662
0.505796
0.662
0.124035
0.115255
0.197703
0.431771
0.212749
0.026554
0.662
0.540702
0.413625
0.119582
0.207721
0.662
0.433113
0.539069
0.21631
0.0601002
0.559707
0.117224
0.0460586
0.214666
0.297369
0.662
0.129662
0.594283
0.387661
0.0233293
0.454976
0.636059
0.354789
0.450394
0.420789
0.107092
0.613395
0.0310821
0.126436
0.390172
0.135284
0.186851
0.0516054
0.581021
0.514931
0.117853
0.662
0.272101
0.662
0.378993
0.662
0.572021
0.31791
0.532782
0.058073
0.145688
0.0543212
0.352235
0.190458
0.303382
0.270388
0.490536
0.171573
0.0917774
0.662
0.591704
0.158117
0.586274
0.0813622
0.00588356
0.393778
0.0743245
0.41158
0.398244
0.178711
0.442181
0.662
0.179533
0.13727
0.310345
0.387292
0.495655
0.35862
0.0658941
0.118729
0.0988684
0.187483
0.0181273
0.0628948
0.662
0.349922
0.0989831
0.509014
0.230656
0.159176
0.662
0.185359
0.662
0.662
0.584161
0.308833
0.198669
0.468477
0.151022
0.339994
0.456257
0.169769
0.0427112
0.505489
0.10514
0.352164
0.662
0.0814988
0.283867
0.662
0.17505
0.662
0.410029
0.662
0.662
0.662
0.662
0.330226
0.46476
0.418475
0.157242
0.000883997
0.662
0.131761
0.662
0.156283
0.662
0.0554046
0.479823
0.213418
0.405467
0.204387
0.633858
0.381705
0.148237
0.662
0.662
0.0424206
0.137468
0.00197892
0.441761
0.386033
0.662
0.287014
0.266114
0.262753
0.662
0.0176229
0.325634
0.364988
0.188502
0.0213926
0.348418
0.378062
0.199591
0.0545068
0.363466
0.132128
0.17594
0.662
0.662
0.250013
0.210893
0.276246
0.662
0.212021
0.136804
0.305272
0.451541
0.127017
0.141093
0.239794
0.398911
0.121365
0.662
0.165047
0.299204
0.0393982
0.229869
0.20732
0.539303
0.662
0.662
0.248638
0.644116
0.258524
0.227131
0.662
0.132546
0.0825479
0.156826
0.244192
0.234631
0.298198
0.390368
0.0973891
0.662
0.113731
0.482605
0.662
0.308454
0.662
0.662
0.662
0.216902
0.0965613
0.397741
0.319504
0.341529
0.1057
0.0560303
0.150707
0.0416255
0.0591804
0.367864
0.662
0.225622
0.662
0.513794
0.137121
0.0828549
0.0289455
0.285074
0.339923
0.35589
0.418829
0.00171785
0.474392
0.298752
0.121453
0.312379
0.204542
0.134095
0.180589
0.182584
0.650938
0.0892427
0.13815
0.662
0.600507
0.184629
0.426602
0.0671927
0.088597
0.216508
0.459412
0.0687267
0.209707
0.0487453
0.0676337
0.476959
0.249608
0.0987668
0.504554
0.0833327
0.133036
0.662
0.00603119
0.454422
0.654459
0.333891
0.624384
0.21973
0.0104927
0.2058
0.294416
0.662
0.23429
0.14481
0.225451
0.281079
0.150132
0.00635819
0.096279
0.662
0.496339
0.639145
0.466468
0.055943
0.662
0.662
0.120265
0.121585
0.662
0.662
0.0975625
0.486864
0.451055
0.121001
0.296555
0.237446
0.662
0.621419
0.142243
0.264473
0.395612
0.44179
0.0705896
0.480779
0.322205
0.662
0.662
0.101827
0.574941
0.662
0.280309
0.482406
0.570092
0.0518902
0.662
0.0809694
0.548077
0.128535
0.662
0.287903
0.662
0.244137
0.156122
0.23196
0.316193
0.662
0.662
0.246262
0.098572
0.159631
0.0950893
0.222015
0.0239217
0.184813
0.194725
0.00236958
0.658736
0.662
0.377862
0.411436
0.189513
0.455348
0.197216
0.390344
0.662
0.0941361
0.117164
0.144196
0.419772
0.0719826
0.213897
0.0566941
0.289241
0.103378
0.234578
0.139205
0.2487
0.224823
0.204141
0.206012
0.555714
0.268484
0.0810906
0.271906
0.662
0.347353
0.0923118
0.0435617
0.0849784
0.662
0.0599393
0.0580952
0.274965
0.117404
0.156315
0.206304
0.662
0.339057
0.304685
0.260824
0.127122
0.122935
0.539123
0.662
0.105395
0.524486
0.662
0.662
0.230762
0.292534
0.662
0.531929
0.662
0.332172
0.613042
0.0752318
0.113414
0.476234
0.0542444
0.580371
0.136387
0.107183
0.0288449
0.428986
0.245849
0.0965719
0.662
0.258408
0.662
0.395331
0.0878892
0.662
0.583425
0.294207
0.662
0.190556
0.321595
0.138879
0.127243
0.0116606
0.326241
0.38822
0.406611
0.218411
0.336768
0.247138
0.662
0.662
0.662
0.662
0.169841
0.279435
0.459674
0.662
0.586868
0.335312
0.620025
0.126952
0.391059
0.246468
0.0902092
0.662
0.0562489
0.662
0.0986861
0.28612
0.512952
0.662
0.315747
0.550063
0.0845792
0.324787
0.109373
0.434879
0.270532
0.095242
0.436425
0.613803
0.225659
0.121552
0.211503
0.488644
0.0414734
0.118903
0.132003
0.662
0.555595
0.0251884
0.58609
0.662
0.274089
0.429875
0.382691
0.50851
0.582231
0.129643
0.662
0.216495
0.116813
0.0701625
0.114441
0.20611
0.585354
0.662
0.22036
0.386282
0.164791
0.0774224
0.194578
0.662
0.662
0.450103
0.25889
0.158961
0.662
0.662
0.149303
0.122879
0.406103
0.496995
0.105832
0.0613833
0.0867768
0.378745
0.0514555
0.0215924
0.214008
0.303392
0.303121
0.379203
0.195877
0.454662
0.421047
0.381094
0.476332
0.662
0.268169
0.289681
0.662
0.0923791
0.662
0.193825
0.299597
0.145616
0.633693
0.199069
0.252763
0.341205
0.245369
0.333867
0.22117
0.219838
0.441338
0.229321
0.392588
0.0898501
0.662
0.0627989
0.512954
0.305793
0.375681
0.109026
0.453678
0.215075
0.0466463
0.662
0.20509
0.662
0.192195
0.0983315
0.177155
0.209359
0.324568
0.07051
0.079073
0.662
0.153715
0.368384
0.662
0.662
0.180499
0.172374
0.662
0.453551
0.0813144
0.374651
0.196715
0.214344
0.662
0.662
0.662
0.461271
0.171243
0.0770518
0.0578497
0.662
0.327597
0.19868
0.0688142
0.0891007
0.148212
0.662
0.536182
0.137006
0.301766
0.258978
0.124379
0.380834
0.0720537
0.278556
0.2525
0.290895
0.0873178
0.420805
0.481377
0.083826
0.209246
0.393224
0.189441
0.662
0.206992
0.0888762
0.662
0.662
0.662
0.427858
0.0691538
0.542308
0.36899
0.430171
0.191987
0.600745
0.16064
0.662
0.398454
0.662
0.173279
0.33774
0.178254
0.442926
0.588475
0.355708
0.457802
0.0270494
0.662
0.374194
0.0592683
0.0541279
0.113429
0.0730947
0.133589
0.662
0.170938
0.377656
0.662
0.662
0.593628
0.213331
0.230032
0.113821
0.662
0.0804213
0.126691
0.119526
0.662
0.0850947
0.408216
0.0459856
0.0735701
0.0812982
0.0555601
0.0877143
0.0248554
0.662
0.662
0.1408
0.143656
0.36216
0.662
0.371079
0.264394
0.662
0.161933
0.205392
0.124593
0.483821
0.192851
0.0316729
0.0773482
0.115067
0.00302622
0.187694
0.0521677
0.0797452
0.117379
0.648629
0.662
0.485256
0.0939966
0.231249
0.183554
0.281654
0.313874
0.0352052
0.215886
0.662
0.662
0.363988
0.52223
0.662
0.131284
0.347185
0.239799
0.094595
0.366788
0.104768
0.101817
0.544403
0.251789
0.662
0.237342
0.569099
0.000645542
0.662
0.313004
0.34287
0.254104
0.662
0.342002
0.245651
0.496144
0.662
0.107857
0.0265708
0.662
0.489477
0.215523
0.134395
0.117365
0.25721
0.101746
0.662
0.662
0.293035
0.612521
0.217098
0.129716
0.662
0.0639948
0.458783
0.662
0.225357
0.288811
0.431563
0.0597607
0.0908563
0.433842
0.264676
0.550688
0.662
0.662
0.662
0.662
0.445204
0.0983333
0.26237
0.109695
0.17097
0.148094
0.662
0.586618
0.446263
0.662
0.190406
0.184577
0.169047
0.151859
0.125192
0.347679
0.360402
0.662
0.546404
0.540575
0.00569784
0.277802
0.293462
0.205995
0.178958
0.1985
0.662
0.265201
0.184791
0.2717
0.0867949
0.351981
0.0985449
0.0651528
0.662
0.225572
0.00736119
0.308053
0.20015
0.159723
0.0878569
0.00658944
0.099179
0.392491
0.332775
0.205153
0.35183
0.662
0.662
0.234933
0.584735
0.32378
0.662
0.606725
0.319383
0.134478
0.0661705
0.154531
0.127086
0.662
0.480116
0.220591
0.312806
0.137737
0.662
0.452297
0.455932
0.662
0.280687
0.618643
0.298895
0.0208452
0.662
0.176866
0.662
0.175531
0.396763
0.662
0.186695
0.274015
0.480344
0.170122
0.146512
0.0991484
0.396137
0.280679
0.662
0.153952
0.0886093
0.662
0.509611
0.324543
0.28672
0.428236
0.343667
0.511936
0.245737
0.662
0.662
0.662
0.303791
0.197676
0.0631905
0.662
0.662
0.662
0.170127
0.0542564
0.456382
0.565283
0.174298
0.0648732
0.08828
0.108945
0.228833
0.0595876
0.662
0.662
0.0540899
0.20082
0.662
0.207498
0.183666
0.184421
0.241915
0.267753
0.308613
0.0989041
0.231423
0.121755
0.361026
0.571215
0.560914
0.662
0.067709
0.15063
0.411223
0.639559
0.206027
0.340456
0.292556
0.0553845
0.256062
0.403592
0.21728
0.237949
0.105642
0.337397
0.0729599
0.662
0.662
0.203987
0.229061
0.662
0.662
0.169717
0.515243
0.662
0.245173
0.0934577
0.568781
0.175466
0.0809737
0.0544895
0.662
0.0748287
0.387721
0.626901
0.662
0.192904
0.280072
0.182915
0.125585
0.211621
0.103934
0.25492
0.125084
0.248344
0.168904
0.662
0.662
0.249676
0.236863
0.190713
0.53399
0.147201
0.04777
0.495985
0.280899
0.211971
0.662
0.662
0.22415
0.370868
0.308398
0.193537
0.147897
0.178803
0.0986694
0.294097
0.266023
0.662
0.660281
0.156866
0.662
0.662
0.174072
0.193065
0.245896
0.662
0.163286
0.199655
0.131164
0.662
0.3894
0.0794125
0.662
0.220231
0.112936
0.176684
0.186792
0.604222
0.536629
0.662
0.114818
0.111503
0.499767
0.442043
0.429355
0.662
0.433909
0.0520307
0.463943
0.662
0.432193
0.200822
0.325847
0.237361
0.152726
0.491524
0.0812171
0.474207
0.116767
0.662
0.219572
0.104094
0.542892
0.194043
0.106813
0.109985
0.556025
0.386427
0.145
0.480339
0.109141
0.0863998
0.190977
0.662
0.210963
0.662
0.0811234
0.57943
0.245777
0.088006
0.478231
0.662
0.403738
0.662
0.225181
0.284744
0.196494
0.325628
0.662
0.207961
0.0866595
0.0761926
0.279043
0.11848
0.176845
0.101868
0.662
0.0528762
0.297386
0.266824
0.139658
0.10725
0.105945
0.267961
0.127894
0.662
0.179825
0.42348
0.551594
0.124136
0.662
0.396003
0.0885874
0.206947
0.0158042
0.662
0.118887
0.140772
0.344976
0.662
0.37442
0.112241
0.153505
0.139296
0.213358
0.231422
0.662
0.179138
0.488442
0.0170339
0.340411
0.23085
0.0694485
0.662
0.0818103
0.662
0.215282
0.662
0.560801
0.621654
0.662
0.661233
0.442959
0.215715
0.147123
0.660026
0.662
0.662
0.613692
0.0630218
0.164086
0.355739
0.18759
0.159599
0.662
0.496253
0.107101
0.422002
0.0968458
0.137646
0.662
0.191958
0.648463
0.662
0.316494
0.0602373
0.269488
0.175415
0.662
0.27679
0.347781
0.641936
0.24312
0.17946
0.225758
0.0948634
0.230128
0.662
0.283755
0.52289
0.337772
0.662
0.0118718
0.108872
0.448026
0.0911886
0.662
0.606993
0.208987
0.662
0.110466
0.352578
0.394945
0.11207
0.31317
0.662
0.19581
0.6019
0.309213
0.554456
0.00302839
0.134267
0.662
0.106844
0.0164196
0.211394
0.22403
0.662
0.203915
0.662
0.225726
0.662
0.28064
0.662
0.662
0.662
0.155571
0.662
0.356472
0.253574
0.235965
0.120354
0.0418528
0.662
0.397108
0.0873062
0.247528
0.0531111
0.173103
0.122747
0.0683953
0.122018
0.264159
0.394823
0.0586599
0.18091
0.662
0.234657
0.216779
0.078506
0.374145
0.184451
0.0984879
0.263506
0.102874
0.662
0.662
0.662
0.662
0.458465
0.662
0.078863
0.662
0.0340147
0.662
0.365614
0.561953
0.00334878
0.662
0.0244685
0.580859
0.499479
0.65441
0.184488
0.0860581
0.37526
0.662
0.616667
0.662
0.0848789
0.0203416
0.662
0.0642295
0.496706
0.662
0.033469
0.17671
0.467967
0.204095
0.159655
0.293548
0.227164
0.662
0.570606
0.353566
0.182696
0.427738
0.460514
0.0510664
0.436605
0.662
0.29673
0.162388
0.072909
0.18804
0.100615
0.662
0.268319
0.662
0.205508
0.662
0.171004
0.662
0.662
0.401968
0.450916
0.369877
0.127782
0.662
0.0189255
0.0684412
0.662
0.269689
0.199252
0.171484
0.100911
0.107462
0.294501
0.103446
0.662
0.267822
0.208627
0.562602
0.106623
0.165729
0.490996
0.386223
0.241907
0.043047
0.662
0.0961146
0.662
0.662
0.360492
0.478022
0.0615732
0.244053
0.0684068
0.662
0.039994
0.0739843
0.435427
0.19835
0.476337
0.196055
0.26655
0.333748
0.333687
0.662
0.662
0.0351629
0.0729373
0.219121
0.395833
0.194101
0.154211
0.433088
0.190172
0.100052
0.662
0.378191
0.200839
0.275495
0.0570384
0.396558
0.0390679
0.662
0.190957
0.189265
0.557477
0.662
0.202329
0.228367
0.662
0.128882
0.477713
0.213965
0.454859
0.446499
0.210198
0.0380336
0.103879
0.124208
0.265411
0.273924
0.662
0.0623722
0.216507
0.142354
0.443487
0.0706435
0.65219
0.59019
0.422499
0.0760325
0.465954
0.662
0.387288
0.136593
0.123261
0.179112
0.51282
0.114743
0.186247
0.662
0.12291
0.307505
0.168648
0.208723
0.502551
0.592259
0.662
0.35331
0.662
0.307531
0.227882
0.545424
0.522543
0.662
0.0667876
0.662
0.0350193
0.11202
0.234634
0.165015
0.332239
0.348588
0.241563
0.373547
0.249822
0.0836754
0.521856
0.319459
0.295271
0.217661
0.0698994
0.0965256
0.125705
0.0624921
0.423797
0.031162
0.108956
0.576003
0.068849
0.598021
0.120401
0.662
0.429044
0.662
0.199186
0.150485
0.260471
0.662
0.584255
0.549618
0.114767
0.234585
0.0741357
0.0622795
0.540919
0.0902959
0.662
0.388478
0.502821
0.108866
0.219564
0.662
0.133724
0.292903
0.39898
0.362718
0.489904
0.162282
0.459184
0.216741
0.218832
0.662
0.252915
0.662
0.110526
0.662
0.0711152
0.407964
0.662
0.0967125
0.161878
0.662
0.633289
0.391452
0.08871
0.0890128
0.662
0.243994
0.333251
0.179282
0.268785
0.108367
0.157713
0.497532
0.662
0.247346
0.131161
0.0217277
0.10604
0.0222777
0.662
0.19466
0.662
0.114397
0.253655
0.196298
0.662
0.0238293
0.273785
0.116985
0.369486
0.456791
0.662
0.662
0.382567
0.30301
0.399357
0.662
0.662
0.0580892
0.297625
0.107113
0.662
0.662
0.316426
0.409532
0.0434218
0.187079
0.104315
0.22085
0.662
0.0249296
0.14394
0.662
0.282886
0.341767
0.662
0.121871
0.397328
0.482317
0.119088
0.0568405
0.521465
0.182713
0.120328
0.435228
0.244118
0.182821
0.329852
0.204262
0.50765
0.133172
0.249346
0.341483
0.213526
0.323438
0.39631
0.26058
0.496966
0.0835027
0.0809394
0.199956
0.662
0.242666
0.133759
0.195953
0.0712667
0.181032
0.126938
0.0626894
0.39774
0.383383
0.182257
0.531109
0.662
0.662
0.662
0.365083
0.437683
0.376136
0.135508
0.0677905
0.0635066
0.662
0.347289
0.564576
0.0782716
0.103765
0.193348
0.662
0.0381914
0.289918
0.00141023
0.662
0.635261
0.375757
0.0507374
0.0179233
0.106394
0.403609
0.186768
0.0949734
0.169534
0.238641
0.133555
0.370453
0.389235
0.353978
0.066914
0.0768217
0.639653
0.662
0.342957
0.301145
0.402766
0.662
0.206234
0.446939
0.662
0.374523
0.319665
0.22283
0.244999
0.183489
0.547714
0.326428
0.474011
0.25596
0.05369
0.332359
0.495103
0.412736
0.13472
0.130003
0.459609
0.662
0.0779962
0.107572
0.240095
0.182734
0.05994
0.237924
0.225099
0.572064
0.103345
0.662
0.570138
0.662
0.126004
0.143721
0.662
0.347028
0.445486
0.0726803
0.0355828
0.221189
0.662
0.184196
0.168597
0.405388
0.251936
0.0619933
0.106425
0.0455695
0.141222
0.377261
0.233336
0.210412
0.319741
0.0196186
0.26518
0.258975
0.646444
0.662
0.00102007
0.0576675
0.662
0.021755
0.0307212
0.0636775
0.662
0.320463
0.464372
0.160378
0.662
0.363874
0.578451
0.335546
0.00433791
0.224153
0.168048
0.662
0.0315004
0.229947
0.137189
0.0172663
0.11752
0.109696
0.0587971
0.416528
0.35467
0.164321
0.168049
0.418666
0.435682
0.0853411
0.26708
0.438974
0.295599
0.425186
0.172449
0.0933621
0.051785
0.116251
0.33568
0.316267
0.141612
0.662
0.168161
0.217774
0.0949605
0.282972
0.0122969
0.177673
0.27369
0.457434
0.107315
0.662
0.0768105
0.324749
0.223635
0.0844705
0.662
0.303356
0.662
0.551812
0.411965
0.154177
0.196587
0.389219
0.474491
0.251299
0.0823746
0.662
0.276152
0.435117
0.662
0.294461
0.099669
0.348201
0.177376
0.104017
0.214366
0.125277
0.662
0.0942886
0.26758
0.119636
0.0709826
0.61526
0.516102
0.662
0.633391
0.0148234
0.394992
0.355294
0.662
0.203075
0.177571
0.469272
0.3241
0.404178
0.0160782
0.0376128
0.662
0.308941
0.118852
0.662
0.0182815
0.662
0.173491
0.415028
0.147658
0.662
0.297075
0.662
0.333971
0.0779742
0.662
0.107311
0.101045
0.0886959
0.209589
0.662
0.0898055
0.31156
0.502829
0.168503
0.0603371
0.302898
0.118862
0.662
0.269326
0.220519
0.191131
0.184277
0.551769
0.219973
0.654414
0.207649
0.10613
0.662
0.331492
0.115938
0.662
0.0137011
0.0274005
0.252753
0.339801
0.377773
0.42846
0.101614
0.160595
0.662
0.662
0.610955
0.503819
0.662
0.662
0.39508
0.662
0.065881
0.0604295
0.662
0.2283
0.134223
0.313126
0.662
0.430475
0.117646
0.165172
0.307273
0.569576
0.120361
0.117105
0.662
0.0651082
0.268371
0.0797751
0.22316
0.0269496
0.0818006
0.0717203
0.137463
0.260384
0.380244
0.662
0.224203
0.154146
0.264799
0.560825
0.662
0.402684
0.662
0.119163
0.0755982
0.381941
0.355469
0.163002
0.345394
0.218868
0.662
0.32438
0.0855785
0.474883
0.280927
0.504708
0.102762
0.340029
0.0867208
0.314689
0.587839
0.559258
0.428838
0.662
0.368696
0.226612
0.484712
0.282862
0.662
0.662
0.662
0.137498
0.233493
0.662
0.00469583
0.662
0.0788337
0.212046
0.396987
0.18859
0.158575
0.277317
0.15003
0.06813
0.662
0.122584
0.662
0.662
0.526066
0.0122467
0.659427
0.380723
0.662
0.376502
0.0509516
0.311937
0.662
0.200933
0.662
0.208805
0.658187
0.656438
0.139871
0.182393
0.0508606
0.401964
0.626124
0.167433
0.124377
0.420135
0.00282316
0.109912
0.164703
0.283418
0.662
0.534537
0.662
0.0512142
0.0783181
0.426071
0.10896
0.662
0.229233
0.138082
0.363647
0.225498
0.0693302
0.621624
0.147642
0.419498
0.662
0.493624
0.193653
0.461419
0.630265
0.662
0.485326
0.267865
0.106808
0.247267
0.360834
0.662
0.0865393
0.662
0.245615
0.456938
0.662
0.411011
0.500765
0.499687
0.188763
0.662
0.10932
0.274839
0.191398
0.662
0.662
0.474194
0.662
0.162085
0.0632562
0.180062
0.41622
0.0484072
0.136303
0.2632
0.31612
0.230079
0.563422
0.155596
0.141888
0.245809
0.20807
0.295656
0.356384
0.534154
0.23634
0.0643146
0.662
0.215036
0.167836
0.301796
0.358708
0.645757
0.0501991
0.100362
0.39583
0.0943327
0.662
0.44926
0.12974
0.0517557
0.662
0.662
0.662
0.142734
0.662
0.662
0.662
0.193992
0.114929
0.235586
0.0751224
0.123449
0.230931
0.0777383
0.0388358
0.662
0.102775
0.343459
0.596178
0.354363
0.383485
0.328427
0.432293
0.085086
0.387723
0.0271563
0.57079
0.295003
0.0511138
0.129537
0.59201
0.662
0.122474
0.185084
0.460871
0.0974382
0.29247
0.662
0.0736162
0.0481411
0.30074
0.160255
0.456731
0.00587341
0.662
0.22198
0.166632
0.662
0.662
0.146905
0.312092
0.245951
0.0983741
0.662
0.662
0.126565
0.262378
0.535932
0.307493
0.122939
0.441927
0.662
0.131906
0.319486
0.233304
0.0871456
0.139523
0.662
0.318325
0.182573
0.517151
0.662
0.222003
0.24896
0.118611
0.100942
0.0419591
0.323159
0.662
0.162677
0.345995
0.150125
0.662
0.476882
0.484958
0.543791
0.662
0.130562
0.145907
0.0773878
0.211669
0.662
0.504708
0.662
0.0755939
0.159158
0.332339
0.522921
0.297533
0.111519
0.188381
0.250605
0.0865605
0.45584
0.5427
0.311478
0.662
0.0763861
0.349176
0.153673
0.636458
0.662
0.490734
0.187254
0.159629
0.662
0.662
0.107823
0.662
0.604353
0.436887
0.295882
0.442913
0.662
0.32957
0.662
0.166069
0.197181
0.0183667
0.121635
0.236746
0.364768
0.662
0.0605393
0.662
0.0914101
0.0828071
0.662
0.171184
0.492112
0.337071
0.662
0.389075
0.525702
0.445136
0.0782116
0.078379
0.283602
0.290102
0.232883
0.479221
0.433093
0.662
0.338131
0.662
0.238037
0.662
0.662
0.311025
0.471317
0.408296
0.193665
0.289063
0.237785
0.174128
0.0921875
0.662
0.152233
0.581469
0.581453
0.167874
0.113966
0.22123
0.0680848
0.662
0.395675
0.662
0.240458
0.589541
0.238098
0.106099
0.662
0.126505
0.662
0.662
0.117383
0.662
0.149236
0.662
0.123473
0.532357
0.229294
0.662
0.205726
0.280033
0.179593
0.662
0.0949319
0.662
0.662
0.145511
0.164204
0.0744399
0.0572662
0.0629393
0.151412
0.662
0.1637
0.146035
0.593669
0.153428
0.42149
0.662
0.662
0.169907
0.662
0.662
0.424021
0.401188
0.503355
0.121522
0.218861
0.489883
0.662
0.0576235
0.640763
0.562146
0.662
0.141134
0.156122
0.646156
0.662
0.129038
0.134621
0.211443
0.274871
0.221097
0.00668832
0.1166
0.662
0.203345
0.138461
0.475091
0.519051
0.353281
0.158152
0.662
0.206526
0.0645195
0.11193
0.0492989
0.0415084
0.238734
0.662
0.0476817
0.0332783
0.42578
0.406401
0.662
0.26463
0.18206
0.224527
0.487089
0.432517
0.126106
0.662
0.662
0.150424
0.32623
0.662
0.379295
0.0635259
0.367594
0.585435
0.279738
0.00108154
0.32078
0.662
0.662
0.662
0.106845
0.662
0.374153
0.22734
0.662
0.387871
0.510247
0.115858
0.525237
0.176321
0.662
0.614259
0.0977412
0.120496
0.223698
0.572407
0.160255
0.288884
0.204437
0.423758
0.0453911
0.161825
0.238539
0.454637
0.24808
0.417671
0.205667
0.485965
0.662
0.582627
0.662
0.419865
0.210898
0.19951
0.286771
0.517867
0.417109
0.239716
0.206965
0.662
0.662
0.397208
0.451096
0.130442
0.0413167
0.662
0.22989
0.201485
0.118954
0.662
0.202287
0.510234
0.496124
0.109185
0.243881
0.137395
0.444711
0.286175
0.187914
0.0742321
0.662
0.662
0.247808
0.33253
0.662
0.0739623
0.293204
0.0862042
0.662
0.0506798
0.43844
0.662
0.497477
0.175509
0.198086
0.662
0.281649
0.662
0.0972771
0.48101
0.419544
0.306652
0.388808
0.477426
0.662
0.662
0.306516
0.662
0.285849
0.366688
0.16175
0.529917
0.488442
0.662
0.120413
0.0938818
0.0402204
0.167046
0.247002
0.662
0.100041
0.662
0.375071
0.662
0.0636412
0.453947
0.493571
0.192219
0.286511
0.319966
0.0316556
0.250841
0.49028
0.231985
0.662
0.662
0.336069
0.0476257
0.11109
0.203171
0.153277
0.244147
0.555026
0.185699
0.268224
0.397316
0.512668
0.126125
0.045132
0.00937177
0.177926
0.187531
0.0135702
0.205555
0.662
0.14991
0.533822
0.627375
0.116251
0.662
0.0665257
0.051001
0.0632155
0.196962
0.662
0.662
0.293242
0.441382
0.157128
0.504077
0.179296
0.261772
0.531964
0.662
0.129855
0.175893
0.42891
0.662
0.0783581
0.182627
0.000905081
0.107112
0.194453
0.241479
0.662
0.471644
0.198326
0.662
0.171639
0.279219
0.509528
0.140217
0.662
0.304967
0.124625
0.0175037
0.662
0.662
0.324233
0.662
0.125811
0.0793005
0.123994
0.178592
0.3234
0.322045
0.355081
0.0933075
0.662
0.042325
0.15175
0.662
0.258784
0.213319
0.103881
0.662
0.0401379
0.348432
0.0230583
0.263603
0.300401
0.440243
0.662
0.281656
0.400136
0.17585
0.00161863
0.123509
0.430725
0.320709
0.414928
0.662
0.0640251
0.0880336
0.403249
0.419786
0.237742
0.662
0.0692087
0.109954
0.140135
0.409112
0.662
0.038298
0.662
0.662
0.246073
0.660264
0.0454629
0.0674826
0.662
0.400584
0.590733
0.388431
0.156274
0.461588
0.662
0.465943
0.247038
0.364205
0.109454
0.254273
0.232049
0.662
0.102916
0.257004
0.173579
0.0783046
0.347074
0.104032
0.135569
0.106692
0.261949
0.0333326
0.0446317
0.118839
0.074971
0.662
0.223599
0.055019
0.195274
0.154627
0.402595
0.339067
0.562966
0.351385
0.121146
0.141246
0.323911
0.19162
0.0548803
0.245928
0.116774
0.204046
0.258023
0.591002
0.274564
0.463861
0.259146
0.266623
0.282151
0.350576
0.662
0.0848448
0.1171
0.303137
0.112509
0.453417
0.251745
0.472625
0.662
0.662
0.399093
0.0878132
0.100261
0.550833
0.403316
0.0480426
0.161454
0.662
0.0437174
0.130922
0.190023
0.662
0.166368
0.248994
0.0376276
0.136883
0.436243
0.461767
0.229282
0.26943
0.136441
0.0948779
0.195183
0.151119
0.158801
0.370487
0.334549
0.176929
0.0676664
0.101453
0.662
0.234479
0.397108
0.184548
0.662
0.53481
0.0352068
0.444922
0.181794
0.662
0.121079
0.662
0.236139
0.288897
0.283728
0.283045
0.207566
0.33749
0.272968
0.0689915
0.662
0.118538
0.219179
0.0854307
0.662
0.305869
0.0977414
0.086425
0.305566
0.662
0.16362
0.159609
0.24853
0.122499
0.111606
0.554596
0.0817745
0.185154
0.116213
0.00788968
0.662
0.223982
0.0699623
0.662
0.12375
0.00505143
0.354217
0.559742
0.151503
0.465619
0.29009
0.640878
0.103407
0.207829
0.662
0.548335
0.168766
0.221599
0.662
0.201512
0.662
0.0430572
0.139152
0.662
0.417971
0.662
0.117009
0.662
0.0854004
0.23833
0.362743
0.662
0.662
0.19277
0.274102
0.662
0.392938
0.111567
0.662
0.662
0.662
0.13249
0.0152196
0.584228
0.285401
0.128817
0.154953
0.245063
0.0478707
0.253261
0.511029
0.426532
0.187265
0.174105
0.616533
0.240841
0.17847
0.0643277
0.662
0.248296
0.0185909
0.172509
0.147875
0.18101
0.236701
0.0424587
0.284146
0.115505
0.662
0.451824
0.0803344
0.290713
0.662
0.067638
0.115316
0.165216
0.127876
0.662
0.491059
0.21458
0.662
0.116443
0.374632
0.156585
0.251346
0.245611
0.189352
0.618952
0.344159
0.662
0.0987843
0.135849
0.203155
0.284014
0.662
0.0122345
0.662
0.108954
0.487726
0.468329
0.195676
0.508602
0.112285
0.466094
0.0248422
0.0474177
0.0720538
0.445651
0.662
0.662
0.302381
0.169829
0.662
0.219909
0.472804
0.237123
0.108682
0.0884647
0.0362847
0.662
0.144535
0.186824
0.662
0.662
0.357282
0.662
0.434639
0.0405687
0.662
0.163174
0.114184
0.484784
0.224316
0.127496
0.662
0.562746
0.479774
0.621195
0.140215
0.662
0.662
0.453598
0.400371
0.0527913
0.200245
0.202218
0.197047
0.114856
0.131271
0.00122256
0.304829
0.593824
0.53859
0.119942
0.220378
0.0457061
0.15055
0.142067
0.0873073
0.351431
0.183221
0.344351
0.134994
0.265178
0.156759
0.167407
0.212152
0.0898494
0.0528062
0.079876
0.246345
0.286507
0.369193
0.14561
0.445418
0.194327
0.345791
0.404065
0.160186
0.662
0.189088
0.452313
0.504666
0.662
0.394226
0.0045395
0.662
0.662
0.662
0.485522
0.662
0.388378
0.0615702
0.171001
0.662
0.662
0.662
0.289213
0.220567
0.132682
0.105908
0.399844
0.163999
0.281846
0.584295
0.134575
0.282489
0.057724
0.662
0.00818592
0.662
0.189201
0.19157
0.360399
0.371361
0.0959045
0.662
0.10678
0.192843
0.213672
0.21145
0.632737
0.43952
0.0668707
0.131068
0.662
0.306506
0.0598737
0.127223
0.194695
0.421502
0.416867
0.255099
0.412714
0.305989
0.254605
0.053676
0.0838909
0.662
0.338972
0.41952
0.166456
0.344435
0.111883
0.0522826
0.325703
0.362175
0.0435164
0.662
0.512828
0.185673
0.0942689
0.267788
0.662
0.177145
0.448176
0.151165
0.243011
0.0877759
0.210604
0.441155
0.139485
0.253658
0.0532389
0.0480294
0.186288
0.325703
0.46378
0.662
0.06162
0.0639254
0.0251555
0.662
0.179783
0.208812
0.648307
0.127791
0.662
0.549963
0.289962
0.0901983
0.245784
0.252467
0.49743
0.108353
0.271271
0.0612829
0.121102
0.450288
0.662
0.26665
0.110467
0.226983
0.662
0.662
0.662
0.465389
0.431283
0.528369
0.228619
0.373432
0.109151
0.662
0.155725
0.0701821
0.386244
0.156473
0.35213
0.166277
0.36071
0.35727
0.410293
0.0945037
0.102057
0.504992
0.662
0.159165
0.223887
0.662
0.662
0.0275677
0.0893054
0.544911
0.0537617
0.662
0.220632
0.0605574
0.38065
0.350889
0.573957
0.0782406
0.662
0.662
0.273063
0.20892
0.26806
0.028383
0.478647
0.144846
0.101986
0.662
0.46171
0.222779
0.662
0.350713
0.270781
0.163938
0.183866
0.214666
0.250793
0.123009
0.662
0.375846
0.234965
0.238126
0.256186
0.160764
0.0533451
0.509435
0.287507
0.662
0.118451
0.0546677
0.162596
0.0735078
0.244099
0.16628
0.17533
0.169065
0.319035
0.268293
0.277152
0.662
0.113636
0.201499
0.177633
0.332321
0.146292
0.153149
0.186494
0.470044
0.0974707
0.160624
0.149399
0.0770147
0.42422
0.0835501
0.261428
0.169829
0.370701
0.221225
0.562977
0.278413
0.106521
0.131404
0.0663739
0.432262
0.662
0.452863
0.662
0.12468
0.052454
0.0801178
0.662
0.662
0.125087
0.662
0.0265654
0.662
0.291366
0.525703
0.662
0.189289
0.483969
0.122022
0.359798
0.0638604
0.515057
0.662
0.662
0.268109
0.607436
0.124453
0.123781
0.196916
0.0832761
0.348902
0.600514
0.548867
0.290919
0.170064
0.662
0.191369
0.372125
0.0745223
0.122452
0.115187
0.254
0.424973
0.60912
0.327301
0.165295
0.415815
0.195763
0.0522882
0.381346
0.268246
0.256914
0.356729
0.48287
0.662
0.662
0.121457
0.322664
0.106587
0.27577
0.568824
0.0199428
0.662
0.510208
0.362176
0.549907
0.662
0.243096
0.352234
0.128469
0.437253
0.662
0.4809
0.662
0.382351
0.46315
0.379671
0.662
0.0760955
0.662
0.00552677
0.174343
0.662
0.634939
0.662
0.460012
0.28651
0.455152
0.110299
0.164614
0.259344
0.0943905
0.357577
0.139037
0.210189
0.0941297
0.261483
0.347701
0.0542138
0.276365
0.358075
0.201081
0.37717
0.223056
0.541594
0.662
0.258939
0.0939843
0.157232
0.420465
0.0877414
0.401817
0.662
0.662
0.338552
0.614889
0.0716379
0.26811
0.117026
0.276756
0.662
0.0452223
0.108928
0.54554
0.410116
0.275951
0.15219
0.625587
0.353642
0.288574
0.242328
0.159603
0.138657
0.18124
0.442744
0.662
0.147788
0.311322
0.0917278
0.127944
0.153854
0.0877775
0.19015
0.0304492
0.219427
0.300399
0.0515167
0.294297
0.170296
0.154614
0.662
0.34203
0.424437
0.176276
0.00167695
0.660923
0.198219
0.192617
0.662
0.662
0.308512
0.0768438
0.662
0.125689
0.662
0.662
0.662
0.376723
0.0563402
0.117349
0.355546
0.437568
0.129999
0.0942226
0.338708
0.662
0.192358
0.217032
0.127463
0.496913
0.192031
0.465187
0.415593
0.662
0.662
0.222619
0.0777554
0.366418
0.662
0.662
0.336473
0.0430124
0.032992
0.0898789
0.0682339
0.662
0.497294
0.348332
0.472047
0.662
0.662
0.662
0.516055
0.280271
0.0853405
0.414324
0.109858
0.0315457
0.124159
0.1142
0.662
0.343456
0.287825
0.087202
0.193021
0.662
0.662
0.415889
0.304922
0.662
0.179289
0.0142548
0.422479
0.342494
0.112035
0.416545
0.662
0.11247
0.199169
0.662
0.662
0.108056
0.662
0.526819
0.131198
0.211755
0.176594
0.276614
0.511988
0.556346
0.662
0.230356
0.0768857
0.241788
0.662
0.602089
0.0228651
0.0974584
0.165128
0.323345
0.142628
0.418591
0.662
0.0943455
0.62822
0.0766716
0.215004
0.662
0.245538
0.0828903
0.236807
0.137661
0.0526152
0.662
0.332686
0.645111
0.0862021
0.335228
0.662
0.110232
0.191899
0.280958
0.166997
0.177982
0.240374
0.662
0.199808
0.277631
0.415519
0.662
0.222297
0.365231
0.0586694
0.177454
0.662
0.543074
0.229847
0.662
0.220492
0.104077
0.167126
0.158044
0.179897
0.121951
0.193566
0.455207
0.024352
0.276306
0.443597
0.547872
0.427218
0.355295
0.236817
0.301371
0.105376
0.662
0.292817
0.662
0.246043
0.258673
0.138164
0.111027
0.267379
0.265567
0.314533
0.169672
0.33381
0.199062
0.333882
0.201867
0.0522538
0.171258
0.0855703
0.385874
0.662
0.441471
0.230868
0.617663
0.201267
0.170405
0.0723861
0.0623551
0.35786
0.159408
0.662
0.662
0.662
0.662
0.125107
0.567493
0.169105
0.408269
0.136667
0.662
0.662
0.0888851
0.327856
0.207783
0.140679
0.271605
0.178606
0.662
0.153208
0.263472
0.356801
0.406312
0.316319
0.662
0.0697117
0.620425
0.197372
0.0776949
0.662
0.191966
0.0208582
0.0679607
0.381647
0.257011
0.0856153
0.662
0.518007
0.194684
0.263927
0.124674
0.211487
0.0901159
0.283104
0.287651
0.361864
0.262623
0.279046
0.477676
0.274125
0.662
0.331223
0.0692749
0.593912
0.576929
0.182323
0.0206518
0.13544
0.662
0.373252
0.206533
0.662
0.136357
0.23468
0.41284
0.28434
0.662
0.497894
0.220253
0.144418
0.168462
0.662
0.662
0.662
0.185567
0.427352
0.106878
0.236151
0.167429
0.172253
0.19922
0.103404
0.267138
0.662
0.416993
0.118328
0.255344
0.189208
0.662
0.168933
0.190928
0.131118
0.501604
0.317685
0.662
0.22919
0.501032
0.293353
0.541873
0.0773346
0.355432
0.291913
0.21471
0.437767
0.0806612
0.154371
0.0704429
0.662
0.276657
0.218081
0.564801
0.212828
0.662
0.2884
0.0634272
0.098639
0.154784
0.662
0.0945638
0.516066
0.0837125
0.192221
0.272749
0.130957
0.111709
0.156339
0.26349
0.0684919
0.456393
0.662
0.662
0.61644
0.0938045
0.662
0.546582
0.34833
0.0810002
0.662
0.307992
0.479824
0.27149
0.0470517
0.201228
0.172576
0.492362
0.161906
0.149913
0.0665338
0.590343
0.656085
0.17528
0.126237
0.265466
0.168236
0.662
0.124436
0.662
0.289488
0.0346692
0.110921
0.662
0.121165
0.333383
0.659014
0.108757
0.662
0.60002
0.662
0.154364
0.662
0.0846646
0.224588
0.114211
0.142242
0.246449
0.124366
0.0744187
0.33588
0.295726
0.623155
0.662
0.161253
0.20908
0.662
0.232639
0.257384
0.662
0.124094
0.662
0.0543348
0.662
0.210168
0.641088
0.387357
0.291809
0.18771
0.219921
0.235605
0.590079
0.662
0.662
0.0675771
0.339351
0.407318
0.662
0.257727
0.0879912
0.0836033
0.361026
0.662
0.0463297
0.0784165
0.48813
0.415614
0.380318
0.199792
0.662
0.110335
0.662
0.557368
0.300759
0.662
0.0492291
0.0247434
0.40623
0.246787
0.215091
0.226181
0.404681
0.431798
0.259768
0.213609
0.112876
0.662
0.205862
0.662
0.132899
0.194827
0.467995
0.662
0.546256
0.412994
0.133716
0.662
0.381813
0.46493
0.198994
0.0162988
0.131595
0.168171
0.233898
0.0708722
0.305862
0.662
0.662
0.662
0.0621524
0.662
0.236708
0.24704
0.00488269
0.433679
0.112694
0.40712
0.662
0.662
0.0867349
0.127087
0.497449
0.0993357
0.468915
0.0781847
0.157435
0.649608
0.0650914
0.127447
0.342406
0.137067
0.168057
0.319227
0.17665
0.260536
0.0800779
0.352102
0.202339
0.311547
0.0938875
0.544215
0.243051
0.211932
0.662
0.215056
0.462838
0.147337
0.121846
0.303782
0.117874
0.0844358
0.0824648
0.259642
0.662
0.662
0.280188
0.163815
0.139998
0.64311
0.662
0.197338
0.347208
0.662
0.11026
0.0131324
0.491076
0.280272
0.099261
0.662
0.103867
0.662
0.0434463
0.207546
0.312746
0.175822
0.272838
0.662
0.662
0.158265
0.662
0.105126
0.10012
0.0916065
0.140876
0.130599
0.238615
0.308724
0.313398
0.275534
0.348686
0.662
0.452298
0.662
0.127961
0.608742
0.112364
0.662
0.260287
0.521135
0.563339
0.449904
0.662
0.0577215
0.148375
0.243536
0.144927
0.260896
0.238499
0.317419
0.606022
0.569207
0.0612445
0.145926
0.235283
0.662
0.435936
0.0642777
0.409165
0.00377743
0.246067
0.0698908
0.662
0.468953
0.344616
0.110326
0.4571
0.662
0.662
0.114411
0.168502
0.0556311
0.636659
0.330153
0.662
0.662
0.662
0.662
0.2137
0.2375
0.248143
0.106159
0.269267
0.165996
0.10873
0.662
0.263711
0.662
0.0431545
0.0804936
0.634375
0.262943
0.118859
0.115141
0.0680436
0.662
0.0599409
0.127705
0.462371
0.329707
0.295015
0.662
0.0559696
0.14723
0.266699
0.452791
0.11435
0.230506
0.0742887
0.350757
0.662
0.195742
0.423462
0.335782
0.0877564
0.021401
0.289567
0.243557
0.37448
0.0928229
0.401161
0.153451
0.122984
0.226938
0.366009
0.0419248
0.11274
0.662
0.120126
0.662
0.0696822
0.0829943
0.662
0.280158
0.281965
0.201472
0.180332
0.120891
0.662
0.38326
0.178486
0.202296
0.154396
0.157273
0.129554
0.423712
0.0810938
0.568783
0.232218
0.104388
0.15198
0.289814
0.152527
0.132291
0.277884
0.209921
0.203321
0.177658
0.662
0.153716
0.314826
0.0593384
0.343995
0.662
0.206041
0.196373
0.662
0.0566867
0.21221
0.192777
0.253671
0.0581499
0.650971
0.278097
0.00473575
0.0716179
0.290082
0.662
0.141823
0.0635279
0.0978623
0.662
0.319266
0.662
0.128934
0.100548
0.292014
0.105807
0.0976064
0.307635
0.482512
0.151527
0.473335
0.449188
0.186034
0.662
0.662
0.25449
0.662
0.0697055
0.214392
0.0544355
0.320104
0.0617907
0.643589
0.346377
0.551656
0.10259
0.0726171
0.257179
0.210695
0.662
0.354555
0.203318
0.199483
0.0256116
0.0677736
0.100467
0.662
0.126228
0.483804
0.273729
0.139881
0.0418329
0.176893
0.0546706
0.314798
0.450506
0.289839
0.662
0.662
0.361397
0.662
0.35434
0.570461
0.0205256
0.134899
0.141128
0.0746438
0.277872
0.192173
0.165765
0.535048
0.468501
0.662
0.121019
0.241022
0.662
0.131072
0.528942
0.191365
0.662
0.149517
0.0427603
0.348601
0.172279
0.660394
0.0202743
0.268488
0.438187
0.209758
0.258038
0.120133
0.0543856
0.585495
0.227109
0.0224219
0.498659
0.139213
0.105195
0.156993
0.14384
0.49566
0.358766
0.252504
0.662
0.224557
0.0480355
0.296459
0.262146
0.662
0.106029
0.283283
0.662
0.237704
0.558361
0.0398448
0.106164
0.662
0.37291
0.094364
0.0380363
0.324669
0.644455
0.275888
0.662
0.0721664
0.053497
0.0974205
0.382142
0.112331
0.662
0.662
0.116392
0.120683
0.0723809
0.662
0.662
0.287752
0.446493
0.411596
0.368342
0.133686
0.457504
0.264758
0.0195639
0.121904
0.391951
0.16524
0.239545
0.0279638
0.411373
0.399152
0.124867
0.288618
0.662
0.168519
0.662
0.300058
0.236534
0.662
0.161779
0.455996
0.662
0.118735
0.113715
0.291974
0.662
0.048638
0.0114898
0.662
0.353006
0.0458647
0.243676
0.198483
0.0278851
0.31341
0.121516
0.100864
0.165762
0.510183
0.662
0.573659
0.225439
0.122823
0.492923
0.459228
0.212445
0.662
0.462074
0.132035
0.0747304
0.199669
0.319847
0.404218
0.285719
0.298612
0.25153
0.0596475
0.348929
0.635629
0.456362
0.0952256
0.0274226
0.491299
0.270301
0.609831
0.38374
0.119384
0.18039
0.0878544
0.381479
0.208102
0.6461
0.0217694
0.310564
0.0372523
0.662
0.28592
0.0998294
0.662
0.662
0.662
0.161378
0.0334357
0.183982
0.203011
0.620109
0.147588
0.662
0.516651
0.12319
0.204252
0.662
0.154815
0.401059
0.24397
0.242274
0.0412153
0.346197
0.0172428
0.538425
0.355908
0.434587
0.294437
0.33423
0.261689
0.0524676
0.662
0.252203
0.102373
0.59693
0.0662702
0.344795
0.490015
0.150929
0.188677
0.588608
0.200175
0.083015
0.286673
0.254727
0.539534
0.284576
0.207081
0.292396
0.129487
0.142194
0.399386
0.573217
0.0762681
0.22556
0.0501801
0.305684
0.548812
0.177145
0.180722
0.253149
0.189681
0.427421
0.50878
0.623516
0.215451
0.662
0.44652
0.0749312
0.447987
0.662
0.123976
0.334163
0.329932
0.155122
0.662
0.662
0.351998
0.279082
0.297389
0.14404
0.152484
0.0807904
0.662
0.159301
0.662
0.20348
0.193651
0.606829
0.205133
0.662
0.203853
0.215878
0.0582687
0.206366
0.21002
0.159727
0.0676141
0.398523
0.459916
0.53066
0.662
0.202754
0.13914
0.462305
0.134653
0.662
0.431767
0.162855
0.175752
0.640054
0.0686331
0.662
0.662
0.0444688
0.507888
0.160188
0.164987
0.100599
0.197569
0.0591557
0.0518969
0.307488
0.556792
0.214986
0.103134
0.103683
0.456476
0.126207
0.662
0.221506
0.125287
0.0575044
0.614439
0.646527
0.143854
0.342635
0.390464
0.232404
0.127313
0.0867152
0.254882
0.662
0.0745576
0.176654
0.214376
0.124745
0.0563464
0.282337
0.0817444
0.165288
0.0499558
0.447496
0.627334
0.293812
0.662
0.444913
0.392587
0.32727
0.282847
0.0242094
0.136639
0.466753
0.0708394
0.111152
0.303577
0.388943
0.323367
0.276806
0.662
0.155407
0.527183
0.398433
0.190202
0.122024
0.0936658
0.662
0.662
0.487325
0.64003
0.22083
0.527467
0.638001
0.0849989
0.490096
0.163974
0.22774
0.662
0.109112
0.189083
0.345536
0.237504
0.662
0.48328
0.280828
0.358141
0.0696459
0.393111
0.0437369
0.0829063
0.283208
0.498458
0.304046
0.147631
0.662
0.152367
0.662
0.662
0.537252
0.662
0.064563
0.501999
0.662
0.0780354
0.662
0.121825
0.662
0.121882
0.19929
0.103365
0.0259021
0.22352
0.0800307
0.604361
0.165354
0.662
0.125237
0.313529
0.177038
0.00931692
0.662
0.594077
0.571907
0.662
0.107693
0.495626
0.222131
0.313196
0.338485
0.206587
0.0963417
0.619103
0.662
0.662
0.0547857
0.076457
0.298015
0.247548
0.365203
0.178351
0.125296
0.179727
0.111424
0.273925
0.662
0.662
0.33194
0.137784
0.396198
0.352735
0.277017
0.322282
0.187983
0.166582
0.351382
0.286772
0.166311
0.662
0.0500144
0.662
0.563705
0.117038
0.252079
0.662
0.402075
0.551914
0.448228
0.266494
0.255707
0.662
0.128836
0.424524
0.0842476
0.118205
0.662
0.662
0.539405
0.504565
0.423276
0.234827
0.0523794
0.112355
0.438304
0.0703591
0.0970741
0.662
0.199453
0.517305
0.109501
0.0585541
0.167255
0.422147
0.15048
0.0210672
0.244723
0.662
0.197284
0.35801
0.662
0.155561
0.662
0.264637
0.662
0.0688296
0.158767
0.123168
0.256184
0.263201
0.382467
0.599976
0.662
0.530739
0.19879
0.662
0.0880498
0.415295
0.378721
0.127744
0.316574
0.0892166
0.249798
0.662
0.179729
0.150603
0.0966626
0.345853
0.446844
0.261505
0.662
0.662
0.0493496
0.498738
0.325803
0.310567
0.410267
0.628499
0.494837
0.222385
0.35322
0.210854
0.580705
0.604229
0.283006
0.0808875
0.227994
0.0346662
0.239958
0.662
0.0897335
0.662
0.662
0.461269
0.0243902
0.662
0.198615
0.112501
0.423047
0.0846274
0.390951
0.080157
0.256528
0.411517
0.174873
0.389539
0.662
0.0976223
0.155979
0.238394
0.159949
0.538829
0.152759
0.662
0.662
0.470323
0.065329
0.0819575
0.5008
0.662
0.662
0.191291
0.167022
0.276499
0.268227
0.230916
0.313505
0.211658
0.150307
0.112665
0.0589971
0.205219
0.644997
0.148707
0.220504
0.356792
0.0724204
0.562009
0.399404
0.082218
0.424716
0.662
0.216084
0.511305
0.0997043
0.175518
0.32518
0.13959
0.142173
0.0679804
0.105493
0.287548
0.0938143
0.0970064
0.213608
0.0861743
0.662
0.0811176
0.346049
0.0743509
0.247803
0.192711
0.0417152
0.254646
0.37665
0.176295
0.247527
0.145529
0.199953
0.662
0.0973509
0.0194375
0.239004
0.402868
0.297938
0.301817
0.223512
0.288871
0.491217
0.191205
0.232296
0.372728
0.0848704
0.662
0.196916
0.465668
0.151922
0.503332
0.316617
0.627855
0.341734
0.294299
0.545309
0.227865
0.662
0.1824
0.156001
0.662
0.204105
0.221832
0.362788
0.227733
0.111922
0.200638
0.0539321
0.116745
0.29964
0.0818435
0.662
0.651869
0.57887
0.220542
0.00498036
0.180324
0.13283
0.634527
0.191731
0.662
0.246607
0.0444595
0.07218
0.164573
0.327893
0.662
0.662
0.402187
0.229598
0.277107
0.172699
0.623173
0.0142713
0.327233
0.662
0.317528
0.515792
0.322543
0.403149
0.269148
0.662
0.225879
0.132402
0.559096
0.111549
0.213394
0.219496
0.137078
0.0594019
0.662
0.355877
0.317162
0.502795
0.662
0.224308
0.372614
0.153023
0.662
0.662
0.121989
0.111991
0.47234
0.28419
0.260786
0.662
0.662
0.047323
0.105517
0.662
0.0730008
0.27371
0.125363
0.662
0.154767
0.115998
0.0889375
0.662
0.12782
0.0901949
0.662
0.330411
0.134833
0.662
0.662
0.0529344
0.0317044
0.662
0.662
0.231744
0.106323
0.129346
0.534557
0.662
0.644533
0.393768
0.381304
0.188336
0.1888
0.199307
0.199933
0.46482
0.662
0.0179759
0.288577
0.341907
0.391005
0.119437
0.108424
0.428092
0.660456
0.662
0.08419
0.0572046
0.600831
0.662
0.662
0.340033
0.253967
0.0214422
0.272255
0.193002
0.270804
0.160581
0.311025
0.3386
0.16798
0.662
0.224568
0.662
0.427767
0.191335
0.653854
0.20336
0.105784
0.136574
0.109277
0.192525
0.0728498
0.129435
0.662
0.244231
0.198075
0.53241
0.598856
0.503859
0.261719
0.0841073
0.136301
0.044503
0.104195
0.662
0.448858
0.0738657
0.0905759
0.662
0.143304
0.223369
0.657532
0.173743
0.200461
0.662
0.303808
0.662
0.662
0.228934
0.069508
0.466758
0.0761687
0.314379
0.256799
0.152908
0.109399
0.662
0.0545561
0.662
0.353717
0.547771
0.187125
0.0589198
0.662
0.0969756
0.442397
0.117297
0.662
0.662
0.123403
0.0746631
0.234602
0.0717768
0.17034
0.331447
0.0906714
0.137452
0.662
0.662
0.182914
0.662
0.662
0.0916334
0.662
0.104107
0.662
0.124329
0.425959
0.645181
0.599195
0.662
0.639926
0.0870648
0.662
0.101841
0.266327
0.662
0.662
0.470483
0.13434
0.265891
0.558866
0.0777648
0.143048
0.662
0.103913
0.117647
0.254722
0.0879731
0.165698
0.662
0.304271
0.301468
0.137361
0.117823
0.139878
0.231845
0.662
0.312232
0.662
0.662
0.145606
0.279434
0.153125
0.662
0.242266
0.100344
0.173152
0.662
0.289401
0.550189
0.229026
0.285221
0.465483
0.278249
0.662
0.123475
0.662
0.538382
0.301127
0.193725
0.662
0.10725
0.178966
0.0557719
0.662
0.393708
0.139006
0.162938
0.462689
0.170226
0.301105
0.443251
0.662
0.0609926
0.137425
0.418982
0.0724227
0.155997
0.224189
0.583969
0.429972
0.384766
0.321751
0.388591
0.116017
0.384987
0.334839
0.662
0.612032
0.145067
0.662
0.631796
0.662
0.06357
0.135077
0.662
0.576769
0.142964
0.424873
0.16266
0.382761
0.369968
0.46178
0.662
0.662
0.181688
0.235777
0.0740687
0.397362
0.440742
0.448804
0.10088
0.662
0.162402
0.2483
0.286645
0.112565
0.655457
0.421552
0.423428
0.428254
0.0893859
0.497977
0.483105
0.116979
0.423127
0.662
0.313343
0.0582392
0.574245
0.28047
0.662
0.197459
0.329214
0.109827
0.334202
0.119311
0.24054
0.194347
0.662
0.207181
0.417527
0.662
0.332923
0.662
0.0973189
0.524055
0.662
0.132469
0.268484
0.0827919
0.0966804
0.228953
0.33015
0.226268
0.129711
0.662
0.662
0.662
0.373074
0.662
0.172898
0.170682
0.662
0.374499
0.505063
0.12472
0.109726
0.119974
0.0660315
0.359563
0.0541414
0.261419
0.212804
0.391648
0.205927
0.662
0.662
0.0891315
0.10494
0.662
0.662
0.250799
0.0742635
0.369812
0.0990497
0.662
0.339831
0.163691
0.0596275
0.193185
0.319614
0.0165659
0.173085
0.662
0.227955
0.0613904
0.138673
0.151594
0.565597
0.219437
0.204435
0.149803
0.650101
0.622843
0.304953
0.273066
0.662
0.662
0.070134
0.0576907
0.529555
0.197739
0.445916
0.662
0.065889
0.0802451
0.662
0.662
0.477962
0.662
0.092936
0.0320031
0.145468
0.0683057
0.145151
0.196779
0.320571
0.0359815
0.190105
0.0729756
0.662
0.473126
0.481357
0.371353
0.0905369
0.155265
0.185548
0.662
0.0900794
0.441349
0.451792
0.193292
0.223551
0.540017
0.352141
0.573642
0.0957254
0.38575
0.183352
0.123623
0.662
0.388862
0.16739
0.35747
0.262191
0.121244
0.662
0.106945
0.0819259
0.425528
0.662
0.0622292
0.662
0.330518
0.058512
0.662
0.450391
0.662
0.0486643
0.0390092
0.180776
0.504468
0.0947767
0.197465
0.574851
0.177352
0.386816
0.662
0.633853
0.116345
0.573677
0.245529
0.510909
0.662
0.307505
0.215654
0.0694034
0.247618
0.317594
0.245235
0.0942775
0.103384
0.637765
0.0909258
0.530188
0.333591
0.404467
0.191636
0.00875241
0.108271
0.387616
0.102349
0.269849
0.043162
0.217142
0.625919
0.662
0.589933
0.662
0.365199
0.132873
0.207023
0.413936
0.114273
0.284218
0.119381
0.369324
0.422563
0.110887
0.330396
0.116803
0.662
0.662
0.421427
0.125733
0.662
0.329575
0.079006
0.596739
0.662
0.196356
0.0292889
0.135545
0.433153
0.118441
0.191447
0.474018
0.0362948
0.112443
0.322463
0.570977
0.0571944
0.069993
0.0869337
0.289615
0.110347
0.155073
0.351711
0.0287375
0.662
0.507914
0.217983
0.662
0.141352
0.220016
0.117771
0.473907
0.130469
0.662
0.181225
0.585186
0.344119
0.59612
0.166434
0.151351
0.0512874
0.544008
0.030813
0.0859346
0.516606
0.0604228
0.593526
0.662
0.231377
0.166185
0.662
0.506271
0.251587
0.662
0.178864
0.662
0.662
0.135751
