0.662
0.662
0.33556
0.276646
0.0729771
0.331967
0.386015
0.180973
0.571922
0.374219
0.662
0.662
0.662
0.0482332
0.662
0.252764
0.358503
0.421193
0.46202
0.0453227
0.448843
0.370002
0.209978
0.519094
0.662
0.121819
0.397681
0.662
0.43405
0.0277905
0.0750467
0.540409
0.429644
0.10416
0.352979
0.662
0.0997722
0.0840347
0.662
0.662
0.195484
0.175183
0.0351757
0.517925
0.662
0.29086
0.184082
0.662
0.0548983
0.424248
0.0993149
0.162623
0.300355
0.662
0.0860331
0.0319209
0.662
0.188358
0.333579
0.0804104
0.20359
0.0593024
0.0675668
0.662
0.662
0.662
0.138632
0.191332
0.0311973
0.0788446
0.0599382
0.114606
0.163844
0.320583
0.448085
0.0311155
0.460665
0.405388
0.662
0.225728
0.199229
0.291637
0.662
0.246231
0.301179
0.119648
0.343984
0.197798
0.662
0.107596
0.662
0.339519
0.116693
0.090472
0.261829
0.662
0.0922823
0.514855
0.108767
0.329811
0.373489
0.0711739
0.662
0.301309
0.0544171
0.367296
0.474409
0.134664
0.662
0.16215
0.543138
0.662
0.662
0.662
0.274954
0.435358
0.0550888
0.352188
0.215756
0.662
0.0351781
0.258236
0.365842
0.304544
0.662
0.626953
0.403363
0.627831
0.662
0.188658
0.321021
0.445149
0.126951
0.662
0.243542
0.15126
0.333705
0.243857
0.14032
0.299118
0.131104
0.240643
0.662
0.44093
0.256728
0.22506
0.31144
0.388217
0.0359521
0.662
0.330104
0.603817
0.106164
0.171769
0.152467
0.20042
0.459665
0.163678
0.662
0.549256
0.565433
0.069516
0.280331
0.622483
0.110052
0.389519
0.121882
0.425455
0.0887554
0.233083
0.184825
0.406359
0.248679
0.637918
0.190016
0.500963
0.428819
0.310043
0.0747176
0.224136
0.647335
0.0617223
0.374739
0.0121499
0.121583
0.564198
0.0546127
0.390504
0.355131
0.185561
0.340249
0.630466
0.412224
0.0865829
0.662
0.452164
0.253497
0.444199
0.0555087
0.662
0.180647
0.173272
0.0703517
0.0849158
0.135453
0.139608
0.18223
0.0962405
0.397109
0.0570753
0.208142
0.0734306
0.599578
0.305344
0.461294
0.127604
0.11001
0.180843
0.0816475
0.662
0.662
0.354562
0.220719
0.662
0.43654
0.653674
0.662
0.326389
0.106435
0.662
0.0561051
0.262745
0.222902
0.0413755
0.662
0.127709
0.0585591
0.662
0.214029
0.628361
0.662
0.321123
0.405075
0.0184736
0.0680274
0.41166
0.515186
0.256157
0.0896778
0.356175
0.51631
0.0782737
0.383034
0.472947
0.328246
0.298231
0.277264
0.401129
0.237725
0.0807037
0.465849
0.662
0.173706
0.182263
0.662
0.0909962
0.221265
0.0961255
0.143336
0.206206
0.523227
0.267903
0.662
0.662
0.0790716
0.368155
0.143307
0.662
0.219981
0.662
0.452099
0.450253
0.211807
0.222164
0.180888
0.215052
0.0842958
0.129591
0.535431
0.104426
0.148985
0.351704
0.444005
0.177115
0.242171
0.261078
0.00367745
0.662
0.105222
0.119529
0.0687157
0.251262
0.18936
0.659624
0.165595
0.349523
0.662
0.211678
0.16291
0.662
0.324071
0.406133
0.452929
0.499546
0.115491
0.662
0.290845
0.234502
0.662
0.326178
0.525664
0.0576458
0.0981805
0.662
0.662
0.662
0.0471154
0.0565493
0.617544
0.200807
0.0123949
0.174592
0.211661
0.0587048
0.196529
0.0313952
0.0204076
0.161111
0.601224
0.24312
0.0479641
0.512545
0.169626
0.408566
0.169412
0.177866
0.266333
0.457129
0.0158469
0.451834
0.0561251
0.372573
0.418531
0.130399
0.662
0.662
0.662
0.21468
0.00890622
0.0712707
0.0522116
0.0563863
0.548834
0.214301
0.662
0.445329
0.0616287
0.0965858
0.374045
0.207419
0.408173
0.662
0.0448993
0.229932
0.193721
0.459488
0.278233
0.238756
0.14136
0.173081
0.132664
0.0754776
0.0856297
0.0673611
0.662
0.327001
0.164071
0.163184
0.068696
0.604638
0.167301
0.662
0.5738
0.662
0.231959
0.0877907
0.498596
0.239248
0.662
0.0218678
0.0401774
0.662
0.137651
0.237236
0.290884
0.305294
0.0158253
0.24032
0.186744
0.192332
0.213161
0.100484
0.236908
0.179815
0.35229
0.18861
0.139011
0.662
0.098345
0.117373
0.642599
0.151868
0.1147
0.360095
0.438057
0.662
0.501995
0.662
0.662
0.0763999
0.412099
0.0414826
0.117115
0.662
0.0783571
0.267549
0.546178
0.157681
0.123839
0.570541
0.596421
0.662
0.662
0.151123
0.398046
0.23928
0.208663
0.118755
0.662
0.205281
0.528029
0.49843
0.662
0.477302
0.153409
0.130447
0.227208
0.490415
0.157089
0.0768356
0.113074
0.0568298
0.406719
0.445791
0.662
0.335059
0.17232
0.129334
0.211215
0.662
0.194001
0.340061
0.662
0.377946
0.0847907
0.0904466
0.0741506
0.662
0.449859
0.180602
0.161146
0.286669
0.0579425
0.112821
0.405261
0.0605285
0.641561
0.0641103
0.232721
0.662
0.552317
0.170662
0.451893
0.662
0.218933
0.345065
0.444945
0.122445
0.285911
0.196692
0.577754
0.472431
0.514327
0.448968
0.0375843
0.593151
0.0444988
0.106758
0.0235194
0.416364
0.662
0.305193
0.321731
0.311886
0.140008
0.116418
0.0515474
0.424869
0.0927648
0.186378
0.121541
0.286244
0.662
0.662
0.354703
0.662
0.081668
0.0822169
0.0539299
0.197641
0.32705
0.1914
0.402044
0.372608
0.0928547
0.246057
0.444174
0.0727642
0.411543
0.662
0.336612
0.26489
0.587018
0.0707447
0.662
0.367079
0.343522
0.662
0.222757
0.0466757
0.540602
0.0417632
0.662
0.482797
0.381692
0.132959
0.0743332
0.478601
0.26632
0.662
0.324535
0.662
0.0219243
0.0164246
0.662
0.662
0.252228
0.0251246
0.103219
0.662
0.166882
0.050648
0.0964108
0.169593
0.570945
0.132035
0.185094
0.314783
0.110682
0.242752
0.39057
0.269579
0.0746419
0.0272704
0.0421462
0.0208436
0.1801
0.103231
0.346332
0.0711214
0.203222
0.0578845
0.0597202
0.0999628
0.59477
0.109741
0.662
0.459232
0.662
0.110012
0.604759
0.194067
0.469406
0.284821
0.441596
0.287256
0.127613
0.292504
0.00716641
0.662
0.456217
0.618911
0.049238
0.485798
0.662
0.142318
0.126544
0.662
0.0792467
0.135078
0.646335
0.578479
0.662
0.194656
0.163516
0.0598161
0.146856
0.161484
0.657105
0.0849059
0.0120369
0.0777216
0.662
0.206267
0.425462
0.0533207
0.0957849
0.278253
0.13585
0.0908184
0.383762
0.3092
0.110219
0.116203
0.662
0.510421
0.264116
0.204023
0.311486
0.218539
0.116186
0.133939
0.0196579
0.119432
0.333377
0.363303
0.142375
0.216854
0.205727
0.184932
0.116333
0.11547
0.530028
0.0777088
0.425237
0.13836
0.286318
0.662
0.409486
0.640616
0.155112
0.192001
0.190722
0.000869955
0.108585
0.662
0.662
0.199945
0.414773
0.171136
0.228933
0.650633
0.300561
0.0388435
0.407034
0.304914
0.201221
0.0541711
0.662
0.283826
0.162088
0.103113
0.149046
0.242491
0.218259
0.111261
0.334655
0.105214
0.612898
0.480573
0.451054
0.244321
0.310478
0.0941594
0.0466226
0.533944
0.108059
0.232991
0.662
0.177136
0.375731
0.0722514
0.423614
0.287907
0.662
0.492288
0.186801
0.195282
0.2273
0.389659
0.407705
0.662
0.0415285
0.159481
0.525414
0.115647
0.359126
0.662
0.147697
0.232364
0.324715
0.662
0.357044
0.184599
0.662
0.233597
0.0314137
0.274987
0.436997
0.631811
0.129038
0.662
0.0397697
0.250015
0.0916176
0.0778245
0.0966661
0.194038
0.196407
0.662
0.662
0.536126
0.662
0.176214
0.542026
0.186529
0.135521
0.39667
0.20472
0.208857
0.662
0.210093
0.154726
0.379618
0.126753
0.662
0.486755
0.192276
0.0756216
0.347034
0.627965
0.451436
0.116242
0.257177
0.365368
0.448165
0.0520124
0.163039
0.662
0.105693
0.662
0.0318733
0.0769517
0.0788432
0.45388
0.249248
0.086347
0.296567
0.478894
0.0408906
0.431921
0.662
0.662
0.191711
0.193905
0.0864872
0.32857
0.111375
0.140323
0.375803
0.164482
0.259951
0.197658
0.43276
0.200908
0.556663
0.662
0.657421
0.0818373
0.242572
0.221569
0.619306
0.223298
0.31357
0.055216
0.147197
0.350792
0.0757294
0.116302
0.0482454
0.212193
0.662
0.0393628
0.213722
0.313435
0.662
0.308122
0.601412
0.662
0.230667
0.662
0.329576
0.192256
0.082419
0.0109948
0.662
0.24933
0.0966556
0.548379
0.0185345
0.173387
0.284572
0.662
0.367143
0.194155
0.279185
0.479141
0.430641
0.419639
0.662
0.662
0.172307
0.0629908
0.114129
0.0535207
0.134142
0.325363
0.443708
0.221431
0.206345
0.164989
0.0420739
0.662
0.298884
0.112265
0.531903
0.370029
0.291526
0.370401
0.114518
0.662
0.38205
0.171965
0.662
0.662
0.0948681
0.468202
0.319604
0.109593
0.256216
0.0877052
0.370802
0.0613344
0.472476
0.130224
0.48266
0.156247
0.437134
0.046414
0.189309
0.479361
0.325923
0.157287
0.0319481
0.370513
0.229143
0.386848
0.173223
0.579276
0.0350543
0.630514
0.547853
0.122457
0.425821
0.399794
0.231429
0.186895
0.214793
0.662
0.58969
0.150402
0.447014
0.315563
0.0851681
0.0469912
0.406984
0.198832
0.0973485
0.662
0.194864
0.102486
0.662
0.662
0.112288
0.169516
0.2697
0.662
0.348484
0.133577
0.221659
0.00185346
0.345301
0.0732558
0.0562957
0.180962
0.500516
0.146866
0.139201
0.218604
0.113415
0.12501
0.561559
0.264181
0.0734612
0.128424
0.237195
0.30355
0.0870962
0.0847659
0.0924518
0.184454
0.662
0.0988665
0.0830825
0.662
0.0492598
0.444053
0.169016
0.0939535
0.0635653
0.662
0.407362
0.0835977
0.0198776
0.232836
0.102897
0.141715
0.191664
0.437358
0.662
0.234779
0.0752429
0.554597
0.662
0.0854346
0.0391624
0.186005
0.209985
0.449992
0.239373
0.00290199
0.578681
0.0921278
0.143449
0.075073
0.662
0.443514
0.387201
0.662
0.0799075
0.34333
0.328703
0.652593
0.294561
0.413983
0.442451
0.662
0.21349
0.316634
0.537587
0.233993
0.240078
0.204723
0.662
0.204753
0.221422
0.541553
0.23536
0.0876154
0.662
0.231563
0.576946
0.359102
0.136112
0.32142
0.0580109
0.662
0.38645
0.141106
0.662
0.607521
0.063975
0.581886
0.408655
0.662
0.198945
0.278329
0.219844
0.662
0.452298
0.301128
0.501077
0.326932
0.662
0.110345
0.0531929
0.102606
0.0513386
0.148897
0.662
0.347426
0.21454
0.662
0.196158
0.177122
0.312035
0.662
0.468439
0.14828
0.330021
0.414913
0.319505
0.480161
0.662
0.662
0.2729
0.18948
0.16102
0.596713
0.0106503
0.15495
0.402779
0.134216
0.472067
0.163306
0.153418
0.217319
0.153163
0.495689
0.172443
0.662
0.423273
0.662
0.662
0.128494
0.109346
0.10222
0.165913
0.148153
0.511502
0.662
0.662
0.0673374
0.0333446
0.239671
0.333542
0.0797307
0.30498
0.393432
0.303757
0.48253
0.089455
0.152719
0.186172
0.274214
0.263835
0.0566246
0.168121
0.536062
0.330195
0.133999
0.0903276
0.111575
0.662
0.269802
0.262347
0.125536
0.307324
0.662
0.116218
0.153496
0.333904
0.392588
0.127804
0.662
0.276579
0.380879
0.0718354
0.157504
0.656532
0.468851
0.478652
0.331672
0.106836
0.238478
0.219466
0.0478245
0.186916
0.200965
0.0149592
0.5897
0.186891
0.044089
0.662
0.662
0.026578
0.609329
0.348233
0.141438
0.377691
0.16694
0.115419
0.290924
0.662
0.230767
0.457822
0.662
0.0299033
0.335713
0.349278
0.372878
0.0777524
0.0963177
0.0649782
0.131748
0.662
0.662
0.145378
0.662
0.241977
0.656019
0.373098
0.0556139
0.0244459
0.116494
0.31311
0.351997
0.585651
0.06125
0.0959776
0.662
0.112119
0.641429
0.662
0.0659737
0.662
0.175315
0.0617104
0.662
0.353158
0.0896337
0.662
0.41392
0.118404
0.0397818
0.0435456
0.0743483
0.141125
0.538033
0.00859222
0.425433
0.275676
0.0813091
0.0883393
0.186245
0.529009
0.246821
0.428727
0.662
0.284216
0.331455
0.349125
0.392734
0.101701
0.116222
0.436913
0.394728
0.210871
0.169405
0.0345056
0.394051
0.662
0.259925
0.357179
0.662
0.213446
0.0806857
0.394001
0.243655
0.37013
0.216452
0.0721239
0.022781
0.212033
0.431763
0.0553446
0.121485
0.0887724
0.0487524
0.0973695
0.662
0.0142093
0.662
0.232904
0.269679
0.339008
0.189724
0.174503
0.245836
0.231451
0.294149
0.11665
0.109307
0.187933
0.182684
0.350167
0.016641
0.0991167
0.231235
0.365663
0.437638
0.662
0.042671
0.452876
0.662
0.0982659
0.332155
0.0997555
0.18689
0.0965125
0.660411
0.189121
0.662
0.662
0.662
0.662
0.348988
0.172508
0.175291
0.0633209
0.635893
0.662
0.272398
0.129634
0.108509
0.662
0.0451171
0.351426
0.0971179
0.625766
0.484131
0.149417
0.215549
0.152847
0.181688
0.105835
0.00252174
0.0841013
0.662
0.102186
0.662
0.027339
0.662
0.168024
0.359801
0.662
0.662
0.125219
0.120576
0.284748
0.662
0.0106882
0.166579
0.167728
0.05611
0.29757
0.435792
0.11459
0.299484
0.0601522
0.146778
0.0686427
0.265348
0.153973
0.0954407
0.247847
0.152584
0.27148
0.0817289
0.662
0.247427
0.662
0.0948537
0.180295
0.410122
0.174253
0.257684
0.273268
0.148168
0.209882
0.580284
0.116642
0.460704
0.237086
0.117684
0.413743
0.28774
0.445847
0.149998
0.662
0.662
0.383831
0.417287
0.212183
0.10661
0.136374
0.662
0.662
0.34855
0.187156
0.347969
0.190732
0.575983
0.163338
0.662
0.00435015
0.167943
0.603417
0.662
0.204822
0.582705
0.233896
0.135763
0.245747
0.129667
0.307712
0.219882
0.234387
0.636819
0.458487
0.10889
0.662
0.176912
0.147511
0.662
0.565931
0.0259967
0.104824
0.243884
0.274412
0.45317
0.132636
0.662
0.662
0.0536325
0.656288
0.071873
0.662
0.101925
0.0474368
0.583107
0.591001
0.118104
0.167253
0.00109946
0.218371
0.16004
0.132851
0.0863845
0.0661372
0.30099
0.348817
0.196869
0.662
0.504209
0.593689
0.662
0.0608252
0.386224
0.304743
0.110905
0.662
0.196148
0.244736
0.114828
0.416132
0.109412
0.499267
0.662
0.394279
0.0590056
0.29025
0.0133056
0.234166
0.230474
0.213935
0.0231351
0.662
0.260728
0.28511
0.135013
0.662
0.159241
0.244238
0.390085
0.0549423
0.136498
0.513394
0.662
0.00188651
0.509252
0.371042
0.662
0.14403
0.0467985
0.131355
0.269351
0.662
0.158273
0.4301
0.132086
0.228754
0.468395
0.587544
0.0999271
0.127881
0.501568
0.662
0.471402
0.217591
0.508612
0.601226
0.557252
0.531922
0.662
0.440945
0.600407
0.200262
0.144832
0.477204
0.131891
0.279673
0.211379
0.152119
0.0379266
0.155134
0.0107529
0.491938
0.176842
0.662
0.662
0.069634
0.112616
0.105734
0.662
0.156741
0.184726
0.662
0.662
0.203071
0.3769
0.234968
0.551119
0.467839
0.217564
0.406258
0.411696
0.0282382
0.261443
0.575172
0.489085
0.0141823
0.514676
0.0858764
0.245883
0.408128
0.19142
0.207168
0.56977
0.197314
0.591802
0.0928103
0.172644
0.238674
0.0870124
0.572606
0.0302488
0.284769
0.258337
0.579205
0.459287
0.662
0.191268
0.121668
0.522378
0.183362
0.215797
0.480948
0.405651
0.129923
0.399871
0.13107
0.662
0.205282
0.61529
0.0311224
0.246294
0.192337
0.299505
0.662
0.0116044
0.0778048
0.477068
0.157726
0.0585694
0.100399
0.0346056
0.25804
0.215253
0.147976
0.103093
0.191841
0.497087
0.411541
0.156111
0.224481
0.174693
0.211474
0.0537801
0.662
0.348497
0.210984
0.194803
0.0255998
0.461563
0.269511
0.110854
0.0503146
0.0278866
0.0819901
0.459614
0.604084
0.209682
0.202187
0.40319
0.262859
0.0686423
0.218524
0.145594
0.153735
0.652376
0.0979262
0.265191
0.181903
0.347222
0.244331
0.183866
0.194588
0.104428
0.184208
0.336259
0.145221
0.130941
0.474575
0.517955
0.569537
0.662
0.0539931
0.546317
0.191899
0.0746765
0.662
0.495329
0.305876
0.0857131
0.639087
0.379
0.662
0.140529
0.245729
0.662
0.052312
0.307689
0.19297
0.307769
0.662
0.20353
0.414657
0.209097
0.662
0.662
0.242435
0.507169
0.662
0.662
0.215685
0.0109345
0.109868
0.243006
0.662
0.430612
0.256736
0.225058
0.234409
0.408825
0.194194
0.350229
0.305397
0.342203
0.169285
0.0875724
0.610296
0.400216
0.525788
0.0844346
0.662
0.662
0.302987
0.488265
0.252894
0.662
0.157578
0.0685932
0.224573
0.420423
0.0442574
0.083597
0.662
0.0484807
0.122415
0.37499
0.187648
0.368636
0.179408
0.119205
0.0967963
0.56666
0.649619
0.0762506
0.147919
0.181503
0.662
0.662
0.662
0.142896
0.195629
0.108398
0.0339156
0.543435
0.270309
0.662
0.168327
0.253939
0.192557
0.662
0.275168
0.203726
0.662
0.384082
0.662
0.0731065
0.662
0.0250392
0.00268835
0.311317
0.352701
0.198173
0.353027
0.456875
0.35552
0.0877471
0.662
0.167691
0.156982
0.101374
0.00949145
0.0646801
0.112977
0.448965
0.608657
0.656426
0.384859
0.22119
0.565624
0.57078
0.236131
0.537379
0.385971
0.0925189
0.300864
0.568146
0.232853
0.231779
0.579356
0.0811843
0.148304
0.183889
0.662
0.287377
0.382596
0.662
0.491414
0.244272
0.317271
0.662
0.0686628
0.0560649
0.159643
0.0867633
0.526034
0.178076
0.129947
0.462264
0.271767
0.00327201
0.439347
0.115996
0.438045
0.662
0.299253
0.166394
0.64685
0.226161
0.142325
0.0989906
0.662
0.356823
0.0931931
0.101307
0.662
0.387271
0.0989408
0.537413
0.0775873
0.662
0.161433
0.476991
0.551052
0.0262732
0.260384
0.662
0.216521
0.662
0.103522
0.097355
0.536225
0.109241
0.472672
0.0859304
0.0819738
0.139981
0.222901
0.093719
0.662
0.465374
0.662
0.0232126
0.662
0.116838
0.421327
0.0430089
0.662
0.187644
0.0980996
0.662
0.331212
0.662
0.297413
0.378077
0.140817
0.26858
0.594853
0.662
0.232095
0.162553
0.331668
0.40984
0.123495
0.0929395
0.251487
0.662
0.130405
0.144992
0.0839711
0.311046
0.662
0.251634
0.396849
0.370117
0.127189
0.265241
0.17879
0.662
0.0906562
0.45703
0.101083
0.110298
0.662
0.662
0.146312
0.467449
0.23879
0.662
0.535386
0.0988054
0.662
0.380844
0.188323
0.212051
0.139903
0.18146
0.477738
0.0732316
0.310022
0.417544
0.662
0.212072
0.0968327
0.5811
0.373591
0.562762
0.0451608
0.0600926
0.327081
0.16674
0.662
0.405391
0.662
0.537666
0.209288
0.333188
0.662
0.444269
0.104656
0.203271
0.558067
0.206761
0.433515
0.122374
0.417897
0.242449
0.662
0.260895
0.277022
0.662
0.514145
0.489694
0.662
0.172375
0.445595
0.272124
0.205637
0.0882474
0.102684
0.122986
0.090316
0.662
0.163934
0.0485873
0.593414
0.124044
0.140739
0.303374
0.280501
0.0808372
0.389834
