0.264371
0.28167
0.253887
0.579991
0.256429
0.662
0.246668
0.137543
0.662
0.492521
0.585355
0.222451
0.429264
0.512037
0.662
0.312547
0.1847
0.018889
0.413942
0.190114
0.646896
0.250502
0.0413877
0.662
0.662
0.368866
0.604261
0.662
0.0667073
0.662
0.662
0.180462
0.662
0.17352
0.198429
0.19574
0.662
0.0831653
0.222633
0.328591
0.662
0.186188
0.515519
0.109999
0.118286
0.662
0.229647
0.397248
0.212576
0.0148133
0.421544
0.250293
0.536766
0.662
0.626652
0.0327297
0.0341541
0.38191
0.611428
0.662
0.662
0.565354
0.654753
0.662
0.157178
0.286997
0.281611
0.0193634
0.662
0.662
0.657209
0.52246
0.349954
0.0791322
0.151517
0.161677
0.662
0.662
0.285416
0.433117
0.469783
0.662
0.127402
0.662
0.662
0.662
0.313764
0.295131
0.187109
0.0797123
0.47497
0.246801
0.471891
0.661458
0.190616
0.662
0.324669
0.162129
0.0128499
0.475187
0.662
0.565587
0.576417
0.351263
0.204381
0.111624
0.00827885
0.0353715
0.662
0.393896
0.0452427
0.489208
0.405302
0.18504
0.239488
0.122329
0.359671
0.129457
0.398126
0.311174
0.520239
0.220128
0.662
0.662
0.195312
