0.246137
0.123354
0.273291
0.662
0.116707
0.431868
0.35608
0.34254
0.566614
0.258284
0.662
0.647129
0.0749391
0.0976954
0.662
0.337074
0.662
0.343611
0.572664
0.46748
0.0800908
0.206232
0.237301
0.345953
0.147994
0.0605007
0.0920769
0.662
0.0414288
0.39431
0.313681
0.0837024
0.639884
0.0124226
0.182928
0.165747
0.512021
0.424273
0.272061
0.150426
0.662
0.380587
0.419825
0.358021
0.485416
0.0549213
0.466455
0.426967
0.639556
0.466121
0.21477
0.321245
0.0399502
0.339362
0.560097
0.192202
0.165828
0.0930276
0.541904
0.298027
0.11094
0.227552
0.0287916
0.410197
0.403732
0.130607
0.318928
0.232785
0.373511
0.367557
0.174221
0.589482
0.372939
0.313118
0.218539
0.201517
0.189618
0.250166
0.487397
0.0609385
0.23175
0.328946
0.450005
0.107463
0.583516
0.535615
0.662
0.514825
0.0519341
0.299379
0.618565
0.262169
0.606035
0.459115
0.311486
0.491803
0.436393
0.662
0.490873
0.409267
0.111658
0.662
0.0411543
0.326361
0.352436
0.336468
0.662
0.269327
0.347196
0.20361
0.280602
0.224205
0.0918687
0.209454
0.144659
0.662
0.662
0.662
0.662
0.133941
0.310499
0.263091
0.662
0.327461
0.662
0.661307
0.207627
0.10195
0.0677812
0.0549846
0.226415
0.400048
0.662
0.135568
0.22583
0.147766
0.187907
0.401588
0.135964
0.221825
0.662
0.160713
0.662
0.18757
0.662
0.344903
0.063129
0.268648
0.106857
0.197637
0.488689
0.224745
0.130687
0.107752
0.0768976
0.14886
0.309137
0.294267
0.26284
0.0847113
0.135241
0.427077
0.0563513
0.142919
0.413684
0.662
0.0530159
0.662
0.0588618
0.0682658
0.204998
0.0921065
0.351365
0.11423
0.0989498
0.254184
0.228754
0.520106
0.250234
0.279236
0.0203122
0.0571695
0.0949978
0.233337
0.224161
0.437153
0.0318705
0.411654
0.16002
0.130927
0.569334
0.313427
0.404693
