0.662
0.495658
0.440572
0.12647
0.436042
0.0433273
0.662
0.304675
0.662
0.533141
0.222608
0.662
0.662
0.0122124
0.0454625
0.662
0.220529
0.608973
0.662
0.662
0.171964
0.311174
0.338091
0.590908
0.557052
0.262932
0.49357
0.175495
0.381179
0.249691
0.601372
0.351853
0.32977
0.319108
0.274721
0.185964
0.0147531
0.662
0.472018
0.662
0.631369
0.386986
0.148008
0.662
0.297704
0.555994
0.426237
0.423513
0.492395
0.277634
0.128282
0.662
0.388859
0.288242
0.354613
0.142339
0.0868495
0.264371
0.289775
0.662
0.599279
0.205681
0.0544484
0.16286
0.467626
0.0898249
0.657871
0.662
0.220499
0.662
0.316435
0.404337
0.0493714
0.662
0.129664
0.43406
0.662
0.195123
0.203309
0.662
0.38419
0.662
0.0929652
0.662
0.461389
0.429511
0.496158
0.141929
0.662
0.245903
0.130362
0.662
0.662
0.360655
0.526784
0.280164
0.377908
0.420207
0.549902
0.662
0.602535
0.251778
0.535739
0.392051
0.423566
0.470555
0.662
0.469796
0.662
0.181527
0.662
0.662
0.454643
0.662
0.244654
0.370893
0.588778
0.662
0.226806
0.230144
0.187566
0.0976406
0.662
0.47497
0.0387771
0.460697
0.439039
0.613921
0.144803
0.662
0.480506
0.5707
0.312845
0.146922
0.486357
0.662
0.369492
0.240596
0.384843
0.0178226
0.0195538
0.416945
0.0496528
0.357073
0.662
0.10331
0.208307
0.410605
0.287098
0.360672
0.662
0.367191
0.662
0.662
0.196136
0.49034
0.0806697
0.626302
0.230993
0.36932
0.018889
0.662
0.01394
0.471655
0.646801
0.443979
0.662
0.662
0.516311
0.21751
0.131019
0.0513425
0.0766448
0.293531
0.196836
0.662
0.352259
0.208673
0.335445
0.662
0.24275
0.0353185
0.662
0.335411
0.441292
0.0391509
0.233175
0.592809
0.662
0.662
0.662
0.610542
0.662
0.612747
0.322859
0.662
8.88343e-05
0.662
0.662
0.662
0.111506
0.208475
0.355237
0.662
0.662
0.203649
0.476283
0.0439829
0.424846
0.0867246
0.254463
0.21236
0.60119
0.662
0.537694
0.0692426
0.321804
0.662
0.27613
0.262136
0.130723
0.662
0.662
0.662
0.561795
0.233309
0.391178
0.207053
0.612674
0.662
0.662
0.625996
0.637111
0.662
0.52131
0.41109
0.484475
0.147634
0.354966
0.371692
0.151468
0.201049
0.662
0.238642
0.241212
0.647215
0.589868
0.426923
0.0768443
0.626417
0.326686
0.662
0.662
0.0581388
0.662
0.247525
0.179967
0.414085
0.0912094
0.662
0.0335005
0.662
0.662
0.466508
0.662
0.662
0.662
0.373405
0.611916
0.123754
0.323981
0.0143967
0.662
0.409714
0.484354
0.411412
0.275906
0.0114671
0.416726
0.323748
0.582662
0.171032
0.090635
0.59625
0.209193
0.210037
0.18846
0.25638
0.131949
0.456499
0.261542
0.0266917
0.662
0.365859
0.646418
0.194139
0.50072
0.662
0.346913
0.662
0.662
0.263216
0.655233
0.662
0.199925
0.198978
0.64877
0.662
0.52246
0.221869
0.65306
0.311651
0.141294
0.172786
0.107303
0.452821
0.620576
0.18667
0.464815
0.237726
0.0694068
0.662
0.535673
0.332593
0.662
0.334125
0.250293
0.336204
0.433987
0.662
0.107963
0.662
0.647178
0.0983172
0.261823
0.0728316
0.662
0.306958
0.128062
0.240502
0.662
0.662
0.185671
0.421323
0.662
0.409146
0.662
0.0632558
0.662
0.592214
0.203538
0.0371172
0.662
0.359589
0.578626
0.662
0.662
0.521377
0.662
0.662
0.360898
0.133755
0.485332
0.0614468
0.662
0.508917
0.0298118
0.662
0.287902
0.184545
0.23505
0.404324
0.0242819
0.27785
0.443294
0.447192
0.405155
0.662
0.307001
0.247055
0.228833
0.22714
0.662
0.662
0.662
0.28832
0.472591
0.443775
0.662
0.662
0.61352
0.204169
0.192897
0.662
0.662
0.662
0.348104
0.546908
0.662
0.103589
0.396378
0.166174
0.662
0.348169
0.313623
0.141938
0.144574
0.373184
0.377544
0.545153
0.662
0.662
0.662
0.0886344
0.0590128
0.218189
0.219454
0.179624
0.389455
0.345962
0.0950412
0.014897
0.268675
0.131443
0.109977
0.256066
0.124241
0.662
0.662
0.662
0.662
0.662
0.395996
0.662
0.157875
0.653765
0.55659
0.103071
0.0353478
0.0961382
0.662
0.324498
0.662
0.198142
0.0573356
0.662
0.662
0.662
0.167105
0.662
0.220474
0.223415
0.166731
0.490954
0.537478
0.431935
0.404248
0.662
0.0129589
0.37601
0.662
0.662
0.227908
0.323021
0.662
0.283852
0.158346
0.438186
0.662
0.662
0.27183
0.135092
0.447349
0.169652
0.662
0.203183
0.20442
0.662
0.662
0.662
0.274358
0.277097
0.365449
0.494153
0.272551
0.178191
0.662
0.460566
0.662
0.426432
0.445587
0.246717
0.662
0.662
0.237869
0.545788
0.513853
0.161338
0.145459
0.423498
0.262621
0.242249
0.436634
0.160546
0.222576
0.649312
0.662
0.662
0.0957078
0.547348
0.662
0.662
0.0697581
0.662
0.195964
0.191849
0.639777
0.662
0.662
0.0388635
0.662
0.589194
0.106053
0.229317
0.182587
0.199418
0.187672
0.192756
0.38464
0.662
0.662
0.0302959
0.04951
0.282933
0.107175
0.555842
0.662
0.375504
0.662
0.416987
0.268549
0.585757
0.662
0.662
0.529695
0.132046
0.404308
0.185276
0.29344
0.662
0.662
0.180658
0.662
0.662
0.27066
0.662
0.662
0.291055
0.393743
0.660676
0.267557
0.0171085
0.294906
0.33922
0.0337574
0.590991
0.13605
0.662
0.160995
0.662
0.38601
0.352324
0.662
0.220473
0.658207
0.104898
0.255226
0.10485
0.662
0.447804
0.303804
0.662
0.151104
0.396701
0.435671
0.520201
0.662
0.37562
0.400885
0.258639
0.326983
0.582435
0.662
0.548933
0.432953
0.491965
0.300194
0.662
0.46952
0.400715
0.274936
0.662
0.124521
0.647411
0.662
0.134842
0.322834
0.0453348
0.114743
0.438739
0.433517
0.0555229
0.139991
0.662
0.625449
0.662
0.275019
0.101996
0.313084
0.224539
0.223291
0.662
0.662
0.662
0.662
0.629555
0.662
0.193948
0.595506
0.33166
0.662
0.662
0.0199421
0.164529
0.662
0.662
0.411156
0.138078
0.398047
0.160258
0.514815
0.46306
0.289884
0.183954
0.286247
0.309364
0.485059
0.662
0.140068
0.337796
0.0337624
0.394891
0.662
0.0894776
0.176416
0.204212
0.261427
0.285416
0.0687179
0.378444
0.662
0.643007
0.222089
0.662
0.662
0.217503
0.275007
