0.222596
0.308216
0.387831
0.0552731
0.588046
0.046927
0.431815
0.247976
0.174323
0.422379
0.0488184
0.203469
0.0669412
0.236422
0.600929
0.57242
0.555798
0.00890088
0.213752
0.555277
0.187211
0.567379
0.108701
0.0469334
0.116742
0.279458
0.105228
0.155656
0.260984
0.223257
0.0969695
0.434932
0.065908
0.139157
0.139836
0.463147
0.225186
0.371569
0.0393796
0.246154
0.0343582
0.34753
0.140281
0.376381
0.0569847
0.662
0.0399836
0.0310559
0.460193
0.193103
0.104045
0.214523
0.274147
0.662
0.141918
0.662
0.0857213
0.0486276
0.334891
0.0703734
0.662
0.164933
0.170212
0.662
0.341589
0.502208
0.0841552
0.213816
0.0382814
0.163805
0.312523
0.518279
0.662
0.398198
0.261393
0.0286095
0.186354
0.385477
0.221897
0.253778
0.310094
0.392535
0.150345
0.143748
0.195611
0.0616632
0.0762153
0.121215
0.572181
0.0969529
0.658449
0.399464
0.662
0.640176
0.466064
0.662
0.237272
0.401117
0.490384
0.121085
0.372784
0.662
0.0915708
0.0494731
0.193775
0.0914469
0.0667096
0.0656164
0.182018
0.662
0.128815
0.201988
0.267652
0.139043
0.365061
0.10555
0.389524
0.114733
0.475285
0.187543
0.151871
0.0664449
0.662
0.0560944
0.233756
0.110899
0.0546887
0.089082
0.411199
0.308262
0.0278282
0.20717
0.0883293
0.508989
0.38284
0.0956265
0.211304
0.651179
0.400916
0.352875
0.0436489
0.366716
0.260504
0.0523482
0.181112
0.358455
0.125964
0.288142
0.662
0.418704
0.141984
0.117269
0.147348
0.12239
0.358008
0.376356
0.158413
0.0584665
0.0882667
0.232478
0.662
0.209292
0.517051
0.148592
0.389748
0.189582
0.153261
