0.107195
0.075282
0.662
0.173585
0.119103
0.0588987
0.51631
0.204849
0.461627
0.373446
0.118252
0.662
0.0380887
0.131581
0.0878499
0.149949
0.297819
0.39119
0.662
0.093394
0.662
0.282397
0.17693
0.120933
0.578791
0.435754
0.635557
0.0977634
0.0630052
0.0674862
0.662
0.0153712
0.372557
0.307361
0.203872
0.447188
0.473763
0.23157
0.0604754
0.470602
0.192556
0.273278
0.0762045
0.255806
0.188355
0.241067
0.662
0.229867
0.169989
0.430624
0.041395
0.353097
0.0295991
0.17048
0.634565
0.0793552
0.13342
0.299309
0.0447087
0.460053
0.3528
0.373978
0.389565
0.291426
0.154092
0.22714
0.187132
0.128489
0.189362
0.219449
0.175558
0.372968
0.329927
0.188585
0.464893
0.520541
0.0801771
0.0779768
0.0974256
0.0847909
0.444118
0.205077
0.464735
0.113104
0.662
0.483386
0.2023
0.119111
0.662
0.0652076
0.466471
0.222827
0.662
0.433512
0.0121901
0.493834
0.235168
0.330086
0.262046
0.19833
0.466757
0.314373
0.112185
0.662
0.0420863
0.420019
0.0328624
0.662
0.0204584
0.368884
0.0551802
0.203119
0.177933
0.115511
0.3033
0.0257999
0.0313711
0.119477
0.432928
0.0610723
0.266543
0.569681
0.474566
0.662
0.0835016
0.415775
0.160636
0.378084
0.318375
0.235673
0.0916195
0.481923
0.422307
0.0148746
0.268982
0.101847
0.089757
0.0640115
0.31249
0.0547719
0.0138791
0.283258
0.0819297
0.221662
0.0950499
0.152843
0.219267
0.587264
0.662
0.0826437
0.00505576
0.622285
0.379717
0.36783
0.26867
0.392535
0.275059
0.110239
0.147462
0.662
0.492982
0.213998
0.182766
0.0819499
0.20327
0.446253
0.511342
0.0974119
0.201539
0.0448849
0.662
0.114657
0.221687
0.438568
0.658641
0.116652
0.0793493
0.344776
0.216961
0.107052
0.0982845
0.662
0.277573
0.0308782
0.662
0.11971
0.049132
0.122344
0.123077
0.126853
0.662
0.437569
0.24682
0.0767047
0.12006
0.0918723
0.624022
0.662
0.332036
0.405504
0.214462
0.408424
0.520819
0.662
0.108823
0.212758
0.0923843
0.0950104
0.452181
0.559831
0.103121
0.508062
0.31103
0.409032
0.335521
0.112252
0.0987997
0.0935241
0.420871
0.320528
0.00709238
0.113808
0.231999
0.213863
0.233847
0.0448973
0.499818
0.632471
0.0432517
0.536144
0.373901
0.662
0.102736
0.149928
0.0697324
0.118955
0.662
0.0203129
0.207325
0.514239
0.662
0.662
0.441336
0.189845
0.279142
0.343216
0.190986
0.0993535
0.199814
0.168033
0.380621
0.481321
0.662
0.282759
0.123613
0.140613
0.509282
0.47141
0.15198
0.662
0.447752
0.0300677
0.485537
0.254243
0.662
0.0909939
0.296661
0.662
0.0571927
0.120554
0.271149
0.361021
0.231727
0.414927
0.157704
0.662
0.466064
0.183981
0.238103
0.209611
0.214863
0.630817
0.662
0.103486
0.05345
0.662
0.221531
0.423307
0.273655
0.486896
0.513404
0.465337
0.582371
0.128848
0.231688
0.147177
0.0575493
0.662
0.0841133
0.0816427
0.662
0.250428
0.250332
0.509458
0.0724332
0.0729062
0.0959589
0.23849
0.146613
0.367515
0.265213
0.217854
0.662
0.0753262
0.324331
0.216803
0.321555
0.620257
0.315041
0.0149723
0.260055
0.168193
0.345489
0.662
0.627269
0.590951
0.190526
0.443039
0.439346
0.662
0.229616
0.233646
0.0611431
0.263231
0.102939
0.338763
0.199002
0.567647
0.140935
0.405586
0.288142
0.075177
0.109746
0.0578985
0.308212
0.0891782
0.202827
0.20987
0.343752
0.662
0.0747412
0.308262
0.607749
0.62436
0.143863
0.423788
0.0948488
0.0269971
0.662
0.208562
0.109958
0.662
0.533347
0.106713
0.262802
0.0982651
0.257467
0.160057
0.207666
0.433853
0.0628806
0.35099
0.184661
0.0813674
0.391614
0.0756843
0.0603014
0.365894
0.0891735
0.0475252
0.612165
0.0905684
0.268967
0.662
0.469123
0.428655
0.132116
0.110731
0.272698
0.223626
0.257456
0.346329
0.363717
0.17913
0.0937663
0.108596
0.19389
0.458656
0.376097
0.558042
0.0480853
0.0862168
0.00773782
0.370843
0.250123
0.662
0.199844
0.210447
0.425091
0.662
0.662
0.0764616
0.0746568
0.616621
0.351265
0.662
0.0635537
0.144353
0.0640957
0.0560813
0.662
0.223369
0.451933
0.628301
0.662
0.226533
0.093283
0.182245
0.0911441
0.254717
0.133589
0.628129
0.282467
0.288739
0.662
0.0363356
0.164574
0.309767
0.469314
0.662
0.662
0.662
0.374036
0.0605862
0.439587
0.105978
0.662
0.0358992
0.113107
0.129181
0.109173
0.100888
0.662
2.88024e-05
0.145577
0.374795
0.370935
0.506684
0.556905
0.642062
0.650279
0.121018
0.0393847
0.089599
0.455761
0.662
0.140948
0.372599
0.135148
0.323198
0.427525
0.359476
0.267518
0.0305434
0.545186
0.0753188
0.0737797
0.565969
0.0990872
0.0660598
0.205887
0.048101
0.416727
0.0828275
0.103842
0.0641973
0.541568
0.0551217
0.14638
0.119149
0.157872
0.566101
0.0477653
0.375788
0.156876
0.271593
0.542112
0.0622441
0.191462
0.165634
0.0139392
0.18672
0.0209502
0.188841
0.662
0.662
0.189216
0.421092
0.451495
0.662
0.453078
0.310932
0.662
0.642602
0.662
0.0759539
0.0462691
0.662
0.136612
0.625245
0.314033
0.328631
0.0698659
0.562975
0.662
0.367219
0.415397
0.129541
0.0570666
0.662
0.328834
0.0570776
0.18111
0.312419
0.1038
0.452765
0.104838
0.662
0.117503
0.291777
0.185092
0.139622
0.286937
0.0808771
0.178579
0.0115493
0.0652581
0.0864521
0.201654
0.260504
0.418361
0.45087
0.0393796
0.386786
0.0474755
0.0819928
0.589143
0.238813
0.0248138
0.0413129
0.274307
0.437818
0.357519
0.0349951
0.18741
0.110044
0.146169
0.364066
0.0222202
0.59855
0.662
0.151882
0.662
0.140741
0.114305
0.218827
0.424982
0.283009
0.221637
0.0569186
0.620153
0.295133
0.662
0.135996
0.0404187
0.260823
0.662
0.351363
0.330188
0.628182
0.194472
0.321764
0.270457
0.162532
0.411663
0.411611
0.310581
0.574154
0.0391199
0.0427859
0.235387
0.0754844
0.124102
0.0735115
0.140681
0.0959782
0.0893145
0.2237
0.0307814
0.662
0.0051712
0.643935
0.555574
0.140529
0.320839
0.101451
0.362406
0.662
0.483425
0.292819
0.183597
0.662
0.137382
0.0812479
0.49457
0.662
0.10278
0.164094
0.330437
0.270173
0.288179
0.0825063
0.0812468
0.447918
0.447732
0.605307
0.468515
0.360458
0.30208
0.202693
0.421642
0.0415576
0.216321
0.301416
0.662
0.343709
0.581938
0.210749
0.662
0.332311
0.0761073
0.248495
0.234829
0.613406
0.0728812
0.299629
0.429171
0.314572
0.40115
0.662
0.472214
0.662
0.196569
0.184384
0.165188
0.168535
0.662
0.143789
0.52548
0.461267
0.154981
0.409496
0.243071
0.662
0.288092
0.112185
0.155429
0.659776
0.124484
0.196931
0.350215
0.662
0.260955
0.212702
0.277656
0.245236
0.222596
0.195963
0.118502
0.0737669
0.646662
0.662
0.0109991
0.544833
0.162593
0.662
0.662
0.386377
0.0874469
0.0769488
0.183012
0.662
0.0281929
0.100004
0.0937035
0.116897
0.121664
0.472462
0.355097
0.662
0.541552
0.0730293
0.662
0.0551995
0.286644
0.317489
0.156854
0.41416
0.0592076
0.232813
0.114068
0.218069
0.105869
0.0638246
0.0137351
0.662
0.177118
0.51082
0.177737
0.315162
0.662
0.662
0.18781
0.471053
0.185618
0.66009
0.662
0.355174
0.06663
0.128341
0.591665
0.261243
0.647237
0.662
0.110333
0.363353
0.106995
0.114672
0.252481
0.662
0.0722557
0.0977588
0.114617
0.279512
0.481738
0.206592
0.249746
0.0639401
0.185573
0.435598
0.662
0.0457406
0.0771344
0.0238391
0.204417
0.662
0.289339
0.116852
0.0777886
0.662
0.0361611
0.662
0.0819109
0.0731566
0.0556682
0.662
0.238412
0.0491457
0.121591
0.302356
0.260295
0.0201816
0.0887943
0.0389095
0.227946
0.0474749
0.522786
0.186337
0.130202
0.488611
0.386905
0.071743
0.283054
0.351517
0.223995
0.298129
0.459249
0.57981
0.311229
0.625936
0.152919
0.662
0.662
0.117343
0.373006
0.359453
0.0621627
0.6344
0.388813
0.151083
0.163809
0.142291
0.405485
0.438634
0.62068
0.121063
0.217215
0.168872
0.374559
0.553011
0.126935
0.209142
0.408687
0.180684
0.0873889
0.100399
0.662
0.229865
0.276549
0.639048
0.662
0.324353
0.662
0.0838541
0.662
0.386819
0.620815
0.662
0.662
0.563447
0.286338
0.503024
0.662
0.662
0.112344
0.456072
0.543148
0.467501
0.386891
0.442397
0.293106
0.420294
0.239416
0.229156
0.0271562
0.662
0.662
0.12294
0.131224
0.585244
0.453328
0.453729
0.118492
0.235712
0.503116
0.0411576
0.193644
0.0811257
0.116422
0.308431
0.257038
0.0518172
0.322891
0.299338
0.425911
0.662
0.0847882
0.146288
0.45431
0.0671485
0.095552
0.376718
0.314574
0.22334
0.427452
0.447917
0.530042
0.0999399
0.662
0.606278
0.351778
0.662
0.0819481
0.228986
0.386544
0.0798426
0.397189
0.267652
0.172676
0.486466
0.586288
0.159343
0.493284
0.463802
0.102721
0.294158
0.662
0.662
0.100006
0.497933
0.131839
0.168036
0.662
0.10529
0.525453
0.641831
0.215021
0.478331
0.211635
0.130914
0.662
0.221771
0.656711
0.0841123
0.606462
0.276312
0.115099
0.175541
0.0981198
0.578789
0.205246
0.546347
0.250738
0.63381
0.662
0.295709
0.0842001
0.351842
0.210187
0.523683
0.167439
0.0164365
0.0942779
0.662
0.391703
0.662
0.662
0.406462
0.128026
0.242067
0.358604
0.348632
0.209716
0.286226
0.662
0.12769
0.0912605
0.0888181
0.662
0.0998922
0.135281
0.037077
0.0850705
0.148624
0.343016
0.104257
0.025003
0.539026
0.0991919
0.224728
0.265394
0.00438477
0.526945
0.0663172
0.0669877
0.444093
0.328164
0.0795003
0.237713
0.120536
0.196401
0.0557091
0.0453438
0.164736
0.0472531
0.106187
0.186478
0.627238
0.1874
0.515954
0.503069
0.275174
0.373049
0.0996485
0.0660417
0.381588
0.662
0.0987291
0.0236756
0.148997
0.657178
0.050848
0.256605
0.383617
0.0413183
0.111512
0.662
0.135277
0.155911
0.662
0.517369
0.0614574
0.082307
0.336578
0.205045
0.462497
0.0449111
0.143883
0.287288
0.251203
0.366402
0.169765
0.107968
0.662
0.300852
0.092878
0.0549821
0.11806
0.38931
0.516329
0.365951
0.192894
0.662
0.102128
0.156185
0.206845
