0.0836704
0.181771
0.257989
0.111549
0.662
0.662
0.0872277
0.162406
0.238565
0.323706
0.174522
0.111972
0.160221
0.548104
0.0547925
0.401855
0.474304
0.562097
0.139285
0.321132
0.356083
0.528158
0.0613797
0.224443
0.438494
0.241256
0.0382436
0.155482
0.0155912
0.455697
0.0596245
0.0619155
0.156234
0.0654552
0.485398
0.363696
0.662
0.662
0.319709
0.307726
0.335878
0.0876445
0.10257
0.0122713
0.101696
0.0198339
0.0787772
0.0899299
0.24616
0.03022
0.0859142
0.273772
0.198972
0.195286
0.079176
0.662
0.314266
0.185573
0.662
0.177025
0.216003
0.117189
0.662
0.139838
0.14482
0.0313364
0.106558
0.264994
0.029197
0.0724183
0.21794
0.0614887
0.338666
0.376642
0.105303
0.385613
0.164585
0.142244
0.449485
0.662
0.43897
0.608864
0.209126
0.416377
0.0359045
0.489514
0.317336
0.2237
0.0212471
0.17558
0.0897945
0.468974
0.395378
0.0461569
0.262988
0.221164
0.611628
0.662
0.480864
0.355455
0.161345
0.662
0.327367
0.548508
0.0710157
0.103781
0.662
0.555023
0.0633048
0.662
0.382612
0.401091
0.662
0.242997
0.285972
0.0214403
0.312931
0.184926
0.414871
0.0841119
0.262038
0.0862097
0.174081
0.0569775
0.25941
0.236582
0.52694
0.23161
0.662
0.31523
0.335702
0.0589329
0.149171
0.247438
0.313932
0.290511
0.247644
0.353196
0.129043
0.340652
0.040726
0.539047
0.0389082
0.113606
0.548202
0.403773
0.120537
0.204499
0.212399
0.066258
0.24937
0.219295
0.42857
0.304631
0.135798
0.167045
0.472147
0.639524
0.250248
0.29097
0.024166
0.662
0.189389
0.113403
0.302995
0.235338
0.207339
0.452722
0.166961
0.134836
0.0771849
0.0865079
0.203566
0.662
0.12821
0.177915
0.452393
0.214154
0.662
0.100675
0.585183
0.662
0.150108
0.475791
0.401048
0.587304
0.516852
0.106434
0.291871
0.421191
0.144003
0.597864
0.662
0.108456
0.0433214
0.0891561
0.288858
0.1287
0.662
0.398555
0.0760444
0.467041
0.14955
0.128063
0.662
0.662
0.22052
0.315018
0.550951
0.14136
0.0568238
0.480028
0.258687
0.0609912
0.626211
0.281954
0.211153
0.0586263
0.0616896
0.272275
0.459893
0.127687
0.64222
0.362887
0.579875
0.253111
0.169512
0.0661334
0.0940978
0.271428
0.455889
0.136074
0.143
0.114764
0.225894
0.140446
0.129725
0.116175
0.662
0.194212
0.0895397
0.586528
0.202025
0.662
0.525252
0.338742
0.330285
0.10839
0.146045
0.156931
0.662
0.662
0.355027
0.210606
0.0725775
0.448525
0.0988986
0.144126
0.109718
0.202266
0.182261
0.187985
0.113678
0.478451
0.249011
0.0941527
0.0574145
0.461464
0.469583
0.344763
0.126061
0.231788
0.662
0.0665169
0.0501452
0.549633
0.326261
0.00678917
0.575602
0.662
0.399815
0.12997
0.518377
0.276034
0.0550876
0.283238
0.270802
0.349249
0.662
0.109199
0.185555
0.35164
0.343409
0.147327
0.658169
0.070361
0.476257
0.439025
0.237033
0.191248
0.578686
0.0267134
0.633876
0.0985449
0.274185
0.274397
0.568788
0.18865
0.0890857
0.662
0.455806
0.503344
0.384939
0.0952671
0.146169
0.0903185
0.476841
0.373368
0.190631
0.328823
0.153859
0.59475
0.413042
0.182276
0.189237
0.441596
0.0725969
0.662
0.386791
0.0206231
0.03711
0.346962
0.0557794
0.0588102
0.13055
0.0955038
0.231972
0.631589
0.289141
0.33038
0.158879
0.585492
0.112236
0.270863
0.131796
0.0598701
0.172818
0.602726
0.0500286
0.569585
0.10105
0.108229
0.0602914
0.0531991
0.101677
0.0984581
0.388545
0.427267
0.00347742
0.105893
0.0482175
0.377235
0.101147
0.465034
0.487817
0.0946219
0.1804
0.0812608
0.582819
0.197119
0.228231
0.597542
0.0671902
0.662
0.494651
0.639358
0.648995
0.0572008
0.0577208
0.10058
0.248683
0.1096
0.213548
0.451861
0.444975
0.130999
0.110626
0.246684
0.327025
0.217976
0.0684105
0.662
0.189231
0.446945
0.503035
0.0588014
0.223289
0.510417
0.361963
0.0874871
0.111072
0.508131
0.155954
0.0930245
0.662
0.242072
0.119221
0.273801
0.465698
0.420392
0.662
0.625494
0.140676
0.0159268
0.371238
0.662
0.597091
