0.183716
0.224241
0.136162
0.609327
0.0586396
0.0472483
0.259658
0.484441
0.164786
0.350874
0.346718
0.662
0.423422
0.254217
0.207387
0.174707
0.320298
0.290202
0.662
0.249564
0.442418
0.143065
0.483798
0.407978
0.662
0.1181
0.45915
0.172284
0.238674
0.638022
0.0944663
0.641904
0.314654
0.662
0.662
0.257332
0.271224
0.311127
0.187211
0.277876
0.405391
0.122401
0.0796752
0.130009
0.314341
0.391963
0.103844
0.155128
0.386807
0.0985514
0.662
0.547631
0.0936824
0.662
0.662
0.0761319
0.204516
0.073472
0.662
0.662
0.616926
0.222801
0.0957332
0.662
0.188192
0.205254
0.192107
0.119816
0.152608
0.362335
0.0445533
0.32474
0.185714
0.662
0.110471
0.254047
0.219002
0.601655
0.178279
0.135265
0.06817
0.209508
0.223176
0.568795
0.245265
0.213895
0.208579
0.471098
0.195979
0.129106
0.319953
0.130078
0.10616
0.662
0.122668
0.662
0.209253
0.485782
0.648263
0.190877
0.662
0.338912
0.662
0.28083
0.324678
0.0939819
0.101093
0.0555838
0.228778
0.0600646
0.218973
0.662
0.0931346
0.329434
0.119736
0.517816
0.138624
0.0733726
0.178985
0.104645
0.427526
0.183177
0.0839627
0.662
0.251177
0.450919
0.00266503
0.619226
0.662
0.15908
0.133425
0.193048
0.662
0.166413
0.662
0.457007
0.659279
0.320049
0.199501
0.32093
0.662
0.0533279
0.662
0.196955
0.2775
0.662
0.20925
0.0808052
0.293157
0.106335
0.0795985
0.176704
0.366184
0.457777
0.484916
0.257204
0.232489
0.1642
0.358357
0.362102
0.662
0.662
0.662
0.149612
0.00432353
0.115148
0.202172
0.662
0.0752577
0.026403
0.11583
0.314672
0.0523133
0.335563
0.662
0.32362
0.170477
0.170642
0.265824
0.340197
0.247578
0.00186913
0.310776
0.662
0.202199
0.149727
0.194818
0.151965
0.546434
0.0216165
0.662
0.271328
0.360022
0.218782
0.571767
0.0884265
0.662
0.0159013
0.204507
0.641885
0.662
0.120554
0.185398
0.662
0.18974
0.118097
0.392108
0.19978
0.122851
0.662
0.405651
0.662
0.161745
0.0928183
0.589957
0.234971
0.662
0.0902708
0.158292
0.662
0.615263
0.21513
0.480857
0.351862
0.662
0.232154
0.105347
0.64388
0.359168
0.11365
0.19011
0.662
0.662
0.662
0.130011
0.417014
0.114267
0.0834561
0.662
0.150851
0.339969
0.331277
0.27788
0.187417
0.103448
0.292862
0.487263
0.180896
0.571458
0.662
0.317769
0.250006
0.196878
0.20138
0.662
0.0719362
0.449465
0.416642
0.124948
0.647568
0.662
0.0331302
0.520178
0.307551
0.126064
0.662
0.0101436
0.662
0.231103
0.662
0.236834
0.0969845
0.460384
0.475528
0.655041
0.662
0.100468
0.130115
0.662
0.0428479
0.269736
0.294171
0.662
0.273756
0.662
0.45429
0.222152
0.0529382
0.118149
0.131389
0.118133
0.115894
0.128326
0.517515
0.310276
0.0212594
0.267437
0.19789
0.608365
0.394651
0.123928
0.240282
0.207142
0.096267
0.094834
0.377525
0.608855
0.139219
0.510583
0.650243
0.295776
0.105645
0.49973
0.148562
0.103045
0.111664
0.200424
0.619251
0.107473
0.0901737
0.241144
0.28913
0.1989
0.141611
0.460992
0.156558
0.025563
0.105345
0.124534
0.604221
0.065991
0.182028
0.662
0.247509
0.569088
0.662
0.608294
0.0414938
0.244325
0.227916
0.163014
0.24249
0.352126
0.662
0.120493
0.119363
0.062832
0.0758448
0.242528
0.270897
0.511773
0.382133
0.341131
0.560069
0.662
0.347801
0.234555
0.662
0.216444
0.0970565
0.0835045
0.0780924
0.206778
0.37161
0.434273
0.0606924
0.0389922
0.662
0.317919
0.0801788
0.342263
0.176622
0.144584
0.662
0.181243
0.189193
0.189172
0.336028
0.0841429
0.203404
0.551989
0.11219
0.186959
0.217638
0.188639
0.0951724
0.543375
0.662
0.199126
0.322091
0.0316185
0.662
0.0713785
0.116278
0.24172
0.589037
0.243283
0.349071
0.193598
0.475374
0.0762895
0.662
0.180559
0.157002
0.0948963
0.662
0.662
0.662
0.51364
0.0294399
0.0543653
0.481881
0.0745522
0.0423618
0.662
0.119302
0.393125
0.0805316
0.140609
0.564713
0.662
0.446398
0.0589733
0.241343
0.662
0.0651396
0.170322
0.0809044
0.662
0.119932
0.662
0.662
0.0199541
0.0564388
0.19597
0.0853301
0.549085
0.186779
0.473777
0.607607
0.0691117
0.206882
0.190757
0.315781
0.101514
0.662
0.0916865
0.543552
0.0415893
0.662
0.323719
0.173117
0.404017
0.360333
0.29092
0.662
0.636576
0.662
0.482235
0.106975
0.275823
0.662
0.0660756
0.11578
0.00206401
0.456234
0.662
0.0318604
0.425845
0.22987
0.0666062
0.254974
0.620385
0.0746496
0.0988465
0.161672
0.662
0.158906
0.662
0.111252
0.146358
0.29583
0.00975125
0.165044
0.476016
0.588157
0.10704
0.181993
0.193489
0.153828
0.113988
0.0354984
0.195979
0.448826
0.0434201
0.0676007
0.36512
0.0494605
0.0945509
0.506885
0.2234
0.354124
0.460645
0.662
0.112079
0.189531
0.0847317
0.217511
0.662
0.662
0.410597
0.215323
0.163551
0.271545
0.149816
0.228188
0.326079
0.548561
0.134467
0.201737
0.662
0.662
0.321518
0.108511
0.662
0.0785342
0.504317
0.0241384
0.0524967
0.400471
0.139122
0.236666
0.0563682
0.468456
0.340752
0.18146
0.59019
0.651021
0.361419
0.168865
0.140069
0.662
0.362729
0.662
0.360123
0.662
0.374479
0.434101
0.0703694
0.0463685
0.34542
0.284518
0.263199
0.424968
0.662
0.287829
0.662
0.113611
0.343564
0.662
0.172504
0.161187
0.14007
0.165567
0.163346
0.224447
0.234154
0.170372
0.172706
0.381149
0.0470259
0.00468533
0.43336
0.34596
0.123963
0.662
0.0889955
0.154359
0.438385
0.662
0.195124
0.107345
0.662
0.400017
0.662
0.146979
0.0638882
0.480771
0.662
0.373767
0.101933
0.551449
0.478229
0.476478
0.281366
0.0758587
0.347561
0.182344
0.662
0.105935
0.0290028
0.662
0.573647
0.199145
0.0975549
0.0393243
0.0805061
0.309393
0.193574
0.603288
0.111849
0.0606773
0.587639
0.662
0.408997
0.306652
0.293148
0.0754483
0.225521
0.128081
0.0703999
0.208764
0.11094
0.080523
0.662
0.141389
0.0803493
0.0336688
0.0563549
0.662
0.530586
0.121066
0.356696
0.352199
0.165042
0.379456
0.161519
0.662
0.242985
0.15658
0.446322
0.602894
0.478157
0.096394
0.0213043
0.060906
0.662
0.332591
0.190955
0.142155
0.239708
0.340678
0.614749
0.613665
0.213706
0.0733313
0.612652
0.18359
0.0285641
0.249688
0.0728833
0.0977324
0.441921
0.114334
0.662
0.118599
0.662
0.408555
0.662
0.206472
0.253944
0.662
0.0028288
0.0289165
0.155571
0.467426
0.033985
0.347429
0.0796519
0.409629
0.02545
0.388837
0.473787
0.300472
0.227077
0.43786
0.198047
0.622883
0.235723
0.0688534
0.0293305
0.0866387
0.538053
0.579527
0.137612
0.0769661
0.662
0.163534
0.561617
0.406713
0.138678
0.662
0.0479736
0.662
0.662
0.613866
0.435734
0.0660926
0.528407
0.25122
0.106498
0.225365
0.355921
0.478872
0.156129
0.662
0.237306
0.662
0.207516
0.662
0.335479
0.0908611
0.0830994
0.662
0.460574
0.662
0.0165051
0.249503
0.463458
0.0179962
0.485841
0.130721
0.0548285
0.077561
0.117392
0.350899
0.662
0.0677531
0.662
0.263687
0.166288
0.265584
0.0544753
0.244101
0.147801
0.598673
0.64427
0.3091
0.662
0.462036
0.292101
0.662
0.0753485
0.126014
0.662
0.363254
0.306809
0.580888
0.225045
0.243373
0.11149
0.0992912
0.0960994
0.0687464
0.208826
0.103609
0.0130003
0.166075
0.051286
0.584421
0.251949
0.231346
0.0205089
0.633391
0.172419
0.179564
0.289551
0.662
0.0274831
0.561158
0.662
0.166704
0.650734
0.208656
0.662
0.184014
0.510646
0.426037
0.27628
0.407412
0.100774
0.359301
0.405878
0.118749
0.130227
0.334468
0.0602543
0.662
0.212731
0.243359
0.261455
0.114137
0.662
0.101417
0.178638
0.173697
0.662
0.134326
0.157416
0.162329
0.209548
0.403603
0.0539979
0.251981
0.0763272
0.247993
0.289789
0.413992
0.19358
0.0949519
0.580805
0.662
0.386471
0.501359
0.209484
0.554309
0.127899
0.590942
0.603871
0.662
0.197935
0.278241
0.662
0.266572
0.571364
0.130973
0.662
0.436262
0.026364
0.193291
0.181404
0.387638
0.284104
0.388578
0.662
0.190211
0.417231
0.174021
0.662
0.275395
0.370299
0.503871
0.579537
0.518205
0.317449
0.00516869
0.108339
0.113931
0.0184868
0.225589
0.240539
0.662
0.522798
0.161359
0.100595
0.489631
0.156559
0.102827
0.104027
0.312947
0.643183
0.53939
0.330273
0.238125
0.301908
0.662
0.370266
0.0892584
0.459473
0.282072
0.662
0.52455
0.0515032
0.125141
0.358128
0.219185
0.0960524
0.381931
0.0424557
0.0864099
0.100367
0.252291
0.0649348
0.389221
0.0187127
0.13374
0.662
0.140916
0.589018
0.614291
0.403005
0.296693
0.0104806
0.0947159
0.475742
0.180247
0.52391
0.088012
0.194637
0.0983882
0.100699
0.226221
0.662
0.0443289
0.422263
0.633554
0.0575959
0.225501
0.283136
0.662
0.0799301
0.119731
0.662
0.662
0.0543529
0.0911773
0.00540668
0.252529
0.253042
0.10291
0.516689
0.188346
0.0787065
0.0867845
0.141248
0.662
0.198865
0.389425
0.662
0.141096
0.662
0.177759
0.464069
0.202908
0.107335
0.0153647
0.607198
0.662
0.0496627
0.662
0.0684325
0.0715337
0.0893177
0.30176
0.017965
0.581061
0.436056
0.144764
0.169543
0.662
0.264345
0.153966
0.185703
0.432793
0.372562
0.294691
0.0711251
0.152774
0.662
0.274243
0.58741
0.128128
0.465279
0.225798
0.227307
0.447769
0.348514
0.461787
0.251891
0.437003
0.533649
0.630951
0.662
0.00315323
0.13334
0.459644
0.330511
0.662
0.413847
0.302023
0.183355
0.540758
0.168049
0.269011
0.552684
0.152197
0.131745
0.230441
0.443519
0.641863
0.102485
0.0909113
0.662
0.075966
0.225623
0.093519
0.590281
0.0995293
0.662
0.0553099
0.0787241
0.158431
0.0492646
0.662
0.0295604
0.334296
0.0760764
0.210566
0.662
0.662
0.0187545
0.297228
0.0539716
0.0741604
0.178624
0.193787
0.260136
0.0837339
0.662
0.236192
0.662
0.180927
0.24315
0.390465
0.478839
0.0983487
0.163426
0.134024
0.23173
0.145435
0.0778027
0.662
0.40543
0.0879973
0.536015
0.11945
0.385814
0.258
0.256756
0.0997834
0.389452
0.662
0.479049
0.570132
0.662
0.173673
0.451535
0.143841
0.611482
0.369844
0.225062
0.662
0.205392
0.235565
0.174274
0.078576
0.23661
0.529031
0.147288
0.662
0.503583
0.16752
0.662
0.662
0.623838
0.123468
0.160873
0.662
0.115185
0.662
0.110327
0.662
0.662
0.199751
0.0751511
0.662
0.18491
0.301835
0.181626
0.662
0.182086
0.662
0.102729
0.16044
0.39247
0.0757416
0.662
0.00514506
0.299951
0.307394
0.662
0.203657
0.662
0.0218483
0.662
0.286301
0.41552
0.662
0.662
0.0535332
0.00304707
0.55025
0.160622
0.662
0.0519304
0.174131
0.662
0.138338
0.128284
0.08039
0.662
0.0617955
0.381238
0.441011
0.3949
0.0657606
0.15019
0.243744
0.185406
0.617758
0.0766728
0.0874292
0.662
0.662
0.662
0.632007
0.0197476
0.662
0.374942
0.327319
0.404481
0.662
0.455845
0.540554
0.25946
0.492895
0.285038
0.255419
0.662
0.557126
0.0478212
0.0638713
0.0604766
0.662
0.458427
0.125494
0.0946405
0.0860037
0.224099
0.278411
0.314259
0.327931
0.0741352
0.0378658
0.118804
0.120996
0.112922
0.0260719
0.253021
0.417506
0.105797
0.331759
0.42702
0.15018
0.0502502
0.662
0.172489
0.0545921
0.305745
0.343397
0.032345
0.147781
0.132488
0.403316
0.235425
0.324602
0.662
0.439654
0.0439619
0.32623
0.662
0.299154
0.662
0.662
0.574906
0.381231
0.236402
0.234953
0.0460337
0.0205351
0.272538
0.118223
0.105765
0.186446
0.0703944
0.157211
0.00382254
0.120083
0.0666186
0.18546
0.180087
0.156967
0.575834
0.610342
0.662
0.530326
0.142216
0.0949696
0.662
0.662
0.662
0.662
0.0422886
0.290434
0.33087
0.555314
0.0861292
0.0440128
0.114272
0.0913273
0.662
0.662
0.0121085
0.204833
0.276117
0.662
0.105121
0.164814
0.662
0.642265
0.406959
0.220112
0.49254
0.465512
0.662
0.215609
0.444057
0.158132
0.662
0.662
0.300209
0.0833799
0.111098
0.169625
0.263284
0.462083
0.0525308
0.109141
0.252114
0.128009
0.38276
0.164147
0.210016
0.662
0.135888
0.113494
0.078153
0.361048
0.320653
0.415726
0.662
0.287089
0.190209
0.662
0.294859
0.662
0.662
0.456913
0.204208
0.110694
0.0829546
0.0985974
0.479031
0.662
0.0480959
0.126853
0.195222
0.339181
0.0184457
0.0139371
0.662
0.0334563
0.100392
0.508868
0.164035
0.128396
0.597702
0.0962154
0.662
0.162433
0.183273
0.0579889
0.139897
0.662
0.504498
0.662
0.336019
0.0619295
0.216315
0.134249
0.0495266
0.232678
0.281736
0.662
0.0502479
0.530937
0.662
0.511527
0.2829
0.593789
0.278272
0.152749
0.662
0.357475
0.47742
0.282541
0.662
0.221857
0.662
0.170977
0.0704505
0.157426
0.240663
0.506756
0.234462
0.30519
0.278609
0.442815
0.662
0.662
0.0784422
0.320423
0.451136
0.00818385
0.662
0.0708863
0.284368
0.478156
0.509272
0.147155
0.438285
0.127189
0.107979
0.411428
0.136474
0.136859
0.269776
0.0167518
0.27524
0.662
0.243452
0.105769
0.662
0.273877
0.47138
0.121174
0.291861
0.509745
0.121006
0.338879
0.662
0.319495
0.140742
0.0595721
0.180179
0.31012
0.0130416
0.0917353
0.340218
0.662
0.0589399
0.211618
0.662
0.223098
0.102123
0.283963
0.512876
0.57905
0.456073
0.356706
0.109937
0.195381
0.284731
0.442405
0.31253
0.440763
0.662
0.464375
0.0999261
0.00867934
0.234476
0.369951
0.662
0.13358
0.440157
0.297696
0.259406
0.0601078
0.662
0.180773
0.329073
0.190464
0.297781
0.662
0.662
0.662
0.487233
0.617229
0.26421
0.0568416
0.662
0.128446
0.493617
0.0876432
0.0532865
0.0762597
0.0811309
0.1279
0.0992444
0.116971
0.31009
0.366089
0.544938
0.12654
0.138356
0.392519
0.662
0.169309
0.514727
0.466566
0.635603
0.20254
0.270808
0.182337
0.254878
0.246358
0.351491
0.0552426
0.581285
0.490061
0.100577
0.275263
0.123521
0.00173411
0.662
0.63012
0.662
0.108016
0.424381
0.152574
0.581447
0.104281
0.0656766
0.365597
0.662
0.662
0.184475
0.184809
0.060536
0.119432
0.662
0.32411
0.144775
0.662
0.135013
0.123599
0.405417
0.178506
0.00816775
0.662
0.516701
0.145754
0.662
0.487306
0.593492
0.33716
0.406177
0.662
0.457675
0.438671
0.270026
0.650029
0.333038
0.199688
0.29331
0.448448
0.336687
0.581628
0.408271
0.107333
0.662
0.182245
0.366693
0.613039
0.046755
0.232684
0.351762
0.0944896
0.120185
0.0989122
0.662
0.662
0.326132
0.141488
0.0211465
0.286063
0.100024
0.09049
0.454692
0.410236
0.488432
0.11582
0.43871
0.662
0.593187
0.00763042
0.127197
0.00413287
0.327022
0.166289
0.439851
0.185903
0.41529
0.25091
0.129573
0.169791
0.0436557
0.0818912
0.128708
0.19198
0.258131
0.571888
0.662
0.662
0.174922
0.0871863
0.128856
0.341753
0.122952
0.331538
0.364798
0.145709
0.294143
0.633883
0.203729
0.070703
0.662
0.662
0.152696
0.662
0.503018
0.166465
0.118376
0.199552
0.113068
0.662
0.0353031
0.017365
0.224581
0.539637
0.075589
0.477146
0.179536
0.272052
0.125592
0.316814
0.30664
0.407819
0.425
0.114352
0.158696
0.0497503
0.139385
0.545144
0.662
0.133056
0.0364259
0.195938
0.291462
0.586203
0.662
0.094938
0.545644
0.0867655
0.322775
0.186668
0.111045
0.662
0.282377
0.442673
0.152865
0.497252
0.662
0.0994673
0.568618
0.662
0.640435
0.662
0.056977
0.398507
0.662
0.662
0.476315
0.662
0.662
0.387314
0.414096
0.116855
0.566967
0.662
0.48887
0.0824928
0.285319
0.386603
0.358631
0.662
0.662
0.247142
0.454257
0.174649
0.00606911
0.393326
0.433082
0.116309
0.138156
0.0868645
0.191368
0.264979
0.0661522
0.429017
0.662
0.0874631
0.220086
0.305734
0.662
0.187527
0.662
0.059606
0.662
0.0760832
0.095429
0.200713
0.202526
0.16415
0.0973096
0.140823
0.303767
0.662
0.341038
0.429024
0.112579
0.116971
0.188446
0.191975
0.544842
0.141077
0.105496
0.281648
0.24546
0.662
0.493873
0.0578119
0.240746
0.282123
0.662
0.556294
0.0710862
0.235339
0.471606
0.251587
0.351326
0.196293
0.13312
0.622447
0.297953
0.122514
0.363128
0.429009
0.662
0.115927
0.342328
0.152233
0.662
0.5538
0.0337854
0.207558
0.662
0.104634
0.662
0.194222
0.177818
0.399858
0.249192
0.186187
0.117281
0.402305
0.202741
0.592014
0.527899
0.223968
0.142163
0.281384
0.662
0.0443108
0.175318
0.175205
0.455472
0.461776
0.662
0.262735
0.129109
0.114335
0.069856
0.500078
0.198308
0.111273
0.0688559
0.546714
0.0727216
0.400724
0.553461
0.0788103
0.114076
0.248299
0.46696
0.176524
0.0344385
0.341024
0.402168
0.662
0.0773552
0.162019
0.299985
0.254306
0.175236
0.3369
0.662
0.17531
0.190824
0.0124647
0.188826
0.0626303
0.206377
0.344822
0.123533
0.240002
0.614897
0.0455194
0.266117
0.015998
0.109842
0.262117
0.166545
0.122447
0.662
0.662
0.395111
0.391352
0.117932
0.107918
0.658419
0.363381
0.190229
0.662
0.224187
0.536789
0.327638
0.662
0.662
0.228267
0.064007
0.21839
0.582217
0.571079
0.128959
0.196739
0.188768
0.00415075
0.559732
0.662
0.0871186
0.335457
0.269648
0.662
0.0517725
0.109396
0.165608
0.198542
0.552336
0.128894
0.423658
0.114206
0.662
0.197226
0.19616
0.111339
0.106155
0.0867024
0.36496
0.505626
0.224356
0.215081
0.103868
0.175048
0.151241
0.662
0.662
0.662
0.157573
0.241778
0.344813
0.662
0.0178154
0.377433
0.120321
0.0848718
0.120303
0.242804
0.117505
0.463606
0.439275
0.0830427
0.146762
0.198017
0.378735
0.394448
0.662
0.366959
0.662
0.0618767
0.388785
0.0838198
0.111179
0.238984
0.662
0.530681
0.0477723
0.149449
0.159418
0.442488
0.530421
0.20339
0.187611
0.662
0.0903119
0.338222
0.474986
0.416107
0.185461
0.221019
0.0744352
0.362734
0.0485884
0.40443
0.0474788
0.107785
0.0636723
0.120362
0.274844
0.11935
0.113643
0.662
0.249622
0.621622
0.333157
0.0925581
0.246766
0.255824
0.377879
0.206625
0.176282
0.639806
0.525586
0.244243
0.407892
0.0693396
0.314081
0.370183
0.0918993
0.222067
0.109855
0.03418
0.216733
0.662
0.234782
0.0935762
0.331184
0.142726
0.143254
0.18398
0.0712645
0.12076
0.0431538
0.662
0.124912
0.0494363
0.134928
0.0960176
0.376608
0.348087
0.176259
0.662
0.646718
0.182248
0.450942
0.662
0.156796
0.14916
0.170771
0.59093
0.212337
0.145
0.267673
0.527267
0.0511548
0.197468
0.494264
0.28401
0.105523
0.0536634
0.120638
0.275833
0.117377
0.161713
0.10578
0.00852546
0.220082
0.216332
0.586941
0.25969
0.662
0.190778
0.478539
0.354197
0.0351268
0.494131
0.662
0.120552
0.195825
0.662
0.111188
0.0742626
0.542496
0.240043
0.613874
0.158749
0.132503
0.566362
0.0418184
0.343265
0.662
0.277185
0.0854795
0.101232
0.662
0.150069
0.259248
0.296866
0.292211
0.438044
0.128158
0.232329
0.060016
0.097244
0.0940304
0.0721597
0.0681677
0.489076
0.47307
0.288463
0.662
0.0827993
0.146054
0.30306
0.446831
0.428634
0.101892
0.111778
0.629317
0.662
0.000543232
0.344466
0.29983
0.15888
0.0351789
0.238799
0.633045
0.0933065
0.483369
0.560887
0.662
0.347142
0.662
0.383937
0.662
0.662
0.278268
0.236963
0.662
0.465769
0.115981
0.662
0.109625
0.103458
0.662
0.662
0.374329
0.221448
0.0125612
0.662
0.355492
0.286054
0.144373
0.253924
0.662
0.0798514
0.470855
0.101395
0.412608
0.540899
0.101867
0.662
0.28698
0.104861
0.394656
0.107823
0.113271
0.122558
0.158801
0.289633
0.314583
0.0794398
0.324292
0.449452
0.125836
0.288556
0.323086
0.326862
0.140634
0.0587024
0.0084997
0.357438
0.20816
0.136099
0.0349942
0.662
0.541605
0.194002
0.662
0.191879
0.240937
0.662
0.430399
0.0992082
0.199653
0.564012
0.215998
0.571333
0.280976
0.149013
0.614894
0.0727526
0.411932
0.609089
0.662
0.103749
0.199524
0.233866
0.581474
0.662
0.122664
0.119039
0.157627
0.662
0.559202
0.0715191
0.200662
0.578958
0.280355
0.476688
0.401737
0.063327
0.115282
0.438309
0.00535517
0.662
0.0933765
0.662
0.524965
0.260624
0.126488
0.358024
0.0383062
0.369261
0.196846
0.157169
0.233246
0.447836
0.662
0.57417
0.166727
0.095709
0.400062
0.662
0.527562
0.662
0.256497
0.241831
0.157862
0.174081
0.303941
0.1305
0.0998635
0.0840745
0.494242
0.12283
0.164318
0.521734
0.357106
0.232808
0.413957
0.131286
0.265016
0.119807
0.662
0.659903
0.149951
0.111676
0.0849632
0.0660773
0.143364
0.0281867
0.0959428
0.124625
0.303167
0.397423
0.263252
0.337138
0.103772
0.0629866
0.0635015
0.202858
0.238422
0.135094
0.662
0.662
0.0362897
0.401538
0.223766
0.0566607
0.662
0.662
0.0575855
0.136282
0.222606
0.0536224
0.135713
0.146864
0.464838
0.260439
0.324331
0.247572
0.195447
0.208858
0.0709126
0.42165
0.245366
0.522544
0.107738
0.511932
0.662
0.11283
0.505524
0.099916
0.174468
0.23375
0.172289
0.122761
0.204721
0.662
0.372544
0.0346251
0.0691196
0.662
0.143078
0.282764
0.102066
0.0113947
0.483348
0.662
0.072051
0.26468
0.28263
0.0697338
0.439912
0.102922
0.182993
0.325876
0.590322
0.662
0.390805
0.38718
0.0886168
0.156377
0.259308
0.308243
0.662
0.0571082
0.124354
0.112591
0.662
0.662
0.304393
0.200699
0.0923061
0.554901
0.525956
0.335551
0.0594449
0.107052
0.662
0.165464
0.520267
0.402746
0.662
0.662
0.652168
0.159104
0.234761
0.237223
0.498509
0.170295
0.662
0.0531179
0.662
0.662
0.20319
0.0660868
0.247776
0.208735
0.390082
0.527953
0.104694
0.202858
0.284425
0.126663
0.662
0.350271
0.206872
0.574366
0.584038
0.216386
0.662
0.283781
0.662
0.318724
0.0555064
0.0865228
0.0730948
0.143054
0.201572
0.345492
0.371044
0.089384
0.198346
0.0460961
0.141069
0.221799
0.143145
0.662
0.169238
0.202852
0.302342
0.522149
0.201951
0.559483
0.592167
0.662
0.307075
0.162598
0.240151
0.202082
0.635368
0.0590651
0.662
0.439467
0.276684
0.120903
0.662
0.432816
0.662
0.254677
0.361871
0.662
0.662
0.122005
0.456517
0.125871
0.465449
0.416024
0.0606848
0.499552
0.0663754
0.235224
0.137022
0.660743
0.464963
0.19687
0.412546
0.21766
0.184369
0.0875942
0.662
0.250085
0.662
0.0421085
0.191688
0.475076
0.125986
0.475211
0.382131
0.662
0.662
0.122794
0.301569
0.181967
0.080789
0.478916
0.278343
0.164108
0.246879
0.621403
0.126896
0.0656391
0.305657
0.434348
0.662
0.100404
0.0794208
0.0962219
0.139121
0.454221
0.184371
0.295678
0.662
0.662
0.0324725
0.294323
