0.00801715
0.0144011
0.367876
0.362617
0.662
0.0945301
0.272139
0.0874657
0.235465
0.514311
0.61529
0.0080271
0.0877907
0.215797
0.187021
0.361011
0.0457159
0.410549
0.293215
0.448221
0.0850664
0.177248
0.550198
0.1914
0.0299636
0.0884591
0.112924
0.230667
0.552725
0.299505
0.115624
0.213177
0.20956
0.0631684
0.0448949
0.378039
0.546948
0.206534
0.494753
0.0649066
0.101733
0.662
0.365475
0.496207
0.294748
0.107495
0.662
0.636795
0.0555941
0.641946
0.643177
0.267028
0.365808
0.237253
0.227985
0.11232
0.294122
0.192279
0.152709
0.618019
0.117403
0.180912
0.101279
0.322406
0.427499
0.103615
0.418804
0.277244
0.353574
0.126632
0.170339
0.173068
0.0712037
0.119345
0.0974941
0.658323
0.163811
0.117863
0.459901
0.153795
0.39142
0.227239
0.458181
0.158148
0.157245
0.120888
0.476594
0.398679
0.133683
0.162088
0.567537
0.526152
0.347871
0.102774
0.0783083
0.0154826
0.267494
0.0677203
0.0604795
0.0649122
0.336788
0.448391
0.662
0.517716
0.401129
0.0977293
0.27537
0.399703
0.125003
0.0901096
0.662
0.139497
0.108654
0.100554
0.501077
0.300885
0.264945
0.252074
0.173255
0.329937
0.3583
0.251729
0.289327
0.359406
0.316789
0.177629
0.377952
0.289286
0.384385
0.589385
0.148625
0.565624
0.157905
0.448085
0.360088
0.110944
0.126072
0.151375
0.662
0.1758
0.328384
0.485679
0.276585
0.0332773
0.105858
0.636875
0.0897255
0.0704008
0.0563322
0.140339
0.467648
0.0873741
0.0649763
0.0330912
0.0527561
0.662
0.0981773
0.065478
0.159018
0.171405
0.219226
0.0958503
0.252228
0.0978337
0.471459
0.362173
0.321731
0.108443
0.114318
0.197507
0.504788
0.662
0.662
0.219867
0.387896
0.536983
0.639087
0.105953
0.111901
0.0618011
0.349628
0.0687367
0.0691367
0.413807
0.303636
0.187601
0.0645475
0.0903456
0.101529
0.0307772
0.164037
0.116426
0.0999043
0.463586
0.129258
0.413629
0.0770052
0.176426
0.111007
0.120548
0.514071
0.155345
0.117223
0.08149
0.131783
0.257387
0.216946
0.302879
0.252302
0.103513
0.203581
0.539366
0.35988
0.0600842
0.344578
0.296166
0.388271
0.594949
0.390201
0.355602
0.200431
0.213414
0.0721004
0.563327
0.258405
0.0439118
0.214038
0.0873095
0.633065
0.0836764
0.343313
0.131118
0.662
0.278745
0.0614399
0.151362
0.291111
0.0877386
0.103896
0.195309
0.261534
0.309127
0.0802994
0.341561
0.634308
0.0855279
0.089693
0.373461
0.375362
0.458485
0.290457
0.642599
0.0785835
0.1486
0.298604
0.274195
0.148664
0.662
0.356073
0.351462
0.139007
0.0592369
0.37398
0.0254352
0.495431
0.146176
0.199717
0.242993
0.307516
0.127993
0.112251
0.115658
0.199896
0.419123
0.452712
0.0597558
0.282911
0.180239
0.0882665
0.104605
0.0413869
0.215135
0.0253528
0.229448
0.22506
