0.662
0.243311
0.279786
0.128718
0.571875
0.114383
0.345834
0.362422
0.44114
0.662
0.1696
0.514717
0.106083
0.432354
0.377562
0.169937
0.662
0.361405
0.403656
0.232525
0.163328
0.241547
0.662
0.313827
0.0936555
0.0542806
0.213193
0.351333
0.0903916
0.108324
0.662
0.373956
0.156939
0.331874
0.161925
0.305888
0.229852
0.244887
0.128892
0.426377
0.365101
0.0706078
0.461166
0.662
0.143329
0.662
0.662
0.0844051
0.13511
0.662
0.110951
0.0751077
0.590386
0.490927
0.408403
0.0376732
0.662
0.14317
0.593168
0.177353
0.346631
0.0116864
0.662
0.662
0.0606511
0.346609
0.149273
0.468102
0.232981
0.120911
0.319608
0.347073
0.0682526
0.176372
0.662
0.0466889
0.472363
0.220085
0.326863
0.10743
0.267986
0.190663
0.662
0.390102
0.572066
0.0498334
0.194165
0.225166
0.166985
0.47303
0.182706
0.331582
0.253175
0.662
0.240457
0.662
0.662
0.130316
0.174316
0.474704
0.208942
0.247484
0.196419
0.175437
0.055977
0.220131
0.662
0.0212937
0.523075
0.662
0.662
0.29895
0.662
0.174845
0.467122
0.581563
0.210333
0.356476
0.626768
0.116038
0.0652448
0.209878
0.662
0.11318
0.0575169
0.268681
0.288234
0.658649
0.348447
0.311039
0.0437328
0.147424
0.213217
0.097789
0.098702
0.116022
0.040205
0.00588102
0.662
0.299388
0.343699
0.0612161
0.245604
0.109585
0.229478
0.662
0.0936821
0.32855
0.593119
0.0592463
0.0881268
0.306919
0.0547592
0.258509
0.0671792
0.537536
0.186556
0.616027
0.35317
0.231668
0.662
0.0660574
0.290449
0.217126
0.256772
0.315942
0.129302
0.166184
0.0320617
0.0883027
0.0964518
0.662
0.111584
0.440252
0.662
0.311886
0.0795924
0.145873
0.357832
0.0137075
0.662
0.24243
0.33678
0.171512
0.642797
0.224836
0.662
0.142469
0.182948
0.272373
0.662
0.1828
0.0954276
0.247479
0.398292
0.444588
0.662
0.382674
0.621091
0.266532
0.123098
0.0635209
0.662
0.0626714
0.266364
0.00818346
0.662
0.662
0.096686
0.582224
0.257743
0.352482
0.301854
0.0245458
0.167341
0.0748074
0.142324
0.662
0.130168
0.112022
0.146175
0.0702494
0.0991784
0.578162
0.1283
0.657963
0.101817
0.202052
0.526157
0.317976
0.519518
0.350176
0.32291
0.102033
0.136995
0.423077
0.472532
0.620824
0.101583
0.188583
0.167923
0.248196
0.254755
0.0563526
0.0652327
0.337434
0.309421
0.292916
0.0484731
0.662
0.143467
0.0943836
0.419134
0.0660773
0.662
0.0979438
0.0897218
0.454201
0.662
0.160343
0.161295
0.662
0.216486
0.0676039
0.256521
0.495894
0.106485
0.160128
0.662
0.483553
0.185506
0.662
0.00183957
0.494727
0.192292
0.243093
0.662
0.277596
0.490995
0.15934
0.175345
0.0840231
0.161744
0.0588722
0.0146225
0.655927
0.269212
0.132395
0.265851
0.105224
0.0343596
0.662
0.515907
0.190705
0.662
0.0864699
0.0716915
0.662
0.0818899
0.662
0.662
0.320174
0.473466
0.662
0.338169
0.0280474
0.190133
0.186086
0.113607
0.109691
0.436615
0.587065
0.136646
0.0784618
0.662
0.223005
0.649938
0.344232
0.662
0.0927491
0.662
0.197122
0.330347
0.136277
0.547975
0.0707207
0.662
0.0687826
0.00882002
0.0815693
0.662
0.351496
0.149888
0.216189
0.104612
0.476424
0.332479
0.388439
0.328358
0.0323337
0.662
0.145963
0.204665
0.662
0.176082
0.56259
0.464886
0.638792
0.38201
0.417677
0.173429
0.332068
0.117997
0.0957278
0.203268
0.162183
0.207605
0.117718
0.443609
0.164361
0.547536
0.0814457
0.366173
0.129503
0.591561
0.0779618
0.662
0.11792
0.382786
0.0867166
0.116791
0.221127
0.449134
0.165015
0.403488
0.0413297
0.106927
0.423787
0.488388
0.1366
0.134159
0.662
0.0867309
0.263135
0.372164
0.544935
0.454029
0.49225
0.073659
0.591808
0.113246
0.529769
0.637815
0.148795
0.254905
0.107548
0.392294
0.451387
0.408313
0.264286
0.129231
0.425884
0.472718
0.196167
0.478034
0.662
0.110892
0.202849
0.194298
0.344727
0.662
0.177307
0.0793021
0.402961
0.208666
0.450547
0.284225
0.281564
0.575906
0.213884
0.425766
0.23245
0.662
0.463328
0.273648
0.474592
0.479913
0.475119
0.360837
0.262228
0.662
0.370991
0.662
0.0692178
0.120361
0.260207
0.146566
0.244469
0.310806
0.0358887
0.340782
0.662
0.662
0.525188
0.351827
0.489187
0.584806
0.463724
0.0808818
0.0402454
0.144335
0.136221
0.344137
0.133379
0.662
0.129793
0.163412
0.131779
0.567263
0.453483
0.0825891
0.626045
0.355517
0.312596
0.0607685
0.322739
0.662
0.120919
0.280096
0.269208
0.0909865
0.245041
0.414619
0.391849
0.0538559
0.447277
0.376293
0.28043
0.35744
0.208921
0.216157
0.474185
0.137935
0.44283
0.662
0.185297
0.188995
0.486171
0.425353
0.152409
0.0733856
0.662
0.376183
0.226133
0.588445
0.662
0.171081
0.382798
0.662
0.410587
0.662
0.306217
0.209736
0.00651049
0.396741
0.116864
0.542174
0.121529
0.662
0.662
0.446535
0.662
0.368184
0.662
0.395873
0.254188
0.231219
0.0832746
0.506344
0.0923635
0.125444
0.469224
0.223972
0.451905
0.0620673
0.121468
0.0776772
0.662
0.466734
0.177897
0.285171
0.245775
0.0580978
0.0905632
0.115204
0.0440846
0.63339
0.210007
0.017849
0.250137
0.236852
0.267734
0.0723391
0.271574
0.662
0.033222
0.275919
0.584694
0.662
0.409093
0.660087
0.152615
0.175163
0.380869
0.265937
0.471292
0.354102
0.515751
0.662
0.353416
0.16554
0.34229
0.0389423
0.587571
0.189177
0.520828
0.321832
0.662
0.662
0.421988
0.0577495
0.662
0.280086
0.0985655
0.335367
0.0054647
0.662
0.0774028
0.308206
0.293359
0.106523
0.109612
0.170044
0.14276
0.0685416
0.0909403
0.102809
0.259362
0.662
0.142462
0.576652
0.438758
0.107277
0.0652316
0.326683
0.662
0.234961
0.0443729
0.0555005
0.46693
0.117929
0.662
0.662
0.239965
0.331213
0.174007
0.489406
0.142322
0.0675351
0.586362
0.119458
0.157725
0.064154
0.147117
0.0905166
0.13431
0.0439233
0.277677
0.18316
0.482795
0.20825
0.271149
0.284644
0.662
0.509619
0.437714
0.434997
0.120109
0.0963177
0.445755
0.638302
0.60713
0.579056
0.216663
0.117842
0.126362
0.662
0.118227
0.0793253
0.0835526
0.464613
0.0525969
0.603392
0.346501
0.662
0.263246
0.120464
0.133318
0.413432
0.460467
0.118291
0.300605
0.158303
0.459562
0.0465631
0.648998
0.307222
0.101452
0.313393
0.662
0.598482
0.229896
0.180323
0.662
0.662
0.641239
0.246827
0.610014
0.0921509
0.662
0.112154
0.662
0.135266
0.177198
0.22603
0.254578
0.011795
0.461388
0.662
0.421068
0.283019
0.183548
0.662
0.311383
0.0983946
0.292978
0.309018
0.128261
0.662
0.662
0.46487
0.195879
0.36805
0.472444
0.142312
0.346728
0.198959
0.205116
0.177554
0.130631
0.152729
0.0384886
0.662
0.430037
0.113274
0.149068
0.0871115
0.662
0.018166
0.234574
0.662
0.309985
0.224905
0.662
0.162364
0.214135
0.0995531
0.406095
0.104919
0.113465
0.633694
0.174088
0.433815
0.210917
0.0578972
0.181276
0.269635
0.659941
0.662
0.242479
0.491702
0.0146228
0.350091
0.140581
0.662
0.298307
0.0873473
0.0913913
0.0400768
0.167599
0.263171
0.309825
0.662
0.416866
0.424175
0.0776616
0.662
0.0729617
0.114857
0.537195
0.547265
0.211428
0.625348
0.264195
0.186906
0.0794936
0.662
0.308681
0.348749
0.146649
0.185421
0.0585417
0.492484
0.662
0.372534
0.275937
0.662
0.124572
0.0684775
0.662
0.392828
0.113044
0.254119
0.620756
0.298744
0.069325
0.307656
0.20524
0.286027
0.470385
0.515072
0.268254
0.215662
0.109694
0.227084
0.307112
0.192532
0.0232799
0.050059
0.0394561
0.126372
0.510237
0.235798
0.0484322
0.108853
0.305945
0.126494
0.662
0.0528176
0.409635
0.662
0.110616
0.662
0.381049
0.0861167
0.662
0.0117802
0.368098
0.0696446
0.420621
0.211134
0.662
0.223761
0.112164
0.662
0.538782
0.525235
0.101175
0.0522994
0.0581826
0.397132
0.165079
0.662
0.630506
0.520132
0.588563
0.129896
0.0347281
0.229041
0.195484
0.0572456
0.125729
0.0675496
0.167313
0.572254
0.0491965
0.208153
0.450733
0.662
0.314729
0.256683
0.0621239
0.124369
0.376011
0.120893
0.254945
0.662
0.334002
0.159268
0.645175
0.312247
0.389991
0.223457
0.150684
0.662
0.456715
0.289345
0.176427
0.394646
0.584565
0.229581
0.273022
0.662
0.324598
0.38596
0.148738
0.234983
0.169532
0.650369
0.662
0.662
0.12024
0.178407
0.249307
0.11923
0.0577635
0.0916111
0.276183
0.0776732
0.0909235
0.0947522
0.271151
0.184625
0.662
0.107244
0.48822
0.160231
0.0848988
0.1107
0.461123
0.369113
0.137769
0.0464359
0.240209
0.046665
0.113205
0.12268
0.473882
0.253379
0.146795
0.134773
0.662
0.499279
0.188668
0.521486
0.0880639
0.318765
0.0630473
0.00589005
0.284288
0.0488186
0.0968676
0.00054868
0.662
0.0957888
0.153053
0.231933
0.0864436
0.12612
0.662
0.350528
0.430768
0.662
0.177339
0.437986
0.34858
0.594814
0.379874
0.662
0.12631
0.622424
0.132793
0.105025
0.306428
0.211744
0.662
0.23915
0.0138655
0.00753387
0.0907069
0.273029
0.662
0.0509587
0.111041
0.662
0.273895
0.0330733
0.0957581
0.159276
0.662
0.328301
0.116339
0.215376
0.563937
0.0814286
0.0985227
0.205123
0.176004
0.280644
0.369111
0.122108
0.491804
0.662
0.195196
0.662
0.662
0.464169
0.110948
0.537016
0.0654223
0.662
0.246868
0.257242
0.225864
0.662
0.504196
0.241573
0.662
0.166762
0.338108
0.125453
0.038517
0.0899806
0.302607
0.478652
0.0961302
0.295654
0.325467
0.073505
0.112804
0.54062
0.0938992
0.37029
0.33035
0.0331258
0.393321
0.141993
0.0467808
0.199519
0.0456843
0.0508642
0.0673256
0.162665
0.424158
0.353614
0.497017
0.236809
0.0904645
0.204733
0.58593
0.563873
0.195314
0.662
0.38869
0.169173
0.297154
0.662
0.520125
0.369122
0.662
0.422316
0.274304
0.177765
0.0813936
0.109559
0.160314
0.103505
0.0110234
0.0805792
0.0721473
0.37927
0.0635511
0.040794
0.00572574
0.322054
0.0384956
0.277215
0.307131
0.0698382
0.093031
0.470842
0.192626
0.337507
0.150375
0.531555
0.0457731
0.115737
0.16916
0.243855
0.444444
0.532828
0.192638
0.429782
0.662
0.662
0.662
0.192928
0.449616
0.306169
0.23788
0.259958
0.123752
0.142118
0.142821
0.0509835
0.204261
0.34872
0.57942
0.0886765
0.326046
0.0350116
0.0960614
0.0100284
0.190961
0.145393
0.662
0.377481
0.662
0.547282
0.235676
0.662
0.093749
0.0774896
0.136282
0.662
0.131495
0.348662
0.662
0.288456
0.376754
0.262437
0.139056
0.422051
0.0927856
0.187562
0.597399
0.000981156
0.59876
0.593179
0.403774
0.411379
0.0766736
0.630818
0.255925
0.0793897
0.662
0.127721
0.0441999
0.662
0.36343
0.0680212
0.0546541
0.47399
0.495136
0.0716428
0.662
0.128117
0.569034
0.248048
0.165828
0.662
0.124465
0.497982
0.283262
0.559475
0.662
0.185147
0.0366749
0.2915
0.438642
0.434066
0.662
0.198925
0.163012
0.662
0.34137
0.221718
0.284922
0.612296
0.279095
0.113848
0.662
0.0575117
0.0297546
0.185148
0.165781
0.34196
0.103514
0.0831512
0.316252
0.147196
0.21039
0.0849596
0.246983
0.477023
0.355023
0.502828
0.266423
0.134497
0.662
0.466592
0.149353
0.225139
0.662
0.607921
0.656616
0.568357
0.532868
0.662
0.0416689
0.615829
0.0828858
0.0307815
0.259721
0.662
0.662
0.662
0.662
0.107172
0.120526
0.616299
0.107323
0.419039
0.276562
0.0815212
0.0823095
0.486931
0.470799
0.420174
0.162096
0.106992
0.662
0.113464
0.155846
0.194804
0.197048
0.662
0.406901
0.456119
0.662
0.284965
0.16849
0.0183181
0.0417505
0.480984
0.328649
0.662
0.0564016
0.505435
0.662
0.200654
0.217869
0.12522
0.323526
0.323718
0.443371
0.662
0.662
0.241082
0.284629
0.242103
0.126875
0.147902
0.234822
0.0659095
0.0574866
0.164829
0.10825
0.662
0.0309971
0.318288
0.092103
0.0236825
0.0242494
0.403112
0.524888
0.377791
0.245193
0.270917
0.662
0.0148638
0.123465
0.0109586
0.481236
0.277446
0.130465
0.459292
0.212317
0.192337
0.155673
0.0845684
0.0933589
0.662
0.662
0.206452
0.662
0.131142
0.00108525
0.20446
0.301313
0.0445234
0.662
0.0537115
0.117228
0.662
0.0374855
0.177682
0.266473
0.202069
0.0605782
0.218956
0.662
0.0577908
0.461988
0.0281725
0.140898
0.0448632
0.662
0.662
0.173131
0.0916353
0.662
0.136675
0.258063
0.232565
0.185363
0.106793
0.25068
0.144893
0.662
0.0163642
0.240701
0.193848
0.111815
0.662
0.241993
0.467668
0.662
0.336148
0.303755
0.203829
0.18901
0.201583
0.250487
0.0153148
0.451862
0.662
0.257346
0.159623
0.140866
0.154703
0.406519
0.662
0.203065
0.293598
0.106928
0.584584
0.423985
0.312079
0.124622
0.0306534
0.561957
0.0601141
0.0954263
0.562468
0.312038
0.470186
0.662
0.662
0.169367
0.130313
0.146964
0.126069
0.662
0.662
0.512573
0.218529
0.265308
0.051432
0.662
0.150103
0.627985
0.662
0.455446
0.113096
0.321513
0.637477
0.358015
0.0785866
0.107805
0.648799
0.662
0.00996433
0.184496
0.076063
0.0807348
0.296583
0.0785986
0.364664
0.279102
0.596456
0.458372
0.185859
0.242377
0.335523
0.662
0.212341
0.244509
0.077495
0.352906
0.0246291
0.397007
0.128061
0.662
0.0447876
0.662
0.145057
0.387168
0.195873
0.662
0.560326
0.662
0.157875
0.477493
0.55211
0.107181
0.662
0.222779
0.0471611
0.662
0.189803
0.609197
0.386036
0.298479
0.315702
0.662
0.662
0.272633
0.139629
0.662
0.115201
0.0939856
0.0974543
0.273295
0.0488934
0.0987701
0.385486
0.0702062
0.662
0.410565
0.0813531
0.0578792
0.662
0.172758
0.3383
0.557505
0.510301
0.662
0.0606287
0.131154
0.279765
0.0669035
0.226626
0.257395
0.140889
0.397244
0.101562
0.638903
0.318829
0.184801
0.0607849
0.662
0.14557
0.662
0.232395
0.298697
0.461029
0.361016
0.654957
0.184551
0.0927143
0.594455
0.662
0.298262
0.662
0.662
0.662
0.21759
0.429159
0.139024
0.190308
0.565806
0.662
0.0153149
0.30521
0.25168
0.353357
0.112257
0.348836
0.120369
0.662
0.115904
0.204778
0.224155
0.447639
0.466724
0.10598
0.104072
0.17478
0.198737
0.662
0.0642589
0.294781
0.662
0.625378
0.0460317
0.662
0.322741
0.0879875
0.352383
0.105388
0.149102
0.151851
0.0211491
0.10645
0.482526
0.327995
0.34694
0.507838
0.378355
0.662
0.513198
0.102434
0.185731
0.093675
0.444662
0.197984
0.111257
0.0692843
0.217662
0.0821189
0.196116
0.151241
0.257051
0.501444
0.244327
0.151365
0.0726293
0.43129
0.431175
0.0840887
0.0678548
0.394806
0.662
0.177897
0.0915428
0.492196
0.39549
0.272776
0.377564
0.245662
0.158488
0.662
0.662
0.101137
0.454094
0.428051
0.530661
0.458226
0.662
0.662
0.352489
0.437328
0.299262
0.623094
0.106816
0.140747
0.113777
0.107131
0.235081
0.662
0.369577
0.228881
0.453351
0.365143
0.662
0.124824
0.53578
0.150625
0.077282
0.0774684
0.1352
0.293646
0.0494297
0.662
0.13027
0.662
0.411329
0.427129
0.308082
0.488492
0.383754
0.19649
0.285622
0.0755824
0.0218227
0.143081
0.409997
0.642233
0.289393
0.321297
0.13796
0.195117
0.00767695
0.459931
0.383612
0.106355
0.323284
0.662
0.251297
0.662
0.339622
0.307697
0.11685
0.38582
0.191876
0.6485
0.662
0.12766
0.48534
0.279179
0.352872
0.214411
0.105217
0.662
0.230994
0.268259
0.590859
0.611139
0.217393
0.239737
0.585908
0.662
0.153445
0.140644
0.0585192
0.483001
0.0942528
0.191937
0.662
0.662
0.186185
0.481572
0.312296
0.106921
0.385774
0.0492988
0.430293
0.117896
0.212012
0.0407459
0.620435
0.420859
0.259838
0.662
0.314879
0.191791
0.421343
0.181122
0.25128
0.662
0.184586
0.0595153
0.0642751
0.257265
0.662
0.2942
0.275895
0.0627531
0.27186
0.662
0.298021
0.662
0.662
0.208925
0.662
0.490829
0.129441
0.412148
0.381172
0.0864644
0.0787915
0.201344
0.143927
0.101138
0.546744
0.0779082
0.0936577
0.0577124
0.16696
0.111904
0.51682
0.641147
0.0824026
0.351778
0.325583
0.230683
0.0874414
0.0488367
0.508637
0.662
0.662
0.662
0.135291
0.387662
0.394513
0.263564
0.0792921
0.0565225
0.180468
0.0849026
0.174136
0.277501
0.662
0.470425
0.199627
0.271609
0.298396
0.570086
0.434034
0.331631
0.0199797
0.247051
0.0446064
0.662
0.301191
0.233367
0.547434
0.0471983
0.112816
0.165137
0.0993744
0.590146
0.0266502
0.662
0.650859
0.376013
0.477784
0.395142
0.172943
0.474162
0.597517
0.0204329
0.160381
0.028945
0.196548
0.200138
0.233033
0.221877
0.546667
0.32776
0.618395
0.310011
0.105566
0.0956409
0.662
0.237422
0.0926023
0.0876066
0.662
0.517947
0.278806
0.36469
0.416176
0.112376
0.250409
0.662
0.312629
0.200272
0.291698
0.174378
0.2696
0.190814
0.662
0.0683497
0.579964
0.171456
0.330233
0.171391
0.299392
0.662
0.198809
0.0480498
0.156364
0.152207
0.662
0.280738
0.221732
0.15122
0.14339
0.14052
0.662
0.644583
0.510833
0.265602
0.0840016
0.28072
0.662
0.605552
0.182355
0.147613
0.422797
0.551633
0.662
0.580945
0.242652
0.435404
0.226198
0.662
0.598866
0.385078
0.0790104
0.330567
0.16318
0.536554
0.246183
0.662
0.0108474
0.662
0.265308
0.378568
0.545243
0.255964
0.140639
0.350046
0.26745
0.226922
0.507314
0.662
0.150518
0.277068
0.565114
0.187962
0.662
0.0543913
0.318381
0.329563
0.130418
0.0930859
0.108609
0.259028
0.0604713
0.374175
0.662
0.188312
0.0858533
0.332009
0.24524
0.299366
0.631864
0.0650581
0.395892
0.208198
0.224071
0.142557
0.237551
0.20655
0.662
0.432341
0.52575
0.662
0.281593
0.29957
0.662
0.120614
0.662
0.0504293
0.113113
0.0659719
0.147394
0.0139775
0.208865
0.0733108
0.35982
0.236965
0.250715
0.270936
0.46696
0.109995
0.662
0.153851
0.0770527
0.441312
0.662
0.245748
0.662
0.456348
0.177725
0.196392
0.178923
0.662
0.13572
0.662
0.302772
0.190928
0.356804
0.662
0.0506776
0.0130936
0.304473
0.0129469
0.209273
0.662
0.21761
0.54386
0.543607
0.325157
0.169837
0.220041
0.662
0.187547
0.385429
0.189201
0.103337
0.12943
0.20135
0.662
0.181626
0.629622
0.069262
0.29607
0.241529
0.115976
0.148964
0.195208
0.0771084
0.382208
0.217325
0.648474
0.0624557
0.334008
0.31977
0.177284
0.662
0.662
0.0538223
0.479164
0.0667739
0.158026
0.181103
0.662
0.337186
0.230233
0.101316
0.168698
0.146704
0.0841578
0.114213
0.528103
0.070988
0.0909033
0.238623
0.662
0.139568
0.662
0.290995
0.179309
0.328865
0.662
0.0934442
0.247057
0.349586
0.607163
0.662
0.412423
0.128348
0.0503374
0.337996
0.526958
0.458241
0.322596
0.118283
0.190082
0.0566043
0.0704881
0.662
0.352477
0.0863748
0.662
0.442688
0.338566
0.662
0.0921151
0.125944
0.102499
0.460445
0.132485
0.446351
0.0436107
0.662
0.356368
0.662
0.133515
0.445648
0.137665
0.662
0.562889
0.144813
0.20623
0.215266
0.149974
0.141533
0.662
0.102535
0.379504
0.198507
0.650163
0.18003
0.0860678
0.0930024
0.662
0.586905
0.160842
0.363466
0.079219
0.157263
0.244423
0.662
0.400328
0.662
0.169147
0.436564
0.252817
0.316699
0.278828
0.446388
0.662
0.662
0.467677
0.387912
0.386751
0.258921
0.0342152
0.55174
0.20405
0.195335
0.662
0.501705
0.0577436
0.255682
0.192349
0.662
0.39831
0.662
0.00259272
0.379749
0.610734
0.132543
0.156973
0.274912
0.662
0.596648
0.43916
0.102697
0.08468
0.0988095
0.148304
0.22866
0.277521
0.193311
0.465141
0.314814
0.321679
0.577319
0.662
0.324955
0.662
0.26476
0.249309
0.0546959
0.401841
0.662
0.578246
0.425113
0.0646836
0.107671
0.353235
0.108077
0.143551
0.287356
0.110212
0.179554
0.468358
0.662
0.0660514
0.406607
0.298162
0.0707433
0.514447
0.379385
0.16241
0.109696
0.662
0.456994
0.593107
0.662
0.527714
0.0769554
0.288656
0.281566
0.0866653
0.572339
0.352981
0.634557
0.662
0.315162
0.418377
0.101417
0.662
0.662
0.662
0.215453
0.178557
0.39336
0.200399
0.143263
0.105666
0.226079
0.198013
0.610806
0.346089
0.158355
0.662
0.110541
0.269823
0.304751
0.662
0.304559
0.360014
0.541887
0.140959
0.310871
0.662
0.0933938
0.662
0.1616
0.0612299
0.0650357
0.241196
0.106719
0.279313
0.31871
0.205674
0.474991
0.212741
0.0521967
0.662
0.562946
0.662
0.109619
0.502935
0.178211
0.213292
0.662
0.0758993
0.0318878
0.0883142
0.662
0.0881786
0.109263
0.278953
0.22278
0.0930147
0.331073
0.257073
0.300331
0.0669751
0.662
0.0893549
0.561319
0.630001
0.193843
0.147436
0.191239
0.568355
0.171903
0.00272689
0.16113
0.0665645
0.253982
0.137389
0.413061
0.0531402
0.157299
0.167666
0.0656887
0.408896
0.322377
0.662
0.603489
0.0360751
0.620228
0.24017
0.0799739
0.629959
0.662
0.41902
0.318864
0.662
0.484066
0.467131
0.662
0.37146
0.224649
0.0703849
0.634298
0.50341
0.475099
0.246972
0.64197
0.662
0.662
0.140369
0.251231
0.662
0.194862
0.215457
0.506449
0.132408
0.126044
0.0142702
0.662
0.662
0.662
0.120804
0.0852953
0.373396
0.252935
0.116919
0.243306
0.263388
0.2876
0.197997
0.066961
0.321819
0.133643
0.662
0.269526
0.107699
0.144766
0.662
0.273292
0.0310117
0.351083
0.466493
0.513988
0.200003
0.154236
0.298076
0.426635
0.218562
0.662
0.084475
0.475186
0.0868637
0.662
0.137634
0.0611853
0.331865
0.533444
0.177175
0.599626
0.104341
0.00611627
0.33564
0.120177
0.383688
0.00977786
0.113356
0.0663988
0.161546
0.109091
0.463389
0.424176
0.0625109
0.49009
0.222568
0.297487
0.12809
0.310334
0.662
0.133447
0.0697368
0.575397
0.189514
0.537233
0.0633927
0.0826525
0.662
0.626507
0.122921
0.373507
0.0920346
0.0560376
0.10472
0.159214
0.103113
0.584578
0.314138
0.346287
0.320838
0.130563
0.11435
0.208709
0.0865817
0.662
0.0184799
0.297022
0.624047
0.462143
0.163267
0.662
0.556591
0.442466
0.412402
0.0132356
0.340181
0.0630138
0.152318
0.349921
0.142278
0.313188
0.662
0.662
0.478072
0.46958
0.662
0.0744331
0.214767
0.56282
0.238888
0.576798
0.334595
0.239904
0.219054
0.662
0.618433
0.174719
0.0345837
0.238242
0.197791
0.263542
0.0438476
0.14201
0.102635
0.359694
0.371779
0.231045
0.608872
0.080925
0.662
0.064699
0.172781
0.130303
0.405321
0.662
0.150458
0.0773074
0.389493
0.127704
0.662
0.662
0.290303
0.422975
0.0970694
0.662
0.342221
0.081809
0.141008
0.383835
0.662
0.437907
0.47143
0.112254
0.275746
0.0861627
0.360851
0.0631246
0.0942123
0.0714468
0.0982296
0.0958154
0.643694
0.266795
0.228364
0.472498
0.0938421
0.202163
0.252037
0.662
0.119269
0.176009
0.319805
0.662
0.18152
0.18115
0.293821
0.105565
0.400353
0.210939
0.300034
0.27556
0.108548
0.124971
0.103073
0.390436
0.151013
0.194835
0.662
0.506626
0.662
0.237201
0.430179
0.18623
0.0868754
0.662
0.164243
0.0986186
0.409923
0.111806
0.662
0.169567
0.0581383
0.214897
0.209049
0.0451326
0.662
0.484014
0.267245
0.194657
0.662
0.157571
0.0443908
0.469832
0.0751341
0.662
0.108674
0.0806914
0.0838762
0.662
0.311657
0.343857
0.364721
0.662
0.31848
0.662
0.185049
0.270477
0.0887349
0.662
0.275532
0.226331
0.0899237
0.0992154
0.235389
0.0691204
0.263204
0.607783
0.196342
0.298814
0.254604
0.410015
0.329437
0.076885
0.186278
0.384153
0.314158
0.0742408
0.297488
0.0091471
0.344416
0.108263
0.662
0.332249
0.144513
0.581796
0.262369
0.183685
0.649621
0.279068
0.0859806
0.522169
0.619345
0.0321225
0.487238
0.0887273
0.0928804
0.398937
0.662
0.478845
0.0289489
0.122817
0.0120147
0.126146
0.24811
0.079351
0.185437
0.129277
0.414504
0.662
0.662
0.378326
0.273581
0.350004
0.525937
0.145228
0.662
0.342827
0.193013
0.309717
0.662
0.205448
0.238662
0.662
0.499473
0.189395
0.148912
0.190973
0.049042
0.319986
0.219235
0.662
0.312771
0.0694022
0.192622
0.206877
0.662
0.264407
0.622284
0.102242
0.124818
0.662
0.364439
0.57836
0.121468
0.215126
0.662
0.475104
0.217028
0.20348
0.662
0.184031
0.273809
0.0170606
0.300229
0.346751
0.466211
0.0693404
0.263586
0.362121
0.256714
0.103866
0.332213
0.0307595
0.0490636
0.272838
0.0180151
0.0491483
0.0948012
0.58718
0.120787
0.0931327
0.0999333
0.392437
0.552841
0.232225
0.11224
0.114684
0.662
0.0422851
0.662
0.256949
0.541846
0.315565
0.322833
0.317201
0.246679
0.112818
0.662
0.662
0.138421
0.0765303
0.662
0.586499
0.381431
0.141567
0.270449
0.195138
0.662
0.275211
0.28718
0.547672
0.578611
0.0716136
0.570609
0.505587
0.335886
0.463836
0.179391
0.662
0.474817
0.486734
0.0960101
0.381363
0.662
0.662
0.372773
0.353628
0.182686
0.662
0.464447
0.445016
0.540373
0.309947
0.0943806
0.662
0.302145
0.0980111
0.160344
0.089566
0.55998
0.322752
0.605155
0.576765
0.127107
0.382235
0.185659
0.344615
0.163417
0.110816
0.450466
0.662
0.273686
0.12517
0.161075
0.133267
0.14747
0.151154
0.662
0.64253
0.0716406
0.662
0.474258
0.373341
0.662
0.254739
0.0388653
0.662
0.662
0.42613
0.026228
0.470399
0.0857082
0.19509
0.0514557
0.117834
0.183572
0.472774
0.0142974
0.662
0.0190422
0.225369
0.662
0.250006
0.382639
0.0599048
0.45997
0.662
0.186452
0.241152
0.375267
0.640828
0.158478
0.253751
0.154535
0.105404
0.662
0.0900534
0.0843061
0.188523
0.599433
0.134931
0.422944
0.302793
0.339506
0.662
0.39617
0.428266
0.662
0.534909
0.662
0.215173
0.232033
0.123483
0.500536
0.372162
0.424232
0.521435
0.139881
0.662
0.317977
0.575873
0.53441
0.101809
0.463363
0.662
0.436792
0.662
0.137672
0.662
0.14111
0.139459
0.662
0.234389
0.240678
0.431535
0.432358
0.111959
0.218462
0.3171
0.388934
0.662
0.463477
0.200878
0.108569
0.313106
0.11498
0.323398
0.130067
0.184907
0.662
0.662
0.0894738
0.218071
0.109401
0.493761
0.662
0.156676
0.0592842
0.392879
0.114142
0.611896
0.244253
0.0807124
0.0942088
0.0299992
0.0978696
0.173617
0.123464
0.0626628
0.30966
0.275896
0.402009
0.0515388
0.078651
0.662
0.425492
0.461917
0.114737
0.166428
0.147588
0.457636
0.0689799
0.348108
0.302673
0.398308
0.187149
0.532836
0.118709
0.0750808
0.200145
0.0194487
0.140741
0.244969
0.0114886
0.565754
0.112633
0.327427
0.0560516
0.246476
0.237877
0.306845
0.0292747
0.254335
0.205222
0.597216
0.277193
0.308018
0.0950781
0.0965955
0.413127
0.583445
0.155043
0.102113
0.662
0.0911947
0.09861
0.10191
0.0268142
0.0900288
0.210824
0.237824
0.0764317
0.243833
0.193404
0.662
0.423684
0.326072
0.227113
0.662
0.0669303
0.662
0.292762
0.140124
0.158725
0.167959
0.0657292
0.411051
0.279503
0.662
0.426022
0.272238
0.0803973
0.237128
0.0947051
0.452636
0.165439
0.124475
0.662
0.569952
0.296944
0.0421054
0.185656
0.662
0.616659
0.220622
0.127946
0.0153282
0.188871
0.662
0.0678776
0.662
0.662
0.205236
0.477828
0.18373
0.554682
0.342698
0.118375
0.357252
0.11805
0.132479
0.0739299
0.31723
0.662
0.120005
0.662
0.0374202
0.377364
0.00758884
0.118986
0.194237
0.349059
0.662
0.407089
0.411856
0.321212
0.109221
0.643702
0.399569
0.608601
0.662
0.297859
0.465885
0.64618
0.662
0.662
0.662
0.150999
0.057462
0.241619
0.60952
0.349383
0.514526
0.0629556
0.101932
0.102203
0.0878384
0.506102
0.0356238
0.095542
0.662
0.13545
0.662
0.225658
0.645712
0.662
0.132998
0.184685
0.133801
0.600377
0.112299
0.0428214
0.0554582
0.185743
0.10393
0.148915
0.111099
0.20779
0.349637
0.450249
0.0669784
0.264407
0.243271
0.443615
0.0962263
0.361216
0.662
0.100638
0.234412
0.377201
0.483216
0.260268
0.198173
0.462261
0.662
0.497355
0.256704
0.197862
0.194911
0.662
0.264438
0.107612
0.492499
0.532868
0.4267
0.208319
0.538828
0.0935145
0.245117
0.401144
0.632024
0.103506
0.0958626
0.22649
0.206256
0.0900557
0.220801
0.336379
0.242161
0.282945
0.662
0.414601
0.26814
0.155452
0.0454566
0.109038
0.41654
0.153129
0.462728
0.425885
0.131872
0.0890577
0.179244
0.319415
0.224254
0.13176
0.00939028
0.111753
0.136076
0.208855
0.194272
0.197983
0.662
0.209026
0.354456
0.0478123
0.296581
0.330816
0.275686
0.391292
0.262894
0.190392
0.662
0.452337
0.321142
0.662
0.211869
0.662
0.662
0.0923923
0.196574
0.467994
0.470354
0.288155
0.210815
0.267083
0.662
0.0474786
0.0624516
0.605876
0.0402514
0.662
0.662
0.272409
0.226855
0.123518
0.0593739
0.124478
0.269951
0.344871
0.662
0.662
0.526365
0.112101
0.662
0.662
0.551651
0.225637
0.0678647
0.095561
0.168958
0.266366
0.662
0.662
0.286672
0.662
0.377728
0.102248
0.435155
0.120847
0.0213582
0.368378
0.186005
0.0607089
0.166822
0.404482
0.0266771
0.0970322
0.29944
0.444643
0.15008
0.131401
0.311585
0.469308
0.579906
0.153888
0.151482
0.154198
0.210889
0.107345
0.662
0.434356
0.123474
0.350861
0.0836524
0.115803
0.0751032
0.121915
0.544603
0.418833
0.192198
0.496567
0.214914
0.0439407
0.588132
0.0303934
0.634031
0.108477
0.348999
0.662
0.58957
0.374762
0.193911
0.255994
0.662
0.366451
0.662
0.24664
0.0111434
0.041349
0.662
0.165055
0.0490292
0.662
0.0555982
0.0270615
0.120578
0.422837
0.28673
0.108413
0.0391705
0.10019
0.176972
0.56683
0.093919
0.110475
0.13542
0.662
0.662
0.0373186
0.24133
0.662
0.293662
0.0711047
0.0919521
0.0761736
0.368208
0.0106092
0.0620582
0.104777
0.158447
0.108321
0.149076
0.662
0.385627
0.212543
0.554381
0.662
0.657405
0.662
0.290825
0.662
0.235614
0.254012
0.662
0.178908
0.156454
0.267969
0.0363682
0.0825004
0.061712
0.232621
0.0908992
0.45386
0.33783
0.586432
0.503141
0.40674
0.0311997
0.0598945
0.177629
0.251584
0.0918884
0.164154
0.561871
0.393342
0.195768
0.467217
0.196419
0.578363
0.191707
0.458331
0.318984
0.108322
0.426569
0.208876
0.263978
0.202457
0.662
0.471434
0.299982
0.503137
0.0607644
0.0709593
0.124765
0.23754
0.241375
0.172519
0.156166
0.662
0.218092
0.662
0.662
0.337575
0.426275
0.2887
0.129677
0.111126
0.332433
0.0468428
0.261309
0.257792
0.662
0.662
0.378121
0.392594
0.650198
0.0921398
0.472719
0.300267
0.37182
0.54482
0.152344
0.169012
0.0880443
0.662
0.593501
0.466455
0.0553937
0.622663
0.0912157
0.593664
0.0367312
0.101224
0.220874
0.154117
0.399173
0.0988372
0.427222
0.662
0.662
0.594214
0.171625
0.0193413
0.115587
0.297288
0.453935
0.151167
0.0859072
0.552865
0.188995
0.662
0.662
0.280777
0.373218
0.635413
0.615221
0.283503
0.235515
0.160478
0.0916985
0.662
0.293771
0.144898
0.360079
0.106001
0.331525
0.164151
0.0187968
0.662
0.662
0.053647
0.564854
0.125366
0.0393955
0.0656349
0.5233
0.0934048
0.0892019
0.578947
0.269042
0.367217
0.120069
0.662
0.241239
0.443658
0.19977
0.626384
0.228018
0.277712
0.162291
0.104274
0.352775
0.177439
0.190151
0.0719093
0.622726
0.0626878
0.052778
0.451177
0.274497
0.552383
0.280567
0.165417
0.662
0.290633
0.377461
0.20458
0.203825
0.662
0.331275
0.174032
0.603058
0.592664
0.217174
0.215797
0.113825
0.662
0.0528765
0.0665413
0.0757359
0.578257
0.224523
0.208031
0.0257551
0.249933
0.177853
0.294105
0.226139
0.130417
0.344266
0.177135
0.285337
0.0401144
0.494377
0.247179
0.0548932
0.0766999
0.662
0.346408
0.662
0.436495
0.0875172
0.662
0.27691
0.388047
0.0505405
0.662
0.0741532
0.433223
0.189659
0.149463
0.0730006
0.468008
0.0737304
0.111023
0.253077
0.23739
0.242747
0.0188849
0.506575
0.0128491
0.662
0.161017
0.159286
0.113932
0.570879
0.0870739
0.0582125
0.075227
0.395338
0.242697
0.0335781
0.116983
0.253495
0.662
0.662
0.662
0.240252
0.0488308
0.141197
0.53208
0.256903
0.276029
0.662
0.378452
0.334248
0.402296
0.0492335
0.0790507
0.53638
0.607104
0.662
0.0655835
0.499759
0.334643
0.362259
0.588204
0.424935
0.258299
0.147313
0.334191
0.179247
0.0921369
0.391651
0.185284
0.356906
0.512479
0.662
0.206924
0.164355
0.20221
0.662
0.310977
0.657612
0.284961
0.228443
0.472419
0.263357
0.627914
0.662
0.0971963
0.485824
0.220939
0.515342
0.473348
0.636467
0.163175
0.092042
0.0788949
0.662
0.147038
0.31082
0.5565
0.0987484
0.319574
0.0689755
0.0431281
0.662
0.172494
0.6008
0.0926893
0.455278
0.0976932
0.662
0.0878457
0.187475
0.53273
0.662
0.201332
0.604516
0.0741458
0.025708
0.662
0.623141
0.662
0.146173
0.266858
0.376138
0.311002
0.138158
0.588722
0.0335293
0.597718
0.662
0.0653144
0.157324
0.144732
0.634268
0.183893
0.0830885
0.113742
0.230137
0.662
0.0929806
0.116195
0.496922
0.186593
0.374607
0.123533
0.662
0.246156
0.228933
0.113937
0.180413
0.0594852
0.662
0.400304
0.477433
0.662
0.134308
0.402797
0.214764
0.189754
0.168734
0.105758
0.662
0.550171
0.182444
0.159248
0.662
0.102137
0.0253593
0.15441
0.238007
0.0474433
0.0512037
0.557416
0.662
0.0140645
0.0555275
0.0773392
0.140913
0.662
0.290193
0.360898
0.222144
0.44026
0.640991
0.0731157
0.108321
0.662
0.36317
0.313896
0.405977
0.662
0.502974
0.370969
0.361079
0.417302
0.662
0.173993
0.227594
0.3681
0.0569477
0.42186
0.548684
0.591513
0.0146597
0.606549
0.36308
0.0883715
0.227187
0.662
0.0823424
0.0501194
0.0698154
0.662
0.0823126
0.217555
0.344371
0.662
0.662
0.662
0.188304
0.143044
0.252809
0.39758
0.230562
0.527367
0.662
0.662
0.0110264
0.662
0.429388
0.205047
0.105751
0.213721
0.390749
0.103146
0.0887096
0.296252
0.25563
0.340742
0.11009
0.181217
0.221838
0.56098
0.309793
0.082837
0.208826
0.223943
0.337993
0.554234
0.281746
0.183023
0.470303
0.0368804
0.497948
0.521586
0.0859524
0.38699
0.652758
0.662
0.662
0.311058
0.0218216
0.318969
0.256805
0.121418
0.151004
0.0269893
0.410324
0.198903
0.224657
0.466062
0.662
0.662
0.323813
0.468193
0.349511
0.33966
0.662
0.242712
0.266713
0.200507
0.305338
0.066682
0.413388
0.130828
0.662
0.105866
0.0228429
0.162807
0.0752923
0.144741
0.0676073
0.196953
0.0443903
0.203043
0.466758
0.662
0.0871717
0.662
0.61306
0.150684
0.121625
0.4805
0.13568
0.16604
0.662
0.302071
0.293134
0.015311
0.0910487
0.105524
0.0881089
0.0918626
0.0373054
0.662
0.239292
0.0491993
0.0985807
0.210085
0.0777868
0.19543
0.217965
0.0200853
0.662
0.281333
0.170065
0.0504463
0.296468
0.341431
0.662
0.104323
0.407673
0.336155
0.222551
0.49444
0.0649593
0.390863
0.578195
0.352828
0.0029191
0.0610763
0.113066
0.57579
0.153983
0.548863
0.0717201
0.343151
0.492495
0.351906
0.174402
0.660662
0.662
0.662
0.128137
0.123698
0.0827991
0.0605734
0.101058
0.41827
0.191089
0.0290703
0.247415
0.0513497
0.142681
0.203492
0.384878
0.246462
0.323672
0.0715485
0.662
0.268773
0.18822
0.338548
0.662
0.369252
0.217276
0.212621
0.149463
0.29261
0.0334416
0.086834
0.144701
0.0176413
0.0506117
0.371538
0.662
0.287682
0.311975
0.118022
0.0481673
0.255775
0.0858561
0.662
0.376022
0.145716
0.232224
0.662
0.0509765
0.179668
0.486186
0.58298
0.294974
0.0845684
0.0949878
0.0464608
0.173057
0.662
0.185551
0.109941
0.207112
0.648811
0.095655
0.186363
0.227732
0.152747
0.40981
0.0288542
0.0854234
0.421193
0.151201
0.11756
0.134026
0.0831518
0.662
0.349948
0.341412
0.662
0.199074
0.168099
0.468741
0.662
0.561857
0.20968
0.213604
0.662
0.21737
0.662
0.109239
0.662
0.274773
0.110178
0.334976
0.594579
0.662
0.359253
0.145974
0.280235
0.187868
0.148622
0.123486
0.120091
0.150806
0.186083
0.388726
0.35613
0.265868
0.607812
0.203666
0.0351883
0.23924
0.340767
0.138728
0.524564
0.0549683
0.662
0.02286
0.199406
0.201405
0.662
0.649767
0.104097
0.124454
0.564231
0.662
0.313619
0.622472
0.662
0.0647891
0.326431
0.14202
0.662
0.662
0.662
0.1991
0.0716994
0.0735436
0.123945
0.351635
0.624756
0.27426
0.25705
0.662
0.39997
0.163798
0.135438
0.25732
0.505824
0.658464
0.129869
0.467358
0.181637
0.198691
0.207539
0.662
0.208513
0.24584
0.161453
0.112986
0.662
0.662
0.662
0.0959451
0.291906
0.629214
0.158083
0.44918
0.450481
0.662
0.0726841
0.51985
0.184707
0.236837
0.192674
0.631405
0.187553
0.0874632
0.0690913
0.662
0.662
0.0126874
0.662
0.139885
0.0685992
0.282866
0.144758
0.662
0.302916
0.208647
0.662
0.102567
0.19685
0.272029
0.6308
0.0595763
0.662
0.0748208
0.224913
0.390627
0.351069
0.447879
0.322996
0.662
0.209669
0.0540486
0.116647
0.629213
0.135398
0.431571
0.653815
0.3843
0.216426
0.372715
0.153685
0.0273192
0.340049
0.62256
0.148547
0.0674386
0.55775
0.521056
0.629706
0.108584
0.466091
0.332647
0.3798
0.341914
0.395304
0.383569
0.35117
0.424588
0.662
0.281654
0.119108
0.662
0.326994
0.662
0.295778
0.0131259
0.662
0.201087
0.126112
0.105514
0.662
0.330103
0.0830494
0.178833
0.0804314
0.119692
0.08546
0.262509
0.507353
0.216579
0.44434
0.379768
0.181013
0.0823141
0.290116
0.45487
0.41549
0.229718
0.16773
0.177282
0.0881664
0.149225
0.159678
0.187284
0.662
0.183236
0.223752
0.232001
0.186125
0.19687
0.292234
0.461003
0.662
0.662
0.662
0.662
0.521976
0.223439
0.258729
0.225873
0.26677
0.411119
0.662
0.0775069
0.294754
0.432204
0.35038
0.152472
0.265832
0.0959122
0.18359
0.226067
0.113508
0.463332
0.317755
0.158687
0.196636
0.413786
0.662
0.148816
0.662
0.662
0.0601441
0.135588
0.111234
0.0911624
0.107534
0.0533841
0.0897256
0.127926
0.662
0.662
0.39877
0.136896
0.662
0.331152
0.377328
0.0494803
0.585606
0.662
0.660497
0.160892
0.101022
0.202284
0.213904
0.346842
0.662
0.662
0.55673
0.361044
0.633086
0.242132
0.662
0.387278
0.471341
0.142577
0.2516
0.239364
0.256841
0.134644
0.662
0.457281
0.167697
0.662
0.179559
0.180329
0.323415
0.335338
0.177988
0.286161
0.0937425
0.418426
0.24204
0.245798
0.401579
0.578868
0.541105
0.244437
0.662
0.662
0.0834392
0.0355498
0.662
0.441105
0.195139
0.529593
0.336488
0.662
0.53064
0.0627431
0.092426
0.12665
0.618224
0.505506
0.0769038
0.0831026
0.078954
0.662
0.662
0.638506
0.210691
0.361126
0.0997028
0.662
0.653291
0.662
0.662
0.165811
0.0766519
0.53859
0.0815921
0.163592
0.3683
0.019041
0.216521
0.28037
0.121636
0.0883288
0.204255
0.662
0.434389
0.109708
0.0910506
0.42685
0.212515
0.662
0.662
0.408451
0.170192
0.01213
0.0829155
0.278684
0.0720995
0.288237
0.40957
0.419488
0.429575
0.662
0.155812
0.662
0.662
0.662
0.586222
0.149219
0.597212
0.0919861
0.202006
0.0499021
0.0566985
0.635069
0.384944
0.557996
0.511737
0.174242
0.0367292
0.0481324
0.32855
0.0671759
0.0595694
0.662
0.662
0.159784
0.327916
0.33843
0.268522
0.271456
0.134028
0.279389
0.594763
0.0154019
0.111794
0.662
0.367834
0.0809386
0.234465
0.108447
0.412821
0.0663739
0.245272
0.662
0.258619
0.105109
0.153358
0.662
0.662
0.631837
0.332949
0.0938985
0.662
0.116304
0.0811478
0.0217962
0.121859
0.177703
0.0521113
0.110035
0.201636
0.298382
0.0551372
0.263722
0.110404
0.134556
0.662
0.0507412
0.662
0.39242
0.32023
0.104691
0.662
0.324592
0.662
0.0508338
0.0631216
0.0287505
0.393666
0.0994003
0.0192938
0.053906
0.094781
0.493921
0.463485
0.662
0.210722
0.662
0.171248
0.662
0.398745
0.662
0.073811
0.115627
0.61317
0.16347
0.519917
0.147355
0.656328
0.279845
0.0995002
0.662
0.183838
0.162789
0.455884
0.289582
0.1967
0.192061
0.662
0.117059
0.467429
0.355218
0.110247
0.283461
0.662
0.0555673
0.162001
0.577781
0.207736
0.226334
0.654245
0.545276
0.0684282
0.284131
0.258916
0.138381
0.157534
0.326187
0.619227
0.56139
0.151456
0.0609872
0.178173
0.115849
0.0395146
0.0967722
0.662
0.662
0.662
0.243717
0.153667
0.113856
0.610112
0.59198
0.270209
0.662
0.662
0.0238227
0.105206
0.128377
0.215763
0.126364
0.370188
0.231203
0.449974
0.334843
0.083583
0.185517
0.0611483
0.662
0.0389746
0.662
0.0380137
0.662
0.282515
0.128201
0.186627
0.117183
0.0399813
0.0117766
0.591792
0.00305306
0.331085
0.0798328
0.258099
0.0458729
0.662
0.232782
0.389951
0.4604
0.662
0.662
0.0467627
0.143495
0.232028
0.200219
0.547233
0.12974
0.0762787
0.13586
0.0472701
0.662
0.662
0.242441
0.662
0.128755
0.0931792
0.662
0.124571
0.110972
0.0331869
0.15738
0.120003
0.662
0.662
0.169869
0.467714
0.662
0.560655
0.216531
0.662
0.0360473
0.085822
0.662
0.532421
0.180266
0.0934594
0.662
0.10887
0.0541254
0.250334
0.123574
0.461456
0.662
0.24802
0.189832
0.0804389
0.201711
0.374104
0.662
0.180613
0.275493
0.180301
0.117994
0.662
0.178253
0.433714
0.236933
0.278756
0.339777
0.0607788
0.22368
0.122208
0.0915339
0.122185
0.223953
0.141259
0.331428
0.412376
0.0921771
0.171411
0.0894286
0.123282
0.662
0.106663
0.573729
0.177915
0.662
0.0557282
0.265112
0.345803
0.189165
0.186551
0.662
0.564643
0.0887821
0.0549256
0.187878
0.662
0.34869
0.662
0.561334
0.662
0.15859
0.173746
0.301092
0.0277539
0.662
0.425459
0.150548
0.470123
0.145403
0.507841
0.333767
0.216225
0.408196
0.268961
0.587079
0.131166
0.301762
0.662
0.20398
0.401566
0.331939
0.270917
0.347962
0.379739
0.240211
0.263861
0.321061
0.262857
0.189781
0.127175
0.4125
0.662
0.146842
0.640806
0.30849
0.236616
0.314559
0.422664
0.662
0.116416
0.662
0.238857
0.662
0.662
0.183665
0.549697
0.0205736
0.177491
0.353615
0.0679752
0.647322
0.662
0.34465
0.325063
0.107466
0.329744
0.0808002
0.387731
0.555474
0.157315
0.0626979
0.0459122
0.117581
0.662
0.0904065
0.662
0.0935619
0.349652
0.378026
0.299022
0.662
0.2431
0.12771
0.131374
0.662
0.193558
0.176238
