0.108555
0.662
0.252568
0.643579
0.265235
0.028575
0.432261
0.285333
0.132194
0.305595
0.277858
0.546208
0.388465
0.495191
0.662
0.263742
0.436275
0.0936019
0.0968382
0.36748
0.367821
0.270762
0.237111
0.662
0.0890157
0.662
0.263644
0.316095
0.481283
0.0357847
0.318811
0.662
0.233622
0.0683436
0.372037
0.260405
0.435415
0.321768
0.232853
0.271242
0.139134
0.233156
0.662
0.507748
0.26707
0.662
0.0963127
0.0729329
0.240851
0.662
0.140681
0.344857
0.381939
0.662
0.662
0.307366
0.151649
0.401128
0.0908321
0.311123
0.00557056
0.127865
0.122496
0.30879
0.277817
0.238137
0.662
0.357898
0.662
0.171505
0.662
0.291551
0.303085
0.357011
0.42777
0.32537
0.141669
0.174697
0.400301
0.662
0.241633
0.124303
0.662
0.662
0.0699005
0.143935
0.295137
0.423476
0.358729
0.312468
0.662
0.182165
0.286794
0.289067
0.662
0.662
0.479991
0.273133
0.429464
0.60217
0.662
0.662
0.0833044
0.662
0.00617447
0.000306057
0.336459
0.135528
0.163922
0.385939
0.103137
0.300627
0.53712
0.662
0.273755
0.260256
0.0681153
0.662
0.152346
0.414616
0.145033
0.248478
0.433798
0.518186
0.485363
0.116504
0.119061
0.085761
0.0412247
0.231612
0.321939
0.662
0.28604
0.12259
0.662
0.330821
0.114028
0.134502
0.241005
0.662
0.477513
0.103013
0.260987
0.662
0.662
0.394404
0.433793
0.662
0.399557
0.142816
0.102935
0.0567524
0.662
0.0921895
0.388313
0.0518063
0.259375
0.0451684
0.389717
0.662
0.157679
0.601386
0.5965
0.320255
0.335542
0.485283
0.662
0.272854
0.662
0.662
0.306283
0.519614
0.443131
0.15167
0.343588
0.122779
0.219217
0.384736
0.436232
0.150632
0.19568
0.662
0.160591
0.662
0.0861519
0.662
0.284092
0.405794
0.267847
0.156978
0.169507
0.662
0.457627
0.247223
0.662
0.107481
0.274255
0.0671988
0.662
0.0962219
0.0883656
0.320233
0.421598
0.63444
0.260316
0.662
0.246741
0.220772
0.662
0.660632
0.339825
0.0594235
0.117691
0.383274
0.529668
0.253514
0.0595014
0.167514
0.278121
0.662
0.662
0.0660988
0.240678
0.39665
0.662
0.559844
0.35983
0.299882
0.287321
0.210987
0.159735
0.414568
0.662
0.131266
0.0769434
0.662
0.131654
0.201514
0.397002
0.0604925
0.322151
0.452376
0.107319
0.390665
0.573724
0.179149
0.341855
0.662
0.298614
0.0916134
0.22001
0.090819
0.481728
0.337407
0.239212
0.0594216
0.662
0.31661
0.148768
0.550142
0.662
0.105024
0.140303
0.0245989
0.316357
0.237543
0.662
0.556034
0.401397
0.302403
0.154769
0.662
0.662
0.261139
0.100799
0.506043
0.228409
0.367242
0.332235
0.189593
0.662
0.284886
0.0151204
0.111683
0.362562
0.533264
0.0349589
0.145097
0.179007
0.254913
0.622101
0.350542
0.406742
0.17431
0.086213
0.550379
0.197456
0.380646
0.461106
0.0770871
0.369205
0.662
0.05623
0.290084
0.419206
0.662
0.163029
0.428452
0.0908092
0.662
0.163146
0.494264
0.0827402
0.594181
0.662
0.446244
0.124283
0.220134
0.662
0.37946
0.0760808
0.0882024
0.0910134
0.110821
0.314098
0.122668
0.216468
0.392818
0.390965
0.378587
0.0762078
0.662
0.143137
0.21417
0.131727
0.0743535
0.207475
0.352873
0.0966144
0.138535
0.220111
0.216705
0.0314348
0.206931
0.477115
0.0458254
0.148571
0.465944
0.662
0.337679
0.322163
0.0424252
0.0871367
0.262926
0.194596
0.124167
0.310003
0.141684
0.0673656
0.662
0.662
0.662
0.306668
0.099958
0.662
0.487991
0.662
0.106557
0.0812612
0.483789
0.224745
0.619686
0.402396
0.0510545
0.444933
0.32438
0.0181549
0.116375
0.150081
0.409021
0.177215
0.0785882
0.184365
0.455362
0.17825
0.0586791
0.662
0.195331
0.0722368
0.20458
0.418487
0.181917
0.641438
0.177456
0.439972
0.0283304
0.345015
0.0910933
0.641693
0.145445
0.313786
0.662
0.174337
0.322216
0.409183
0.662
0.662
0.173721
0.145767
0.662
0.184613
0.0388275
0.662
0.169444
0.423892
0.620548
0.243159
0.223677
0.662
0.662
0.0853906
0.329157
0.100724
0.24678
0.132316
0.221489
0.662
0.519456
0.250529
0.171504
0.460883
0.662
0.146282
0.156885
0.0979229
0.232174
0.301351
0.322509
0.662
0.224357
0.164995
0.307725
0.0580896
0.0135652
0.257608
0.400415
0.0965317
0.662
0.253518
0.332788
0.0952617
0.208559
0.390786
0.114026
0.452454
0.662
0.125202
0.0595637
0.278307
0.662
0.167827
0.0228184
0.156772
0.198431
0.662
0.662
0.0662025
0.0978226
0.122707
0.19711
0.662
0.662
0.0699212
0.557857
0.662
0.544258
0.0306602
0.601438
0.126227
0.0132752
0.0782541
0.157331
0.527158
0.662
0.0835246
0.449163
0.662
0.170882
0.207479
0.46367
0.292105
0.662
0.606878
0.391926
0.0953016
0.378562
0.0148659
0.0328629
0.0644651
0.412111
0.662
0.0761492
0.252105
0.662
0.0076864
0.160317
0.511789
0.0340639
0.486744
0.178052
0.0194256
0.262188
0.0408238
0.138975
0.476063
0.204401
0.0983751
0.662
0.371645
0.323621
0.267964
0.516472
0.234587
0.441705
0.383442
0.0871064
0.278217
0.662
0.168638
0.662
0.145771
0.662
0.203284
0.0826212
0.44741
0.088019
0.0431615
0.662
0.126061
0.406833
0.0816778
0.12179
0.359434
0.624553
0.103435
0.146474
0.546439
0.662
0.662
0.0867857
0.662
0.0940434
0.662
0.0784211
0.208458
0.147385
0.662
0.205963
0.168478
0.118135
0.133898
0.323
0.662
0.202145
0.203917
0.0994356
0.237853
0.323986
0.260932
0.376509
0.662
0.274081
0.662
0.462471
0.477386
0.120462
0.279709
0.126528
0.209891
0.662
0.154987
0.662
0.154464
0.0877815
0.662
0.662
0.11894
0.493618
0.248755
0.662
0.662
0.446254
0.43417
0.252732
0.122442
0.36054
0.606509
0.606056
0.445539
0.349528
0.231227
0.168999
0.662
0.662
0.137299
0.0805561
0.178021
0.405859
0.333977
0.426092
0.662
0.662
0.254747
0.0940392
0.0648044
0.200589
0.0741706
0.408574
0.0969709
0.468135
0.662
0.253723
0.662
0.662
0.662
0.382292
0.390468
0.324944
0.662
0.587037
0.662
0.662
0.662
0.629706
0.531565
0.415016
0.537274
0.426463
0.518463
0.257416
0.176339
0.230388
0.325291
0.662
0.148681
0.496912
0.372534
0.115761
0.140019
0.22651
0.121757
0.0518096
0.000380528
0.132647
0.10744
0.280242
0.190589
0.356185
0.385505
0.16805
0.206557
0.0908265
0.182902
0.21311
0.0208297
0.0837246
0.30048
0.204272
0.662
0.194883
0.0970882
0.413702
0.139847
0.0614661
0.662
0.214611
0.160167
0.202551
0.131797
0.662
0.662
0.424137
0.350372
0.662
0.224454
0.282233
0.0982681
0.662
0.249529
0.393971
0.414118
0.0655051
0.192022
0.27276
0.0916249
0.582617
0.321927
0.244959
0.439479
0.101768
0.142331
0.290376
0.662
0.370133
0.0996125
0.440799
0.165925
0.293903
0.208685
0.282123
0.417055
0.11293
0.228638
0.0426331
0.140833
0.237097
0.238218
0.37683
0.618479
0.225872
0.11943
0.348041
0.454563
0.336453
0.168372
0.18106
0.189909
0.220482
0.0968065
0.246728
0.151948
0.114936
0.332162
0.061278
0.662
0.244439
0.232839
0.113685
0.403952
0.129134
0.49761
0.662
0.490215
0.29592
0.147403
0.130272
0.491092
0.187416
0.119088
0.374337
0.623741
0.28607
0.512534
0.502722
0.0667013
0.540173
0.393695
0.04199
0.0237203
0.662
0.360567
0.662
0.177312
0.406707
0.151908
0.652729
0.662
0.0616364
0.0681645
0.378013
0.206375
0.0542527
0.655025
0.0592087
0.357965
0.331248
0.223118
0.0913017
0.0976965
0.233098
0.167551
0.000443368
0.662
0.366783
0.0560064
0.388768
0.615577
0.203868
0.662
0.0688129
0.4338
0.662
0.10668
0.126594
0.0177457
0.362413
0.0677379
0.662
0.268968
0.107034
0.191216
0.217026
0.662
0.231455
0.0846933
0.0699682
0.325217
0.180069
0.031601
0.514376
0.226093
0.440125
0.138588
0.662
0.35277
0.662
0.205765
0.0267565
0.110827
0.0815515
0.662
0.58318
0.311954
0.662
0.0581092
0.0642942
0.498856
0.252513
0.172472
0.617142
0.109039
0.662
0.346238
0.130696
0.144255
0.0759101
0.0575881
0.141212
0.112254
0.662
0.0989782
0.0981302
0.550307
0.438303
0.662
0.207741
0.662
0.662
0.206598
0.379087
0.0537358
0.662
0.138903
0.38193
0.300075
0.662
0.198517
0.204398
0.103013
0.27346
0.217037
0.662
0.112968
0.350538
0.379607
0.123023
0.152499
0.218476
0.0520274
0.452518
0.173629
0.443491
0.424225
0.225489
0.466977
0.316357
0.117326
0.425707
0.070162
0.170494
0.560686
0.279228
0.662
0.662
0.611776
0.573086
0.424898
0.200504
0.150385
0.662
0.330534
0.126034
0.100398
0.331611
0.466274
0.0437371
0.544093
0.148569
0.460553
0.210173
0.222274
0.200528
0.212097
0.344075
0.215465
0.0529417
0.420993
0.3709
0.328483
0.662
0.0490563
0.276192
0.14464
0.610987
0.662
0.101861
0.0535596
0.118723
0.521219
0.662
0.0620929
0.662
0.0194697
0.396446
0.662
0.274897
0.149843
0.633391
0.107362
0.290946
0.652196
0.0918135
0.662
0.662
0.350878
0.176
0.570757
0.298667
0.456925
0.30665
0.0144364
0.212723
0.271351
0.200686
0.197702
0.0565858
0.297425
0.662
0.212927
0.225818
0.120298
0.662
0.481109
0.662
0.145832
0.183963
0.662
0.071293
0.185384
0.150278
0.491743
0.662
0.171819
0.103765
0.0848535
0.136237
0.0533214
0.587785
0.208586
0.274762
0.144728
0.124506
0.662
0.662
0.13243
0.107324
0.249248
0.662
0.080546
0.0881681
0.462084
0.413646
0.269567
0.624687
0.0828934
0.258492
0.162876
0.14665
0.0825703
0.18344
0.188829
0.662
0.0688759
0.0401538
0.11024
0.241072
0.475453
0.160318
0.227961
0.0911659
0.363924
0.662
0.36237
0.147098
0.212947
0.187396
0.247493
0.143309
0.285947
0.662
0.0177372
0.662
0.173025
0.33706
0.190606
0.0980323
0.0969238
0.0415967
0.662
0.142251
0.166364
0.649897
0.277681
0.112243
0.00874415
0.662
0.662
0.204029
0.42238
0.49552
0.434638
0.19747
0.228479
0.455137
0.103009
0.662
0.309066
0.662
0.341957
0.0495916
0.662
0.662
0.179938
0.102255
0.154006
0.0516766
0.471294
0.260616
0.662
0.351076
0.104616
0.46892
0.176911
0.12944
0.411416
0.458427
0.014195
0.233045
0.222778
0.21571
0.274724
0.344819
0.119222
0.344412
0.109806
0.0152672
0.662
0.176788
0.180657
0.142115
0.10291
0.142113
0.662
0.321071
0.0477122
0.214422
0.237488
0.00192196
0.303629
0.3261
0.146551
0.573758
0.626585
0.106615
0.493466
0.21754
0.626204
0.272268
0.662
0.431624
0.0830751
0.600459
0.171244
0.294799
0.355669
0.188464
0.321948
0.30931
0.0583594
0.112941
0.662
0.662
0.220173
0.662
0.530045
0.229321
0.194179
0.191191
0.107476
0.262082
0.445592
0.167993
0.0215274
0.15949
0.232212
0.175476
0.0545548
0.173207
0.662
0.308836
0.662
0.0938998
0.454195
0.608197
0.152226
0.257319
0.0582791
0.474331
0.662
0.485353
0.280322
0.422304
0.329751
0.557381
0.0305923
0.183643
0.662
0.472756
0.330942
0.085536
0.335218
0.662
0.0622122
0.096133
0.0274193
0.365777
0.662
0.325727
0.164471
0.373997
0.255157
0.278735
0.402001
0.305848
0.662
0.330909
0.177228
0.662
0.137436
0.0999832
0.0551562
0.640995
0.0448018
0.369993
0.421
0.587612
0.644837
0.491899
0.0941874
0.662
0.140835
0.138199
0.662
0.602023
0.106382
0.198994
0.00555376
0.294697
0.349435
0.662
0.531986
0.240085
0.0302778
0.61334
0.426779
0.239217
0.0445743
0.240917
0.0476966
0.0756281
0.600312
0.662
0.662
0.125373
0.0506176
0.181449
0.0667384
0.52551
0.662
0.600154
0.662
0.184391
0.662
0.23115
0.252023
0.206217
0.124697
0.401055
0.257759
0.109284
0.65506
0.368313
0.10171
0.115472
0.215986
0.209639
0.391845
0.113621
0.137677
0.157099
0.0843308
0.209486
0.0765832
0.0431511
0.116585
0.246233
0.39052
0.289178
0.164085
0.316757
0.234673
0.5938
0.566691
0.0442928
0.158078
0.0911323
0.0538683
0.241917
0.286597
0.343778
0.236152
0.662
0.0251474
0.260503
0.253536
0.188534
0.171391
0.138981
0.525575
0.253904
0.0698775
0.254391
0.662
0.560076
0.425067
0.534247
0.141781
0.662
0.10577
0.376274
0.577078
0.0992067
0.662
0.184192
0.205915
0.0511147
0.662
0.0898995
0.662
0.185933
0.166445
0.192394
0.474955
0.138675
0.154595
0.660255
0.175444
0.149376
0.479228
0.307593
0.157083
0.00231343
0.662
0.662
0.37562
0.649436
0.241669
0.609586
0.301621
0.113125
0.218876
0.161684
0.424531
0.274357
0.662
0.662
0.0950901
0.12518
0.107112
0.186253
0.564454
0.662
0.37598
0.451586
0.0470704
0.0604113
0.060501
0.201391
0.0906413
0.257396
0.136537
0.243359
0.662
0.567881
0.130101
0.539202
0.312277
0.293247
0.662
0.200518
0.662
0.662
0.101859
0.373212
0.202902
0.121139
0.344205
0.334604
0.274263
0.115524
0.171129
0.0693327
0.61803
0.278088
0.287505
0.662
0.310787
0.137613
0.152132
0.0908451
0.215811
0.221601
0.101519
0.296994
0.33788
0.269126
0.114452
0.144086
0.56575
0.109082
0.263156
0.412558
0.615827
0.147971
0.613277
0.662
0.662
0.45866
0.080354
0.510054
0.210746
0.486079
0.133416
0.106717
0.662
0.261983
0.0769765
0.0699302
0.411263
0.437859
0.27008
0.662
0.165149
0.186063
0.662
0.183405
0.608957
0.574773
0.395467
0.0821574
0.177059
0.279929
0.662
0.662
0.662
0.156172
0.121484
0.334971
0.177982
0.135457
0.662
0.0778361
0.591617
0.0799691
0.478472
0.0735665
0.314324
0.0408911
0.503431
0.662
0.279806
0.387416
0.244168
0.662
0.19004
0.352522
0.662
0.0479043
0.656466
0.283956
0.0883632
0.161874
0.346624
0.321351
0.0221835
0.169825
0.0711909
0.0892611
0.0688203
0.662
0.0923067
0.662
0.117391
0.381148
0.459767
0.562232
0.18455
0.286515
0.157673
0.606181
0.132129
0.262029
0.0838474
0.265372
0.470531
0.662
0.220397
0.425061
0.662
0.335948
0.220973
0.168893
0.662
0.337277
0.432721
0.249425
0.149119
0.106918
0.489893
0.455871
0.0705718
0.0235858
0.0747599
0.595549
0.184381
0.17434
0.095947
0.0903783
0.33513
0.31199
0.05406
0.0771262
0.137225
0.19572
0.662
0.255091
0.305404
0.662
0.332263
0.0293479
0.662
0.170792
0.307309
0.662
0.383446
0.662
0.562219
0.185327
0.241966
0.00572644
0.159085
0.662
0.181123
0.010709
0.455182
0.585307
0.662
0.262628
0.657156
0.126468
0.252602
0.228679
0.662
0.0569098
0.319014
0.417317
0.0384159
0.662
0.0391378
0.318425
0.295672
0.662
0.0801902
0.154675
0.126783
0.535163
0.108299
0.662
0.0207362
0.194116
0.662
0.662
0.0856868
0.242314
0.367921
0.662
0.269332
0.274314
0.374806
0.181145
0.145514
0.169399
0.213719
0.0479413
0.194239
0.662
0.465131
0.662
0.451168
0.495258
0.526222
0.118065
0.283725
0.343111
0.212071
0.662
0.153312
0.166783
0.337764
0.0447344
0.0539686
0.0392328
0.620707
0.662
0.49411
0.201546
0.174147
0.301605
0.662
0.501158
0.17493
0.463834
0.662
0.662
0.174289
0.512976
0.662
0.662
0.227428
0.259914
0.12847
0.662
0.277469
0.662
0.47119
0.662
0.0427406
0.0608484
0.238428
0.618133
0.257898
0.455664
0.662
0.662
0.225638
0.129199
0.270263
0.291529
0.662
0.425981
0.607387
0.497265
0.443188
0.0715324
0.452713
0.662
0.151098
0.464272
0.662
0.662
0.0639064
0.417888
0.0890819
0.359902
0.457398
0.297991
0.16312
0.555475
0.363101
0.211662
0.11568
0.205945
0.477758
0.404317
0.108206
0.662
0.348542
0.18091
0.168159
0.175059
0.0974256
0.662
0.259959
0.362587
0.657562
0.603379
0.0991559
0.314486
0.662
0.13934
0.562238
0.315219
0.304548
0.382958
0.171795
0.206355
0.621541
0.0612003
0.297214
0.0884491
0.392447
0.136301
0.222324
0.444973
0.662
0.0786689
0.111736
0.0220307
0.142417
0.511281
0.155829
0.394064
0.311181
0.147998
0.662
0.614444
0.395969
0.294642
0.0760334
0.662
0.195249
0.0816372
0.600459
0.441917
0.662
0.662
0.0886871
0.0971714
0.0875908
0.662
0.662
0.662
0.134467
0.462986
0.662
0.165112
0.227759
0.662
0.0901208
0.229567
0.555401
0.662
0.490427
0.487461
0.141078
0.55028
0.401885
0.662
0.2238
0.662
0.471321
0.31289
0.264847
0.662
0.180648
0.474055
0.628971
0.276701
0.341218
0.434375
0.656844
0.418489
0.349539
0.662
0.380376
0.458978
0.411876
0.273288
0.141992
0.0650551
0.478745
0.662
0.181286
0.096295
0.532981
0.0315446
0.00282536
0.28228
0.166626
0.662
0.428436
0.106433
0.170675
0.0940905
0.158976
0.196599
0.554458
0.662
0.662
0.424393
0.0970878
0.133303
0.662
0.115459
0.368683
0.662
0.482857
0.207324
0.142759
0.0866624
0.294452
0.313556
0.516369
0.66111
0.315615
0.0400384
0.662
0.0670989
0.240277
0.662
0.36878
0.0785556
0.115661
0.0774095
0.123777
0.662
0.662
0.400397
0.244745
0.126095
0.257576
0.221189
0.344064
0.19442
0.662
0.306561
0.494733
0.662
0.040231
0.322587
0.118105
0.0691118
0.175448
0.662
0.109029
0.662
0.641603
0.121607
0.100013
0.662
0.190171
0.219438
0.662
0.217393
0.412589
0.090019
0.198243
0.344129
0.662
0.0815963
0.523523
0.197763
0.169213
0.662
0.188771
0.0785225
0.0775576
0.209269
0.0545029
0.185574
0.662
0.103348
0.0572272
0.382386
0.190118
0.578359
0.115294
0.368309
0.122031
0.30559
0.413678
0.662
0.28563
0.165674
0.359081
0.0946451
0.0848858
0.439671
0.096403
0.662
0.662
0.310949
0.591557
0.364358
0.144351
0.392235
0.0586405
0.32395
0.662
0.374147
0.662
0.662
0.280476
0.113563
0.104277
0.468244
0.213101
0.622249
0.0988662
0.306727
0.0552766
0.469016
0.159569
0.278369
0.590398
0.662
0.142606
0.279017
0.660754
0.395685
0.172745
0.662
0.0579626
0.662
0.662
0.0644613
0.14716
0.0385711
0.233542
0.0872462
0.628418
0.346195
0.354858
0.445546
0.662
0.07877
0.662
0.662
0.662
0.159538
0.19236
0.584075
0.422582
0.0396656
0.364763
0.637179
0.112323
0.268336
0.403772
0.0758985
0.132421
0.662
0.662
0.203501
0.427198
0.504407
0.128384
0.0347677
0.662
0.662
0.0835202
0.0357001
0.460944
0.263094
0.662
0.662
0.18799
0.662
0.153228
0.228394
0.311496
0.446917
0.662
0.654737
0.395263
0.152008
0.616606
0.257856
0.100994
0.327242
0.0126625
0.644058
0.13058
0.347097
0.160264
0.662
0.0766949
0.27401
0.243707
0.565804
0.662
0.347456
0.568429
0.313753
0.662
0.662
0.662
0.273039
0.078246
0.0391587
0.519996
0.662
0.294877
0.662
0.117411
0.158078
0.123807
0.183711
0.662
0.662
0.555733
0.137013
0.503444
0.0966643
0.662
0.173231
0.39981
0.10172
0.662
0.182264
0.426832
0.662
0.471037
0.0169193
0.490902
0.662
0.281874
0.419395
0.662
0.0778843
0.234467
0.0709838
0.122986
0.662
0.240796
0.179645
0.15683
0.123111
0.200523
0.662
0.662
0.0978015
0.461465
0.0776416
0.473869
0.146522
0.662
0.0956895
0.427015
0.230914
0.244465
0.0735467
0.662
0.373949
0.464647
0.0179812
0.107198
0.0803795
0.297415
0.179495
0.114568
0.430562
0.285628
0.529401
0.0773035
0.112961
0.662
0.2423
0.394498
0.484751
0.662
0.662
0.212726
0.305816
0.405282
0.23366
0.105123
0.0848228
0.365258
0.13904
0.475806
0.0619567
0.662
0.662
0.44541
0.0846785
0.293637
0.662
0.410862
0.0824497
0.252094
0.210561
0.398786
0.210685
0.289144
0.073784
0.1011
0.112449
0.629881
0.0209924
0.662
0.183811
0.33741
0.0867567
0.112969
0.147094
0.2145
0.543478
0.111863
0.245782
0.408688
0.280255
0.135349
0.120921
0.207104
0.172931
0.378523
0.183779
0.458539
0.186385
0.298783
0.207725
0.47672
0.662
0.156709
0.662
0.173876
0.292708
0.0742092
0.158953
0.40838
0.176698
0.623651
0.351857
0.288865
0.244418
0.489898
0.662
0.071708
0.333695
0.20842
0.0808815
0.38262
0.1446
0.662
0.210338
0.220801
0.272927
0.662
0.296113
0.662
0.662
0.130543
0.0572823
0.471879
0.662
0.294775
0.391256
0.185378
0.662
0.224177
0.456333
0.208753
0.662
0.0843994
0.42393
0.289906
0.142489
0.211381
0.495588
0.42996
0.662
0.128915
0.223214
0.111629
0.197248
0.164567
0.662
0.12438
0.363006
0.601195
0.166847
0.303035
0.662
0.138626
0.571584
0.316621
0.662
0.620045
0.142134
0.662
0.0543106
0.662
0.569289
0.190938
0.662
0.063934
0.580333
0.0966534
0.404976
0.662
0.662
0.450151
0.388537
0.186721
0.217523
0.0898522
0.0106834
0.441936
0.662
0.403184
0.220813
0.299095
0.122524
0.662
0.224944
0.662
0.662
0.103567
0.211028
0.129839
0.107917
0.103361
0.411955
0.342172
0.662
0.26046
0.292311
0.222839
0.188249
0.169474
0.283265
0.0931835
0.150946
0.662
0.430103
0.194037
0.0778003
0.264241
0.662
0.0166028
0.27864
0.361298
0.23412
0.00431145
0.220331
0.00293296
0.162734
0.0398879
0.662
0.161296
0.0572411
0.123658
0.530571
0.0143226
0.298148
0.232582
0.132441
0.14069
0.374695
0.162415
0.0939929
0.222716
0.662
0.291715
0.435944
0.212077
0.265241
0.180723
0.59833
0.199374
0.385355
0.285448
0.662
0.29042
0.183989
0.662
0.136936
0.338447
0.319342
0.0546382
0.301049
0.332959
0.662
0.662
0.0761251
0.088417
0.662
0.222343
0.0776399
0.341056
0.327523
0.120025
0.662
0.662
0.394537
0.261808
0.662
0.133319
0.227362
0.662
0.544071
0.331449
0.662
0.096551
0.0803652
0.647816
0.10218
0.362097
0.317536
0.166592
0.106105
0.418622
0.370185
0.149325
0.241972
0.324317
0.105237
0.425624
0.266764
0.401241
0.10246
0.186096
0.370429
0.268914
0.662
0.0600623
0.396628
0.662
0.284098
0.122832
0.538813
0.0465222
0.662
0.47912
0.278322
0.662
0.305249
0.123081
0.205932
0.662
0.313389
0.295112
0.416268
0.473248
0.311817
0.662
0.202002
0.162491
0.0985822
0.272014
0.380709
0.25684
0.587602
0.349714
0.662
0.0672243
0.128617
0.219312
0.088906
0.662
0.662
0.0606215
0.432095
0.662
0.042451
0.662
0.279305
0.117635
0.304235
0.199593
0.322281
0.662
0.62233
0.598824
0.363025
0.0111976
0.0851107
0.5541
0.662
0.214503
0.480991
0.327381
0.0689639
0.408874
0.662
0.30336
0.545009
0.370642
0.662
0.10688
0.327058
0.380265
0.662
0.0704002
0.220135
0.157908
0.206046
0.0484174
0.469962
0.662
0.392699
0.438842
0.307365
0.263998
0.305422
0.0919282
0.212636
0.23749
0.198212
0.155679
0.22975
0.233972
0.207586
0.197279
0.101948
0.0445631
0.474599
0.0437555
0.358036
0.662
0.414552
0.0683089
0.144191
0.183652
0.192811
0.256842
0.1312
0.662
0.160608
0.662
0.662
0.662
0.248317
0.374561
0.662
0.662
0.0688662
0.0981778
0.0201177
0.286802
0.0711691
0.156142
0.393263
0.0789882
0.231412
0.203997
0.0738478
0.216707
0.107087
0.0906531
0.601494
0.162836
0.245958
0.060809
0.662
0.489081
0.557314
0.632116
0.217453
0.0572574
0.448288
0.662
0.450223
0.662
0.0249626
0.0629481
0.105122
0.662
0.662
0.662
0.297967
0.161222
0.0603427
0.444654
0.381222
0.662
0.0724613
0.662
0.0152978
0.126659
0.534498
0.54417
0.310897
0.47395
0.386028
0.662
0.131109
0.481462
0.28643
0.662
0.201112
0.662
0.161515
0.662
0.662
0.322864
0.0515448
0.144187
0.196657
0.240607
0.484537
0.0785376
0.453625
0.0428682
0.196207
0.662
0.246159
0.399809
0.204114
0.385827
0.00625118
0.147872
0.291622
0.662
0.662
0.223861
0.0670049
0.0659693
0.0250804
0.0452427
0.199774
0.210296
0.0970735
0.600482
0.162414
0.299353
0.27085
0.0688726
0.662
0.662
0.183237
0.06804
0.411254
0.256555
0.381667
0.1815
0.0641336
0.0547762
0.632166
0.275845
0.0828263
0.283918
0.262459
0.158099
0.130301
0.218021
0.560601
0.662
0.318603
0.662
0.195279
0.662
0.41022
0.208398
0.238706
0.441687
0.0487496
0.662
0.174641
0.627904
0.548101
0.131507
0.662
0.662
0.254872
0.0757028
0.191105
0.662
0.0889326
0.662
0.606244
0.579372
0.173752
0.0738609
0.073392
0.112529
0.0379803
0.271195
0.662
0.155664
0.19376
0.662
0.24532
0.662
0.186438
0.113313
0.662
0.169978
0.211258
0.316862
0.165698
0.264927
0.259027
0.419944
0.249144
0.331821
0.202124
0.13519
0.278499
0.0646932
0.31363
0.662
0.113023
0.0405668
0.31587
0.0751489
0.372754
0.0528698
0.381315
0.662
0.662
0.406952
0.0550376
0.662
0.187118
0.662
0.411634
0.270582
0.135415
0.316889
0.506869
0.128965
0.0251814
0.662
0.157417
0.317196
0.09308
0.312362
0.0301584
0.662
0.114736
0.0880245
0.662
0.575415
0.0616952
0.18048
0.281701
0.10087
0.0125409
0.101732
0.233422
0.156972
0.20615
0.662
0.582983
0.470337
0.55686
0.662
0.299667
0.476413
0.38023
0.185684
0.181053
0.662
0.136691
0.418312
0.240995
0.138939
0.235032
0.0892796
0.470721
0.0724111
0.14486
0.461492
0.0236882
0.325984
0.0705298
0.144825
0.302784
0.148569
0.354328
0.316521
0.173963
0.370625
0.360346
0.239635
0.662
0.620716
0.0627843
0.123075
0.0352478
0.662
0.472805
0.467826
0.662
0.662
0.503299
0.662
0.191223
0.0200781
0.662
0.19443
0.662
0.630099
0.531636
0.390605
0.536653
0.137981
0.11014
0.662
0.420762
0.22359
0.662
0.231057
0.0411516
0.662
0.662
0.572773
0.44648
0.0954809
0.357967
0.591915
0.594992
0.411197
0.388131
0.420958
0.628789
0.172654
0.201681
0.298161
0.536066
0.112444
0.10333
0.662
0.23196
0.220867
0.184601
0.220773
0.622986
0.635844
0.190573
0.0822682
0.363656
0.445444
0.258392
0.324022
0.412747
0.662
0.0432425
0.171502
0.221891
0.236236
0.129867
0.662
0.103312
0.157567
0.662
0.662
0.27716
0.012394
0.203307
0.366227
0.164916
0.302521
0.038317
0.162158
0.488732
0.25176
0.443339
0.0913866
0.46982
0.433071
0.0996822
0.176692
0.109405
0.662
0.078769
0.662
0.218124
0.662
0.070902
0.362336
0.323134
0.22675
0.277508
0.205666
0.131052
0.573019
0.405758
0.271393
0.0986855
0.0725321
0.101946
0.0359141
0.148927
0.662
0.128072
0.662
0.309818
0.203652
0.662
0.111878
0.309799
0.107076
0.143352
0.149535
0.514342
0.0912098
0.662
0.111569
0.316146
0.347233
0.302978
0.297123
0.440928
0.347144
0.182743
0.662
0.302123
0.0841844
0.350442
0.224096
0.153791
0.0651892
0.14531
0.0746689
0.0743564
0.384796
0.662
0.518898
0.070015
0.125565
0.213939
0.330886
0.251177
0.662
0.470496
0.471904
0.076952
0.559013
0.662
0.396794
0.662
0.227486
0.511407
0.313998
0.0163509
0.550108
0.159118
0.298621
0.1853
0.123614
0.176524
0.662
0.17733
0.0531627
0.362191
0.0931254
0.177382
0.662
0.662
0.131615
0.456897
0.279297
0.426718
0.296973
0.662
0.444577
0.413113
0.662
0.379153
0.662
0.662
0.269144
0.0693433
0.517438
0.427237
0.384498
0.227072
0.662
0.37045
0.538255
0.290093
0.473279
0.277216
0.118486
0.0935373
0.0744628
0.662
0.662
0.662
0.11172
0.444255
0.662
0.569462
0.184802
0.158882
0.0418399
0.505532
0.662
0.148477
0.146214
0.267887
0.446676
0.33012
0.662
0.192937
0.228512
0.126368
0.662
0.144305
0.662
0.198365
0.308807
0.336311
0.0781126
0.368177
0.393829
0.295829
0.662
0.566937
0.0275939
0.299493
0.358855
0.23309
0.27717
0.365856
0.662
0.443726
0.0647673
0.259923
0.662
0.353014
0.63723
0.525375
0.662
0.406615
0.529866
0.478461
0.63249
0.662
0.662
0.0604442
0.20918
0.104261
0.662
0.632926
0.0965565
0.192804
0.0827178
0.341499
0.662
0.0807357
0.600825
0.623909
0.254451
0.33448
0.162564
0.662
0.662
0.389483
0.126207
0.662
0.206122
0.354265
0.290386
0.662
0.662
0.662
0.106847
0.437602
0.662
0.251445
0.250673
0.186686
0.662
0.465644
0.662
0.0582922
0.497871
0.264063
0.031534
0.151668
0.662
0.662
0.0226617
0.12358
0.596365
0.662
0.304538
0.662
0.436852
0.437724
0.178547
0.662
0.662
0.263964
0.296035
0.204943
0.662
0.662
0.17779
0.519119
0.110468
0.662
0.239705
0.628515
0.662
0.124973
0.12648
0.662
0.507068
0.24849
0.291599
0.419588
0.0241835
0.127163
0.119604
0.268572
0.256874
0.118332
0.472734
0.539804
0.662
0.662
0.0347594
0.166487
0.04458
0.442016
0.251842
0.266373
0.297973
0.403786
0.0447727
0.464698
0.0747481
0.331305
0.0208021
0.464385
0.129587
0.113733
0.0619399
0.618854
0.368318
0.118975
0.180302
0.0450347
0.0785931
0.173229
0.405794
0.450952
0.662
0.409135
0.178852
0.278209
0.286428
0.365522
0.11277
0.561475
0.0894157
0.00721028
0.00597941
0.133146
0.341068
0.377136
0.0154708
0.0822812
0.662
0.337606
0.150932
0.662
0.24416
0.469473
0.662
0.280292
0.437585
0.662
0.402071
0.297956
0.157465
0.0854626
0.241388
0.251301
0.0830157
0.571565
0.246661
0.222075
0.0767101
0.662
0.212663
0.225228
0.238189
0.298194
0.662
0.102871
0.0966969
0.441108
0.114872
0.01116
0.592447
0.187696
0.121826
0.157524
0.0180003
0.303968
0.109085
0.071147
0.336377
0.144623
0.662
0.650462
0.64405
0.662
0.195228
0.662
0.662
0.662
0.0538878
0.0605549
0.0659471
0.662
0.662
0.0391702
0.342859
0.419105
0.662
0.57372
0.391428
0.0309947
0.228189
0.0620001
0.095901
0.662
0.213189
0.22579
0.145641
0.0511035
0.0339847
0.000723275
0.0706331
0.0274859
0.0715685
0.662
0.181999
0.662
0.282902
0.289292
0.662
0.0969476
0.403597
0.125068
0.297902
0.0630307
0.355782
0.615995
0.112982
0.126077
0.194779
0.42887
0.251982
0.0520349
0.348025
0.662
0.0825955
0.172884
0.206373
0.491085
0.290827
0.0644398
0.0210432
0.390307
0.265059
0.662
0.662
0.0944206
0.268451
0.468141
0.253546
0.0433836
0.174753
0.200403
0.662
0.267971
0.161496
0.022252
0.168086
0.136293
0.570793
0.296008
0.0748429
0.662
0.662
0.244825
0.308995
0.122668
0.388856
0.220466
0.384712
0.214622
0.123801
0.0807541
0.225783
0.167719
0.458762
0.626929
0.53082
0.146131
0.422753
0.133506
0.252765
0.146457
0.662
0.12619
0.150486
0.351187
0.0261871
0.121525
0.102271
0.0648251
0.662
0.662
0.201016
0.63107
0.294639
0.0990297
0.104806
0.520697
0.608602
0.134453
0.221501
0.662
0.17213
0.0815411
0.0987908
0.121886
0.178305
0.594723
0.623376
0.390169
0.0900978
0.538872
0.374275
0.128296
0.130927
0.0236747
0.209508
0.499757
0.414696
0.37118
0.451176
0.652572
0.215313
0.207266
0.206501
0.594148
0.267065
0.319695
0.662
0.118853
0.236687
0.0504649
0.662
0.186516
0.662
0.0965724
0.197519
0.273641
0.145948
0.662
0.172896
0.0733709
0.119654
0.220028
0.65881
0.10978
0.589307
0.122559
0.0735938
0.308834
0.326179
0.0333129
0.662
0.449478
0.174982
0.0116239
0.0156934
0.402176
0.252677
0.0507359
0.422935
0.117714
0.359741
0.454147
0.0612886
0.436019
0.263227
0.166511
0.0560038
0.145269
0.441917
0.457188
0.0484415
0.423052
0.160643
0.18455
0.169638
0.220736
0.0921772
0.430495
0.412596
0.585706
0.662
0.662
0.349399
0.0820993
0.12699
0.515792
0.662
0.169371
0.101796
0.110931
0.330047
0.308196
0.433637
0.662
0.146758
0.622696
0.373863
0.202989
0.156993
0.108661
0.241021
0.367477
0.256514
0.449969
0.0106526
0.615526
0.193114
0.418267
0.431198
0.256942
0.175109
0.199758
0.1248
0.224679
0.662
0.077743
0.148541
0.363582
0.249347
0.365257
0.662
0.0938664
0.484476
0.230545
0.157515
0.0699619
0.46375
0.356151
0.121893
0.307636
0.192154
0.662
0.632821
0.106644
0.108067
0.159867
0.662
0.166854
0.113505
0.0531788
0.552624
0.315946
0.662
0.298195
0.0914878
0.596143
0.449497
0.0379683
0.0540304
0.290282
0.153067
0.246837
0.496465
0.258233
0.662
0.0964702
0.235066
0.662
0.0382404
0.403592
0.662
0.0763598
0.662
0.23441
0.164929
0.0805293
0.155757
0.259056
0.469012
0.29738
0.197823
0.326683
0.0629295
0.484049
0.242981
0.662
0.225219
0.0934174
0.172043
0.662
0.0698261
0.0895508
0.22749
0.0937742
0.343225
0.662
0.483796
0.662
0.662
0.662
0.0758679
0.0863996
0.0665228
0.508675
0.0261986
0.24976
0.260245
0.288795
0.158336
0.183908
0.469092
0.273211
0.525095
0.30698
0.0612384
0.321385
0.452915
0.299816
0.0509082
0.154304
0.477767
0.0554198
0.309564
0.116794
0.369846
0.0680931
0.662
0.140629
0.660397
0.285561
0.266201
0.333233
0.662
0.138949
0.0385196
0.186226
0.65172
0.08295
0.662
0.0821146
0.158416
0.280109
0.616732
0.407338
0.662
0.129523
0.662
0.22514
0.111166
0.433665
0.662
0.37667
0.662
0.343293
0.0146161
0.221534
0.419464
0.0726016
0.263678
0.148454
0.0754741
0.0030999
0.0650833
0.0858682
0.46328
0.456276
0.144187
0.553455
0.169516
0.147497
0.62637
0.290357
0.248888
0.180598
0.238094
0.662
0.134982
0.0514079
0.201362
0.236104
0.313159
0.131729
0.229189
0.0234625
0.0713806
0.104056
0.251558
0.454327
0.302176
0.0598022
0.363961
0.662
0.594095
0.585066
0.0240913
0.209859
0.158659
0.295593
0.398847
0.662
0.616909
0.447854
0.164716
0.177561
0.407395
0.0836607
0.181842
0.223813
0.110681
0.0469311
0.104306
0.130292
0.147911
0.295488
0.551166
0.388355
0.102064
0.155315
0.413583
0.0427192
0.0394929
0.446649
0.430483
0.292571
0.186738
0.218491
0.125336
0.662
0.662
0.0921991
0.103109
0.34321
0.660603
0.098955
0.0268498
0.662
0.179994
0.450038
0.0312913
0.662
0.0118267
0.662
0.133178
0.662
0.662
0.355994
0.276008
0.219114
0.662
0.0704672
0.0865641
0.172582
0.128728
0.074866
0.217597
0.248537
0.255049
0.605939
0.328108
0.620807
0.662
0.149785
0.116206
0.0922941
0.662
0.662
0.193492
0.054163
0.325434
0.151144
0.201581
0.124279
0.662
0.0654841
0.662
0.0657517
0.246104
0.662
0.371603
0.0093127
0.317567
0.080708
0.219628
0.135226
0.326901
0.152515
0.248187
0.0927228
0.0356438
0.403814
0.345031
0.489573
0.304697
0.17689
0.0779976
0.662
0.624245
0.187497
0.153112
0.0596023
0.299918
0.409563
0.117942
0.127752
0.540992
0.341092
0.662
0.662
0.42984
0.397128
0.495684
0.0553588
0.522712
0.623041
0.662
0.123563
0.662
0.100417
0.537182
0.194045
0.662
0.181275
0.541445
0.103178
0.369884
0.662
0.662
0.382971
0.662
0.527263
0.316534
0.662
0.359377
0.357711
0.18631
0.212657
0.290992
0.0581923
0.109315
0.164167
0.173213
0.662
0.318897
0.370462
0.662
0.568899
0.662
0.515621
0.662
0.209049
0.149143
0.353862
0.425426
0.662
0.525318
0.629948
0.547012
0.284808
0.1537
0.493974
0.0886239
0.662
0.283831
0.0902738
0.138377
0.113166
0.662
0.18701
0.18683
0.355132
0.662
0.100608
0.460542
0.420957
0.662
0.143798
0.0935207
0.461351
0.360444
0.499736
0.4024
0.0689094
0.0511277
0.662
0.0453421
0.342315
0.18886
0.0597507
0.662
0.341312
0.662
0.662
0.44099
0.488858
0.150453
0.104458
0.146539
0.612478
0.385487
0.250187
0.181084
0.259694
0.176861
0.260528
0.662
0.430249
0.231102
0.125006
0.103213
0.588799
0.662
0.237688
0.662
0.15404
0.662
0.238668
0.633694
0.156834
0.206754
0.347384
0.655046
0.662
0.0572568
0.662
0.19034
0.222766
0.144153
0.437916
0.267717
0.45452
0.318048
0.153922
0.466236
0.391499
0.189066
0.0790003
0.0672244
0.249622
0.243245
0.0788995
0.662
0.662
0.175124
0.259265
0.662
0.0648112
0.662
0.148667
0.0750176
0.0938209
0.544126
0.196125
0.16769
0.220102
0.465067
0.155982
0.219233
0.00624594
0.291296
0.347609
0.0767831
0.358422
0.318561
0.124615
0.295671
0.140934
0.387251
0.662
0.0506382
0.102459
0.0746268
0.138724
0.662
0.0885024
0.662
0.464312
0.230115
0.112666
0.662
0.228505
0.662
0.662
0.105244
0.625335
0.117244
0.120646
0.662
0.13796
0.0444181
0.195109
0.662
0.321698
0.662
0.662
0.0888665
0.267577
0.662
0.0902201
0.418383
0.273105
0.408675
0.662
0.100577
0.105274
0.662
0.230557
0.464198
0.0970437
0.0184778
0.453803
0.407985
0.244411
0.662
0.662
0.0591055
0.290276
0.229711
0.111566
0.401366
0.320636
0.0908451
0.417816
0.662
0.351346
0.444544
0.0151848
0.0393658
0.21484
0.229283
0.326888
0.662
0.138449
0.128244
0.612214
0.662
0.662
0.0942953
0.0394553
0.0892884
0.662
0.471319
0.223531
0.297498
0.143428
0.0351861
0.662
0.413612
0.154298
0.662
0.662
0.14533
0.113184
0.139712
0.662
0.662
0.0154193
0.0861424
0.662
0.106769
0.662
0.599596
0.476952
0.39229
0.0579672
0.275413
0.662
0.662
0.084567
0.399798
0.63339
0.153179
0.410876
0.205273
0.457617
0.0859699
0.542851
0.115891
0.155536
0.168749
0.193377
0.662
0.662
0.662
0.61024
0.300233
0.0585439
0.219782
0.403396
0.265363
0.181153
0.0578417
0.11954
0.343632
0.0865886
0.0385895
0.156332
0.498328
0.662
0.45848
0.541954
0.249759
0.149287
0.462916
0.212332
0.662
0.662
0.296371
0.600115
0.337919
0.228054
0.099303
0.237329
0.422545
0.662
0.153655
0.175619
0.0982294
0.151229
0.662
0.00124752
0.404793
0.409915
0.619494
0.159293
0.554641
0.401594
0.405592
0.662
0.0633115
0.662
0.304272
0.394973
0.662
0.332832
0.391336
0.0976551
0.218749
0.167611
0.126756
0.286289
0.116228
0.662
0.167656
0.37957
0.662
0.0439438
0.42298
0.4105
0.662
0.180596
0.586996
0.662
0.109469
0.566857
0.662
0.161883
0.0158648
0.662
0.15407
0.458558
0.303732
0.411281
0.215445
0.402089
0.662
0.629876
0.315031
0.263483
0.17735
0.399902
0.363657
0.31291
0.0497821
0.32123
0.245433
0.123423
0.662
0.231496
0.51472
0.662
0.184827
0.0842816
0.662
0.192725
0.126701
0.285833
0.196194
0.662
0.336547
0.0798775
0.356646
0.143928
0.662
0.307438
0.289217
0.240966
0.273887
0.172889
0.135349
0.662
0.404364
0.375087
0.662
0.662
0.312228
0.25564
0.564543
0.0127888
0.223202
0.321031
0.662
0.0876928
0.376924
0.171171
0.393979
0.662
0.103997
0.317824
0.231414
0.0881197
0.065981
0.52195
0.0505923
0.148572
0.662
0.403196
0.662
0.326578
0.0956217
0.184505
0.552806
0.230534
0.548205
0.161927
0.610997
0.176287
0.0772457
0.294524
0.018596
0.662
0.110931
0.331875
0.166252
0.0117673
0.128324
0.662
0.148906
0.101845
0.486098
0.653339
0.0457019
0.263987
0.123668
0.023116
0.115405
0.163598
0.220344
0.405789
0.0430107
0.662
0.201675
0.318941
0.416631
0.0989781
0.188975
0.350613
0.662
0.0564299
0.272558
0.261091
0.226196
0.340692
0.551271
0.344077
0.418402
0.111268
0.12225
0.092453
0.340039
0.377491
0.191369
0.662
0.250818
0.139661
0.0507902
0.104704
0.352575
0.108127
0.0390814
0.607259
0.330571
0.0404931
0.352356
0.662
0.00928
0.662
0.104649
0.0609671
0.662
0.0176033
0.662
0.143577
0.161534
0.237509
0.662
0.662
0.662
0.297194
0.227254
0.662
0.180171
0.258965
0.0885495
0.00230701
0.595911
0.124513
0.0902883
0.194311
0.662
0.175411
0.1348
0.264562
0.0751406
0.12995
0.325207
0.271222
0.0360995
0.200709
0.0878654
0.0862193
0.662
0.0226252
0.22165
0.165809
0.261923
0.662
0.156611
0.548949
0.662
