0.279246
0.170329
0.662
0.526314
0.209023
0.389218
0.184669
0.662
0.232742
0.445917
0.641614
0.662
0.181336
0.109841
0.106562
0.338349
0.662
0.662
0.481169
0.28123
0.0916874
0.134543
0.187585
0.150092
0.409367
0.574681
0.218118
0.637531
0.116641
0.573543
0.491634
0.662
0.221549
0.0170305
0.0833898
0.050863
0.174514
0.563556
0.0125
0.107226
0.434858
0.00888509
0.254503
0.233921
0.0450309
0.199608
0.157102
0.0879501
0.15026
0.0812783
0.460242
0.175849
0.392544
0.0782949
0.591354
0.63974
0.437833
0.662
0.61245
0.292827
0.0652463
0.206196
0.335361
0.130313
0.17792
0.257829
0.662
0.641568
0.0800185
0.134246
0.224093
0.660778
0.218751
0.0860881
0.368295
0.15783
0.480265
0.204288
0.622605
0.133261
0.662
0.291431
0.241987
0.361045
0.0798959
0.237019
0.440689
0.266189
0.662
0.234989
0.117071
0.115491
0.082282
0.659719
0.335072
0.662
0.540475
0.251546
0.483704
0.568643
0.0923707
0.203523
0.621195
0.662
0.573284
0.185717
0.396552
0.168417
0.244102
0.601426
0.0891709
0.0457853
0.519918
0.191596
0.181745
0.201509
0.0978552
0.111969
0.458692
0.24944
0.598104
0.0570836
0.139002
0.17432
0.290981
0.297258
0.265327
0.251653
0.136336
0.645068
0.662
0.154472
0.097089
0.193115
0.107694
0.280823
0.455942
0.151649
0.160854
0.282102
0.257824
0.485541
0.662
0.282702
0.662
0.216547
0.234298
0.155353
0.285146
0.0830092
0.141885
0.460204
0.266526
0.428526
0.182638
0.0335843
0.626005
0.571592
0.660795
0.271141
0.069323
0.0629529
0.0725713
0.422832
0.265111
0.39926
0.133213
0.498486
0.610218
0.662
0.595001
0.521108
0.662
0.166626
0.500489
0.0799525
0.45582
0.0667449
0.191937
0.0671792
0.0483234
0.0664208
0.088668
0.404101
0.182067
0.043446
0.449222
0.181018
0.425423
0.432111
0.117735
0.0623709
0.501701
0.43985
0.212946
0.221218
0.426462
0.111591
0.200837
0.662
0.443454
0.0965233
0.285965
0.325198
0.580517
0.541334
0.109636
0.472859
