0.0608731
0.47555
0.272798
0.275389
0.105459
0.100678
0.662
0.105506
0.482908
0.171397
0.0861154
0.225186
0.628129
0.0682419
0.0612078
0.433378
0.188669
0.643488
0.453593
0.193989
0.260504
0.227982
0.260569
0.109014
0.0324192
0.512585
0.308431
0.0319507
0.178653
0.343578
0.466233
0.298401
0.151237
0.0149834
0.205349
0.300738
0.0789745
0.662
0.109038
0.14567
0.47045
0.179932
0.0866742
0.130638
0.239878
0.0903057
0.25176
0.662
0.139283
0.211389
0.347051
0.235064
0.656829
0.228919
0.218279
0.175047
0.19783
0.391141
0.0966723
0.662
0.472546
0.0927072
0.662
0.146133
0.644021
0.0701478
0.193728
0.43599
0.476228
0.662
0.181443
0.189389
0.00285315
0.0831275
0.405328
0.544522
0.0846764
0.149448
0.472656
0.662
0.0531116
0.192786
0.107451
0.0805025
0.261814
0.159116
0.0360522
0.132152
0.0542902
0.0661935
0.0438295
0.591238
0.324249
0.470879
0.662
0.662
0.22502
0.250693
0.403394
0.267507
0.0551267
0.0674258
0.455763
0.271821
0.170748
0.0896313
0.0543046
0.245066
0.190668
0.431697
0.134259
0.49511
0.178626
0.0977719
0.330701
0.556905
0.662
0.252313
0.376685
0.299029
0.16595
0.662
0.637309
0.16216
0.0856234
0.247241
0.317621
0.320412
0.639978
0.511042
0.423788
0.525453
0.0798265
0.149107
0.150467
0.247976
0.337169
0.404284
0.124327
0.199943
0.16286
0.303603
0.339152
0.621043
0.245821
0.0804909
0.245976
0.218622
0.0708805
0.172679
0.662
0.30193
0.339495
0.0680767
0.232018
0.168894
0.137049
