0.206438
0.363198
0.447373
0.157315
0.229741
0.0451569
0.145857
0.142871
0.310775
0.154966
0.249446
0.381548
0.662
0.0673489
0.186825
0.0802987
0.662
0.328253
0.662
0.506468
0.00447648
0.453729
0.449753
0.180178
0.179758
0.567714
0.166634
0.348649
0.11949
0.0932988
0.0677345
0.263373
0.36821
0.19674
0.0594594
0.0672673
0.0452758
0.048745
0.0834607
0.305009
0.15567
0.0746894
0.0648311
0.0680893
0.475054
0.234683
0.448989
0.329732
0.269598
0.574982
0.43902
0.168767
0.254738
0.243569
0.155269
0.662
0.662
0.662
0.142784
0.083677
0.551676
0.662
0.484307
0.335843
0.307884
0.361071
0.479112
0.662
0.315535
0.103538
0.265631
0.0318576
0.0706827
0.0378396
0.0589232
0.0142539
0.662
0.453887
0.344552
0.206678
0.0214686
0.144977
0.598217
0.286169
0.163547
0.038136
0.261904
0.0922498
0.662
0.135094
0.438239
0.387248
0.0618214
0.062091
0.172364
0.195741
0.0232226
0.504724
0.177391
0.187195
0.346027
0.61247
0.662
0.318687
0.658653
0.0776413
0.662
0.63484
0.13714
0.161169
0.119657
0.662
0.393083
0.238518
0.25189
0.105921
0.153294
0.16968
0.662
0.383352
0.0217611
0.662
0.662
0.512483
0.234265
0.356526
0.0669368
0.311432
0.0393316
0.662
0.239238
0.0757181
0.39743
0.0857692
0.195629
0.0126108
0.662
0.662
0.662
0.126704
0.177869
0.159595
0.248492
0.631984
0.352704
0.612604
0.0656537
0.0335326
0.662
0.271644
0.273164
0.159746
0.345407
0.281267
0.179919
0.0997292
0.0941463
0.406203
0.156349
0.355188
0.235896
0.0424152
0.384369
0.597505
0.334789
0.116538
0.572381
0.662
0.379608
0.310114
0.6072
0.369168
0.603818
0.494722
0.2419
0.526182
0.145484
0.662
0.105137
0.283406
0.139568
0.662
0.0787964
0.161339
0.115814
0.147924
0.662
0.0722344
0.111156
0.662
0.367324
0.662
0.0925602
0.0962279
0.176819
0.413044
0.662
0.451377
0.108723
0.662
0.598634
0.165033
0.662
0.345483
0.28661
0.508249
0.108559
0.0774727
0.180989
0.254058
0.187341
0.136113
0.0101164
0.480807
0.0732867
0.411407
0.579316
0.223524
0.171052
0.0832036
0.203046
0.110988
0.0778911
0.0466446
0.0604181
0.374237
0.662
0.106811
0.662
0.355754
0.357365
0.662
0.265669
0.43415
0.104307
0.662
0.259276
0.662
0.133457
0.215968
0.145744
0.662
0.408696
0.399859
0.160228
0.301651
0.123466
0.125321
0.168324
0.267845
0.662
0.629706
0.315848
0.359712
0.130666
0.171308
0.137882
0.210057
0.12538
0.064237
0.627949
0.516983
0.0231653
0.325625
0.444861
0.662
0.560731
0.0314733
0.662
0.620688
0.605714
0.178035
0.35051
0.128723
0.405143
0.430118
0.160857
0.080318
0.14983
0.36957
0.375549
0.662
0.613095
0.298977
0.662
0.0816559
0.369702
0.0798943
0.662
0.124733
0.190274
0.662
0.0202362
0.654509
0.232769
0.216218
0.202865
0.199509
0.113273
0.120989
0.662
0.520681
0.662
0.43117
0.239095
0.375259
0.0880689
0.077171
0.508203
0.179848
0.422051
0.115198
0.190812
0.662
0.495153
0.23291
0.0827341
0.110383
0.662
0.602699
0.104024
0.0565677
0.11356
0.138633
0.263705
0.662
0.00742577
0.462532
0.0756171
0.130844
0.436448
0.662
0.662
0.150096
0.662
0.206763
0.169498
0.41083
0.662
0.662
0.100088
0.458038
0.662
0.183568
0.602437
0.0229155
0.24822
0.662
0.32543
0.0741191
0.185322
0.437433
0.271691
0.399928
0.491607
0.0597847
0.435712
0.06168
0.0869387
0.662
0.202969
0.107143
0.0932136
0.0917758
0.359901
0.487284
0.118405
0.271854
0.302984
0.0783493
0.662
0.662
0.221158
0.094508
0.0651204
0.132853
0.114338
0.35891
0.320509
0.0553668
0.662
0.145135
0.269979
0.198568
0.332211
0.471925
0.562018
0.0733471
0.662
0.399641
0.213357
0.662
0.293949
0.0989261
0.235539
0.368699
0.662
0.662
0.0875248
0.662
0.662
0.325285
0.396427
0.21372
0.179113
0.516363
0.562672
0.662
0.124469
0.458137
0.0519414
0.662
0.662
0.105239
0.46222
0.170452
0.12355
0.361463
0.662
0.393563
0.662
0.276908
0.233473
0.443533
0.340699
0.0258496
0.535258
0.633353
0.255693
0.191604
0.266594
0.272475
0.0756884
0.662
0.662
0.304347
0.0247985
0.332622
0.433774
0.484323
0.0820161
0.0011225
0.293522
0.132093
0.0863281
0.0390307
0.284698
0.0821633
0.662
0.662
0.662
0.0277458
0.662
0.662
0.201304
0.349973
0.0644623
0.188513
0.19911
0.303063
0.662
0.0354221
0.276242
0.0979067
0.0754886
0.272557
0.320625
0.652075
0.201684
0.662
0.133114
0.472789
0.662
0.662
0.299047
0.662
0.0479685
0.165433
0.0329114
0.49611
0.112583
0.517934
0.304941
0.513487
0.0918532
0.151161
0.115822
0.00758077
0.122669
0.2143
0.103976
0.179587
0.662
0.0695406
0.0556238
0.0625405
0.114584
0.53599
0.662
0.167838
0.662
0.26303
0.38216
0.089804
0.1949
0.209505
0.545767
0.200086
0.117781
0.102278
0.064488
0.134182
0.109799
0.521088
0.419595
0.588593
0.0501383
0.0471134
0.662
0.147069
0.219261
0.662
0.215387
0.225593
0.662
0.123771
0.162186
0.299015
0.100387
0.662
0.386383
0.096785
0.0996372
0.216342
0.251298
0.128007
0.395546
0.633039
0.0730412
0.559951
0.337331
0.662
0.10357
0.101579
0.532739
0.662
0.269872
0.662
0.183316
0.137428
0.0151991
0.185226
0.369298
0.266183
0.0470271
0.319036
0.662
0.662
0.122966
0.246164
0.10585
0.155857
0.197447
0.157039
0.513706
0.0891259
0.200362
0.11152
0.335079
0.304029
0.047479
0.264409
0.23922
0.0836609
0.184248
0.0969177
0.263134
0.573113
0.429427
0.013152
0.624993
0.312534
0.0911108
0.231834
0.222097
0.662
0.490722
0.254714
0.662
0.075843
0.0736594
0.183307
0.284729
0.495515
0.206889
0.662
0.662
0.0278479
0.0140822
0.0871288
0.453311
0.205763
0.070823
0.277422
0.0442502
0.182502
0.662
0.662
0.0960451
0.662
0.218006
0.294788
0.391116
0.207093
0.123034
0.488463
0.493077
0.137805
0.139127
0.24457
0.0573633
0.662
0.227097
0.33253
0.356202
0.120985
0.468632
0.372559
0.319671
0.549915
0.16703
0.283053
0.662
0.0992362
0.0907157
0.293565
0.181254
0.358318
0.390411
0.177296
0.0924982
0.0316478
0.662
0.169898
0.339478
0.545365
0.0762297
0.457981
0.274469
0.344656
0.14343
0.662
0.100212
0.0764604
0.101524
0.296715
0.24851
0.662
0.10395
0.526711
0.341418
0.336829
0.256385
0.662
0.202587
0.0615609
0.0957763
0.662
0.345213
0.0162988
0.662
0.304868
0.101755
0.4184
0.00943394
0.662
0.000779961
0.0205214
0.155313
0.662
0.662
0.0678847
0.173494
0.218216
0.662
0.144758
0.140947
0.662
0.262899
0.662
0.662
0.0887907
0.442928
0.662
0.0108593
0.218557
0.546133
0.662
0.0345419
0.342057
0.152836
0.216188
0.662
0.271472
0.500567
0.662
0.117429
0.120508
0.662
0.271894
0.193437
0.221205
0.346831
0.0769322
0.0439914
0.190495
0.164374
0.00455624
0.662
0.662
0.15333
0.160189
0.610428
0.23671
0.138209
0.0981486
0.0518158
0.662
0.147862
0.439351
0.307097
0.662
0.662
0.174689
0.660971
0.294314
0.103996
0.273546
0.112219
0.662
0.458179
0.615563
0.167051
0.309138
0.465996
0.0371794
0.0746377
0.10803
0.662
0.662
0.308828
0.257229
0.174551
0.0723716
0.147084
0.27735
0.168588
0.385069
0.386783
0.437139
0.662
0.512761
0.102358
0.16976
0.233117
0.0397825
0.104413
0.662
0.057588
0.351735
0.46715
0.662
0.129647
0.464378
0.447496
0.662
0.191964
0.290061
0.124097
0.0700691
0.624131
0.172196
0.662
0.243352
0.408012
0.662
0.662
0.509434
0.162661
0.6316
0.404331
0.209247
0.192439
0.662
0.207541
0.0629157
0.408728
0.100915
0.00441705
0.0237556
0.129369
0.44673
0.565811
0.265729
0.662
0.218162
0.147196
0.662
0.293872
0.372263
0.322702
0.138449
0.112392
0.662
0.1003
0.211814
0.177584
0.159772
0.0607461
0.662
0.167695
0.417629
0.163661
0.449083
0.662
0.342201
0.281364
0.181001
0.662
0.17495
0.214034
0.23636
0.662
0.261741
0.5644
0.0513943
0.247659
0.506239
0.183034
0.127663
0.662
0.0629793
0.469215
0.232325
0.662
0.112462
0.662
0.0072227
0.0961696
0.523513
0.380837
0.376038
0.546847
0.219145
0.662
0.0542107
0.272803
0.211426
0.212107
0.662
0.30174
0.298432
0.304216
0.378712
0.0864344
0.172404
0.178744
0.662
0.124113
0.338577
0.595029
0.115937
0.26602
0.189568
0.0771117
0.649732
0.0332065
0.56494
0.134103
0.216181
0.147531
0.644054
0.216524
0.191728
0.662
0.0909874
0.0720321
0.318027
0.26619
0.0994114
0.461403
0.417961
0.057836
0.662
0.142668
0.093938
0.197859
0.140271
0.19684
0.244314
0.207697
0.0207932
0.148293
0.0930277
0.228195
0.510508
0.568521
0.662
0.662
0.537419
0.249746
0.662
0.0799834
0.323913
0.0790112
0.235676
0.110939
0.537511
0.165614
0.662
0.174432
0.662
0.168937
0.113174
0.0913521
0.430459
0.321541
0.582951
0.662
0.111468
0.0153644
0.236329
0.0671947
0.662
0.437206
0.483491
0.0791599
0.214715
0.643822
0.662
0.285634
0.662
0.187816
0.387915
0.560682
0.474553
0.416307
0.615128
0.512742
0.371388
0.474715
0.0754809
0.333819
0.662
0.245679
0.160143
0.226738
0.257274
0.0512112
0.241422
0.138868
0.662
0.294794
0.286442
0.203174
0.0783943
0.0488518
0.462566
0.230163
0.0661787
0.662
0.0921408
0.0970066
0.153424
0.532222
0.138487
0.00540767
0.488838
0.561859
0.662
0.0558416
0.126198
0.512683
0.0736913
0.662
0.231627
0.441877
0.13346
0.662
0.191924
0.300781
0.343351
0.441617
0.256248
0.507329
0.117378
0.0168323
0.0480288
0.662
0.0662469
0.259229
0.205921
0.662
0.228816
0.301108
0.249553
0.0208901
0.477097
0.145288
0.604058
0.249919
0.0796629
0.0728452
0.291869
0.0491024
0.119047
0.0576337
0.393383
0.125679
0.126045
0.172085
0.342852
0.0331747
0.0620498
0.662
0.054858
0.448071
0.0554104
0.358544
0.330449
0.067832
0.662
0.109765
0.195147
0.159566
0.157124
0.22543
0.0227626
0.0767528
0.662
0.186115
0.122756
0.102494
0.257309
0.106009
0.212888
0.271868
0.36371
0.320158
0.3028
0.201491
0.474115
0.662
0.360952
0.486106
0.052561
0.245245
0.13331
0.0278374
0.46335
0.0572183
0.0961031
0.0409402
0.346763
0.127873
0.0517281
0.145549
0.0725127
0.114266
0.39503
0.392399
0.0917442
0.662
0.177509
0.303786
0.662
0.195766
0.435625
0.662
0.0708195
0.630314
0.243706
0.662
0.316502
0.662
0.0497012
0.419855
0.27896
0.662
0.193886
0.198972
0.184966
0.662
0.325854
0.662
0.662
0.114071
0.288035
0.044194
0.662
0.0565551
0.0896024
0.662
0.0888364
0.15012
0.133583
0.177458
0.280772
0.342802
0.657694
0.158536
0.243346
0.00418791
0.23131
0.0879097
0.117759
0.111855
0.216324
0.11586
0.662
0.13363
0.429306
0.153925
0.232902
0.205388
0.109291
0.331491
0.52196
0.365545
0.123969
0.662
0.364265
0.61539
0.0509995
0.426215
0.662
0.338851
0.241437
0.662
0.206578
0.470229
0.55125
0.173847
0.578604
0.143044
0.662
0.50915
0.295154
0.217042
0.0913749
0.258227
0.0836205
0.633711
0.261362
0.415861
0.228988
0.0765571
0.186942
0.419565
0.084231
0.662
0.19105
0.23271
0.662
0.662
0.458327
0.662
0.152922
0.439348
0.662
0.012859
0.384446
0.225347
0.653325
0.240854
0.213666
0.0188123
0.296952
0.130725
0.0384292
0.662
0.197865
0.198634
0.157666
0.103677
0.47416
0.22557
0.0829556
0.106437
0.250819
0.382224
0.110342
0.163174
0.110819
0.125023
0.165433
0.662
0.501861
0.248745
0.662
0.304559
0.334731
0.0365803
0.662
0.421059
0.662
0.662
0.662
0.138395
0.101825
0.662
0.0546958
0.479211
0.046568
0.194363
0.662
0.662
0.265081
0.159801
0.479989
0.0996755
0.0711511
0.167407
0.662
0.178781
0.662
0.166455
0.0395948
0.109382
0.111842
0.0884509
0.109417
0.375794
0.241342
0.0881787
0.121083
0.662
0.227898
0.0770422
0.03327
0.294715
0.55208
0.0697819
0.296396
0.0314242
0.105716
0.662
0.290133
0.453106
0.0654781
0.40059
0.140191
0.662
0.0580124
0.662
0.0865832
0.143366
0.0973888
0.279146
0.0401491
0.119466
0.287706
0.354038
0.185489
0.0927229
0.182477
0.662
0.444864
0.0796464
0.250131
0.0276862
0.662
0.0315806
0.0892447
0.604835
0.399489
0.260318
0.353873
0.100654
0.105679
0.166167
0.105591
0.662
0.468934
0.111265
0.0946985
0.0863525
0.225172
0.0752897
0.117128
0.361165
0.130043
0.0620345
0.296421
0.220076
0.662
0.193035
0.279209
0.0621475
0.419385
0.126369
0.0929871
0.0677626
0.180662
0.510225
0.307402
0.662
0.530338
0.115458
0.338813
0.295881
0.662
0.662
0.133782
0.662
0.662
0.521085
0.211738
0.201061
0.662
0.469272
0.662
0.475643
0.233826
0.494297
0.662
0.103466
0.662
0.24989
0.0173688
0.0210286
0.228918
0.543742
0.330498
0.20029
0.323166
0.662
0.662
0.0563463
0.0967486
0.589339
0.248098
0.147519
0.0407455
0.662
0.0116895
0.662
0.225586
0.10861
0.568702
0.192116
0.390744
0.292619
0.151617
0.168781
0.589593
0.205104
0.0798903
0.104567
0.251873
0.137778
0.112965
0.196237
0.530145
0.596421
0.598604
0.183905
0.303834
0.0423119
0.245025
0.662
0.231814
0.160702
0.353677
0.340364
0.243089
0.168842
0.185514
0.247624
0.540384
0.569702
0.662
0.351272
0.53087
0.226392
0.343721
0.0343765
0.0211012
0.0941581
0.101868
0.662
0.3762
0.510792
0.266271
0.404509
0.635011
0.179332
0.166607
0.662
0.166553
0.0398417
0.662
0.0743729
0.0885591
0.152785
0.314307
0.0734901
0.20312
0.662
0.512656
0.252864
0.662
0.309758
0.161068
0.32028
0.184509
0.383336
0.0967073
0.494116
0.650795
0.385798
0.184583
0.076482
0.19506
0.0395539
0.0979249
0.357452
0.0553626
0.283254
0.474465
0.0854255
0.347667
0.662
0.137751
0.120704
0.662
0.0102341
0.0743762
0.281056
0.0759953
0.154827
0.367208
0.276491
0.442193
0.22394
0.500959
0.0353643
0.275078
0.156119
0.567538
0.290995
0.0234039
0.179161
0.639228
0.0591178
0.278227
0.215061
0.283954
0.410932
0.662
0.0904681
0.031666
0.187587
0.384207
0.163017
0.269779
0.662
0.248396
0.123015
0.146173
0.15502
0.25834
0.0687071
0.285806
0.431474
0.248118
0.131254
0.253741
0.0134014
0.662
0.0708053
0.662
0.282983
0.262892
0.419373
0.135453
0.662
0.144546
0.224665
0.21169
0.284908
0.140082
0.234764
0.494565
0.291521
0.0851159
0.662
0.662
0.095425
0.102808
0.0989903
0.211639
0.219974
0.662
0.120932
0.218633
0.305579
0.37749
0.0858211
0.542323
0.113047
0.127304
0.298963
0.191087
0.235535
0.222393
0.255236
0.411536
0.599818
0.645629
0.12987
0.662
0.150833
0.629652
0.430744
0.109928
0.333305
0.103065
0.517176
0.662
0.0607687
0.063152
0.0979899
0.61927
0.170825
0.273255
0.429113
0.585586
0.662
0.637391
0.336121
0.200679
0.0337743
0.27401
0.29113
0.346727
0.662
0.119694
0.251034
0.146384
0.339865
0.148486
0.107153
0.340427
0.662
0.242722
0.0692217
0.568546
0.217892
0.197299
0.29821
0.0565883
0.662
0.178071
0.662
0.327287
0.319075
0.662
0.662
0.375964
0.121823
0.078579
0.448579
0.306893
0.223166
0.154884
0.662
0.435528
0.191004
0.121148
0.599968
0.508756
0.662
0.662
0.662
0.662
0.0935756
0.224474
0.348682
0.0583729
0.0136321
0.0458885
0.273167
0.175788
0.339462
0.0596246
0.0415621
0.0712348
0.067818
0.0889174
0.506397
0.420012
0.654491
0.662
0.662
0.133306
0.106384
0.0832403
0.662
0.130371
0.172997
0.662
0.662
0.662
0.00953743
0.385368
0.225722
0.131222
0.0766148
0.0839689
0.108172
0.0445666
0.662
0.662
0.457691
0.556166
0.259718
0.23546
0.240368
0.662
0.662
0.469732
0.474344
0.554423
0.0279893
0.116372
0.662
0.0836047
0.0123547
0.662
0.2942
0.432731
0.377206
0.297752
0.28156
0.662
0.662
0.0565687
0.10414
0.163803
0.625819
0.131362
0.135477
0.180981
0.0578195
0.120926
0.578679
0.0759097
0.385839
0.484612
0.328287
0.662
0.0401939
0.662
0.0778542
0.149295
0.102308
0.662
0.653384
0.662
0.136395
0.459482
0.333231
0.416444
0.262423
0.135948
0.662
0.452771
0.510844
0.174705
0.274877
0.430964
0.0821713
0.138266
0.662
0.662
0.000360994
0.535657
0.137458
0.508355
0.662
0.0927507
0.662
0.0491296
0.662
0.315791
0.540516
0.125667
0.209971
0.199937
0.0573624
0.633366
0.219478
0.115042
0.233244
0.662
0.56067
0.104797
0.662
0.463408
0.269439
0.126944
0.118883
0.306142
0.262803
0.599772
0.359922
0.104975
0.35162
0.151197
0.129686
0.0861969
0.132346
0.115992
0.107283
0.515563
0.109464
0.104412
0.245446
0.611739
0.258074
0.0787435
0.50691
0.662
0.662
0.662
0.0633195
0.255956
0.147314
0.150527
0.469358
0.450203
0.455521
0.128789
0.353714
0.0327575
0.662
0.301366
0.385367
0.662
0.45851
0.662
0.221635
0.472128
0.567643
0.331159
0.491809
0.662
0.523984
0.560966
0.0971698
0.15364
0.424698
0.662
0.393594
0.582901
0.0737847
0.0882737
0.448686
0.334976
0.0868477
0.115895
0.662
0.122873
0.145032
0.636788
0.169046
0.129646
0.662
0.0534447
0.0870473
0.293066
0.0755952
0.117604
0.140199
0.188336
0.467367
0.192307
0.309873
0.560696
0.267227
0.0442959
0.0493819
0.113187
0.0385725
0.336118
0.176118
0.203458
0.15718
0.662
0.11259
0.0271667
0.0505549
0.484083
0.493298
0.167033
0.0998232
0.480771
0.662
0.102615
0.0978313
0.104012
0.518405
0.662
0.0762442
0.156113
0.164232
0.22863
0.217937
0.115982
0.525516
0.175359
0.300284
0.574045
0.204539
0.118301
0.118829
0.162391
0.289527
0.163121
0.300457
0.088051
0.299396
0.21994
0.223731
0.662
0.662
0.29278
0.391014
0.250955
0.311555
0.190482
0.0817082
0.538347
0.073435
0.00825904
0.00400265
0.0984528
0.059159
0.662
0.659604
0.113909
0.13552
0.0652839
0.662
0.343457
0.224402
0.254877
0.0509683
0.15344
0.504385
0.10413
0.662
0.11829
0.662
0.117498
0.129315
0.662
0.0481923
0.662
0.64046
0.662
0.128482
0.111957
0.346945
0.440152
0.098904
0.435648
0.0679939
0.662
0.136613
0.225625
0.594959
0.117032
0.200825
0.662
0.525712
0.123829
0.662
0.173445
0.662
0.0638923
0.662
0.0618566
0.0817001
0.245966
0.634463
0.0967093
0.662
0.637341
0.186568
0.0932776
0.248697
0.0671114
0.246374
0.662
0.662
0.163003
0.662
0.662
0.344258
0.158306
0.662
0.0996382
0.662
0.652684
0.126618
0.252243
0.186093
0.228291
0.221401
0.662
0.376857
0.0885394
0.161802
0.189112
0.266358
0.239286
0.190615
0.662
0.224728
0.160783
0.0809609
0.346844
0.0176735
0.491653
0.0707169
0.662
0.411097
0.454973
0.0733043
0.662
0.662
0.25251
0.33869
0.0139472
0.662
0.464624
0.358205
0.662
0.662
0.376352
0.605468
0.0943448
0.0820853
0.147728
0.201026
0.446143
0.662
0.360388
0.217534
0.662
0.165079
0.163552
0.473083
0.147021
0.662
0.423625
0.139798
0.239193
0.662
0.113524
0.0337786
0.192735
0.319426
0.500918
0.476527
0.661561
0.165343
0.662
0.662
0.500725
0.0976202
0.0979937
0.600267
0.405027
0.221859
0.222073
0.416389
0.310779
0.468726
0.376908
0.0519593
0.13592
0.512909
0.662
0.0739659
0.251127
0.204064
0.213468
0.662
0.130637
0.030934
0.389728
0.518783
0.566962
0.036781
0.0807014
0.33255
0.40187
0.269116
0.662
0.229145
0.240249
0.296396
0.16948
0.254661
0.47729
0.245418
0.164372
0.662
0.662
0.351291
0.245853
0.151295
0.191963
0.281174
0.270181
0.153233
0.15065
0.662
0.0876951
0.389974
0.662
0.123733
0.662
0.0476015
0.395759
0.0730648
0.347598
0.216456
0.130166
0.113589
0.174609
0.0210426
0.662
0.284952
0.662
0.402131
0.508088
0.317807
0.471095
0.100131
0.0647285
0.662
0.17859
0.662
0.662
0.0474089
0.662
0.169225
0.0601572
0.662
0.0831052
0.380173
0.662
0.118913
0.102219
0.356066
0.0290964
0.09273
0.316988
0.662
0.298214
0.275723
0.144466
0.133257
0.662
0.0930145
0.10469
0.19788
0.148438
0.0926707
0.662
0.59405
0.22258
0.608305
0.453017
0.105717
0.226318
0.529966
0.662
0.130166
0.198779
0.0655572
0.0953286
0.0881701
0.428554
0.247834
0.279617
0.370149
0.426778
0.431826
0.211304
0.628525
0.57985
0.662
0.196381
0.131634
0.0680078
0.245284
0.100995
0.272256
0.0852468
0.030757
0.29122
0.145999
0.14833
0.388033
0.0463513
0.520165
0.201772
0.40928
0.316894
0.662
0.193524
0.607785
0.0616902
0.620975
0.125784
0.662
0.0650373
0.114021
0.106449
0.403053
0.156163
0.524661
0.245656
0.466346
0.308785
0.204103
0.662
0.0590339
0.662
0.0725999
0.395339
0.122326
0.441986
0.294369
0.491429
0.129902
0.353424
0.405632
0.0563527
0.662
0.134761
0.119223
0.0932825
0.10164
0.662
0.0653959
0.366537
0.227957
0.181521
0.205421
0.551724
0.662
0.218849
0.662
0.662
0.0745596
0.186565
0.662
0.125973
0.0782421
0.207263
0.338855
0.0482813
0.662
0.662
0.270185
0.124471
0.222379
0.229563
0.30064
0.137813
0.502785
0.0297771
0.543906
0.641394
0.505173
0.104856
0.662
0.281122
0.0125204
0.114325
0.0351295
0.170271
0.496611
0.483648
0.0735538
0.113859
0.0774833
0.487258
0.0887661
0.662
0.640236
0.389254
0.175729
0.662
0.662
0.607208
0.4668
0.163678
0.148235
0.407135
0.305355
0.218987
0.0616681
0.0724047
0.143222
0.573425
0.127321
0.0831918
0.196692
0.300774
0.330644
0.0931693
0.322298
0.216063
0.0619479
0.0589783
0.0620406
0.370989
0.271218
0.073855
0.364474
0.247636
0.602683
0.265117
0.287374
0.662
0.456389
0.264938
0.124557
0.195962
0.0466244
0.0243334
0.0952611
0.150308
0.662
0.662
0.250917
0.130697
0.096575
0.662
0.0786146
0.0927843
0.662
0.4161
0.107903
0.662
0.0647985
0.171333
0.236317
0.2621
0.575869
0.662
0.662
0.244622
0.662
0.282382
0.267186
0.549174
0.131843
0.0560146
0.662
0.285578
0.0595144
0.662
0.641046
0.271884
0.18852
0.502756
0.136567
0.203391
0.11352
0.0742416
0.0806335
0.403189
0.0384029
0.1312
0.0210718
0.102498
0.662
0.260459
0.159055
0.138356
0.122917
0.662
0.344063
0.070697
0.037301
0.190789
0.258569
0.130291
0.240931
0.039062
0.18081
0.295384
0.662
0.540042
0.0299179
0.522571
0.120632
0.171335
0.119826
0.662
0.0191368
0.312363
0.0870982
0.662
0.662
0.00562617
0.0958321
0.463299
0.18555
0.0275061
0.256632
0.662
0.159317
0.284012
0.530826
0.662
0.45201
0.229844
0.564151
0.662
0.0826736
0.135854
0.318731
0.478081
0.59863
0.662
0.219292
0.423726
0.177619
0.662
0.0937776
0.662
0.0898024
0.0461821
0.225348
0.0626489
0.312643
0.492829
0.275224
0.461091
0.0217535
0.390182
0.496391
0.0482119
0.192427
0.53254
0.520096
0.142572
0.18088
0.662
0.394305
0.251929
0.0524492
0.41973
0.0369881
0.327863
0.171947
0.566903
0.119974
0.551612
0.0981719
0.147056
0.0491804
0.284113
0.441412
0.0482827
0.082775
0.256391
0.177721
0.662
0.499832
0.225491
0.395122
0.073246
0.54904
0.382759
0.334684
0.106503
0.511685
0.402393
0.447129
0.662
0.242995
0.427102
0.0731235
0.120688
0.0686201
0.662
0.272895
0.380582
0.0926513
0.35271
0.190671
0.307783
0.152542
0.583968
0.662
0.662
0.221209
0.0214705
0.283447
0.629462
0.662
0.0838883
0.456427
0.30088
0.230572
0.515346
0.170142
0.358105
0.205033
0.662
0.103911
0.489485
0.282573
0.0854735
0.241954
0.270709
0.293163
0.20427
0.169882
0.119997
0.34271
0.211891
0.283946
0.662
0.366188
0.443441
0.110303
0.219074
0.488847
0.25079
0.0936957
0.662
0.387933
0.238869
0.662
0.0970335
0.13801
0.174934
0.14461
0.0644102
0.185357
0.102007
0.11342
0.0381161
0.0963339
0.187026
0.203183
0.162509
0.0516791
0.341004
0.662
0.662
0.0693606
0.434278
0.334155
0.13209
0.66061
0.162281
0.0376732
0.174459
0.0498888
0.662
0.0145445
0.196352
0.662
0.295156
0.200781
0.264858
0.662
0.0725724
0.208751
0.141132
0.662
0.0632919
0.100062
0.662
0.0587226
0.0587353
0.20799
0.148237
0.0925965
0.151774
0.662
0.662
0.662
0.3546
0.476087
0.199631
0.526815
0.260125
0.025483
0.508836
0.515183
0.115808
0.0511731
0.197831
0.151775
0.527673
0.198439
0.106
0.368087
0.662
0.347826
0.411394
0.149409
0.253332
0.662
0.0866335
0.0762108
0.0942336
0.662
0.433127
0.662
0.142516
0.276433
0.662
0.19109
0.0871374
0.215574
0.370763
0.614655
0.662
0.112682
0.244986
0.133535
0.662
0.232797
0.246866
0.0405507
0.240607
0.331988
0.269667
0.215675
0.185442
0.130552
0.238847
0.562835
0.662
0.18499
0.662
0.118761
0.160525
0.258034
0.187889
0.662
0.247354
0.127703
0.179899
0.0261041
0.662
0.191319
0.0768994
0.114541
0.662
0.662
0.0940933
0.0733967
0.324511
0.282636
0.662
0.662
0.405782
0.46864
0.0828425
0.662
0.143083
0.229059
0.160176
0.326463
0.0661726
0.0470379
0.0936445
0.128628
0.662
0.662
0.662
0.479391
0.0785526
0.119942
0.193659
0.0400121
0.118565
0.0728301
0.120413
0.506612
0.087321
0.177019
0.0742171
0.123886
0.298441
0.662
0.212951
0.216821
0.24316
0.662
0.331681
0.126122
0.325759
0.052087
0.212313
0.321372
0.203298
0.145209
0.483146
0.169129
0.489565
0.295637
0.0675929
0.127879
0.654109
0.0377808
0.107997
0.662
0.0428122
0.110211
0.0748669
0.0875569
0.272438
0.177802
0.209275
0.662
0.229967
0.575181
0.662
0.196833
0.0240288
0.0415525
0.116874
0.119038
0.249391
0.335965
0.333616
0.168787
0.232565
0.662
0.295141
0.0226102
0.0522741
0.109791
0.187705
0.259685
0.124709
0.469388
0.662
0.662
0.0992893
0.459351
0.287901
0.619463
0.662
0.575572
0.662
0.191933
0.662
0.0214994
0.0380809
0.148584
0.161815
0.507435
0.105211
0.201658
0.494202
0.431083
0.110023
0.662
0.576037
0.153626
0.662
0.255223
0.429503
0.662
0.347811
0.279172
0.201916
0.662
0.662
0.662
0.439978
0.662
0.650698
0.068247
0.142211
0.011276
0.21238
0.0475442
0.565582
0.290402
0.22821
0.155072
0.662
0.155
0.0511667
0.42706
0.200903
0.662
0.0487578
0.0193059
0.662
0.386708
0.562655
0.0719321
0.336992
0.045624
0.306933
0.200927
0.2159
0.116538
0.15669
0.216002
0.093742
0.224359
0.662
0.559493
0.0894363
0.228849
0.324484
0.564812
0.136019
0.404929
0.340274
0.662
0.565202
0.296957
0.26492
0.662
0.159673
0.00535535
0.0171699
0.0838671
0.0614562
0.253503
0.113128
0.228006
0.15061
0.518628
0.340802
0.662
0.53723
0.662
0.334947
0.476611
0.189655
0.175932
0.343048
0.0859795
0.167726
0.358138
0.019745
0.226288
0.0949248
0.0304154
0.662
0.0664164
0.258584
0.325977
0.143311
0.239642
0.20302
0.215427
0.524449
0.196047
0.485018
0.187101
0.00370151
0.145341
0.323919
0.534861
0.662
0.167496
0.631016
0.662
0.198084
0.662
0.662
0.12885
0.174381
0.154467
0.0691931
0.335531
0.231698
0.239383
0.510329
0.127918
0.543887
0.228978
0.0599003
0.0574206
0.0646381
0.248076
0.190817
0.152852
0.0171324
0.0276519
0.0325991
0.662
0.568456
0.081044
0.434193
0.555017
0.0895539
0.182228
0.240703
0.298255
0.45906
0.662
0.232283
0.101382
0.153208
0.662
0.488188
0.662
0.359576
0.255514
0.175226
0.182807
0.552416
0.194254
0.267502
0.662
0.140833
0.193267
0.0434549
0.357917
0.011522
0.181821
0.238717
0.287204
0.127722
0.125905
0.334918
0.136855
0.414703
0.103914
0.132652
0.207656
0.226901
0.360878
0.413772
0.662
0.135347
0.364388
0.418561
0.483703
0.150021
0.662
0.177558
0.0866018
0.545185
0.224843
0.662
0.605149
0.0750239
0.290335
0.144905
0.107283
0.332491
0.662
0.232362
0.354359
0.295038
0.103271
0.0817143
0.127052
0.184861
0.0511196
0.102219
0.0695842
0.662
0.31511
0.302511
0.540251
0.33412
0.107985
0.115565
0.552072
0.201814
0.0154576
0.662
0.279746
0.662
0.416104
0.158309
0.113684
0.222979
0.0388792
0.662
0.276784
0.0741414
0.639925
0.0781884
0.225493
0.605502
0.662
0.384876
0.0724896
0.662
0.363222
0.484407
0.662
0.662
0.0598099
0.532762
0.240069
0.12606
0.662
0.662
0.588193
0.136876
0.592175
0.304291
0.109272
0.220362
0.190502
0.220285
0.0647332
0.662
0.182142
0.280013
0.648054
0.150143
0.039389
0.637879
0.1972
0.329511
0.101746
0.319566
0.0822219
0.0963863
0.0849667
0.662
0.635933
0.122624
0.10777
0.553746
0.402277
0.421069
0.546591
0.0498636
0.662
0.113394
0.0377509
0.662
0.134915
0.286988
0.16861
0.0599384
0.662
0.525467
0.169543
0.442021
0.49607
0.3803
0.268703
0.662
0.0991448
0.489689
0.510772
0.238243
0.135213
0.135294
0.0596383
0.0955624
0.30456
0.662
0.181049
0.572178
0.566095
0.254208
0.662
0.158541
0.182397
0.501425
0.2452
0.537649
0.0158508
0.536125
0.370859
0.282747
0.317545
0.067555
0.378573
0.404124
0.306283
0.309136
0.241696
0.133456
0.309656
0.106095
0.177937
0.306962
0.319693
0.134909
0.0998851
0.586792
0.115685
0.312619
0.662
0.188671
0.364888
0.529996
0.402438
0.662
0.384841
0.447881
0.176575
0.207774
0.0621958
0.101196
0.161889
0.30369
0.0521545
0.57468
0.268199
0.265357
0.662
0.662
0.0874326
0.11677
0.32574
0.662
0.337311
0.216238
0.103189
0.662
0.0136379
0.265662
0.316481
0.622479
0.434947
0.0355353
0.0031032
0.180664
0.0302525
0.13906
0.253921
0.247056
0.662
0.166465
0.455636
0.0661556
0.405833
0.662
0.590431
0.662
0.662
0.612011
0.20394
0.14252
0.140067
0.117731
0.245093
0.262945
0.20145
0.173732
0.229228
0.264784
0.479265
0.40725
0.526003
0.046443
0.662
0.176718
0.403898
0.388393
0.608584
0.0973883
0.14942
0.437853
0.662
0.227957
0.197077
0.521523
0.0993328
0.120447
0.229831
0.109274
0.384684
0.238679
0.243053
0.394204
0.508797
0.662
0.324647
0.140792
0.387444
0.662
0.662
0.154049
0.0374625
0.12888
0.36807
0.0810626
0.390059
0.662
0.444158
0.662
0.0788967
0.633629
0.566889
0.229838
0.442049
0.312773
0.662
0.662
0.0821859
0.279721
0.350447
0.261161
0.176255
0.273053
0.459755
0.211186
0.194955
0.230726
0.175982
0.485649
0.662
0.662
0.150049
0.362661
0.662
0.482091
0.105164
0.419388
0.0538586
0.230641
0.0707269
0.135571
0.146226
0.164693
0.662
0.662
0.0511953
0.0399318
0.613702
0.249037
0.0581141
0.245663
0.11852
0.662
0.138512
0.140699
0.192977
0.415512
0.45491
0.662
0.337838
0.662
0.16665
0.132523
0.662
0.14249
0.0608747
0.468564
0.0591399
0.662
0.0972556
0.150461
0.357513
0.495137
0.662
0.323851
0.662
0.449091
0.662
0.0899121
0.229521
0.662
0.37976
0.662
0.459646
0.236326
0.283025
0.485029
0.662
0.245549
0.662
0.623398
0.169663
0.662
0.235725
0.555833
0.249314
0.100084
0.18298
0.165872
0.0195708
0.613422
0.234447
0.426351
0.338316
0.662
0.17053
0.104505
0.0779078
0.186763
0.138366
0.0964559
0.243336
0.662
0.662
0.385273
0.273499
0.0543109
0.662
0.245968
0.0105441
0.12277
0.347545
0.0709348
0.0917756
0.0885989
0.500822
0.0760847
0.176951
0.289192
0.0521296
0.571418
0.112342
0.536529
0.662
0.119286
0.19668
0.582922
0.540722
0.662
0.312735
0.250206
0.1532
0.203615
0.662
0.127601
0.163127
0.586222
0.62053
0.662
0.394425
0.117999
0.662
0.0790891
0.115321
0.0157244
0.635717
0.213934
0.410146
0.114194
0.0553846
0.584316
0.114336
0.0507225
0.609923
0.135484
0.576334
0.351832
0.282207
0.376448
0.0937951
0.616958
0.423298
0.57173
0.322606
0.662
0.294342
0.662
0.207598
0.297908
0.106669
0.419728
0.0633007
0.0825948
0.101163
0.0590106
0.338363
0.0237665
0.455272
0.662
0.211908
0.0554125
0.0780433
0.662
0.415952
0.24165
0.662
0.662
0.285235
0.246985
0.282478
0.633666
0.00952906
0.662
0.166096
0.402312
0.100513
0.426279
0.0809726
0.363856
0.636256
0.274876
0.0717839
0.164437
0.466329
0.124867
0.332786
0.550941
0.366332
0.373326
0.192259
0.0540247
0.25096
0.0628275
0.218061
0.225657
0.27463
0.276052
0.137539
0.662
0.662
0.662
0.196712
0.237204
0.662
0.662
0.181123
0.266522
0.274736
0.0869012
0.0399672
0.662
0.111533
0.160648
0.196732
0.662
0.203474
0.19356
0.0780081
0.0809406
0.38062
0.0570704
0.171032
0.186603
0.0409591
0.314616
0.0898832
0.662
0.226524
0.123659
0.429843
0.0994904
0.257864
0.186483
0.312841
0.662
0.379986
0.115319
0.128239
0.175265
0.406011
0.191656
0.166983
0.662
0.213778
0.377351
0.255677
0.21693
0.0990903
0.0753423
0.0920458
0.500759
0.137699
0.209876
0.658679
0.0671001
0.0624765
0.239168
0.126807
0.117185
0.144496
0.124113
0.662
0.0386211
0.41261
0.111589
0.00325219
0.662
0.234448
0.474273
0.512959
0.323424
0.242061
0.662
0.428974
0.300251
0.0293877
0.557993
0.597957
0.228621
0.662
0.139849
0.231331
0.131341
0.262773
0.342649
0.0597087
0.662
0.639713
0.250249
0.477126
0.252709
0.310114
0.0560051
0.662
0.063969
0.648686
0.416038
0.115291
0.0297061
0.0695145
0.130048
0.237481
0.113534
0.149254
0.337483
0.234222
0.207738
0.296624
0.070763
0.660488
0.130956
0.264723
0.212222
0.0914733
0.407026
0.281053
0.188287
0.171039
0.2794
0.662
0.157607
0.0958069
0.085381
0.250442
0.431946
0.201516
0.175399
0.124103
0.265443
0.213047
0.225033
0.326015
0.0130374
0.662
0.662
0.35622
0.407679
0.0567362
0.155644
0.134845
0.205262
0.0516843
0.471389
0.164125
0.0682235
0.158011
0.662
0.222501
0.115527
0.245168
0.0767372
0.121733
0.280435
0.187871
0.662
0.10442
0.0798587
0.0330144
0.662
0.662
0.120033
0.45011
0.0830815
0.0555254
0.617068
0.226394
0.566214
0.662
0.31643
0.417728
0.140516
0.152102
0.249504
0.0551131
0.189273
0.0305768
0.0638811
0.00258832
0.662
0.0706267
0.132317
0.320789
0.241644
0.252497
0.147633
0.555303
0.123742
0.235758
0.0548729
0.344212
0.307017
0.662
0.0360338
0.519738
0.441554
0.0718721
0.234698
0.662
0.140288
0.0274758
0.400065
0.277442
0.234622
0.308587
0.0056104
0.0460373
0.195144
0.662
0.662
0.0729904
0.0886754
0.173711
0.232788
0.662
0.518771
0.535081
0.133725
0.575382
0.210333
0.662
0.446759
0.115485
0.0637476
0.10368
0.121525
0.0799127
0.149861
0.0879508
0.439308
0.223963
0.199202
0.273686
0.118623
0.163432
0.418672
0.0839311
0.0419748
0.0814696
0.208951
0.342359
0.138744
0.0746044
0.662
0.662
0.21122
0.39443
0.337999
0.0354199
0.106587
0.296723
0.662
0.584895
0.0922498
0.0441722
0.248826
0.157057
0.263108
0.0986656
0.662
0.18979
0.662
0.0846513
0.20109
0.146795
0.136768
0.0795145
0.270477
0.136884
0.0973005
0.206506
0.584458
0.142027
0.122331
0.109046
0.0829144
0.162954
0.25613
0.352781
0.131633
0.662
0.228362
0.1664
0.556189
0.202126
0.144135
0.263805
0.145655
0.662
0.0202504
0.19247
0.1515
0.338969
0.12358
0.271823
0.0722867
0.467752
0.299968
0.170818
0.0603603
0.106232
0.0906416
0.357272
0.529731
0.251645
0.662
0.286757
0.110619
0.0384402
0.662
0.0531163
0.662
0.662
0.204418
0.157769
0.0238841
0.00595364
0.662
0.662
0.662
0.207496
0.345515
0.0934369
0.662
0.233467
0.662
0.11878
0.101088
0.591229
0.391368
0.295184
0.662
0.0886109
0.0823037
0.0936526
0.0926628
0.662
0.268293
0.328044
0.277817
0.145804
0.565375
0.34823
0.314517
0.16519
0.116922
0.169938
0.190786
0.0790022
0.394297
0.38696
0.44155
0.10958
0.442364
0.216334
0.48652
0.662
0.662
0.662
0.0372256
0.243343
0.127067
0.662
0.662
0.662
0.0859507
0.662
0.189301
0.266662
0.238808
0.421357
0.150571
0.284438
0.0826203
0.258136
0.135185
0.334383
0.0690283
0.131525
0.219694
0.31133
0.114897
0.23106
0.150877
0.355608
0.341819
0.0137238
0.119822
0.128929
0.220409
0.135818
0.103399
0.504252
0.228905
0.662
0.662
0.0901064
0.24624
0.0984695
0.218936
0.111892
0.540832
0.178143
0.0807145
0.164682
0.346416
0.580115
0.226108
0.662
0.316752
0.409711
0.377501
0.168701
0.365183
0.139683
0.232932
0.662
0.304505
0.662
0.662
0.0742321
0.168523
0.290175
0.243404
0.0882912
0.233025
0.662
0.384576
0.0678737
0.191719
0.223064
0.0790138
0.0388342
0.252581
0.0674424
0.135808
0.140312
0.239804
0.154138
0.134823
0.132373
0.099945
0.00204214
0.0174666
0.610788
0.033583
0.662
0.0863909
0.437782
0.53792
0.338648
0.662
0.662
0.263261
0.192589
0.198714
0.0792844
0.274296
0.280112
0.231008
0.106921
0.453339
0.00191056
0.385382
0.547163
0.197903
0.0395052
0.310935
0.0751512
0.634134
0.149766
0.662
0.187633
0.662
0.145325
0.356676
0.0966454
0.145624
0.662
0.499733
0.299327
0.309031
0.076242
0.384294
0.336075
0.312514
0.598322
0.33015
0.306233
0.293719
0.302268
0.117597
0.662
0.00321862
0.318469
0.0662893
0.212286
0.553318
0.44212
0.346548
0.0297881
0.419591
0.324194
0.436083
0.177024
0.222544
0.126907
0.0601802
0.0279338
0.438761
0.329128
0.662
0.342118
0.0509476
0.285541
0.066936
0.172947
0.268593
0.104824
0.266418
0.137267
0.662
0.0635328
0.207465
0.312318
0.0491991
0.0971125
0.0903783
0.375019
0.47079
0.297204
0.0999902
0.28444
0.144216
0.523658
0.0647486
0.361653
0.375285
0.0519263
0.257661
0.662
0.145005
0.349946
0.10451
0.662
0.662
0.427373
0.653241
0.662
0.662
0.504975
0.260973
0.184184
0.173593
0.278188
0.662
0.159882
0.480524
0.0559644
0.420555
0.259156
0.189826
0.307608
0.111481
0.228422
0.0764796
0.137208
0.338376
0.158098
0.662
0.466416
0.377561
0.178522
0.53169
0.166797
0.0564498
0.300924
0.472345
0.219677
0.662
0.0960974
0.401397
0.662
0.0903078
0.0896892
0.662
0.368908
0.155586
0.367863
0.662
0.514301
0.0184765
0.537272
0.662
0.0834911
0.0930761
0.662
0.181215
0.374165
0.0490298
0.583915
0.662
0.0359305
0.443574
0.0989114
0.352998
0.212495
0.296685
0.636891
0.259
0.662
0.118069
0.350012
0.662
0.662
0.321397
0.662
0.654276
0.627171
0.104847
0.106833
0.0628609
0.25741
0.07217
0.260032
0.649493
0.344721
0.131121
0.662
0.662
0.123791
0.254707
0.662
0.226482
0.458605
0.662
0.118407
0.152965
0.662
0.283606
0.662
0.351806
0.465095
0.322612
0.396006
0.280173
0.365381
0.592517
0.174345
0.662
0.144858
0.5093
0.0594022
0.0554868
0.151988
0.662
0.307582
0.499276
0.133301
0.386774
0.248913
0.373539
0.468966
0.662
0.409244
0.054926
0.191831
0.189322
0.0217022
0.160244
0.262959
0.253503
0.234704
0.662
0.366218
0.134676
0.176901
0.662
0.662
0.0964278
0.0149142
0.246101
0.662
0.14636
0.270043
0.169983
0.0656963
0.517718
0.662
0.122907
0.198608
0.13256
0.360275
0.662
0.423035
0.662
0.253285
0.662
0.200504
0.247324
0.125911
0.0710203
0.112731
0.0782461
0.0898169
0.662
0.662
0.366013
0.317422
0.178125
0.0535301
0.171771
0.270812
0.286954
0.662
0.00475174
0.25591
0.171123
0.439092
0.134425
0.403932
0.152669
0.159726
0.057438
0.106645
0.0383674
0.0709921
0.662
0.662
0.662
0.310814
0.265492
0.371251
0.152583
0.6547
0.497993
0.113007
0.618444
0.631148
0.662
0.0415728
0.487052
0.274922
0.439188
0.142204
0.319528
0.337
0.367598
0.414361
0.366247
0.265701
0.494194
0.321874
0.177118
0.662
0.307711
0.184929
0.217723
0.376887
0.206955
0.467619
0.0420658
0.662
0.535745
0.202123
0.662
0.662
0.662
0.430556
0.355345
0.105893
0.248224
0.218314
0.130716
0.662
0.0791614
0.256635
0.574375
0.135583
0.583983
0.243892
0.147837
0.141219
0.125739
0.597053
0.130301
0.237429
0.159082
0.0954012
0.662
0.183941
0.456492
0.217405
0.533627
0.616043
0.158559
0.273459
0.362621
0.298371
0.291577
0.4356
0.596172
0.39002
0.1594
0.183335
0.662
0.429194
0.662
0.662
0.341653
0.146353
0.107805
0.594091
0.201581
0.410219
0.24908
0.245607
0.0637455
0.218385
0.202796
0.418989
0.662
0.0701679
0.183824
0.662
0.662
0.097226
0.199691
0.0412524
0.0935819
0.114384
0.392436
0.21749
0.0564391
0.0677993
0.0989503
0.183229
0.233007
0.655346
0.662
0.158564
0.28277
0.0868929
0.387699
0.517801
0.530421
0.0661262
0.662
0.510063
0.373885
0.129477
0.125185
0.0726769
0.470779
0.638098
0.163732
0.0678611
0.662
0.0135865
0.380266
0.277445
0.0615247
0.377731
0.261349
0.168966
0.079337
0.662
0.504921
0.662
0.139808
0.501164
0.612355
0.621724
0.443367
0.334165
0.662
0.121704
0.156205
0.242609
0.44948
0.199896
0.662
0.160065
0.662
0.662
0.142019
0.662
0.662
0.284309
0.238098
0.0461986
0.662
0.421198
0.375522
0.205356
0.256802
0.352621
0.414549
0.612529
0.460201
0.662
0.0913784
0.146508
0.371198
0.437671
0.529934
0.526538
0.28386
0.270174
0.508473
0.394782
0.182308
0.202722
0.0520762
0.198469
0.0926533
0.662
0.167504
0.662
0.0653351
0.662
0.662
0.283456
0.662
0.564501
0.184566
0.326392
0.0540303
0.19755
0.244809
0.093751
0.109208
0.341637
0.326115
0.373379
0.417067
0.185331
0.547926
0.226148
0.193656
0.307372
0.115946
0.0535273
0.137194
0.190927
0.231965
0.100707
0.201959
0.116785
0.249288
0.127985
0.263189
0.283023
0.150756
0.404298
0.662
0.37087
0.506373
0.662
0.358121
0.122865
0.186764
0.554952
0.294928
0.154417
0.162928
0.170515
0.662
0.182639
0.413646
0.142586
0.275686
0.0790493
0.0141345
0.224168
0.271438
0.227401
0.662
0.662
0.0815873
0.120836
0.459577
0.287734
0.039853
0.359586
0.256588
0.217873
0.251603
0.211952
0.11147
0.26003
0.00518495
0.662
0.107795
0.129948
0.384303
0.0388267
0.296574
0.390952
0.226607
0.101764
0.209188
0.314786
0.0971579
0.328422
0.662
0.3094
0.662
0.14113
0.322412
0.151914
0.233141
0.111412
0.529308
0.662
0.136685
0.243038
0.162404
0.632776
0.662
0.369183
0.115394
0.254267
0.129316
0.662
0.154777
0.281908
0.662
0.0608506
0.0933246
0.285974
0.51421
0.0626082
0.354918
0.143675
0.199201
0.662
0.0648534
0.510426
0.382157
0.42945
0.0355932
0.308194
0.372481
0.662
0.121106
0.143343
0.0898432
0.167348
0.379683
0.101009
0.0902167
0.662
0.454244
0.313384
0.662
0.222755
0.259787
0.662
0.100133
0.0749569
0.0670083
0.505079
0.0991222
0.116848
0.552305
0.111301
0.662
0.662
0.662
0.453848
0.127766
0.171584
0.615109
0.623532
0.554056
0.662
0.489275
0.341905
0.451488
0.154265
0.386092
0.271213
0.0877992
0.662
0.635655
0.207481
0.662
0.662
0.149947
0.662
0.0786309
0.041646
0.297535
0.163871
0.525559
0.000859298
0.536084
0.168074
0.403982
0.288875
0.193485
0.186731
0.185735
0.0544913
0.09341
0.213198
0.104294
0.340526
0.24509
0.662
0.662
0.460125
0.067314
0.452198
0.0692632
0.142778
0.39508
0.0788802
0.238243
0.662
0.119155
0.104889
0.29371
0.0375179
0.662
0.175397
0.168867
0.0861445
0.191829
0.606674
0.600021
0.0932932
0.0969168
0.0643251
0.163888
0.166576
0.431559
0.0837983
0.106372
0.119276
0.300068
0.662
0.348576
0.202111
0.0414225
0.0951085
0.307365
0.352694
0.662
0.331207
0.0959419
0.662
0.331748
0.599579
0.171542
0.416863
0.662
0.136565
0.0272621
0.0892385
0.0984558
0.208455
0.273995
0.403497
0.00976014
0.152911
0.0969099
0.104089
0.662
0.210795
0.302955
0.0790822
0.169658
0.00349022
0.100004
0.261733
0.207636
0.12361
0.219803
0.112449
0.662
0.650702
0.0408674
0.364636
0.662
0.0138764
0.662
0.247433
0.568274
0.662
0.321813
0.0503826
0.0261518
0.191673
0.455332
0.248383
0.0580924
0.240195
0.194818
0.145887
0.164322
0.107753
0.157353
0.266115
0.0762604
0.203388
0.662
0.570917
0.0715866
0.268649
0.194497
0.584723
0.662
0.47604
0.0889974
0.662
0.340877
0.320453
0.411116
0.159458
0.275175
0.498931
0.394764
0.104206
0.416683
0.662
0.0990378
0.183624
0.5548
0.662
0.129216
0.11262
0.662
0.0138774
0.281464
0.421457
0.243612
0.662
0.092913
0.178398
0.136948
0.314598
0.455192
0.575895
0.140701
0.662
0.173772
0.662
0.189812
0.40527
0.424853
0.0539541
0.662
0.545245
0.662
0.310896
0.294573
0.223432
0.197364
0.270489
0.195865
0.140726
0.219104
0.662
0.0907366
0.207793
0.01696
0.0971504
0.206683
0.426075
0.000366466
0.0850802
0.342304
0.402883
0.662
0.131541
0.474639
0.662
0.211715
0.307602
0.186918
0.221927
0.26205
0.208452
0.0262895
0.30196
0.450967
0.130865
0.258107
0.215639
0.351855
0.053919
0.662
0.316169
0.288363
0.306821
0.0373656
0.391996
0.331961
0.662
0.662
0.141425
0.0330999
0.576656
0.423348
0.098453
0.662
0.586436
0.106271
0.267375
0.193718
0.178654
0.0986295
0.187856
0.128477
0.112947
0.166018
0.165055
0.18671
0.409528
0.152104
0.158257
0.0749805
0.0539459
0.180447
0.240305
0.13308
0.191384
0.218417
0.662
0.0859424
0.146232
0.143806
0.309284
0.662
0.188383
0.463132
0.460791
0.337
0.294323
0.168258
0.662
0.23012
0.492764
0.595121
0.085007
0.436455
0.143156
0.159672
0.280768
0.662
0.170198
0.662
0.662
0.103134
0.141819
0.261899
0.662
0.0859118
0.127695
0.375772
0.405916
0.259221
0.0259136
0.0602918
0.376847
0.387427
0.135593
0.152948
0.327072
0.662
0.149178
0.662
0.662
0.662
0.442448
0.662
0.166767
0.437327
0.303179
0.662
0.662
0.456406
0.662
0.158667
0.26615
0.436475
0.131866
0.355692
0.493324
0.334593
0.392803
0.523954
0.0288464
0.161202
0.662
0.504148
0.606994
0.109846
0.182202
0.200061
0.366342
0.409323
0.168107
0.328093
0.662
0.524999
0.662
0.662
0.0905096
0.18194
0.186659
0.116339
0.568575
0.0296284
0.662
0.662
0.448363
0.340811
0.301069
0.0863473
0.0849637
0.348417
0.346602
0.432048
0.0810964
0.255117
0.662
0.646586
0.316467
0.0572126
0.204458
0.0539239
0.104263
0.662
0.633081
0.400515
0.266472
0.539576
0.0704918
0.541824
0.0691103
0.18969
0.183393
0.60635
0.496635
0.563375
0.149286
0.0786937
0.437648
0.0929138
0.0642402
0.662
0.662
0.627448
0.0680965
0.469398
0.146694
0.0922203
0.128332
0.276755
0.605079
0.326911
0.0520369
0.321402
0.662
0.216629
0.662
0.386868
0.131562
0.217889
0.0676927
0.347931
0.123911
0.633607
0.0470623
0.662
0.598952
0.0958515
0.115482
0.0676789
0.427206
0.239276
0.183252
0.211184
0.123015
0.35473
0.662
0.154859
0.127322
0.39569
0.662
0.169918
0.662
0.038181
0.0349855
0.255919
0.182187
0.357528
0.230182
0.662
0.484206
0.0533847
0.662
0.662
0.118827
0.167721
0.662
0.355077
0.662
0.0449457
0.0230447
0.337122
0.0761529
0.430199
0.156982
0.292434
0.282132
0.662
0.610176
0.508399
0.186342
0.328314
0.178047
0.127053
0.495667
0.0542332
0.123982
0.316206
0.662
0.268699
0.467013
0.135523
0.280112
0.065451
0.0490687
0.318049
0.135848
0.118625
0.662
0.0290128
0.662
0.134049
0.0919561
0.274508
0.383077
0.662
0.563477
0.662
0.11395
0.588862
0.018106
0.0382235
0.662
0.284799
0.125472
0.450468
0.662
0.513939
0.662
0.26637
0.116586
0.127149
0.151381
0.171317
0.187441
0.198397
0.338763
0.156706
0.662
0.581295
0.31398
0.299715
0.242301
0.00736468
0.601885
0.232828
0.149482
0.593451
0.655997
0.662
0.139092
0.295726
0.417778
0.411778
0.0757883
0.328154
0.178343
0.0682118
0.349338
0.662
0.383526
0.0692344
0.150623
0.126679
0.278268
0.170669
0.662
0.583926
0.0967127
0.0704529
0.130363
0.0639722
0.0661875
0.0237506
0.163947
0.662
0.232307
0.484804
0.497671
0.662
0.662
0.613582
0.0130314
0.28772
0.652924
0.145078
0.339375
0.173912
0.447529
0.0404643
0.36455
0.662
0.662
0.225179
0.411686
0.368615
0.0965744
0.662
0.260604
0.0103686
0.130216
0.219498
0.0866057
0.0931787
0.332052
0.565409
0.106163
0.104287
0.43677
0.171585
0.072732
0.304384
0.393616
0.372728
0.117653
0.359289
0.194313
0.277246
0.339096
0.15505
0.0940982
0.662
0.0230587
0.3471
0.0505171
0.466571
0.184403
0.0620469
0.442813
0.589584
0.085196
0.566793
0.169908
0.187324
0.662
0.662
0.178987
0.662
0.019467
0.421585
0.662
0.125859
0.662
0.393303
0.365821
0.662
0.145247
0.662
0.662
0.662
0.32385
0.468411
0.250903
0.198855
0.232548
0.662
0.100154
0.662
0.0852306
0.166777
0.106991
0.135108
0.0443528
0.662
0.662
0.0200509
0.287093
0.112016
0.662
0.136785
0.314365
0.19429
0.662
0.0829615
0.295981
0.0536072
0.367415
0.0771595
0.27646
0.179902
0.0522194
0.0431755
0.134606
0.181044
0.453498
0.662
0.116241
0.13892
0.0384899
0.242707
0.650094
0.418717
0.138301
0.171828
0.029238
0.293964
0.380019
0.662
0.0139284
0.132499
0.285585
0.0936592
0.662
0.662
0.12691
0.662
0.301922
0.176319
0.35259
0.430613
0.31506
0.0148134
0.316262
0.202715
0.107542
0.188518
0.0426111
0.0621733
0.187356
0.662
0.11526
0.662
0.253252
0.440489
0.0952492
0.224178
0.662
0.288167
0.662
0.469825
0.20457
0.265764
0.0468665
0.0997562
0.0935373
0.17585
0.376776
0.32978
0.622029
0.533349
0.0975564
0.312229
0.23698
0.662
0.396219
0.0064993
0.662
0.0983733
0.106155
0.133886
0.263675
0.662
0.662
0.115247
0.662
0.454595
0.59887
0.0596624
0.451327
0.0107252
0.432642
0.0577795
0.662
0.662
0.147357
0.116724
0.117647
0.186701
0.113289
0.662
0.123182
0.167019
0.47912
0.662
0.173825
0.0865922
0.21627
0.270137
0.108238
0.122345
0.54928
0.102168
0.100155
0.662
0.0883432
0.0911992
0.348769
0.0854751
0.662
0.0993788
0.662
0.231921
0.476847
0.662
0.347017
0.515666
0.184114
0.424812
0.0749735
0.0795144
0.166817
0.435182
0.430504
0.662
0.246735
0.211487
0.281125
0.286862
0.144721
0.0338237
0.0276606
0.39823
0.57876
0.297792
0.662
0.662
0.0945598
0.552589
0.323907
0.124499
0.043055
0.0982408
0.23105
0.279917
0.170563
0.450098
0.115583
0.662
0.283298
0.438605
0.257718
0.216489
0.246779
0.100158
0.236468
0.192146
0.30376
0.662
0.12751
0.194902
0.106636
0.164277
0.35624
0.161023
0.236623
0.0900317
0.186582
0.0718252
0.194788
0.538187
0.334547
0.554222
0.238437
0.635152
0.0624555
0.132114
0.481025
0.0126188
0.0710012
0.0881455
0.662
0.487981
0.0967253
0.209122
0.132947
0.01427
0.629385
0.0684367
0.0137175
0.662
0.200589
0.182387
0.662
0.662
0.170619
0.25514
0.458958
0.57254
0.100171
0.0579015
0.404822
0.0847083
0.497226
0.458771
0.596897
0.142281
0.107574
0.374898
0.662
0.0482393
0.0937709
0.662
0.662
0.422625
0.345377
0.34424
0.662
0.360663
0.662
0.0777786
0.54224
0.662
0.446612
0.662
0.271323
0.0843279
0.0787818
0.114935
0.512633
0.173007
0.40552
0.662
0.331154
0.31165
0.0991084
0.132057
0.0738045
0.107399
0.662
0.199065
0.662
0.464543
0.662
0.229905
0.101999
0.344126
0.0925642
0.234919
0.349232
0.0784023
0.276265
0.0951063
0.0978702
0.148659
0.662
0.330773
0.662
0.426836
0.0830641
0.662
0.133835
0.113379
0.103001
0.0977834
0.148278
0.0996518
0.255242
0.107424
0.125249
0.150902
0.102885
0.102376
0.662
0.662
0.0818358
0.0637097
0.0524168
0.233245
0.662
0.191844
0.160815
0.475063
0.066217
0.487801
0.0825643
0.662
0.146027
0.0473299
0.0368396
0.555295
0.06882
0.132237
0.274067
0.0978128
0.0837981
0.291633
0.662
0.124014
0.142619
0.15523
0.368886
0.662
0.405053
0.662
0.0431131
0.0991931
0.662
0.0908903
0.104484
0.158421
0.214768
0.307222
0.514825
0.662
0.0396219
0.454851
0.045841
0.0897025
0.142453
0.111806
0.2531
0.0752236
0.662
0.07695
0.122068
0.143123
0.57929
0.129499
0.49226
0.273702
0.349829
0.0220402
0.133171
0.470031
0.429088
0.428236
0.46396
0.249055
0.662
0.154692
0.0752404
0.662
0.0961869
0.258188
0.193692
0.307767
0.662
0.129974
0.253569
0.656455
0.269378
0.172161
0.15645
0.0368027
0.662
0.44865
0.128038
0.557516
0.333433
0.206734
0.0747425
0.662
0.25136
0.396034
0.662
0.662
0.199566
0.0248811
0.0827922
0.662
0.0872888
0.00119085
0.0856822
0.0633736
0.26284
0.662
0.074037
0.0825007
0.272063
0.662
0.574749
0.371449
0.369355
0.126601
0.160042
0.47859
0.578554
0.662
0.146111
0.0696048
0.662
0.544678
0.107776
0.152313
0.474035
0.56032
0.189026
0.410238
0.345592
0.316718
0.493975
0.0668284
0.160712
0.236452
0.352321
0.100491
0.236395
0.139051
0.228716
0.0629829
0.325116
0.617933
0.125019
0.129797
0.662
0.128486
0.23973
0.113828
0.281555
0.662
0.256653
0.367109
0.510031
0.0802262
0.086545
0.201614
0.3535
0.0876355
0.25192
0.314378
0.252467
0.432343
0.61763
0.224945
0.662
0.662
0.181782
0.0169199
0.226865
0.0659793
0.294966
0.374311
0.105815
0.12883
0.329781
0.115483
0.17152
0.26242
0.114855
0.320496
0.205151
0.237165
0.523887
0.2167
0.10752
0.662
0.662
0.662
0.0886129
0.492528
0.354499
0.185394
0.4044
0.662
0.662
0.602311
0.20263
0.138495
0.662
0.106303
0.0637788
0.0568246
0.147676
0.160739
0.314238
0.197871
0.160765
0.602631
0.248854
0.0711422
0.636744
0.473502
0.411774
0.192664
0.38171
0.142059
0.515892
0.0151355
0.0758046
0.348818
0.662
0.0711327
0.662
0.0145296
0.130799
0.103785
0.377598
0.583051
0.378511
0.662
0.0112082
0.249852
0.600747
0.380016
0.662
0.662
0.309392
0.213066
0.124019
0.193325
0.101545
0.183407
0.662
0.312792
0.152108
0.434956
0.0677559
0.269134
0.0607289
0.466455
0.510826
0.0059469
0.199514
0.662
0.40665
0.29415
0.144204
0.662
0.59707
0.17323
0.204578
0.182662
0.0715469
0.662
0.0910045
0.370756
0.222682
0.636177
0.52114
0.662
0.662
0.662
0.0586889
0.662
0.459993
0.138688
0.0867841
0.662
0.662
0.202452
0.375213
0.238837
0.662
0.157687
0.190148
0.28089
0.147559
0.0725972
0.393214
0.620202
0.0704777
0.338991
0.0601241
0.12184
0.265961
0.508651
0.0660489
0.662
0.437415
0.084005
0.231218
0.662
0.106511
0.252655
0.0620273
0.459605
0.662
0.662
0.496785
0.422773
0.0316939
0.216788
0.292267
0.192897
0.0806282
0.195936
0.375798
0.427989
0.0778254
0.112231
0.286096
0.477124
0.436373
0.255928
0.118366
0.658815
0.531216
0.25203
0.662
0.373087
0.523552
0.0463575
0.132946
0.342213
0.230802
0.19071
0.207592
0.06654
0.0909191
0.0581773
0.170915
0.662
0.662
0.222169
0.64639
0.66087
0.0448058
0.064586
0.143647
0.662
0.188146
0.0989808
0.265353
0.290613
0.630797
0.0252532
0.313319
0.376782
0.0142592
0.310046
0.493013
0.432845
0.0858515
0.360482
0.548206
0.148593
0.15235
0.184579
0.082097
0.491218
0.662
0.218962
0.0589114
0.250013
0.396314
0.0801676
0.541519
0.221039
0.0261245
0.460214
0.0453807
0.112501
0.419523
0.0541299
0.147784
0.422793
0.612522
0.199084
0.173375
0.206245
0.0930083
0.530313
0.178111
0.248697
0.0872747
0.0805469
0.662
0.224477
0.547648
0.662
0.662
0.227017
0.46221
0.662
0.0575743
0.12241
0.373773
0.556931
0.662
0.552461
0.616297
0.151512
0.312931
0.08788
0.381587
0.117563
0.561549
0.662
0.19058
0.0738139
0.145628
0.219139
0.149197
0.0897797
0.101942
0.265964
0.189472
0.114474
0.0842944
0.662
0.662
0.117876
0.0746109
0.246651
0.662
0.058535
0.633694
0.0504945
0.119805
0.132981
0.179883
0.662
0.147737
0.273235
0.143767
0.549733
0.0529664
0.25676
0.224028
0.662
0.0982353
0.547284
0.630713
0.662
0.662
0.662
0.371337
0.334353
0.280964
0.434087
0.268124
0.146419
0.176577
0.329868
0.381744
0.662
0.0504146
0.662
0.0958273
0.487607
0.102809
0.294539
0.100303
0.486117
0.206017
0.203538
0.0631274
0.383294
0.662
0.632824
0.0924194
0.100166
0.256487
0.0701481
0.662
0.10591
0.332402
0.662
0.521082
0.252183
0.0645257
0.267608
0.257171
0.662
0.558806
0.42566
0.172158
0.201056
0.662
0.117188
0.299739
0.221652
0.113602
0.0508904
0.362915
0.163725
0.161522
0.662
0.647407
0.381758
0.20157
0.390404
0.662
0.249479
0.311221
0.338157
0.163162
0.297691
0.235465
0.318408
0.519576
0.133452
0.252743
0.390383
0.554255
0.0874653
0.153594
0.28348
0.0549977
0.124821
0.627187
0.194435
0.487643
0.0776439
0.662
0.463292
0.147718
0.174128
0.573838
0.072264
0.662
0.468117
0.092092
0.112365
0.662
0.100437
0.662
0.0705818
0.162905
0.127117
0.381666
0.328079
0.546227
0.187531
0.267619
0.311422
0.662
0.0778298
0.182112
0.131274
0.211591
0.0799047
0.48481
0.46017
0.418251
0.662
0.662
0.107651
0.626705
0.0626397
0.083428
0.313779
0.238271
0.139601
0.195818
0.342206
0.23405
0.091921
0.135451
0.458192
0.592854
0.072317
0.662
0.0996728
0.662
0.662
0.316187
0.487966
0.278469
0.295831
0.20388
0.134109
0.662
0.241533
0.21391
0.0360469
0.246347
0.299899
0.126678
0.156503
0.0595306
0.186613
0.0121594
0.233041
0.423288
0.104265
0.116288
0.662
0.0719754
0.369761
0.276732
0.091248
0.662
0.352121
0.189245
0.662
0.215112
0.0613463
0.662
0.10528
0.420948
0.273219
0.346948
0.251227
0.184134
0.662
0.257485
0.311234
0.494951
0.178167
0.0627139
0.165187
0.195973
0.432364
0.0633856
0.111849
0.232063
0.662
0.0247941
0.0717678
0.0721436
0.202639
0.0546013
0.379061
0.0182795
0.458445
0.107207
0.170618
0.2046
0.153087
0.102243
0.0875187
0.662
0.366574
0.29632
0.448868
0.37325
0.0745772
0.237086
0.495373
0.0571372
0.0816994
0.212939
0.273044
0.00786432
0.25236
0.452201
0.662
0.0396432
0.155779
0.147665
0.662
0.0861033
0.0613608
0.125285
0.226126
0.662
0.042626
0.295666
0.103722
0.125189
0.662
0.0568861
0.425135
0.0674908
0.48897
0.0324737
0.662
0.201355
0.0415038
0.300131
0.145487
0.255962
0.129387
0.422584
0.354642
0.485315
0.185319
0.662
0.0352269
0.00658328
0.196551
0.211964
0.0516547
0.316037
0.662
0.459956
0.166081
0.440756
0.247831
0.662
0.506338
0.0473975
0.230529
0.662
0.377785
0.230185
0.178581
0.0715482
0.121779
0.175252
0.0992364
0.662
0.177996
0.270115
0.662
0.435809
0.662
0.662
0.330199
0.233511
0.119795
0.362384
0.0561423
0.288658
0.161737
0.159342
0.662
0.209033
0.662
0.411033
0.043659
0.184454
0.105669
0.16888
0.10897
0.192221
0.496528
0.125729
0.0973962
0.246277
0.00977095
0.149387
0.662
0.434199
0.13185
0.377024
0.262979
0.662
0.646773
0.168375
0.414192
0.634996
0.662
0.111144
0.662
0.103688
0.0476336
0.218942
0.16015
0.35799
0.574025
0.220202
0.184679
0.0315143
0.251411
0.238644
0.545078
0.42279
0.0664679
0.119517
0.0411356
0.335039
0.421982
0.662
0.130433
0.100593
0.57713
0.662
0.44855
0.174762
0.112536
0.0702482
0.662
0.194127
0.051158
0.436921
0.0461438
0.198612
0.340943
0.662
0.662
0.140502
0.1782
0.114731
0.262896
0.332686
0.103044
0.606136
0.333181
0.0535193
0.0501146
0.386544
0.0621812
0.662
0.0663937
0.0869815
0.11214
0.143316
0.17975
0.15371
0.662
0.190472
0.502638
0.322186
0.25543
0.120229
0.662
0.662
0.662
0.1711
0.148822
0.662
0.221766
0.0875419
0.162602
0.662
0.0530386
0.171213
0.048219
0.440154
0.328298
0.206681
0.334213
0.0924456
0.114029
0.0390015
0.662
0.0885356
0.139405
0.180949
0.147898
0.0829751
0.045049
0.141171
0.115906
0.0828005
0.662
0.116878
0.662
0.517493
0.212968
0.601419
0.459338
0.616288
0.152438
0.662
0.38628
0.332907
0.590536
0.287007
0.135497
0.156703
0.0269892
0.0811091
0.0369799
0.0708963
0.115608
0.209259
0.487154
0.415778
0.165412
0.0696354
0.114358
0.371761
0.136928
0.419858
0.300992
0.0915916
0.249625
0.662
0.662
0.079838
0.0592452
0.369328
0.189403
0.275077
0.124763
0.567303
0.112148
0.265721
0.159502
0.138536
0.662
0.37836
0.0465128
0.425747
0.0511138
0.662
0.662
0.326442
0.248513
0.607981
0.662
0.152293
0.662
0.0872282
0.628849
0.662
0.0783739
0.110214
0.417535
0.305168
0.662
0.580244
0.424954
0.662
0.0861909
0.157625
0.1411
0.0560616
0.322079
0.662
0.539451
0.069665
0.662
0.662
0.240673
0.310125
0.590722
0.538605
0.0960135
0.248621
0.557392
0.3271
0.0857725
0.228723
0.111757
0.662
0.0921271
0.662
0.224178
0.249983
0.336289
0.0126737
0.0763179
0.233048
0.0492708
0.304233
0.137508
0.249552
0.172236
0.114276
0.0777565
0.168591
0.085633
0.590261
0.541846
0.161313
0.00193306
0.121873
0.662
0.292481
0.57731
0.662
0.482687
0.125448
0.126012
0.338077
0.042681
0.179298
0.503602
0.179173
0.102163
0.267054
0.101342
0.662
0.527778
0.662
0.316716
0.254337
0.194328
0.103699
0.662
0.271047
0.333633
0.229822
0.662
0.188898
0.318666
0.161891
0.662
0.551708
0.606165
0.662
0.0384162
0.251527
0.0700798
0.347863
0.253598
0.130933
0.228138
0.212692
0.662
0.0887729
0.0970355
0.603011
0.129554
0.506904
0.208648
0.331279
0.316185
0.218138
0.122858
0.643701
0.090976
0.662
0.200685
0.550781
0.115233
0.277863
0.175045
0.350837
0.183769
0.117696
0.117945
0.317322
0.440296
0.120589
0.662
0.466731
0.125586
0.589855
0.62759
0.323431
0.477628
0.662
0.212789
0.285529
0.213385
0.270219
0.662
0.238963
0.209471
0.215969
0.662
0.141718
0.255394
0.180421
0.662
0.408675
0.193191
0.149621
0.598445
0.0336553
0.0830317
0.142957
0.454829
0.185992
0.444262
0.319224
0.478188
0.408902
0.258655
0.077388
0.092118
0.0740554
0.463668
0.0532402
0.130007
0.23836
0.0521536
0.187204
0.105439
0.364786
0.591743
0.177715
0.17778
0.0896732
0.542767
0.150129
0.10139
0.0607377
0.22594
0.662
0.111724
0.143054
0.094456
0.29029
0.0500226
0.0922811
0.662
0.152835
0.173411
0.662
0.213945
0.0885327
0.244238
0.262085
0.662
0.662
0.635726
0.0258606
0.197994
0.250251
0.641793
0.475577
0.662
0.662
0.282406
0.13758
0.255287
0.292822
0.492381
0.0542486
0.038518
0.632381
0.134961
0.662
0.540681
0.224852
0.37445
0.344781
0.514731
0.103552
0.437637
0.287805
0.662
0.662
0.662
0.203421
0.0310075
0.0652308
0.196958
0.065553
0.122609
0.137463
0.13485
0.0811254
0.0363343
0.158814
0.107082
0.289755
0.63339
0.229856
0.142062
0.0423216
0.596852
0.0772186
0.0446985
0.168028
0.348793
0.303356
0.316723
0.603108
0.345878
0.16446
0.662
0.268544
0.300252
0.0759805
0.323976
0.409581
0.161955
0.662
0.165403
0.430626
0.199607
0.127377
0.325459
0.145276
0.109161
0.198718
0.662
0.281637
0.140477
0.153231
0.104034
0.334581
0.321549
0.112464
0.662
0.308769
0.17046
0.580592
0.315006
0.191182
0.388752
0.134386
0.662
0.115321
0.618483
0.096157
0.0589985
0.111047
0.154959
0.1156
0.181797
0.110247
0.181934
0.100555
0.662
0.0433773
0.0730495
0.448339
0.403688
0.0548523
0.662
0.512521
0.662
0.0639509
0.168693
0.662
0.662
0.390567
0.199594
0.532927
0.166222
0.0889066
0.371046
0.0634743
0.662
0.662
0.662
0.121362
0.113684
0.106575
0.66183
0.210198
0.333689
0.387356
0.563316
0.0524052
0.296023
0.662
0.16229
0.424718
0.152301
0.23076
0.330939
0.298047
0.295592
0.662
0.662
0.40294
0.0205583
0.662
0.0613915
0.065304
0.244072
0.0472292
0.124305
0.662
0.467995
0.636837
0.323795
0.0787061
0.231593
0.234419
0.340985
0.327583
0.00316937
0.0880379
0.255965
0.258377
0.662
0.592558
0.371394
0.0556883
0.169049
0.0501488
0.036272
0.662
0.662
0.0611419
0.215617
0.662
0.0857386
0.608823
0.126927
0.578504
0.286514
0.150346
0.662
0.195848
0.274984
0.221422
0.29399
0.133755
0.225262
0.259886
0.467197
0.196326
0.220976
0.247102
0.378687
0.662
0.240816
0.386794
0.200211
0.0629361
0.224225
0.384357
0.49443
0.022667
0.662
0.219191
0.248441
0.232555
0.662
0.662
0.265925
0.204134
0.560426
0.0798503
0.125115
0.476781
0.643145
0.662
0.0978507
0.250693
0.142303
0.151136
0.291237
0.269021
0.525589
0.141068
0.372828
0.510696
0.625248
0.554692
0.662
0.165479
0.662
0.662
0.153438
0.47791
0.276929
0.203947
0.517258
0.147711
0.165958
0.0611523
0.222704
0.276112
0.239339
0.214684
0.443643
0.219038
0.0774958
0.209424
0.300978
0.15573
0.0639263
0.46909
0.234017
0.0505586
0.0957876
0.0770499
0.086721
0.0705117
0.109604
0.0898608
0.107288
0.662
0.393056
0.117843
0.0709834
0.216713
0.662
0.662
0.510219
0.0646066
0.662
0.154521
0.3081
0.461754
0.212833
0.165043
0.0563366
0.662
0.187264
0.268266
0.347047
0.490522
0.0932138
0.468122
0.0658693
0.475626
0.111499
0.166726
0.623475
0.662
0.0478362
0.118243
0.113299
0.662
0.132134
0.662
0.647658
0.151376
0.662
0.32797
0.662
0.19924
0.130032
0.662
0.484165
0.0623059
0.331648
0.10103
0.142307
0.0991542
0.347055
0.0231422
0.115107
0.0669481
0.63339
0.162076
0.0460511
0.657643
0.118878
0.18813
0.187605
0.123809
0.253642
0.662
0.170601
0.24624
0.0586893
0.630685
0.660474
0.0124171
0.0741363
0.0930415
0.662
0.141445
0.318545
0.00103893
0.662
0.662
0.156323
0.00656742
0.00478023
0.152357
0.0350429
0.108643
0.261204
0.424568
0.221189
0.0911715
0.0599236
0.116395
0.656851
0.0655313
0.418355
0.0873286
0.63339
0.0966732
0.662
0.438047
0.226032
0.662
0.177935
0.466493
0.0320711
0.0178915
0.172829
0.140696
0.662
0.258307
0.367215
0.662
0.662
0.662
0.662
0.521729
0.11398
0.38763
0.0727824
0.493061
0.471299
0.300601
0.662
0.317578
0.613225
0.185564
0.31085
0.216879
0.0814625
0.662
0.0270678
0.234813
0.098328
0.121136
0.217998
0.170353
0.217062
0.140293
0.527918
0.181328
0.455013
0.662
0.662
0.135716
0.414544
0.14532
0.230563
0.0295063
0.252693
0.0401683
0.662
0.107813
0.336156
0.662
0.251335
0.630595
0.23325
0.0874318
0.662
0.343432
0.0920892
0.0839296
0.0221254
0.354852
0.142515
0.155941
0.662
0.662
0.123188
0.22364
0.169222
0.0747212
0.662
0.282101
0.662
0.410892
0.662
0.662
0.0121627
0.497173
0.331121
0.662
0.133854
0.451959
0.281733
0.469189
0.442229
0.24083
0.211325
0.614734
0.451789
0.104225
0.303485
0.124639
0.071809
0.168132
0.662
0.245882
0.0431107
0.342323
0.207654
0.176064
0.170546
0.0709729
0.662
0.662
0.311113
0.132057
0.374027
0.223802
0.0289517
0.135276
0.662
0.527014
0.0525378
0.613044
0.0503832
0.662
0.091763
0.173565
0.662
0.258079
0.163424
0.484475
0.26469
0.52246
0.0821466
0.218078
0.656672
0.484036
0.33088
0.256809
0.662
0.0363258
0.575744
0.432109
0.166554
0.126689
0.0405714
0.0925445
0.279268
0.219922
0.205823
0.662
0.18045
0.467654
0.100122
0.32878
0.221644
0.153349
0.122415
0.356465
0.110005
0.0244884
0.33198
0.225863
0.288161
0.397442
0.21512
0.0701382
0.0971112
0.662
0.208348
0.221332
0.0741792
0.404198
0.662
0.33659
0.205522
0.508191
0.662
0.116574
0.151328
0.190291
0.0754879
0.295752
0.230038
0.662
0.104101
0.24577
0.0896982
0.662
0.156332
0.254799
0.393337
0.649446
0.115368
0.662
0.0657878
0.449988
0.1618
0.0611072
0.0891292
0.661944
0.113352
0.108038
0.662
0.477564
0.234758
0.659086
0.186344
0.604446
0.662
0.190063
0.615091
0.0915781
0.662
0.394331
0.662
0.662
0.662
0.126693
0.371783
0.104334
0.220739
0.237219
0.355094
0.12753
0.137462
0.074089
0.662
0.0869073
0.24084
0.0925799
0.407742
0.0317823
0.312798
0.236541
0.0592329
0.284782
0.297987
0.0824802
0.403666
0.048869
0.143065
0.115768
0.0896193
0.662
0.662
0.213609
0.141006
0.458508
0.194787
0.0530132
0.662
0.662
0.662
0.451165
0.0587718
0.109566
0.0170293
0.192831
0.295318
0.389375
0.65075
0.403552
0.11049
0.53587
0.0464979
0.144958
0.0849786
0.662
0.470514
0.262003
0.23116
0.357413
0.662
0.432285
0.230897
0.634148
0.440216
0.0414592
0.172539
0.444646
0.240662
0.662
0.662
0.369622
0.63339
0.0885169
0.237419
0.0815047
0.369329
0.322638
0.219373
0.527426
0.662
0.255264
0.428474
0.058496
0.155977
0.662
0.318118
0.232136
0.18924
0.433991
0.331589
0.477566
0.109659
0.347644
0.389916
0.662
0.612317
0.164035
0.189973
0.102418
0.0474082
0.204753
0.183115
0.662
0.662
0.235182
0.0971679
0.209133
0.0337634
0.662
0.113901
0.224889
0.317538
0.108738
0.0592022
0.156162
0.203499
0.0989364
0.251178
0.346427
0.284485
0.662
0.0205893
0.205797
0.321663
0.63737
0.657045
0.206936
0.0997085
0.330376
0.201068
0.0330177
0.605608
0.249597
0.204248
0.59222
0.488755
0.662
0.0495544
0.463456
0.343958
0.304294
0.249161
0.231732
0.0943967
0.341122
0.65766
0.449521
0.268248
0.662
0.303432
0.240791
0.662
0.182925
0.273324
0.18011
0.178966
0.104362
0.662
0.620161
0.235177
0.501942
0.627059
0.657591
0.20271
0.116237
0.0932601
0.268522
0.049643
0.662
0.131404
0.109054
0.183308
0.211276
0.583543
0.392046
5.13406e-05
0.481583
0.106685
0.308628
0.662
0.662
0.0137228
0.0936833
0.114467
0.375447
0.446873
0.45152
0.196593
0.209057
0.17125
0.457493
0.181843
0.324516
0.180148
0.462356
0.662
0.662
0.182593
0.0791993
0.198169
0.333973
0.494154
0.662
0.101575
0.331738
0.662
0.455465
0.389518
0.229038
0.083278
0.173837
0.174791
0.286866
0.342104
0.211926
0.647011
0.087898
0.123409
0.302963
0.194131
0.352597
0.0960854
0.662
0.100023
0.662
0.114115
0.280294
0.407224
0.535973
0.441213
0.662
0.662
0.2523
0.662
0.337612
0.662
0.0793795
0.662
0.0488696
0.198096
0.219642
0.355749
0.467948
0.45981
0.0556928
0.0902127
0.0912991
0.47615
0.114168
0.186716
0.662
0.420997
0.298523
0.0990873
0.147893
0.630574
0.492547
0.237482
0.0485233
0.0883894
0.662
0.188672
0.649341
0.0841998
0.240696
0.514516
0.285925
0.0987429
0.212173
0.0672821
0.471547
0.0292925
0.287796
0.374144
0.20567
0.137222
0.233408
0.418251
0.0780968
0.662
0.160005
0.662
0.261305
0.132744
0.314433
0.662
0.662
0.141884
0.662
0.144717
0.662
0.662
0.662
0.134026
0.0919588
0.279648
0.0349701
0.291641
0.333348
0.244246
0.128543
0.490207
0.565762
0.662
0.214623
0.45279
0.318773
0.249623
0.584547
0.0614207
0.072176
0.218525
0.312983
0.662
0.144989
0.5035
0.114111
0.193587
0.662
0.50823
0.295246
0.531949
0.662
0.459091
0.212542
0.662
0.153188
0.0481041
0.12818
0.154175
0.266366
0.316219
0.292119
0.217491
0.638313
0.662
0.162166
0.662
0.099501
0.175577
0.207667
0.213694
0.180288
0.662
0.531383
0.498408
0.608238
0.473987
0.294593
0.399164
0.411876
0.462599
0.662
0.662
0.420201
0.0197734
0.153239
0.662
0.433984
0.370104
0.123865
0.662
0.635141
0.0549077
0.0921898
0.0383086
0.159493
0.15349
0.662
0.612051
0.0391925
0.0693044
0.344123
0.0857582
0.439879
0.61358
0.201226
0.084727
0.173684
0.155726
0.0903932
0.336188
0.662
0.567396
0.598242
0.382298
0.0368834
0.188011
0.191448
0.309632
0.640559
0.167675
0.0871873
0.316987
0.662
0.425924
0.186066
0.0933253
0.475798
0.247198
0.662
0.310129
0.472069
0.062094
0.0633036
0.00537719
0.121252
0.079483
0.474619
0.614201
0.183066
0.662
0.0933806
0.0743637
0.0658076
0.338482
0.662
0.20084
0.0795407
0.389539
0.0944424
0.662
0.251439
0.430429
0.0310868
0.40731
0.0713586
0.135141
0.450232
0.389609
0.150354
0.443892
0.120621
0.662
0.662
0.0103539
0.0345662
0.327178
0.0414803
0.277941
0.37627
0.0606402
0.182075
0.30174
0.00148874
0.468972
0.579169
0.617166
0.0685436
0.662
0.0879915
0.538608
0.662
0.258402
0.589039
0.370372
0.250611
0.136751
0.539939
0.0425833
0.209961
0.193451
0.0761793
0.115647
0.492773
0.126034
0.146106
0.0251136
0.149626
0.662
0.325627
0.285235
0.662
0.117466
0.662
0.237854
0.211928
0.124321
0.157939
0.16267
0.369608
0.257305
0.186931
0.257603
0.104284
0.475824
0.389142
0.0593549
0.113977
0.158656
0.626488
0.486162
0.0427834
0.166276
0.636658
0.161832
0.222468
0.440692
0.133786
0.128667
0.20614
0.457045
0.662
0.170859
0.296814
0.239484
0.0594102
0.145983
0.214464
0.0767939
0.165447
0.545373
0.156653
0.662
0.195928
0.3652
0.0662832
0.439168
0.177647
0.0124295
0.215607
0.316874
0.430417
0.0298486
0.662
0.212181
0.087363
0.223269
0.238753
0.0114285
0.662
0.117677
0.0590357
0.266876
0.212973
0.1936
0.177141
0.350381
0.121099
0.180987
0.662
0.424053
0.00755167
0.55042
0.0488984
0.10868
0.233119
0.0579474
0.280308
0.385991
0.209226
0.303541
0.256481
0.124193
0.24701
0.662
0.183866
0.358904
0.0402002
0.119307
0.142135
0.245746
0.662
0.267375
0.121698
0.253266
0.0818101
0.255318
0.128364
0.120173
0.386062
0.656921
0.130078
0.161738
0.00760247
0.0575556
0.138198
0.0743921
0.0966636
0.346976
0.28328
0.176922
0.662
0.264894
0.139174
0.244464
0.362978
0.497808
0.210119
0.263631
0.118527
0.0342834
0.146745
0.364807
0.533877
0.222108
0.397483
0.510222
0.662
0.283549
0.0920113
0.662
0.145412
0.383327
0.106703
0.618645
0.169864
0.116233
0.662
0.662
0.662
0.38567
0.485285
0.662
0.216949
0.662
0.124155
0.217428
0.48492
0.207515
0.104277
0.160979
0.452066
0.0923687
0.0990683
0.182455
0.255436
0.268833
0.45691
0.471738
0.38717
0.110979
0.162143
0.662
0.0611334
0.0711791
0.662
0.232135
0.520338
0.36773
0.222603
0.325188
0.472689
0.122595
0.131054
0.200183
0.193736
0.214514
0.226772
0.381497
0.662
0.356635
0.234389
0.299693
0.244788
0.089626
0.248655
0.19992
0.410851
0.210386
0.192393
0.206172
0.224682
0.0985539
0.0646117
0.662
0.662
0.116305
0.495977
0.116863
0.0576826
0.204367
0.619869
0.662
0.216191
0.296428
0.204791
0.444855
0.398022
0.24452
0.297487
0.138359
0.0531566
0.662
0.128294
0.013708
0.308069
0.662
0.187589
0.328924
0.523013
0.14531
0.227424
0.457347
0.504997
0.0861495
0.12024
0.0635053
0.662
0.662
0.213679
0.134117
0.0904158
0.230427
0.27223
0.662
0.185638
0.497919
0.110598
0.146181
0.222549
0.199711
0.291728
0.509898
0.662
0.118247
0.269757
0.662
0.10361
0.662
0.100539
0.532301
0.0870703
0.230805
0.108613
0.200524
0.324221
0.570937
0.662
0.557188
0.0245355
0.556521
0.12164
0.662
0.115956
0.635845
0.662
0.0877337
0.238434
0.227444
0.501274
0.0722901
0.0861724
0.230503
0.369156
0.115649
0.662
0.0626497
0.0387407
0.233555
0.19049
0.19528
0.0883642
0.0942746
0.276661
0.531283
0.119355
0.0423953
0.662
0.0778345
0.662
0.662
0.171554
0.662
0.662
0.101712
0.566732
0.136659
0.662
0.139208
0.440158
0.173202
0.37136
0.105838
0.592746
0.285234
0.25669
0.524405
0.19278
0.662
0.204163
0.0781657
0.662
0.00902675
0.0933754
0.447748
0.25841
0.0848457
0.415006
0.662
0.126822
0.0991203
0.320727
0.176983
0.362034
0.662
0.662
0.0261792
0.434718
0.192155
0.327988
0.136801
0.662
0.00645699
0.216762
0.220666
0.290712
0.119391
0.238117
0.0731789
0.434997
0.662
0.247406
0.438265
0.514016
0.41919
0.194547
0.122108
0.0228297
0.248586
0.0330556
0.152635
0.10419
0.0418322
0.533417
0.263216
0.0519999
0.296599
0.119226
0.429994
0.478265
0.0508171
0.152634
0.236774
0.662
0.662
0.207556
0.399488
0.164731
0.120424
0.0629433
0.662
0.277691
0.0916721
0.224755
0.34075
0.653746
0.662
0.244906
0.307304
0.0322483
0.132284
0.662
0.0246751
0.415037
0.29186
0.0860467
0.504197
0.131165
0.274182
0.121969
0.288156
0.0759152
0.274062
0.00613133
0.212646
0.320297
0.297961
0.662
0.662
0.0721104
0.119924
0.493599
0.07048
0.223891
0.352837
0.177841
0.312737
0.0535444
0.204952
0.51268
0.413157
0.623581
0.168835
0.396798
0.631602
0.0690246
0.296972
0.0722859
0.388536
0.0564328
0.260967
0.495606
0.129234
0.662
0.22734
0.159772
0.299926
0.557095
0.629706
0.341479
0.301015
0.196344
0.601868
0.0534542
0.662
0.376602
0.662
0.106037
0.630378
0.459919
