0.226891
0.0788015
0.520819
0.662
0.607183
0.426158
0.0990604
0.475816
0.490363
0.142512
0.0437722
0.206252
0.208485
0.0148868
0.506586
0.115244
0.555277
0.138522
0.0838437
0.662
0.180634
0.316683
0.330358
0.599849
0.187459
0.215473
0.16693
0.264991
0.00774046
0.549508
0.10531
0.283044
0.288512
0.650086
0.151808
0.0644905
0.160452
0.137669
0.424158
0.0918708
0.246548
0.06477
0.195245
0.662
0.262274
0.0513735
0.193916
0.291367
0.132986
0.370674
0.46566
0.208299
0.608006
0.32238
0.269545
0.662
0.248801
0.515913
0.153201
0.382178
0.404493
0.548803
0.619915
0.269489
0.087415
0.045013
0.0624944
0.103119
0.314064
0.251768
0.606024
0.110899
0.372374
0.266438
0.168214
0.330529
0.0442371
0.124459
0.187747
0.353907
0.381526
0.662
0.0461166
0.373137
0.501367
0.143477
0.662
0.124054
0.342027
0.0352129
0.107446
0.449155
0.662
0.662
0.0618617
0.155281
0.498575
0.459894
0.356247
0.578789
0.0208579
0.121604
0.662
0.0515099
0.662
0.335707
0.191277
0.222596
0.263316
0.29001
0.192904
0.575587
0.526436
0.560337
0.0826792
0.656711
0.31044
0.533821
0.320883
0.132864
0.114235
0.430297
0.0019887
0.173084
0.13523
0.214243
0.54498
0.158982
0.199383
0.0712105
0.662
0.235899
0.183545
0.231612
0.662
0.15966
0.0608912
0.270953
0.365789
0.159979
0.0196051
0.27868
0.201125
0.388046
0.180783
0.209148
0.191413
0.542546
0.0719485
0.342297
0.637057
0.215369
0.498339
0.584367
0.183426
0.118264
0.093549
0.30208
0.113714
0.540865
0.662
0.296911
0.181014
0.503017
0.0350465
0.110849
0.312587
0.106995
