0.662
0.0812278
0.480562
0.172992
0.24644
0.266621
0.0886087
0.624672
0.662
0.150726
0.27928
0.445999
0.23347
0.0427738
0.0996487
0.589165
0.660735
0.223812
0.150767
0.127065
0.437576
0.173866
0.14468
0.215247
0.362822
0.100411
0.171742
0.250441
0.173999
0.562721
0.44238
0.662
0.1316
0.0964087
0.0992626
0.651323
0.00523216
0.27563
0.0429837
0.219804
0.132485
0.132004
0.21005
0.0418765
0.40004
0.151737
0.131562
0.257025
0.356476
0.129221
0.243801
0.662
0.0877955
0.122068
0.137678
0.435188
0.662
0.451254
0.625309
0.13171
0.423392
0.129369
0.419687
0.124504
0.279293
0.352989
0.662
0.128791
0.662
0.124078
0.00994292
0.512556
0.190259
0.318422
0.196426
0.132936
0.49961
0.0358024
0.104687
0.0945176
0.274064
0.134155
0.448957
0.0941515
0.174127
0.0998432
0.0361224
0.0927278
0.662
0.211274
0.605117
0.430859
0.583319
0.3061
0.114641
0.27133
0.07961
0.0559707
0.548939
0.623784
0.39281
0.329968
0.152079
0.662
0.662
0.265412
0.202187
0.280057
0.195876
0.647041
0.114627
0.40568
0.184565
0.529934
0.662
0.223081
0.10148
0.0704838
0.162643
0.662
0.662
0.117063
0.12135
0.297816
0.211469
0.178726
0.570107
0.48835
0.293927
0.120177
0.366866
0.662
0.662
0.387323
0.662
0.0527183
0.173995
0.222299
0.24901
0.0228644
0.235472
0.0665745
0.196964
0.288415
0.594072
0.186704
0.662
0.25544
0.152328
0.119724
0.443165
0.0571753
0.30309
0.0504082
0.359518
0.111308
0.305817
0.393208
0.33633
0.146634
0.561683
0.120611
0.306463
0.286972
0.149465
0.0779558
0.222099
0.213643
0.662
0.173999
0.662
0.0100195
0.662
0.651751
0.590718
0.0577947
0.468703
0.192975
0.635369
0.457515
0.246139
0.400611
0.662
0.601742
0.662
0.0829686
0.219285
0.174536
0.33191
0.0965753
0.140735
0.198456
0.592162
0.133044
0.0498297
0.662
0.242185
0.662
0.648536
0.246046
0.27785
0.0626835
0.105701
0.655264
0.0525037
0.662
0.206413
0.446611
0.22233
0.123316
0.552387
0.00563214
0.662
0.230097
0.3555
0.622997
0.450278
0.051365
0.662
0.662
0.0536063
0.257989
0.600794
0.031432
0.114958
0.135307
0.17732
0.381875
0.0832941
0.283891
0.126233
0.120968
0.104165
0.662
0.0502956
0.148807
0.140479
0.662
0.148906
0.0774015
0.0860354
0.662
0.189368
0.662
0.53485
0.58595
0.0408743
0.174988
0.114185
0.102232
0.662
0.235071
0.0678867
0.0503003
0.559399
0.365262
0.240494
0.45533
0.232739
0.106755
0.122348
0.571728
0.117494
0.346133
0.148047
0.569187
0.199046
0.086797
0.490096
0.212887
0.190138
0.63928
0.424385
0.581238
0.0795952
0.0300287
0.472254
0.216893
0.304585
0.117322
0.0783409
0.0598426
0.124186
0.630178
0.31359
0.510655
0.467604
0.0480297
0.149336
0.293906
0.593153
0.0215115
0.662
0.662
0.662
0.435574
0.143447
0.57892
0.3326
0.245835
0.329989
0.207737
0.10612
0.511005
0.265404
0.0106245
0.0659618
0.227112
0.217865
0.537317
0.472948
0.46202
0.130801
0.104621
0.384421
0.02493
0.662
0.0294432
0.579632
0.300719
0.000444567
0.153722
0.121281
0.0908829
0.426263
0.169709
0.164191
0.329022
0.0987703
0.662
0.662
0.0363454
0.165346
0.182065
0.299049
0.662
0.557894
0.388762
0.104088
0.132917
0.220267
0.196743
0.662
0.188589
0.196244
0.336846
0.342268
0.408492
0.432715
0.259435
0.239268
0.155708
0.0910425
0.356388
0.32212
0.497007
0.222438
0.662
0.662
0.662
0.662
0.131476
0.181722
0.303703
0.514046
0.210583
0.0788122
0.416201
0.100394
0.0631752
0.0888655
0.253817
0.143705
0.662
0.559883
0.282057
0.0100721
0.196443
0.290422
0.0982759
0.133957
0.164741
0.442844
0.290101
0.662
0.662
0.0779162
0.39695
0.365146
0.420058
0.148965
0.341142
0.302429
0.27332
0.168552
0.627986
0.301505
0.0338762
0.512295
0.156364
0.404395
0.0568245
0.158551
0.484828
0.286182
0.140798
0.0470418
0.662
0.662
0.078811
0.144737
0.0193525
0.132437
0.0656588
0.37034
0.203417
0.172547
0.11621
0.116055
0.290761
0.0599482
0.0929686
0.662
0.119889
0.109785
0.161216
0.454052
0.153029
0.104383
0.504502
0.354206
0.205004
0.0880809
0.662
0.525295
0.60388
0.662
0.215572
0.103402
0.662
0.116662
0.205708
0.259345
0.179758
0.268621
0.0808075
0.0566231
0.261398
0.143844
0.447676
0.422021
0.364434
0.662
0.198668
0.104079
0.0902721
0.0698663
0.543293
0.0773481
0.0642669
0.0419547
0.156151
0.563153
0.219684
0.0725138
0.222773
0.198028
0.662
0.214537
0.635536
0.0631426
0.662
0.141562
0.594435
0.241862
0.258476
0.0909142
0.0257929
0.662
0.198564
0.362229
0.662
0.162196
0.14027
0.0483957
0.640206
0.187393
0.108535
0.160198
0.19775
0.467803
0.488042
0.0513073
0.576605
0.113566
0.0980238
0.216848
0.0860716
0.108536
0.0937338
0.332108
0.133367
0.0921097
0.272104
0.270237
0.104072
0.662
0.187391
0.0771172
0.196098
0.100618
0.253899
0.236033
0.448284
0.269579
0.0463365
0.296618
0.0442349
0.662
0.283404
0.0854209
0.179073
0.105587
0.173828
0.337065
0.0853151
0.609142
0.422424
0.245818
0.614839
0.0438979
0.283686
0.546263
0.249666
0.40715
0.177625
0.12828
0.0601337
0.0216781
0.548269
0.463059
0.13787
0.0482242
0.128889
0.189546
0.025151
0.060101
0.14839
0.14141
0.489458
0.0756064
0.0841029
0.44151
0.0753711
0.384687
0.0182479
0.577989
0.383585
0.154745
0.198813
0.431265
0.209422
0.365232
0.636011
0.0377277
0.526889
0.185691
0.653216
0.0435847
0.205129
0.481894
0.0854559
0.0618201
0.143281
0.32483
0.0636392
0.662
0.190446
0.277933
0.202424
0.245053
0.563268
0.0814347
0.323031
0.415963
0.00664708
0.626547
0.0878822
0.397942
0.542137
0.39596
0.0936987
0.178407
0.117432
0.130496
0.0658497
0.454388
0.00598952
0.163631
0.420021
0.236178
0.0137791
0.263177
0.289605
0.552303
0.0352884
0.662
0.0828309
0.104898
0.662
0.0548948
0.170143
0.0654102
0.0665125
0.127109
0.263833
0.0592513
0.302732
0.201126
0.0898983
0.469689
0.255628
0.19427
0.510972
0.117333
0.146885
0.201189
0.0918793
0.662
0.167188
0.384363
0.358125
0.662
0.331071
0.199454
0.114755
0.274897
0.256529
0.136428
0.01776
0.164093
0.3371
0.0537891
0.334377
0.655458
0.396372
0.177068
0.118037
0.108264
0.662
0.518184
0.126577
0.656132
0.546224
0.251531
0.199842
0.662
0.254235
0.0902499
0.662
0.55373
0.662
0.0771423
0.444736
0.205645
0.292012
0.196859
0.662
0.318354
0.361825
0.434383
0.0602763
0.266541
0.412272
0.662
0.0507508
0.0161147
0.303321
0.301876
0.662
0.536282
0.0658356
0.662
0.201912
0.486174
0.662
0.53601
0.662
0.137874
0.136774
0.471387
0.136962
0.295593
0.42451
0.367846
0.0806523
0.0991839
0.33297
0.44626
0.375495
0.279922
0.071093
0.120902
0.499958
0.280537
0.21105
0.256529
0.417102
0.210469
0.169588
0.623376
0.323739
0.651928
0.248778
0.662
0.0838697
0.460121
0.662
0.243731
0.399983
0.37337
0.216367
0.662
0.18323
0.610056
0.0866739
0.0948583
0.205019
0.238688
0.229122
0.55039
0.359477
0.242374
0.254829
0.0709762
0.530471
0.662
0.268572
0.338808
0.332744
0.19935
0.28949
0.12486
0.115008
0.149336
0.0126151
0.078146
0.274129
0.14204
0.0730411
0.0872748
0.072141
0.662
0.209714
0.662
0.0938885
0.407183
0.571974
0.427964
0.249015
0.13035
0.0581841
0.662
0.364711
0.146328
0.656546
0.0941001
0.0682104
0.638922
0.137855
0.334333
0.0688801
0.0721967
0.119133
0.127685
0.411482
0.359771
0.622156
0.535985
0.199296
0.426291
0.0177641
0.175688
0.662
0.0679492
0.159029
0.072638
0.198731
0.116045
0.506252
0.0400895
0.0650149
0.0822829
0.0908757
0.163457
0.0457956
0.187108
0.318484
0.463914
0.451923
0.17976
0.233533
0.662
0.0488879
0.0333267
0.0935159
0.572412
0.477375
0.0851763
0.260076
0.0424129
0.336924
0.322175
0.219893
0.24466
0.308784
0.13356
0.340845
0.0439697
0.377697
0.0724532
0.187093
0.0106124
0.0517258
0.42671
0.244873
0.0273045
0.312622
0.212152
0.067755
0.0832873
0.132268
0.20007
0.18611
0.184056
0.0776571
0.162582
0.45856
0.221637
0.642072
0.232028
0.41989
0.521726
0.412771
0.112932
0.0565276
0.100298
0.161505
0.346977
0.44308
0.389124
0.0462956
0.192714
0.0198345
0.302526
0.349742
0.363309
0.451754
0.121157
0.116727
0.15516
0.0959168
0.0807424
0.106553
0.613312
0.566778
0.533396
0.662
0.403003
0.0589348
0.327388
0.411365
0.198878
0.419773
0.426382
0.194549
0.072319
0.536504
0.201407
0.662
0.371199
0.235106
0.1689
0.194915
0.55142
0.00563784
0.12527
0.436298
0.117515
0.374091
0.210437
0.104655
0.0823257
0.493313
0.223634
0.266506
0.261244
0.108081
0.0300807
0.272341
0.365244
0.662
0.149995
0.662
0.119927
0.325776
0.189169
0.141256
0.0740735
0.238255
0.458306
0.176622
0.452848
0.662
0.394058
0.0958137
0.206306
0.403214
0.382141
0.4001
0.0998341
0.150517
0.416712
0.141865
0.662
0.639901
0.146117
0.235067
0.0665853
0.281862
0.226516
0.12062
0.0479019
0.243578
0.283906
0.662
0.0991436
0.188609
0.0418972
0.0614944
0.561088
0.252821
0.326935
0.113018
0.479272
0.216205
0.214064
0.250653
0.662
0.137352
0.0278799
0.115576
0.200561
0.169692
0.0839942
0.0407778
0.0595903
0.320789
0.357701
0.207472
0.19371
0.602225
0.143307
0.394306
0.215141
0.301231
0.462605
0.176812
0.662
0.147673
0.214924
0.0818662
0.662
0.0620014
0.109489
0.193419
0.296439
0.194386
0.123337
0.28277
0.159173
0.662
0.662
0.103113
0.153677
0.184895
0.244306
0.328485
0.237129
0.157294
0.0615115
0.394656
0.202564
0.606199
0.662
0.0985876
0.662
0.662
0.209557
0.662
0.134027
0.454156
0.113796
0.252905
0.446903
0.0707467
0.116134
0.139819
0.212099
0.30552
0.146499
0.521577
0.203562
0.408742
0.580459
0.0870133
0.662
0.267579
0.171473
0.0754276
0.190703
0.100201
0.095248
0.500005
0.0654747
0.153401
0.133575
0.171935
0.075461
0.156911
0.0180397
0.662
0.283939
0.440981
0.144609
0.368557
0.109319
0.140625
0.176095
0.456046
0.143409
0.662
0.662
0.390985
0.0709023
0.3349
0.243178
0.393792
0.662
0.310912
0.204448
0.662
0.333899
0.114344
0.20387
0.523394
0.450387
0.22496
0.21082
0.259468
0.33212
0.0924274
0.109233
0.404147
0.0550788
0.662
0.0864365
0.430696
0.0125738
0.0408967
0.159167
0.0734815
0.0713516
0.627526
0.452765
0.260996
0.203263
0.0354851
0.534466
0.658578
0.1369
0.0736769
0.131909
0.137245
0.435122
0.147089
0.662
0.111054
0.322632
0.41995
0.138062
0.24893
0.155058
0.0798017
0.35446
0.662
0.0635625
0.181359
0.275021
0.273838
0.23797
0.544252
0.243675
0.0879148
0.0999986
0.0699136
0.662
0.410003
0.662
0.243648
0.216644
0.662
0.102814
0.334873
0.662
0.595201
0.398812
0.110934
0.0824915
0.0354255
0.446608
0.319682
0.195103
0.183783
0.0625041
0.398005
0.149659
0.0952956
0.0484723
0.401548
0.157202
0.438885
0.484137
0.0895196
0.0783455
0.662
0.346145
0.334021
0.315674
0.444977
0.0810602
0.0757241
0.157772
0.156647
0.0772716
0.318273
0.53449
0.662
0.662
0.0956305
0.102953
0.0350052
0.169396
0.662
0.320552
0.0715235
0.464429
0.109673
0.257705
0.549791
0.539978
0.240229
0.0405245
0.0995757
0.228687
0.662
0.185089
0.266261
0.205716
0.577498
0.480595
0.0721431
0.0639768
0.662
0.157485
0.396821
0.439165
0.274482
0.124742
0.268024
0.216144
0.650052
0.0356772
0.134481
0.0868225
0.0808495
0.482479
0.293187
0.0817783
0.173119
0.211047
0.662
0.0676937
0.0660311
0.176047
0.662
0.662
0.125998
0.405383
0.292722
0.268207
0.186874
0.662
0.146562
0.224773
0.104986
0.237106
0.662
0.406318
0.103554
0.391489
0.178899
0.044928
0.456631
0.100542
0.122309
0.153939
0.509545
0.326091
0.073246
0.0714451
0.0355657
0.118689
0.321623
0.120416
0.662
0.166584
0.0534404
0.662
0.0909826
0.138194
0.183109
0.605511
0.249898
0.267823
0.206449
0.318968
0.198054
0.508782
0.38249
0.105451
0.227344
0.347906
0.095305
0.619843
0.289332
0.0145806
0.130836
0.0877263
0.0954243
0.662
0.662
0.116436
0.445981
0.341279
0.18912
0.172963
0.162721
0.259998
0.168766
0.207587
0.574415
0.167776
0.442253
0.417191
0.113294
0.193363
0.101044
0.271484
0.00103276
0.462472
0.065613
0.662
0.11365
0.0921851
0.0923723
0.046543
0.0593548
0.216417
0.0603892
0.0654232
0.662
0.0161066
0.662
0.662
0.6368
0.662
0.261663
0.042572
0.202171
0.2188
0.328158
0.0605735
0.145315
0.217694
0.662
0.239858
0.662
0.166708
0.149928
0.0933135
0.125294
0.0380335
0.593507
0.142887
0.524537
0.47046
0.662
0.338168
0.0986075
0.270554
0.587939
0.0493245
0.26301
0.413678
0.315356
0.569671
0.267919
0.118058
0.198762
0.185843
0.502204
0.236362
0.484003
0.294955
0.163981
0.643013
0.662
0.0411809
0.0926048
0.153864
0.662
0.662
0.279661
0.36764
0.439126
0.662
0.172616
0.213833
0.635811
0.179356
0.135493
0.508175
0.662
0.059291
0.126756
0.10317
0.158761
0.0063569
0.294231
0.0635832
0.175337
0.237673
0.212125
0.0554766
0.284327
0.247793
0.602216
0.06266
0.615395
0.120018
0.047906
0.237852
0.145991
0.199228
0.110884
0.628594
0.662
0.104181
0.31056
0.0517286
0.177098
0.121243
0.208209
0.662
0.326881
0.16631
0.0270317
0.0808334
0.393439
0.412866
0.40489
0.462375
0.253393
0.142749
0.0788475
0.241304
0.296132
0.562992
0.14026
0.0384334
0.112183
0.0843974
0.41846
0.142155
0.232577
0.662
0.070119
0.173751
0.163549
0.346847
0.257756
0.109712
0.375797
0.116468
0.121561
0.0880213
0.134548
0.160765
0.132145
0.0866188
0.352353
0.248874
0.238952
0.155426
0.231535
0.044661
0.440269
0.357647
0.363551
0.385255
0.0715324
0.0634275
0.0798113
0.224698
0.580596
0.312338
0.242229
0.0766548
0.078889
0.550724
0.10398
0.183615
0.0962643
0.307521
0.308432
0.096321
0.623975
0.0722759
0.596111
0.456053
0.112272
0.652193
0.0755857
0.460392
0.0832584
0.215696
0.218386
0.182587
0.311738
0.431101
0.662
0.120703
0.0727523
0.0659676
0.160837
0.662
0.150821
0.138085
0.451724
0.0466331
0.145255
0.16247
0.662
0.33519
0.47786
0.108585
0.0609595
0.354115
0.261408
0.207911
0.0826571
0.090228
0.464133
0.212912
0.431542
0.657294
0.0604976
0.323947
0.054083
0.124006
0.0974365
0.305841
0.124436
0.115438
0.284945
0.156569
0.334127
0.539429
0.427121
0.269347
0.174824
0.149695
0.3189
0.480525
0.662
0.0788598
0.140508
0.156335
0.253622
0.662
0.0916291
0.0111527
0.220861
0.0610237
0.44718
0.662
0.125596
0.114134
0.151285
0.128977
0.205656
0.0402569
0.214903
0.114665
0.178372
0.137687
0.170435
0.527094
0.161879
0.101326
0.567094
0.584074
0.0866593
0.0992733
0.0583388
0.119921
0.15102
0.218919
0.42215
0.0622654
0.662
0.132262
0.14245
0.106201
0.0638484
0.18771
0.19445
0.559253
0.505882
0.164083
0.662
0.662
0.0608355
0.0956871
0.0826275
0.121477
0.211341
0.343124
0.0467826
0.560675
0.448145
0.353156
0.325352
0.262484
0.472629
0.43865
0.320322
0.379137
0.302754
0.662
0.194128
0.327578
0.662
0.311929
0.662
0.298206
0.0642432
0.30774
0.310498
0.662
0.466777
0.390059
0.0240364
0.451309
0.0980748
0.183617
0.444281
0.475568
0.0916309
0.0522195
0.054687
0.0631766
0.21185
0.289951
0.0112438
0.0233997
0.0463891
0.0641816
0.108176
0.537421
0.422091
0.227587
0.352848
0.145
0.199707
0.0291391
0.518345
0.232792
0.116439
0.496199
0.133382
0.143482
0.0782298
0.209804
0.120223
0.627186
0.0566076
0.38587
0.46296
0.662
0.357229
0.546081
0.302375
0.21979
0.0315363
0.146096
0.0600011
0.407282
0.0551794
0.513782
0.0540609
0.137867
0.371278
0.0426035
0.212907
0.122946
0.386018
0.152124
0.438164
0.150205
0.209416
0.1682
0.12389
0.267997
0.22444
0.109896
0.526284
0.136116
0.410167
0.210057
0.662
0.662
0.113784
0.152441
0.24223
0.308897
0.07139
0.662
0.0929126
0.252905
0.0742406
0.0435454
0.0450244
0.0983942
0.310006
0.410659
0.0276347
0.279484
0.202962
0.386867
0.344739
0.110181
0.141082
0.569453
0.349815
0.662
0.0504
0.493527
0.132274
0.631565
0.392855
0.0583024
0.426092
0.370092
0.42336
0.0933386
0.662
0.150097
0.662
0.183584
0.0430785
0.280544
0.135959
0.260451
0.326045
0.422471
0.107711
0.151189
0.37766
0.237711
0.207667
0.0972777
0.080611
0.149857
0.0378219
0.11713
0.363804
0.0818977
0.0672215
0.662
0.0685646
0.180864
0.324549
0.22734
0.116702
0.662
0.113325
0.141562
0.105242
0.285067
0.00721242
0.0800338
0.167446
0.332293
0.146033
0.0944066
0.106043
0.662
0.185698
0.53721
0.29143
0.439855
0.0577303
0.0854356
0.159112
0.00689982
0.413857
0.662
0.070834
0.232297
0.102166
0.333184
0.202661
0.114316
0.0166213
0.0560446
0.219314
0.196581
0.359529
0.183007
0.157519
0.232085
0.0809081
0.442103
0.199984
0.448572
0.0775736
0.151515
0.662
0.662
0.255873
0.453342
0.0740399
0.245517
0.294641
0.0354451
0.278368
0.102081
0.290396
0.662
0.276663
0.527967
0.378325
0.552564
0.0736832
0.33936
0.610108
0.109191
0.542157
0.100611
0.223145
0.657636
0.0870824
0.247249
0.246895
0.0650639
0.662
0.131456
0.544282
0.102206
0.662
0.286169
0.261211
0.172968
0.164699
0.662
0.154416
0.662
0.662
0.528149
0.358331
0.311545
0.296797
0.0625929
0.220464
0.343748
0.595234
7.3844e-05
0.0786826
0.0548209
0.146488
0.559626
0.662
0.347193
0.089435
0.279663
0.615293
0.223749
0.232669
0.0306693
0.213915
0.294778
0.215995
0.662
0.552781
0.0544322
0.16556
0.184035
0.48232
0.486774
0.038804
0.662
0.114596
0.528248
0.490374
0.43015
0.215556
0.0298065
0.415341
0.16639
0.662
0.405773
0.58354
0.0739787
0.256903
0.505164
0.0875494
0.117299
0.0796455
0.0735692
0.170801
0.22952
0.240216
0.0889219
0.512938
0.560399
0.202925
0.105403
0.559187
0.328542
0.549531
0.486704
0.273017
0.0885099
0.158461
0.176596
0.395133
0.503809
0.416676
0.366152
0.103234
0.0533599
0.434582
0.125599
0.662
0.213502
0.322108
0.0697997
0.37657
0.565615
0.224678
0.374302
0.115697
0.210485
0.431716
0.170751
0.120167
0.0472819
0.468906
0.0262355
0.258684
0.488386
0.215868
0.14443
0.134089
0.278732
0.0753934
0.10383
0.61076
0.130998
0.0732899
0.116297
0.322329
0.112041
0.662
0.100312
0.662
0.429821
0.33556
0.662
0.0128521
0.27838
0.590861
0.662
0.0449139
0.166158
0.662
0.0763321
0.37075
0.0910111
0.662
0.487569
0.241745
0.187557
0.658817
0.662
0.364984
0.0731288
0.169637
0.502647
0.141653
0.510316
0.0732051
0.662
0.235446
0.346944
0.189065
0.263429
0.0832664
0.354438
0.0404961
0.200142
0.0819835
0.20589
0.662
0.130025
0.404755
0.250613
0.194202
0.0600634
0.157777
0.662
0.255361
0.662
0.230036
0.357633
0.278265
0.0755621
0.0747983
0.428633
0.175504
0.385092
0.0736759
0.64892
0.0794182
0.282774
0.209383
0.353888
0.089816
0.0345251
0.387321
0.173225
0.391799
0.662
0.662
0.115933
0.389544
0.202934
0.110751
0.0600925
0.114903
0.201978
0.305626
0.218813
0.122295
0.405404
0.0992458
0.0504687
0.0680122
0.106753
0.0749585
0.105783
0.322252
0.398319
0.0850831
0.468587
0.382312
0.0194398
0.120699
0.19338
0.411152
0.561383
0.117634
0.110177
0.0817948
0.253506
0.00633231
0.0752046
0.227362
0.0648721
0.111789
0.662
0.378107
0.0126206
0.176881
0.147313
0.269776
0.400159
0.255188
0.662
0.333287
0.0764622
0.332235
0.540925
0.439877
0.308751
0.243897
0.116717
0.396788
0.53212
0.0854909
0.0535204
0.0516002
0.249305
0.662
0.0819835
0.0932216
0.632674
0.228215
0.295404
0.467809
0.153469
0.439098
0.325641
0.0808277
0.112873
0.186342
0.0177172
0.662
0.10099
0.344639
0.226121
0.356632
0.423604
0.261164
0.196644
