0.30208
0.0148868
0.225992
0.655653
0.662
0.316683
0.306463
0.314064
0.662
0.607183
0.46566
0.508546
0.132986
0.554711
0.418304
0.137669
0.187459
0.386819
0.279222
0.0908166
0.662
0.619733
0.260504
0.501367
0.262274
0.16693
0.215369
0.0208579
0.266438
0.370674
0.382178
0.520819
0.206777
0.284833
0.248801
0.132864
0.118264
0.54498
0.143525
0.222596
0.0245723
0.542546
0.0748095
0.0378874
0.138522
0.0979673
0.109328
0.662
0.662
0.578789
0.662
0.0704052
0.637057
0.410645
0.0934819
0.21586
0.187747
0.235899
0.330529
0.549508
0.102538
0.662
0.0737621
0.519756
0.177082
0.226891
0.64981
0.130543
0.375974
0.367069
0.662
0.347097
0.178544
0.335707
0.359453
0.159979
0.110384
0.459894
0.199463
0.400962
0.158982
0.508989
0.477504
0.231612
0.449155
0.199022
0.251768
0.183872
0.138437
0.273541
0.373137
0.650086
0.619291
0.288241
0.359007
0.337169
0.0671253
0.662
0.246985
0.288512
0.48642
0.0480074
0.235871
0.350215
0.514239
0.656711
0.233294
0.515913
0.506586
0.372374
0.214079
0.167487
0.475816
0.369963
0.0896313
0.606024
0.312587
0.0197502
0.662
0.29999
0.289749
0.619915
0.0019887
0.548803
0.0618617
0.205965
0.177268
0.269545
0.483917
0.662
0.393586
0.235746
0.404493
0.575587
0.608006
0.388046
0.110899
0.282041
0.00516957
0.0347416
0.201125
0.319335
0.102465
0.311087
0.168214
0.662
0.32238
0.123425
0.381526
0.209148
0.214243
0.166913
0.503017
0.0719362
0.27868
0.662
0.270067
0.424158
0.163357
0.0987617
0.365789
