0.222596
0.656711
0.187459
0.132864
0.102538
0.30208
0.506586
0.370674
0.260504
0.0719362
0.526436
0.225186
0.215369
0.515913
0.0934819
0.0148868
0.288512
0.330529
0.48642
0.137669
0.662
0.187747
0.607183
0.400669
0.158982
0.608006
0.219216
0.16693
0.074072
0.130024
0.400962
0.54498
0.650086
0.606024
0.662
0.114235
0.269545
0.132986
0.359007
0.159979
0.619915
0.335707
0.555277
0.269489
0.251768
0.121604
0.404493
0.578789
0.235899
0.183545
0.231612
0.353907
0.330358
0.138522
0.177268
0.637057
0.662
0.129535
0.209148
0.382178
0.424158
0.483917
0.619733
0.208799
0.0618617
0.206252
0.662
0.0908166
0.199022
0.393586
0.388046
0.519756
0.575587
0.520819
0.501367
0.266438
0.0485997
0.662
0.0608912
0.662
0.548803
0.233294
0.306463
0.262274
0.542546
0.312395
0.459894
0.388205
0.263316
0.314064
0.410645
0.554711
0.475816
0.142376
0.662
0.312587
0.662
0.110899
0.293783
0.0783608
0.106995
0.372374
0.226891
0.0990604
0.124459
0.503017
0.107446
0.0826792
0.662
0.449155
0.662
0.214243
0.0709928
0.32238
0.0019887
0.0544863
0.347097
0.0671253
0.235746
0.373137
0.365789
0.27868
0.375974
0.662
0.533821
0.316683
