0.166112
0.419202
0.662
0.0652642
0.0634322
0.0826852
0.254152
0.662
0.35185
0.342479
0.137651
0.413309
0.20148
0.662
0.130308
0.10909
0.662
0.243198
0.380816
0.104037
0.662
0.151426
0.662
0.437016
0.354501
0.50481
0.43536
0.274927
0.144041
0.652488
0.310669
0.0433804
0.218415
0.287504
0.24247
0.662
0.452594
0.231592
0.2658
0.624414
0.133154
0.398531
0.032763
0.599225
0.212703
0.274754
0.134838
0.413417
0.662
0.13616
0.149616
0.662
0.227735
0.584228
0.0954828
0.662
0.601481
0.133354
0.559772
0.503328
0.308569
0.377765
0.144726
0.603093
0.662
0.561753
0.257506
0.157703
0.202328
0.0855712
0.00797103
0.396086
0.356332
0.589659
0.353775
0.662
0.102781
0.163073
0.0173757
0.516913
0.18353
0.125112
0.130604
0.0758793
0.528428
0.662
0.571687
0.267706
0.607623
0.115471
0.652617
0.155953
0.360185
0.30688
0.0633072
0.595259
0.662
0.0888224
0.0927733
0.174144
0.281757
0.18723
0.0731451
0.662
0.131171
0.0752306
0.251758
0.62453
0.473392
0.0693081
0.662
0.662
0.117811
0.63355
0.30108
0.259777
0.51135
0.662
0.378312
0.0696147
0.0851365
0.225766
0.0410037
0.243679
0.0879793
0.346002
0.174003
0.662
0.258999
0.110814
0.466095
0.633694
0.0656133
0.662
0.395962
0.0410201
0.266617
0.437818
0.26109
0.150577
0.215225
0.188655
0.0736657
0.0893039
0.662
0.0541413
0.0608909
0.347196
0.0447551
0.662
0.662
0.144242
0.167548
0.168449
0.662
0.334282
0.662
0.0167695
0.386512
0.129891
0.662
0.662
0.33219
0.0980396
0.271481
0.539879
0.102661
0.0460734
0.0529132
0.122001
0.160861
0.136235
0.426468
0.662
0.662
0.0766396
0.138984
0.220031
0.0656847
0.0772962
0.0502963
0.662
0.476315
0.0600913
0.134766
0.185527
0.662
0.307195
0.662
0.634658
0.513161
0.184113
0.10051
0.180644
0.414704
0.179942
0.454252
0.0986578
0.0442497
0.662
0.662
0.37829
0.27483
0.0867758
0.264074
0.0896235
0.0603973
0.16969
0.307452
0.625807
0.246422
0.637221
0.107762
0.0473053
0.421603
0.135039
0.662
0.488074
0.410653
0.40443
0.654019
0.0488956
0.285468
0.0802391
0.254678
0.0290574
0.174777
0.0796287
0.186052
0.113574
0.393152
0.0909205
0.0179644
0.0413364
0.076411
0.0804322
0.271948
0.514477
0.662
0.117877
0.280515
0.662
0.0735125
0.0917868
0.156796
0.0565648
0.107135
0.257559
0.227236
0.662
0.0809655
0.12773
0.503537
0.0866161
0.45609
0.204753
0.223037
0.0905252
0.223179
0.226954
0.121945
0.269253
0.469213
0.398165
0.662
0.662
0.35697
0.103442
0.0870764
0.231152
0.102067
0.0596604
0.570876
0.304855
0.662
0.662
0.0757146
0.200158
0.49357
0.468055
0.10227
0.195096
0.123259
0.545324
0.0839694
0.62831
0.185921
0.304866
0.181586
0.137312
0.114345
0.189485
0.0962482
0.221822
0.0938975
0.125764
0.0840763
0.315603
0.265676
0.662
0.396553
0.632126
0.146562
0.0610284
0.076944
0.394732
0.573874
0.274694
0.338342
0.244774
0.444459
0.0726021
0.550006
0.353651
0.16635
0.151557
0.201085
0.150868
0.23599
0.0927409
0.228467
0.203392
0.446235
0.0200597
0.125574
0.567446
0.23656
0.0714618
0.662
0.546178
0.195673
0.253598
0.0351495
0.191364
0.121759
0.662
0.0806765
0.112408
0.390452
0.218015
0.0713539
0.18347
0.334481
0.18791
0.0376474
0.589943
0.0822558
0.0532454
0.301149
0.213286
0.0459869
0.183977
0.125536
0.00325175
0.317919
0.371816
0.168469
0.650711
0.102932
0.107699
0.195025
0.509474
0.00552762
0.458471
0.292915
0.195925
0.662
0.0800041
0.127374
0.662
0.109696
0.662
0.140907
0.118106
0.662
0.192453
0.20163
0.134153
0.662
0.0638346
0.418986
0.230595
0.118553
0.512533
0.159647
0.0638236
0.400164
0.529485
0.0857649
0.662
0.0794692
0.464646
0.662
0.130919
0.628654
0.0874804
0.152359
0.0471635
0.662
0.135135
0.0586474
0.39396
0.155674
0.486824
0.171244
0.553738
0.190549
0.0907873
0.379721
0.175024
0.333915
0.162566
0.257543
0.466813
0.0594962
0.169256
0.489445
0.624454
0.0404964
0.541413
0.354026
0.225346
0.207915
0.292169
0.268445
0.105638
0.179893
0.00961292
0.229133
0.5235
0.662
0.137395
0.350966
0.0613588
0.609191
0.662
0.219857
0.436773
0.214148
0.0839577
0.174345
0.114
0.0302897
0.134849
0.251452
0.110828
0.0999408
0.599259
0.321127
0.0646598
0.251725
0.316196
0.134932
0.0974431
0.419676
0.0439543
0.260435
0.327221
0.201572
0.0352562
0.195975
0.1283
0.301285
0.391904
0.662
0.632281
0.554335
0.362504
0.146733
0.634648
0.381348
0.597345
0.169177
0.490248
0.260058
0.056368
0.294897
0.662
0.0570859
0.496037
0.101301
0.199149
0.142913
0.662
0.0563823
0.244537
0.262814
0.109576
0.086515
0.152908
0.325271
0.59946
0.503073
0.662
0.0669254
0.042682
0.0687765
0.662
0.662
0.631459
0.159478
0.19841
0.144433
0.662
0.405543
0.128341
0.0252953
0.662
0.150462
0.656987
0.115825
0.144713
0.418932
0.375983
0.545689
0.142592
0.133979
0.175663
0.662
0.173589
0.117008
0.662
0.134148
0.112507
0.662
0.183449
0.535072
0.121527
0.525583
0.401899
0.124255
0.662
0.307454
0.0769298
0.56383
0.0120007
0.432921
0.245903
0.175205
0.178128
0.0340959
0.215567
0.662
0.432575
0.269625
0.150218
0.662
0.334495
0.029491
0.662
0.24354
0.454411
0.221605
0.164044
0.662
0.148642
0.295544
0.662
0.156822
0.232434
0.269506
0.181323
0.492403
0.0660292
0.662
0.565951
0.425632
0.442167
0.662
0.120175
0.107038
0.216436
0.275801
0.308463
0.327837
0.255329
0.0965427
0.150202
0.507651
0.662
0.023793
0.457577
0.365353
0.0147449
0.190578
0.256939
0.662
0.389017
0.156327
0.00546667
0.302167
0.0974883
0.153454
0.435912
0.196721
0.0633349
0.194393
0.158798
0.049399
0.213334
0.329327
0.20375
0.0448235
0.0913064
0.424282
0.110812
0.662
0.354046
0.159855
0.159037
0.511269
0.114408
0.256013
0.597023
0.160562
0.0730985
0.0723829
0.255572
0.391079
0.306135
0.0566869
0.0898787
0.435376
0.366573
0.662
0.069002
0.4163
0.297361
0.334645
0.123077
0.410516
0.100844
0.633391
0.194242
0.273896
0.162785
0.132124
0.213622
0.080166
0.662
0.520158
0.210825
0.234239
0.60584
0.0632522
0.189821
0.301245
0.187087
0.0713278
0.662
0.473802
0.112991
0.361216
0.143618
0.284634
0.497098
0.0793014
0.0295077
0.22639
0.045206
0.0713612
0.211015
0.241131
0.441688
0.487483
0.247018
0.662
0.0973232
0.0600646
0.318834
0.046258
0.100974
0.3408
0.145596
0.0897478
0.245465
0.595485
0.096182
0.149202
0.662
0.0980052
0.0391517
0.359104
0.121605
0.239224
0.153839
0.287827
0.662
0.0811245
0.662
0.354921
0.0805571
0.308975
0.0859567
0.468655
0.127547
0.0398571
0.662
0.307119
0.463066
0.662
0.208445
0.189753
0.195209
0.323002
0.383428
0.148274
0.12834
0.662
0.140651
0.234443
0.0710497
0.662
0.416527
0.4902
0.379294
0.333768
0.662
0.155869
0.243759
0.208224
0.370348
0.120751
0.063449
0.662
0.0373309
0.477604
0.0581337
0.103885
0.315583
0.275937
0.252509
0.13748
0.370473
0.308063
0.561664
0.0368201
0.0741831
0.503808
0.249778
0.0840069
0.662
0.182736
0.0689918
0.361217
0.114528
0.662
0.100671
0.255761
0.190804
0.118607
0.0601563
0.255757
0.373991
0.662
0.298445
0.310916
0.545705
0.654668
0.662
0.399335
0.662
0.0921348
0.304543
0.43329
0.178427
0.296639
0.0757896
0.662
0.0840408
0.107997
0.662
0.618069
0.662
0.478323
0.480922
0.662
0.662
0.0864715
0.25267
0.131143
0.1241
0.177882
0.0546944
0.140261
0.162913
0.417798
0.0655279
0.102135
0.662
0.408429
0.0198091
0.323952
0.107589
0.289546
0.662
0.662
0.309261
0.607558
0.662
0.283971
0.662
0.479813
0.386088
0.0853008
0.169306
0.368764
0.291254
0.662
0.390129
0.251167
0.159983
0.662
0.523163
0.0144269
0.0823766
0.22788
0.151362
0.0938502
0.124474
0.133721
0.185615
0.0390516
0.438551
0.309334
0.077097
0.103749
0.118085
0.033924
0.113078
0.189232
0.282267
0.662
0.272742
0.256972
0.662
0.135735
0.0534829
0.662
0.509877
0.662
0.198619
0.662
0.642455
0.438292
0.144082
0.107512
0.285149
0.662
0.0114507
0.301594
0.274445
0.230768
0.415764
0.127043
0.108987
0.609897
0.111017
0.588744
0.662
0.662
0.0754329
0.123807
0.662
0.605894
0.324157
0.133625
0.235177
0.113939
0.251564
0.298279
0.209846
0.330239
0.204991
0.248816
0.103551
0.539658
0.662
0.278131
0.0755151
0.102679
0.11367
0.170675
0.448142
0.662
0.424162
0.662
0.662
0.0074968
0.307554
0.651747
0.0469621
0.662
0.197147
0.0916391
0.0954205
0.149456
0.149794
0.323194
0.210481
0.364481
0.662
0.261294
0.0256261
0.655053
0.25596
0.168179
0.28848
0.187893
0.662
0.0933644
0.0621886
0.244282
0.0585998
0.109091
0.119577
0.0280185
0.413456
0.447442
0.122697
0.123428
0.286566
0.662
0.434559
0.662
0.0725735
0.173721
0.338129
0.662
0.106885
0.545776
0.554756
0.17381
0.465969
0.0753127
0.31031
0.251975
0.367329
0.256016
0.284714
0.463793
0.662
0.24348
0.201236
0.662
0.113492
0.245761
0.0174669
0.0830602
0.257709
0.0638841
0.355571
0.114126
0.662
0.103388
0.234773
0.429963
0.404169
0.537762
0.0232802
0.219597
0.28698
0.258151
0.512104
0.193943
0.662
0.0846602
0.453648
0.662
0.102772
0.113814
0.0514157
0.140076
0.298368
0.489558
0.23805
0.31641
0.25782
0.0740122
0.425085
0.203538
0.230248
0.662
0.107301
0.174899
0.388483
0.662
0.119038
0.326061
0.662
0.561347
0.331556
0.462191
0.599001
0.662
0.226082
0.0392194
0.662
0.134174
0.0562817
0.662
0.228151
0.0590746
0.0616196
0.0481869
0.662
0.225145
0.290466
0.0667561
0.0107858
0.414995
0.662
0.0940385
0.125366
0.0522893
0.439
0.160987
0.399144
0.502726
0.662
0.0553921
0.173503
0.28314
0.662
0.591181
0.107434
0.40145
0.290827
0.662
0.0992605
0.339505
0.330267
0.0549185
0.173483
0.106984
0.569146
0.103554
0.327554
0.526294
0.0498367
0.0719509
0.177333
0.537761
0.207392
0.41344
0.0671645
0.30525
0.0592599
0.20344
0.506572
0.112698
0.0913518
0.151149
0.662
0.631361
0.15627
0.289228
0.199093
0.502804
0.134534
0.290047
0.650385
0.469107
0.0384132
0.662
0.219116
0.384343
0.541097
0.662
0.566277
0.197668
0.662
0.0465206
0.1146
0.662
0.10323
0.448951
0.0680311
0.498446
0.335876
0.415453
0.143961
0.412683
0.118499
0.608561
0.165366
0.0898683
0.101491
0.662
0.223573
0.0811633
0.0433521
0.265338
0.18841
0.268828
0.126507
0.166481
0.365561
0.0277922
0.334182
0.542338
0.662
0.165033
0.274784
0.22592
0.381695
0.371798
0.184951
0.533664
0.403108
0.586642
0.022651
0.378842
0.132651
0.0480316
0.442443
0.662
0.127253
0.336902
0.47528
0.107421
0.5367
0.662
0.0861885
0.0623693
0.161231
0.154549
0.662
0.550092
0.121653
0.662
0.500019
0.230494
0.130911
0.166438
0.464216
0.525127
0.237817
0.00549651
0.662
0.255033
0.126464
0.662
0.316108
0.348817
0.0794442
0.662
0.195274
0.0293927
0.26221
0.0961666
0.129119
0.233594
0.0394567
0.378466
0.197057
0.220439
0.607353
0.662
0.404343
0.58321
0.226327
0.322195
0.236406
0.662
0.236954
0.0711694
0.12782
0.0891679
0.215516
0.498255
0.0685853
0.450173
0.147616
0.157649
0.662
0.0528001
0.232991
0.260446
0.418696
0.0438396
0.139458
0.0565049
0.0587487
0.28561
0.08538
0.662
0.188938
0.19725
0.397022
0.168366
0.595536
0.215885
0.0535182
0.156809
0.189851
0.662
0.278289
0.43061
0.662
0.286909
0.0780352
0.0632634
0.662
0.00757056
0.662
0.0469008
0.232227
0.237304
0.0763093
0.0757355
0.14811
0.662
0.437119
0.0400127
0.478617
0.22503
0.26054
0.662
0.257696
0.641759
0.397995
0.354543
0.662
0.10955
0.662
0.442795
0.445983
0.354047
0.65158
0.51078
0.0247031
0.00531298
0.130234
0.457777
0.368596
0.0711172
0.0528661
0.251609
0.44701
0.100429
0.232912
0.662
0.52072
0.0264208
0.289431
0.662
0.18846
0.0262617
0.0974077
0.172758
0.37284
0.454989
0.126913
0.620268
0.441177
0.662
0.107941
0.181015
0.0955756
0.16779
0.33343
0.375317
0.0943306
0.209319
0.178909
0.148393
0.0917231
0.432427
0.0458849
0.468675
0.284193
0.106126
0.458513
0.338053
0.132257
0.0922925
0.0944057
0.0590603
0.503366
0.0266963
0.168094
0.0772329
0.505737
0.499837
0.0856077
0.662
0.117013
0.302839
0.374856
0.662
0.337547
0.119929
0.662
0.148608
0.336189
0.504156
0.0718161
0.223105
0.662
0.662
0.138314
0.662
0.427423
0.0350554
0.185479
0.617998
0.222316
0.111746
0.464288
0.267695
0.140072
0.163643
0.126302
0.516788
0.455841
0.662
0.237099
0.578512
0.0820077
0.15511
0.419879
0.1718
0.154253
0.0109777
0.18294
0.151822
0.36573
0.490479
0.290792
0.270227
0.384922
0.174299
0.0652098
0.259503
0.116322
0.310668
0.216442
0.0336754
0.0301274
0.662
0.00415729
0.460829
0.00617439
0.0817911
0.166939
0.662
0.176771
0.0576853
0.22363
0.157089
0.662
0.236708
0.0624027
0.145027
0.0616883
0.196318
0.439238
0.207318
0.50276
0.235767
0.662
0.119935
0.662
0.116347
0.304364
0.267431
0.0617064
0.110938
0.662
0.662
0.141104
0.131072
0.662
0.593907
0.151309
0.357429
0.140629
0.156966
0.662
0.0901716
0.0815614
0.40382
0.0705351
0.418601
0.662
0.294267
0.072886
0.0894118
0.662
0.124898
0.662
0.180295
0.162131
0.273009
0.346843
0.431806
0.0811539
0.415679
0.159373
0.066796
0.633639
0.662
0.149777
0.0440189
0.336473
0.265401
0.662
0.188263
0.633239
0.0500652
0.216349
0.662
0.216651
0.424398
0.662
0.313527
0.30747
0.662
0.175021
0.0851617
0.662
0.10738
0.433634
0.142112
0.662
0.107106
0.202512
0.501815
0.107224
0.398426
0.117348
0.207433
0.103002
0.513302
0.0848994
0.315737
0.662
0.157195
0.215462
0.662
0.134421
0.18428
0.0635123
0.28227
0.113631
0.194566
0.0868261
0.144111
0.139401
0.0361439
0.0757868
0.0933225
0.149405
0.24494
0.662
0.662
0.0995696
0.662
0.491052
0.662
0.0656053
0.350858
0.12132
0.138393
0.482919
0.103667
0.170662
0.112582
0.335686
0.290763
0.500682
0.102882
0.0780773
0.0518888
0.273909
0.0562262
0.360112
0.412082
0.185333
0.258194
0.135742
0.0964831
0.438671
0.349101
0.409009
0.0398039
0.0936064
0.103913
0.254913
0.662
0.409219
0.24151
0.448714
0.466157
0.482367
0.156633
0.241201
0.662
0.168666
0.185309
0.288803
0.429352
0.105311
0.476467
0.53167
0.662
0.662
0.0399877
0.373746
0.61492
0.367394
0.4573
0.312284
0.662
0.294853
0.311196
0.662
0.662
0.378127
0.153624
0.3277
0.108062
0.165776
0.426045
0.662
0.496301
0.243421
0.228861
0.00939064
0.0726491
0.268158
0.246646
0.110461
0.228868
0.140903
0.662
0.353074
0.0612596
0.201415
0.448922
0.286667
0.211205
0.374646
0.221576
0.126674
0.662
0.662
0.464104
0.1432
0.662
0.662
0.524218
0.0360183
0.0977258
0.103554
0.346279
0.646792
0.296724
0.243894
0.417017
0.0738916
0.662
0.0213387
0.16224
0.136217
0.0597311
0.662
0.093729
0.12619
0.212244
0.662
0.219014
0.0672739
0.0565651
0.662
0.529737
0.276282
0.420847
0.294115
0.0322101
0.166219
0.0661236
0.296931
0.662
0.357254
0.223771
0.662
0.270364
0.0796889
0.358469
0.132796
0.210597
0.157218
0.479301
0.508751
0.199271
0.0717811
0.42911
0.662
0.190025
0.289336
0.474779
0.207522
0.161201
0.430759
0.261465
0.254811
0.227984
0.187806
0.113054
0.344538
0.0933806
0.191494
0.0859512
0.00421055
0.155398
0.119654
0.223502
0.662
0.00295946
0.194015
0.447148
0.662
0.0969707
0.33771
0.0973806
0.204496
0.249681
0.0860811
0.0330411
0.149652
0.0929387
0.491229
0.261452
0.144869
0.192684
0.194115
0.267992
0.121886
0.163938
0.0534391
0.128632
0.455435
0.662
0.176901
0.159344
0.151193
0.662
0.127006
0.48374
0.219941
0.213499
0.123316
0.383902
0.0905167
0.662
0.063431
0.202254
0.0877558
0.257959
0.348113
0.0799497
0.199725
0.156459
0.390597
0.445854
0.369881
0.113766
0.139525
0.189517
0.102188
0.257285
0.209558
0.181179
0.188501
0.221394
0.606531
0.402993
0.0955233
0.662
0.113588
0.662
0.662
0.191434
0.338646
0.139785
0.158153
0.375055
0.499291
0.183403
0.57299
0.090719
0.138364
0.174892
0.645779
0.320599
0.0676793
0.214355
0.198881
0.176636
0.662
0.130195
0.122935
0.662
0.442691
0.146077
0.662
0.662
0.587014
0.662
0.270093
0.165579
0.203515
0.590366
0.104687
0.203517
0.182344
0.214725
0.121877
0.0883147
0.179134
0.381211
0.247253
0.0520258
0.115067
0.157683
0.269768
0.466498
0.207215
0.398792
0.320286
0.11245
0.64069
0.259632
0.137696
0.200832
0.110363
0.476136
0.269174
0.514954
0.355404
0.0843722
0.662
0.363943
0.414706
0.209092
0.617604
0.387763
0.432221
0.30217
0.337919
0.120157
0.662
0.403043
0.0891623
0.0587373
0.149873
0.538572
0.485996
0.130294
0.662
0.260794
0.0714023
0.225211
0.299845
0.100437
0.386803
0.0949955
0.211243
0.0313336
0.211732
0.662
0.0557902
0.662
0.150387
0.274382
0.587648
0.0411739
0.0990752
0.0405857
0.372293
0.662
0.662
0.64001
0.228982
0.325426
0.39056
0.135198
0.584518
0.423709
0.662
0.547872
0.380622
0.397727
0.459641
0.121034
0.454443
0.611696
0.249189
0.218427
0.461128
0.255288
0.241892
0.0963818
0.141136
0.496316
0.579355
0.208394
0.124755
0.00306969
0.402438
0.281922
0.27628
0.0203944
0.662
0.648294
0.303534
0.662
0.139147
0.635528
0.519513
0.079266
0.0622749
0.307237
0.0906905
0.587652
0.567193
0.304286
0.309452
0.197143
0.662
0.578061
0.662
0.436187
0.0363784
0.125517
0.453146
0.00818046
0.0781328
0.0883741
0.630756
0.291138
0.261162
0.11751
0.0536427
0.582795
0.533176
0.280311
0.390664
0.253273
0.512542
0.247924
0.0668337
0.184765
0.228046
0.344374
0.0688998
0.662
0.509842
0.0722601
0.117171
0.0535383
0.272564
0.651183
0.0861637
0.195796
0.096184
0.543302
0.278735
0.0453633
0.197978
0.379616
0.662
0.188096
0.36559
0.16668
0.24414
0.125765
0.280714
0.641682
0.082586
0.662
0.497228
0.109233
0.314752
0.363239
0.0037525
0.0774625
0.0939885
0.567394
0.662
0.538233
0.232014
0.584383
0.412608
0.064786
0.153469
0.0106759
0.392597
0.28805
0.662
0.157669
0.109727
0.115524
0.418735
0.299304
0.0710593
0.369199
0.0202318
0.200562
0.397614
0.0587989
0.492088
0.495038
0.178617
0.0639332
0.145601
0.279607
0.161261
0.231705
0.318552
0.575753
0.0206262
0.653152
0.505668
0.122324
0.477562
0.23537
0.334729
0.365695
0.052208
0.270978
0.287332
0.662
0.0541637
0.162683
0.500719
0.120144
0.175258
0.254164
0.512677
0.159202
0.209848
0.138826
0.406404
0.154868
0.34011
0.389767
0.198735
0.0837554
0.662
0.662
0.0807795
0.466505
0.0640996
0.265468
0.199653
0.186427
0.188666
0.662
0.256829
0.142835
0.662
0.154766
0.287339
0.383075
0.662
0.220158
0.238076
0.662
0.176477
0.0519861
0.050876
0.662
0.0725173
0.170572
0.662
0.395076
0.166239
0.310448
0.21404
0.662
0.133307
0.662
0.662
0.382831
0.226588
0.662
0.351535
0.469111
0.188285
0.244175
0.263571
0.662
0.0221683
0.190281
0.0828425
0.142058
0.662
0.662
0.14957
0.572084
0.489184
0.127477
0.00477831
0.191072
0.0936394
0.563277
0.298921
0.419055
0.608065
0.662
0.235348
0.140953
0.163315
0.015865
0.330084
0.386467
0.62844
0.27667
0.0556559
0.355921
0.0253236
0.662
0.117476
0.23439
0.420443
0.135392
0.317268
0.154836
0.662
0.0296674
0.0964173
0.294547
0.119882
0.0370477
0.156093
0.538109
0.662
0.160125
0.124466
0.0550615
0.604667
0.28409
0.143235
0.167894
0.102151
0.217666
0.17632
0.662
0.405201
0.227138
0.211668
0.114183
0.254202
0.536495
0.453399
0.586028
0.0706697
0.662
0.284634
0.0690953
0.662
0.230983
0.00514506
0.180776
0.109136
0.549254
0.168187
0.103225
0.109641
0.0554116
0.237081
0.0983283
0.346311
0.185567
0.17231
0.092113
0.111827
0.0807129
0.662
0.662
0.256311
0.0652967
0.277925
0.0458526
0.624362
0.0326691
0.406076
0.0308385
0.0732216
0.339702
0.429166
0.48318
0.662
0.166805
0.0186969
0.573162
0.0961087
0.313362
0.100473
0.22559
0.0806127
0.662
0.377194
0.235757
0.256109
0.417855
0.063786
0.175091
0.323065
0.306257
0.662
0.0645107
0.3104
0.166896
0.464126
0.188899
0.0572971
0.0507949
0.051582
0.662
0.152505
0.280164
0.0518606
0.295663
0.433693
0.155751
0.393316
0.172615
0.662
0.123604
0.662
0.0311261
0.253533
0.418322
0.219245
0.00368643
0.185492
0.54359
0.662
0.140938
0.39082
0.29134
0.580923
0.230295
0.662
0.211977
0.449144
0.662
0.285896
0.501547
0.101566
0.279482
0.094879
0.400582
0.662
0.4475
0.135713
0.161791
0.420778
0.243169
0.140305
0.174568
0.385736
0.199857
0.405266
0.0842538
0.20584
0.0834893
0.403254
0.567023
0.0499499
0.0345095
0.0938402
0.188109
0.662
0.132205
0.662
0.410854
0.662
0.165595
0.0664179
0.528263
0.141159
0.662
0.228032
0.292588
0.405659
0.434249
0.357865
0.355496
0.227929
0.662
0.2345
0.122951
0.112742
0.28725
0.230968
0.383836
0.0462796
0.117312
0.187769
0.174938
0.0711258
0.454453
0.662
0.662
0.523359
0.0847259
0.662
0.130344
0.662
0.10142
0.287588
0.227856
0.602617
0.0526016
0.662
0.356961
0.445313
0.308465
0.0675376
0.201429
0.0888729
0.522327
0.138112
0.0736614
0.0904555
0.591319
0.499477
0.652532
0.29583
0.662
0.621271
0.153627
0.611533
0.129155
0.0731035
0.169706
0.186538
0.00738316
0.442144
0.662
0.0860226
0.203097
0.407857
0.261238
0.25395
0.514135
0.662
0.0738684
0.325858
0.0871717
0.326446
0.138394
0.0355694
0.518129
0.23411
0.327447
0.662
0.0385079
0.277993
0.553569
0.325329
0.662
0.0765318
0.140294
0.389835
0.0920591
0.325378
0.383584
0.0922922
0.0520158
0.15668
0.130522
0.387598
0.233384
0.378382
0.0929966
0.0968344
0.104495
0.246275
0.0679221
0.312926
0.388969
0.244594
0.662
0.102827
0.285669
0.662
0.496543
0.662
0.0591193
0.0964858
0.332171
0.0853761
0.20959
0.13413
0.321525
0.662
0.105753
0.127409
0.0729987
0.0215336
0.393058
0.318417
0.662
0.559966
0.133948
0.428454
0.302484
0.0826964
0.261031
0.191454
0.662
0.132199
0.156794
0.137526
0.299758
0.0562518
0.439458
0.221153
0.560047
0.464956
0.135775
0.0197165
0.0596138
0.242751
0.463693
0.662
0.509418
0.291197
0.0569425
0.0827935
0.651011
0.108337
0.537479
0.265023
0.217578
0.376614
0.472931
0.448612
0.662
0.371204
0.662
0.0471336
0.265902
0.271883
0.662
0.277185
0.383732
0.166442
0.0804123
0.624731
0.0936946
0.33146
0.0440181
0.240542
0.431316
0.345929
0.662
0.127119
0.0661435
0.193671
0.662
0.364737
0.171753
0.662
0.662
0.101791
0.662
0.662
0.573002
0.662
0.442391
0.177404
0.210928
0.172481
0.662
0.607743
0.0549039
0.275884
0.662
0.202146
0.0895048
0.433292
0.619304
0.0306935
0.115298
0.662
0.118247
0.213829
0.307656
0.14238
0.14535
0.0400241
0.119892
0.425373
0.201689
0.419257
0.089237
0.339336
0.662
0.0324824
0.398282
0.471709
0.168473
0.301322
0.0972067
0.16426
0.291056
0.662
0.0675848
0.068158
0.291733
0.0953968
0.0563763
0.595015
0.153836
0.177427
0.662
0.319066
0.456308
0.662
0.0985942
0.398468
0.662
0.662
0.662
0.662
0.428375
0.662
0.46036
0.26264
0.329688
0.0431479
0.22347
0.093202
0.382
0.545194
0.406171
0.0537679
0.109341
0.32335
0.244927
0.283811
0.285899
0.0739551
0.264437
0.593326
0.0273494
0.0783595
0.248195
0.224304
0.597227
0.30311
0.0415291
0.320408
0.432953
0.153032
0.0694463
0.507897
0.654893
0.106241
0.65165
0.662
0.264404
0.115787
0.349753
0.23276
0.218784
0.43506
0.202789
0.343455
0.0549853
0.0825821
0.662
0.192626
0.09232
0.290809
0.0949323
0.239455
0.634523
0.626031
0.0556627
0.340698
0.19646
0.110097
0.140336
0.226539
0.112242
0.0808728
0.212802
0.360607
0.290859
0.348433
0.268274
0.662
0.216942
0.0374065
0.487916
0.0104436
0.190709
0.100547
0.0946132
0.534286
0.298047
0.0944386
0.662
0.0786952
0.36661
0.31964
0.296656
0.0895702
0.205766
0.662
0.389296
0.0727302
0.539445
0.662
0.129169
0.160287
0.365365
0.310218
0.000726409
0.14848
0.304418
0.662
0.102273
0.511136
0.392431
0.280001
0.20833
0.662
0.0385523
0.407732
0.662
0.0559263
0.308957
0.617661
0.344304
0.408537
0.0445191
0.334814
0.509894
0.116762
0.662
0.394521
0.502664
0.274838
0.060945
0.203235
0.662
0.153904
0.26835
0.466132
0.148531
0.157008
0.225757
0.412575
0.0481709
0.662
0.240677
0.545664
0.343711
0.0384341
0.282589
0.160281
0.11
0.293561
0.529462
0.454325
0.366089
0.151591
0.469958
0.299024
0.110128
0.098973
0.626829
0.120229
0.0131248
0.091729
0.309155
0.662
0.118878
0.279356
0.374583
0.228861
0.639703
0.656752
0.104466
0.164986
0.181825
0.110183
0.118083
0.662
0.662
0.0750099
0.183283
0.0172198
0.195212
0.131693
0.662
0.0555833
0.662
0.115117
0.279608
0.0731903
0.662
0.343449
0.129965
0.662
0.298772
0.377184
0.0585105
0.119693
0.556976
0.2371
0.468593
0.375648
0.160984
0.662
0.549949
0.403847
0.274347
0.111358
0.227155
0.13771
0.469153
0.0627222
0.0780784
0.0418943
0.427713
0.662
0.197161
0.405103
0.209405
0.300374
0.207079
0.189208
0.662
0.662
0.12815
0.0239893
0.580199
0.0081571
0.0976561
0.0679601
0.16162
0.313095
0.662
0.650314
0.550758
0.662
0.416583
0.194271
0.505439
0.104794
0.324008
0.662
0.100591
0.388152
0.406869
0.662
0.370071
0.662
0.206615
0.204733
0.0391882
0.662
0.630263
0.161977
0.171312
0.662
0.212182
0.114742
0.411604
0.182179
0.662
0.0645128
0.339895
0.529684
0.266997
0.00944233
0.0788021
0.662
0.143918
0.229101
0.610904
0.505454
0.458984
0.0196983
0.549404
0.662
0.0929389
0.131087
0.393985
0.240329
0.0715661
0.15063
0.17455
0.214384
0.0348116
0.421476
0.182572
0.212675
0.0900452
0.281481
0.442388
0.0640915
0.53857
0.0632328
0.156758
0.370053
0.129812
0.0315331
0.0478943
0.17048
0.182184
0.55295
0.662
0.14189
0.185888
0.311062
0.114425
0.136422
0.662
0.0920451
0.662
0.631467
0.184997
0.156319
0.0799509
0.310293
0.361662
0.50696
0.64147
0.0875149
0.301041
0.063335
0.520683
0.309594
0.0840629
0.150298
0.0151074
0.133299
0.209882
0.318357
0.48269
0.434214
0.423136
0.662
0.367065
0.173712
0.251926
0.206018
0.123565
0.11504
0.491239
0.662
0.569731
0.662
0.289844
0.662
0.662
0.662
0.139649
0.352991
0.0707041
0.102299
0.412098
0.119033
0.362886
0.58083
0.441243
0.0797278
0.337329
0.138333
0.440603
0.660529
0.228208
0.662
0.662
0.202239
0.662
0.207676
0.328617
0.128637
0.662
0.241297
0.32498
0.563388
0.148902
0.355897
0.261061
0.0244886
0.662
0.0246399
0.393942
0.378453
0.0990059
0.27245
0.195005
0.237145
0.546578
0.159373
0.662
0.173019
0.0964873
0.385388
0.234751
0.191742
0.11929
0.455655
0.413611
0.133769
0.119371
0.219587
0.11293
0.662
0.539693
0.111539
0.143537
0.280988
0.443965
0.112184
0.356421
0.662
0.15097
0.100615
0.271697
0.0649348
0.257203
0.428882
0.662
0.0903927
0.0913607
0.113726
0.17117
0.662
0.662
0.603802
0.0909587
0.571596
0.158541
0.624529
0.662
0.371868
0.634342
0.0100809
0.15464
0.247172
0.0587714
0.443434
0.182652
0.123509
0.488134
0.311849
0.1167
0.317314
0.152504
0.230483
0.662
0.131064
0.420558
0.28447
0.662
0.105974
0.190183
0.662
0.662
0.107211
0.331119
0.214779
0.662
0.2275
0.283908
0.108932
0.662
0.587842
0.662
0.248565
0.662
0.386611
0.0582225
0.0814568
0.186145
0.141851
0.193973
0.349294
0.22981
0.0919454
0.0394777
0.662
0.162497
0.651571
0.283574
0.0703516
0.117032
0.0851949
0.268086
0.199558
0.559101
0.218547
0.124661
0.529699
0.35646
0.396575
0.207009
0.118638
0.159408
0.206821
0.0273013
0.104406
0.0857911
0.40161
0.662
0.305261
0.077911
0.472591
0.0350806
0.620111
0.244909
0.0997438
0.139669
0.106134
0.0619126
0.521003
0.243504
0.0887076
0.152418
0.480815
0.40529
0.292975
0.0835047
0.190241
0.158341
0.662
0.0761075
0.311763
0.104543
0.401442
0.18259
0.127274
0.145287
0.158385
0.531812
0.662
0.662
0.160718
0.0582054
0.322507
0.427204
0.127508
0.252025
0.125045
0.0461063
0.0897798
0.0870404
0.348395
0.0596861
0.444701
0.163898
0.244767
0.265305
0.168708
0.662
0.258756
0.146602
0.542678
0.00267495
0.0989095
0.0505336
0.138869
0.465398
0.3338
0.662
0.411843
0.662
0.10168
0.267752
0.628352
0.175982
0.309155
0.419492
0.0846214
0.142661
0.16178
0.2336
0.0461678
0.117051
0.607768
0.662
0.0763927
0.425793
0.258167
0.379744
0.136875
0.181449
0.306061
0.398929
0.218288
0.070827
0.0920106
0.183357
0.433905
0.461467
0.360539
0.22575
0.662
0.433073
0.0810763
0.639005
0.340232
0.153826
0.588222
0.232588
0.350317
0.0251889
0.160348
0.232958
0.0901856
0.404051
0.146704
0.602901
0.34879
0.172425
0.243249
0.622652
0.662
0.662
0.648316
0.0458434
0.12641
0.166746
0.43197
0.164993
0.244747
0.117181
0.0901636
0.0197434
0.0513231
0.196062
0.662
0.128387
0.518416
0.404087
0.662
0.569528
0.309925
0.662
0.406298
0.662
0.16578
0.160767
0.30418
0.426186
0.149907
0.662
0.317276
0.172227
0.662
0.358086
0.214971
0.0512708
0.0584549
0.062128
0.00289348
0.209024
0.0947773
0.173144
0.654513
0.166633
0.360052
0.151753
0.237693
0.208575
0.174489
0.0612787
0.271689
0.662
0.164115
0.101454
0.537189
0.605659
0.662
0.112947
0.136585
0.166431
0.0168139
0.518121
0.19606
0.662
0.00648095
0.511673
0.330121
0.463655
0.361044
0.597384
0.662
0.0936166
0.662
0.277518
0.234732
0.0945268
0.0225458
0.113141
0.274659
0.0609034
0.662
0.207977
0.608712
0.400797
0.0932808
0.432025
0.293412
0.26435
0.662
0.145409
0.27992
0.0905949
0.662
0.156954
0.0389189
0.662
0.595628
0.0862089
0.662
0.51511
0.357312
0.299379
0.612979
0.523116
0.422183
0.00261748
0.104087
0.0968416
0.662
0.106454
0.0909815
0.111102
0.0713908
0.662
0.0888013
0.220685
0.424179
0.320697
0.662
0.656396
0.132038
0.45431
0.210603
0.31678
0.389937
0.662
0.421405
0.660069
0.0977369
0.0619934
0.0688678
0.315833
0.392273
0.0775898
0.315354
0.126046
0.153735
0.0872736
0.13976
0.0801543
0.0462157
0.510822
0.313819
0.121813
0.601033
0.383401
0.275497
0.212169
0.0493205
0.150292
0.0747737
0.374046
0.662
0.12853
0.253016
0.343576
0.236517
0.662
0.167953
0.439325
0.05212
0.357888
0.385121
0.46645
0.123023
0.148574
0.255361
0.154204
0.0781222
0.0781396
0.284717
0.588535
0.272486
0.328421
0.0953392
0.662
0.386719
0.464362
0.0606713
0.0845026
0.551987
0.115661
0.576647
0.584597
0.205048
0.615919
0.370323
0.123994
0.393302
0.41214
0.271633
0.0430598
0.155217
0.562626
0.0331534
0.021525
0.297397
0.43477
0.0684691
0.555993
0.418838
0.121772
0.122209
0.116646
0.38602
0.169565
0.560607
0.325029
0.662
0.481645
0.662
0.315148
0.499733
0.127654
0.480101
0.157862
0.39575
0.313564
0.661501
0.279497
0.325281
0.267041
0.292509
0.529461
0.51588
0.165718
0.084696
0.662
0.0669231
0.116832
0.59001
0.218575
0.315786
0.500601
0.383637
0.120621
0.659557
0.0819638
0.184741
0.287258
0.662
0.0478169
0.342804
0.662
0.161974
0.396867
0.527277
0.351385
0.0505135
0.559335
0.284642
0.238
0.15705
0.0774123
0.088752
0.225435
0.286207
0.087559
0.231107
0.635851
0.136166
0.0776762
0.294727
0.154128
0.283658
0.51473
0.366173
0.40279
0.34576
0.133998
0.0633928
0.237335
0.493196
0.16906
0.0961627
0.435981
0.662
0.540052
0.662
0.300109
0.207327
0.4184
0.209171
0.114174
0.128324
0.103296
0.293907
0.303044
0.202309
0.292801
0.020355
0.473898
0.0756211
0.569683
0.662
0.100305
0.112436
0.348064
0.186122
0.65349
0.406635
0.184916
0.0893629
0.0656904
0.292344
0.339565
0.0665417
0.48973
0.662
0.359585
0.0859161
0.584168
0.453498
0.130895
0.0556582
0.26242
0.538488
0.0770791
0.115579
0.36944
0.162903
0.474785
0.662
0.0814018
0.0300671
0.327831
0.662
0.126751
0.254241
0.217587
0.117141
0.201289
0.0993496
0.568409
0.517862
0.130904
0.524827
0.662
0.147917
0.662
0.111643
0.115309
0.161843
0.662
0.20382
0.0914925
0.259016
0.170178
0.0570708
0.434343
0.662
0.053525
0.085488
0.264299
0.077456
0.179926
0.158034
0.169179
0.0734599
0.326493
0.16854
0.10106
0.20135
0.0942372
0.662
0.101231
0.189462
0.185365
0.204825
0.198014
0.0614413
0.415005
0.662
0.662
0.0149401
0.283944
0.662
0.591353
0.188213
0.24391
0.0670367
0.121905
0.0520047
0.44313
0.263052
0.270919
0.662
0.662
0.269033
0.266797
0.11943
0.403884
0.171348
0.214259
0.130602
0.145245
0.662
0.116639
0.357249
0.499813
0.108621
0.63255
0.394495
0.456442
0.274842
0.111129
0.434141
0.0308001
0.0925649
0.103904
0.168011
0.111483
0.661343
0.391763
0.662
0.169007
0.518023
0.136577
0.430406
0.270177
0.523355
0.416376
0.218526
0.370299
0.00626657
0.566585
0.662
0.662
0.285428
0.104356
0.507523
0.136915
0.462351
0.0751505
0.120524
0.251147
0.296359
0.0808052
0.318804
0.147115
0.662
0.0169361
0.0915781
0.165232
0.03702
0.662
0.492366
0.146013
0.10098
0.118514
0.0602317
0.329717
0.178255
0.289232
0.121197
0.146501
0.640801
0.194628
0.263934
0.465654
0.398393
0.435204
0.0857085
0.471726
0.197549
0.149107
0.112811
0.0466146
0.286401
0.303819
0.456331
0.268172
0.019574
0.0367086
0.160064
0.339724
0.158673
0.662
0.0238522
0.0379116
0.274689
0.645985
0.169254
0.383099
0.662
0.615731
0.148406
0.662
0.10772
0.54198
0.317674
0.310118
0.441471
0.0837753
0.0880152
0.496726
0.240119
0.0661814
0.286749
0.0158575
0.37049
0.113227
0.107956
0.0884072
0.349988
0.371147
0.374599
0.0751441
0.499043
0.184342
0.126273
0.346993
0.059815
0.308101
0.237088
0.581789
0.272969
0.662
0.144154
0.30104
0.100807
0.494411
0.212798
0.53684
0.0304628
0.0894875
0.524902
0.662
0.529932
0.195798
0.591933
0.417231
0.480183
0.421721
0.121899
0.105361
0.662
0.662
0.0637476
0.534976
0.587652
0.197804
0.364867
0.0839012
0.0792598
0.378844
0.144005
0.511011
0.191227
0.058208
0.644635
0.0649309
0.528733
0.0500034
0.662
0.0489699
0.603118
0.516941
0.429035
0.13945
0.39789
0.0904634
0.290205
0.662
0.247749
0.0952195
0.6198
0.288556
0.662
0.149172
0.521381
0.6385
0.662
0.16244
0.0846494
0.244291
0.621349
0.0680277
0.616747
0.662
0.360169
0.662
0.193094
0.0921833
0.344623
0.200333
0.114168
0.618201
0.0594489
0.662
0.554601
0.106463
0.418745
0.537498
0.176578
0.662
0.352437
0.0580837
0.399408
0.100662
0.662
0.0541597
0.552638
0.489651
0.0548156
0.389877
0.0971988
0.064236
0.635338
0.18017
0.0997344
0.107744
0.662
0.232763
0.544853
0.420639
0.492479
0.0991886
0.250632
0.262991
0.662
0.0986257
0.547536
0.662
0.209407
0.311359
0.287977
0.371717
0.0813318
0.0600276
0.653855
0.0535478
0.462798
0.217277
0.0714415
0.151148
0.117975
0.122401
0.504157
0.522966
0.269607
0.13065
0.608943
0.247792
0.336007
0.662
0.270911
0.152273
0.662
0.435685
0.505012
0.662
0.296181
0.0436894
0.380562
0.0936362
0.444751
0.310413
0.384688
0.0517004
0.398932
0.321229
0.210576
0.0887878
0.203288
0.662
0.0602613
0.39179
0.284693
0.318653
0.332724
0.137144
0.597908
0.106897
0.200342
0.264684
0.0985206
0.086972
0.155334
0.108658
0.397374
0.180143
0.151847
0.422422
0.310552
0.326913
0.662
0.0194683
0.103795
0.154236
0.0202145
0.662
0.333976
0.144774
0.099575
0.217298
0.298455
0.149481
0.0738575
0.308528
0.533743
0.400553
0.434395
0.0840181
0.0502091
0.354528
0.5375
0.429949
0.346613
0.0947425
0.172685
0.177954
0.0842923
0.387295
0.128708
0.294099
0.10263
0.636552
0.506527
0.139954
0.0784884
0.0472287
0.0607087
0.1086
0.575661
0.662
0.0279578
0.496931
0.098001
0.529167
0.194642
0.105065
0.104152
0.492027
0.662
0.237321
0.290353
0.024505
0.44067
0.337299
0.113737
0.457838
0.0758567
0.366314
0.240891
0.066859
0.662
0.280292
0.0970868
0.283517
0.00711395
0.0652547
0.16067
0.084859
0.11438
0.379949
0.381552
0.223228
0.598335
0.18318
0.662
0.0430865
0.0917406
0.124691
0.662
0.288015
0.0830332
0.331691
0.662
0.109678
0.513556
0.151233
0.405704
0.113472
0.208838
0.124412
0.0106899
0.142397
0.395268
0.120701
0.349132
0.151262
0.535179
0.342271
0.0697028
0.47394
0.503518
0.250334
0.164787
0.622981
0.120839
0.52653
0.125942
0.662
0.132281
0.150468
0.662
0.662
0.145799
0.662
0.302235
0.407339
0.110989
0.170677
0.549951
0.190828
0.0285606
0.238258
0.60666
0.662
0.295406
0.662
0.569298
0.139792
0.537811
0.662
0.27656
0.243169
0.662
0.200215
0.471534
0.50387
0.626503
0.211992
0.194039
0.662
0.0246751
0.317998
0.284345
0.00461974
0.662
0.176275
0.236459
0.662
0.147442
0.160218
0.24657
0.332006
0.11994
0.522816
0.0225092
0.0897343
0.272726
0.662
0.237718
0.0958499
0.533871
0.224494
0.0390776
0.257066
0.318172
0.111344
0.0925895
0.606807
0.295026
0.662
0.658993
0.254478
0.662
0.662
0.561545
0.585099
0.0829624
0.0487171
0.198972
0.196696
0.282494
0.0126684
0.114591
0.662
0.662
0.0165139
0.552918
0.0523138
0.0470735
0.165757
0.245137
0.241253
0.142615
0.644104
0.0686039
0.0665767
0.498517
0.107462
0.291494
0.623025
0.175894
0.142197
0.242083
0.396388
0.283844
0.380698
0.50211
0.151674
0.662
0.662
0.320971
0.436383
0.415766
0.204743
0.449238
0.108214
0.0502996
0.263223
0.0670433
0.458187
0.173466
0.318711
0.352437
0.135378
0.0709488
0.503366
0.347679
0.410333
0.117244
0.133842
0.401086
0.131554
0.139447
0.351363
0.391127
0.662
0.422223
0.426801
0.191089
0.0819118
0.356444
0.153948
0.236524
0.662
0.149974
0.0415271
0.0578484
0.237223
0.21207
0.108535
0.0820943
0.662
0.124278
0.04441
0.246698
0.43141
0.354357
0.183123
0.513709
0.0706086
0.247294
0.122632
0.218216
0.108676
0.351919
0.039671
0.662
0.360528
0.286702
0.101396
0.662
0.487095
0.288521
0.478578
0.656069
0.256761
0.662
0.0688904
0.662
0.420261
0.12533
0.393307
0.252133
0.491902
0.186532
0.126568
0.113717
0.241396
0.0981345
0.12568
0.492504
0.376031
0.662
0.412026
0.0502085
0.0523224
0.119059
0.166451
0.281365
0.4263
0.224209
0.135807
0.0993607
0.104697
0.0866829
0.0850055
0.0982629
0.263369
0.662
0.662
0.515136
0.662
0.359016
0.099953
0.212204
0.662
0.506494
0.510741
0.662
0.0871777
0.141766
0.167107
0.0672359
0.202262
0.361719
0.0577314
0.085905
0.353209
0.0750166
0.073621
0.662
0.208524
0.166208
0.527863
0.259049
0.0950903
0.18601
0.404333
0.232442
0.17564
0.662
0.0495347
0.0806223
0.519577
0.0582881
0.662
0.443893
0.325535
0.662
0.0551964
0.143753
0.0621533
0.390409
0.543997
0.662
0.132942
0.0559845
0.16629
0.191252
0.369876
0.0843155
0.650733
0.131571
0.662
0.166779
0.299101
0.537623
0.0123756
0.180267
0.118529
0.323082
0.389061
0.201483
0.102065
0.234891
0.545962
0.120373
0.619915
0.0900693
0.180348
0.0850805
0.254695
0.455413
0.262554
0.0914007
0.354717
0.290637
0.662
0.662
0.475781
0.214053
0.175875
0.59308
0.190306
0.0848072
0.468464
0.428413
0.101322
0.199365
0.143398
0.117798
0.416303
0.662
0.662
0.599043
0.452279
0.413211
0.662
0.662
0.0615399
0.662
0.636178
0.572501
0.113508
0.203268
0.0351743
0.190193
0.629806
0.279194
0.272767
0.289362
0.123619
0.028953
0.0500383
0.354735
0.17047
0.502831
0.228143
0.312824
0.418279
0.175834
0.576047
0.182315
0.17219
0.586455
0.648552
0.151763
0.267174
0.268525
0.51504
0.255788
0.40548
0.283941
0.290564
0.0744543
0.322452
0.171828
0.0381007
0.132473
0.545641
0.405406
0.0766802
0.52976
0.132162
0.166825
0.613126
0.080115
0.194025
0.63275
0.0931996
0.407106
0.0780306
0.32379
0.0902153
0.107586
0.183421
0.427187
0.214992
0.662
0.349708
0.311781
0.662
0.589315
0.0138646
0.0928081
0.662
0.103344
0.0567879
0.159107
0.1172
0.383055
0.0929646
0.533042
0.0969691
0.295032
0.190242
0.216538
0.17295
0.244536
0.286637
0.156697
0.0554239
0.5836
0.280886
0.662
0.166265
0.00270189
0.662
0.400212
0.371196
0.127191
0.081137
0.0835924
0.310757
0.662
0.138911
0.380031
0.0478863
0.108308
0.662
0.05691
0.0676855
0.0511929
0.499975
0.506463
0.126525
0.0964076
0.193489
0.175652
0.334574
0.136714
0.047777
0.662
0.0966146
0.166348
0.148373
0.143999
0.632177
0.161639
0.423001
0.662
0.589564
0.132944
0.111361
0.107963
0.273499
0.453434
0.539637
0.0438151
0.480459
0.227632
0.662
0.356183
0.52109
0.204542
0.264821
0.249897
0.21894
0.108152
0.231198
0.364582
0.265673
0.662
0.265687
0.461056
0.662
0.662
0.0700088
0.662
0.10103
0.19698
0.662
0.337367
0.146663
0.0815804
0.227082
0.172729
0.0577863
0.282656
0.145872
0.078896
0.221884
0.124113
0.0855214
0.333615
0.662
0.0621665
0.662
0.0527734
0.137263
0.569197
0.453843
0.262329
0.20933
0.0737841
0.662
0.0695945
0.33093
0.590402
0.424548
0.113085
0.372955
0.409521
0.577941
0.448404
0.662
0.239992
0.116279
0.439561
0.46536
0.308104
0.512109
0.461954
0.199693
0.662
0.158615
0.662
0.16872
0.0662725
0.282391
0.136692
0.197929
0.237286
0.49764
0.0575367
0.42285
0.662
0.358946
0.188832
0.324596
0.582239
0.207277
0.0861257
0.383867
0.045207
0.0604661
0.269978
0.662
0.0281032
0.101817
0.185618
0.449931
0.267324
0.662
0.662
0.252642
0.627072
0.662
0.662
0.662
0.662
0.463049
0.2529
0.374356
0.662
0.245284
0.0920124
0.662
0.064615
0.138116
0.165438
0.166216
0.0452453
0.0447662
0.127832
0.0932695
0.27378
0.0391836
0.0325699
0.131012
0.335114
0.662
0.662
0.662
0.662
0.104532
0.351498
0.0883849
0.0955207
0.0795064
0.662
0.0451964
0.109157
0.00355983
0.662
0.0580011
0.282986
0.662
0.237653
0.0773635
0.182217
0.0623977
0.48627
0.332149
0.425269
0.109033
0.150354
0.360443
0.662
0.320531
0.449869
0.49614
0.579897
0.140098
0.0273055
0.0301075
0.0715451
0.0633098
0.560131
0.239193
0.187211
0.236407
0.662
0.137999
0.0543399
0.0768352
0.174999
0.216133
0.311926
0.411181
0.281306
0.410744
0.20709
0.442501
0.662
0.622517
0.177917
0.218282
0.00238758
0.321964
0.364129
0.121231
0.662
0.662
0.25443
0.337397
0.270865
0.145276
0.0876515
0.303142
0.0910903
0.420596
0.662
0.48239
0.226868
0.134786
0.117234
0.608909
0.273044
0.040188
0.216828
0.208443
0.662
0.662
0.338407
0.333137
0.0506684
0.0221083
0.662
0.36198
0.02512
0.0552543
0.300194
0.072172
0.0958477
0.479163
0.170138
0.596125
0.0295979
0.294544
0.469564
0.186212
0.0681275
0.138078
0.124009
0.130216
0.128722
0.116678
0.0717466
0.195676
0.518314
0.18774
0.512064
0.662
0.248493
0.0697651
0.614796
0.662
0.0993348
0.662
0.537669
0.204551
0.662
0.290584
0.123185
0.369612
0.39625
0.366004
0.28428
0.112594
0.0989154
0.640796
0.37702
0.248483
0.485399
0.157254
0.10831
0.662
0.492031
0.202584
0.662
0.0804782
0.662
0.174753
0.059027
0.0888046
0.610579
0.662
0.0660596
0.213134
0.441366
0.189993
0.662
0.4352
0.360834
0.46885
0.176048
0.0987377
0.0931959
0.392334
0.335078
0.140885
0.498201
0.263445
0.0932245
0.178563
0.460875
0.109919
0.661535
0.588218
0.456115
0.10151
0.0817071
0.244809
0.181909
0.662
0.00775097
0.662
0.421969
0.318681
0.20609
0.662
0.13822
0.140069
0.662
0.343276
0.662
0.662
0.417938
0.401057
0.459233
0.00593361
0.206651
0.272881
0.433057
0.662
0.232998
0.226603
0.659741
0.647083
0.18055
0.572342
0.129434
0.21439
0.216729
0.662
0.0893665
0.106458
0.117468
0.0532279
0.328626
0.169858
0.375819
0.0998325
0.298131
0.245041
0.162169
0.390692
0.0888016
0.247246
0.203441
0.400328
0.214261
0.203501
0.127685
0.171754
0.0548052
0.100547
0.292649
0.405111
0.28168
0.0937569
0.097523
0.104735
0.0925511
0.609844
0.662
0.662
0.243708
0.160633
0.641271
0.0553635
0.183948
0.552493
0.390638
0.0661929
0.0927682
0.105655
0.350975
0.268229
0.0971487
0.187368
0.662
0.185864
0.556157
0.213982
0.225937
0.232027
0.553238
0.137425
0.655393
0.297469
0.212026
0.509705
0.0488011
0.169666
0.309339
0.17007
0.497736
0.257546
0.481066
0.662
0.125757
0.333621
0.427672
0.463767
0.529764
0.0684246
0.612108
0.403762
0.0883375
0.107532
0.069922
0.662
0.110746
0.0557818
0.232171
0.662
0.495811
0.180947
0.0399494
0.222653
0.523488
0.11702
0.272307
0.433342
0.16165
0.389894
0.0780178
0.119201
0.0155718
0.298097
0.662
0.662
0.219398
0.662
0.2569
0.145527
0.662
0.138953
0.63384
0.198197
0.34531
0.662
0.485615
0.031678
0.27057
0.211896
0.214762
0.105545
0.330802
0.100977
0.317377
0.0137695
0.662
0.17415
0.662
0.323701
0.0446267
0.0149267
0.662
0.308768
0.115321
0.195952
0.470041
0.145154
0.659462
0.0117231
0.180122
0.33682
0.662
0.309896
0.587573
0.442733
0.262288
0.265545
0.138514
0.0890652
0.495105
0.150403
0.0683685
0.115079
0.255138
0.368505
0.50636
0.0268771
0.662
0.662
0.349887
0.249255
0.411271
0.3503
0.472644
0.570674
0.491564
0.101478
0.662
0.0850088
0.231402
0.162507
0.186893
0.537979
0.47787
0.0864217
0.660462
0.32118
0.603019
0.47554
0.125248
0.662
0.662
0.382745
0.106705
0.0657165
0.117915
0.0563865
0.662
0.215008
0.178006
0.0182033
0.12617
0.662
0.287712
0.327259
0.662
0.212974
0.458252
0.125637
0.132158
0.223637
0.293714
0.662
0.0432995
0.248013
0.471586
0.173371
0.519181
0.12084
0.077872
0.550329
0.406614
0.517281
0.0825026
0.351026
0.0463558
0.297838
0.160138
0.0766638
0.237813
0.59747
0.101127
0.166237
0.662
0.0302959
0.233227
0.662
0.227063
0.186435
0.326426
0.107089
0.282103
0.200407
0.247248
0.64855
0.300079
0.343344
0.0982913
0.325041
0.321951
0.662
0.302092
0.493461
0.0843986
0.161015
0.213879
0.312739
0.187093
0.221388
0.00449527
0.125415
0.289712
0.18777
0.122507
0.160258
0.0677504
0.234257
0.662
0.094733
0.073472
0.0551492
0.577364
0.0788597
0.240476
0.0365086
0.658891
0.662
0.477012
0.270324
0.4872
0.662
0.130249
0.329854
0.352638
0.150314
0.311991
0.101736
0.489975
0.226145
0.254689
0.155006
0.266022
0.135798
0.484637
0.367547
0.235263
0.593952
0.0753991
0.662
0.407506
0.662
0.662
0.492521
0.31383
0.442911
0.17641
0.523079
0.36418
0.112038
0.322494
0.107032
0.420736
0.066243
0.0615369
0.662
0.380722
0.0741929
0.477506
0.46031
0.662
0.662
0.364757
0.662
0.316321
0.422825
0.0548593
0.0838245
0.179713
0.662
0.662
0.0666643
0.552268
0.662
0.376608
0.662
0.114401
0.205342
0.171085
0.531566
0.127829
0.662
0.170396
0.662
0.297864
0.329327
0.182829
0.350373
0.0634188
0.435959
0.662
0.431293
0.385907
0.501636
0.287393
0.285547
0.429717
0.522354
0.0941434
0.00382699
0.120188
0.0842944
0.13857
0.14489
0.118632
0.170024
0.21456
0.08862
0.0921992
0.428172
0.190867
0.0614657
0.662
0.614085
0.662
0.662
0.180511
0.0734489
0.433647
0.226233
0.148937
0.298266
0.135301
0.391716
0.128895
0.206142
0.111839
0.25162
0.662
0.0868191
0.273448
0.103825
0.16363
0.0657004
