0.457246
0.596607
0.113663
0.223593
0.662
0.13032
0.374409
0.662
0.0262563
0.662
0.470211
0.131415
0.233883
0.5223
0.115211
0.0746884
0.118861
0.218047
0.218587
0.333111
0.538283
0.662
0.570158
0.260672
0.0976477
0.0723065
0.223775
0.304927
0.0623401
0.200037
0.631432
0.577603
0.410335
0.662
0.633449
0.0686063
0.304729
0.128532
0.640952
0.101751
0.648342
0.15036
0.559482
0.155748
0.266731
0.108855
0.245928
0.339799
0.24908
0.339641
0.31388
0.045334
0.121901
0.0665909
0.611917
0.298818
0.0802638
0.138055
0.427063
0.320716
0.662
0.286652
0.0828984
0.116014
0.186934
0.402407
0.0864302
0.662
0.662
0.164688
0.487363
0.422336
0.324541
0.0252804
0.396204
0.446342
0.662
0.196617
0.342587
0.395801
0.08452
0.0780056
0.662
0.159855
0.565557
0.124955
0.25357
0.191853
0.307159
0.0907096
0.0641722
0.0590623
0.100908
0.25974
0.166196
0.303338
0.258992
0.0789752
0.435248
0.0769474
0.144747
0.0891887
0.36163
0.633418
0.120974
0.271608
0.0690471
0.197219
0.222809
0.327052
0.10128
0.662
0.081493
0.378208
0.0779209
0.297573
0.662
0.0857048
0.41844
0.0526747
0.103461
0.152034
0.0832344
0.0886566
0.105916
0.255282
0.32509
0.662
0.134482
0.345451
0.634373
0.109239
0.0908839
0.641806
0.516958
0.294162
0.2613
0.411762
0.0799378
0.278465
0.662
0.602524
0.36559
0.662
0.209752
0.0192142
0.278377
0.232684
0.662
0.13798
0.131706
0.136155
0.0494285
0.446274
0.662
0.216011
0.0944635
0.270517
0.204849
0.251242
0.0764993
0.662
0.132837
0.567464
0.0951205
0.521453
0.134801
0.0368355
0.213016
0.547404
0.055642
0.146759
0.0770494
0.314191
0.239872
0.159756
0.0129234
0.201102
0.206046
0.00992793
0.460683
0.11231
0.162746
0.335207
0.189299
0.172082
0.662
0.067516
0.383262
0.342
0.353885
0.425358
0.177722
0.305727
0.0764292
0.361625
0.611241
0.454076
0.0936182
0.155425
0.523808
0.0526695
0.0647273
0.662
0.0714161
0.464491
0.376431
0.275762
0.662
0.241027
0.662
0.139405
0.662
0.600902
0.63178
0.316291
0.588027
0.358535
0.47163
0.0875576
0.662
0.0796338
0.309564
0.119921
0.211602
0.637967
0.513573
0.179184
0.136288
0.0548849
0.0898298
0.0724644
0.600313
0.102319
0.385138
0.117104
0.117839
0.321385
0.0631922
0.116874
0.132132
0.592876
0.631109
0.38393
0.137156
0.218887
0.662
0.137437
0.117359
0.260775
0.197662
0.238058
0.662
0.102909
0.662
0.143392
0.147118
0.175721
0.0889781
0.437579
0.298895
0.111226
0.662
0.11161
0.384656
0.38053
0.0941132
0.143151
0.127978
0.254399
0.224146
0.662
0.052308
0.230327
0.286805
0.662
0.0673988
0.662
0.0915837
0.389068
0.0313455
0.0918734
0.360429
0.429847
0.183576
0.662
0.416478
0.55884
0.102523
0.15586
0.269888
0.21204
0.014834
0.0311441
0.115994
0.662
0.204591
0.141105
0.297195
0.224024
0.156992
0.482918
0.46826
0.15609
0.0671609
0.0306693
0.100335
0.17605
0.0918643
0.415413
0.0703768
0.272536
0.165925
0.246335
0.264767
0.477293
0.118391
0.0692615
0.257229
0.240446
0.0195134
0.138599
0.0691834
0.35331
0.246453
0.226959
0.368089
0.0196623
0.100315
0.0807913
0.0888802
0.154952
0.498428
0.625478
0.429617
0.662
0.310766
0.118951
0.506034
0.662
0.0973698
0.170122
0.0154371
0.342003
0.247113
0.205346
0.0211902
0.0277639
0.504411
0.662
0.186266
0.55611
0.112486
0.14606
0.603407
0.455286
0.0539519
0.0179789
0.543898
0.222291
0.662
0.0349117
0.134017
0.623005
0.137248
0.240245
0.146938
0.114072
0.394274
0.191292
0.0220232
0.387752
0.044985
0.662
0.465699
0.107904
0.30276
0.612283
0.398732
0.344247
0.0780631
0.375423
0.167973
0.358883
0.0830798
0.136632
0.662
0.148558
0.471473
0.0441134
0.183641
0.180863
0.128973
0.0143448
0.36942
0.475909
0.662
0.419009
0.311793
0.310465
0.0949747
0.159589
0.0340416
0.662
0.438041
0.0840693
0.591402
0.357407
0.496425
0.380695
0.0928043
0.0496763
0.334103
0.235234
0.134903
0.267803
0.344714
0.0192474
0.579579
0.21185
0.553514
0.612855
0.394633
0.0625654
0.128115
0.123854
0.125592
0.0772842
0.0975943
0.34344
0.225821
0.0989239
0.662
0.226608
0.662
0.140846
0.0802205
0.469696
0.231646
0.662
0.39166
0.662
0.239542
0.662
0.334251
0.655893
0.314197
0.199695
0.569192
0.204258
0.0627441
0.662
0.000557693
0.416908
0.0929783
0.415808
0.59626
0.349506
0.326187
0.196392
0.0181074
0.219522
0.140087
0.0942523
0.0459966
0.662
0.230223
0.0480377
0.493373
0.0903091
0.395993
0.088269
0.511838
0.5797
0.662
0.190449
0.562049
0.0916822
0.662
0.0236591
0.231435
0.0937904
0.00947839
0.476006
0.185761
0.559048
0.662
0.220628
0.377842
0.158512
0.132832
0.352524
0.0378672
0.0359973
0.157212
0.497299
0.662
0.13476
0.0701805
0.651644
0.610427
0.0845093
0.179576
0.446802
0.140056
0.662
0.17951
0.620904
0.0186982
0.388325
0.0604281
0.0341339
0.576574
0.0268773
0.414577
0.446328
0.241132
0.180316
0.26821
0.111659
0.34656
0.116801
0.250431
0.355218
0.145104
0.481897
0.16174
0.256255
0.211449
0.0426267
0.424252
0.662
0.116862
0.201924
0.160892
0.450006
0.662
0.15133
0.610113
0.181464
0.0928092
0.171051
0.0782134
0.555159
0.349186
0.506901
0.609562
0.0140098
0.243391
0.662
0.236829
0.378154
0.047361
0.662
0.662
0.206071
0.518656
0.230971
0.190703
0.0949799
0.265545
0.662
0.136915
0.298072
0.0676413
0.57393
0.428097
0.578378
0.0895772
0.0263258
0.0963909
0.061554
0.258129
0.483347
0.662
0.0626664
0.0632477
0.133388
0.0538895
0.143295
0.467197
0.45617
0.0362919
0.34982
0.317648
0.104492
0.662
0.126619
0.103473
0.125659
0.0365323
0.662
0.150987
0.310858
0.0392269
0.470712
0.101707
0.174505
0.14141
0.152227
0.249504
0.662
0.248216
0.227077
0.150362
0.0337848
0.0161789
0.662
0.0697287
0.482721
0.363356
0.216383
0.200397
0.12781
0.200424
0.0958883
0.229967
0.662
0.102527
0.170695
0.0529943
0.302486
0.213064
0.0749373
0.00487085
0.199729
0.662
0.0456153
0.126929
0.31582
0.323109
0.662
0.662
0.215394
0.0545913
0.214783
0.109005
0.363659
0.134424
0.662
0.459227
0.213249
0.210218
0.161611
0.662
0.187476
0.374911
0.662
0.157809
0.644739
0.166805
0.662
0.22286
0.459761
0.662
0.238452
0.262365
0.273106
0.119728
0.122423
0.148968
0.077283
0.1231
0.0470998
0.0565864
0.18848
0.662
0.17318
0.207847
0.347011
0.0926844
0.218829
0.404569
0.0373122
0.0745065
0.22335
0.574733
0.15129
0.438465
0.102445
0.139471
0.0538154
0.269825
0.123421
0.662
0.137539
0.321041
0.577892
0.110251
0.203995
0.662
0.118874
0.0426185
0.521499
0.231305
0.210462
0.342869
0.662
0.600085
0.159541
0.554206
0.0791367
0.234409
0.146481
0.250447
0.595321
0.0798388
0.365944
0.107617
0.286855
0.130016
0.662
0.26776
0.00664034
0.662
0.328651
0.624109
0.0747848
0.17877
0.586536
0.483272
0.636806
0.662
0.128002
0.227588
0.181952
0.220068
0.0779589
0.00766801
0.662
0.517401
0.145627
0.110548
0.199215
0.0731882
0.238956
0.662
0.186195
0.662
0.0791113
0.155244
0.15382
0.160835
0.244925
0.285388
0.413476
0.662
0.525442
0.244035
0.219413
0.161136
0.0933792
0.662
0.0427284
0.0422224
0.0684916
0.132343
0.0976002
0.538233
0.662
0.618143
0.102116
0.252563
0.47681
0.552131
0.493939
0.106593
0.598157
0.662
0.377579
0.514436
0.152594
0.0689676
0.530902
0.0514681
0.0903892
0.662
0.577144
0.115489
0.0770007
0.312769
0.0713933
0.240021
0.0491005
0.0927778
0.0518414
0.448414
0.0682741
0.271798
0.162136
0.201144
0.647202
0.503023
0.561062
0.63571
0.382571
0.149617
0.197737
0.662
0.0355614
0.112345
0.222035
0.0240288
0.488868
0.220206
0.0961981
0.153927
0.189552
0.390636
0.662
0.532692
0.52494
0.383039
0.0524717
0.478146
0.143841
0.080779
0.111263
0.0822599
0.0468288
0.141287
0.380623
0.277092
0.438802
0.636995
0.631823
0.0378031
0.474909
0.101479
0.308834
0.489748
0.59309
0.128227
0.158697
0.662
0.189546
0.491725
0.175838
0.366729
0.284246
0.0464286
0.113196
0.068406
0.0247632
0.407716
0.0507282
0.244833
0.191342
0.0950271
0.269822
0.166328
0.199696
0.385171
0.0789227
0.38655
0.37628
0.239142
0.390212
0.114213
0.233412
0.392236
0.4046
0.00128477
0.297587
0.165044
0.193283
0.147106
0.222737
0.103066
0.43302
0.204588
0.0818981
0.318183
0.0678868
0.662
0.505102
0.662
0.394559
0.390843
