0.477821
0.224176
0.234953
0.0979336
0.219114
0.289055
0.00246086
0.32178
0.26472
0.0996415
0.618413
0.240591
0.251418
0.230965
0.0033661
0.135837
0.014985
0.407322
0.0887147
0.0146137
0.168134
0.289835
0.111727
0.415089
0.17677
0.0788904
0.299119
0.132831
0.494429
0.227675
0.245164
0.249058
0.332288
0.446467
0.479401
0.474323
0.612576
0.412364
0.0612016
0.545329
0.662
0.548014
0.462616
0.190502
0.318647
0.421655
0.333374
0.289111
0.119285
0.662
0.192713
0.637833
0.00167397
0.209433
0.472583
0.330134
0.531504
0.0992603
0.138121
0.662
0.0932542
0.351993
0.662
0.0908821
0.128327
0.0334366
0.010991
0.0336108
0.39773
0.120721
0.27067
0.208749
0.177416
0.434078
0.662
0.0955881
0.103313
0.377474
0.215028
0.247571
0.143107
0.559537
0.186904
0.364005
0.180191
0.0745793
0.0631939
0.0268587
0.0471621
0.662
0.13878
0.0334688
0.56269
0.283888
0.662
0.118058
0.0654064
0.561567
0.20482
0.108979
0.0512053
0.20219
0.600884
0.123716
0.015341
0.107529
0.564435
0.356626
0.23084
0.269818
0.090262
0.662
0.0341493
0.278114
0.467697
0.347322
0.0427736
0.110775
0.294851
0.573396
0.272653
0.550739
0.231304
0.16811
0.146845
0.379694
0.0279628
0.181581
0.0610724
0.0928183
0.540366
0.135323
0.111263
0.0682419
0.105262
0.0312078
0.15562
0.101719
0.0364036
0.157121
0.183105
0.0611524
0.438473
0.0797056
0.320257
0.0665081
0.203748
0.150748
0.111428
0.235685
0.0880259
0.16882
0.135524
0.276451
0.569461
0.345951
0.0604338
0.339548
0.236821
0.0480918
0.0632411
0.190061
0.284703
0.342299
0.0969975
0.306788
0.259524
0.123247
0.306501
0.633616
0.155567
0.253595
0.249315
0.198416
0.498029
0.135438
0.353109
0.0912118
0.571583
0.113025
0.281322
0.0407316
0.375367
0.659659
0.102415
0.276356
0.290885
0.534714
0.254164
0.0413617
0.281511
0.0273607
0.255267
0.0323274
0.374612
0.0936569
0.662
0.627471
0.462503
0.268596
0.433792
0.630133
0.272678
0.211004
0.591185
0.0863286
0.0697654
0.125416
0.0987431
0.662
0.348419
0.249744
0.302957
0.584815
0.580226
0.069081
0.410787
0.606407
0.292762
0.385262
0.0911587
0.236638
0.432169
0.631379
0.217804
0.108723
0.0667358
0.101079
0.558545
0.346724
0.131998
0.171828
0.553433
0.662
0.132425
0.141208
0.150086
0.662
0.466344
0.0972203
0.662
0.0389313
0.241969
0.146671
0.515337
0.311986
0.241234
0.132905
0.228971
0.281956
0.21014
0.225183
0.413201
0.385296
0.309356
0.37467
0.159658
0.0366968
0.287814
0.0825494
0.169768
0.568064
0.0340625
0.296631
0.345786
0.662
0.105849
0.662
0.0485465
0.162073
0.180731
0.0870434
0.172417
0.0995811
0.0851134
0.507755
0.246698
0.526194
0.187581
0.0920529
0.529256
0.662
0.662
0.0994222
0.155872
0.662
0.0393081
0.0289608
0.28793
0.471019
0.303092
0.0980948
0.0578478
0.384511
0.662
0.498865
0.653683
0.244317
0.258972
0.563784
0.0918355
0.0703081
0.128009
0.662
0.662
0.124994
0.662
0.0888135
0.147978
0.0102523
0.359055
0.128584
0.0835004
0.464132
0.194436
0.255707
0.354908
0.157977
0.381958
0.370631
0.308647
0.146497
0.185042
0.073757
0.32659
0.199586
0.662
0.119259
0.0499819
0.198543
0.0712471
0.260873
0.106591
0.0699438
0.159679
0.447555
0.0806729
0.366744
0.284637
0.204034
0.302808
0.352045
0.314099
0.0798653
0.198622
0.314094
0.0798522
0.0767282
0.303034
0.205611
0.0627549
0.345399
0.146565
0.662
0.105459
0.400177
0.362447
0.0448804
0.244255
0.114535
0.133092
0.0797776
0.660588
0.662
0.339582
0.40296
0.0592298
0.0880798
0.260896
0.191591
0.171124
0.159248
0.17939
0.412059
0.662
0.315995
0.0569879
0.0795202
0.161674
0.320971
0.10427
0.225199
0.456517
0.214566
0.433869
0.240525
0.370347
0.193253
0.597939
0.306151
0.222089
0.308848
0.452935
0.133024
0.198632
0.645225
0.0509478
0.0111639
0.348869
0.662
0.11576
0.501277
0.107538
0.0975122
0.662
0.387028
0.190388
0.216876
0.373081
0.387372
0.136429
0.201035
0.49777
0.00255532
0.201185
0.243226
0.459724
0.149705
0.662
0.356619
0.102311
0.18447
0.236281
0.367476
0.451582
0.11593
0.326807
0.662
0.101749
0.39416
0.0643376
0.135569
0.493665
0.188125
0.0524055
0.083322
0.662
0.193823
0.65474
0.368464
0.0705281
0.329713
0.0980454
0.507398
0.0610016
0.262588
0.267121
0.318424
0.24841
0.0489964
0.0838355
0.47953
0.158324
0.219238
0.565781
0.525459
0.531823
0.662
0.498986
0.244475
0.0741902
0.662
0.538026
0.382774
0.417542
0.0608681
0.250578
0.513393
0.0584635
0.0885221
0.470061
0.420207
0.0778597
0.26874
0.231088
0.451202
0.0752499
0.321182
0.274981
0.0581002
0.473891
0.662
0.315392
0.490529
0.46909
0.0878767
0.022576
0.240261
0.636874
0.137262
0.275228
0.108213
0.662
0.0578612
0.0658759
0.455574
0.0943679
0.363488
0.226489
0.13898
0.659513
0.168161
0.292274
0.0486911
0.536682
0.201066
0.0891346
0.579178
0.221166
0.145085
0.0726917
0.159506
0.119648
0.0491882
0.339089
0.164132
0.100845
0.368427
0.662
0.662
0.435341
0.100681
0.00376029
0.200429
0.463972
0.662
0.24412
0.093697
0.139819
0.17092
0.342895
0.0498084
0.11367
0.662
0.0841624
0.387691
0.409124
0.221825
0.499074
0.079168
0.490759
0.131307
0.417014
0.0981472
0.187619
0.219769
0.170581
0.0881288
0.394638
0.168803
0.231064
0.41539
0.662
0.346121
0.662
0.085272
0.139539
0.102825
0.24627
0.304383
0.158657
0.37562
0.0939975
0.14514
0.242408
0.431758
0.298649
0.082239
0.0313043
0.12103
0.662
0.248583
0.145103
0.0948049
0.104624
0.0823386
0.662
0.0819149
0.118449
0.441966
0.203997
0.403496
0.176576
0.290861
0.140477
0.229938
0.0347375
0.0735743
0.0753473
0.103816
0.216367
0.0483929
0.341361
0.402784
0.26351
0.0837517
0.228345
0.141322
0.141248
0.25651
0.662
0.662
0.594297
0.361972
0.0660076
0.188951
0.0755432
0.536181
0.556672
0.103665
0.322753
0.107038
0.152275
0.0574846
0.662
0.266889
0.0206583
0.0472855
0.366998
0.134826
0.215773
0.100992
0.267086
0.662
0.52492
0.136881
0.348215
0.32127
0.537215
0.0825812
0.266994
0.286645
0.0988708
0.662
0.234256
0.0356309
0.0551875
0.426372
0.129373
0.0315195
0.147497
0.197663
0.144993
0.379741
0.101813
0.450814
0.244374
0.0606986
0.0686595
0.320137
0.347318
0.122116
0.167579
0.0722389
0.647568
0.0999374
0.196048
0.56899
0.160981
0.394618
0.372036
0.0528153
0.0445228
0.101069
0.24816
0.222429
0.0191885
0.095852
0.662
0.102952
0.0842834
0.183434
0.091061
0.536369
0.572222
0.22437
0.231423
0.191715
0.486023
0.357743
0.233789
0.598067
0.130281
0.662
0.662
0.662
0.382303
0.161699
0.0702601
0.230596
0.0740069
0.662
0.17989
0.0947223
0.392135
0.293975
0.236032
0.210922
0.609484
0.102028
0.122747
0.335837
0.0733289
0.266816
0.662
0.0730401
0.142864
0.628896
0.154701
0.261868
0.112122
0.088821
0.0347646
0.142119
0.303225
0.1741
0.39084
0.0043449
0.168753
0.195021
0.172616
0.0671016
0.189413
0.145852
0.214387
0.262484
0.146386
0.254867
0.662
0.662
0.233675
0.121192
0.0905713
0.486728
0.295151
0.662
0.495595
0.0960393
0.662
0.178466
0.14905
0.154685
0.0553022
0.662
0.185405
0.449388
0.128742
0.0549064
0.436734
0.0622957
0.223329
0.662
0.0813979
0.067676
0.202801
0.0847447
0.0505525
0.071941
0.0433631
0.35462
0.076435
0.105325
0.018801
0.381107
0.564854
0.21862
0.214315
0.107676
0.113122
0.109172
0.588218
0.460526
0.314552
0.245182
0.443233
0.224129
0.150181
0.558329
0.0325094
0.0839421
0.178491
0.662
0.336475
0.196946
0.216686
0.500351
0.391989
0.655362
0.0810691
0.130063
0.119532
0.0359336
0.0437518
0.190528
0.0965388
0.65714
0.0969631
0.337125
0.346954
0.662
0.0589986
0.635491
0.662
0.0994949
0.18388
0.00728424
0.106457
0.5354
0.575238
0.602091
0.0952432
0.0186041
0.187854
0.359086
0.0466215
0.540267
0.662
0.0914058
0.206379
0.662
0.247277
0.162719
0.27123
0.662
0.456064
0.292957
0.0987875
0.329809
0.0700964
0.400003
0.000806013
0.330934
0.662
0.479306
0.308678
0.168792
0.020777
0.1317
0.347156
0.498646
0.642916
0.101722
0.261382
0.219174
0.316974
0.0965801
0.662
0.493276
0.0911693
0.110539
0.245237
0.469571
0.219653
0.0112262
0.591383
0.442326
0.0949636
0.662
0.468204
0.32081
0.430651
0.181111
0.509441
0.166386
0.154067
0.155519
0.0601459
0.107281
0.265507
0.276195
0.0578939
0.152573
0.578098
0.530738
0.0694476
0.622759
0.130359
0.0336811
0.535224
0.347721
0.436621
0.254119
0.064816
0.662
0.224554
0.219674
0.231627
0.165159
0.0717481
0.154716
0.111504
0.00393011
0.539826
0.0542178
0.374585
0.0426758
0.205583
0.222618
0.0935806
0.580937
0.0879331
0.539917
0.210703
0.255116
0.133049
0.662
0.123929
0.0835216
0.312667
0.0890328
0.17525
0.284719
0.252886
0.0688242
0.235342
0.387975
0.330474
0.485685
0.089754
0.662
0.111617
0.392033
0.132619
0.347241
0.10096
0.106319
0.0871408
0.225731
0.10599
0.115305
0.662
0.204569
0.348491
0.470511
0.113405
0.474843
0.473748
0.0812662
0.328021
0.041048
0.294673
0.613827
0.0253781
0.220982
0.570102
0.0500347
0.0389559
0.662
0.3673
0.259761
0.158727
0.149041
0.10091
0.0765712
0.376512
0.100057
0.0978357
0.198645
0.412253
0.31918
0.0516671
0.198419
0.0642768
0.662
0.21607
0.110686
0.0861117
0.100554
0.0982314
0.251078
0.04593
0.333035
0.224741
0.662
0.0343133
0.662
0.124406
0.180463
0.159723
0.120151
0.093002
0.113797
0.474013
0.307565
0.302977
0.601806
0.553528
0.424764
0.0514772
0.200444
0.0709723
0.662
0.129057
0.662
0.428152
0.170271
0.452208
0.224805
0.207667
0.335388
0.16802
0.0886395
0.400435
0.0868222
0.442044
0.0470341
0.529524
0.103495
0.662
0.0510107
0.278516
0.662
0.662
0.394327
0.174994
0.41231
0.100019
0.186501
0.182395
0.091891
0.424293
0.0778149
0.171333
0.469694
0.337067
0.568435
0.0549634
0.0188447
0.0799521
0.267952
0.0157255
0.130443
0.662
0.0279582
0.428186
0.318886
0.662
0.00589612
0.143176
0.379218
0.13592
0.662
0.0962168
0.0793821
0.0909393
0.0147264
0.213676
0.0506364
0.662
0.173005
0.0791302
0.364039
0.0532802
0.0744355
0.662
0.182496
0.311199
0.38588
0.285263
0.63717
0.201013
0.187608
0.229418
0.464722
0.0949154
0.538327
0.222099
0.190558
0.277957
0.23068
0.0903423
0.593011
0.336111
0.620281
0.0894006
0.0868226
0.337692
0.662
0.086503
0.0814906
0.428247
0.642994
0.307711
0.662
0.263056
0.191365
0.15498
0.235365
0.616479
0.160197
0.445731
0.662
0.660355
0.445272
0.0798216
0.282962
0.528709
0.00871499
0.284635
0.506222
0.0486755
0.0455004
0.646212
0.125514
0.168498
0.191225
0.139817
0.349901
0.375945
0.457164
0.220253
0.400896
0.56815
0.617898
0.137353
0.00519805
0.102603
0.230497
0.350435
0.662
0.506824
0.137141
0.469166
0.208721
0.224729
0.304054
0.662
0.350078
0.193692
0.195805
0.323229
0.560435
0.116895
0.292532
0.119812
0.051072
0.662
0.0992971
0.123485
0.330632
0.662
0.662
0.0995995
0.106456
0.65007
0.209758
0.135486
0.155461
0.123774
0.116542
0.140728
0.0503451
0.661275
0.662
0.102568
0.295037
0.0875982
0.641419
0.0685046
0.589556
0.0815398
0.0656484
0.0483786
0.495122
0.409605
0.310874
0.136784
0.108197
0.662
0.0297292
0.176421
0.117001
0.113702
0.387712
0.187366
0.512184
0.574082
0.662
0.662
0.163199
0.354813
0.163698
0.142388
0.0623198
0.13609
0.662
0.295212
0.170345
0.348558
0.624562
0.289077
0.5839
0.272053
0.168131
0.337808
0.215889
0.0585996
0.64974
0.662
0.245211
0.539483
0.349512
0.0669363
0.0686916
0.295872
0.552445
0.219621
0.487285
0.0487224
0.662
0.560133
0.662
0.0970236
0.340734
0.662
0.649563
0.0624141
0.333006
0.466935
0.0624734
0.0300751
0.329169
0.207137
0.0670206
0.115783
0.0611596
0.303962
0.316369
0.218788
0.610791
0.0722529
0.632938
0.0241611
0.409392
0.389681
0.154533
0.377504
0.06388
0.448872
0.0908822
0.10399
0.0982377
0.138954
0.242071
0.18224
0.39361
0.662
0.662
0.580343
0.199718
0.374974
0.266694
0.0641252
0.0525527
0.216924
0.250975
0.525873
0.221088
0.10898
0.236526
0.4513
0.194703
0.0699366
0.662
0.630009
0.215064
0.245634
0.338531
0.662
0.355273
0.564196
0.411573
0.474066
0.0781543
0.122652
0.447795
0.0356103
0.103889
0.180679
0.500231
0.0837316
0.0637254
0.357441
0.247868
0.213081
0.2813
0.174329
0.656462
0.205872
0.0728356
0.637107
0.109081
0.209916
0.590764
0.279712
0.0240637
0.0744678
0.151371
0.0702927
0.382163
0.662
0.351794
0.0396952
0.328015
0.427577
0.327417
0.434089
0.336645
0.0416819
0.040018
0.53848
0.0507211
0.390008
0.0712422
0.662
0.662
0.0696358
0.0141107
0.248916
0.310457
0.247724
0.174037
0.509232
0.662
0.0898343
0.0506277
0.10236
0.168859
0.662
0.506405
0.0805723
0.299776
0.454412
0.214496
0.107488
0.198646
0.433682
0.107001
0.146684
0.235556
0.0820324
0.0864101
0.167047
0.304338
0.0481856
0.201798
0.182128
0.359626
0.608029
0.662
0.0964961
0.556414
0.555329
0.212343
0.268235
0.0816078
0.216679
0.326404
0.362696
0.178415
0.360564
0.488773
0.210844
0.171963
0.0615981
0.247002
0.0800605
0.466247
0.131473
0.662
0.169562
0.151355
0.0418912
0.372631
0.084785
0.0603753
0.146777
0.662
0.299992
0.366732
0.0868775
0.170709
0.21036
0.662
0.416713
0.113823
0.119654
0.137725
0.116964
0.476127
0.00931639
0.335155
0.165865
0.20472
0.380216
0.19051
0.156539
0.0725827
0.328476
0.496013
0.158111
0.47712
0.437265
0.444973
0.233857
0.132553
0.325283
0.517397
0.156692
0.463693
0.662
0.355229
0.247138
0.257542
0.148603
0.376875
0.126243
0.324961
0.182826
0.0594464
0.657968
0.245722
0.168975
0.246076
0.662
0.113951
0.235261
0.662
0.228051
0.128271
0.289739
0.15615
0.0705436
0.0731084
0.585897
0.155237
0.181967
0.0694857
0.345213
0.28255
0.310915
0.177853
0.120038
0.100866
0.171384
0.175483
0.091196
0.0676924
0.135657
0.159512
0.0933858
0.181903
0.0998909
0.0994768
0.662
0.129849
0.662
0.0889891
0.211606
0.662
0.270128
0.0210826
0.0995014
0.227121
0.417427
0.0250492
0.567213
0.0627644
0.370826
0.167173
0.232185
0.256533
0.223649
0.132351
0.137548
0.220658
0.310036
0.106199
0.529665
0.204332
0.0652679
0.341573
0.282347
0.277653
0.075089
0.120364
0.188039
0.143189
0.401879
0.549553
0.109089
0.183703
0.323917
0.657286
0.278857
0.265595
0.106483
0.0916448
0.0711711
0.211736
0.18801
0.0618259
0.662
0.110935
0.203404
0.162481
0.567582
0.0524938
0.294969
0.0652528
0.297603
0.16545
0.662
0.098504
0.59364
0.545293
0.434694
0.662
0.118752
0.144673
0.0586097
0.387048
0.0998013
0.662
0.117068
0.201318
0.0685717
0.131458
0.625832
0.15249
0.172151
0.662
0.65161
0.17973
0.276718
0.0597268
0.108887
0.16933
0.317203
0.089761
0.341022
0.248765
0.662
0.662
0.0518377
0.0845121
0.0680975
0.236855
0.0886102
0.207964
0.13212
0.111471
0.254778
0.0777508
0.103129
0.170412
0.201802
0.16627
0.078563
0.223178
0.104307
0.270564
0.662
0.355017
0.195242
0.134967
0.245228
0.662
0.0490579
