0.221307
0.0909277
0.283177
0.145863
0.173506
0.315098
0.290311
0.059851
0.321269
0.139136
0.186435
0.662
0.29375
0.305323
0.129018
0.384076
0.171385
0.417626
0.105145
0.662
0.0565935
0.316879
0.662
0.130072
0.350897
0.272071
0.209428
0.127385
0.509526
0.113094
0.265398
0.0832474
0.528119
0.100109
0.0560376
0.213428
0.0505389
0.403119
0.558223
0.460818
0.276628
0.351858
0.65682
0.370131
0.404768
0.62944
0.545987
0.111811
0.453329
0.247462
0.117598
0.0477051
0.0791693
0.130282
0.480119
0.0844877
0.275631
0.157258
0.264804
0.616392
0.150184
0.567787
0.101801
0.0266852
0.114843
0.068026
0.574873
0.236959
0.0365293
0.22928
0.154445
0.662
0.265427
0.150893
0.0828315
0.290205
0.399603
0.51877
0.351119
0.203732
0.336995
0.0884223
0.299641
0.238012
0.302569
0.0825769
0.554906
0.0807125
0.107801
0.480534
0.345155
0.248022
0.0480604
0.112033
0.21275
0.576195
0.200029
0.0583236
0.425967
0.261861
0.184097
0.051462
0.373183
0.154579
0.0136577
0.0426325
0.0651348
0.074181
0.34657
0.221827
0.108178
0.142958
0.662
0.0578776
0.136004
0.192645
0.153462
0.6097
0.195794
0.0946582
0.065327
0.29845
0.503465
0.0700877
0.0918405
0.525097
0.570857
0.452069
0.151404
0.0683671
0.033779
0.477035
0.136655
0.266229
0.264653
0.126155
0.261127
0.117767
0.63412
0.2298
0.507075
0.148153
0.157416
0.0791175
0.00734192
0.0686017
0.0791358
0.306271
0.348125
0.0213665
0.301744
0.115059
0.19327
0.662
0.0506618
0.250692
0.0928326
0.620962
0.0568573
0.140569
0.0689702
0.1507
0.11764
0.606603
0.111603
0.47106
0.342785
0.168801
0.104813
0.0756232
0.211208
0.483638
0.0647865
0.193397
0.662
0.151059
0.463458
0.384543
0.0924148
0.32873
0.186207
0.141168
0.370765
0.061304
0.314959
0.192988
0.292051
0.00280342
0.157876
0.228819
0.359624
0.46746
0.203031
0.347657
0.182985
0.197306
0.539671
0.626652
0.0455265
0.101462
0.0693036
0.662
0.599186
0.054147
0.0687026
0.368176
0.470111
0.362653
0.0434081
0.370935
0.111342
0.345366
0.112895
0.23767
0.42085
0.219938
0.271901
0.380013
0.662
0.163468
0.0335934
0.0550382
0.385514
0.248379
0.662
0.363586
0.20672
0.431785
0.0516343
0.0856212
0.206669
0.0947334
0.51369
0.662
0.224865
0.484055
0.375484
0.259268
0.12177
0.381245
0.0318422
0.50811
0.371195
0.101129
0.0904182
0.63506
0.088282
0.203921
0.358333
0.0760253
0.162178
0.662
0.0796082
0.44629
0.144353
0.053363
0.0809697
0.0911701
0.392632
0.249122
0.0726752
0.0944206
0.0122804
0.0276352
0.269245
0.065244
0.319575
0.439626
0.0320065
0.387916
0.118386
0.424524
0.151397
0.0602287
0.662
0.205401
0.488341
0.218022
0.426127
0.0699221
0.0547149
0.541727
0.606546
0.149347
0.315948
0.374788
0.175362
0.0346683
0.115513
0.122172
0.0916293
0.106761
0.065145
0.352861
0.586826
0.0352928
0.136063
0.2959
0.485618
0.546746
0.0744177
0.662
0.0660084
0.0813804
0.256572
0.4678
0.117661
0.240871
0.489596
0.643758
0.36777
0.339549
0.548247
0.0730197
0.139349
0.255342
0.398508
0.0954498
0.0766405
0.0805309
0.443161
0.211798
0.662
0.0879697
0.516604
0.0334452
0.662
0.657593
0.124837
0.0986275
0.0610626
0.0825485
0.127368
0.214631
0.356122
0.125146
0.341927
0.465632
0.279403
0.662
0.155176
0.163718
0.0686437
0.0561687
0.0880771
0.409068
0.312391
0.285034
0.139439
0.0761901
0.659689
0.455332
0.229809
0.346411
0.343042
0.0792042
0.110168
0.101287
0.151604
0.123495
0.276922
0.023738
0.116013
0.0509523
0.16735
0.498594
0.0702173
0.393355
0.104445
0.050132
0.572293
0.145846
0.0538439
0.0963278
0.218517
0.465768
0.117768
0.127849
0.120775
0.180828
0.235763
0.648452
0.0373777
0.312257
0.17161
0.16497
0.0458689
0.100972
0.437023
0.167265
0.133953
0.257352
0.0247562
0.123487
0.227276
0.110132
0.662
0.11539
0.06511
0.318341
0.631991
0.178236
0.101002
0.0883343
0.327861
0.122302
0.202006
0.086932
0.260673
0.537575
0.0191713
0.273857
0.182266
0.254238
0.374796
0.130547
0.261043
0.181968
0.662
0.131722
0.0231244
0.148304
0.662
0.0870393
0.0939287
0.24894
0.520872
0.540182
0.132586
0.421577
0.32949
0.0797789
0.0151677
0.177084
0.0259353
0.148319
0.121132
0.0792368
0.180112
0.438559
0.401626
0.190933
0.127572
0.0993525
0.633643
0.0705311
0.209119
0.528526
0.0702877
0.013339
0.662
0.36486
0.0559518
0.405705
0.662
0.16499
0.0946445
0.481811
0.195474
0.102788
0.110712
0.098344
0.271697
0.505171
0.0716668
0.360911
0.158296
0.58373
0.149212
0.132195
0.0873504
0.0918205
0.202922
0.0446573
0.112084
0.180601
0.424004
0.330937
0.28738
0.21091
0.352073
0.23513
0.0308793
0.152096
0.0624207
0.0787688
0.277483
0.521521
0.164528
0.455554
0.208626
0.377278
0.113233
0.662
0.221632
0.1585
0.0681961
0.201627
0.116878
0.112137
0.0899974
0.108387
0.29467
0.221424
0.634815
0.21083
0.112888
0.0993279
0.655546
0.447879
0.243581
0.0769274
0.0405539
0.0591778
0.594852
0.662
0.297592
0.106547
0.188355
0.150082
0.451258
0.174301
0.12619
0.0614706
0.13929
0.0451309
0.364378
0.0808754
0.15714
0.0237733
0.380538
0.150471
0.292048
0.662
0.0999241
0.406939
0.199328
0.0623785
0.306707
0.230707
0.428719
0.333323
0.662
0.479348
0.361082
0.379554
0.313695
0.181472
0.0236711
0.370672
0.0593041
0.412956
0.41733
0.0814694
0.0253129
0.180516
0.0523052
0.0837118
0.107214
0.411296
0.461425
0.559754
0.0812528
0.0891952
0.0921745
0.365943
0.0444637
0.0863349
0.547964
0.0604558
0.662
0.202408
0.280489
0.159294
0.662
0.662
0.207369
0.50824
0.0907315
0.084159
0.0561826
0.128798
0.381261
0.365852
0.229555
0.592551
0.0707459
0.662
0.310611
0.237473
0.12732
0.389463
0.0893729
0.0839803
0.341692
0.143865
0.296239
0.231996
0.662
0.164504
0.0545094
0.0566852
0.592081
0.0269928
0.379553
0.661266
0.468647
0.662
0.072057
0.112217
0.331259
0.268063
0.229351
0.177437
0.44167
0.224671
0.220316
0.165763
0.224281
0.0336369
0.260232
0.185923
0.62237
0.472581
0.112581
0.0656715
0.0415006
0.369923
0.0839467
0.0477796
0.662
0.0891157
0.102447
0.139067
0.0752343
0.0616666
0.131561
0.653721
0.0631779
0.147478
0.52532
0.119555
0.285532
0.165078
0.22251
0.480651
0.0749059
0.109329
0.662
