0.489975
0.00285911
0.272383
0.223246
0.220087
0.104415
0.662
0.404249
0.207408
0.112284
0.375654
0.0115864
0.642308
0.351133
0.662
0.662
0.591433
0.501778
0.274973
0.520158
0.41825
0.0502457
0.412114
0.662
0.342479
0.137651
0.519048
0.0987377
0.0931959
0.392334
0.243894
0.156529
0.383099
0.118581
0.188023
0.524759
0.143219
0.176275
0.662
0.662
0.15068
0.112038
0.330934
0.107032
0.420736
0.141563
0.280383
0.40268
0.160281
0.144666
0.461083
0.187796
0.110454
0.233427
0.1385
0.61717
0.236954
0.354004
0.386832
0.0485583
0.14583
0.382841
0.101694
0.662
0.0718059
0.503878
0.363079
0.359211
0.0264587
0.360492
0.662
0.216133
0.379294
0.10333
0.662
0.432921
0.104887
0.0219452
0.254459
0.438084
0.452145
0.329854
0.127829
0.639558
0.232458
0.0560994
0.333317
0.166779
0.299101
0.152908
0.0841919
0.180267
0.108527
0.579121
0.176029
0.368952
0.275963
0.217298
0.4352
0.215253
0.360834
0.212492
0.273561
0.213789
0.250334
0.417798
0.566601
0.176775
0.0380137
0.254695
0.0483607
0.106134
0.0532395
0.389425
0.662
0.211161
0.662
0.462506
0.272409
0.081967
0.488917
0.264821
0.503808
0.381145
0.0864361
0.0948758
0.662
0.632281
0.444298
0.189361
0.0369615
0.308957
0.465054
0.115468
0.0871535
0.662
0.35802
0.575792
0.199199
0.2332
0.662
0.311663
0.0275842
0.0247783
0.341206
0.0776023
0.134421
0.3463
0.0870477
0.18532
0.0801543
0.260918
0.0623353
0.143679
0.0135902
0.310822
0.550707
0.0217768
0.180314
0.177296
0.491902
0.0176319
0.072886
0.0329319
0.123201
0.375406
0.446654
0.186247
0.514135
0.471007
0.557401
0.0899722
0.125427
0.259309
0.155006
0.205448
0.430759
0.269818
0.254811
0.235588
0.545015
0.512907
0.251725
0.135825
0.0928902
0.325029
0.150194
0.120373
0.237901
0.399278
0.662
0.662
0.0196427
0.172425
0.528886
0.0780352
0.493461
0.102639
0.0930064
0.25085
0.662
0.631985
0.272742
0.119453
0.441879
0.255288
0.330218
0.325597
0.404333
0.114962
0.160258
0.662
0.0628563
0.0672739
0.232434
0.138042
0.146995
0.287799
0.224516
0.0957297
0.144229
0.15933
0.419879
0.098216
0.14637
0.617843
0.662
0.495811
0.641271
0.269356
0.312415
0.105766
0.433647
0.651571
0.43417
0.662
0.320366
0.0747042
0.662
0.426147
0.662
0.185982
0.662
0.499837
0.234912
0.283617
0.122041
0.221452
0.662
0.169179
0.0734599
0.662
0.306037
0.416583
0.662
0.211937
0.0695749
0.662
0.178259
0.593751
0.128904
0.662
0.300687
0.658449
0.0899723
0.333806
0.262218
0.249184
0.311426
0.162169
0.487663
0.0427222
0.559351
0.57095
0.137018
0.567394
0.363245
0.662
0.296181
0.0074968
0.662
0.662
0.107118
0.428454
0.0866227
0.662
0.150462
0.482917
0.368116
0.662
0.0878679
0.196915
0.662
0.512109
0.361876
0.214974
0.387295
0.201429
0.662
0.16496
0.662
0.165556
0.662
0.138414
0.0723829
0.308285
0.0989175
0.145441
0.397795
0.662
0.662
0.0917032
0.163507
0.0717684
0.00633802
0.230334
0.662
0.0592363
0.0605679
0.662
0.255757
0.662
0.107096
0.221321
0.640801
0.121567
0.427187
0.132874
0.662
0.0746885
0.44721
0.00959688
0.316552
0.246473
0.0971945
0.662
0.662
0.00993914
0.463575
0.28139
0.304193
0.0477365
0.116314
0.517627
0.48269
0.423136
0.280661
0.167078
0.662
0.0693395
0.232692
0.339214
0.239987
0.330355
0.425507
0.201456
0.0716683
0.662
0.662
0.245986
0.248816
0.262412
0.566962
0.0614228
0.662
0.0385766
0.00818046
0.0883741
0.2947
0.0616243
0.0881998
0.101032
0.153506
0.326345
0.662
0.368356
0.103786
0.387363
0.0588565
0.662
0.30231
0.662
0.304367
0.170313
0.662
0.662
0.392891
0.662
0.103102
0.61771
0.662
0.0843961
0.144168
0.136769
0.281952
0.662
0.441358
0.174723
0.423663
0.10541
0.0794692
0.648294
0.250038
0.404087
0.147917
0.499819
0.324264
0.406298
0.662
0.0992457
0.662
0.23394
0.161742
0.150403
0.0689593
0.115079
0.30169
0.119472
0.635979
0.333813
0.45888
0.0867486
0.477447
0.662
0.290353
0.662
0.0840763
0.495258
0.184377
0.324077
0.114527
0.201183
0.662
0.285219
0.20984
0.43925
0.247225
0.662
0.662
0.626503
0.115324
0.0347086
0.255637
0.622296
0.365365
0.662
0.147213
0.662
0.662
0.662
0.312739
0.550529
0.0265535
0.195391
0.0515111
0.214532
0.187093
0.129403
0.662
0.620369
0.144964
0.00385921
0.18649
0.423339
0.0149267
0.390433
0.0286643
0.557137
0.559078
0.208394
0.0637973
0.0988858
0.0610769
0.448197
0.286138
0.662
0.0391424
0.662
0.0339011
0.13535
0.025749
0.432626
0.200548
0.203435
0.132291
0.330805
0.302066
0.118858
0.214326
0.662
0.103002
0.00442716
0.0888224
0.111078
0.662
0.0058067
0.277448
0.5538
0.266307
0.0420437
0.389622
0.516645
0.662
0.228549
0.210145
0.514477
0.269181
0.0638743
0.662
0.236042
0.156462
0.415453
0.0804782
0.111636
0.267258
0.486824
0.122304
0.0322798
0.133721
0.662
0.6385
0.105584
0.0498367
0.174155
0.146226
0.662
0.19725
0.171446
0.0973842
0.431806
0.399011
0.662
0.400582
0.118085
0.329815
0.175909
0.204574
0.662
0.083141
0.662
0.229351
0.100547
0.292649
0.059457
0.662
0.174489
0.662
0.00961292
0.157979
0.662
0.639703
0.662
0.662
0.634648
0.662
0.0938635
0.471479
0.210775
0.429035
0.357249
0.0765538
0.10163
0.630732
0.621025
0.179308
0.108929
0.0641697
0.231945
0.142125
0.662
0.215072
0.108214
0.234285
0.0533006
0.493926
0.377184
0.0367806
0.0533718
0.20874
0.0907456
0.285641
0.662
0.0185921
0.161651
0.177793
0.422223
0.618646
0.198775
0.0318627
0.232933
0.0786772
0.662
0.290809
0.390888
0.289701
0.337919
0.255277
0.0685621
0.0852799
0.662
0.188385
0.0442773
0.092113
0.313396
0.389877
0.201369
0.284801
0.151386
0.561297
0.528676
0.112657
0.0109842
0.1718
0.385752
0.154253
0.662
0.267706
0.62328
0.662
0.146309
0.3323
0.649455
0.213558
0.129039
0.536947
0.154282
0.302839
0.374856
0.561627
0.0986271
0.337155
0.143189
0.448634
0.422737
0.206078
0.662
0.662
0.547883
0.662
0.146833
0.321074
0.031678
0.27057
0.651243
0.0211741
0.218514
0.427587
0.182184
0.662
0.662
0.09976
0.391603
0.307656
0.0821568
0.156845
0.565201
0.454119
0.474153
0.184938
0.177954
0.662
0.432062
0.389835
0.0520047
0.495258
0.237825
0.159739
0.378572
0.662
0.0321623
0.284717
0.266797
0.138256
0.187475
0.662
0.380702
0.499477
0.30688
0.0317157
0.464956
0.162004
0.662
0.420637
0.551987
0.0626829
0.0517571
0.069002
0.490458
0.295186
0.0552011
0.662
0.0721748
0.429101
0.662
0.154674
0.0559845
0.662
0.227829
0.25782
0.127146
0.662
0.0846656
0.386386
0.460296
0.202244
0.102945
0.0867749
0.101751
0.104924
0.319073
0.662
0.662
0.161296
0.662
0.35766
0.174744
0.662
0.284626
0.0580167
0.662
0.0608876
0.503017
0.160669
0.36533
0.14973
0.134174
0.469823
0.361758
0.662
0.0853555
0.265212
0.228046
0.159647
0.0638236
0.108034
0.662
0.195398
0.112582
0.579132
0.28409
0.405634
0.18294
0.0925288
0.662
0.158737
0.0838245
0.520634
0.0459072
0.252713
0.65369
0.125524
0.293873
0.375066
0.344173
0.0388316
0.0684794
0.576219
0.662
0.662
0.154618
0.0287999
0.564019
0.369221
0.193489
0.0376985
0.662
0.248616
0.129511
0.335771
0.567018
0.529288
0.188061
0.429352
0.259614
0.159158
0.47323
0.37606
0.152967
0.112339
0.135196
0.662
0.518551
0.0798353
0.0488637
0.430221
0.662
0.198146
0.383335
0.16352
0.459497
0.492527
0.116812
0.662
0.137027
0.662
0.270258
0.30044
0.321457
0.0669231
0.0015749
0.662
0.165232
0.0660868
0.662
0.269033
0.540018
0.258124
0.286664
0.166045
0.662
0.398116
0.110843
0.62809
0.24247
0.113184
0.26071
0.120554
0.165724
0.662
0.190709
0.313826
0.221059
0.313266
0.095542
0.347684
0.566918
0.662
0.343402
0.662
0.441471
0.115352
0.127935
0.0870404
0.245446
0.662
0.662
0.153839
0.212038
0.29546
0.0136543
0.662
0.0194683
0.359266
0.428979
0.207931
0.0760668
0.319326
0.224197
0.46494
0.0605751
0.127654
0.307554
0.198471
0.132941
0.107762
0.169149
0.0919262
0.00562162
0.0948373
0.0404914
0.1061
0.10682
0.153469
0.496883
0.134872
0.141235
0.662
0.361374
0.210078
0.662
0.0938402
0.104487
0.662
0.529737
0.377368
0.453913
0.149809
0.231152
0.662
0.139654
0.258051
0.345236
0.403884
0.224438
0.111131
0.15736
0.211262
0.662
0.662
0.662
0.662
0.303981
0.662
0.662
0.65056
0.283844
0.132722
0.204174
0.0922687
0.64069
0.545324
0.108332
0.220969
0.314119
0.153789
0.172959
0.19447
0.195799
0.266373
0.237813
0.199405
0.419769
0.225585
0.079547
0.662
0.662
0.164121
0.517372
0.572077
0.242532
0.295293
0.662
0.662
0.213761
0.662
0.43506
0.291676
0.193568
0.287536
0.0877557
0.385907
0.501636
0.476257
0.121832
0.331581
0.220461
0.430406
0.328907
0.177671
0.100493
0.662
0.0408936
0.132751
0.415005
0.207868
0.505519
0.116279
0.051582
0.164432
0.46536
0.384688
0.662
0.13505
0.043287
0.0810319
0.367754
0.13274
0.52664
0.366559
0.662
0.0665793
0.131583
0.511427
0.179379
0.370172
0.108587
0.271917
0.138333
0.170742
0.475364
0.37428
0.0462984
0.187283
0.163743
0.100194
0.342521
0.208082
0.0843469
0.0398039
0.133056
0.147616
0.662
0.240677
0.545664
0.662
0.430075
0.208004
0.0661721
0.531566
0.662
0.618484
0.662
0.237321
0.587626
0.179942
0.457013
0.662
0.128837
0.403718
0.241568
0.501769
0.372965
0.374743
0.662
0.100353
0.23009
0.415837
0.239861
0.662
0.0585946
0.125517
0.119782
0.417231
0.480183
0.220486
0.231147
0.662
0.629031
0.662
0.344914
0.101452
0.442798
0.309228
0.188246
0.0937625
0.649108
0.353191
0.262441
0.131763
0.0838135
0.157862
0.6192
0.188237
0.662
0.32772
0.662
0.325281
0.258579
0.267041
0.0852999
0.0063676
0.0696597
0.517032
0.27053
0.158615
0.0970447
0.20964
0.184758
0.304364
0.22503
0.342457
0.30752
0.662
0.33746
0.339584
0.496357
0.25726
0.123479
0.58694
0.0712522
0.251084
0.0431364
0.662
0.662
0.603812
0.662
0.200731
0.100547
0.173379
0.152359
0.0201598
0.544596
0.0975345
0.22575
0.205832
0.208224
0.0451641
0.662
0.10458
0.123717
0.202751
0.257083
0.313362
0.00846028
0.0109757
0.182829
0.22804
0.65165
0.437801
0.140699
0.662
0.217543
0.100677
0.0182385
0.435959
0.232696
0.188405
0.603093
0.0655833
0.662
0.395076
0.578114
0.144047
0.192453
0.511136
0.135392
0.0364931
0.0350863
0.403254
0.662
0.662
0.295751
0.193443
0.214725
0.252822
0.0687622
0.524515
0.385186
0.443965
0.112184
0.135361
0.213133
0.0796758
0.14811
0.0849184
0.100191
0.50696
0.360112
0.0644108
0.164371
0.662
0.113574
0.349988
0.662
0.174211
0.311072
0.662
0.0179644
0.0736306
0.662
0.0242249
0.27667
0.662
0.00682358
0.662
0.662
0.0394548
0.0992605
0.197223
0.62585
0.662
0.271614
0.662
0.0703197
0.447986
0.662
0.454325
0.316183
0.522966
0.601033
0.479031
0.0107997
0.0634188
0.435959
0.662
0.662
0.422966
0.662
0.124009
0.123644
0.418951
0.121156
0.286369
0.213553
0.0645722
0.662
0.118916
0.161605
0.196846
0.121266
0.662
0.662
0.270019
0.066694
0.662
0.59782
0.662
0.0718905
0.229839
0.195672
0.662
0.364025
0.258891
0.10844
0.191227
0.125947
0.401442
0.252016
0.662
0.369199
0.158659
0.382364
0.144159
0.191287
0.576375
0.600649
0.264778
0.025951
0.0521862
0.320286
0.091133
0.29088
0.401057
0.235502
0.392273
0.662
0.0506257
0.662
0.493261
0.394573
0.227818
0.191654
0.394156
0.300611
0.126794
0.177905
0.250984
0.13616
0.422422
0.120984
0.510302
0.18577
0.220158
0.662
0.285523
0.156981
0.631128
0.0880941
0.423282
0.388969
0.662
0.583233
0.662
0.0774605
0.109514
0.0769108
0.35185
0.153258
0.183336
0.0180179
0.565593
0.286909
0.0848869
0.288166
0.426636
0.0737766
0.662
0.662
0.241707
0.383699
0.456575
0.0891623
0.200033
0.223663
0.139649
0.338845
0.352991
0.148208
0.0421579
0.280988
0.348283
0.0269159
0.154201
0.110746
0.1383
0.0197716
0.662
0.459097
0.13215
0.0876524
0.348296
0.286948
0.472749
0.109894
0.160495
0.662
0.662
0.552202
0.641759
0.00350244
0.0543399
0.662
0.145672
0.662
0.175791
0.440107
0.165212
0.640796
0.508857
0.132079
0.156159
0.419055
0.579527
0.373518
0.331466
0.533218
0.662
0.56638
0.0494985
0.662
0.662
0.169167
0.244423
0.438474
0.662
0.530337
0.531882
0.167697
0.662
0.466853
0.662
0.0565648
0.345711
0.417456
0.0873674
0.532182
0.257543
0.662
0.128313
0.3965
0.0552529
0.411604
0.321117
0.20163
0.662
0.458847
0.318965
0.512542
0.261579
0.489651
0.0962771
0.662
0.293877
0.662
0.360081
0.224582
0.418735
0.3598
0.248065
0.652488
0.0499215
0.235528
0.622314
0.346315
0.662
0.504836
0.195212
0.195628
0.662
0.448228
0.270364
0.662
0.261178
0.0960576
0.113508
0.0816853
0.214992
0.0713129
0.662
0.15692
0.442795
0.104797
0.328617
0.662
0.0759954
0.174804
0.241842
0.131685
0.492031
0.653855
0.103081
0.608065
0.662
0.103353
0.149842
0.516084
0.11
0.293561
0.662
0.0206262
0.662
0.370828
0.131775
0.662
0.47833
0.218919
0.166763
0.148737
0.0413761
0.265338
0.059303
0.363743
0.424659
0.424724
0.102622
0.144242
0.2895
0.0978266
0.0866906
0.30697
0.162227
0.119218
0.240126
0.0561142
0.107871
0.165033
0.662
0.582792
0.320506
0.450597
0.528892
0.184517
0.531888
0.443275
0.0957464
0.178669
0.21332
0.406674
0.57683
0.0879408
0.662
0.0988054
0.662
0.392543
0.662
0.361381
0.41412
0.588744
0.662
0.662
0.31036
0.662
0.376259
0.662
0.0363571
0.0807187
0.102772
0.179264
0.16753
0.0754903
0.307288
0.0890192
0.662
0.139891
0.278931
0.588222
0.174232
0.427727
0.175321
0.397555
0.472644
0.0674215
0.119055
0.505668
0.662
0.152786
0.537761
0.113713
0.138343
0.0585934
0.248725
0.447544
0.48973
0.167971
0.662
0.483389
0.316813
0.144185
0.149317
0.287884
0.662
0.0234667
0.662
0.117259
0.407099
0.391417
0.662
0.0377661
0.369691
0.662
0.101454
0.537189
0.11185
0.662
0.28698
0.382017
0.0860811
0.0860123
0.662
0.0898371
0.442733
0.231623
0.246826
0.0766196
0.580199
0.506589
0.0612439
0.547536
0.662
0.246889
0.549234
0.0931045
0.035303
0.543997
0.133509
0.142869
0.115299
0.0514824
0.22771
0.110902
0.01968
0.662
0.292218
0.0705351
0.252614
0.662
0.257365
0.151148
0.662
0.384448
0.0841666
0.458471
0.43477
0.10106
0.00238758
0.186811
0.0680382
0.662
0.662
0.31254
0.0652521
0.083027
0.509236
0.157834
0.0932245
0.178563
0.298877
0.0993139
0.1481
0.40602
0.179176
0.249778
0.110325
0.0183262
0.312096
0.353257
0.298332
0.05212
0.357888
0.385178
0.662
0.279356
0.240966
0.264916
0.662
0.269506
0.565846
0.00430016
0.0276453
0.287187
0.200883
0.303343
0.565088
0.180947
0.0412601
0.362504
0.172344
0.325535
0.547085
0.193942
0.662
0.662
0.202183
0.0755366
0.662
0.662
0.126906
0.281757
0.4172
0.195306
0.662
0.662
0.277124
0.662
0.457577
0.133867
0.531819
0.11196
0.291733
0.0752306
0.341467
0.13636
0.0611301
0.662
0.121328
0.460163
0.280051
0.438749
0.167191
0.117468
0.124328
0.191006
0.0386245
0.10026
0.212477
0.662
0.143442
0.395214
0.121423
0.230451
0.27245
0.154945
0.62342
0.283941
0.150494
0.202701
0.304418
0.662
0.425269
0.0971503
0.116153
0.0968416
0.611293
0.0716433
0.662
0.662
0.569084
0.110014
0.606137
0.260518
0.662
0.23268
0.0609904
0.0817297
0.662
0.347841
0.538363
0.115665
0.560965
0.22002
0.365762
0.0432043
0.236407
0.423422
0.651183
0.613453
0.662
0.257085
0.431948
0.383726
0.452594
0.112672
0.343271
0.408522
0.0410201
0.163576
0.662
0.0608507
0.0523119
0.440615
0.0819888
0.241692
0.455211
0.0955698
0.0900064
0.662
0.44253
0.331459
0.148902
0.0652642
0.662
0.358086
0.543832
0.507382
0.270911
0.0549853
0.0222824
0.662
0.386544
0.0866907
0.0527584
0.0832031
0.0370886
0.662
0.050787
0.187769
0.299528
0.0680282
0.467175
0.185888
0.1568
0.0961611
0.0868166
0.2336
0.109778
0.0973608
0.662
0.19613
0.154965
0.117051
0.168751
0.649506
0.26242
0.210603
0.105982
0.181323
0.418067
0.455164
0.0805307
0.345795
0.127257
0.243708
0.174561
0.196729
0.662
0.0857461
0.053982
0.0685972
0.16426
0.0916436
0.326586
0.17339
0.189019
0.0604813
0.572084
0.011052
0.127477
0.154752
0.411181
0.662
0.184267
0.154129
0.423865
0.137852
0.20992
0.0730951
0.24364
0.323978
0.0589594
0.279376
0.556755
0.662
0.135123
0.076944
0.385987
0.355897
0.0379335
0.265023
0.287827
0.047001
0.0799407
0.645373
0.0640547
0.662
0.662
0.662
0.114168
0.0525588
0.662
0.0546807
0.076216
0.0651421
0.237098
0.188899
0.152701
0.105918
0.662
0.662
0.662
0.206701
0.160225
0.656987
0.540341
0.144713
0.334125
0.105956
0.102299
0.059061
0.389499
0.662
0.60003
0.0674841
0.11091
0.662
0.662
0.107534
0.206542
0.0767053
0.644349
0.189529
0.0391836
0.119833
0.278272
0.33493
0.244573
0.093849
0.662
0.597908
0.376801
0.193935
0.0404824
0.0134579
0.175205
0.662
0.107437
0.346275
0.0574001
0.662
0.653152
0.437193
0.423001
0.56732
0.35993
0.0521331
0.0643047
0.662
0.104061
0.565902
0.123428
0.646792
0.296724
0.115968
0.153889
0.132358
0.17392
0.116678
0.111713
0.0892362
0.162267
0.662
0.662
0.553569
0.346655
0.662
0.0918934
0.349549
0.00669242
0.300677
0.631467
0.662
0.00539629
0.0757743
0.125112
0.106904
0.231592
0.662
0.209405
0.0166276
0.225432
0.241131
0.318725
0.487483
0.297421
0.301754
0.215418
0.027526
0.501304
0.662
0.385526
0.496931
0.146721
0.0580766
0.147163
0.662
0.662
0.473856
0.422403
0.529167
0.160853
0.233549
0.213344
0.021597
0.377001
0.454224
0.423475
0.127849
0.0944386
0.448714
0.129419
0.156922
0.113011
0.174892
0.447517
0.0579766
0.273896
0.359104
0.10999
0.253053
0.662
0.187648
0.254423
0.20502
0.319762
0.0798986
0.655393
0.284183
0.418317
0.158688
0.461712
0.280941
0.0441317
0.169256
0.18435
0.333621
0.120188
0.0871778
0.142505
0.0767844
0.448605
0.10939
0.127529
0.245986
0.167246
0.00611672
0.239446
0.382
0.662
0.406171
0.553418
0.0133938
0.114528
0.0958597
0.0875961
0.642455
0.438292
0.662
0.0935221
0.411846
0.300109
0.207327
0.4184
0.0489699
0.107674
0.603118
0.223943
0.662
0.387604
0.172297
0.215462
0.0811885
0.251807
0.0921348
0.0635015
0.662
0.359435
0.583251
0.131341
0.00569106
0.0134264
0.0461763
0.35646
0.662
0.481961
0.100094
0.0596861
0.12255
0.112896
0.352327
0.530329
0.662
0.516408
0.41321
0.662
0.279644
0.0864715
0.425518
0.503518
0.662
0.268879
0.662
0.662
0.486546
0.11504
0.662
0.189462
0.516113
0.104468
0.662
0.246178
0.662
0.00243754
0.534764
0.00824682
0.267853
0.0885596
0.622311
0.290119
0.0955756
0.0120408
0.26505
0.109727
0.662
0.115204
0.188689
0.0387018
0.244101
0.0856968
0.662
0.0929487
0.177092
0.280656
0.512104
0.0846543
0.19423
0.278425
0.662
0.420639
0.206157
0.492479
0.113611
0.662
0.662
0.169826
0.230762
0.151763
0.251009
0.188096
0.325536
0.17381
0.148316
0.110733
0.478952
0.462023
0.108721
0.618069
0.34992
0.193528
0.228479
0.202789
0.662
0.662
0.209092
0.074499
0.283552
0.294089
0.0962662
0.536151
0.131643
0.347703
0.662
0.138394
0.0571613
0.628352
0.302279
0.205802
0.503537
0.101916
0.313334
0.633239
0.225501
0.305039
0.0385597
0.460722
0.0720681
0.41046
0.146803
0.458467
0.662
0.0373903
0.296359
0.204791
0.445928
0.503268
0.0635061
0.572102
0.0527789
0.662
0.368079
0.325378
0.251417
0.273925
0.156974
0.152317
0.662
0.195683
0.0933644
0.562087
0.0764292
0.59548
0.327202
0.662
0.254506
0.662
0.662
0.10103
0.223276
0.155571
0.502726
0.130602
0.652532
0.0601563
0.291494
0.252652
0.175894
0.39629
0.209975
0.257222
0.662
0.662
0.662
0.263934
0.576647
0.621851
0.209125
0.204863
0.0580168
0.662
0.126047
0.140076
0.298368
0.167298
0.630898
0.438147
0.362379
0.210407
0.345059
0.18307
0.251996
0.662
0.269978
0.0823011
0.0775736
0.565162
0.38907
0.446179
0.276253
0.0958848
0.132323
0.344023
0.310913
0.194478
0.0914476
0.131096
0.144433
0.662
0.0920451
0.662
0.125085
0.0296757
0.213377
0.160266
0.173561
0.332354
0.220765
0.024463
0.662
0.272564
0.662
0.0502963
0.117912
0.0970915
0.121527
0.233731
0.239903
0.662
0.141329
0.183004
0.605429
0.421947
0.149907
0.118105
0.662
0.240543
0.271633
0.662
0.262248
0.217658
0.285257
0.129434
0.498188
0.151262
0.326913
0.109582
0.662
0.43153
0.460274
0.662
0.312126
0.497151
0.00895034
0.210556
0.249222
0.216591
0.0865621
0.662
0.078095
0.662
0.218526
0.369829
0.0780828
0.662
0.452166
0.0775128
0.303793
0.223037
0.0526016
0.333857
0.322564
0.435985
0.245865
0.0778954
0.351446
0.088245
0.662
0.170151
0.313527
0.0609078
0.151629
0.662
0.662
0.0662725
0.607571
0.0781222
0.265673
0.125366
0.0654116
0.662
0.545151
0.248402
0.520321
0.0187694
0.612984
0.601772
0.157201
0.0871854
0.255797
0.00651552
0.201923
0.662
0.499043
0.215465
0.149202
0.585395
0.241178
0.448154
0.0287474
0.202201
0.388423
0.653655
0.117975
0.570598
0.0576689
0.662
0.0846494
0.218271
0.270911
0.267211
0.496861
0.221373
0.362091
0.662
0.474165
0.449931
0.232216
0.348113
0.662
0.662
0.662
0.662
0.374065
0.662
0.201236
0.662
0.226082
0.455197
0.636952
0.188415
0.022029
0.18784
0.253016
0.662
0.280311
0.184244
0.0901136
0.529017
0.151272
0.0586126
0.18524
0.662
0.186128
0.46976
0.167811
0.656752
0.0969925
0.452866
0.246434
0.155845
0.662
0.0603428
0.245971
0.288199
0.0920749
0.375017
0.662
0.130284
0.153991
0.137625
0.213964
0.171684
0.210414
0.106568
0.634658
0.063469
0.304709
0.198889
0.100556
0.662
0.29082
0.0571056
0.361321
0.237088
0.0928896
0.596904
0.268172
0.232695
0.50531
0.503608
0.282743
0.413125
0.388575
0.662
0.535675
0.0985942
0.662
0.157343
0.420113
0.163093
0.164972
0.278066
0.161791
0.420778
0.461576
0.32058
0.261162
0.130194
0.620111
0.303543
0.254534
0.0638952
0.662
0.318701
0.227081
0.15307
0.117047
0.283689
0.662
0.469153
0.167751
0.320609
0.350858
0.662
0.477168
0.0790041
0.484431
0.225211
0.230833
0.287306
0.125314
0.599493
0.509692
0.318172
0.111344
0.0524381
0.12815
0.662
0.0921924
0.497505
0.212379
0.662
0.358469
0.139778
0.113531
0.222068
0.0666643
0.552268
0.213262
0.387521
0.151326
0.113631
0.16629
0.397436
0.137312
0.372131
0.662
0.0265511
0.260646
0.10663
0.0642997
0.385716
0.662
0.311551
0.364736
0.30808
0.0483113
0.174393
0.41571
0.286272
0.297348
0.163945
0.456124
0.662
0.243152
0.23276
0.0751259
0.310552
0.0806127
0.0728116
0.662
0.103922
0.254152
0.662
0.103733
0.0520087
0.287332
0.257262
0.181349
0.662
0.662
0.662
0.229175
0.257538
0.0544131
0.287068
0.224681
0.328017
0.155905
0.190617
0.397184
0.057024
0.662
0.122674
0.113989
0.452231
0.413468
0.0317739
0.411308
0.0706411
0.0697727
0.0760222
0.263433
0.570876
0.370823
0.0171776
0.0600752
0.478617
0.394114
0.108779
0.0817989
0.662
0.662
0.228208
0.000759436
0.535889
0.0110592
0.390638
0.0973622
0.0661929
0.0852165
0.357074
0.0839577
0.37161
0.19279
0.424172
0.590052
0.434488
0.169001
0.56383
0.0120007
0.662
0.200832
0.168416
0.0808844
0.482367
0.156633
0.348476
0.425085
0.662
0.662
0.576047
0.182315
0.103551
0.378453
0.19878
0.166704
0.012786
0.0646195
0.366314
0.138685
0.254341
0.066176
0.557429
0.662
0.141446
0.662
0.509396
0.354717
0.226584
0.373854
0.277961
0.662
0.662
0.662
0.107528
0.0883922
0.0409966
0.478671
0.0630366
0.0461979
0.272213
0.118357
0.44325
0.163962
0.662
0.1245
0.272364
0.260794
0.415664
0.137981
0.447448
0.359217
0.346002
0.286749
0.456651
0.318742
0.563576
0.11367
0.0656489
0.289232
0.562627
0.108682
0.0514999
0.166896
0.52928
0.110814
0.165709
0.0911396
0.513557
0.347443
0.3408
0.662
0.243076
0.140122
0.354197
0.410516
0.055147
0.242751
0.662
0.241618
0.50948
0.235108
0.0693819
0.0430504
0.0709083
0.19595
0.293401
0.501835
0.61828
0.11828
0.367065
0.662
0.257511
0.662
0.351363
0.0469287
0.544674
0.335936
0.294666
0.0823208
0.37226
0.662
0.204706
0.140305
0.222437
0.137559
0.524376
0.662
0.20833
0.662
0.552638
0.143618
0.104735
0.662
0.188109
0.662
0.488305
0.131512
0.662
0.614796
0.224148
0.462901
0.433277
0.662
0.656889
0.156244
0.555904
0.0446966
0.662
0.144123
0.030135
0.662
0.189151
0.16578
0.0649109
0.136788
0.38961
0.662
0.173373
0.662
0.662
0.188666
0.0945268
0.0897692
0.662
0.571919
0.662
0.662
0.633139
0.0877132
0.175834
0.0686404
0.161201
0.52072
0.662
0.662
0.436187
0.662
0.0610611
0.31195
0.145073
0.662
0.485652
0.0872667
0.662
0.662
0.368296
0.242429
0.176337
0.160932
0.0881132
0.404745
0.662
0.169537
0.662
0.662
0.662
0.635108
0.427427
0.291288
0.127245
0.272375
0.292169
0.662
0.20486
0.334772
0.154241
0.662
0.329511
0.195764
0.0144567
0.258131
0.102121
0.662
0.145154
0.184532
0.659462
0.103137
0.28191
0.338846
0.421858
0.0979205
0.194362
0.0381075
0.645278
0.0789601
0.502109
0.662
0.413798
0.662
0.115751
0.5976
0.662
0.130895
0.662
0.366004
0.28428
0.0140319
0.346992
0.0191814
0.662
0.662
0.247777
0.662
0.106471
0.307454
0.429935
0.662
0.27051
0.0937448
0.626554
0.65158
0.371717
0.217922
0.662
0.285638
0.135135
0.662
0.0617955
0.538491
0.265743
0.230968
0.319223
0.138669
0.157245
0.164426
0.236379
0.662
0.381652
0.345685
0.662
0.501983
0.427149
0.276377
0.29089
0.570796
0.167655
0.104935
0.20502
0.662
0.47394
0.137819
0.338101
0.1241
0.135592
0.207356
0.145521
0.643461
0.200333
0.0503256
0.660006
0.166458
0.160492
0.109919
0.662
0.142661
0.251341
0.238619
0.0909076
0.362142
0.662
0.0701142
0.105638
0.40529
0.172893
0.578424
0.236652
0.158158
0.662
0.108842
0.310943
0.400164
0.404169
0.537762
0.108466
0.219597
0.382792
0.133979
0.662
0.17027
0.413556
0.151059
0.362658
0.420655
0.180511
0.09314
0.298262
0.421405
0.393656
0.183132
0.660529
0.11702
0.128594
0.0488997
0.375055
0.662
0.218275
0.551126
0.274284
0.192273
0.0602464
0.246311
0.304476
0.662
0.0799457
0.194566
0.153286
0.262735
0.662
0.381027
0.317213
0.019588
0.662
0.297864
0.586635
0.662
0.18367
0.281242
0.16244
0.662
0.0915253
0.324008
0.454086
0.299162
0.202254
0.469327
0.156652
0.492526
0.484637
0.456308
0.628288
0.103312
0.0767369
0.221602
0.0510435
0.309334
0.482245
0.141776
0.0852151
0.264861
0.420853
0.122975
0.62844
0.0563519
0.662
0.276708
0.313079
0.298512
0.093857
0.662
0.287827
0.102188
0.0699482
0.586138
0.662
0.436514
0.158814
0.366792
0.166451
0.281365
0.415033
0.0905203
0.181909
0.10464
0.29552
0.0732103
0.102111
0.662
0.662
0.0654649
0.427235
0.0525911
0.662
0.215986
0.322762
0.215323
0.241689
0.459233
0.662
0.273775
0.662
0.471915
0.247749
0.318357
0.113378
0.234282
0.108337
0.033015
0.662
0.089801
0.0579205
0.142894
0.22958
0.0549039
0.160585
0.488807
0.616747
0.30525
0.0914075
0.446414
0.208822
0.208245
0.590402
0.0186654
0.317495
0.346046
0.207363
0.394074
0.290665
0.199857
0.109033
0.662
0.177777
0.0441914
0.620527
0.365326
0.301274
0.111827
0.0964173
0.194431
0.501593
0.166254
0.111778
0.0770431
0.614481
0.211086
0.108283
0.125866
0.238258
0.116543
0.619552
0.0123173
0.119795
0.0754482
0.179436
0.282304
0.313198
0.548498
0.073651
0.166438
0.513161
0.565547
0.402667
0.662
0.500417
0.0312011
0.5014
0.662
0.153847
0.251452
0.0577399
0.227259
0.309335
0.261625
0.0645065
0.297569
0.0365581
0.279001
0.01974
0.197172
0.209232
0.662
0.397561
0.177579
0.0744638
0.086491
0.0594962
0.493136
0.662
0.271987
0.0507348
0.420443
0.598178
0.135039
0.037381
0.525881
0.109703
0.356332
0.196074
0.396686
0.233594
0.263633
0.543269
0.597023
0.551917
0.654019
0.173514
0.652389
0.436349
0.226787
0.153008
0.449325
0.215047
0.618685
0.551205
0.0273494
0.593907
0.0144266
0.161401
0.0891679
0.245913
0.11245
0.196432
0.48322
0.0675331
0.211473
0.0734955
0.251469
0.134766
0.0799847
0.304038
0.662
0.440449
0.0617482
0.138364
0.662
0.224468
0.199149
0.432444
0.207009
0.118638
0.429769
0.0276805
0.122951
0.405195
0.262814
0.109576
0.662
0.481344
0.594859
0.228595
0.662
0.382648
0.125765
0.168956
0.366832
0.086515
0.072172
0.159081
0.134213
0.607743
0.307567
0.115833
0.118853
0.10838
0.151065
0.400199
0.385521
0.102286
0.0289203
0.662
0.51511
0.0421583
0.199396
0.19066
0.207048
0.662
0.662
0.662
0.343331
0.331846
0.622981
0.554601
0.189584
0.662
0.552295
0.101537
0.599671
0.611696
0.312866
0.218427
0.13857
0.169645
0.0861862
0.260178
0.226353
0.12325
0.181319
0.293911
0.219553
0.21456
0.237304
0.448952
0.182049
0.332692
0.656396
0.115498
0.217288
0.119033
0.412902
0.110609
0.658462
0.195923
0.0203944
0.112494
0.167894
0.114736
0.662
0.318621
0.335462
0.333196
0.127371
0.564259
0.603802
0.188832
0.294779
0.29134
0.662
0.662
0.662
0.157165
0.463881
0.0639182
0.136524
0.358002
0.173466
0.662
0.662
0.152879
0.487373
0.293605
0.64481
0.162131
0.131554
0.139447
0.106458
0.41344
0.207426
0.300543
0.0220228
0.662
0.138314
0.662
0.0710881
0.20933
0.100973
0.610238
0.0609775
0.298084
0.0891337
0.313057
0.662
0.662
0.326288
0.114425
0.0527732
0.584383
0.231348
0.124041
0.662
0.0947425
0.439238
0.197146
0.160239
0.662
0.378127
0.198337
0.662
0.3277
0.125432
0.173718
0.662
0.389767
0.0706998
0.355347
0.34594
0.223193
0.307034
0.321862
0.155437
0.389369
0.662
0.596803
0.211732
0.272776
0.298266
0.135301
0.387081
0.0930208
0.318393
0.119201
0.0407532
0.298097
0.0968954
0.200855
0.227929
0.662
0.662
0.467476
0.221884
0.662
0.25378
0.252133
0.0878341
0.12017
0.260054
0.218027
0.133437
0.029303
0.0493205
0.168919
0.59946
0.662
0.635851
0.0776762
0.220936
0.423931
0.0935759
0.589564
0.132944
0.358218
0.126994
0.299602
0.0955955
0.0966796
0.458327
0.662
0.243198
0.295032
0.221818
0.555363
0.337666
0.0643482
0.120239
0.136383
0.302506
0.0584591
0.0161543
0.145647
0.166215
0.24177
0.263687
0.119935
0.0793014
0.662
0.0578739
0.662
0.195272
0.397838
0.0607087
0.1086
0.226733
0.326404
0.109107
0.513556
0.0756812
0.161567
0.273044
0.258999
0.210019
0.283272
0.335144
0.238527
0.186282
0.162626
0.478578
0.568017
0.653164
0.0557048
0.283935
0.204652
0.662
0.372379
0.440947
0.0505388
0.472182
0.163059
0.344724
0.172227
0.10533
0.405572
0.191933
0.0609034
0.468429
0.32964
0.368001
0.165366
0.491564
0.101478
0.198742
0.237656
0.662
0.662
0.571766
0.662
0.160019
0.537979
0.662
0.101248
0.662
0.103749
0.15812
0.119121
0.662
0.354155
0.12912
0.12318
0.47058
0.463932
0.0820952
0.189232
0.0730778
0.405588
0.0438151
0.16842
0.0139867
0.126581
0.311062
0.46976
0.528669
0.165757
0.224586
0.336034
0.222606
0.581143
0.502804
0.283937
0.0991712
0.0250813
0.428172
0.399988
0.0983293
0.458546
0.662
0.39444
0.439806
0.155069
0.264876
0.322037
0.662
0.662
0.0566869
0.646845
0.381348
0.0714107
0.248369
0.160359
0.19361
0.190021
0.292314
0.662
0.662
0.0885089
0.186345
0.284241
0.427022
0.0757896
0.334098
0.177419
0.662
0.465572
0.182539
0.186538
0.141773
0.297926
0.0907286
0.217822
0.458728
0.48733
0.415086
0.662
0.662
0.09381
0.156327
0.10257
0.0226898
0.0817911
0.152333
0.0925649
0.398569
0.0710024
0.105201
0.480922
0.49942
0.314752
0.6253
0.662
0.257959
0.0451562
0.369342
0.0747737
0.426836
0.0518454
0.530656
0.497938
0.21514
0.662
0.662
0.454443
0.0471086
0.242289
0.357607
0.21404
0.45894
0.662
0.371044
0.111637
0.0849255
0.470041
0.468464
0.355389
0.255658
0.198932
0.610761
0.0525842
0.600878
0.399974
0.437001
0.216296
0.662
0.049679
0.100211
0.176911
0.662
0.208183
0.552493
0.473788
0.373884
0.153533
0.433905
0.595485
0.286658
0.281306
0.242814
0.0864613
0.0623053
0.0945119
0.56741
0.155217
0.562626
0.123619
0.133751
0.187769
0.506203
0.349753
0.342674
0.467088
0.288803
0.141977
0.164765
0.662
0.326426
0.662
0.365695
0.0481221
0.662
0.531768
0.662
0.662
0.370299
0.0133501
0.662
0.20341
0.11747
0.16224
0.136217
0.0549441
0.662
0.662
0.197804
0.182683
0.243712
0.105341
0.462641
0.175677
0.0418232
0.662
0.152567
0.0432805
0.0457498
0.376878
0.188164
0.646648
0.18353
0.220275
0.441471
0.599659
0.086832
0.662
0.466513
0.578535
0.108661
0.358968
0.662
0.662
0.179226
0.428564
0.200158
0.624018
0.114892
0.231592
0.662
0.200154
0.456954
0.310757
0.662
0.145198
0.589943
0.531795
0.0758055
0.0709704
0.417305
0.117357
0.142277
0.338786
0.63866
0.31641
0.257927
0.195507
0.0928058
0.456929
0.449717
0.662
0.662
0.107997
0.0443054
0.119813
0.112278
0.632177
0.176699
0.531035
0.362873
0.662
0.271847
0.370053
0.145228
0.452966
0.278289
0.192176
0.662
0.073621
0.06764
0.602563
0.662
0.338936
0.116689
0.569593
0.373864
0.516788
0.662
0.662
0.38535
0.492487
0.662
0.179126
0.651747
0.511911
0.582799
0.662
0.119806
0.591353
0.233051
0.228641
0.522816
0.179003
0.104378
0.662
0.219245
0.137028
0.215521
0.270772
0.295663
0.104952
0.0654707
0.662
0.310293
0.499177
0.389666
0.143235
0.371677
0.27378
0.0660735
0.180083
0.602434
0.468618
0.478313
0.0903686
0.426566
0.11143
0.0565153
0.0593403
0.0695739
0.0396705
0.662
0.662
0.662
0.387988
0.471802
0.10524
0.0959474
0.0665101
0.415927
0.467188
0.214927
0.0539836
0.617498
0.392789
0.662
0.462274
0.267011
0.0497563
0.163734
0.320085
0.412863
0.175652
0.444459
0.271474
0.437637
0.276607
0.0731387
0.102771
0.24494
0.662
0.662
0.237547
0.0961933
0.420558
0.000726409
0.251874
0.0927409
0.293487
0.203392
0.30217
0.354046
0.109439
0.273428
0.0592386
0.14295
0.136373
0.147442
0.160218
0.662
0.130576
0.136998
0.066243
0.0615369
0.380722
0.12132
0.0741929
0.592443
0.295631
0.662
0.662
0.662
0.217684
0.496726
0.507542
0.173457
0.1099
0.236406
0.198972
0.0664285
0.662
0.390452
0.4977
0.589989
0.284693
0.662
0.341231
0.0135489
0.541605
0.310169
0.608879
0.12461
0.371136
0.333768
0.504076
0.479301
0.662
0.353291
0.240794
0.178347
0.466157
0.40442
0.0582176
0.212531
0.126197
0.662
0.313779
0.353054
0.662
0.348715
0.119929
0.662
0.623143
0.240735
0.477798
0.37312
0.301957
0.0818211
0.211896
0.270438
0.36481
0.23599
0.420528
0.336615
0.114796
0.0119863
0.650896
0.0970193
0.0172792
0.566585
0.662
0.662
0.353282
0.245137
0.0751505
0.204432
0.20766
0.662
0.111641
0.290047
0.144282
0.650385
0.356492
0.204833
0.23821
0.430753
0.196391
0.662
0.386611
0.662
0.662
0.297029
0.29868
0.415825
0.399721
0.155964
0.0334832
0.568596
0.434761
0.232775
0.338129
0.361223
0.432374
0.123259
0.0286986
0.0675158
0.662
0.542279
0.503242
0.117776
0.327433
0.168995
0.410717
0.256679
0.077456
0.559529
0.662
0.0943716
0.279088
0.0218177
0.00696499
0.334574
0.00589445
0.316405
0.110178
0.312747
0.234579
0.129812
0.346534
0.353209
0.289372
0.292942
0.248663
0.214567
0.662
0.0212895
0.594761
0.190183
0.246961
0.193449
0.255638
0.123671
0.558161
0.232282
0.662
0.28178
0.0414096
0.112715
0.107589
0.184995
0.24794
0.0889932
0.288022
0.280939
0.652186
0.360462
0.246698
0.288957
0.662
0.470275
0.662
0.578377
0.190241
0.662
0.223995
0.09049
0.308036
0.316005
0.3629
0.662
0.377625
0.0803519
0.662
0.662
0.662
0.113916
0.0840961
0.608923
0.507651
0.662
0.471037
0.0992803
0.322671
0.141931
0.662
0.185864
0.144993
0.196024
0.149172
0.0535325
0.113266
0.075794
0.489726
0.662
0.0361439
0.423255
0.44895
0.662
0.0875124
0.662
0.662
0.133914
0.223573
0.145969
0.333357
0.354964
0.662
0.103795
0.100821
0.122472
0.128413
0.332108
0.148957
0.47554
0.47676
0.0158619
0.643057
0.0561861
0.505012
0.574928
0.64846
0.115765
0.662
0.246363
0.0406452
0.456115
0.662
0.179893
0.460542
0.662
0.249887
0.230595
0.117724
0.662
0.277007
0.212974
0.0746541
0.0623693
0.0510523
0.394521
0.17218
0.597751
0.183421
0.268158
0.21296
0.29583
0.662
0.621271
0.292561
0.662
0.662
0.231756
0.648295
0.119056
0.277518
0.112315
0.140839
0.412735
0.220793
0.525127
0.243169
0.43492
0.662
0.396553
0.263599
0.127622
0.127954
0.55153
0.161345
0.0335719
0.0750757
0.156796
0.662
0.516689
0.662
0.421346
0.257548
0.368466
0.2145
0.541854
0.0910765
0.662
0.447248
0.37674
0.0981534
0.249301
0.14489
0.146659
0.459035
0.0297297
0.221958
0.51846
0.0661899
0.337158
0.319722
0.130916
0.507186
0.110227
0.234257
0.662
0.512508
0.662
0.301985
0.240119
0.264702
0.662
0.0477922
0.662
0.338053
0.183728
0.132257
0.0175868
0.0679548
0.103902
0.662
0.413211
0.383065
0.447556
0.611729
0.14295
0.099706
0.168091
0.231588
0.108621
0.534286
0.524271
0.571708
0.131171
0.0293865
0.235177
0.153454
0.0471044
0.0177351
0.628527
0.0997951
0.215002
0.296656
0.329558
0.113902
0.269607
0.234129
0.150554
0.100305
0.182812
0.662
0.279562
0.200095
0.187799
0.0297463
0.399555
0.347722
0.662
0.128196
0.234239
0.214991
0.361963
0.201755
0.0760652
0.624454
0.380816
0.0859932
0.161248
0.0727144
0.123932
0.151032
0.150354
0.0717474
0.218901
0.498762
0.176956
0.662
0.578512
0.339737
0.163073
0.163737
0.516913
0.0402202
0.364528
0.581596
0.282956
0.218779
0.299763
0.107951
0.118903
0.248493
0.218257
0.5367
0.483984
0.0649348
0.662
0.662
0.0646434
0.219407
0.12804
0.549951
0.0742258
0.208443
0.0936166
0.138929
0.202309
0.140903
0.0637315
0.179545
0.38443
0.0997895
0.358424
0.363249
0.201415
0.138988
0.662
0.147451
0.662
0.0487755
0.160617
0.533325
0.278932
0.628074
0.158921
0.212675
0.235442
0.110397
0.0598228
0.154008
0.24876
0.240831
0.316196
0.117299
0.192401
0.387763
0.232099
0.662
0.127944
0.06748
0.662
0.662
0.567815
0.235756
0.662
0.289844
0.21207
0.108535
0.0385414
0.117409
0.248868
0.214407
0.25597
0.58637
0.120607
0.0665311
0.138116
0.662
0.435099
0.40411
0.368764
0.384859
0.328421
0.662
0.0324824
0.358205
0.314994
0.662
0.280883
0.662
0.111643
0.347871
0.334643
0.146306
0.01723
0.0248209
0.0155887
0.110277
0.100657
0.377898
0.0388245
0.150432
0.0881707
0.0502996
0.662
0.662
0.62897
0.124263
0.459084
0.662
0.27134
0.488244
0.454419
0.433292
0.662
0.123509
0.47846
0.0829624
0.0742112
0.20724
0.429412
0.406869
0.0584549
0.392711
0.0573316
0.0907375
0.662
0.127082
0.193649
0.217578
0.43452
0.0443866
0.662
0.292547
0.163254
0.455413
0.556393
0.308465
0.171793
0.0759036
0.159746
0.1249
0.662
0.482919
0.0386266
0.15511
0.25991
0.10038
0.182673
0.662
0.216124
0.216192
0.609844
0.317059
0.264437
0.121759
0.419659
0.432089
0.457814
0.662
0.63275
0.106836
0.471045
0.187211
0.472562
0.338939
0.175843
0.241828
0.10955
0.090719
0.197978
0.662
0.242696
0.193987
0.285591
0.0947403
0.135475
0.10229
0.0880732
0.457777
0.662
0.0781682
0.05691
0.147413
0.175497
0.117013
0.0821842
0.309227
0.259078
0.017695
0.251926
0.329327
0.149405
0.196037
0.474781
0.0723804
0.206018
0.159056
0.141914
0.137843
0.0460951
0.372074
0.662
0.152594
0.397238
0.626829
0.288153
0.067804
0.662
0.518952
0.662
0.653935
0.0794511
0.662
0.662
0.225998
0.338491
0.240968
0.662
0.0814018
0.0463584
0.327831
0.505135
0.662
0.614085
0.178396
0.427713
0.0139791
0.662
0.137305
0.23887
0.141888
0.662
0.662
0.0741927
0.662
0.186764
0.378159
0.662
0.0141752
0.29484
0.513265
0.400805
0.658891
0.662
0.0298785
0.280502
0.0458338
0.207676
0.382767
0.576511
0.492088
0.21288
0.0635484
0.4666
0.662
0.10795
0.202584
0.105342
0.0610146
0.248929
0.394467
0.105502
0.00282198
0.336729
0.294567
0.137263
0.151557
0.662
0.24364
0.291908
0.123161
0.137718
0.140261
0.600681
0.662
0.435656
0.603019
0.218884
0.0850805
0.214761
0.498201
0.662
0.418745
0.218822
0.239977
0.645421
0.132025
0.0964327
0.0648086
0.233275
0.320865
0.0471387
0.662
0.0667096
0.132473
0.662
0.662
0.373301
0.118919
0.662
0.15706
0.662
0.268176
0.163224
0.0629566
0.652491
0.166431
0.0168139
0.662
0.0840437
0.101965
0.0177666
0.662
0.343696
0.216658
0.662
0.389822
0.645239
0.157195
0.10703
0.0758649
0.39789
0.322196
0.130862
0.437818
0.150577
0.14224
0.133154
0.0764836
0.422453
0.14612
0.265168
0.0586682
0.662
0.23888
0.622936
0.174753
0.272357
0.641682
0.662
0.347674
0.513656
0.4385
0.636372
0.249777
0.0664814
0.662
0.563281
0.262707
0.042696
0.21157
0.662
0.491052
0.0432731
0.589659
0.285617
0.331207
0.385803
0.0518606
0.150303
0.00173291
0.0289916
0.269736
0.0418943
0.544673
0.235473
0.425793
0.165607
0.287291
0.387564
0.235966
0.0529996
0.191158
0.352091
0.286566
0.662
0.594417
0.27299
0.0575367
0.0731876
0.0987985
0.304079
0.109764
0.0406809
0.662
0.292219
0.0731035
0.081893
0.662
0.59747
0.296367
0.662
0.64001
0.363994
0.0986578
0.119038
0.662
0.0792459
0.0964858
0.662
0.0492996
0.308008
0.094879
0.662
0.0801667
0.11811
0.662
0.662
0.0556559
0.0641053
0.102273
0.116989
0.0754342
0.40279
0.285798
0.662
0.337765
0.150234
0.299009
0.662
0.329688
0.211124
0.121877
0.258387
0.662
0.355571
0.662
0.128616
0.0769534
0.662
0.617661
0.524805
0.209837
0.662
0.0504942
0.122349
0.662
0.414924
0.421415
0.427005
0.273224
0.522089
0.208119
0.250397
0.418322
0.213339
0.219245
0.368411
0.662
0.0828103
0.161974
0.427204
0.514595
0.141676
0.0658122
0.279922
0.112436
0.323099
0.196148
0.289804
0.55765
0.144616
0.569146
0.662
0.337547
0.0373309
0.244448
0.662
0.662
0.0900452
0.502429
0.220882
0.370002
0.197937
0.243227
0.662
0.542451
0.0314846
0.321803
0.13413
0.36361
0.377286
0.157089
0.0741083
0.129344
0.317369
0.166896
0.526537
0.5947
0.244961
0.662
0.662
0.0868421
0.429584
0.313203
0.213561
0.602334
0.0896058
0.0752089
0.107532
0.414995
0.180702
0.24232
0.662
0.14051
0.149961
0.135276
0.0582875
0.53886
0.571554
0.575288
0.662
0.0982629
0.312256
0.662
0.116958
0.310224
0.402081
0.0592522
0.251167
0.0621385
0.0497512
0.189589
0.662
0.463655
0.583478
0.185073
0.158903
0.437291
0.164278
0.527277
0.23016
0.619251
0.567193
0.662
0.662
0.0841877
0.123009
0.653734
0.471404
0.662
0.134141
0.163108
0.281631
0.0591895
0.395268
0.351814
0.458187
0.271006
0.0653235
0.168666
0.216729
0.0736469
0.246119
0.161639
0.211255
0.18846
0.0590779
0.144659
0.408624
0.228314
0.325041
0.387282
0.12291
0.187301
0.569358
0.149991
0.631459
0.662
0.257596
0.662
0.184871
0.0409465
0.276638
0.0182033
0.177243
0.226866
0.245637
0.121631
0.662
0.268411
0.126171
0.662
0.245727
0.607353
0.398506
0.446472
0.505454
0.255866
0.134786
0.07222
0.634032
0.0143202
0.169829
0.244034
0.0550956
0.551143
0.173916
0.131012
0.662
0.142523
0.328242
0.662
0.376278
0.266143
0.492394
0.160913
0.152275
0.13976
0.569683
0.662
0.0904953
0.268622
0.580923
0.126418
0.0899409
0.364378
0.192837
0.120325
0.215458
0.0893497
0.0960554
0.297387
0.148373
0.412054
0.355457
0.206032
0.289587
0.214545
0.268069
0.240548
0.662
0.341619
0.333976
0.662
0.129743
0.221531
0.102085
0.466612
0.662
0.109115
0.474961
0.0277363
0.37284
0.117254
0.456432
0.140787
0.201453
0.379956
0.626031
0.00525506
0.130509
0.0884767
0.210481
0.662
0.261294
0.468945
0.0144683
0.653575
0.350232
0.618519
0.0877457
0.122834
0.117049
0.316321
0.423622
0.662
0.662
0.414742
0.359697
0.0511173
0.662
0.101083
0.128632
0.0453633
0.587404
0.437591
0.0766638
0.0233169
0.480069
0.133625
0.489519
0.214287
0.209969
0.120785
0.662
0.326249
0.599992
0.190467
0.412683
0.15561
0.461871
0.173726
0.0244886
0.0867758
0.662
0.166481
0.172359
0.375423
0.0802411
0.662
0.156849
0.0667265
0.294637
0.210285
0.464126
0.159405
0.422807
0.239992
0.297465
0.662
0.244536
0.390548
0.0840168
0.662
0.141136
0.494465
0.512677
0.0527475
0.488042
0.142001
0.327259
0.20319
0.662
0.0790658
0.206213
0.662
0.0452453
0.0627682
0.387598
0.283714
0.662
0.145287
0.0484721
0.662
0.662
0.152576
0.364737
0.0695588
0.177028
0.503366
0.115087
0.662
0.187372
0.106444
0.128675
0.662
0.254202
0.21619
0.536495
0.662
0.662
0.110363
0.408009
0.662
0.350317
0.662
0.27992
0.618297
0.0389189
0.623145
0.314596
0.260391
0.1172
0.0801975
0.0478943
0.662
0.254079
0.140885
0.662
0.207417
0.299136
0.0646717
0.307573
0.202611
0.41208
0.370508
0.146279
0.662
0.0485691
0.154072
0.0342793
0.472729
0.449109
0.0666368
0.4263
0.461254
0.12886
0.160908
0.52976
0.313691
0.111348
0.114402
0.00270189
0.0813083
0.0830332
0.662
0.662
0.399334
0.662
0.0354438
0.496894
0.219065
0.0900264
0.519513
0.133505
0.217666
0.208614
0.154594
0.574551
0.624053
0.0749227
0.12533
0.662
0.662
0.475327
0.511327
0.189591
0.274391
0.103195
0.139728
0.229408
0.368336
0.0824928
0.230983
0.102512
0.35157
0.0888046
0.271246
0.197786
0.10851
0.34809
0.113737
0.662
0.185005
0.0592982
0.662
0.662
0.0500675
0.662
0.10868
0.503231
0.0895131
0.212798
0.578396
0.500148
0.286607
0.0847259
0.448492
0.600044
0.617998
0.222316
0.140094
0.0656856
0.265194
0.121257
0.0939885
0.0677104
0.0185268
0.662
0.355921
0.0516777
0.277745
0.395035
0.182861
0.467543
0.11438
0.0489585
0.662
0.262427
0.181948
0.326428
0.0757355
0.0450118
0.383732
0.662
0.0316864
0.145625
0.170546
0.18959
0.0360915
0.662
0.434153
0.0846444
0.496704
0.407106
0.548667
0.307695
0.139818
0.137378
0.662
0.0649955
0.397614
0.38744
0.298507
0.460481
0.187368
0.0544588
0.22854
0.153487
0.662
0.160017
0.662
0.0482593
0.325362
0.0571401
0.548588
0.291467
0.0764085
0.256109
0.442691
0.545962
0.272538
0.662
0.662
0.11367
0.480459
0.227632
0.662
0.120836
0.0247671
0.344138
0.195963
0.101829
0.192259
0.610167
0.0177466
0.0888013
0.0400241
0.540406
0.0765318
0.046431
0.662
0.129527
0.25226
0.0984474
0.097249
0.358908
0.662
0.241803
0.00692323
0.184179
0.280699
0.146013
0.150089
0.246364
0.662
0.10286
0.524827
0.351676
0.153131
0.662
0.464362
0.0618279
0.609897
0.111017
0.171685
0.662
0.272446
0.219777
0.438671
0.417938
0.14933
0.306708
0.133264
0.605894
0.215225
0.662
0.128423
0.269075
0.0934805
0.107059
0.371816
0.650711
0.102932
0.0516771
0.0997084
0.169234
0.258756
0.0970162
0.586455
0.102141
0.282273
0.118197
0.662
0.307226
0.00993015
0.662
0.574331
0.123814
0.513749
0.286702
0.079102
0.274784
0.22592
0.149147
0.288532
0.279982
0.381695
0.112816
0.378842
0.135585
0.162209
0.170504
0.242635
0.662
0.0198155
0.662
0.110989
0.128387
0.0609438
0.12084
0.108835
0.186396
0.345907
0.662
0.153904
0.104433
0.662
0.0227267
0.662
0.121353
0.48318
0.358946
0.2587
0.294619
0.371111
0.372397
0.557486
0.261954
0.0692611
0.199941
0.0341558
0.0868191
0.173483
0.0876339
0.662
0.15464
0.0428351
0.15789
0.301465
0.230886
0.662
0.176146
0.151235
0.662
0.267397
0.662
0.243461
0.372621
0.619304
0.504353
0.662
0.662
0.0890102
0.212026
0.662
0.331556
0.0386959
0.0308894
0.120267
0.662
0.322565
0.180348
0.390424
0.226346
0.662
0.649251
0.662
0.463049
0.2529
0.372536
0.662
0.381951
0.44111
0.280774
0.182109
0.0753578
0.0820405
0.475204
0.662
0.662
0.662
0.381552
0.104818
0.443892
0.662
0.134238
0.126502
0.112947
0.378544
0.055652
0.250548
0.309177
0.440492
0.43812
0.217271
0.134603
0.662
0.569528
0.309925
0.25434
0.220255
0.211471
0.141569
0.323149
0.173721
0.213837
0.384922
0.445535
0.0531061
0.281163
0.221146
0.241449
0.407564
0.238816
0.569298
0.46586
0.662
0.126817
0.192478
0.019969
0.662
0.279228
0.38386
0.116855
0.073565
0.402196
0.634342
0.302561
0.154797
0.190178
0.662
0.113717
0.00764688
0.244836
0.266621
0.260821
0.15255
0.101491
0.240125
0.484283
0.504156
0.626425
0.662
0.463793
0.0388555
0.0465733
0.0286161
0.662
0.1006
0.1321
0.217619
0.662
0.126378
0.382745
0.662
0.662
0.356053
0.610968
0.662
0.0755199
0.149315
0.662
0.0238907
0.241892
0.350043
0.13096
0.18997
0.449869
0.175825
0.349197
0.354203
0.4539
0.662
0.165089
0.19457
0.545689
0.473595
0.456288
0.27424
0.58083
0.565951
0.425632
0.0693739
0.0868023
0.462757
0.366089
0.359817
0.0809364
0.662
0.0903756
0.215516
0.379659
0.662
0.220008
0.447597
0.505034
0.662
0.179198
0.101041
0.0571395
0.0870157
0.0736657
0.0893039
0.142913
0.662
0.0880418
0.475651
0.360518
0.0585198
0.350845
0.287524
0.237808
0.662
0.30108
0.1081
0.0998986
0.227829
0.0630328
0.317314
0.596934
0.118687
0.511025
0.219974
0.635658
0.662
0.285821
0.0615897
0.182217
0.247662
0.340185
0.350504
0.0499006
0.447448
0.265902
0.662
0.0833324
0.09409
0.0138837
0.190242
0.11952
0.662
0.401758
0.310413
0.315354
0.273534
0.308717
0.114262
0.245801
0.172479
0.237304
0.252143
0.122523
0.14082
0.324824
0.662
0.493407
0.299611
0.119577
0.110554
0.290156
0.130904
0.0158575
0.433869
0.113659
0.662
0.167156
0.244094
0.662
0.662
0.301322
0.332749
0.42639
0.12278
0.399991
0.280195
0.124255
0.549098
0.115117
0.271948
0.207688
0.0861597
0.662
0.301149
0.319255
0.213286
0.0911643
0.331454
0.339028
0.459575
0.0293003
0.662
0.662
0.292634
0.135198
0.662
0.219671
0.301816
0.116073
0.662
0.186435
0.133565
0.662
0.662
0.662
0.0751329
0.389108
0.24354
0.124741
0.0316982
0.28817
0.210013
0.330108
0.556827
0.348818
0.252918
0.340239
0.148869
0.576311
0.662
0.662
0.236738
0.295812
0.321624
0.121041
0.0919899
0.223197
0.151159
0.662
0.496613
0.421905
0.118056
0.0857394
0.662
0.209558
0.00306969
0.612422
0.662
0.662
0.402993
0.267431
0.340002
0.0617064
0.0663101
0.143398
0.345929
0.662
0.626179
0.447604
0.238111
0.292313
0.662
0.295962
0.497632
0.0159751
0.288519
0.662
0.163938
0.147507
0.221609
0.573162
0.11677
0.495656
0.245903
0.660122
0.662
0.0431903
0.511794
0.116466
0.232991
0.114335
0.46979
0.662
0.125716
0.206821
0.465763
0.303819
0.127035
0.0443051
0.128133
0.662
0.209264
0.662
0.43536
0.52428
0.388152
0.125194
0.343455
0.395824
0.493136
0.176477
0.418086
0.0826915
0.662
0.0979887
0.0504252
0.305497
0.0167695
0.161809
0.662
0.0951284
0.174568
0.112183
0.205104
0.368845
0.13577
0.0103649
0.160117
0.11569
0.205925
0.211279
0.138959
0.662
0.526974
0.602922
0.161687
0.106484
0.134534
0.233261
0.17388
0.265021
0.0747139
0.0689918
0.662
0.219116
0.254207
0.399998
0.173589
0.408914
0.0649309
0.260893
0.132809
0.3862
0.530977
0.648416
0.662
0.485766
0.453982
0.265315
0.466095
0.633694
0.0804322
0.289802
0.662
0.493457
0.0985206
0.17242
0.067309
0.121876
0.256939
0.662
0.111129
0.662
0.305913
0.475954
0.189078
0.0905949
0.494411
0.21642
0.553738
0.216194
0.662
0.193743
0.370071
0.150995
0.662
0.130344
0.547872
0.0963699
0.533743
0.0480936
0.325653
0.181953
0.140323
0.662
0.662
0.25443
0.0544815
0.108034
0.261511
0.270865
0.0750547
0.662
0.15745
0.0745568
0.0697158
0.158103
0.600662
0.662
0.255213
0.105575
0.662
0.651708
0.119585
0.17005
0.257472
0.01807
0.145245
0.321246
0.27732
0.3468
0.127794
0.0897478
0.41591
0.100844
0.633391
0.471726
0.408494
0.137008
0.0834795
0.662
0.213449
0.58167
0.170479
0.131571
0.662
0.662
0.284714
0.374582
0.0933102
0.0401122
0.162507
0.135389
0.31245
0.0949754
0.453843
0.03329
0.293961
0.2298
0.662
0.577141
0.187004
0.0520913
0.10168
0.376757
0.154861
0.208041
0.55295
0.662
0.208465
0.0855712
0.124052
0.14238
0.54198
0.576849
0.194609
0.174228
0.115493
0.242345
0.0587373
0.149873
0.352319
0.662
0.662
0.340897
0.0558031
0.521909
0.094176
0.275983
0.363562
0.0531716
0.527055
0.240728
0.0537781
0.363083
0.194212
0.0486258
0.302184
0.141743
0.172037
0.0712135
0.140651
0.162234
0.185333
0.258194
0.0139221
0.369243
0.202224
0.163796
0.361044
0.597384
0.0570859
0.660868
0.451056
0.662
0.356425
0.0936394
0.10681
0.471767
0.316792
0.662
0.264299
0.154897
0.111491
0.0500588
0.157232
0.0655436
0.23599
0.131562
0.0408609
0.205096
0.213366
0.509996
0.19127
0.141845
0.177094
0.158798
0.662
0.662
0.316814
0.238498
0.176548
0.0742413
0.0797844
0.662
0.259777
0.159071
0.662
0.271875
0.662
0.662
0.282198
0.662
0.662
0.0630491
0.575827
0.256734
0.162683
0.662
0.250163
0.662
0.150616
0.279647
0.210137
0.380327
0.525406
0.0956235
0.166465
0.656855
0.192726
0.48442
0.163384
0.142376
0.109991
0.33845
0.0498651
0.662
0.317891
0.496301
0.0811998
0.128324
0.293907
0.311998
0.11249
0.097951
0.101386
0.205048
0.150672
0.213679
0.30418
0.452062
0.41214
0.662
0.525851
0.255346
0.288556
0.203681
0.00958264
0.249346
0.655988
0.662
0.326493
0.171946
0.122518
0.221359
0.116609
0.13065
0.608943
0.140076
0.0888662
0.56933
0.185479
0.299342
0.590995
0.117702
0.662
0.130076
0.265401
0.662
0.662
0.212182
0.58188
0.448505
0.104673
0.520095
0.0929154
0.243962
0.139845
0.474785
0.1989
0.487609
0.624856
0.662
0.419354
0.429963
0.277115
0.141482
0.389131
0.0231097
0.349945
0.380763
0.0426258
0.268484
0.412082
0.531812
0.112507
0.115444
0.449148
0.662
0.211439
0.0968344
0.218288
0.224304
0.662
0.392655
0.593519
0.57299
0.388409
0.490078
0.587509
0.662
0.108029
0.662
0.497172
0.0333259
0.367061
0.413417
0.662
0.262377
0.662
0.476273
0.662
0.417046
0.00851284
0.194066
0.637367
0.0947442
0.350558
0.360192
0.399903
0.355829
0.169007
0.518023
0.662
0.662
0.462323
0.153236
0.662
0.662
0.45879
0.153948
0.0508542
0.522957
0.0586616
0.504366
0.662
0.0860585
0.0654703
0.381389
0.341468
0.475889
0.591679
0.605399
0.403108
0.179212
0.662
0.662
0.0732474
0.209141
0.379949
0.0627699
0.0820077
0.519753
0.0846571
0.43141
0.260367
0.403762
0.302235
0.529485
0.229829
0.166599
0.0612302
0.509894
0.551853
0.599043
0.662
0.662
0.169177
0.490248
0.10023
0.0780354
0.662
0.0537659
0.159352
0.662
0.417847
0.662
0.370323
0.140681
0.420246
0.530039
0.104992
0.209882
0.0572309
0.130324
0.0897798
0.0772512
0.0735125
0.126674
0.124474
0.0863491
0.259466
0.487263
0.345088
0.662
0.312824
0.369801
0.395536
0.662
0.0974755
0.397239
0.126464
0.3856
0.628473
0.662
0.215885
0.064011
0.354353
0.0443609
0.390397
0.294396
0.0466515
0.333289
0.297332
0.605646
0.169149
0.0578484
0.240468
0.507235
0.28168
0.0758624
0.213551
0.22066
0.57153
0.275865
0.662
0.219122
0.0943503
0.281922
0.128218
0.284672
0.261835
0.528428
0.208131
0.473647
0.496666
0.191788
0.662
0.662
0.441243
0.049558
0.0611611
0.321895
0.430615
0.499794
0.48439
0.134801
0.158544
0.172325
0.248142
0.104606
0.0373853
0.360535
0.499291
0.498255
0.065177
0.635817
0.298623
0.227138
0.0411739
0.276143
0.119363
0.463656
0.103294
0.662
0.349887
0.662
0.176185
0.177345
0.40207
0.662
0.478521
0.0766592
0.152696
0.182572
0.449144
0.171228
0.0853356
0.562837
0.102577
0.662
0.196696
0.358632
0.0246291
0.662
0.197
0.449053
0.173443
0.326861
0.0805437
0.196609
0.270801
0.198014
0.120229
0.0131248
0.318424
0.272339
0.404451
0.491764
0.184456
0.413611
0.582448
0.133769
0.274951
0.249324
0.0245733
0.198889
0.170749
0.159761
0.609864
0.114674
0.0161239
0.28848
0.0802391
0.141457
0.274927
0.291734
0.662
0.165776
0.138823
0.283726
0.545575
0.390751
0.267414
0.141247
0.233003
0.279542
0.201874
0.445166
0.426972
0.145001
0.302009
0.404975
0.374291
0.315833
0.0963197
0.423787
0.0883602
0.0795021
0.347382
0.0917157
0.0955207
0.120668
0.388969
0.470462
0.056153
0.263806
0.503694
0.356514
0.352437
0.0884756
0.312728
0.662
0.0634033
0.260069
0.0688227
0.391763
0.376056
0.637828
0.599001
0.429717
0.0881969
0.294096
0.614971
0.52653
0.662
0.134378
0.182252
0.456105
0.541413
0.354026
0.592593
0.101648
0.648316
0.12412
0.602644
0.257716
0.454791
0.119882
0.524554
0.120295
0.134014
0.349684
0.534383
0.199702
0.662
0.662
0.662
0.662
0.662
0.525784
0.662
0.300779
0.36573
0.490479
0.138514
0.635528
0.495105
0.662
0.039759
0.101791
0.126046
0.239193
0.139792
0.0866357
0.4658
0.631402
0.236935
0.662
0.442391
0.0384341
0.254286
0.29684
0.198197
0.391498
0.662
0.0378654
0.0502502
0.34531
0.180256
0.272224
0.662
0.225158
0.073238
0.662
0.0714466
0.662
0.0246399
0.509705
0.150582
0.245801
0.662
0.237497
0.142885
0.260055
0.433295
0.142263
0.124627
0.187138
0.284969
0.0936362
0.662
0.546564
0.0556627
0.0549904
0.328856
0.425348
0.2275
0.662
0.662
0.398932
0.662
0.37947
0.142852
0.0012577
0.596217
0.343837
0.162442
0.069661
0.0981642
0.238732
0.22242
0.478791
0.348433
0.124357
0.173016
0.47538
0.662
0.662
0.47769
0.151351
0.120775
0.0807795
0.117275
0.216828
0.0715275
0.0925095
0.47271
0.607997
0.160767
0.16637
0.0444984
0.208915
0.0602355
0.199653
0.545776
0.662
0.270542
0.0728498
0.389405
0.448922
0.662
0.65349
0.662
0.166237
0.166112
0.117081
0.286493
0.0370905
0.154938
0.0894875
0.524218
0.574982
0.662
0.0583339
0.210029
0.338626
0.339868
0.662
0.374505
0.62284
0.29917
0.106162
0.139182
0.133053
0.554806
0.177805
0.449606
0.180018
0.0619187
0.630974
0.259049
0.0820943
0.0602817
0.662
0.0626046
0.110811
0.662
0.283971
0.136235
0.662
0.358426
0.281798
0.662
0.259332
0.185201
0.662
0.662
0.215002
0.0761063
0.263909
0.120224
0.132199
0.137526
0.413456
0.0722154
0.288015
0.662
0.132516
0.413531
0.662
0.662
0.535072
0.096184
0.108295
0.454812
0.518039
0.443201
0.662
0.165097
0.662
0.0904634
0.662
0.208381
0.43385
0.405263
0.233178
0.223202
0.411761
0.1772
0.329245
0.119367
0.195704
0.413227
0.27604
0.0929024
0.0149702
0.58531
0.111417
0.289233
0.105681
0.0964591
0.174684
0.199772
0.0640286
0.152122
0.469191
0.662
0.662
0.662
0.592708
0.299024
0.115853
0.283658
0.217571
0.0998123
0.662
0.109082
0.144295
0.0708407
0.662
0.115256
0.435981
0.662
0.662
0.210046
0.102329
0.0861885
0.254973
0.662
0.502664
0.23363
0.550329
0.297529
0.120844
0.574078
0.318869
0.151077
0.131087
0.393985
0.46536
0.51536
0.124153
0.133283
0.112525
0.662
0.2481
0.662
0.110079
0.111778
0.123636
0.137478
0.192251
0.429384
0.662
0.365363
0.281481
0.0963876
0.238076
0.232596
0.121772
0.341551
0.545284
0.32232
0.119356
0.180013
0.135713
0.662
0.334174
0.662
0.571632
0.518721
0.106644
0.662
0.308701
0.655491
0.271481
0.113984
0.3944
0.298192
0.0696691
0.101874
0.368897
0.339895
0.239674
0.153624
0.662
0.461494
0.662
0.103578
0.662
0.132205
0.53632
0.0762107
0.192626
0.102431
0.239193
0.22981
0.519181
0.0869092
0.131118
0.662
0.662
0.369612
0.141159
0.191311
0.228032
0.662
0.0694417
0.662
0.662
0.160383
0.352289
0.662
0.0872736
0.432787
0.449841
0.662
0.300648
0.150335
0.662
0.0400856
0.538019
0.418271
0.656522
0.662
0.202034
0.662
0.294986
0.318314
0.0982595
0.16854
0.324135
0.0727183
0.430691
0.275259
0.383106
0.444175
0.662
0.662
0.504318
0.491606
0.662
0.205554
0.160667
0.462351
0.236724
0.326368
0.19081
0.0368201
0.138081
0.327392
0.334271
0.162903
0.119758
0.402605
0.197561
0.298517
0.0480093
0.662
0.0627309
0.423523
0.0763096
0.10098
0.223771
0.498517
0.190121
0.11768
0.135775
0.115661
0.117633
0.229836
0.143447
0.0136288
0.662
0.450458
0.108119
0.250113
0.662
0.409219
0.584288
0.104532
0.351498
0.000216294
0.174345
0.241802
0.0746763
0.204743
0.388474
0.599225
0.212703
0.272969
0.02489
0.662
0.413427
0.608712
0.0144426
0.662
0.0693081
0.0414101
0.0691407
0.318064
0.414962
0.662
0.0589197
0.428101
0.45359
0.0829338
0.346453
0.662
0.450976
0.440711
0.662
0.0890154
0.0837659
0.0261434
0.132225
0.0657179
0.0932465
0.245761
0.28952
0.662
0.204753
0.0247302
0.0479361
0.313761
0.0385523
0.407732
0.662
0.264682
0.308768
0.115321
0.276282
0.122502
0.0108665
0.431316
0.243679
0.196192
0.0860564
0.565766
0.16695
0.593326
0.415819
0.181099
0.0845131
0.212802
0.360607
0.299758
0.597406
0.207215
0.216942
0.283957
0.0374065
0.662
0.662
0.290792
0.447573
0.662
0.189434
0.0430195
0.531589
0.662
0.514242
0.0639332
0.312288
0.449411
0.507897
0.26468
0.506192
0.435896
0.0704607
0.463543
0.387804
0.137425
0.141751
0.194271
0.662
0.173712
0.379987
0.215567
0.076724
0.137923
0.0981345
0.62674
0.0989095
0.662
0.266953
0.516388
0.160064
0.0590929
0.0628923
0.170541
0.257661
0.108015
0.124338
0.302775
0.554053
0.297867
0.662
0.131653
0.315583
0.501051
0.662
0.61643
0.662
0.0756475
0.602617
0.343664
0.377332
0.409557
0.0507949
0.391904
0.0578189
0.445633
0.280164
0.0805065
0.633391
0.336107
0.34724
0.325764
0.63339
0.343008
0.0695037
0.17564
0.662
0.165931
0.10451
0.662
0.0243489
0.120175
0.165986
0.308463
0.198513
0.347399
0.0332837
0.636178
0.033241
0.662
0.621933
0.662
0.179657
0.0584461
0.236546
0.0577863
0.303224
0.337918
0.558161
0.20378
0.562157
0.0593096
0.122967
0.107301
0.439195
0.662
0.172081
0.468173
0.0813679
0.477562
0.202766
0.662
0.240971
0.195991
0.0610998
0.170616
0.662
0.662
0.662
0.268464
0.662
0.0137695
0.0350806
0.662
0.662
0.0959952
0.183145
0.662
0.291285
0.51588
0.112522
0.332095
0.278592
0.118878
0.250447
0.478616
0.0519584
0.55429
0.0766802
0.0743603
0.217587
0.517215
0.275212
0.0621886
0.244282
0.110097
0.172615
0.662
0.247857
0.380377
0.31166
0.107517
0.662
0.132116
0.659557
0.662
0.188931
0.149326
0.662
0.112761
0.54359
0.662
0.0201374
0.597456
0.126273
0.662
0.268818
0.626145
0.0482181
0.159182
0.662
0.214384
0.147868
0.0855214
0.226145
0.198204
0.139894
0.662
0.156954
0.448738
0.355386
0.150615
0.199275
0.0800041
0.571744
0.144869
0.523359
0.0145005
0.0627485
0.0753991
0.268828
0.389061
0.167872
0.152273
0.0389993
0.662
0.419592
0.0388097
0.573765
0.134884
0.0877015
0.0758907
0.455841
0.584391
0.179596
0.586324
0.308063
0.561664
0.126187
0.662
0.123127
0.0682572
0.175247
0.147115
0.154106
0.00349617
0.0488956
0.335686
0.650964
0.0796675
0.113018
0.161232
0.662
0.173371
0.118607
0.19698
0.0563964
0.131536
0.108987
0.662
0.171802
0.662
0.436773
0.214148
0.0957145
0.500019
0.166351
0.230494
0.316869
0.26407
0.120835
0.213618
0.662
0.0688904
0.662
0.640081
0.662
0.554739
0.0880271
0.300708
0.365831
0.372293
0.461417
0.257805
0.662
0.0473781
0.264404
0.202146
0.662
0.469958
0.118077
0.501547
0.498352
0.272954
0.175759
0.31894
0.515808
0.333915
0.662
0.28214
0.533042
0.454761
0.0750214
0.460875
0.147116
0.100837
0.278934
0.242265
0.121945
0.0993738
0.232227
0.44093
0.213359
0.401531
0.301433
0.58619
0.124755
0.213753
0.485996
0.156093
0.662
0.662
0.146864
0.0598987
0.107106
0.249042
0.0711694
0.12782
0.46498
0.0537422
0.39179
0.132921
0.397995
0.162495
0.194154
0.26401
0.126391
0.0653574
0.269296
0.0675325
0.662
0.662
0.234307
0.235796
0.0236798
0.343711
0.207277
0.213356
0.585099
0.348395
0.410388
0.265676
0.431101
0.662
0.123316
0.367329
0.299913
0.146562
0.506463
0.257152
0.168066
0.0570862
0.300472
0.662
0.299583
0.140234
0.0661084
0.347825
0.230482
0.648552
0.662
0.25789
0.087559
0.0973895
0.662
0.462767
0.662
0.210825
0.020504
0.662
0.545328
0.334182
0.497736
0.623505
0.565035
0.619933
0.161015
0.323701
0.11885
0.0842538
0.418831
0.17231
0.658123
0.29248
0.662
0.205789
0.218447
0.445872
0.523526
0.0626334
0.109341
0.32335
0.570358
0.198619
0.662
0.662
0.406876
0.0237652
0.42753
0.03702
0.662
0.36541
0.0633098
0.560131
0.174777
0.112242
0.108044
0.374141
0.398536
0.329362
0.217187
0.221223
0.662
0.662
0.662
0.0625798
0.315737
0.391716
0.662
0.534204
0.326448
0.291406
0.17856
0.321223
0.354309
0.313095
0.078896
0.35643
0.662
0.41262
0.101013
0.191785
0.155665
0.435138
0.377598
0.168187
0.216781
0.243169
0.319284
0.662
0.131675
0.229309
0.616997
0.287588
0.0307504
0.662
0.0401189
0.330355
0.375307
0.662
0.662
0.40489
0.0358596
0.216727
0.148642
0.295544
0.125415
0.40869
0.517078
0.271597
0.251668
0.0444112
0.153172
0.221047
0.155892
0.662
0.151101
0.619891
0.662
0.209185
0.662
0.186033
0.0511363
0.068746
0.541706
0.0550615
0.604667
0.443265
0.662
0.0570481
0.662
0.464646
0.253235
0.662
0.406603
0.378382
0.273883
0.662
0.517281
0.662
0.0977369
0.192684
0.292588
0.348255
0.405659
0.37577
0.654011
0.662
0.662
0.40526
0.202327
0.498446
0.274667
0.376332
0.119861
0.0699111
0.101397
0.377766
0.595015
0.298193
0.378401
0.221933
0.1477
0.409782
0.254002
0.260595
0.118247
0.128899
0.662
0.415679
0.272049
0.162566
0.335805
0.357505
0.305261
0.198075
0.077911
0.186734
0.0568628
0.403847
0.350461
0.662
0.662
0.206713
0.256993
0.662
0.363556
0.160783
0.238208
0.183876
0.316379
0.131449
0.266211
0.209848
0.590287
0.0614657
0.186059
0.142592
0.526229
0.650546
0.0458526
0.624362
0.0612786
0.363604
0.662
0.0922925
0.471249
0.073477
0.242128
0.0514403
0.319311
0.284087
0.118684
0.44595
0.559101
0.130822
0.662
0.361568
0.662
0.662
0.662
0.550758
0.20597
0.444701
0.662
0.662
0.069495
0.472148
0.42074
0.366089
0.21936
0.134948
0.281262
0.152333
0.140907
0.175526
0.195827
0.116145
0.194035
0.662
0.367394
0.236194
0.391504
0.157703
0.392431
0.120445
0.252383
0.0853026
0.28805
0.300404
0.122389
0.201985
0.662
0.58232
0.191172
0.138112
0.213137
0.10738
0.662
0.300377
0.170759
0.269375
0.461056
0.205565
0.0919454
0.662
0.615324
0.130311
0.0781017
0.662
0.257407
0.105786
0.423252
0.662
0.29891
0.0153065
0.164199
0.420848
0.662
0.662
0.662
0.301908
0.232988
0.164579
0.419817
0.623212
0.119102
0.306026
0.173745
0.138274
0.118302
0.105895
0.177882
0.662
0.214261
0.0662286
0.472591
0.587346
0.212968
0.393429
0.662
0.662
0.17641
0.0811303
0.1705
0.662
0.0950903
0.0708609
0.662
0.0839012
0.0461678
0.59308
0.105324
0.662
0.662
0.424437
0.0627725
0.0105556
0.405403
0.121024
0.0760277
0.294896
0.369955
0.253598
0.069922
0.662
0.481254
0.662
0.19904
0.286663
0.122363
0.217697
0.662
0.0562518
0.439458
0.373059
0.662
0.148487
0.149364
0.207433
0.121297
0.662
0.251139
0.0950498
0.0133916
0.339459
0.662
0.254478
0.180171
0.227075
0.662
0.355151
0.118494
0.526619
0.485399
0.318531
0.520393
0.299214
0.662
0.509418
0.647825
0.662
0.156261
0.0391517
0.184916
0.482631
0.662
0.662
0.402202
0.662
0.662
0.662
0.325858
0.662
0.120245
0.662
0.661777
0.282494
0.346672
0.169565
0.35106
0.0703964
0.591306
0.176449
0.0781739
0.11928
0.335078
0.0639476
0.551962
0.662
0.450814
0.175648
0.631879
0.316921
0.0773509
0.0562817
0.662
0.662
0.0557063
0.450953
0.662
0.113066
0.0345095
0.114126
0.314239
0.132193
0.12947
0.439329
0.293714
0.0812046
0.662
0.204551
0.662
0.662
0.221771
0.0702097
0.145087
0.662
0.222586
0.132541
0.0548593
0.541116
0.140938
0.0113355
0.288132
0.16756
0.351385
0.0505135
0.054005
0.417522
0.662
0.662
0.127048
0.0990752
0.234495
0.111567
0.60998
0.13099
0.151193
0.118776
0.474321
0.417912
0.115906
0.662
0.662
0.489547
0.0691244
0.108097
0.662
0.066641
0.662
0.610582
0.18404
0.100154
0.608807
0.0975554
0.221984
0.116292
0.175982
0.64026
0.0619126
0.179996
0.662
0.117773
0.100662
0.145598
0.617475
0.662
0.18318
0.386066
0.662
0.186868
0.394238
0.568409
0.478037
0.662
0.252609
0.508047
0.00539022
0.12539
0.249541
0.110381
0.0310774
0.0873093
0.601313
0.0463558
0.434149
0.315645
0.203414
0.240329
0.0744439
0.169706
0.0823766
0.0550286
0.278373
0.335947
0.404624
0.662
0.177404
0.630874
0.0419973
0.63384
0.292384
0.599889
0.440443
0.135024
0.0964076
0.326061
0.225435
0.547582
0.441219
0.104236
0.156477
0.0975269
0.662
0.280303
0.158397
0.150218
0.662
0.194235
0.473538
0.0289715
0.662
0.121995
0.294373
0.50838
0.236708
0.31649
0.15978
0.662
0.360634
0.361216
0.177455
0.115079
0.393585
0.662
0.329745
0.49614
0.0851617
0.0758461
0.33146
0.24386
0.0635055
0.206118
0.0367534
0.318681
0.323002
0.394244
0.662
0.307813
0.0866829
0.109362
0.242304
0.0348874
0.486378
0.196875
0.119329
0.412998
0.380576
0.662
0.42285
0.110461
0.662
0.255769
0.159722
0.153627
0.425848
0.102392
0.0186969
0.455435
0.110639
0.30766
0.453399
0.659064
0.249177
0.127091
0.112079
0.336019
0.607344
0.256739
0.457476
0.662
0.160226
0.190549
0.662
0.146199
0.0250537
0.0692287
0.249864
0.0572784
0.257093
0.662
0.446979
0.633639
0.586806
0.213547
0.217597
0.331617
0.277564
0.662
0.442862
0.283702
0.0293871
0.302203
0.0960171
0.17039
0.364193
0.380562
0.149517
0.50587
0.364747
0.134631
0.662
0.216699
0.184997
0.321229
0.662
0.184188
0.433693
0.552014
0.662
0.0796287
0.662
0.662
0.44369
0.131072
0.294713
0.377709
0.662
0.0495255
0.398929
0.662
0.0557902
0.145342
0.60666
0.662
0.335236
0.389894
0.25979
0.244451
0.554727
0.662
0.209877
0.2569
0.623622
0.461875
0.0732523
0.0872608
0.318711
0.662
0.188752
0.570674
0.274955
0.0522871
0.307452
0.501049
0.625668
0.261087
0.311374
0.419676
0.0681275
0.138078
0.170675
0.23411
0.372718
0.662
0.195676
0.187171
0.662
0.488184
0.662
0.538488
0.246413
0.0572196
0.662
0.149794
0.271296
0.662
0.19646
0.662
0.451954
0.170819
0.662
0.522975
0.557968
0.662
0.11941
0.185663
0.174089
0.607623
0.255907
0.178943
0.580321
0.652617
0.132615
0.2013
0.662
0.662
0.138966
0.287819
0.407724
0.662
0.000930739
0.54131
0.179456
0.39082
0.573002
0.158275
0.202562
0.662
0.662
0.506864
0.485307
0.23436
0.0650149
0.0286442
