0.170064
0.221596
0.332908
0.246707
0.0603054
0.336637
0.417685
0.278658
0.286156
0.235378
0.554324
0.231299
0.0490976
0.178429
0.219129
0.662
0.662
0.0691795
0.115386
0.193383
0.0635942
0.0689685
0.271792
0.0951575
0.662
0.448899
0.176332
0.662
0.128609
0.0817375
0.209978
0.067639
0.662
0.305587
0.185565
0.662
0.662
0.270897
0.18926
0.646786
0.340702
0.216745
0.247158
0.662
0.204115
0.31178
0.0961933
0.444291
0.662
0.47638
0.107652
0.641709
0.259857
0.0425278
0.215712
0.0724987
0.662
0.38371
0.0746231
0.166223
0.12765
0.575919
0.0556058
0.662
0.662
0.0929435
0.662
0.0562803
0.662
0.449904
0.295553
0.662
0.157626
0.346695
0.339085
0.322392
0.203509
0.134191
0.114867
0.197824
0.0105209
0.104641
0.120841
0.635807
0.0781987
0.10818
0.434529
0.0233584
0.0843432
0.399349
0.11957
0.181662
0.469762
0.185833
0.19923
0.662
0.49793
0.441775
0.208191
0.337525
0.0763318
0.31259
0.182323
0.373412
0.270758
0.477828
0.474258
0.515088
0.0898416
0.0600732
0.54303
0.662
0.172529
0.323384
0.45161
0.662
0.438105
0.662
0.205928
0.412712
0.50709
0.0683505
0.200009
0.196268
0.397162
0.608939
0.594478
0.250357
0.612965
0.392897
0.662
0.325577
0.512646
0.286831
0.20099
0.0726654
0.662
0.369152
0.335016
0.518442
0.00162277
0.217495
0.662
0.246931
0.420537
0.662
0.236796
0.347516
0.0831876
0.0795531
0.534671
0.565542
0.189366
0.197715
0.662
0.192195
0.662
0.25104
0.428502
0.662
0.0931363
0.0399922
0.141554
0.457123
0.163038
0.4785
0.307644
0.103076
0.18769
0.298778
0.0664002
0.252724
0.119743
0.0934487
0.662
0.662
0.352426
0.313818
0.519132
0.042347
0.223874
0.279624
0.561192
0.570654
0.074656
0.217763
0.0422923
0.553737
0.43235
0.662
0.231069
0.505278
0.323418
0.662
0.662
0.625029
0.278756
0.29173
0.662
0.342813
0.074035
0.480357
0.662
0.46017
0.295847
0.358817
0.382448
0.662
0.187253
0.377951
0.320136
0.34231
0.0179235
0.290555
0.662
0.433208
0.318295
0.625497
0.0519607
0.242175
0.163512
0.662
0.563985
0.0881128
0.402771
0.103626
0.239032
0.561624
0.662
0.132605
0.197772
0.242073
0.0564955
0.144098
0.025599
0.224403
0.662
0.662
0.196118
0.662
0.357412
0.0481464
0.184587
0.403058
0.113981
0.130914
0.160095
0.590589
0.662
0.270295
0.662
0.557872
0.0488185
0.453731
0.425108
0.387792
0.115581
0.28244
0.327344
0.203412
0.123875
0.662
0.0885054
0.120928
0.0763813
0.0725709
0.388027
0.071149
0.0991808
0.0515855
0.267255
0.298724
0.120032
0.662
0.325908
0.19138
0.0803247
0.0879808
0.295445
0.0554057
0.081668
0.542187
0.44879
0.286386
0.659779
0.247761
0.186137
0.0568143
0.531646
0.279821
0.24339
0.0955445
0.0883587
0.185894
0.371132
0.358823
0.339651
0.298479
0.415335
0.260778
0.325462
0.110662
0.30296
0.662
0.513771
0.175648
0.160952
0.221692
0.651597
0.111261
0.661651
0.0378122
0.179299
0.579874
0.143472
0.145356
0.622477
0.140264
0.213132
0.088567
0.0666468
0.662
0.662
0.113099
0.120231
0.0876401
0.109765
0.203608
0.203594
0.662
0.570797
0.0743483
0.0850905
0.616606
0.375113
0.236609
0.0785461
0.604547
0.662
0.262834
0.662
0.118419
0.070099
0.223518
0.226813
0.610683
0.662
0.139057
0.0313728
0.354308
0.276736
0.662
0.275214
0.170339
0.624809
0.319237
0.629706
0.356007
0.570136
0.124328
0.0873294
0.375896
0.426071
0.384824
0.367222
0.253562
0.224987
0.518026
0.662
0.126912
0.120106
0.126495
0.281049
0.109968
0.122343
0.110516
0.662
0.241634
0.463719
0.102368
0.303058
0.610867
0.114115
0.662
0.077847
0.265445
4.35871e-06
0.662
0.294538
0.164251
0.109374
0.46197
0.611036
0.119521
0.164803
0.0657334
0.270601
0.179604
0.1291
0.662
0.205834
0.212244
0.141596
0.541292
0.137481
0.101469
0.120724
0.244934
0.542805
0.387423
0.334249
0.539226
0.132827
0.507184
0.154481
0.464992
0.662
0.137433
0.540984
0.316035
0.092715
0.429091
0.600256
0.100628
0.55959
0.0427648
0.543414
0.0608626
0.333704
0.149699
0.34572
0.34688
0.0748042
0.657673
0.662
0.261026
0.325923
0.660765
0.41413
0.568554
0.0671618
0.277349
0.160069
0.0594734
0.260806
0.662
0.450504
0.538788
0.580251
0.217678
0.154832
0.0782714
0.662
0.662
0.142907
0.124096
0.0888504
0.0851312
0.170102
0.289201
0.0681707
0.145887
0.0398543
0.232994
0.377997
0.0167894
0.130258
0.150154
0.153461
0.662
0.357441
0.0701455
0.0992462
0.310866
0.662
0.198225
0.350134
0.0394598
0.656417
0.21329
0.117713
0.315621
0.21296
0.140301
0.104581
0.1256
0.550005
0.471709
0.208807
0.662
0.416327
0.21688
0.051924
0.0374602
0.236399
0.173094
0.662
0.159256
0.100085
0.605236
0.662
0.279232
0.640342
0.662
0.662
0.506549
0.662
0.220067
0.605511
0.0817327
0.0435071
0.662
0.083946
0.242939
0.629285
0.019311
0.343611
0.662
0.494052
0.130855
0.100692
0.432143
0.168548
0.295871
0.151499
0.199942
0.633425
0.378555
0.662
0.547471
0.185069
0.133968
0.067347
0.525362
0.662
0.279882
0.501077
0.095684
0.0285159
0.320964
0.605561
0.153923
0.412663
0.239412
0.291287
0.266377
0.632359
0.17937
0.0541267
0.0842071
0.340561
0.662
0.190268
0.423955
0.215797
0.413841
0.391147
0.118559
0.0599099
0.307473
0.31479
0.216029
0.330186
0.209228
0.127378
0.662
0.0543743
0.594488
0.0817477
0.0918412
0.387041
0.397119
0.0870961
0.194705
0.42353
0.14823
0.32598
0.12471
0.12021
0.606069
0.389924
0.662
0.31659
0.0583765
0.182382
0.465944
0.000662267
0.630568
0.436408
0.319759
0.176634
0.662
0.193004
0.609493
0.121971
0.37359
0.178335
0.0487759
0.489729
0.207959
0.402273
0.439609
0.0392076
0.378229
0.175667
0.0802364
0.237754
0.334737
0.662
0.265088
0.0614077
0.073755
0.195185
0.583987
0.354162
0.168985
0.23013
0.0125245
0.647669
0.231356
0.0187999
0.573122
0.196147
0.186574
0.634431
0.26994
0.572554
0.662
0.662
0.102077
0.662
0.500869
0.195584
0.0941581
0.0845277
0.61464
0.0959412
0.261101
0.107753
0.403389
0.32258
0.1018
0.421616
0.341688
0.357446
0.0968831
0.307486
0.126354
0.0743804
0.118285
0.636516
0.515739
0.430572
0.662
0.175118
0.209717
0.276299
0.0854265
0.212669
0.662
0.196025
0.105022
0.662
0.569112
0.055862
0.460579
0.203231
0.118728
0.662
0.143097
0.662
0.171104
0.342913
0.450553
0.125726
0.317204
0.662
0.662
0.610305
0.319692
0.0464502
0.351602
0.493122
0.393416
0.553256
0.226163
0.435658
0.0670689
0.417228
0.297745
0.440728
0.188783
0.182129
0.477305
0.0364906
0.243628
0.188691
0.40373
0.441225
0.384889
0.337673
0.47451
0.336586
0.511228
0.429092
0.0995135
0.288339
0.589272
0.577041
0.11001
0.608146
0.328435
0.319251
0.387484
0.303988
0.499053
0.0692743
0.377657
0.40232
0.14097
0.0132749
0.147169
0.0424772
0.471084
0.0544283
0.341163
0.402288
0.339371
0.0934
0.662
0.118589
0.418526
0.178439
0.652196
0.662
0.295313
0.147457
0.0798153
0.489149
0.0640996
0.248258
0.503643
0.243589
0.394821
0.249087
0.0630355
0.00377432
0.247427
0.0884736
0.472557
0.662
0.145428
0.268884
0.0826787
0.290307
0.118281
0.662
0.112623
0.309726
0.0234522
0.0987838
0.443778
0.344053
0.0195912
0.451868
0.275785
0.0821332
0.127038
0.48533
0.462974
0.172556
0.224573
0.341507
0.662
0.0593116
0.0116044
0.662
0.340135
0.662
0.468079
0.426654
0.662
0.418494
0.58262
0.0888572
0.524514
0.487575
0.212497
0.0534148
0.107792
0.376854
0.354544
0.365069
0.319109
0.128124
0.14386
0.124017
0.255311
0.166829
0.662
0.325297
0.0500335
0.310859
0.236282
0.175028
0.278204
0.348261
0.649172
0.110683
0.566101
0.50468
0.263573
0.19098
0.662
0.468229
0.332196
0.570725
0.264643
0.662
0.661633
0.662
0.662
0.193293
0.124486
0.1434
0.237889
0.312038
0.249873
0.662
0.140817
0.354037
0.036415
0.662
0.662
0.222425
0.662
0.662
0.397425
0.158007
0.662
0.12632
0.570228
0.0365064
0.507507
0.275498
0.500295
0.354478
0.140283
0.248928
0.106758
0.0874657
0.662
0.274767
0.0660246
0.404332
0.307533
0.662
0.201483
0.0764589
0.0603979
0.180997
0.662
0.662
0.339815
0.662
0.123459
0.662
0.342762
0.162851
0.629977
0.393952
0.264525
0.114562
0.404386
0.465907
0.240646
0.463967
0.168474
0.226857
0.300667
0.630605
0.149772
0.0963422
0.103399
0.495837
0.406927
0.45102
0.400915
0.478567
0.237477
0.0767564
0.164387
0.585422
0.281048
0.662
0.0354662
0.119856
0.662
0.592162
0.477869
0.283198
0.160114
0.58438
0.662
0.639347
0.129076
0.0845078
0.556691
0.203761
0.0975325
0.107996
0.0571021
0.252938
0.144186
0.070288
0.0710104
0.326061
0.130846
0.662
0.662
0.384435
0.416986
0.0615795
0.350543
0.290481
0.662
0.100917
0.166651
0.662
0.434362
0.443565
0.475178
0.0847941
0.0831425
0.662
0.178772
0.646559
0.472637
0.421465
0.0813808
0.203171
0.492546
0.65882
0.662
0.604683
0.311645
0.230706
0.28055
0.188062
0.198377
0.114594
0.662
0.659138
0.401854
0.103981
0.284494
0.123369
0.518264
0.543634
0.247747
0.662
0.194744
0.108568
0.169806
0.127625
0.662
0.105755
0.662
0.102212
0.605246
0.662
0.116532
0.543189
0.280724
0.158773
0.373141
0.662
0.0963177
0.0658963
0.658911
0.57659
0.121852
0.133989
0.361848
0.0689778
0.01028
0.47663
0.143714
0.0554153
0.331268
0.351729
0.0489223
0.0402212
0.339554
0.662
0.167111
0.188922
0.662
0.298897
0.662
0.375201
0.199551
0.33536
0.373578
0.22989
0.44741
0.147598
0.504788
0.57776
0.655647
0.263698
0.287837
0.0897583
0.168203
0.662
0.393288
0.0727946
0.514401
0.443532
0.662
0.135031
0.617814
0.339823
0.0272519
0.418472
0.283927
0.0502076
0.334186
0.105782
0.662
0.654767
0.286845
0.423223
0.0974077
0.272069
0.37421
0.20877
0.425996
0.0754527
0.325098
0.180343
0.246556
0.184784
0.280888
0.376938
0.01515
0.392789
0.0559079
0.174124
0.662
0.209682
0.457978
0.384953
0.382569
0.188571
0.340854
0.351505
0.282667
0.243468
