0.39739
0.32547
0.0862
0.381838
0.156741
0.662
0.396616
0.195282
0.253888
0.0941692
0.441728
0.392831
0.0575793
0.551474
0.662
0.187424
0.238027
0.273061
0.108596
0.0907181
0.368231
0.207875
0.0228743
0.150146
0.598786
0.323228
0.48224
0.159052
0.253478
0.166626
0.100882
0.218842
0.642812
0.0870365
0.414726
0.0752342
0.639219
0.186436
0.062072
0.471048
0.167114
0.524985
0.27
0.0474767
0.40442
0.552146
0.0624029
0.575161
0.183505
0.0356957
0.454981
0.514311
0.463363
0.637627
0.0406274
0.410486
0.0662821
0.345129
0.596203
0.579502
0.640471
0.54275
0.0833119
0.321445
0.217259
0.662
0.199117
0.407979
0.427623
0.239856
0.192558
0.137016
0.11758
0.375703
0.614092
0.662
0.604176
0.160643
0.00391526
0.293937
0.371311
0.0606373
0.212532
0.155926
0.541558
0.0275257
0.294977
0.128989
0.273642
0.166609
0.662
0.359128
0.162029
0.401446
0.454104
0.274958
0.407693
0.662
0.0795249
0.431233
0.105606
0.0675838
0.174424
0.0912087
0.0861811
0.0911757
0.662
0.348927
0.15934
0.301557
0.0718918
0.119643
0.295192
0.112547
0.111425
0.241195
0.0990315
0.355659
0.405441
0.0501162
0.487645
0.172094
0.243478
0.39619
0.0525267
0.0596494
0.557144
0.662
0.452006
0.381247
0.0765559
0.318277
0.237812
0.572864
0.387077
0.167522
0.420517
0.0443232
0.287674
0.433499
0.0600566
0.0455974
0.235662
0.281836
0.566393
0.43418
0.281828
0.292641
0.54635
0.0350065
0.0951012
0.460697
0.483826
0.662
0.281279
0.557751
0.140646
0.375533
0.208986
0.425318
0.00550606
0.662
0.0663964
0.0840962
0.207269
0.397972
0.601818
0.280764
0.0575285
0.0598226
0.288647
0.345059
0.349173
0.188165
0.662
0.486903
0.2703
0.541767
0.107474
0.161605
0.0922853
0.262454
0.0981816
0.112927
0.569215
0.38183
0.30132
0.290274
0.0642618
0.264922
0.169368
0.0343311
0.101488
0.342915
0.0515384
0.0660836
0.629563
0.179957
0.608825
0.357558
0.0755702
0.0768732
0.122138
0.405814
0.07352
0.0417481
0.439332
0.0168878
0.0347593
0.0926833
0.662
0.0657193
0.198555
0.105641
0.0815892
0.148019
0.0937697
0.133876
0.224271
0.662
0.158716
0.435127
0.11595
0.662
0.0523069
0.0763298
0.662
0.216115
0.0726059
0.589951
0.0490809
0.458571
0.0729798
0.564707
0.00845346
0.427121
0.662
0.121924
0.565495
0.0173111
0.662
0.167045
0.0940516
0.370975
0.23861
0.114284
0.472476
0.123441
0.0427155
0.255705
0.32029
0.064211
0.506229
0.101582
0.662
0.267235
0.0593169
0.184047
0.342453
0.662
0.662
0.169167
0.0431653
0.411441
0.0770033
0.498476
0.625584
0.127432
0.268404
0.0826054
0.662
0.0637296
0.392754
0.325867
0.0852711
0.599396
0.662
0.13592
0.319463
0.36031
0.662
0.339555
0.0627726
0.0570972
0.662
0.516451
0.662
0.0929719
0.511164
0.132538
0.128803
0.18603
0.454859
0.56864
0.150525
0.662
0.148216
0.446477
0.0995628
0.34092
0.662
0.246979
0.144197
0.117212
0.215091
0.2592
0.226203
0.584475
0.236383
0.166234
0.556649
0.0758313
0.470038
0.449474
0.104918
0.455298
0.0842848
0.257392
0.334451
0.301853
0.649744
0.0979772
0.0965615
0.163862
0.379653
0.165962
0.137011
0.0876054
0.142586
0.628642
0.303148
0.327044
0.376117
0.0618261
0.228376
0.109503
0.0860873
0.0573215
0.459576
0.0433112
0.139372
0.0684388
0.544967
0.546161
0.212966
0.553694
0.16144
0.49973
0.0302024
0.363363
0.0954707
0.500963
0.167477
0.199315
0.662
0.166455
0.503883
0.154217
0.527398
0.167107
0.302545
0.000662267
0.297368
0.281879
0.583538
0.135354
0.0595718
0.0971608
0.342533
0.0699412
0.0531179
0.417454
0.299392
0.662
0.431191
0.363549
0.101608
0.00295613
0.541592
0.194186
0.212674
0.0508542
0.118606
0.0875594
0.662
0.0937041
0.166799
0.0378301
0.157178
0.0578059
0.634978
0.458407
0.644772
0.00990805
0.582725
0.301605
0.259108
0.226571
0.034558
0.0136538
0.433172
0.202079
0.206806
0.268097
0.211838
0.135007
0.0986143
0.0915787
0.174019
0.105927
0.025549
0.591315
0.267766
0.662
0.0667685
0.262537
0.373963
0.0987468
0.0860204
0.309359
0.444944
0.205822
0.191203
0.557258
0.662
0.177238
0.0665015
0.166322
0.194518
0.296194
0.230194
0.149609
0.584021
0.107181
0.113587
0.271546
0.104019
0.352307
0.29334
0.151661
0.662
0.30109
0.1316
0.48742
0.185003
0.0718087
0.299471
0.331878
0.2955
0.0734037
0.256458
0.0695896
0.187274
0.636384
0.27486
0.367421
0.662
0.402648
0.0999043
0.0869597
0.22297
0.0823352
0.662
0.538122
0.0725091
0.662
0.130147
0.0722949
0.187883
0.466
0.184915
0.662
0.040244
0.194198
0.224502
0.662
0.179396
0.662
0.546414
0.423
0.0650816
0.322838
0.17956
0.488957
0.353281
0.0590271
0.111508
0.204386
0.0884475
0.185286
0.0701269
0.0679892
0.391233
0.297144
0.404065
0.122669
0.277281
0.386478
0.195282
0.337618
0.0379715
0.0918933
0.369541
0.111651
0.0581787
0.662
0.497394
0.299514
0.00998652
0.471685
0.121014
0.510919
0.205312
0.258333
0.212584
0.408947
0.458592
0.141222
0.11667
0.580982
0.0996008
0.183257
0.266066
0.174031
0.320683
0.0835692
0.0175561
0.267711
0.246544
0.133733
0.147463
0.582323
0.411178
0.142377
0.0184366
0.662
0.662
0.0576679
0.420924
0.16059
0.189392
0.504198
0.191839
0.271461
0.0873212
0.0339718
0.360206
0.453164
0.0699874
0.310766
0.0848665
0.167661
0.521372
0.386343
0.192474
0.267673
0.479928
0.662
0.127437
0.168606
0.566873
0.0858746
0.322746
0.490621
0.588263
0.320901
0.255147
0.239851
0.237645
0.0507805
0.205234
0.228481
0.37199
0.168758
0.0165139
0.377715
0.075145
0.662
0.226461
0.540163
0.115655
0.424054
0.344302
0.0857754
0.180301
0.339152
0.662
0.208241
0.40587
0.150496
0.351493
0.50002
0.316122
0.110514
0.364443
0.539322
0.125952
0.61197
0.151734
0.424805
0.0444471
0.281196
0.226495
0.247109
0.662
0.463907
0.382891
0.377228
0.042287
0.405603
0.257044
0.107938
0.0993284
0.133128
0.239695
