0.276181
0.662
0.662
0.113518
0.0109671
0.419587
0.662
0.662
0.638707
0.662
0.662
0.00683147
0.662
0.341791
0.662
0.132312
0.662
0.276789
0.177224
0.207493
0.0521241
0.650054
0.31571
0.0537019
0.216782
0.015847
0.320025
0.275127
0.662
0.662
0.188926
0.344169
0.128124
0.172895
0.103626
0.662
0.290542
0.662
0.662
0.177413
0.662
0.662
0.662
0.105483
0.662
0.662
0.134892
0.315961
0.662
0.291431
0.606613
0.163829
0.12132
0.662
0.0884301
0.662
0.118434
0.216962
0.496463
0.215901
0.114382
0.357711
0.350266
0.199422
0.125278
0.419639
0.00571168
0.140058
0.0401803
0.662
0.662
0.381888
0.662
0.0976176
0.534585
0.662
0.569903
0.662
0.0937052
0.281921
0.662
0.521492
0.149151
0.088425
0.147457
0.00463227
0.108004
0.608025
0.662
0.157559
0.148431
0.662
0.31107
0.296287
0.662
0.339731
0.0724248
0.526688
0.191592
0.128989
0.0769514
0.662
0.116493
0.101498
0.361582
0.662
0.132851
0.331629
0.24032
0.569219
0.193913
0.488037
0.0698037
0.351997
0.275168
0.150881
0.0891125
0.27563
0.662
0.25898
0.209434
0.444002
0.177061
0.451174
0.662
0.431418
0.457747
0.662
0.662
0.332341
0.107598
0.298533
0.0490976
0.424282
0.142328
0.648125
0.0944614
0.368273
0.0911739
0.662
0.114713
0.168953
0.662
0.119956
0.59802
0.662
0.0288097
0.662
0.662
0.0654561
0.343542
0.662
0.462646
0.301491
0.662
0.619309
0.662
0.117409
0.227274
0.414023
0.246642
0.350841
0.283897
0.15964
0.121917
0.00289564
0.099936
0.311757
0.145598
0.235264
0.40987
0.201184
0.153501
0.662
0.415994
0.324564
0.394528
0.234717
0.662
0.154228
0.662
0.412373
0.288115
0.434388
0.00986373
0.180561
0.0841602
0.227275
0.662
0.385029
0.0792075
0.201332
0.198199
0.229366
0.284319
0.0596707
0.0918148
0.662
0.110398
0.526474
0.404803
0.280363
0.371244
0.141576
0.161865
0.42063
0.314301
0.456936
0.47789
0.237632
0.132823
0.184559
0.180304
0.337311
0.111806
0.662
0.378677
0.478991
0.0893052
0.662
0.0947026
0.662
0.433347
0.662
0.422097
0.0468746
0.155155
0.662
0.132462
0.650012
0.381096
0.467807
0.613453
0.662
0.144924
0.662
0.0632305
0.206854
0.301552
0.586031
0.0495459
0.166252
0.461294
0.662
0.620455
0.0808459
0.214225
0.223722
0.164646
0.662
0.40965
0.56704
0.662
0.291111
0.360352
0.129769
0.620639
0.662
0.0966556
0.662
0.125848
0.130015
0.106447
0.342215
0.662
0.662
0.0834545
0.247158
0.4229
0.408908
0.619095
0.382786
0.475358
0.0576883
0.0535011
0.275739
0.16967
0.383159
0.0856901
0.662
0.0837975
0.291361
0.182742
0.662
0.336612
0.662
0.662
0.384082
0.390745
0.3819
0.628861
0.662
0.662
0.397681
0.662
0.127459
0.0708899
0.380202
0.0368353
0.662
0.606219
0.378332
0.662
0.662
0.328071
0.565126
0.11773
0.500654
0.17327
0.574065
0.662
0.662
0.662
0.662
0.3386
0.662
0.59748
0.525462
0.137655
0.662
0.187412
0.662
0.192018
0.662
0.362354
0.225219
0.292504
0.164924
0.576686
0.662
0.662
0.247261
0.161758
0.501422
0.204866
0.286864
0.192979
0.610805
0.230423
0.371535
0.2446
0.662
0.168997
0.119291
0.207502
0.418259
0.142294
0.229145
0.442451
0.23009
0.662
0.244353
0.414497
0.662
0.662
0.197437
0.35679
0.310077
0.120395
0.575852
0.662
0.662
0.134277
0.0547883
0.662
0.464224
0.514188
0.435658
0.662
0.10718
0.662
0.662
0.172668
0.382764
0.000739024
0.355104
0.165312
0.662
0.163933
0.617328
0.419741
0.215013
0.0724358
0.168432
0.225685
0.662
0.662
0.348911
0.642236
0.195513
0.662
0.453981
0.206095
0.100485
0.0679177
0.322239
0.662
0.261773
0.080737
0.477657
0.662
0.662
0.662
0.22759
0.0523236
0.0754274
0.117445
0.0793025
0.662
0.517986
0.662
0.215196
0.134473
0.181187
0.662
0.0409797
0.301493
0.662
0.221763
0.276305
0.415675
0.202656
0.283736
0.662
0.0974656
0.250015
0.377556
0.394311
0.214108
0.662
0.662
0.372035
0.0858384
0.662
0.0670829
0.584185
0.392221
0.268514
0.00753343
0.0385512
0.417927
0.662
0.662
0.120892
0.602079
0.662
0.295651
0.0721305
0.622319
0.209007
0.156935
0.264687
0.372801
0.134216
0.503793
0.662
0.463133
0.292392
0.638561
0.662
0.472498
0.662
0.469367
0.263311
0.662
0.308647
0.172636
0.0713693
0.402342
0.13601
0.141261
0.662
0.513684
0.662
0.412018
0.442186
0.239767
0.12346
0.346029
0.454866
0.148973
0.10221
0.450632
0.199335
0.444254
0.115943
0.662
0.495521
0.662
0.662
0.3839
0.400465
0.662
0.191357
0.222128
0.327581
0.585518
0.11651
0.352979
0.662
0.123484
0.662
0.662
0.662
0.662
0.050388
0.391148
0.662
0.054659
0.136827
0.243126
0.312989
0.662
0.641671
0.662
0.662
0.662
0.140344
0.662
0.505164
0.50468
0.662
0.662
0.075973
0.341424
0.291923
0.0525062
0.116879
0.662
0.0640891
0.0997722
0.568159
0.130117
0.411162
0.139586
0.662
0.449587
0.662
0.662
0.441067
0.300496
0.662
0.158826
0.161276
0.222358
0.0706995
0.460704
0.286334
0.622249
0.662
0.196559
0.0277355
0.119716
0.162137
0.190271
0.0828797
0.662
0.662
0.0807672
0.288223
0.121736
0.590856
0.662
0.129496
0.559469
0.0168816
0.339553
0.340249
0.662
0.322392
0.250428
0.494318
0.31862
0.385599
0.662
0.0331954
0.294526
0.236218
0.00641159
0.20647
0.112977
0.502413
0.3986
0.662
0.0642183
0.367348
0.255926
0.192712
0.503258
0.662
0.266337
0.346226
0.143714
0.257502
0.662
0.356327
0.0846495
0.109784
0.662
0.0840022
0.422264
0.662
0.473568
0.0965002
0.662
0.144966
0.662
0.125185
0.269452
0.120727
0.129157
0.662
0.422317
0.662
0.461484
0.643928
0.425433
0.080454
0.0824583
0.17383
0.662
0.530849
0.258227
0.320905
0.662
0.0395571
0.083101
0.149405
0.662
0.281892
0.662
0.1963
0.662
0.495689
0.434786
0.46462
0.161614
0.662
0.31861
0.373289
0.164855
0.22802
0.272468
0.519091
0.039537
0.185425
0.2779
0.662
0.642678
0.662
0.125878
0.52852
0.427448
0.101994
0.177481
0.662
0.182466
0.450089
0.0947062
0.102487
0.0624526
0.349176
0.231377
0.662
0.208474
0.052394
0.0529351
0.241633
0.077426
0.193293
0.662
0.385799
0.0833256
0.136265
0.397896
0.423418
0.354912
0.256653
0.281048
0.481602
0.188107
0.119421
0.464868
0.412597
0.185984
0.0650089
0.450934
0.662
0.395301
0.365221
0.144098
0.422277
0.346167
0.490592
0.0278972
0.662
0.55682
0.662
0.662
0.375026
0.148497
0.216376
0.662
0.662
0.662
0.662
0.032283
0.361564
0.493775
0.260688
0.662
0.186005
0.22836
0.144811
0.399687
0.662
0.662
0.662
0.351786
0.143623
0.112324
0.0367783
0.468051
0.409656
0.662
0.662
0.375351
0.662
0.509963
0.0451171
0.332258
0.662
0.166905
0.249449
0.301296
0.57349
0.662
0.662
0.374739
0.0213964
0.277187
0.229131
0.460006
0.662
0.596696
0.662
0.662
0.194614
0.169382
0.662
0.451927
0.662
0.662
0.0856843
0.577278
0.0965125
0.662
0.141716
0.485713
0.662
0.342966
0.662
0.662
0.325297
0.662
0.0152835
0.662
0.121806
0.35202
0.128593
0.151867
0.662
0.16206
0.201656
0.141058
0.251656
0.662
0.100147
0.19334
0.23703
0.662
0.265816
0.210052
0.515088
0.552527
0.662
0.662
0.662
0.393397
0.19296
0.662
0.0474636
0.298
0.285859
0.176573
0.587313
0.662
0.489572
0.164709
0.144987
0.0436045
0.662
0.194038
0.192055
0.662
0.0730801
0.662
0.173101
0.063496
0.178947
0.426729
0.432678
0.662
0.378524
0.662
0.239528
0.361632
0.290439
0.298877
0.23232
0.213046
0.379649
0.172307
0.0328782
0.662
0.649809
0.383978
0.0539584
0.662
0.662
0.662
0.105149
0.213207
0.662
0.235925
0.38926
0.662
0.134495
0.261384
0.459153
0.198199
0.260086
0.662
0.23156
0.103375
0.561212
0.119256
0.0405943
0.205066
0.662
0.662
0.233083
0.513211
0.102288
0.0707007
0.246982
0.229849
0.460442
0.300954
0.359953
0.662
0.290559
0.0200832
0.310283
0.492236
0.185396
0.105226
0.662
0.0965924
0.662
0.109779
0.285463
0.662
0.171629
0.662
0.489093
0.662
0.662
0.188681
0.662
0.662
0.126814
0.662
0.662
0.558246
0.0717709
0.194948
0.393307
0.662
0.662
0.156781
0.152234
0.433515
0.662
0.662
0.557827
0.217374
0.0857044
0.246231
0.500705
0.662
0.539037
0.0567182
0.282982
0.234372
0.513354
0.26211
0.662
0.385629
0.261899
0.662
0.454284
0.662
0.168431
0.377083
0.541292
0.662
0.662
0.172659
0.118865
0.662
0.0531235
0.662
0.463915
0.662
0.104157
0.662
0.662
0.445007
0.223086
0.170896
0.511615
0.662
0.459967
0.662
0.11608
0.662
0.662
0.51099
0.451646
0.126317
0.256607
0.204166
0.130812
0.157681
0.662
0.662
0.266725
0.383106
0.418173
0.349022
0.336374
0.467449
0.259908
0.410112
0.662
0.236778
0.662
0.662
0.163667
0.193627
0.165789
0.499436
0.128376
0.450466
0.227045
0.662
0.484131
0.1473
0.169597
0.0675668
0.0609057
0.193638
0.662
0.138836
0.0944753
0.421327
0.651693
0.30705
0.185073
0.447504
0.507979
0.383229
0.592129
0.310281
0.252574
0.577639
0.662
0.43284
0.100376
0.103697
0.662
0.223755
0.662
0.441225
0.207082
0.513327
0.205992
0.23108
0.189013
0.22357
0.186899
0.0721706
0.232674
0.363245
0.259133
0.513797
0.103783
0.662
0.30418
0.662
0.23426
0.0349707
0.0835504
0.662
0.431865
0.193611
0.233035
0.662
0.662
0.262273
0.184507
0.300615
0.204723
0.170864
0.429146
0.23928
0.662
0.248957
0.259849
0.662
0.367254
0.033167
0.200554
0.280882
0.662
0.628997
0.662
0.662
0.110545
0.387372
0.662
0.662
0.10904
0.242772
0.662
0.0617988
0.112417
0.386848
0.147045
0.515013
0.662
0.0750467
0.662
0.0732122
0.662
0.246535
0.313961
0.00457924
0.463087
0.126367
0.0688924
0.0771367
0.662
0.424404
0.662
0.662
0.662
0.178439
0.635315
0.0936017
0.243325
0.439815
0.659056
0.193668
0.504644
0.662
0.662
0.256549
0.465918
0.367359
0.196424
0.662
0.322521
0.413844
0.172382
0.373977
0.386221
0.44132
0.144182
0.470195
0.662
0.348267
0.347809
0.392964
0.0928408
0.069168
0.662
0.541118
0.662
0.21467
0.403506
0.30453
0.662
0.228182
0.377385
0.187106
0.0949365
0.134697
0.156229
0.543189
0.0816527
0.475277
0.554004
0.0992575
0.400634
0.213499
0.272573
0.40563
0.532545
0.662
0.205928
0.187614
0.662
0.145643
0.30352
0.206683
0.348656
0.601729
0.662
0.0922839
0.662
0.662
0.0606337
0.662
0.273713
0.35903
0.377102
0.662
0.268606
0.145508
0.0922953
0.180353
0.0638178
0.0288799
0.442519
0.266627
0.231321
0.662
0.28336
0.174952
0.144003
0.170554
0.19291
0.193581
0.443052
0.224464
0.378019
0.337386
0.0219965
0.0828263
0.398883
0.662
0.662
0.540739
0.662
0.120581
0.662
0.519004
0.662
0.124136
0.20428
0.108442
0.253781
0.662
0.363223
0.0737148
0.255013
0.259725
0.254608
0.662
0.179988
0.0587988
0.184454
0.662
0.443943
0.0897737
0.064784
0.662
0.349947
0.0770427
0.662
0.662
0.340736
0.374398
0.313046
0.287594
0.220856
0.0735423
0.177445
0.300482
0.340753
0.160948
0.0801813
0.662
0.559418
0.205033
0.0237336
0.0789639
0.29944
0.187018
0.662
0.0549355
0.662
0.078103
0.0495009
0.277809
0.0123591
0.192762
0.0396588
0.245729
0.0230552
0.262637
0.22633
0.383921
0.403956
0.410129
0.662
0.033287
0.187743
0.400198
0.166798
0.339119
0.301793
0.662
0.662
0.0340718
0.142681
0.662
0.240732
0.446382
0.374887
0.662
0.643061
0.0702807
0.662
0.53507
0.374788
0.662
0.239893
0.263492
0.126183
0.36595
0.467726
0.354345
0.351016
0.0413046
0.31613
0.393859
0.51023
0.204441
0.0755365
0.394272
0.295344
0.662
0.195016
0.223579
0.531183
0.586252
0.440559
0.386117
0.357549
0.608046
0.662
0.0431318
0.662
0.026939
0.144073
0.0778245
0.14316
0.349189
0.0756505
0.078229
0.644656
0.475523
0.662
0.176085
0.662
0.662
0.0762181
0.391754
0.34967
0.200285
0.474575
0.439944
0.662
0.155757
0.467682
0.633694
0.365474
0.571443
0.662
0.471701
0.662
0.468576
0.110539
0.298554
0.185082
0.0871713
0.40518
0.662
0.1834
0.179408
0.251628
0.0644184
0.662
0.311997
0.662
0.662
0.385055
0.358707
0.151996
0.191596
0.435315
0.662
0.201902
0.348357
0.662
0.662
0.269802
0.27457
0.0921082
0.28022
0.662
0.343398
0.282182
0.192196
0.662
0.11804
0.135871
0.662
0.528164
0.340824
0.107895
0.234974
0.607448
0.0454165
0.600649
0.261217
0.34915
0.662
0.215943
0.662
0.060599
0.662
0.548315
0.662
0.280401
0.276291
0.225958
0.34252
0.386985
0.424157
0.662
0.369785
0.4785
0.662
0.398112
0.549667
0.194021
0.0339877
0.662
0.291915
0.111155
0.208246
0.662
0.215797
0.360095
0.662
0.269057
0.0164628
0.00290967
0.277593
0.220871
0.282301
0.430842
0.662
0.640342
0.662
0.564486
0.662
0.472067
0.662
0.383831
0.662
0.107041
0.286318
0.176099
0.662
0.662
0.662
0.662
0.241472
0.429447
0.261404
0.662
0.0389634
0.421938
0.662
0.662
0.662
0.00634838
0.648118
0.242175
0.0806021
0.521978
0.0869172
0.34688
0.662
0.662
0.132374
0.236186
0.14645
0.0701202
0.182423
0.545305
0.0948527
0.662
0.0748464
0.662
0.199844
0.163051
0.199398
0.177233
0.662
0.662
0.426256
0.0973411
0.405634
0.438945
0.21444
0.0952448
0.344266
0.164056
0.662
0.227642
0.424281
0.266644
0.662
0.214098
0.027371
0.146545
0.51196
0.173388
0.280406
0.143374
0.633694
0.195019
0.662
0.662
0.0915926
0.353401
0.662
0.662
0.226029
0.455907
0.186611
0.224308
0.0505052
0.427017
0.174851
0.321767
0.0482328
0.473124
0.294043
0.133289
0.662
0.195693
0.662
0.15855
0.433525
0.662
0.662
0.662
0.249398
0.408656
0.196869
0.662
0.22506
0.206206
0.523227
0.482861
0.228281
0.662
0.0366833
0.662
0.175106
0.35241
0.662
0.662
0.662
0.152012
0.218115
0.0641991
0.304656
0.289517
0.0338323
0.405219
0.637998
0.165919
0.662
0.364242
0.662
0.138558
0.322098
0.226054
0.0915067
0.662
0.327468
0.662
0.15557
0.662
0.595411
0.156175
0.263344
0.446902
0.123619
0.662
0.662
0.479361
0.662
0.315173
0.0694424
0.258951
0.432032
0.214504
0.310366
0.0856775
0.210947
0.0736431
0.662
0.219844
0.158796
0.440728
0.0256544
0.463499
0.4676
0.315951
0.253529
0.662
0.662
0.1712
0.662
0.404451
0.146924
0.662
0.417611
0.392304
0.662
0.252764
0.235165
0.226613
0.178793
0.0443502
0.112695
0.187448
0.191089
0.189823
0.662
0.190574
0.134656
0.662
0.662
0.109285
0.0963327
0.234778
0.662
0.514456
0.351761
0.662
0.119648
0.0946532
0.156935
0.472304
0.0739701
0.0558094
0.0622655
0.0949099
0.337072
0.364686
0.662
0.103383
0.662
0.121818
0.405086
0.0500674
0.0409623
0.0733902
0.277394
0.073753
0.352192
0.0331268
0.224761
0.662
0.181932
0.0831423
0.146312
0.299041
0.379062
0.573355
0.176735
0.19605
0.0999271
0.238357
0.158656
0.120018
0.535739
0.0791378
0.135771
0.662
0.200726
0.637537
0.0721172
0.121733
0.60627
0.662
0.140949
0.286386
0.140397
0.502433
0.417628
0.662
0.662
0.0821128
0.662
0.0995519
0.662
0.244065
0.108899
0.127084
0.662
0.28773
0.530775
0.662
0.135967
0.662
0.112771
0.136479
0.0255554
0.0783872
0.167967
0.556074
0.110824
0.285273
0.378777
0.159376
0.19706
0.662
0.0287592
0.266377
0.279397
0.197154
0.191732
0.189943
0.307725
0.662
0.0601099
0.216724
0.662
0.0284402
0.662
0.264584
0.267964
0.662
0.662
0.662
0.262414
0.457019
0.0784101
0.662
0.289682
0.235378
0.360187
0.257765
0.123436
0.0593535
0.240672
0.662
0.461919
0.662
0.536212
0.662
0.555115
0.229844
0.120969
0.662
0.346602
0.662
0.369247
0.394991
0.662
0.662
0.468095
0.116581
0.274306
0.181973
0.15352
0.262454
0.662
0.111406
0.107525
0.141664
0.662
0.662
0.101121
0.662
0.430117
0.143946
0.171616
0.143227
0.134002
0.307884
0.120814
0.638492
0.0491522
0.112562
0.262662
0.0778885
0.662
0.662
0.464908
0.0839371
0.429959
0.155688
0.662
0.179043
0.135216
0.183115
0.208687
0.156192
0.429698
0.461292
0.0348118
0.269149
0.324442
0.11799
0.196727
0.573481
0.166101
0.338712
0.291637
0.316519
0.270895
0.21764
0.662
0.37041
0.571711
0.145556
0.35921
0.0954195
0.132751
0.184332
0.213115
0.0639448
0.129667
0.0836198
0.469563
0.662
0.662
0.228655
0.273147
0.662
0.163375
0.402978
0.148477
0.662
0.101438
0.182598
0.662
0.57673
0.567966
0.450317
0.371094
0.370961
0.0904452
0.662
0.662
0.305312
0.184596
0.52967
0.124624
0.333866
0.573504
0.0597948
0.181822
0.3068
0.357507
0.183312
0.0820756
0.319595
0.662
0.325609
0.104092
0.662
0.662
0.532757
0.19643
0.0694176
0.224782
0.144996
0.163019
0.584056
0.150427
0.651881
0.0166794
0.366713
0.0843003
0.662
0.512603
0.662
0.540377
0.314331
0.206416
0.0848674
0.184932
0.123251
0.662
0.662
0.576788
0.482577
0.248349
0.157162
0.58592
0.211136
0.0477869
0.662
0.403215
0.497827
0.652834
0.400331
0.144766
0.218812
0.662
0.18926
0.160722
0.0426316
0.246544
0.513113
0.231155
0.428842
0.662
0.281808
0.662
0.24999
0.464208
0.374853
0.662
0.375322
0.383894
0.662
0.13252
0.662
0.662
0.224389
0.662
0.382903
0.114129
0.17888
0.254799
0.662
0.662
0.125063
0.662
0.662
0.662
0.662
0.59693
0.662
0.385769
0.0550888
0.201282
0.355427
0.662
0.121819
0.226539
0.450148
0.0453502
0.662
0.262585
0.42152
0.516638
0.190356
0.450095
0.561461
0.659634
0.526961
0.214816
0.662
0.113758
0.126051
0.534543
0.284579
0.662
0.00094831
0.256024
0.598116
0.391597
0.317245
0.662
0.348024
0.662
0.16567
0.662
0.540683
0.246262
0.033066
0.51243
0.662
0.662
0.662
0.662
0.0756359
0.119594
0.550472
0.12726
0.259379
0.218359
0.240386
0.370193
0.0251193
0.372902
0.317042
0.662
0.24382
0.132316
0.662
0.0989077
0.15495
0.111318
0.475913
0.0672303
0.19982
0.152719
0.284592
0.113268
0.0675145
0.662
0.164206
0.662
0.0665209
0.662
0.662
0.126847
0.167965
0.662
0.229513
0.104114
0.219896
0.5294
0.025504
0.662
0.204919
0.662
0.0628063
0.135957
0.214383
0.130455
0.166882
0.329289
0.369768
0.300239
0.263897
0.662
0.662
0.348389
0.662
0.123368
0.662
0.486071
0.181589
0.422543
0.187217
0.373797
0.63339
0.662
0.466527
0.524337
0.0308212
0.143217
0.0509836
0.289532
0.662
0.0720917
0.253791
0.662
0.214901
0.299171
0.184003
0.662
0.662
0.662
0.273564
0.662
0.230802
0.662
0.662
0.133263
0.0613977
0.3769
0.0117586
0.662
0.204351
0.174432
0.0785383
0.662
0.402234
0.0998268
0.55664
0.0447435
0.528593
0.194067
0.0766366
0.366112
0.0876606
0.192655
0.110345
0.662
0.0689743
0.26596
0.199676
0.662
0.119497
0.662
0.662
0.263867
0.641843
0.512645
0.000158405
0.662
0.0979721
0.045045
0.075981
0.423552
0.0911893
0.0928414
0.662
0.0705055
0.144827
0.494793
0.100211
0.340369
0.662
0.306654
0.425526
0.662
0.548603
0.303636
0.318689
0.165101
0.0154682
0.0562572
0.360498
0.124077
0.443565
0.178245
0.255908
0.301802
0.0723819
0.544182
0.155353
0.209071
0.0883883
0.662
0.135893
0.371079
0.662
0.0585043
0.662
0.419839
0.399761
0.662
0.0263096
0.0559818
0.662
0.0401978
0.104935
0.662
0.662
0.662
0.511518
0.203205
0.662
0.100725
0.391496
0.195934
0.361778
0.662
0.236251
0.261332
0.662
0.458933
0.277446
0.217044
0.228818
0.512434
0.127625
0.34406
0.0958375
0.205915
0.136114
0.113907
0.420902
0.200811
0.662
0.15284
0.662
0.0537091
0.274417
0.239184
0.227148
0.41836
0.228833
0.0585469
0.216032
0.188628
0.0537689
0.26284
0.0534363
0.52937
0.662
0.662
0.662
0.209166
0.662
0.0275584
0.662
0.12846
0.662
0.331141
0.19984
0.544452
0.261543
0.463696
0.37888
0.376069
0.662
0.29106
0.0826093
0.364198
0.662
0.136666
0.662
0.000814599
0.662
0.297334
0.501077
0.32425
0.193828
0.0158253
0.0972053
0.186399
0.662
0.662
0.193921
0.424728
0.39158
0.00598598
0.662
0.57232
0.257956
0.277849
0.325923
0.421972
0.550037
0.224015
0.140817
0.205769
0.662
0.662
0.0573674
0.113427
0.117797
0.264427
0.0320648
0.202405
0.141375
0.237753
0.100982
0.0827278
0.348233
0.101081
0.662
0.103426
0.531146
0.285078
0.29617
0.311815
0.363024
0.0297446
0.662
0.224573
0.046807
0.0639901
0.662
0.34075
0.217452
0.0929299
0.0761471
0.424062
0.541867
0.387548
0.427594
0.327113
0.571922
0.520053
0.146267
0.117605
0.662
0.290182
0.456321
0.0866155
0.330165
0.370722
0.662
0.105467
0.662
0.295281
0.413322
0.148288
0.222372
0.270924
0.662
0.313705
0.0168084
0.0558615
0.249839
0.662
0.0469916
0.234756
0.543843
0.662
0.190496
0.662
0.246371
0.662
0.351512
0.662
0.0972139
0.380069
0.629763
0.103815
0.662
0.125354
0.662
0.662
0.42479
0.662
0.317413
0.265897
0.123346
0.211319
0.662
0.662
0.187834
0.0355084
0.0981355
0.163253
0.415232
0.662
0.106673
0.154481
0.182042
0.247649
0.208542
0.185229
0.662
0.662
0.662
0.0519739
0.54317
0.60874
0.135359
0.662
0.302906
0.27096
0.494615
0.391215
0.662
0.29079
0.662
0.319713
0.662
0.260318
0.20127
0.209328
0.128099
0.662
0.468191
0.243981
0.662
0.185561
0.540896
0.662
0.662
0.229786
0.218645
0.168856
0.662
0.169902
0.0987105
0.405815
0.127233
0.662
0.0770553
0.442415
0.464872
0.49951
0.167313
0.0549077
0.662
0.21178
0.354946
0.179044
0.136536
0.163079
0.0824439
0.167404
0.662
0.662
0.662
0.144059
0.662
0.274891
0.146593
0.662
0.127378
0.335706
0.021623
0.104133
0.662
0.643108
0.289145
0.431347
0.662
0.662
0.35683
0.173231
0.176914
0.400343
0.0952311
0.662
0.653784
0.475083
0.0770563
0.336586
0.516182
0.662
0.662
0.662
0.290352
0.0434349
0.662
0.173196
0.0416528
0.316269
0.662
0.0248247
0.662
0.314883
0.662
0.500611
0.662
0.178534
0.413664
0.130075
0.360337
0.170624
0.662
0.210471
0.297367
0.662
0.202394
0.168513
0.119307
0.662
0.368527
0.662
0.127841
0.126141
0.472714
0.090069
0.0918457
0.0399109
0.283677
0.105671
0.0536984
0.0575792
0.25273
0.662
0.662
0.189897
0.373141
0.662
0.263778
0.0875897
0.305091
0.0750927
0.0971418
0.449886
0.11338
0.291583
0.174413
0.330243
0.216623
0.366157
0.0961933
0.552412
0.0482536
0.662
0.315566
0.637191
0.662
0.165921
0.631811
0.662
0.124666
0.419556
0.399176
0.291024
0.0535024
0.331291
0.5738
0.133522
0.457651
0.14678
0.431622
0.0845025
0.662
0.169731
0.0952722
0.0082194
0.0430096
0.132104
0.0831171
0.662
0.662
0.662
0.662
0.329028
0.662
0.411877
0.4301
0.662
0.173735
0.662
0.200673
0.187397
0.662
0.662
0.662
0.662
0.0743763
0.662
0.662
0.328919
0.106027
0.358376
0.43354
0.0319481
0.210756
0.212016
0.474537
0.632359
0.662
0.662
0.177156
0.168847
0.0311928
0.627411
0.512792
0.117174
0.662
0.163069
0.084078
0.116472
0.366497
0.116153
0.662
0.662
0.380844
0.662
0.107138
0.183514
0.565367
0.662
0.323513
0.107185
0.65248
0.316413
0.0897446
0.499448
0.0197147
0.11315
0.326492
0.202812
0.662
0.440125
0.569848
0.0658653
0.0130154
0.157134
0.0650342
0.23219
0.0593366
0.662
0.128728
0.346858
0.662
0.191387
0.300714
0.481591
0.0845984
0.151134
0.0148478
0.235276
0.662
0.13094
0.45195
0.662
0.0158236
0.210803
0.393699
0.314696
0.536844
0.134985
0.662
0.499093
0.620878
0.662
0.178067
0.261809
0.662
0.00358265
0.629383
0.662
0.509669
0.458982
0.662
0.143998
0.662
0.264541
0.167186
0.435792
0.0865126
0.231711
0.0467241
0.662
0.662
0.332702
0.430866
0.289948
0.425704
0.112961
0.218687
0.0365746
0.367964
0.586709
0.189314
0.662
0.475178
0.419239
0.662
0.662
0.662
0.195491
0.0873059
0.662
0.199091
0.136916
0.524514
0.438785
0.136556
0.0886867
0.662
0.11459
0.0651557
0.55789
0.0078368
0.33264
0.387721
0.0175021
0.662
0.662
0.00812976
0.662
0.168158
0.662
0.428634
0.518565
0.0521774
0.662
0.0719655
0.662
0.093902
0.163861
0.662
0.334866
0.158748
0.0476694
0.562377
0.127971
0.337458
0.0705593
0.225178
0.662
0.0604808
0.0748289
0.137909
0.662
0.563636
0.0252558
0.065457
0.0252253
0.426791
0.0367113
0.662
0.132399
0.662
0.662
0.662
0.0788296
0.469056
0.0923174
0.24557
0.222209
0.630855
0.517098
0.662
0.527391
0.662
0.256257
0.632882
0.0655044
0.662
0.0426987
0.407055
0.662
0.272623
0.55995
0.363932
0.318397
0.0696803
0.646929
0.280357
0.12989
0.0408336
0.0634047
0.239489
0.190893
0.0953661
0.662
0.470743
0.310263
0.662
0.662
0.354263
0.662
0.662
0.0359521
0.315621
0.489922
0.000367271
0.662
0.662
0.230667
0.0938736
0.044914
0.130178
0.662
0.368146
0.288788
0.662
0.662
0.254539
0.266665
0.324535
0.259086
0.215069
0.662
0.622131
0.662
0.595244
0.243857
0.557783
0.212312
0.420478
0.221253
0.205284
0.212205
0.107606
0.343522
0.178079
0.0492692
0.662
0.334286
0.50072
0.224172
0.142242
0.265029
0.662
0.412043
0.136804
0.662
0.476993
0.357143
0.36051
0.208821
0.0932305
0.229824
0.00725059
0.0346056
0.662
0.0993463
0.662
0.662
0.0748971
0.662
0.251982
0.598999
0.662
0.3831
0.0662689
0.162626
0.295957
0.154103
0.150841
0.188677
0.0912088
0.441644
0.662
0.177841
0.147327
0.0912367
0.451868
0.176663
0.221847
0.135453
0.235592
0.396648
0.662
0.282946
0.266579
0.662
0.437757
0.268874
0.311178
0.401516
0.567459
0.662
0.224824
0.662
0.254409
0.413689
0.201115
0.662
0.662
0.132407
0.12822
0.236739
0.194734
0.0711982
0.108093
0.270542
0.367475
0.286826
0.0745947
0.128001
0.662
0.220727
0.662
0.154458
0.173711
0.368668
0.162242
0.636633
0.202605
0.321502
0.662
0.662
0.331212
0.662
0.662
0.0897529
0.14282
0.177122
0.234796
0.662
0.387372
0.149808
0.342453
0.142539
0.119166
0.271119
0.189066
0.0258147
0.662
0.662
0.662
0.662
0.395023
0.335381
0.357446
0.41254
0.443083
0.662
0.0389672
0.312444
0.662
0.512613
0.662
0.194656
0.240822
0.451543
0.433573
0.134405
0.176708
0.444468
0.0651287
0.662
0.662
0.240771
0.31338
0.147752
0.264181
0.0528711
0.535541
0.128325
0.662
0.127144
0.445039
0.204771
0.0351181
0.143241
0.235752
0.662
0.134541
0.0798072
0.43235
0.0914666
0.16855
0.0792639
0.472086
0.469453
0.408581
0.0566023
0.662
0.0179623
0.51237
0.662
0.247635
0.0890397
0.662
0.662
0.177077
0.662
0.0165819
0.129101
0.0224058
0.145483
0.404186
0.0668013
0.395645
0.303867
0.662
0.0539758
0.20032
0.0116638
0.210299
0.662
0.129767
0.662
0.195079
0.277359
0.161019
0.632085
0.0514919
0.1596
0.213283
0.662
0.169589
0.133767
0.43041
0.00875908
0.662
0.662
0.168293
0.567464
0.505094
0.622709
0.591001
0.662
0.306901
0.187986
0.662
0.113655
0.269186
0.42786
0.457581
0.373937
0.494862
0.662
0.249166
0.317991
0.662
0.576011
0.574311
0.662
0.303642
0.662
0.662
0.10342
0.662
0.662
0.264944
0.0351716
0.0930775
0.662
0.586091
0.662
0.0971439
0.257011
0.302936
0.621633
0.0425356
0.583019
0.487695
0.298781
0.137292
0.662
0.157152
0.662
0.0971055
0.19838
0.339823
0.662
0.113753
0.490067
0.120576
0.662
0.400131
0.071286
0.419971
0.662
0.585153
0.662
0.37063
0.195185
0.163427
0.529733
0.662
0.622211
0.662
0.202125
0.438155
0.650596
0.662
0.577499
0.0433758
0.314227
0.0443989
0.1147
0.408098
0.662
0.115212
0.662
0.129727
0.662
0.194374
0.41841
0.16558
0.211949
0.171713
0.30345
0.0774203
0.662
0.662
0.102896
0.195249
0.236844
0.00880618
0.662
0.662
0.283473
0.118823
0.662
0.662
0.214595
0.321058
0.288483
0.332496
0.0906113
0.053359
0.546648
0.0891699
0.259159
0.180921
0.209235
0.0351298
0.0293953
0.662
0.0747737
0.178145
0.114562
0.1033
0.0709904
0.662
0.662
0.474973
0.108629
0.662
0.157924
0.183703
0.662
0.17364
0.662
0.081668
0.0903523
0.542187
0.662
0.292759
0.662
0.662
0.662
0.0882426
0.662
0.662
0.277647
0.452164
0.386506
0.0567384
0.662
0.662
0.0436673
0.662
0.233616
0.608821
0.157945
0.437699
0.495959
0.395842
0.239514
0.222831
0.662
0.461367
0.662
0.142395
0.585644
0.366997
0.662
0.518447
0.459359
0.611841
0.504469
0.662
0.662
0.367143
0.247166
0.662
0.067218
0.0682248
0.151776
0.506727
0.662
0.662
0.20353
0.140289
0.662
0.0680088
0.176734
0.148236
0.289655
0.662
0.244322
0.324009
0.156846
0.121485
0.429384
0.100762
0.223298
0.0453811
0.184376
0.366211
0.00313066
0.142464
0.0884564
0.42058
0.297755
0.662
0.249863
0.662
0.428525
0.466536
0.662
0.315806
0.218894
0.662
0.04425
0.662
0.108731
0.662
0.366477
0.155394
0.0855592
0.372414
