0.662
0.45491
0.188595
0.214512
0.662
0.384712
0.449011
0.0409996
0.662
0.662
0.00539885
0.242981
0.225219
0.271309
0.165925
0.483212
0.127825
0.0976019
0.662
0.493466
0.0537111
0.0118854
0.173987
0.662
0.0212664
0.385995
0.662
0.18805
0.0799672
0.494917
0.471981
0.393905
0.395274
0.221944
0.142043
0.29844
0.62637
0.044031
0.662
0.280907
0.662
0.0769305
0.136006
0.662
0.662
0.357361
0.128215
0.0992512
0.464177
0.340932
0.0665473
0.662
0.662
0.662
0.662
0.428421
0.197414
0.0233541
0.273403
0.0178065
0.222863
0.181597
0.288002
0.0753354
0.301595
0.608257
0.662
0.402599
0.662
0.662
0.662
0.662
0.662
0.037811
0.0915787
0.662
0.0384309
0.122037
0.662
0.218265
0.336523
0.244404
0.662
0.662
0.183362
0.131
0.544037
0.105126
0.283956
0.280698
0.0072633
0.13471
0.184976
0.0926369
0.231842
0.18647
0.0574258
0.236869
0.125073
0.127276
0.367113
0.120491
0.662
0.662
0.1424
0.662
0.662
0.662
0.242462
0.174641
0.173852
0.0255352
0.662
0.0566236
0.0566434
0.299286
0.25709
0.511093
0.540977
0.662
0.21754
0.205932
0.148454
0.234894
0.185684
0.165254
0.241436
0.0142904
0.314259
0.0211418
0.372481
0.311543
0.0333129
0.180992
0.167424
0.662
0.662
0.259617
0.264806
0.100711
0.255993
0.0399273
0.114345
0.100546
0.161465
0.662
0.180763
0.662
0.130903
0.237847
0.0871373
0.17407
0.0521324
0.0758435
0.662
0.0142456
0.29565
0.185543
0.417961
0.181764
0.0966534
0.276416
0.134371
0.662
0.396361
0.271028
0.390191
0.181084
0.467479
0.662
0.662
0.16537
0.662
0.455802
0.086749
0.662
0.139545
0.255969
0.388131
0.254917
0.280483
0.00462962
0.177594
0.0908504
0.0265579
0.662
0.148397
0.486552
0.662
0.125802
0.17018
0.209759
0.291622
0.018307
0.156217
0.0573427
0.238706
0.662
0.519614
0.584243
0.136808
0.286573
0.33741
0.0764605
0.653339
0.071741
0.364358
0.0985476
0.662
0.1029
0.662
0.03475
0.430586
0.333013
0.662
0.490132
0.181838
0.171112
0.268394
0.662
0.23364
0.662
0.165953
0.324041
0.0799691
0.0073913
0.662
0.258492
0.165271
0.662
0.168538
0.662
0.158078
0.0669439
0.662
0.137313
0.516215
0.451176
0.14297
0.395077
0.249005
0.465411
0.658132
0.246916
0.240198
0.265267
0.150161
0.190785
0.396027
0.0247698
0.169124
0.212331
0.31374
0.0635892
0.462478
0.127106
0.365947
0.00109139
0.662
0.174981
0.662
0.0491997
0.167698
0.362475
0.0702576
0.662
0.662
0.329027
0.135423
0.200579
0.402095
0.227279
0.662
0.0887366
0.662
0.474847
0.662
0.662
0.374488
0.0308815
0.0728124
0.442964
0.662
0.22942
0.1085
0.0979589
0.662
0.0704893
0.243501
0.662
0.164158
0.100197
0.662
0.662
0.519517
0.0221835
0.0433997
0.662
0.0972405
0.269658
0.0981406
0.192992
0.662
0.0484494
0.341802
0.662
0.662
0.133002
0.0427497
0.422729
0.399163
0.243377
0.662
0.167877
0.662
0.50447
0.060674
0.214447
0.242527
0.0894678
0.465877
0.4105
0.117804
0.213188
0.662
0.159546
0.662
0.662
0.662
0.662
0.12835
0.662
0.144053
0.126597
0.154224
0.195954
0.662
0.222238
0.157083
0.662
0.252023
0.58513
0.0642782
0.383349
0.0647725
0.506848
0.33254
0.368644
0.27444
0.662
0.0265291
0.437032
0.662
0.20028
0.662
0.0478928
0.662
0.0249626
0.0451966
0.48374
0.1057
0.662
0.195586
0.190682
0.481039
0.156709
0.662
0.295189
0.204114
0.182709
0.662
0.363025
0.190111
0.662
0.662
0.662
0.373715
0.180811
0.433112
0.662
0.662
0.16808
0.412159
0.163668
0.286713
0.188098
0.213065
0.662
0.156363
0.334624
0.662
0.662
0.197815
0.0567024
0.124321
0.662
0.46378
0.662
0.420978
0.264151
0.453803
0.217271
0.662
0.053266
0.0593155
0.138675
0.193828
0.221977
0.246453
0.1365
0.662
0.337635
0.137082
0.203888
0.350015
0.290093
0.662
0.0820371
0.354177
0.662
0.662
0.662
0.302836
0.175316
0.0425709
0.0133928
0.381828
0.0903139
0.464312
0.36776
0.358512
0.541174
0.158078
0.662
0.469365
0.0745555
0.218876
0.103058
0.662
0.257168
0.168557
0.662
0.606393
0.662
0.0935554
0.218966
0.0400324
0.0448693
0.059598
0.662
0.353691
0.0664454
0.482035
0.46951
0.0561164
0.294697
0.538637
0.662
0.662
0.476255
0.662
0.0888803
0.0817873
0.662
0.148482
0.594231
0.155514
0.409407
0.139314
0.460238
0.304215
0.275632
0.158173
0.196329
0.114256
0.168543
0.124278
0.47608
0.424835
0.662
0.171703
0.662
0.0694181
0.276659
0.216705
0.0254069
0.23409
0.662
0.662
0.662
0.662
0.662
0.662
0.10257
0.662
0.0352046
0.0493574
0.662
0.42493
0.111127
0.202002
0.348655
0.00207063
0.426818
0.334065
0.662
0.338739
0.662
0.447519
0.0921914
0.0286892
0.297751
0.469769
0.328742
0.069905
0.309586
0.662
0.109229
0.184015
0.515716
0.662
0.0641583
0.0539481
0.0560026
0.662
0.0932124
0.23115
0.174143
0.548814
0.27316
0.470233
0.122047
0.126451
0.518232
0.486475
0.238795
0.662
0.00478624
0.662
0.662
0.441917
0.662
0.0600534
0.147304
0.219835
0.292352
0.471866
0.205573
0.141333
0.124559
0.308636
0.662
0.44424
0.249216
0.0982923
0.220102
0.0254551
0.662
0.114987
0.104075
0.490071
0.662
0.0438088
0.276956
0.296024
0.11308
0.662
0.388856
0.662
0.662
0.208196
0.662
0.662
0.662
0.662
0.662
0.208175
0.211622
0.0853854
0.349758
0.120025
0.122662
0.146878
0.193357
0.461581
0.263109
0.0329276
0.201043
0.213618
0.228111
0.536123
0.662
0.662
0.0489658
0.662
0.437439
0.480723
0.662
0.341788
0.0474537
0.19839
0.128415
0.303254
0.662
0.0971825
0.340608
0.0909216
0.0487314
0.184817
0.189489
0.0385574
0.228054
0.126469
0.0296091
0.662
0.662
0.197087
0.0654692
0.258306
0.662
0.337594
0.0542994
0.0276479
0.252793
0.662
0.327506
0.212981
0.0899622
0.146264
0.220693
0.319782
0.433782
0.398801
0.202563
0.26679
0.322609
0.662
0.0359763
0.0930135
0.140419
0.129629
0.0678659
0.47437
0.121661
0.333446
0.201834
0.412582
0.273053
0.662
0.0937496
0.248885
0.345133
0.230775
0.397495
0.173871
0.662
0.59873
0.125717
0.0832461
0.333843
0.211755
0.662
0.662
0.662
0.504735
0.0939633
0.662
0.00372566
0.105261
0.485439
0.662
0.302509
0.285317
0.227408
0.190017
0.00489724
0.191187
0.445362
0.662
0.0630877
0.256724
0.0377511
0.0609585
0.662
0.259176
0.233521
0.662
0.233214
0.602018
0.476817
0.386759
0.662
0.0841439
0.246448
0.0628138
0.188926
0.266974
0.415016
0.273866
0.194314
0.417923
0.499757
0.0717621
0.0445651
0.662
0.662
0.0981124
0.136965
0.221261
0.556265
0.662
0.154246
0.18288
0.307334
0.662
0.662
0.649407
0.274254
0.0713612
0.0856211
0.00964328
0.662
0.662
0.00516075
0.662
0.662
0.061278
0.0451684
0.662
0.55774
0.662
0.205252
0.447406
0.070947
0.662
0.124522
0.662
0.326146
0.662
0.662
0.662
0.662
0.647914
0.323366
0.186721
0.130264
0.17605
0.662
0.191445
0.662
0.631746
0.533775
0.662
0.358124
0.174621
0.301622
0.529401
0.662
0.662
0.394955
0.662
0.392755
0.662
0.0705549
0.322213
0.292544
0.662
0.124502
0.133117
0.462579
0.662
0.662
0.166896
0.662
0.142923
0.0694447
0.0232496
0.202754
0.31587
0.115791
0.112749
0.112571
0.281262
0.194303
0.662
0.0679271
0.450467
0.662
0.483215
0.157686
0.109872
0.662
0.243707
0.662
0.436841
0.534777
0.271986
0.662
0.662
0.212377
0.0968426
0.342469
0.143275
0.158789
0.0858245
0.662
0.179987
0.0791876
0.444886
0.662
0.173067
0.0985822
0.361146
0.309766
0.0374511
0.662
0.662
0.289752
0.11359
0.192846
0.42229
0.64405
0.183445
0.662
0.662
0.662
0.150932
0.662
0.266289
0.0762815
0.310614
0.662
0.0653784
0.141738
0.662
0.208753
0.221262
0.00686102
0.260932
0.615995
0.318811
0.438256
0.0533858
0.263996
0.662
0.523347
0.088698
0.662
0.0931254
0.475114
0.662
0.0406602
0.641603
0.32574
0.653673
0.387033
0.242033
0.155943
0.0863473
0.218262
0.148626
0.051328
0.662
0.575774
0.0629682
0.309985
0.0561257
0.582983
0.662
0.22375
0.21894
0.207103
0.662
0.662
0.525375
0.555121
0.662
0.532993
0.117329
0.0517019
0.422166
0.117133
0.0643425
0.43039
0.196616
0.662
0.213249
0.119462
0.183679
0.401546
0.662
0.418169
0.662
0.0962251
0.145987
0.317119
0.662
0.323832
0.662
0.0847184
0.236157
0.186485
0.13519
0.242508
0.529029
0.360444
0.662
0.070181
0.662
0.662
0.123423
0.238423
0.305175
0.381315
0.00291357
0.662
0.283901
0.631835
0.471237
0.149126
0.311123
0.409738
0.390306
0.0685045
0.288386
0.357076
0.115123
0.234465
0.662
0.21946
0.0535307
0.0473961
0.0510545
0.0648098
0.0777705
0.278431
0.59484
0.21066
0.174522
0.396426
0.185574
0.214089
0.15607
0.638811
0.00949827
0.111138
0.146491
0.662
0.443015
0.0833985
0.551811
0.280589
0.317255
0.662
0.104872
0.662
0.662
0.662
0.150558
0.0590071
0.123944
0.662
0.0873844
0.662
0.662
0.110114
0.662
0.353892
0.087258
0.189435
0.168719
0.185425
0.0721653
0.0132752
0.171929
0.330239
0.662
0.286394
0.164995
0.307725
0.410792
0.602443
0.434294
0.465301
0.662
0.662
0.0273485
0.662
0.105358
0.0784696
0.0145443
0.158461
0.662
0.122641
0.159671
0.0851094
0.510054
0.0936635
0.662
0.249255
0.122496
0.662
0.0461174
0.453463
0.134993
0.662
0.275769
0.662
0.175235
0.321086
0.523137
0.397465
0.172362
0.466899
0.192725
0.307365
0.264034
0.108098
0.662
0.418849
0.662
0.662
0.0153497
0.393121
0.662
0.662
0.339418
0.249829
0.0586827
0.662
0.0493627
0.059619
0.662
0.662
0.0392554
0.342879
0.337277
0.662
0.662
0.662
0.662
0.662
0.662
0.197105
0.397188
0.662
0.0305402
0.662
0.258058
0.662
0.327242
0.0667857
0.307655
0.662
0.223863
0.243029
0.353775
0.342665
0.272201
0.373856
0.142752
0.662
0.111476
0.662
0.11388
0.662
0.662
0.662
0.49783
0.0796715
0.365522
0.662
0.662
0.173025
0.325461
0.11277
0.612228
0.208835
0.19088
0.662
0.495913
0.150785
0.662
0.662
0.000687393
0.347799
0.0875261
0.662
0.170886
0.227399
0.662
0.199439
0.452185
0.12672
0.224437
0.450557
0.391894
0.307309
0.662
0.662
0.336877
0.662
0.662
0.179007
0.0943222
0.0507567
0.232632
0.60669
0.228335
0.662
0.236223
0.193191
0.0860848
0.186301
0.0901246
0.0151321
0.469911
0.226317
0.368683
0.0926823
0.0637925
0.148571
0.662
0.392021
0.0158307
0.545442
0.176022
0.0591807
0.163582
0.354137
0.242184
0.662
0.158321
0.601386
0.662
0.121692
0.662
0.0149841
0.662
0.0265517
0.0876622
0.233098
0.662
0.662
0.233422
0.256726
0.183287
0.0883633
0.177124
0.315409
0.0932441
0.263886
0.662
0.204402
0.215454
0.435911
0.662
0.135727
0.662
0.214208
0.188965
0.505358
0.272416
0.577902
0.325342
0.425821
0.276174
0.662
0.662
0.42122
0.0455556
0.662
0.389483
0.662
0.115695
0.238287
0.662
0.336747
0.120235
0.195455
0.102055
0.0369747
0.662
0.181238
0.397483
0.662
0.0992093
0.202274
0.523965
0.361099
0.00187089
0.470721
0.11692
0.298377
0.122467
0.662
0.385728
0.643175
0.435128
0.238094
0.113599
0.19775
0.42745
0.0861042
0.662
0.424779
0.0790747
0.662
0.458536
0.268207
0.167125
0.662
0.190509
0.0086761
0.202326
0.049207
0.29915
0.0299048
0.0712306
0.346668
0.151747
0.409967
0.058327
0.662
0.0084492
0.140244
0.662
0.662
0.0688758
0.219924
0.234491
0.274652
0.662
0.100568
0.0120728
0.24747
0.349128
0.0943978
0.662
0.252574
0.582935
0.662
0.121525
0.218309
0.662
0.0731946
0.00556354
0.662
0.662
0.662
0.177852
0.662
0.45679
0.343293
0.428809
0.113529
0.267581
0.662
0.0146161
0.199755
0.0667164
0.662
0.364637
0.21403
0.132654
0.169825
0.143682
0.28052
0.657581
0.22138
0.159914
0.237441
0.276756
0.145828
0.441476
0.230605
0.662
0.662
0.0565359
0.456276
0.19189
0.134675
0.155352
0.298366
0.367845
0.182342
0.186018
0.195349
0.466177
0.291283
0.662
0.0446817
0.0803558
0.36054
0.104435
0.662
0.218654
0.662
0.250749
0.249848
0.250101
0.113757
0.118844
0.142563
0.662
0.143474
0.360878
0.478932
0.37289
0.25079
0.662
0.430345
0.662
0.662
0.406949
0.135827
0.119648
0.309307
0.662
0.662
0.497204
0.124106
0.22975
0.0639895
0.305699
0.662
0.337887
0.27395
0.662
0.102511
0.37858
0.399625
0.662
0.212153
0.0912978
0.372904
0.476265
0.0959824
0.147228
0.0283408
0.177689
0.0955821
0.188099
0.662
0.662
0.662
0.269641
0.189597
0.147098
0.21964
0.662
0.454488
0.000443368
0.662
0.662
0.0663918
0.175461
0.662
0.662
0.458545
0.128013
0.108555
0.161238
0.16424
0.0544596
0.187012
0.662
0.10325
0.0194647
0.286428
0.104433
0.662
0.0274795
0.277099
0.228748
0.662
0.296449
0.133108
0.157311
0.300098
0.154344
0.405397
0.0297656
0.168499
0.515874
0.0671336
0.399385
0.42876
0.662
0.425224
0.0682392
0.662
0.0385196
0.512834
0.14241
0.346936
0.662
0.23029
0.0923197
0.662
0.206932
0.22376
0.571259
0.662
0.277612
0.115702
0.289308
0.662
0.662
0.662
0.662
0.662
0.208848
0.0420936
0.0217624
0.00865668
0.0414564
0.0597909
0.401221
0.120768
0.662
0.56383
0.662
0.000478279
0.0894752
0.164763
0.177639
0.370592
0.662
0.0730072
0.662
0.245825
0.1029
0.0747629
0.16107
0.158298
0.23929
0.662
0.182903
0.662
0.0543213
0.0950638
0.358422
0.662
0.662
0.447854
0.662
0.088205
0.662
0.475888
0.0386133
0.662
0.194348
0.249835
0.594723
0.124981
0.247728
0.42166
0.130909
0.138181
0.33012
0.662
0.0936974
0.0594316
0.172209
0.149425
0.157307
0.248138
0.116929
0.286039
0.251136
0.167231
0.662
0.662
0.337987
0.470064
0.115637
0.0143375
0.0408817
0.319962
0.662
0.199638
0.0876926
0.151667
0.26027
0.623438
0.13594
0.0963775
0.377769
0.157951
0.187605
0.662
0.260786
0.662
0.0923408
0.209918
0.155552
0.457093
0.26582
0.222993
0.257297
0.390628
0.662
0.212433
0.118562
0.465269
0.056051
0.662
0.403119
0.319276
0.341192
0.281574
0.662
0.662
0.662
0.123615
0.199098
0.263133
0.00655882
0.209147
0.662
0.662
0.0921285
0.0790744
0.148918
0.253928
0.294444
0.60933
0.662
0.135084
0.0967915
0.551099
0.0649601
0.186671
0.0844905
0.662
0.460978
0.135722
0.338916
0.48135
0.662
0.0946845
0.662
0.152781
0.0968234
0.313193
0.376114
0.313938
0.28329
0.042436
0.662
0.135044
0.0496636
0.134739
0.662
0.173691
0.172796
0.166487
0.140629
0.136475
0.388316
0.662
0.13166
0.143926
0.394716
0.126713
0.572375
0.662
0.602152
0.662
0.199813
0.662
0.662
0.258965
0.214905
0.215306
0.662
0.662
0.662
0.42542
0.0806589
0.0358018
0.137278
0.060091
0.662
0.332998
0.662
0.0870771
0.662
0.557563
0.0657605
0.32925
0.662
0.0255864
0.248478
0.341875
0.0393457
0.142948
0.662
0.0405899
0.0783057
0.314918
0.268372
0.0100987
0.269478
0.132798
0.436139
0.181977
0.289495
0.237853
0.662
0.135495
0.662
0.662
0.413678
0.662
0.662
0.204097
0.191795
0.662
0.662
0.269902
0.0438641
0.0348261
0.574773
0.662
0.421598
0.0699545
0.662
0.0800341
0.662
0.175108
0.662
0.198636
0.167627
0.323754
0.635628
0.390665
0.662
0.531986
0.177395
0.122906
0.350628
0.662
0.311815
0.662
0.662
0.662
0.265965
0.142317
0.211028
0.11412
0.299226
0.388845
0.395888
0.253252
0.662
0.0771315
0.357638
0.154006
0.203544
0.0785352
0.0619977
0.0715521
0.274911
0.0798973
0.137518
0.662
0.662
0.220486
0.662
0.662
0.20556
0.251766
0.117714
0.121234
0.662
0.321826
0.310156
0.662
0.000971036
0.348041
0.27695
0.662
0.662
0.662
0.288851
0.0900306
0.569289
0.114319
0.242312
0.179378
0.662
0.476637
0.266273
0.329831
0.662
0.543291
0.357211
0.0465857
0.186762
0.662
0.243556
0.129807
0.155992
0.177265
0.0149613
0.583981
0.204041
0.33865
0.662
0.0987402
0.0442113
0.321025
0.158429
0.180173
0.662
0.143921
0.616738
0.27276
0.284494
0.214324
0.0848076
0.186995
0.315242
0.110049
0.0394553
0.513119
0.215055
0.0646293
0.150385
0.147375
0.17472
0.303772
0.112826
0.662
0.51889
0.474169
0.149546
0.472794
0.31355
0.0517811
0.662
0.542151
0.108474
0.0831647
0.153025
0.107607
0.462084
0.362336
0.308535
0.21098
0.171789
0.662
0.207332
0.662
0.0906029
0.338609
0.662
0.662
0.445195
0.189907
0.261606
0.43179
0.26754
0.297327
0.662
0.0601516
0.662
0.570323
0.31791
0.662
0.633735
0.309802
0.662
0.662
0.662
0.252713
0.128651
0.129969
0.219372
0.662
0.0633507
0.0322494
0.425846
0.561501
0.190655
0.199093
0.307584
0.189672
0.459216
0.0395695
0.38686
0.271138
0.219238
0.0720744
0.146396
0.176078
0.0676338
0.282833
0.201732
0.662
0.0956895
0.662
0.281315
0.458683
0.532217
0.662
0.192722
0.308644
0.234102
0.139341
0.123601
0.0597402
0.0168792
0.443583
0.122003
0.662
0.662
0.199117
0.314173
0.0258355
0.662
0.404671
0.0659444
0.662
0.662
0.662
0.151548
0.122921
0.286502
0.201049
0.472353
0.265649
0.189492
0.5346
0.662
0.457235
0.662
0.0434451
0.157765
0.146462
0.0849035
0.601784
0.221416
0.157237
0.534921
0.662
0.497253
0.0570326
0.466267
0.332749
0.662
0.662
0.214186
0.662
0.11694
0.662
0.13781
0.308903
0.133049
0.224559
0.593747
0.260729
0.349021
0.0836607
0.176025
0.104552
0.662
0.662
0.162564
0.0624192
0.662
0.0884191
0.140043
0.662
0.224938
0.239322
0.306626
0.566743
0.231769
0.0114743
0.140477
0.446254
0.366591
0.45423
0.123777
0.219665
0.115498
0.662
0.318465
0.132954
0.0783546
0.0714162
0.662
0.297944
0.0744736
0.0482536
0.12036
0.131365
0.144623
0.662
0.0915478
0.385622
0.223206
0.05771
0.0193983
0.662
0.128728
0.662
0.662
0.224823
0.0260688
0.662
0.662
0.417324
0.308607
0.0261871
0.662
0.456158
0.574168
0.395653
0.662
0.404112
0.102893
0.61955
0.292716
0.632316
0.138814
0.417096
0.25033
0.662
0.212618
0.0339523
0.402089
0.662
0.0941543
0.536098
0.170016
0.662
0.662
0.0955775
0.548823
0.374631
0.662
0.0798143
0.607988
0.15312
0.296249
0.662
0.662
0.662
0.662
0.662
0.27656
0.662
0.318305
0.178305
0.290573
0.420314
0.148846
0.662
0.198419
0.0814292
0.402083
0.106369
0.226226
0.20908
0.134424
0.437397
0.399993
0.073641
0.21042
0.662
0.610937
0.160066
0.237396
0.426817
0.118759
0.157908
0.473163
0.206842
0.117719
0.0586927
0.24281
0.122352
0.662
0.380118
0.623873
0.317142
0.662
0.0824975
0.12579
0.400377
0.662
0.435291
0.246792
0.385735
0.310496
0.625426
0.28622
0.0115375
0.00365021
0.000907566
0.256762
0.662
0.255548
0.662
0.221128
0.252149
0.662
0.172857
0.150624
0.108622
0.215163
0.391923
0.662
0.207462
0.216387
0.662
0.196696
0.316772
0.0908148
0.248469
0.20991
0.123349
0.188399
0.329647
0.229837
0.0546382
0.430155
0.387334
0.0587282
0.662
0.662
0.0756593
0.124223
0.391029
0.106209
0.453124
0.397526
0.590901
0.186278
0.203112
0.314486
0.662
0.17593
0.420763
0.287734
0.263567
0.520697
0.662
0.205519
0.662
0.0765832
0.104412
0.373012
0.339391
0.662
0.662
0.155717
0.071756
0.662
0.463151
0.430014
0.662
0.0815963
0.00370306
0.253945
0.124279
0.100063
0.662
0.162617
0.311065
0.224745
0.229492
0.263371
0.0539269
0.194412
0.141935
0.662
0.101977
0.659722
0.134705
0.0209953
0.100574
0.177312
0.662
0.36416
0.269841
0.15226
0.662
0.662
0.662
0.174562
0.264847
0.168108
0.0214448
0.384207
0.662
0.450668
0.0687195
0.662
0.662
0.419251
0.180648
0.116375
0.662
0.12942
0.0875747
0.662
0.291886
0.662
0.159714
0.0892217
0.00607928
0.499949
0.215035
0.0410653
0.098891
0.631303
0.662
0.0248179
0.298812
0.493974
0.0890683
0.0475737
0.328451
0.117063
0.433708
0.128593
0.570793
0.662
0.09271
0.19378
0.662
0.662
0.662
0.44844
0.452376
0.0388165
0.662
0.52686
0.122074
0.0835091
0.353405
0.543906
0.224541
0.662
0.391428
0.23658
0.662
0.367386
0.662
0.339654
0.662
0.17133
0.145911
0.662
0.098389
0.118586
0.114364
0.662
0.662
0.391346
0.022088
0.662
0.0465326
0.169444
0.662
0.662
0.110814
0.252386
0.22108
0.140174
0.571268
0.0871384
0.100528
0.179241
0.261921
0.142692
0.327389
0.152705
0.0607146
0.517438
0.3536
0.662
0.179868
0.662
0.244312
0.0539475
0.0311515
0.297496
0.662
0.157953
0.662
0.416736
0.662
0.499725
0.404976
0.250177
0.662
0.42777
0.221035
0.411281
0.0702592
0.662
0.238151
0.458828
0.662
0.222309
0.175169
0.211321
0.0447166
0.0725342
0.2151
0.0648251
0.412495
0.662
0.00838809
0.662
0.662
0.100799
0.662
0.183655
0.499317
0.445371
0.105383
0.662
0.103567
0.581093
0.222261
0.0580896
0.367171
0.662
0.455341
0.662
0.0448186
0.112427
0.662
0.527454
0.441377
0.552107
0.181748
0.0430048
0.208845
0.261953
0.444426
0.662
0.296812
0.0471597
0.237509
0.128883
0.138115
0.474714
0.0971039
0.532764
0.662
0.13209
0.426463
0.0677379
0.188975
0.0159536
0.622164
0.18715
0.662
0.416221
0.221435
0.265499
0.451875
0.284411
0.662
0.109469
0.662
0.35284
0.201135
0.095772
0.662
0.147319
0.315288
0.115023
0.109201
0.138981
0.149164
0.236863
0.491534
0.105222
0.662
0.475444
0.165289
0.463778
0.662
0.662
0.662
0.447491
0.218184
0.254522
0.179587
0.0866984
0.0412124
0.436885
0.469921
0.662
0.179658
0.0132035
0.402681
0.360247
0.397128
0.131973
0.0442122
0.0400244
0.662
0.197067
0.29102
0.0924948
0.105368
0.0858613
0.296051
0.4514
0.187167
0.318687
0.15052
0.175196
0.662
0.0512735
0.351236
0.662
0.662
0.662
0.662
0.00563123
0.144676
0.320856
0.662
0.394953
0.337209
0.08839
0.159594
0.662
0.662
0.176394
0.662
0.123198
0.44358
0.197483
0.417366
0.223013
0.00535062
0.146951
0.269907
0.662
0.303423
0.662
0.196688
0.154882
0.195392
0.504569
0.104414
0.204191
0.662
0.30992
0.662
0.0862368
0.00486508
0.0761397
0.662
0.662
0.206598
0.151393
0.162285
0.22079
0.458896
0.168442
0.11616
0.249989
0.468637
0.0838845
0.243903
0.100684
0.212525
0.142997
0.179246
0.27716
0.45568
0.662
0.160433
0.662
0.193271
0.406615
0.662
0.13013
0.224188
0.273908
0.662
0.312583
0.0181331
0.0544848
0.662
0.662
0.0401291
0.662
0.00625118
0.662
0.386204
0.662
0.0890003
0.204424
0.662
0.662
0.662
0.289338
0.126448
0.201681
0.017108
0.147598
0.20195
0.662
0.204378
0.55686
0.294615
0.662
0.0880074
0.662
0.506131
0.410815
0.241772
0.257608
0.43109
0.451886
0.423841
0.290168
0.0739828
0.0722631
0.150732
0.600761
0.139167
0.585904
0.662
0.452935
0.136025
0.167719
0.431718
0.525253
0.129194
0.662
0.662
0.647844
0.662
0.662
0.0370198
0.134562
0.662
0.32543
0.557047
0.292271
0.286658
0.284077
0.186894
0.456454
0.662
0.608957
0.15672
0.662
0.0796154
0.00476229
0.410853
0.257864
0.662
0.251636
0.270372
0.662
0.187127
0.198131
0.227115
0.190538
0.120688
0.226898
0.467797
0.662
0.662
0.0549252
0.302521
0.353784
0.662
0.0768608
0.12502
0.513355
0.662
0.0434335
0.225988
0.0651697
0.662
0.231079
0.187291
0.662
0.0875964
0.130497
0.624892
0.291764
0.438867
0.0728299
0.662
0.662
0.188519
0.662
0.662
0.614875
0.206754
0.159991
0.507328
0.114655
0.662
0.110032
0.662
0.662
0.308086
0.662
0.662
0.246342
0.169222
0.360393
0.114605
0.662
0.398336
0.662
0.258897
0.208779
0.159649
0.662
0.139935
0.127681
0.303524
0.0724315
0.56858
0.0855903
0.662
0.365705
0.0929846
0.275987
0.250517
0.662
0.375005
0.190685
0.417667
0.339257
0.473869
0.662
0.11239
0.662
0.662
0.111322
0.285524
0.11346
0.120922
0.662
0.103452
0.134836
0.207086
0.662
0.185237
0.59777
0.153147
0.493332
0.404568
0.662
0.146222
0.281931
0.0911609
0.662
0.201453
0.19099
0.662
0.226955
0.662
0.0246079
0.217474
0.218177
0.190931
0.332235
0.124254
0.662
0.180191
0.164733
0.0917696
0.222306
0.662
0.187175
0.111654
0.662
0.561584
0.599349
0.662
0.066929
0.280979
0.254328
0.622898
0.406952
0.0839088
0.134224
0.189399
0.0997954
0.226633
0.189461
0.250609
0.0669014
0.662
0.662
0.449136
0.418312
0.16015
0.4663
0.16871
0.662
0.662
0.129885
0.662
0.662
0.233799
0.188238
0.338955
0.296279
0.178052
0.662
0.217442
0.662
0.0617553
0.662
0.115739
0.0956217
0.662
0.147276
0.354131
0.128059
0.146271
0.385487
0.0666958
0.402907
0.537271
0.662
0.662
0.662
0.662
0.230545
0.0902222
0.307375
0.152443
0.0525142
0.662
0.186385
0.406844
0.662
0.198464
0.0137875
0.38279
0.17271
0.525315
0.0655789
0.0186055
0.662
0.509409
0.201016
0.346728
0.0125409
0.331211
0.503312
0.662
0.26416
0.0206015
0.214127
0.0900423
0.0876473
0.223981
0.662
0.0110096
0.118303
0.300075
0.211567
0.239227
0.662
0.146666
0.662
0.0589249
0.167436
0.662
0.381939
0.0279649
0.256637
0.243407
0.244076
0.188354
0.662
0.368863
0.180459
0.662
0.0489324
0.662
0.214039
0.192342
0.408965
0.0812612
0.388492
0.141799
0.202544
0.662
0.662
0.662
0.469097
0.662
0.662
0.0987081
0.662
0.163535
0.015089
0.147676
0.373639
0.0895644
0.338968
0.662
0.323211
0.321725
0.0863808
0.159355
0.662
0.311645
0.374548
0.662
0.376847
0.662
0.058603
0.220045
0.198721
0.229189
0.277216
0.144748
0.126255
0.236565
0.321832
0.24532
0.13641
0.259694
0.0475997
0.0383546
0.144021
0.265485
0.272192
0.184802
0.402774
0.068192
0.662
0.0716441
0.19768
0.345031
0.185149
0.321927
0.551982
0.0907071
0.240842
0.0416077
0.127418
0.0882535
0.662
0.36237
0.598224
0.324105
0.396541
0.214545
0.220331
0.134662
0.075591
0.214503
0.662
0.324089
0.214648
0.0493698
0.310143
0.373646
0.288865
0.373852
0.662
0.255242
0.662
0.398496
0.662
0.0488837
0.144778
0.640362
0.104633
0.544372
0.662
0.662
0.662
0.103135
0.662
0.0190032
0.194658
0.275384
0.237847
0.0396025
0.145671
0.451121
0.204943
0.662
0.474403
0.662
0.101466
0.0565848
0.276192
0.662
0.251182
0.472811
0.0760603
0.150486
0.079591
0.429347
0.662
0.0655199
0.662
0.662
0.07368
0.519328
0.458558
0.445411
0.389717
0.115328
0.125326
0.662
0.341047
0.662
0.118975
0.211029
0.13556
0.160311
0.400095
0.370716
0.219758
0.399408
0.251695
0.438393
0.662
0.190192
0.662
0.237363
0.194701
0.4129
0.230222
0.360357
0.444749
0.662
0.549836
0.120839
0.662
0.662
0.662
0.1811
0.265234
0.465876
0.609148
0.230976
0.473297
0.662
0.353612
0.662
0.662
0.371119
0.259258
0.0525227
0.466625
0.265564
0.0609043
0.213777
0.662
0.662
0.133299
0.274766
0.396321
0.269652
0.28643
0.662
0.438383
0.212038
0.359055
0.0811828
0.249887
0.213218
0.575246
0.416648
0.662
0.181156
0.662
0.662
0.287034
0.220111
0.274558
0.328989
0.44237
0.206931
0.0704896
0.31986
0.662
0.240658
0.128375
0.662
0.153067
0.487931
0.662
0.154554
0.26793
0.105266
0.662
0.662
0.160181
0.193248
0.0808626
0.123443
0.662
0.0735788
0.662
0.190677
0.173807
0.127565
0.597169
0.00425009
0.662
0.443339
0.662
0.662
0.0332722
0.230329
0.662
0.209859
0.662
0.0514288
0.292329
0.292708
0.493437
0.507986
0.036465
0.18352
0.185115
0.0634496
0.112683
0.181854
0.662
0.347424
0.116918
0.401501
0.155419
0.160032
0.12689
0.662
0.662
0.178529
0.662
0.207348
0.285767
0.662
0.0745536
0.324863
0.662
0.662
0.0896468
0.662
0.161869
0.395192
0.662
0.108459
0.662
0.169456
0.0536924
0.0899109
0.662
0.662
0.163484
0.179893
0.076944
0.662
0.269461
0.22114
0.0825348
0.662
0.213975
0.333499
0.662
0.662
0.39665
0.192753
0.208167
0.483174
0.0544664
0.469297
0.0913478
0.0857392
0.370715
0.306308
0.132685
0.275841
0.106887
0.195949
0.662
0.236712
0.662
0.379098
0.181352
0.662
0.205483
0.0295491
0.43655
0.0701449
0.022252
0.282239
0.183711
0.18129
0.279284
0.243527
0.208398
0.662
0.354595
0.34021
0.101324
0.164698
0.662
0.0659534
0.20844
0.103051
0.270263
0.291529
0.662
0.662
0.244329
0.662
0.414172
0.26754
0.0434527
0.633391
0.1784
0.150817
0.256344
0.0578417
0.662
0.167888
0.171175
0.20217
0.662
0.468222
0.662
0.240277
0.662
0.662
0.662
0.662
0.220608
0.662
0.198356
0.479991
0.096295
0.253723
0.20278
0.662
0.299667
0.164456
0.662
0.10125
0.472734
0.0339112
0.662
0.571641
0.0325535
0.625133
0.0606835
0.529668
0.662
0.486028
0.553391
0.662
0.292992
0.219595
0.122301
0.430284
0.0843055
0.248897
0.215399
0.385686
0.662
0.662
0.246607
0.096551
0.662
0.662
0.551579
0.153976
0.129845
0.0427406
0.0616364
0.0266318
0.381882
0.208458
0.0631229
0.662
0.183063
0.205452
0.259923
0.114974
0.370882
0.662
0.0493326
0.0714273
0.642558
0.189376
0.118118
0.432095
0.662
0.466695
0.148166
0.098585
0.495258
0.662
0.214207
0.255433
0.194969
0.662
0.391815
0.298783
0.187028
0.0903693
0.662
0.662
0.662
0.330856
0.662
0.0848825
0.662
0.457659
0.662
0.444173
0.662
0.067857
0.181153
0.662
0.0691595
0.662
0.226379
0.662
0.269216
0.485219
0.336735
0.197294
0.149123
0.518898
0.662
0.364672
0.134718
0.662
0.284129
0.0707972
0.278177
0.132824
0.662
0.0631514
0.180378
0.662
0.146401
0.116924
0.336712
0.662
0.0906153
0.0339847
0.0613878
0.662
0.366295
0.0926937
0.171907
0.19313
0.662
0.0915146
0.662
0.227428
0.662
0.297991
0.662
0.423426
0.400397
0.0453985
0.456555
0.166364
0.273941
0.662
0.429243
0.165941
0.428782
0.0261986
0.662
0.662
0.38397
0.393192
0.0663381
0.134101
0.330909
0.0120534
0.194239
0.174677
0.662
0.662
0.393312
0.444544
0.0612307
0.165119
0.462996
0.231019
0.101933
0.107315
0.0472993
0.662
0.316099
0.252213
0.662
0.662
0.105746
0.403592
0.662
0.662
0.622155
0.158663
0.544126
0.482718
0.187396
0.0725618
0.174393
0.601577
0.399793
0.662
0.466223
0.298676
0.259027
0.662
0.0227549
0.556606
0.410481
0.149618
0.0152978
0.291244
0.284811
0.662
0.662
0.662
0.490427
0.13669
0.155941
0.468275
0.39229
0.188887
0.662
0.0169633
0.567349
0.0137218
0.0766831
0.0237203
0.0504022
0.662
0.197631
0.662
0.0506815
0.164672
0.150946
0.177493
0.155762
0.662
0.0519211
0.158976
0.0583411
0.642606
0.0868774
0.662
0.0374687
0.304705
0.196194
0.662
0.199758
0.0622302
0.662
0.172571
0.178651
0.352542
0.095122
0.24225
0.391234
0.236152
0.0808385
0.173657
0.133724
0.0619038
0.198273
0.336586
0.178602
0.662
0.662
0.114577
0.662
0.662
0.00894704
0.378523
0.23801
0.102271
0.493046
0.0509316
0.662
0.0663713
0.0308743
0.662
0.662
0.601438
0.0946451
0.329148
0.102405
0.0466334
0.662
0.662
0.0816694
0.662
0.522976
0.662
0.662
0.442857
0.105121
0.662
0.152413
0.662
0.426779
0.242062
0.662
0.292225
0.177783
0.0876928
0.352621
0.324267
0.0796759
0.662
0.662
0.389156
0.331075
0.662
0.193721
0.158562
0.662
0.198666
0.662
0.133824
0.662
0.662
0.151162
0.662
0.204578
0.368027
0.205656
0.149688
0.662
0.104833
0.662
0.0499153
0.101156
0.295912
0.104393
0.662
0.154584
0.175682
0.232184
0.117362
0.662
0.192984
0.198356
0.662
0.200091
0.483678
0.662
0.272558
0.264902
0.662
0.209794
0.106285
0.183937
0.0626105
0.0476658
0.0515448
0.337076
0.0264536
0.196657
0.0654706
0.662
0.543614
0.662
0.472342
0.11887
0.355445
0.546177
0.156261
0.453682
0.662
0.276895
0.662
0.363323
0.662
0.188297
0.150922
0.0710872
0.662
0.195321
0.43772
0.0717489
0.0749472
0.0902738
0.440588
0.294052
0.662
0.662
0.266219
0.368344
0.447753
0.662
0.270852
0.252464
0.306025
0.477914
0.126569
0.247773
0.278795
0.173508
0.267432
0.375929
0.123715
0.416696
0.662
0.201816
0.0802817
0.608602
0.134453
0.0965565
0.46273
0.662
0.191231
0.331269
0.114447
0.0781313
0.279974
0.177675
0.662
0.662
0.288212
0.662
0.293525
0.349295
0.168961
0.662
0.363543
0.426474
0.662
0.213033
0.417388
0.413113
0.226168
0.42341
0.494266
0.508838
0.385738
0.308196
0.0452482
0.182364
0.205129
0.0229595
0.505675
0.291306
0.387466
0.210329
0.0964379
0.662
0.134654
0.433514
0.662
0.39656
0.662
0.114655
0.0373862
0.415217
0.212927
0.225818
0.331449
0.662
0.280984
0.414038
0.662
0.0630862
0.617421
0.190504
0.101989
0.252765
0.212136
0.136508
0.438392
0.300406
0.662
0.244745
0.280868
0.0286034
0.158393
0.2528
0.262091
0.437602
0.170572
0.662
0.662
0.11584
0.382134
0.662
0.194804
0.177124
0.115548
0.121811
0.0668175
0.0725944
0.222478
0.123171
0.662
0.197737
0.410904
0.113244
0.159316
0.321506
0.296433
0.414568
0.130493
0.263816
0.112358
0.412428
0.0755352
0.187378
0.662
0.662
0.447866
0.471073
0.662
0.662
0.662
0.191996
0.662
0.662
0.662
0.26523
0.19796
0.662
0.662
0.173185
0.184739
0.662
0.662
0.554703
0.24134
0.662
0.163499
0.53977
0.148692
0.396153
0.662
0.662
0.0519427
0.270561
0.221797
0.662
0.6162
0.116072
0.662
0.622618
0.662
0.220809
0.662
0.188642
0.662
0.3313
0.323968
0.238489
0.324591
0.432441
0.0896538
0.242017
0.1539
0.311181
0.662
0.662
0.0583594
0.633693
0.570558
0.467711
0.137206
0.0379683
0.474871
0.0772789
0.135419
0.662
0.181729
0.232436
0.166221
0.662
0.662
0.662
0.407613
0.662
0.662
0.662
0.452895
0.135914
0.186255
0.662
0.369028
0.662
0.662
0.170017
0.280843
0.215868
0.206637
0.662
0.110901
0.0282823
0.137613
0.172512
0.662
0.0867084
0.248114
0.10006
0.228684
0.662
0.224705
0.465204
0.0675572
0.662
0.662
0.474062
0.147119
0.305362
0.308894
0.177059
0.363657
0.141733
0.662
0.449945
0.15158
0.016479
0.0758036
0.135505
0.177159
0.662
0.20493
0.311478
0.369143
0.0343727
0.202893
0.116007
0.16998
0.263071
0.662
0.174147
0.0921563
0.150987
0.0760808
0.0672972
0.326445
0.513572
0.158083
0.277858
0.0780254
0.488878
0.662
0.195807
0.290881
0.209315
0.0899921
0.0883183
0.0963988
0.662
0.19889
0.155379
0.662
0.662
0.202324
0.164684
0.0793058
0.662
0.260387
0.31406
0.476185
0.0754635
0.348141
0.0501927
0.662
0.162368
0.20959
0.186813
0.662
0.292706
0.662
0.662
0.244208
0.662
0.0376019
0.439298
0.0706535
0.0763007
0.662
0.206394
0.0382093
0.186738
0.662
0.152783
0.662
0.662
0.445042
0.541959
0.125345
0.166918
0.662
0.189644
0.101084
0.428067
0.118596
0.284608
0.154769
0.302978
0.101164
0.522436
0.662
0.662
0.662
0.0948382
0.464156
0.223098
0.109057
0.258473
0.139482
0.0720439
0.185609
0.162982
0.312468
0.662
0.36648
0.168688
0.0536271
0.662
0.0703605
0.0794331
0.0687648
0.662
0.186759
0.150043
0.662
0.662
0.274924
0.148772
0.105032
0.153449
0.662
0.257016
0.424191
0.118159
0.295581
0.662
0.662
0.662
0.662
0.170996
0.662
0.190398
0.662
0.662
0.407985
0.0630283
0.279445
0.168536
0.516714
0.246063
0.455294
0.43216
0.522925
0.226504
0.205546
0.277763
0.0383776
0.633932
0.292848
0.393709
0.134207
0.357057
0.230898
0.0797425
0.128951
0.662
0.393648
0.12007
0.662
0.397426
0.662
0.0789951
0.450067
0.188023
0.465131
0.117811
0.235639
0.309161
0.24729
0.280551
0.115941
0.662
0.439313
0.187498
0.552982
0.0827973
0.194135
0.126691
0.662
0.289107
0.175562
0.0934921
0.225825
0.116532
0.243539
0.148667
0.112586
0.0801178
0.122086
0.662
0.256322
0.0465658
0.662
0.351208
0.662
0.294472
0.349364
0.0651892
0.138654
0.662
0.144365
0.154041
0.0734826
0.474849
0.662
0.662
0.384973
0.662
0.286489
0.662
0.188541
0.129474
0.108682
0.662
0.14923
0.415608
0.0689223
0.662
0.662
0.356332
0.0989369
0.662
0.453695
0.662
0.160591
0.0851994
0.15045
0.195976
0.165181
0.342629
0.662
0.367921
0.0750837
0.2153
0.647988
0.662
0.124469
0.129769
0.662
0.110283
0.1084
0.257161
0.662
0.0207337
0.0556106
0.368586
0.253847
0.662
0.662
0.662
0.107974
0.033364
0.182363
0.202902
0.131729
0.249622
0.123364
0.0482364
0.662
0.0862745
0.103847
0.662
0.526667
0.521219
0.171265
0.128622
0.146599
0.520457
0.135699
0.176198
0.194218
0.0907199
0.476509
0.319756
0.550631
0.188307
0.180032
0.0682132
0.662
0.281239
0.0816528
0.306744
0.259713
0.247751
0.34798
0.662
0.134705
0.319361
0.662
0.153501
0.21074
0.449188
0.434075
0.205882
0.195809
0.452888
0.255689
0.3647
0.424615
0.65881
0.453761
0.662
0.662
0.453642
0.154302
0.179468
0.306972
0.584075
0.0106316
0.051878
0.662
0.662
0.662
0.116635
0.128378
0.662
0.662
0.662
0.662
0.662
0.0676971
0.662
0.01116
0.195137
0.401186
0.404714
0.213694
0.602846
0.266822
0.110279
0.662
0.344674
0.252732
0.18153
0.662
0.0388502
0.263621
0.662
0.070593
0.662
0.614444
0.452116
0.662
0.0706348
0.22651
0.121757
0.232612
0.29757
0.23736
0.156134
0.405859
0.662
0.134614
0.0837284
0.304498
0.0999864
0.277661
0.372024
0.0887908
0.349846
0.0604726
0.00813183
0.197539
0.294085
0.0131761
0.42887
0.144114
0.178261
0.0274761
0.142066
0.662
0.662
0.0790862
0.662
0.271163
0.165009
0.0302015
0.662
0.662
0.411242
0.0239594
0.48901
0.662
0.000210826
0.662
0.124283
0.662
0.139867
0.0751868
0.157578
0.145819
0.0982626
0.222839
0.0867263
0.298745
0.036617
0.375382
0.219938
0.662
0.252811
0.662
0.427638
0.460077
0.244315
0.662
0.662
0.0168478
0.378229
0.662
0.469949
0.17403
0.16632
0.662
0.113924
0.662
0.0190898
0.662
0.295112
0.12944
0.662
0.308789
0.662
0.662
0.470205
0.142134
0.152364
0.430046
0.662
0.573389
0.198938
0.662
0.172732
0.0945144
0.400459
0.215955
0.0161888
0.662
0.662
0.0151541
0.195137
0.662
0.662
0.0524409
0.380329
0.662
0.0748849
0.182621
0.31022
0.662
0.0196208
0.249529
0.118723
0.366129
0.100048
0.271156
0.423653
0.214907
0.1451
0.253249
0.320828
0.159839
0.0336727
0.662
0.662
0.662
0.299781
0.0217303
0.226336
0.412812
0.662
0.195177
0.289601
0.518186
0.662
0.404338
0.259149
0.176574
0.419251
0.186413
0.0628608
0.0898469
0.0771324
0.397309
0.662
0.202986
0.5368
0.101457
0.662
0.124396
0.662
0.662
0.0482464
0.662
0.431201
0.662
0.161893
0.216816
0.662
0.156532
0.227347
0.303057
0.0588931
0.542983
0.662
0.117181
0.662
0.0498761
0.662
0.298614
0.662
0.112893
0.231373
0.0592988
0.0840116
0.228669
0.165036
0.186677
0.542857
0.466173
0.316757
0.279935
0.195937
0.662
0.662
0.662
0.349445
0.662
0.216707
0.204342
0.132441
0.33421
0.266486
0.107626
0.662
0.0659876
0.662
0.202023
0.101736
0.662
0.662
0.662
0.226194
0.277635
0.00572644
0.159085
0.102679
0.435207
0.13759
0.493506
0.662
0.322523
0.525318
0.418254
0.147958
0.144353
0.278336
0.596309
0.355474
0.284173
0.662
0.662
0.662
0.285596
0.662
0.177721
0.236957
0.0437247
0.151403
0.201473
0.125409
0.0762845
0.662
0.319666
0.402972
0.662
0.331662
0.321582
0.341092
0.662
0.160802
0.171339
0.662
0.612966
0.0977644
0.29796
0.119863
0.0157772
0.110066
0.662
0.0859422
0.126045
0.662
0.126457
0.30134
0.0664628
0.662
0.0632603
0.155823
0.197638
0.127887
0.662
0.0874176
0.169255
0.210856
0.22412
0.276313
0.126756
0.182752
0.110528
0.175031
0.662
0.592479
0.662
0.662
0.662
0.324376
0.662
0.317824
0.471622
0.662
0.172902
0.662
0.245624
0.468244
0.539202
0.0315314
0.327459
0.409569
0.442556
0.662
0.164028
0.280871
0.17955
0.216901
0.267847
0.234178
0.185684
0.41611
0.14344
0.220516
0.284704
0.0738028
0.197276
0.662
0.662
0.263094
0.662
0.392962
0.167074
0.22512
0.107076
0.662
0.421361
0.513768
0.481374
0.200984
0.121252
0.0540586
0.662
0.131104
0.662
0.00192196
0.662
0.662
0.0162226
0.662
0.104534
0.662
0.0758806
0.385456
0.662
0.150078
0.662
0.163204
0.175463
0.215805
0.232435
0.662
0.662
0.113373
0.662
0.223214
0.238195
0.662
0.662
0.436543
0.662
0.464715
0.147846
0.662
0.662
0.232497
0.359264
0.065237
0.540173
0.502657
0.0137765
0.321224
0.447237
0.309271
0.0782049
0.305404
0.263539
0.252471
0.0690676
0.343035
0.662
0.662
0.494904
0.0897036
0.534773
0.415793
0.153271
0.662
0.63339
0.338748
0.305043
0.449969
0.144255
0.182724
0.385939
0.662
0.201029
0.406984
0.0752353
0.351506
0.0233808
0.510128
0.385621
0.312555
0.662
0.116438
0.223377
0.200315
0.200687
0.662
0.281042
0.230085
0.317793
0.088283
0.0749285
0.0167589
0.401651
0.189099
0.662
0.0369014
0.662
0.183445
0.187738
0.662
0.388537
0.510791
0.416539
0.117268
0.249425
0.0728149
0.662
0.662
0.178706
0.080537
0.13292
0.276761
0.180514
0.662
0.598944
0.662
0.662
0.655286
0.204614
0.223202
0.662
0.115642
0.24302
0.246664
0.0413864
0.662
0.26707
0.0450717
0.216014
0.0912226
0.187267
0.397072
0.345627
0.662
0.271493
0.0902338
0.662
0.184601
0.662
0.662
0.309538
0.158672
0.593478
0.0914373
0.662
0.317578
0.662
0.286295
0.576479
0.662
0.0798403
0.662
0.321797
0.0527637
0.369582
0.265207
0.211799
0.122051
0.150927
0.142238
0.471925
0.662
0.0848896
0.239212
0.189197
0.662
0.502993
0.303178
0.216746
0.00607339
0.475832
0.210705
0.0917629
0.662
0.209586
0.662
0.28405
0.269142
0.031601
0.662
0.106294
0.127122
0.265825
0.662
0.516108
0.157445
0.662
0.0563363
0.662
0.050193
0.393156
0.236127
0.436943
0.240622
0.411068
0.662
0.0949747
0.277723
0.00294077
0.662
0.662
0.2597
0.662
0.199538
0.213429
0.662
0.662
0.662
0.0861343
0.156804
0.455361
0.662
0.116958
0.0598508
0.128213
0.13934
0.198282
0.290676
0.227038
0.662
0.0982866
0.662
0.0917807
0.662
0.219834
0.662
0.342573
0.662
0.386861
0.098002
0.199774
0.214077
0.662
0.0512994
0.490902
0.136537
0.662
0.662
0.662
0.662
0.662
0.661454
0.404061
0.0616828
0.662
0.662
0.216673
0.298762
0.629763
0.150102
0.662
0.133229
0.284723
0.476909
0.0973576
0.345383
0.662
0.195561
0.366877
0.16408
0.162545
0.18196
0.373702
0.0989782
0.141136
0.0475225
0.0228062
0.0761135
0.153792
0.456585
0.560686
0.204029
0.662
0.662
0.157359
0.116988
0.662
0.316252
0.159112
0.116459
0.124132
0.459621
0.124875
0.662
0.224002
0.0495735
0.119729
0.330473
0.0448933
0.112012
0.184995
0.119015
0.414147
0.202856
0.373393
0.313394
0.129134
0.662
0.165413
0.259886
0.555023
0.165085
0.595549
0.271846
0.662
0.356501
0.662
0.188281
0.133308
0.0104876
0.261751
0.0907229
0.460666
0.0815411
0.0875945
0.192355
0.27523
0.207319
0.355666
0.200398
0.662
0.116212
0.059237
0.662
0.120142
0.243483
0.0340723
0.126648
0.662
0.134056
0.137427
0.662
0.372688
0.618016
0.367558
0.0536508
0.662
0.662
0.446134
0.0386152
0.662
0.131184
0.662
0.190552
0.100187
0.19599
0.0577321
0.662
0.100278
0.109315
0.662
0.412718
0.662
0.448447
0.0877001
0.128685
0.662
0.662
0.262938
0.662
0.555967
0.157379
0.662
0.00831356
0.134656
0.0585386
0.0262089
0.662
0.227681
0.662
0.021741
0.066873
0.200776
0.325217
0.662
0.103765
0.662
0.0989315
0.0291389
0.662
0.662
0.0905883
0.189165
0.334259
0.662
0.576087
0.662
0.108609
0.282605
0.662
0.0799008
0.155193
0.0693551
0.662
0.121413
0.0313714
0.474592
0.17568
0.428965
0.315311
0.662
0.0951809
0.246673
0.662
0.491092
0.0164433
0.130528
0.175331
0.562238
0.662
0.662
0.112883
0.662
0.456176
0.662
0.190036
0.427058
0.292981
0.324944
0.662
0.412353
0.531173
0.315785
0.662
0.14911
0.662
0.116753
0.152202
0.199348
0.388682
0.662
0.187118
0.373721
0.260528
0.662
0.662
0.322406
0.155559
0.498985
0.352873
0.190421
0.311817
0.662
0.287885
0.662
0.33048
0.234311
0.0514205
0.409505
0.662
0.662
0.140782
0.257576
0.188197
0.370946
0.0699682
0.294668
0.286252
0.22033
0.00874415
0.386063
0.147713
0.321263
0.662
0.299228
0.210987
0.129058
0.662
0.571495
0.566803
0.183022
0.334571
0.165023
0.374681
0.139914
0.151389
0.498451
0.236403
0.662
0.11201
0.133941
0.1656
0.10246
0.662
0.662
0.225219
0.442161
0.193662
0.662
0.295649
0.145687
0.421379
0.175563
0.662
0.0685785
0.181882
0.0178583
0.662
0.0564507
0.100998
0.0156208
0.447013
0.662
0.212599
0.0757626
0.289067
0.662
0.335897
0.546952
0.662
0.0172357
0.0935207
0.159259
0.662
0.662
0.411909
0.266703
0.502548
0.662
0.226011
0.376201
0.228512
0.662
0.223094
0.662
0.0451407
0.662
0.662
0.662
0.197544
0.172772
0.312147
0.346518
0.165927
0.0727318
0.0708925
0.101544
0.0415687
0.255048
0.555089
0.0675332
0.0595637
0.171524
0.662
0.236236
0.322864
0.566073
0.470416
0.167263
0.134979
0.503021
0.142324
0.150825
0.152871
0.00758675
0.272422
0.377491
0.233719
0.662
0.662
0.211136
0.262788
0.0643661
0.662
0.576628
0.196382
0.0570063
0.237336
0.662
0.258262
0.0488819
0.662
0.214738
0.179938
0.168414
0.114736
0.662
0.386944
0.163029
0.230955
0.649948
0.209138
0.662
0.352872
0.0683436
0.285267
0.529469
0.358214
0.0841148
0.211579
0.662
0.151724
0.0469716
0.0909031
0.0892651
0.662
0.23441
0.662
0.417667
0.0797362
0.186518
0.662
0.0512201
0.543366
0.440497
0.464272
0.07983
0.347553
0.662
0.103684
0.662
0.0886728
0.280258
0.0747653
0.0835811
0.198695
0.251991
0.124615
0.0369546
0.2145
0.586161
0.161899
0.365071
0.451581
0.662
0.0933826
0.206046
0.495104
0.197926
0.428558
0.196688
0.662
0.345352
0.333129
0.0596721
0.205518
0.106342
0.662
0.463687
0.35087
0.115903
0.52926
0.250636
0.662
0.161137
0.662
0.412439
0.252732
0.251445
0.575124
0.132834
0.0298344
0.662
0.13651
0.109917
0.136237
0.140709
0.662
0.188697
0.131414
0.662
0.0813393
0.0785931
0.125799
0.0313543
0.165955
0.103389
0.662
0.000889429
0.239878
0.662
0.662
0.42964
0.0759445
0.662
0.467939
0.097732
0.662
0.605688
0.42166
0.662
0.662
0.46788
0.662
0.178951
0.426158
0.0395709
0.178926
0.662
0.662
0.135856
0.368969
0.0767101
0.219002
0.662
0.0735782
0.0326016
0.0544583
0.098941
0.0200781
0.245028
0.242058
0.232428
0.0840742
0.498894
0.187722
0.383289
0.662
0.662
0.0754582
0.0792454
0.0911128
0.175557
0.128146
0.135282
0.12305
0.239109
0.310425
0.11108
0.136147
0.376693
0.387316
0.310897
0.280302
0.250768
0.412944
0.662
0.166745
0.169474
0.600459
0.171244
0.117681
0.29326
0.662
0.150939
0.662
0.281393
0.662
0.662
0.146131
0.0925876
0.576142
0.318897
0.662
0.662
0.662
0.121202
0.662
0.662
0.662
0.537845
0.662
0.662
0.077743
0.662
0.399847
0.352315
0.662
0.662
0.662
0.247378
0.0883364
0.662
0.265965
0.495249
0.662
0.662
0.323548
0.662
0.337679
0.662
0.416609
0.211863
0.662
0.662
0.662
0.444659
0.234381
0.662
0.372126
0.0643891
0.206216
0.525575
0.424898
0.662
0.662
0.662
0.129102
0.175105
0.662
0.662
0.662
0.0971525
0.662
0.360665
0.300333
0.150209
0.109632
0.193769
0.662
0.662
0.501158
0.17493
0.182386
0.488228
0.326062
0.112101
0.0123442
0.333105
0.662
0.662
0.174318
0.082839
0.662
0.465203
0.0803337
0.135621
0.451737
0.208698
0.41758
0.0975731
0.146735
0.662
0.121623
0.0480616
0.662
0.217781
0.662
0.382233
0.127203
0.196635
0.662
0.662
0.083308
0.135618
0.158095
0.352419
0.662
0.061008
0.662
0.212115
0.662
0.230079
0.092202
0.132864
0.404628
0.185326
0.414172
0.178295
0.271092
0.209428
0.662
0.509759
0.340292
0.656844
0.583618
0.345687
0.662
0.147484
0.409563
0.0800278
0.34321
0.472412
0.0775046
0.662
0.662
0.204316
0.662
0.352519
0.662
0.413209
0.662
0.456577
0.466673
0.0860178
0.273288
0.662
0.662
0.662
0.662
0.662
0.662
0.662
0.185174
0.195312
0.235266
0.662
0.126912
0.330893
0.1381
0.662
0.376321
0.154711
0.167873
0.662
0.455462
0.0228299
0.364378
0.318086
0.662
0.0219578
0.121916
0.662
0.014195
0.313259
0.12235
0.662
0.405794
0.0150944
0.662
0.390863
0.606509
0.606056
0.662
0.0883073
0.166364
0.278463
0.187155
0.189906
0.629412
0.451626
0.204143
0.43885
0.662
0.662
0.134215
0.0767751
0.103985
0.438177
0.382504
0.662
0.233167
0.56456
0.326935
0.662
0.662
0.260374
0.149217
0.161503
0.146759
0.383334
0.0444887
0.241519
0.136428
0.662
0.262101
0.662
0.662
0.29914
0.0752921
0.206928
0.487485
0.662
0.27947
0.0741706
0.427758
0.131654
0.331767
0.137923
0.662
0.0468467
0.352673
0.273591
0.204987
0.662
0.662
0.297757
0.47117
0.1194
0.662
0.356081
0.662
0.151613
0.587544
0.204622
0.220989
0.160167
0.234136
0.559013
0.259914
0.368326
0.0528479
0.662
0.416752
0.501697
0.22325
0.0873488
0.119976
0.662
0.184173
0.268642
0.292843
0.662
0.1664
0.0909574
0.324514
0.256555
0.662
0.470161
0.186108
0.41277
0.662
0.260878
0.457145
0.276297
0.123808
0.198109
0.504229
0.662
0.152381
0.055878
0.199996
0.662
0.243786
0.23747
0.460928
0.0903769
0.662
0.662
0.47022
0.0672237
0.662
0.106724
0.662
0.306666
0.662
0.131126
0.662
0.662
0.662
0.0536183
0.190607
0.217741
0.662
0.662
0.2693
0.165164
0.662
0.303605
0.32057
0.0511224
0.288496
0.11894
0.0704372
0.381516
0.388916
0.662
0.0709944
0.377539
0.476182
0.662
0.288074
0.297821
0.662
0.0741898
0.662
0.662
0.181899
0.662
0.2238
0.371252
0.234071
0.471904
0.662
0.199834
0.225822
0.662
0.192948
0.662
0.234152
0.103665
0.055413
0.323485
0.29793
0.0557758
0.662
0.152457
0.662
0.103443
0.23546
0.0640354
0.24063
0.662
0.476142
0.115204
0.119331
0.200937
0.111268
0.220603
0.309267
0.00677737
0.12236
0.0916449
0.0545692
0.662
0.0140644
0.43762
0.117326
0.149535
0.39344
0.465467
0.662
0.0897911
0.225795
0.0716666
0.662
0.239604
0.546032
0.662
0.0958494
0.662
0.662
0.357531
0.662
0.662
0.24819
0.371034
0.303646
0.130901
0.178062
0.187888
0.28819
0.662
0.0860864
0.662
0.662
0.363079
0.662
0.0711112
0.449201
0.0525291
0.662
0.0811752
0.662
0.181911
0.304548
0.409589
0.662
0.299049
0.0278257
0.662
0.662
0.364223
0.662
0.662
0.662
0.662
0.192288
0.0161996
0.0968328
0.171171
0.162198
0.312067
0.331087
0.15018
0.170404
0.12791
0.10874
0.416084
0.340025
0.302242
0.0973508
0.662
0.662
0.0588005
0.258392
0.208411
0.662
0.662
0.662
0.102241
0.217471
0.102362
0.295263
0.662
0.281635
0.662
0.464266
0.464209
0.0852006
0.334051
0.662
0.662
0.662
0.303627
0.230544
0.397162
0.0849068
0.246145
0.662
0.0654626
0.402721
0.0572849
0.662
0.39634
0.37125
0.662
0.083702
0.662
0.336878
0.236982
0.245041
0.662
0.382648
0.177934
0.20179
0.113025
0.662
0.587183
0.400532
0.662
0.186867
0.211469
0.0553394
0.0967621
0.18455
0.18521
0.122862
0.196125
0.0805751
0.0837004
0.300353
0.662
0.11269
0.0914586
0.125622
0.311268
0.0835246
0.194883
0.523236
0.175242
0.455985
0.242461
0.321351
0.662
0.56567
0.14434
0.148569
0.142837
0.241864
0.662
0.662
0.149192
0.088019
0.187778
0.662
0.460907
0.517129
0.10162
0.017353
0.121818
0.414658
0.656628
0.662
0.373863
0.150818
0.203106
0.310197
0.197316
0.0208282
0.381154
0.126049
0.211217
0.20999
0.313858
0.662
0.0994895
0.535979
0.374695
0.662
0.662
0.139882
0.303984
0.245639
0.460025
0.0549096
0.348985
0.231755
0.249401
0.187625
0.28348
0.00531142
0.474818
0.306282
0.108847
0.662
0.0442851
0.253707
0.450223
0.41748
0.662
0.235641
0.0445137
0.159504
0.0978027
0.350539
0.255603
0.467245
0.662
0.662
0.148277
0.0264764
0.0933414
0.662
0.0207757
0.190689
0.477464
0.292658
0.263483
0.397903
0.130817
0.662
0.37667
0.326883
0.181383
0.32244
0.168025
0.341691
0.47035
0.209486
0.662
0.662
0.151502
0.374561
0.662
0.662
0.662
0.662
0.315775
0.259367
0.237506
0.662
0.662
0.185116
0.0946222
0.137588
0.128474
0.23256
0.405666
0.173875
0.216045
0.662
0.190654
0.662
0.0591037
0.245181
0.0266874
0.662
0.471037
0.662
0.225214
0.114482
0.135216
0.127993
0.0895906
0.235945
0.23701
0.431881
0.0682157
0.0672997
0.0215982
0.384702
0.662
0.206499
0.662
0.460987
0.263795
0.458408
0.662
0.662
0.662
0.137286
0.220801
0.0792695
0.0754672
0.303006
0.156218
0.662
0.662
0.662
0.132421
0.08448
0.662
0.428352
0.662
0.662
0.662
0.0520676
0.06204
0.662
0.182919
0.0688605
0.185012
0.662
0.662
0.662
0.662
0.26043
0.0389605
0.355519
0.636313
0.662
0.342994
0.175502
0.128273
0.263553
0.290378
0.314899
0.171391
0.364282
0.381702
0.23392
0.662
0.266943
0.662
0.662
0.146882
0.26849
0.291818
0.376059
0.662
0.662
0.662
0.437506
0.0479253
0.662
0.662
0.662
0.662
0.42984
0.221111
0.00453915
0.662
0.662
0.662
0.662
0.078769
0.272474
0.218124
0.166516
0.120956
0.662
0.248742
0.291683
0.198998
0.662
0.282312
0.179366
0.225333
0.335324
0.341499
0.226061
0.14902
0.233225
0.392425
0.187139
0.123023
0.060501
0.662
0.115534
0.201391
0.00695693
0.186891
0.303035
0.662
0.280138
0.662
0.372006
0.662
0.327501
0.662
0.0485397
0.212125
0.662
0.156142
0.342286
0.189727
0.169213
0.117082
0.662
0.226587
0.12773
0.294693
0.188429
0.286736
0.325727
0.0729513
0.662
0.124375
0.199125
0.279017
0.178972
0.629706
0.662
0.662
0.662
0.662
0.0391573
0.662
0.662
0.0369724
0.0630742
0.662
0.662
0.469931
0.0662025
0.0518063
0.0497898
0.459379
0.186359
0.57473
0.127255
0.583074
0.662
0.207958
0.535582
0.662
0.0644613
0.0560067
0.220973
0.0916514
0.198428
0.662
0.662
0.139844
0.199034
0.13678
0.059987
0.188576
0.408758
0.220564
0.303377
0.662
0.297232
0.662
0.173229
0.287089
0.0491962
0.662
0.112786
0.0243922
0.224821
0.409287
0.209161
0.359108
0.477055
0.259688
0.662
0.0405878
0.382769
0.478224
0.662
0.0181628
0.170691
0.0537137
0.249248
0.662
0.348943
0.662
0.384796
0.662
0.662
0.662
0.0629157
0.662
0.662
0.126982
0.0194226
0.133485
0.662
0.198827
0.400655
0.108113
0.0312339
0.0968568
0.443491
0.662
0.432409
0.24264
0.348274
0.114026
0.0281693
0.390446
0.180262
0.0681226
0.135177
0.283615
0.662
0.194183
0.662
0.0879346
0.530525
0.297322
0.0809828
0.662
0.362339
0.662
0.517852
0.195828
0.231377
0.662
0.662
0.0268231
0.468929
0.172238
0.0489467
0.392601
0.23736
0.207778
0.398304
0.258332
0.0138664
0.191091
0.159417
0.419259
0.662
0.217383
0.388014
0.662
0.662
0.400944
0.155808
0.0190641
0.121027
0.662
0.103647
0.503186
0.2756
0.662
0.171945
0.106382
0.241844
0.223073
0.278217
0.0730071
0.662
0.358994
0.145828
0.30052
0.0508653
0.137775
0.12034
0.0978972
0.662
0.308961
0.236611
0.0902201
0.0468647
0.199381
0.182839
0.171585
0.493775
0.0882846
0.662
0.359078
0.169372
0.278363
0.662
0.0834216
0.373356
0.0135249
0.210878
0.130025
0.14341
0.662
0.221348
0.199345
0.316878
0.322501
0.662
0.156273
0.662
0.286909
0.547133
0.490596
0.0324701
0.347232
0.0847715
0.388238
0.148548
0.473635
0.662
0.662
0.0601327
0.662
0.662
0.196345
0.106832
0.459901
0.31661
0.169546
0.216909
0.153685
0.0105406
0.140244
0.399557
0.30985
0.156214
0.151927
0.442307
0.153332
0.662
0.258726
0.662
0.166522
0.662
0.316601
0.181462
0.662
0.662
0.200639
0.239732
0.1979
0.486086
0.206611
0.402534
0.192736
0.608197
0.471069
0.662
0.430257
0.178109
0.19702
0.204317
0.662
0.157142
0.420768
0.205275
0.0646034
0.256309
0.446697
0.131199
0.662
0.130973
0.128096
0.382515
0.662
0.213938
0.165764
0.147076
0.326028
0.412839
0.148126
0.662
0.112261
0.662
0.266993
0.0938998
0.662
0.160489
0.388086
0.140477
0.16871
0.128707
0.662
0.662
0.662
0.345331
0.662
0.210251
0.27346
0.225324
0.0963325
0.361679
0.202529
0.217393
0.105353
0.107235
0.662
0.248575
0.609778
0.45314
0.396792
0.0349379
0.226974
0.662
0.662
0.114153
0.0368128
0.308247
0.662
0.662
0.235819
0.662
0.200194
0.267407
0.662
0.0802588
0.310342
0.0502459
0.662
0.25039
0.384326
0.295956
0.490859
0.056929
0.100738
0.351564
0.662
0.187917
0.248912
0.482491
0.662
0.0995836
0.662
0.106219
0.121435
0.149461
0.197042
0.221189
0.310245
0.182657
0.432771
0.662
0.101651
0.418049
0.662
0.259805
0.662
0.220245
0.662
0.175991
0.537656
0.180308
0.469563
0.184902
0.662
0.562685
0.662
0.00193717
0.662
0.0908092
0.662
0.408058
0.533307
0.662
0.186516
0.459395
0.129036
0.662
0.662
0.0760506
0.662
0.305893
0.539171
0.468186
0.398152
0.662
0.0665162
0.311055
0.317782
0.131236
0.662
0.0551329
0.662
0.197835
0.161032
0.062433
0.0469562
0.419588
0.279063
0.300919
0.272327
0.0494557
0.662
0.152656
0.125956
0.662
0.091041
0.207929
0.165961
0.190487
0.662
0.0670443
0.662
0.190854
0.263831
0.270621
0.0273477
0.662
0.147334
0.662
0.12903
0.27085
0.379831
0.126004
0.662
0.150464
0.0564058
0.662
0.0827863
0.662
0.546541
0.662
0.206936
0.662
0.44154
0.662
0.0573333
0.110238
0.159675
0.328854
0.662
0.662
0.181096
0.280475
0.0175474
0.102716
0.662
0.253056
0.221135
0.124617
0.369612
0.184966
0.106217
0.662
0.0574532
0.314352
0.10493
0.635779
0.0885579
0.0784446
0.662
0.222791
0.142213
0.104806
0.299095
0.313938
0.100318
0.662
0.475677
0.302123
0.0614209
0.662
0.0804876
0.662
0.343632
0.662
0.350442
0.505645
0.457286
0.121516
0.202124
0.662
0.462074
0.662
0.662
0.618046
0.114109
0.116087
0.0387945
0.204257
0.246503
0.197647
0.280946
0.112451
0.508831
0.662
0.028575
0.662
0.13875
0.171917
0.115661
0.188719
0.267833
0.43201
0.190552
0.205462
0.662
0.220556
0.391973
0.662
0.0250551
0.196195
0.110862
0.589736
0.662
0.662
0.250298
0.662
0.0864484
0.662
0.307363
0.309359
0.107604
0.523266
0.662
0.198117
0.662
0.30982
0.610109
0.313075
0.364071
0.184713
0.0827449
0.306506
0.111477
0.321556
0.289614
0.228651
0.662
0.662
0.662
0.143412
0.0926514
0.0109191
0.0851704
0.100496
0.156
0.148893
0.662
0.103315
0.128764
0.524559
0.167237
0.207899
0.200315
0.0805138
0.662
0.297918
0.662
0.119737
0.0179812
0.662
0.21311
0.489893
0.350312
0.211415
0.270655
0.1813
0.0939071
0.174396
0.441936
0.662
0.199813
0.140173
0.4641
0.151368
0.352093
0.662
0.455235
0.662
0.187128
0.146765
0.221534
0.662
0.211631
0.662
0.190625
0.0832438
0.363881
0.0840524
0.578153
0.174232
0.398462
0.662
0.144153
0.225606
0.662
0.602227
0.212657
0.445627
0.0505549
0.662
0.0929713
0.224145
0.662
0.104123
0.462052
0.066202
0.662
0.0637694
0.142966
0.406917
0.276482
0.107869
0.0376322
0.106623
0.306291
0.458616
0.662
0.231193
0.662
0.404968
0.119844
0.27514
0.132245
0.12747
0.448395
0.327204
0.662
0.591065
0.0251474
0.222761
0.662
0.662
0.0696971
0.397855
0.300458
0.105436
0.0975521
0.181194
0.60702
0.662
0.662
0.662
0.221397
0.291612
0.662
0.662
0.390805
0.461226
0.26526
0.391371
0.194779
0.270003
0.383442
0.59719
0.180345
0.662
0.153752
0.208417
0.337169
0.192811
0.145158
0.0596531
0.662
0.662
0.0585726
0.114406
0.31355
0.136985
0.223809
0.662
0.195762
0.662
0.175959
0.0577133
0.662
0.662
0.303488
0.190951
0.188249
0.162749
0.0926607
0.187884
0.309379
0.236617
0.156906
0.19572
0.171285
0.223076
0.197263
0.346751
0.662
0.662
0.662
0.341723
0.662
0.536653
0.620548
0.40462
0.374384
0.433361
0.662
0.350372
0.662
0.662
0.662
0.364037
0.186927
0.176339
0.569622
0.230388
0.0407429
0.0865345
0.105811
0.240678
0.0611806
0.384498
0.662
0.662
0.662
0.0735528
0.197786
0.29169
0.231714
0.0543539
0.188606
0.171565
0.256697
0.141822
0.491357
0.662
0.463308
0.199374
0.142113
0.662
0.175982
0.381886
0.662
0.118659
0.0231453
0.662
0.127618
0.198246
0.1348
0.29042
0.241185
0.220887
0.662
0.662
0.232474
0.285419
0.0640393
0.662
0.123624
0.315587
0.110666
0.28034
0.662
0.0658439
0.141992
0.662
0.0695143
0.662
0.662
0.349399
0.629612
0.662
0.28715
0.193492
0.422471
0.215649
0.130711
0.662
0.662
0.36001
0.110931
0.555105
0.130839
0.662
0.662
0.43188
0.399905
0.215912
0.175204
0.205509
0.431624
0.0830751
0.662
0.662
0.475545
0.0065468
0.0936505
0.662
0.478207
0.242251
0.482765
0.418288
0.245958
0.280724
0.0828477
0.464367
0.490364
0.156978
0.390443
0.175791
0.321133
0.0479262
0.0625597
0.662
0.132088
0.152376
0.526162
0.662
0.154429
0.662
0.0492976
0.257324
0.25933
0.121781
0.541807
0.662
0.334031
0.662
0.662
0.346357
0.662
0.375356
0.259265
0.662
0.0387943
0.662
0.250141
0.0641816
0.662
0.405198
0.662
0.62233
0.145082
0.662
0.23252
0.0804455
0.0864535
0.181307
0.662
0.632926
0.662
0.439923
0.00405817
0.139002
0.320163
0.224586
0.630099
0.662
0.207479
0.224524
0.662
0.662
0.662
0.195827
0.220853
0.237469
0.135946
0.662
0.400769
0.428018
0.14387
0.085536
0.662
0.0744278
0.232883
0.469812
0.343924
0.662
0.221627
0.199252
0.585648
0.337407
0.129555
0.202138
0.179861
0.188829
0.0593624
0.662
0.295299
0.0382913
0.00230701
0.662
0.197164
0.239082
0.662
0.193874
0.662
0.534049
0.662
0.641367
0.662
0.19404
0.217343
0.0550345
0.662
0.180797
0.662
0.336702
0.662
0.662
0.662
0.662
0.124697
0.129086
0.316909
0.662
0.265983
0.662
0.644837
0.33701
0.662
0.662
0.662
0.126468
0.662
0.27079
0.0528807
0.551041
0.662
0.662
0.0729879
0.662
0.446701
0.662
0.0136039
0.235077
0.181097
0.0996072
0.0431261
0.335055
0.662
0.282522
0.240298
0.0565573
0.662
0.00758812
0.662
0.227759
0.662
0.149435
0.178463
0.662
0.188454
0.662
0.0997923
0.319464
0.3202
0.0928092
0.662
0.662
0.22001
0.662
0.378342
0.208629
0.21417
0.162302
0.388762
0.6453
0.662
0.229365
0.372053
0.662
0.662
0.297248
0.120739
0.0408911
0.151938
0.662
0.35942
0.147998
0.229654
0.565423
0.662
0.178496
0.136577
0.0929626
0.318257
0.162558
0.181928
0.662
0.113324
0.261449
0.662
0.662
0.662
0.112151
0.201847
0.140674
0.104846
0.132072
0.662
0.142658
0.132479
0.662
0.148912
0.476465
0.151454
0.320255
0.0988464
0.167127
0.210561
0.613569
0.662
0.662
0.662
0.217195
0.433071
0.168476
0.10229
0.662
0.662
0.0878654
0.662
0.0295203
0.250297
0.237606
0.662
0.0918135
0.103716
0.445878
0.0696565
0.130893
0.371463
0.662
0.662
0.597309
0.124827
0.187565
0.662
0.259923
0.450843
0.118533
0.0621314
0.662
0.062151
0.188175
0.28379
0.293573
0.662
0.335088
0.155415
0.662
0.081665
0.353726
0.416772
0.11069
0.286802
0.0362256
0.153393
0.174289
0.126903
0.0185217
0.0431892
0.131034
0.342155
0.288228
0.64774
0.662
0.604816
0.662
0.178969
0.581873
0.280172
0.220143
0.111903
0.436575
0.246847
0.287264
0.118196
0.231493
0.140105
0.266946
0.0108225
0.0704519
0.279806
0.531317
0.300599
0.157499
0.0192349
0.0799933
0.210129
0.190253
0.343111
0.396641
0.205991
0.231966
0.626954
0.415525
0.207192
0.662
0.101588
0.662
0.295724
0.308883
0.0915908
0.662
0.185748
0.164651
0.662
0.0869073
0.401223
0.400443
0.662
0.186056
0.662
0.662
0.086055
0.134869
0.231056
0.0479634
0.189824
0.242964
0.169803
0.196028
0.439954
0.662
0.662
0.19957
0.190171
0.218794
0.156611
0.273927
0.175896
0.310589
0.662
0.662
0.652894
0.347811
0.078683
0.0476966
0.0303025
0.662
0.662
0.662
0.363861
0.662
0.117427
0.662
0.344349
0.303561
0.24491
0.153644
0.662
0.662
0.155459
0.466458
0.0968978
0.220391
0.662
0.116724
0.662
0.44352
0.354265
0.662
0.0771801
0.237164
0.457768
0.123683
0.429803
0.290128
0.222909
0.363291
0.339063
0.391546
0.161777
0.114184
0.166511
0.662
0.0666189
0.152045
0.0600048
0.181293
0.122706
0.232893
0.568617
0.273547
0.307841
0.370595
0.662
0.220024
0.447604
0.662
0.662
0.124632
0.310158
0.662
0.228655
0.662
0.185614
0.662
0.235835
0.113313
0.662
0.281002
0.0793957
0.575415
0.662
0.186669
0.018596
0.628423
0.331524
0.127425
0.12771
0.61357
0.0957084
0.195388
0.186162
0.662
0.177443
0.392235
0.170155
0.662
0.141321
0.192456
0.418172
0.662
0.606177
0.662
0.662
0.224374
0.662
0.243174
0.391926
0.497876
0.145839
0.662
0.129973
0.237097
0.519477
0.662
0.662
0.0947732
0.27986
0.111657
0.26843
0.202009
0.135836
0.198603
0.164987
0.438315
0.392699
0.172286
0.18081
0.102761
0.109651
0.662
0.0748824
0.662
0.153804
0.166695
0.662
0.662
0.662
0.418243
0.241072
0.208771
0.210855
0.449457
0.448288
0.662
0.662
0.137958
0.662
0.132713
0.662
0.193355
0.460549
0.069726
0.0908486
0.110547
0.342165
0.263931
0.264562
0.145899
0.0709259
0.41526
0.161909
0.662
0.0524707
0.662
0.107326
0.662
0.0886871
0.081101
0.662
0.335223
0.662
0.166523
0.20277
0.662
0.662
0.145669
0.139006
0.203443
0.182345
0.239217
0.421853
0.2492
0.662
0.181286
0.102046
0.243705
0.202344
0.159749
0.417736
0.332558
0.0464767
0.429464
0.0677236
0.662
0.662
0.393973
0.138918
0.348543
0.42361
0.639839
0.136054
0.662
0.662
0.0523638
0.479625
0.662
0.294654
0.345603
0.084033
0.460243
0.214381
0.0334271
0.662
0.0479681
0.490712
0.336175
0.364737
0.189409
0.662
0.605841
0.662
0.0262144
0.460204
0.662
0.0163352
0.662
0.412461
0.366388
0.635312
0.546439
0.0731073
0.351198
0.353034
0.494389
0.238285
0.112871
0.327382
0.662
0.0341921
0.198431
0.662
0.662
0.308826
0.337546
0.236687
0.662
0.662
0.510188
0.0940842
0.662
0.123921
0.0357847
0.116077
0.102598
0.458372
0.116161
0.0955212
0.248118
0.12864
0.5441
0.650917
0.258743
0.0721948
0.0659835
0.0275602
0.304006
0.19073
0.212622
0.662
0.662
0.166252
0.0355187
0.14095
0.133626
0.155757
0.662
0.607688
0.488496
0.662
0.520211
0.281196
0.662
0.253484
0.0925717
0.282482
0.0827178
0.246755
0.273133
0.662
0.237359
0.159392
0.150296
0.462916
0.662
0.662
0.662
0.458427
0.506339
0.494516
0.185045
0.141915
0.159599
0.566277
0.115694
0.662
0.393287
0.662
0.265245
0.58008
0.272014
0.219656
0.662
0.330469
0.15818
0.662
0.385229
0.20374
0.613821
0.402192
0.0448308
0.445918
0.217969
0.078246
0.194615
0.193826
0.196245
0.138122
0.0745799
0.662
0.662
0.326068
0.662
0.427834
0.653682
0.279638
0.662
0.323
0.54417
0.214717
0.662
0.332434
0.187389
0.662
0.195092
0.0911659
0.12984
0.662
0.132375
0.217397
0.300111
0.144972
0.188151
0.662
0.149713
0.190436
0.607259
0.662
0.662
0.137522
0.240798
0.314316
0.352356
0.137915
0.453871
0.380525
0.611075
0.0910933
0.145445
0.130949
0.419957
0.0367177
0.662
0.662
0.662
0.348646
0.251507
0.201595
0.0410406
0.419464
0.662
0.0648711
0.662
0.196805
0.256874
0.169542
0.662
0.122559
0.662
0.111693
0.662
0.115341
0.161299
0.662
0.662
0.0474167
0.662
0.0774774
0.162995
0.169504
0.0906271
0.662
0.522926
0.252388
0.452518
0.662
0.0563441
0.0466739
0.662
0.271247
0.662
0.123956
0.037644
0.197989
0.435794
0.422773
0.133649
0.0555444
0.272311
0.270378
0.143313
0.662
0.0643824
0.23749
0.00320008
0.41011
0.100603
0.662
0.662
0.229572
0.456859
0.302176
0.303162
0.206598
0.194
0.175061
0.153812
0.662
0.662
0.158713
0.234678
0.297415
0.192221
0.662
0.223106
0.402588
0.189173
0.0420774
0.245486
0.137677
0.662
0.619642
0.0938802
0.662
0.18669
0.110678
0.619457
0.156063
0.177372
0.662
0.211351
0.662
0.00999031
0.401782
0.662
0.279891
0.662
0.19898
0.0968985
0.0745183
0.662
0.328454
0.662
0.236499
0.406105
0.597082
0.0545969
0.0826861
0.301945
0.182841
0.102483
0.249123
0.662
0.101596
0.662
0.109057
0.173364
0.124826
0.131673
0.00557056
0.298691
0.556933
0.315628
0.103725
0.198486
0.421926
0.0458756
0.416953
0.0900718
0.310078
0.419191
0.662
0.432392
0.209303
0.662
0.662
0.184365
0.0941115
0.662
0.116027
0.107481
0.181437
0.662
0.148276
0.0551562
0.662
0.287359
0.662
0.327076
0.167993
0.114893
0.186438
0.372504
0.662
0.30741
0.1638
0.435959
0.662
0.216507
0.232212
0.197156
0.662
0.662
0.0526519
0.26819
0.208339
0.379883
0.315026
0.0746984
0.111498
0.351044
0.13894
0.445996
0.31291
0.107698
0.309773
0.662
0.256029
0.662
0.17638
0.154331
0.0494414
0.662
0.662
0.662
0.0767314
0.662
0.221623
0.0754674
0.25507
0.171879
0.30665
0.070237
0.662
0.662
0.137745
0.45907
0.662
0.662
0.662
0.0922361
0.483796
0.662
0.345318
0.0507359
0.000436587
0.317211
0.0733967
0.182188
0.24147
0.109728
0.296365
0.435137
0.204112
0.0964035
0.662
0.0735429
0.175343
0.533686
0.0682007
0.267125
0.0870359
0.346615
0.12631
0.334054
0.170374
0.662
0.297218
0.11484
0.280221
0.662
0.44574
0.662
0.163101
0.329467
0.18838
0.449975
0.103113
0.653838
0.0166028
0.0836843
0.662
0.662
0.662
0.207324
0.29145
0.233091
0.191686
0.189106
0.314137
0.125731
0.662
0.189422
0.175521
0.662
0.086273
0.250045
0.430819
0.0691276
0.0447346
0.0976965
0.336508
0.151668
0.662
0.662
0.337058
0.138129
0.0460811
0.397002
0.662
0.0386766
0.23764
0.138022
0.110827
0.393982
0.329456
0.439671
0.106794
0.662
0.446244
0.310949
0.318451
0.137291
0.267887
0.662
0.662
0.613786
0.115394
0.405827
0.568052
0.662
0.0824093
0.0544381
0.389761
0.662
0.191023
0.103249
0.365719
0.176174
0.248836
0.0322745
0.464658
0.299986
0.257169
0.547404
0.0952781
0.127997
0.092344
0.122023
0.22121
0.290357
0.101598
0.500632
0.331467
0.0901496
0.0873453
0.437536
0.108377
0.438522
0.273575
0.188943
0.662
0.662
0.0214981
0.273605
0.576181
0.231455
0.141235
0.2215
0.662
0.496465
0.312819
0.662
0.132696
0.361257
0.353925
0.505018
0.14263
0.662
0.662
0.104989
0.0186538
0.423622
0.245503
0.662
0.662
0.385505
0.139706
0.639161
0.662
0.662
0.662
0.662
0.662
0.662
0.030025
0.334645
0.492695
0.0917095
0.137034
0.0834565
0.310003
0.0647723
0.141684
0.223
0.186132
0.195639
0.662
0.277276
0.221713
0.5347
0.108647
0.662
0.111405
0.167915
0.662
0.156611
0.187657
0.483066
0.422328
0.662
0.662
0.177796
0.0988137
0.662
0.176
0.662
0.25103
0.207567
0.546023
0.662
0.277143
0.662
0.307617
0.368946
0.201025
0.0802069
0.06901
0.320103
0.662
0.168984
0.662
0.206586
0.196681
0.326372
0.105073
0.232437
0.186834
0.662
0.149197
0.103373
0.185232
0.0178341
0.200053
0.146974
0.508675
0.630223
0.116347
0.662
0.244927
0.283222
0.411091
0.662
0.554488
0.366834
0.361029
0.0133691
0.662
0.662
0.507038
0.662
0.662
0.146853
0.422356
0.218579
0.238278
0.662
0.223164
0.00452258
0.313333
0.19096
0.325413
0.662
0.0339711
0.121987
0.215986
0.344714
0.0959798
0.143172
0.403667
0.662
0.114541
0.295137
0.114969
0.505842
0.107409
0.249005
0.113102
0.662
0.165957
0.171092
0.200183
0.0665127
0.572231
0.0912993
0.0151651
0.327465
0.662
0.662
0.662
0.32395
0.662
0.378602
0.662
0.171641
0.425896
0.132329
0.369846
0.250408
0.0609933
0.0475502
0.296287
0.20704
0.239341
0.21242
0.193016
0.662
0.16773
0.356122
0.359587
0.662
0.574268
0.460545
0.16447
0.467394
0.117929
0.402619
0.614648
0.662
0.237797
0.458307
0.662
0.0868752
0.0428567
0.0806795
0.360281
0.10527
0.0917907
0.0727288
0.662
0.0341045
0.366428
0.164101
0.0339579
0.097481
0.0998803
0.169712
0.0430038
0.662
0.0591089
0.157065
0.00362889
0.052761
0.396505
0.0742579
0.107206
0.0951351
0.063156
0.197534
0.0435129
0.662
0.454515
0.121525
0.184356
0.466985
0.346857
0.662
0.662
0.662
0.662
0.019977
0.662
0.662
0.0768687
0.462939
0.138588
0.170801
0.178419
0.662
0.157708
0.0866855
0.383994
0.229317
0.202736
0.3261
0.608824
0.209891
0.662
0.662
0.438475
0.502618
0.0755132
0.662
0.461138
0.285569
0.229429
0.245008
0.356365
0.166991
0.118485
0.101173
0.136926
0.662
0.662
0.0881765
0.267806
0.220833
0.286313
0.180205
0.459399
0.662
0.388465
0.450251
0.239269
0.662
0.28228
0.433637
0.234622
0.0457581
0.217096
0.233962
0.294525
0.197136
0.203235
0.284275
0.104901
0.662
0.511789
0.460281
0.0991218
0.540444
0.459884
0.656015
0.0720728
0.438842
0.307365
0.0986963
0.0712587
0.477166
0.345456
0.245008
0.15838
0.133373
0.0947129
0.0536971
0.250723
0.193686
0.464015
0.202914
0.662
0.662
0.0195378
0.662
0.496306
0.0919242
0.0703505
0.149465
0.309067
0.180072
0.215445
0.158335
0.0556516
0.662
0.662
0.531856
0.662
0.662
0.169978
0.210664
0.209135
0.388255
0.229398
0.140692
0.119845
0.387649
0.0586245
0.467826
0.11453
0.248176
0.0560895
0.0406242
0.330534
0.131077
0.299427
0.477186
0.149778
0.662
0.662
0.236115
0.143309
0.662
0.429026
0.260942
0.0703895
0.475069
0.662
0.0930544
0.662
0.662
0.662
0.662
0.407783
0.494394
0.00626773
0.43748
0.231179
0.662
0.662
0.662
0.662
0.662
0.177424
0.327358
0.662
0.0500059
0.662
0.538973
0.318941
0.662
0.215915
0.662
0.507277
0.623226
0.0576518
0.17943
0.504758
0.662
0.20196
0.662
0.070824
0.662
0.358301
0.0155381
0.0712507
0.0401538
0.195349
0.662
0.539171
0.662
0.245669
0.326445
0.0152672
0.548976
0.662
0.44587
0.42703
0.662
0.150009
0.0275194
0.102402
0.662
0.184289
0.205197
0.17733
0.263139
0.33677
0.115626
0.0307654
0.662
0.32557
0.201969
0.65506
0.539254
0.177382
0.0914876
0.0575906
0.244233
0.246876
0.442952
0.220813
0.18441
0.184313
0.662
0.206579
0.139643
0.149319
0.662
0.480243
0.147971
0.347546
0.00665011
0.662
0.383405
0.112751
0.246661
0.164761
0.397406
0.347384
0.662
0.662
0.240617
0.406793
0.186269
0.662
0.287463
0.512079
0.163816
0.662
0.662
0.602405
0.119393
0.0230893
0.393979
0.662
0.57562
0.0569328
0.113824
0.153935
0.162851
0.662
0.374252
0.329148
0.101219
0.390786
0.662
0.662
0.186373
0.662
0.618253
0.0856712
0.662
0.162836
0.376862
0.0938172
0.180611
0.0818595
0.149009
0.111892
0.081866
0.273777
0.0834867
0.298005
0.332698
0.281597
0.662
0.0727721
0.662
0.156516
0.0923065
0.415493
0.256636
0.0301584
0.662
0.662
0.662
0.169497
0.155162
0.0783286
0.115472
0.171211
0.178704
0.318449
0.0816144
0.107908
0.0716522
0.465401
0.662
0.0491886
0.194771
0.114414
0.662
0.143369
0.268915
0.662
0.122735
0.662
0.662
0.547869
0.118863
0.0771403
0.237736
0.205622
0.0988225
0.429665
0.0213412
0.662
0.662
0.19621
0.662
0.662
0.300022
0.662
0.245988
0.662
0.427658
0.286265
0.0717583
0.662
0.0699944
0.662
0.384736
0.472521
0.0990819
0.263123
0.662
0.278748
0.257583
0.408528
0.662
0.0245305
0.662
0.475535
0.518883
0.662
0.662
0.206402
0.290831
0.64
0.3286
0.257161
0.490051
0.275352
0.107076
0.344305
0.662
0.35983
0.662
0.662
0.457188
0.662
0.260322
0.296022
0.662
0.193917
0.0713369
0.48367
0.199138
0.662
0.353631
0.0205615
0.117413
0.662
0.662
0.662
0.662
0.00875141
0.437117
0.096406
0.1067
0.182994
0.564313
0.104091
0.662
0.179638
0.170772
0.196726
0.15101
0.662
0.315391
0.662
0.117886
0.0425048
0.364668
0.422304
0.124162
0.179938
0.0226022
0.235701
0.557381
0.662
0.662
0.0763358
0.662
0.662
0.18225
0.478174
0.662
0.0095162
0.0846151
0.179673
0.137135
0.157546
0.662
0.076199
0.210384
0.0186171
0.302274
0.376676
0.662
0.662
0.393821
0.0693433
0.064262
0.0639592
0.187398
0.662
0.11956
0.662
0.662
0.341589
0.662
0.662
0.137551
0.234007
0.253588
0.662
0.146856
0.224833
0.130216
0.310625
0.302009
0.188534
0.0848535
0.0855159
0.207498
0.662
0.163479
0.104704
0.159316
0.238662
0.228394
0.130416
0.0748024
0.662
0.274478
0.350459
0.301049
0.144647
0.119459
0.142436
0.279557
0.168074
0.662
0.433665
0.519819
0.199509
0.165698
0.25673
0.180717
0.193561
0.210538
0.185638
0.242152
0.493858
0.213617
0.0913816
0.12375
0.662
0.159974
0.110937
0.662
0.0736991
0.1802
0.662
0.25138
0.217957
0.249683
0.303607
0.0418289
0.662
0.177648
0.0741713
0.23829
0.515792
0.189845
0.662
0.241247
0.662
0.0529531
0.164205
0.662
0.609942
0.662
0.662
0.460567
0.334081
0.222307
0.662
0.662
0.119968
0.662
0.313368
0.662
0.0584101
0.139105
0.0360045
0.212426
0.137751
0.662
0.285351
0.30931
0.0799981
0.320505
0.450179
0.316162
0.3405
0.662
0.662
0.180598
0.662
0.662
0.662
0.662
0.662
0.00492352
0.328742
0.662
0.149376
0.202453
0.012046
0.152214
0.662
0.172582
0.134982
0.100433
0.0392813
0.172612
0.238625
0.36712
0.662
0.662
0.378013
0.193736
0.208363
0.0658248
0.662
0.115891
0.229799
0.452359
0.280109
0.260492
0.662
0.0125414
0.614578
0.580342
0.230115
0.166879
0.244024
0.662
0.331098
0.497068
0.480635
0.285448
0.662
0.174292
0.386635
0.0758038
0.0670172
0.323173
0.238208
0.268754
0.271411
0.662
0.295659
0.253302
0.125303
0.172654
0.163146
0.0827402
0.178547
0.580228
0.662
0.598292
0.662
0.662
0.662
0.439722
0.662
0.190812
0.41471
0.662
0.0670049
0.42967
0.115351
0.0564294
0.457807
0.100087
0.239649
0.120304
0.40471
0.313483
0.662
0.0958119
0.478025
0.662
0.175558
0.0179417
0.316534
0.272268
0.312953
0.327835
0.662
0.662
0.662
0.352804
0.662
0.45497
0.662
0.662
0.170792
0.100516
0.163361
0.0890379
0.235866
0.662
0.348179
0.0242595
0.662
0.662
0.662
0.145224
0.185364
0.0888698
0.662
0.0736081
0.551271
0.118743
0.166917
0.138724
0.316549
0.662
0.156737
0.236404
0.0764424
0.111342
0.577747
0.662
0.475714
0.0364393
0.354328
0.662
0.662
0.662
0.27706
0.662
0.28753
0.281199
0.114334
0.205176
0.662
0.183652
0.0632075
0.189574
0.237582
0.662
0.150214
0.385769
0.46892
0.133283
0.441705
0.125688
0.35741
0.347144
0.235503
0.662
0.272994
0.262557
0.662
0.662
0.662
0.283666
0.238309
0.662
0.122402
0.198162
0.37612
0.0628332
0.662
0.0967712
0.381247
0.662
0.381191
0.3701
0.234798
0.00280341
0.614304
0.662
0.662
0.662
0.662
0.0860478
0.232417
0.576953
0.0140215
0.222347
0.117023
0.231234
0.521864
0.132173
0.424452
0.0821243
0.240567
0.274285
0.662
0.176095
0.354302
0.641034
0.24075
0.662
0.511407
0.662
0.20839
0.662
0.0856939
0.187232
0.0542527
0.458956
0.0664909
0.0996918
0.210261
0.662
0.662
0.13553
0.662
0.0912098
0.662
0.615789
0.662
0.494733
0.573901
0.282276
0.26509
0.49791
0.206592
0.166722
0.145172
0.662
0.135349
0.162559
0.23176
0.662
0.323518
0.662
0.662
0.228679
0.0757047
0.101519
0.662
0.0870832
0.447041
0.600428
0.30909
0.469134
0.161118
0.175283
0.186861
0.423476
0.321031
0.20882
0.150299
0.237048
0.116397
0.662
0.0817953
0.662
0.296973
0.341056
0.342668
0.219304
0.220607
0.662
0.423063
0.435053
0.216495
0.0502556
0.0916134
0.27471
0.0884099
0.23657
0.0575023
0.254148
0.253514
0.306028
0.0774133
0.393263
0.118361
0.662
0.662
0.289365
0.53082
0.662
0.560031
0.211251
0.662
0.65218
0.078001
0.662
0.0769965
0.12556
0.433113
0.0908451
0.14665
0.662
0.313242
0.297851
0.21984
0.316392
0.245987
0.0655051
0.568398
0.304474
0.325594
0.378441
0.662
0.100393
0.315751
0.485589
0.662
0.662
0.476688
0.140316
0.662
0.114495
0.662
0.0698775
0.321104
0.13738
0.662
0.264543
0.260743
0.11485
0.0511504
0.311445
0.449578
0.662
0.662
0.662
0.0853169
0.662
0.662
0.419944
0.285604
0.662
0.427681
0.207748
0.238725
0.662
0.340852
0.662
0.657962
0.334445
0.662
0.0870539
0.247581
0.251177
0.662
0.170571
0.465908
0.662
0.662
0.089363
0.662
0.279955
0.0686747
0.113906
0.0838692
0.662
0.662
0.343473
0.0645308
0.0607345
0.662
0.208027
0.662
0.189066
0.391256
0.285143
0.370982
0.383564
0.662
0.306943
0.28162
0.252416
0.662
0.662
0.662
0.662
0.233972
0.401287
0.20693
0.288195
0.662
0.378325
0.525375
0.662
0.293159
0.662
0.260968
0.2023
0.0909339
0.0304656
0.186492
0.226093
0.178922
0.205854
0.662
0.662
0.205527
0.662
0.026922
0.246521
0.0457941
0.662
0.186777
0.203114
0.662
0.181635
0.108707
0.662
0.18646
0.0655876
0.662
0.347484
0.145198
0.662
0.0689584
0.207039
0.662
0.662
0.171787
0.63531
0.38406
0.228941
0.226562
0.662
0.63844
0.245135
0.662
0.394498
0.488082
0.24011
0.308472
0.662
0.011879
0.202812
0.115272
0.155465
0.14472
0.662
0.173655
0.0828935
0.662
0.154199
0.186395
0.662
0.0109907
0.624393
0.373502
0.106965
0.424579
0.662
0.662
0.604014
0.662
0.413952
0.193864
0.138715
0.148918
0.186109
0.662
0.273755
0.353014
0.662
0.417128
0.121077
0.356646
0.210989
0.188273
0.426016
0.662
0.224846
0.244402
0.662
0.140944
0.428592
0.219333
0.662
0.157679
0.381475
0.183708
0.417445
0.143356
0.472137
0.110179
0.662
0.662
0.238614
0.662
0.212071
0.662
0.475587
0.0393846
0.091792
0.112904
0.195386
0.662
0.662
0.318603
0.0400379
0.662
0.0616053
0.662
0.319915
0.319579
0.245915
0.469121
0.393965
0.267577
0.0782834
0.662
0.0963127
0.204893
0.662
0.615577
0.161116
0.0507694
0.215039
0.158364
0.165089
0.662
0.368657
0.662
0.662
0.662
0.662
0.231087
0.208771
0.0699604
0.484751
0.19742
0.662
0.499118
0.460158
0.0535776
0.662
0.192818
0.662
0.662
0.238328
0.602194
0.662
0.305631
0.662
0.0788174
0.0947461
0.150269
0.308966
0.224702
0.351388
0.520206
0.440189
0.582791
0.448983
0.149442
0.168478
0.64146
0.183178
0.662
0.290567
0.351162
0.216716
0.275254
0.136312
0.333601
0.0592087
0.197287
0.194166
0.212712
0.28785
0.230705
0.0213488
0.552576
0.253475
0.149372
0.662
0.662
0.662
0.408943
0.0930791
0.662
0.187936
0.0534142
0.273643
0.370429
0.260508
0.20616
0.152426
0.629876
0.315031
0.10245
0.662
0.561718
0.171574
0.169638
0.582907
0.401275
0.0257773
0.662
0.136213
0.662
0.11726
0.662
0.11916
0.211023
0.164447
0.20165
0.240821
0.0849223
0.215699
0.662
0.249144
0.434229
0.140466
0.0930268
0.662
0.383327
0.156024
0.390507
0.383829
0.662
0.130089
0.662
0.172641
0.423016
0.474525
0.250392
0.662
0.662
0.0975522
0.662
0.590654
0.0756768
0.662
0.41715
0.662
0.662
0.645336
0.662
0.199831
0.662
0.364748
0.151781
0.161319
0.193279
0.416769
0.229865
0.40112
0.0906531
0.133073
0.173622
0.601494
0.441377
0.44494
0.662
0.662
0.085778
0.0271155
0.662
0.240906
0.418193
0.662
0.662
0.252299
0.15745
0.662
0.662
0.119415
0.0515833
0.224454
0.227301
0.521619
0.662
0.186099
0.167791
0.101366
0.390687
0.566857
0.0982681
0.662
0.153997
0.645784
0.00717454
0.469453
0.216369
0.206217
0.662
0.662
0.355166
0.662
0.370864
0.405128
0.662
0.662
0.604685
0.551301
0.396446
0.227336
0.0932519
0.198443
0.662
0.133658
0.18701
0.168499
0.662
0.176472
0.662
0.159298
0.17782
0.662
0.537501
0.50504
0.539831
0.534498
0.160066
0.372597
0.662
0.662
0.662
0.0205716
0.662
0.212256
0.175449
0.214611
0.662
0.00779905
0.233564
0.167656
0.237517
0.384171
0.29422
0.662
0.20418
0.255546
0.262929
0.612388
0.254676
0.662
0.16537
0.662
0.136253
0.188651
0.285645
0.662
0.0778003
0.662
0.0956131
0.171213
0.594148
0.575965
0.0918235
0.662
0.662
0.662
0.0898322
0.0921444
0.662
0.0617872
0.608968
0.662
0.662
0.413184
0.112376
0.289783
0.0875743
0.18523
0.18466
0.0615168
0.662
0.662
0.662
0.060448
0.129199
0.294016
0.0643172
0.0819285
0.322853
0.321105
0.0506302
0.13128
0.256413
0.662
0.662
0.270972
0.662
0.662
0.166227
0.155174
0.0795809
0.306411
0.271765
0.662
0.0736225
0.362398
0.130071
0.375741
0.662
0.554407
0.418499
0.662
0.208894
0.434463
0.662
0.153002
0.457476
0.662
0.205511
0.662
0.256816
0.201581
0.662
0.662
0.100358
0.253541
0.662
0.369809
0.17889
0.51938
0.583684
0.26135
0.222223
0.662
0.0667476
0.108494
0.662
0.322041
0.0467308
0.662
0.391655
0.662
0.213717
0.176785
0.2121
0.14171
0.287305
0.0422414
0.450633
0.235268
0.0645247
0.215685
0.303784
0.295846
0.546739
0.241917
0.662
0.451446
0.662
0.401189
0.352487
0.170401
0.662
0.206501
0.226479
0.298621
0.518874
0.133008
0.662
0.662
0.234472
0.662
0.117671
0.134896
0.135226
0.074866
0.193192
0.0775247
0.104056
0.260187
0.662
0.662
0.114651
0.32692
0.662
0.662
0.141669
0.331256
0.216735
0.423968
0.376509
0.203729
0.141256
0.0858976
0.126608
0.223155
0.130328
0.118316
0.662
0.0505846
0.113665
0.158155
0.278041
0.662
0.454074
0.350892
0.268657
0.388911
0.662
0.18481
0.318687
0.0547877
0.292311
0.00999379
0.188046
0.207275
0.662
0.463452
0.126697
0.180008
0.227147
0.329297
0.185644
0.662
0.102247
0.373019
0.606148
0.107529
0.637876
0.22997
0.662
0.662
0.161003
0.0465922
0.164733
0.188731
0.380829
0.19144
0.141414
0.201112
0.290328
0.469783
0.431674
0.465907
0.269915
0.282581
0.662
0.325232
0.169096
0.387064
0.181189
0.662
0.401051
0.436019
0.0974386
0.466713
0.0434541
0.171379
0.662
0.10029
0.0963536
0.300354
0.662
0.172451
0.662
0.662
0.504746
0.190335
0.168003
0.662
0.0978226
0.122707
0.0721143
0.215773
0.400678
0.629948
0.441392
0.342073
0.662
0.151441
0.293652
0.662
0.662
0.310339
0.245984
0.0904559
0.0129676
0.0531984
0.662
0.163743
0.132419
0.121893
0.123831
0.473638
0.662
0.241128
0.662
0.193253
0.218822
0.265958
0.662
0.127096
0.134346
0.662
0.157154
0.662
0.0415703
0.662
0.662
0.662
0.273837
0.00824763
0.172552
0.264517
0.107256
0.103608
0.399584
0.662
0.662
0.662
0.11554
0.633481
0.189344
0.662
0.662
0.0213594
0.391928
0.662
0.662
0.642413
0.491835
0.111863
0.0539788
0.0995358
0.147205
0.303237
0.213283
0.215626
0.157985
0.133649
0.212726
0.460994
0.589385
0.158569
0.384328
0.106879
0.662
0.662
0.662
0.234679
0.254083
0.662
0.14486
0.600001
0.0503244
0.662
0.226607
0.129327
0.295204
0.0786664
0.662
0.34524
0.122517
0.14253
0.662
0.394268
0.662
0.662
0.0641336
0.256846
0.13332
0.382209
0.469258
0.251706
0.133795
0.166707
0.127016
0.175686
0.361255
0.394974
0.300139
0.310797
0.040231
0.662
0.221912
0.00711785
0.662
0.135641
0.514064
0.366252
0.662
0.153312
0.109201
0.239919
0.12647
0.398786
0.165515
0.662
0.483156
0.189885
0.662
0.0602545
0.297083
0.438874
0.0822398
0.662
0.243263
0.140509
0.116492
0.208111
0.662
0.662
0.0739989
0.0590183
0.0351861
0.662
0.662
0.662
0.478174
0.365826
0.469897
0.243142
0.0917076
0.318425
0.179364
0.662
0.295672
0.217607
0.08386
0.120978
0.3079
0.662
0.271395
0.662
0.139568
0.662
0.189191
0.212842
0.0386209
0.175495
0.332411
0.662
0.662
0.662
0.318048
0.421692
0.207346
0.449474
0.600907
0.341461
0.228989
0.295119
0.0628794
0.189494
0.364796
0.469543
0.662
0.662
0.479398
0.0909313
0.587523
0.662
0.263057
0.662
0.39829
0.122788
0.191419
0.0916245
0.662
0.331361
0.662
0.197574
0.571193
0.170321
0.226339
0.389407
0.0598231
0.174697
0.662
0.269301
0.207725
0.662
0.247251
0.662
0.662
0.61024
0.143085
0.23915
0.130618
0.570169
0.166878
0.441283
0.662
0.22889
0.216905
0.106605
0.662
0.265363
0.282297
0.643648
0.662
0.0750479
0.251409
0.23191
0.146157
0.662
0.614499
0.419439
0.227247
