0.234774
0.161322
0.662
0.413543
0.564881
0.209108
0.491321
0.266002
0.662
0.319506
0.246294
0.662
0.611681
0.0634216
0.104073
0.381303
0.662
0.0498538
0.632018
0.111651
0.0908482
0.276269
0.266757
0.00467792
0.0877588
0.0617479
0.349736
0.0635493
0.662
0.0188735
0.352215
0.0708172
0.14946
0.00563578
0.024191
0.379176
0.103856
0.662
0.177296
0.0724438
0.290952
0.492718
0.24137
0.292162
0.0783159
0.218197
0.111102
0.119214
0.412193
0.174597
0.404243
0.189799
0.226883
0.283472
0.1167
0.480622
0.121124
0.0983547
0.195096
0.58458
0.269362
0.243628
0.185383
0.126068
0.0870479
0.136609
0.260141
0.662
0.132559
0.135855
0.0920435
0.219478
0.662
0.140333
0.0964872
0.0976652
0.10026
0.160424
0.079735
0.0880868
0.37466
0.235974
0.196316
0.214245
0.287468
0.142133
0.103132
0.112143
0.191305
0.285429
0.0653254
0.0789885
0.0478707
0.606995
0.525749
0.485854
0.638742
0.214623
0.662
0.561089
0.292277
0.662
0.123385
0.229311
0.0503573
0.100609
0.118361
0.0693042
0.0132059
0.485107
0.633694
0.281967
0.270591
0.662
0.368923
0.150238
0.0852032
0.466991
0.0992282
0.474782
0.254103
0.504254
0.488677
0.0656553
0.255171
0.0904115
0.514852
0.662
0.165098
0.065892
0.662
0.177499
0.455156
0.315605
0.0319514
0.0612876
0.216779
0.148245
0.373092
0.056463
0.662
0.580218
0.662
0.0565309
0.108852
0.387404
0.0842086
0.136302
0.041114
0.268853
0.475572
0.479617
0.662
0.105132
0.0433823
0.13671
0.171263
0.0535276
0.160154
0.273335
0.662
0.662
0.662
0.662
0.178686
0.497348
0.197444
0.662
0.0702324
0.467576
0.19909
0.460256
0.431081
0.662
0.145002
0.662
0.483396
0.241827
0.662
0.236797
0.0810296
0.128584
0.309915
0.13782
0.128882
0.662
0.0539517
0.220753
0.0199434
0.662
0.190245
0.218632
0.327588
0.454292
0.267852
0.522483
0.274423
0.271099
0.495062
0.662
0.530686
0.10544
0.134702
0.10126
0.371387
0.110931
0.537648
0.0850533
0.139821
0.386059
0.523602
0.662
0.015482
0.225255
0.0384001
0.110629
0.174543
0.303887
0.315641
0.346345
0.356492
0.114867
0.662
0.62897
0.158985
0.561883
0.662
0.190075
0.209572
0.0357443
0.268476
0.204352
0.662
0.662
0.662
0.467349
0.662
0.191815
0.50375
0.662
0.662
0.130489
0.422526
0.301095
0.293684
0.0795679
0.0252049
0.222857
0.0669816
0.58122
0.087767
0.0999378
0.19662
0.177457
0.2795
0.054787
0.383326
0.153255
0.113156
0.0752552
0.328318
0.0327923
0.318223
0.162404
0.342989
0.0973908
0.485463
0.587959
0.437035
0.114417
0.176742
0.0834869
0.662
0.259407
0.255548
0.289017
0.373771
0.144583
0.515662
0.135205
0.662
0.440284
0.113821
0.157109
0.300068
0.120906
0.593551
0.662
0.27137
0.269337
0.662
0.662
0.0100681
0.662
0.43213
0.428165
0.662
0.0562646
0.436268
0.123904
0.372965
0.105813
0.493992
0.19591
0.0739429
0.0942473
0.0891955
0.62338
0.388464
0.0975227
0.262146
0.218402
0.662
0.586498
0.131723
0.662
0.591391
0.662
0.0564462
0.336158
0.0422529
0.139841
0.340244
0.320935
0.129329
0.662
0.0799407
0.662
0.662
0.134062
0.406722
0.447234
0.0805983
0.496306
0.0991218
0.662
0.662
0.469606
0.412893
0.662
0.0756676
0.0373208
0.276953
0.216802
0.662
0.633017
0.411151
0.0567673
0.662
0.635546
0.662
0.322718
0.240756
0.174706
0.118274
0.046835
0.225094
0.0952791
0.145412
0.3942
0.662
0.298298
0.098904
0.430419
0.51943
0.0251742
0.662
0.662
0.462783
0.491271
0.537178
0.1222
0.103457
0.0633376
0.0362726
0.662
0.258893
0.662
0.399107
0.499432
0.160172
0.565172
0.662
0.121339
0.216357
0.113675
0.189429
0.103145
0.515
0.230993
0.033015
0.154202
0.152541
0.0128206
0.146905
0.662
0.662
0.632042
0.178738
0.662
0.221805
0.290039
0.0110448
0.662
0.354372
0.191003
0.18444
0.083519
0.112672
0.0953875
0.0954473
0.662
0.0136189
0.15831
0.662
0.0540349
0.0813752
0.303291
0.054152
0.662
0.579813
0.206145
0.256269
0.622509
0.320634
0.110901
0.259527
0.150945
0.662
0.01862
0.0685986
0.194757
0.662
0.000344148
0.246245
0.0661667
0.212636
0.199318
0.662
0.444145
0.477969
0.205732
0.0681761
0.0491232
0.326154
0.323996
0.352024
0.372249
0.0897335
0.279126
0.154164
0.15609
0.228539
0.293321
0.201874
0.044646
0.472383
0.369888
0.471937
0.199717
0.580914
0.449065
0.548547
0.373291
0.268903
0.122558
0.212198
0.662
0.405061
0.375844
0.299233
0.157732
0.384282
0.125346
0.117031
0.64007
0.662
0.29446
0.224258
0.662
0.267477
0.186898
0.102235
0.152191
0.077739
0.461921
0.125548
0.0871039
0.27002
0.095695
0.371531
0.0782779
0.0718692
0.346442
0.169352
0.352514
0.163733
0.632002
0.179352
0.298668
0.20308
0.138326
0.662
0.262281
0.662
0.195804
0.23474
0.313072
0.18892
0.196176
0.156564
0.314786
0.0661415
0.191196
0.545249
0.237302
0.0435956
0.662
0.304569
0.0317161
0.191025
0.142008
0.176304
0.282377
0.363946
0.301701
0.662
0.572284
0.162992
0.361393
0.0832157
0.662
0.199476
0.146797
0.0770328
0.662
0.148388
0.328517
0.0989774
0.226174
0.340341
0.0554153
0.123293
0.215867
0.099875
0.128395
0.136487
0.171795
0.182343
0.388808
0.0995682
0.594156
0.662
0.163748
0.503312
0.174464
0.303766
0.411938
0.124739
0.287708
0.114635
0.4634
0.181105
0.0686131
0.419504
0.190882
0.0598809
0.294721
0.272207
0.511413
0.662
0.329053
0.662
0.155267
0.126914
0.0769788
0.662
0.627841
0.467816
0.259067
0.115696
0.136836
0.244714
0.171823
0.472773
0.0831504
0.587936
0.583514
0.261068
0.0800285
0.392584
0.662
0.427696
0.375687
0.0209207
0.310258
0.662
0.435029
0.268473
0.316433
0.128803
0.15018
0.114584
0.0729314
0.584406
0.265662
0.382971
0.150292
0.177702
0.0623614
0.347825
0.100941
0.0599345
0.298895
0.503344
0.17062
0.209158
0.253284
0.0594626
0.0535306
0.0203619
0.0444127
0.662
0.237852
0.662
0.11277
0.152643
0.19622
0.168461
0.432562
0.0774718
0.0936011
0.662
0.12525
0.304691
0.126467
0.109871
0.158468
0.394595
0.386114
0.170962
0.248366
0.662
0.329831
0.662
0.00790458
0.467423
0.662
0.160765
0.291852
0.265158
0.662
0.228539
0.662
0.401474
0.123012
0.138297
0.457685
0.532353
0.128714
0.0778709
0.18538
0.654672
0.408908
0.0533303
0.199489
0.130533
0.128743
0.45925
0.053613
0.20977
0.662
0.376015
0.11157
0.169686
0.347796
0.662
0.662
0.662
0.148373
0.627369
0.337641
0.435639
0.0419165
0.319001
0.202797
0.195259
0.413921
0.337681
0.470678
0.386361
0.400702
0.234503
0.0632018
0.122882
0.0652456
0.148748
0.579229
0.0977266
0.662
0.0742331
0.386745
0.168532
0.554385
0.262956
0.13916
0.396679
0.506357
0.197811
0.374537
0.278117
0.0547682
0.136354
0.150768
0.282989
0.21221
0.158376
0.0958922
0.22352
0.662
0.273064
0.152027
0.22239
0.184404
0.662
0.103612
0.662
0.400043
0.00802153
0.662
0.283817
0.355732
0.0854825
0.226946
0.406904
0.662
0.348556
0.662
0.203478
0.077499
0.113148
0.078618
0.0223343
0.227799
0.28923
0.662
0.134939
0.105494
0.372586
0.662
0.20054
0.048814
0.45897
0.662
0.242883
0.165088
0.212532
0.087968
0.226514
0.038921
0.662
0.0839043
0.0861761
0.25935
0.19433
0.366923
0.355393
0.244563
0.662
0.130096
0.159152
0.0179281
0.0823815
0.106001
0.113856
0.662
0.101164
0.349076
0.0956223
0.120972
0.423839
0.611369
0.131779
0.102986
0.508637
0.196738
0.456006
0.662
0.0771
0.611102
0.227978
0.662
0.20919
0.107032
0.279664
0.662
0.0699573
0.0784347
0.312781
0.185315
0.277455
0.128578
0.131411
0.264431
0.376884
0.281492
0.119593
0.350633
0.201859
0.429019
0.662
0.410981
0.0712833
0.161874
0.662
0.662
0.54921
0.120914
0.0399052
0.552323
0.414001
0.662
0.662
0.206027
0.203789
0.233004
0.662
0.199323
0.365913
0.206882
0.32926
0.662
0.260598
0.0886897
0.261271
0.169656
0.15368
0.120746
0.461182
0.311776
0.231524
0.219992
0.662
0.118608
0.430425
0.276673
0.462865
0.570568
0.662
0.034636
0.143891
0.215448
0.186
0.417743
0.0843689
0.662
0.414014
0.129052
0.370469
0.0561911
0.662
0.186943
0.443437
0.113681
0.501209
0.257077
0.108716
0.32234
0.662
0.662
0.160685
0.606323
0.162822
0.155249
0.224808
0.246638
0.231293
0.0443455
0.179794
0.0174857
0.004259
0.662
0.473053
0.190989
0.662
0.124039
0.0815951
0.646967
0.256001
0.365035
0.105451
0.11676
0.496488
0.0513917
0.377404
0.0747411
0.19644
0.162606
0.24503
0.254715
0.435414
0.0391112
0.121848
0.443589
0.16743
0.055361
0.203522
0.537979
0.194612
0.118043
0.213743
0.439791
0.259875
0.204765
0.404467
0.163237
0.0978808
0.241053
0.111114
0.267306
0.0390531
0.193966
0.662
0.366043
0.264532
0.662
0.540553
0.0237559
0.164006
0.176356
0.112174
0.208745
0.16236
0.451391
0.140114
0.0735882
0.0394846
0.170193
0.234666
0.662
0.245269
0.26974
0.194817
0.0900973
0.187511
0.313284
0.662
0.662
0.00453984
0.662
0.161646
0.247705
0.602781
0.108156
0.662
0.314938
0.0784379
0.662
0.662
0.334155
0.257247
0.175154
0.182172
0.258861
0.449079
0.512522
0.273158
0.236994
0.362663
0.0538665
0.662
0.629439
0.384842
0.662
0.286596
0.110363
0.572518
0.372859
0.478404
0.252131
0.597032
0.244112
0.320497
0.253073
0.380903
0.124371
0.161308
0.305768
0.194673
0.0942234
0.662
0.051788
0.405042
0.222235
0.513141
0.258339
0.302598
0.440705
0.0787045
0.662
0.454198
0.23506
0.662
0.103198
0.662
0.469892
0.208408
0.378218
0.0792419
0.662
0.256142
0.144843
0.197726
0.0562002
0.398638
0.216901
0.662
0.0729566
0.104017
0.512811
0.206228
0.251224
0.216748
0.662
0.189201
0.227227
0.0299705
0.111712
0.186308
0.355856
0.0731088
0.188431
0.163527
0.219071
0.2823
0.662
0.363773
0.28358
0.153734
0.19508
0.484794
0.295234
0.0966453
0.662
0.582871
0.246382
0.37567
0.133349
0.381931
0.662
0.247179
0.361273
0.175272
0.494944
0.662
0.662
0.261491
0.117774
0.0737929
0.492833
0.120402
0.0827528
0.0388764
0.662
0.162655
0.467096
0.337285
0.662
0.0675978
0.600292
0.24777
0.327707
0.514425
0.366822
0.12763
0.167306
0.18329
0.662
0.451249
0.233344
0.0358352
0.0929057
0.109218
0.228505
0.0776404
0.662
0.203427
0.405114
0.383127
0.662
0.662
0.662
0.482035
0.129402
0.525246
0.662
0.157635
0.0493481
0.139008
0.662
0.268695
0.12154
0.381515
0.138356
0.0931067
0.250128
0.162375
0.187964
0.125303
0.0138522
0.228061
0.152026
0.218944
0.230551
0.254128
0.130629
0.115095
0.19244
0.662
0.147858
0.662
0.662
0.314309
0.12169
0.140492
0.022235
0.118152
0.160597
0.57469
0.662
0.115283
0.0848889
0.535807
0.300511
0.662
0.152765
0.0789779
0.662
0.662
0.30094
0.18503
0.358806
0.662
0.314898
0.0454968
0.662
0.0886174
0.23734
0.258226
0.210084
0.238234
0.118245
0.568191
0.0634868
0.192154
0.19103
0.219956
0.0106242
0.102583
0.431263
0.55992
0.156314
0.273272
0.662
0.163505
0.253681
0.210406
0.461858
0.0640852
0.402646
0.102389
0.155396
0.187162
0.63339
0.14326
0.121608
0.485102
0.0731857
0.183962
0.140619
0.238937
0.408764
0.323316
0.341897
0.0532316
0.162095
0.27584
0.223044
0.0699291
0.072912
0.45087
0.163841
0.199191
0.18885
0.386144
0.117423
0.142111
0.0411534
0.344876
0.2709
0.082795
0.351676
0.347183
0.662
0.0954755
0.587122
0.177891
0.491896
0.188947
0.022439
0.324161
0.133778
0.662
0.291264
0.195028
0.168155
0.181132
0.151993
0.470812
0.662
0.441992
0.283488
0.23414
0.558363
0.328272
0.159858
0.162003
0.662
0.177231
0.358951
0.430805
0.138383
0.461758
0.662
0.604771
0.0536451
0.158992
0.662
0.16456
0.142227
0.154396
0.662
0.662
0.0906956
0.297452
0.0689868
0.662
0.361701
0.0842532
0.0739592
0.0480482
0.244665
0.522868
0.233342
0.137381
0.417791
0.662
0.508445
0.116903
0.380538
0.632355
0.101358
0.0691581
0.408616
0.398646
0.0988641
0.246014
0.479166
0.662
0.370052
0.662
0.547007
0.163547
0.662
0.426573
0.257229
0.160917
0.121169
0.24997
0.198383
0.311384
0.317229
0.334543
0.280454
0.0984584
0.385088
0.165425
0.125998
0.135952
0.0689431
0.17996
0.124084
0.0690545
0.662
0.662
0.108801
0.0688907
0.662
0.22423
0.194422
0.45485
0.276711
0.474405
0.662
0.155492
0.158761
0.0682477
0.156641
0.248266
0.181419
0.120693
0.0947759
0.276261
0.240382
0.0890731
0.662
0.662
0.163179
0.170266
0.302775
0.662
0.32514
0.662
0.158349
0.393373
0.16785
0.148689
0.0973807
0.186439
0.26855
0.183727
0.213708
0.143504
0.662
0.0713533
0.653837
0.103576
0.296779
0.662
0.214355
0.155554
0.662
0.481591
0.210368
0.191197
0.299456
0.0553501
0.118034
0.293629
0.133906
0.332614
0.206012
0.0687333
0.00730534
0.0370591
0.476379
0.0584548
0.144086
0.0989958
0.425597
0.112137
0.250085
0.051747
0.662
0.115826
0.112759
0.191261
0.121042
0.326749
0.000937507
0.121361
0.345592
0.347089
0.0410581
0.353274
0.229553
0.130191
0.662
0.56807
0.0757854
0.436507
0.204455
0.316692
0.187677
0.523938
0.145057
0.0784983
0.188425
0.280798
0.0541286
0.424464
0.236571
0.662
0.0601555
0.165949
0.0765813
0.571978
0.123535
0.662
0.0338803
0.267072
0.0364417
0.282028
0.131868
0.456034
0.552562
0.0946931
0.662
0.181903
0.134779
0.0528996
0.271277
0.158267
0.474701
0.662
0.613336
0.0493103
0.260824
0.136107
0.163505
0.662
0.180768
0.064775
0.167893
0.070091
0.290689
0.0551295
0.243598
0.155829
0.124194
0.0903155
0.662
0.0711186
0.248991
0.27638
0.287496
0.283045
0.135748
0.483855
0.0807372
0.209566
0.465111
0.518471
0.367424
0.469692
0.0587103
0.241048
0.0666977
0.662
0.0579852
0.262029
0.662
0.662
0.223685
0.3479
0.154305
0.662
0.1293
0.167396
0.0195803
0.639536
0.185931
0.385763
0.463163
0.157037
0.12849
0.508245
0.662
0.16863
0.0740661
0.29032
0.132805
0.10788
0.0464226
0.565748
0.25709
0.132068
0.0658745
0.569758
0.218549
0.344346
0.0659599
0.662
0.161667
0.601648
0.107403
0.113247
0.115335
0.662
0.172831
0.095083
0.271368
0.662
0.476096
0.662
0.229991
0.424046
0.159528
0.229128
0.662
0.159304
0.213318
0.190105
0.48817
0.0932167
0.388039
0.114037
0.662
0.162125
0.202854
0.103793
0.252449
0.13206
0.160986
0.291246
0.0727461
0.0708555
0.147793
0.662
0.662
0.30922
0.0608811
0.369555
0.214901
0.193649
0.662
0.154431
0.0957179
0.460348
0.44478
0.0791892
0.0654177
0.49689
0.662
0.0579984
0.662
0.208113
0.178751
0.575124
0.662
0.0959503
0.662
0.0914482
0.0960779
0.197687
0.662
0.617797
0.196876
0.0509168
0.0305272
0.662
0.23679
0.591938
0.00562152
0.0643008
0.373252
0.318071
0.215957
0.121865
0.291715
0.662
0.301545
0.0847806
0.0527044
0.197173
0.395437
0.615279
0.135651
0.202612
0.246183
0.499118
0.541662
0.662
0.0483938
0.126475
0.270556
0.210795
0.365886
0.0841504
0.310558
0.0939089
0.14582
0.407503
0.101771
0.0969075
0.662
0.324377
0.0988189
0.176605
0.0645454
0.136089
0.245403
0.170777
0.662
0.0914096
0.106509
0.202616
0.0602627
0.0696038
0.432476
0.0659737
0.191644
0.281352
0.588223
0.433114
0.121515
0.394083
0.662
0.136849
0.445242
0.208306
0.156147
0.227791
0.310532
0.278812
0.662
0.199707
0.0617744
0.425394
0.662
0.30701
0.195734
0.0317846
0.233725
0.115424
0.662
0.23396
0.154433
0.0637201
0.0504187
0.206675
0.111514
0.191303
0.114607
0.103341
0.18355
0.61888
0.298633
0.202336
0.387762
0.0660496
0.662
0.58107
0.116838
0.547835
0.13602
0.643124
0.353682
0.0862767
0.00197355
0.662
0.184715
0.0814823
0.303446
0.289231
0.0979789
0.361659
0.0469624
0.472637
0.183442
0.491724
0.177014
0.542115
0.257215
0.165802
0.662
0.145221
0.211215
0.0135599
0.12019
0.191097
0.172923
0.662
0.456797
0.662
0.133759
0.397832
0.104705
0.210712
0.036952
0.126537
0.662
0.662
0.175964
0.106062
0.367686
0.0495575
0.084586
0.261432
0.0649319
0.0857421
0.249338
0.448841
0.662
0.662
0.0711173
0.112429
0.225661
0.0495151
0.392402
0.0183507
0.316452
0.343928
0.318454
0.662
0.0872308
0.494319
0.393041
0.662
0.180143
0.387788
0.662
0.206821
0.0712282
0.450332
0.384547
0.662
0.366492
0.0745143
0.480644
0.572994
0.217948
0.0996654
0.662
0.117329
0.595442
0.0739901
0.662
0.662
0.248275
0.0597889
0.144658
0.0672873
0.110291
0.247573
0.243013
0.662
0.662
0.113347
0.129837
0.662
0.34317
0.270453
0.269552
0.0711619
0.0420842
0.0287017
0.394432
0.191064
0.46635
0.0929682
0.662
0.090397
0.429693
0.089883
0.514556
0.243518
0.662
0.12172
0.331385
0.318873
0.662
0.662
0.105685
0.377591
0.32178
0.662
0.662
0.662
0.00304174
0.0997297
0.397842
0.117073
0.0133231
0.397866
0.662
0.185181
0.662
0.0336654
0.298381
0.53272
0.318281
0.198744
0.28496
0.104511
0.232332
0.532152
0.137889
0.552031
0.0582032
0.662
0.215144
0.101235
0.000725434
0.083039
0.659813
0.167199
0.646381
0.307689
0.099887
0.662
0.564256
0.0848946
0.210035
0.139626
0.178772
0.662
0.480633
0.232038
0.310124
0.170011
0.38537
0.24732
0.276569
0.204855
0.164117
0.498713
0.225135
0.166427
0.0457326
0.470207
0.113581
0.352539
0.0428212
0.305096
0.187493
0.306396
0.430548
0.185013
0.246268
0.144991
0.662
0.0412485
0.0101702
0.219319
0.325642
0.159859
0.662
0.0523871
0.537984
0.662
0.662
0.0933282
0.356949
0.240114
0.662
0.662
0.166927
0.662
0.00842431
0.111168
0.0723506
0.228473
0.15336
0.130545
0.0541883
0.275807
0.325315
0.262564
0.0961535
0.169265
0.15084
0.16277
0.301116
0.109235
0.662
0.103592
0.338307
0.367807
0.545196
0.545398
0.451617
0.662
0.345238
0.592661
0.317608
0.225029
0.223526
0.339182
0.291648
0.147372
0.662
0.0726009
0.258396
0.458604
0.332505
0.0633546
0.13299
0.524175
0.444149
0.141774
0.448521
0.125964
0.17073
0.225764
0.225857
0.416833
0.0930367
0.297734
0.261146
0.257719
0.50397
0.662
0.108078
0.190016
0.27174
0.662
0.203019
0.0908039
0.392645
0.163966
0.490839
0.253073
0.262988
0.149699
0.0865888
0.662
0.143044
0.318969
0.0869669
0.147831
0.325781
0.419684
0.27289
0.456707
0.236562
0.216473
0.405468
0.294708
0.589774
0.0350826
0.662
0.115393
0.622652
0.277403
0.662
0.268137
0.250684
0.413971
0.179558
0.286965
0.164811
0.165644
0.662
0.472395
0.376366
0.453411
0.662
0.148977
0.218795
0.376261
0.299875
0.662
0.160273
0.0460674
0.610755
0.124674
0.225792
0.0590745
0.12377
0.565057
0.152973
0.339483
0.662
0.0517305
0.185402
0.187907
0.4349
0.0809297
0.0743616
0.0550805
0.269265
0.210084
0.0894829
0.162804
0.180938
0.164439
0.199189
0.662
0.243035
0.149716
0.662
0.271337
0.129475
0.458109
0.088375
0.127074
0.141693
0.429743
0.203381
0.00347743
0.0761822
0.0885188
0.404331
0.275415
0.656658
0.294227
0.13809
0.119046
0.0985152
0.449003
0.192282
0.0682094
0.1931
0.188489
0.269298
0.58077
0.48005
0.0738255
0.649957
0.00826068
0.210457
0.307203
0.0977437
0.0828412
0.0582704
0.115116
0.146568
0.480786
0.619742
0.260005
0.127017
0.0906049
0.166389
0.0726756
0.662
0.567692
0.662
0.158484
0.194966
0.0710312
0.292172
0.537341
0.0250405
0.0971785
0.320112
0.17222
0.133585
0.110418
0.662
0.662
0.0192532
0.233814
0.149669
0.52101
0.128272
0.160207
0.1837
0.662
0.0861074
0.549541
0.0911622
0.428163
0.239359
0.280386
0.662
0.365822
0.571122
0.662
0.187325
0.427521
0.261194
0.385469
0.162323
0.132882
0.216053
0.45707
0.163907
0.0923976
0.662
0.195712
0.662
0.193729
0.106107
0.0466994
0.0612121
0.127705
0.193034
0.081779
0.386052
0.122591
0.164526
0.185658
0.382812
0.31397
0.391879
0.3031
0.0915106
0.426675
0.110734
0.104313
0.110784
0.46661
0.662
0.662
0.460659
0.110618
0.165285
0.0361548
0.0365141
0.075145
0.167596
0.178942
0.283361
0.044272
0.662
0.447651
0.185525
0.327075
0.134078
0.0170269
0.073627
0.206586
0.662
0.639899
0.119209
0.0922697
0.184817
0.482177
0.152523
0.258129
0.234184
0.662
0.224225
0.19923
0.0303807
0.107916
0.346608
0.156357
0.662
0.662
0.10852
0.170196
0.326428
0.140758
0.195961
0.111252
0.662
0.252968
0.231269
0.128116
0.135638
0.175313
0.0778032
0.209953
0.39858
0.282366
0.430717
0.0720073
0.662
0.0705455
0.318938
0.306083
0.129279
0.0909264
0.385842
0.0990628
0.367066
0.4227
0.190184
0.662
0.528373
0.193195
0.159566
0.662
0.395361
0.421516
0.0592633
0.115244
0.662
0.275316
0.263845
0.145604
0.408821
0.342858
0.163989
0.0297497
0.0531016
0.373685
0.623224
0.662
0.475457
0.133556
0.19227
0.363564
0.0617087
0.36087
0.19067
0.0384531
0.334108
0.643271
0.353806
0.6087
0.087979
0.0732344
0.114763
0.26601
0.19053
0.662
0.0637604
0.255965
0.102988
0.0623757
0.374854
0.251884
0.220982
0.429033
0.428343
0.622456
0.047312
0.0713415
0.2282
0.0510251
0.662
0.662
0.381469
0.306904
0.14709
0.662
0.203084
0.176315
0.185171
0.355012
0.662
0.0644563
0.0647084
0.446144
0.442996
0.396861
0.0569656
0.408099
0.406214
0.369444
0.634465
0.395076
0.528765
0.259464
0.065077
0.164748
0.132534
0.102675
0.12114
0.541497
0.117698
0.154833
0.303752
0.571961
0.47074
0.106927
0.662
0.131514
0.255742
0.354644
0.662
0.152401
0.12958
0.0393695
0.0673307
0.117421
0.662
0.0499491
0.662
0.243454
0.128394
0.18129
0.662
0.0108782
0.0497542
0.346831
0.107447
0.46157
0.155633
0.662
0.364757
0.662
0.160129
0.193197
0.662
0.662
0.220865
0.163366
0.662
0.140029
0.371641
0.00986526
0.235889
0.135709
0.0854172
0.351511
0.180875
0.662
0.662
0.342199
0.662
0.114248
0.0950193
0.662
0.340495
0.285269
0.608358
0.662
0.0687912
0.41593
0.161657
0.662
0.203751
0.152953
0.119983
0.208839
0.302882
0.0823754
0.208549
0.164773
0.175473
0.106444
0.65674
0.139365
0.259872
0.246148
0.155918
0.0587316
0.0369188
0.662
0.0692777
0.343489
0.131283
0.0697711
0.43077
0.0224345
0.178714
0.662
0.280506
0.185622
0.662
0.217657
0.0989066
0.662
0.130887
0.140857
0.17591
0.360147
0.150196
0.0636303
0.11097
0.116745
0.132192
0.0722772
0.662
0.00793876
0.0385533
0.589454
0.413733
0.662
0.174845
0.378206
0.427687
0.0875197
0.0807966
0.171072
0.100781
0.563199
0.222129
0.256419
0.195074
0.0953332
0.459646
0.662
0.662
0.14206
0.22434
0.207942
0.136222
0.319114
0.247605
0.447199
0.662
0.662
0.433514
0.146744
0.200989
0.0120133
0.329837
0.662
0.0512507
0.454945
0.506997
0.161771
0.662
0.525905
0.0895866
0.0312286
0.163465
0.331776
0.0196427
0.305198
0.20442
0.544063
0.172808
0.124306
0.289502
0.214609
0.572569
0.0861861
0.0310545
0.273964
0.297343
0.12676
0.103926
0.0800293
0.476444
0.662
0.472727
0.0792398
0.172518
0.158144
0.196883
0.662
0.210572
0.075742
0.247094
0.0710246
0.0458295
0.0355026
0.206316
0.662
0.219641
0.213782
0.380356
0.239238
0.143033
0.115565
0.636821
0.354769
0.0585618
0.193359
0.0407784
0.166017
0.0499985
0.662
0.0737874
0.122716
0.492029
0.309495
0.662
0.0857236
0.662
0.0605539
0.0619167
0.0494415
0.155158
0.20345
0.405243
0.333084
0.527111
0.117118
0.231134
0.234858
0.283209
0.290834
0.662
0.662
0.49057
0.662
0.166051
0.112674
0.0852407
0.0855074
0.0523883
0.18007
0.24644
0.213683
0.473427
0.227246
0.249021
0.187342
0.463334
0.0964813
0.313695
0.361064
0.249106
0.128555
0.0455801
0.187081
0.411488
0.234346
0.0638947
0.445226
0.331386
0.662
0.30868
0.242288
0.379319
0.20094
0.116761
0.0898331
0.408104
0.273955
0.595254
0.188181
0.228649
0.0933409
0.662
0.156106
0.0284742
0.170164
0.0781448
0.0903193
0.0725709
0.662
0.0840419
0.662
0.17765
0.176292
0.104987
0.662
0.662
0.662
0.272395
0.383571
0.22313
0.30384
0.435578
0.0955967
0.662
0.190149
0.448481
0.352426
0.662
0.269315
0.37412
0.0585774
0.111189
0.0546381
0.0536657
0.115244
0.172781
0.662
0.277896
0.287637
0.662
0.488815
0.256495
0.571185
0.662
0.291433
0.102235
0.479252
0.186965
0.0515663
0.573264
0.0467379
0.064922
0.104311
0.096388
0.230097
0.662
0.248671
0.172374
0.109064
0.33414
0.085325
0.662
0.298214
0.0985598
0.112077
0.159394
0.136384
0.662
0.182415
0.140011
0.202669
0.061565
0.254092
0.50631
0.252568
0.237118
0.214448
0.662
0.104211
0.180046
0.298209
0.0991987
0.662
0.00580464
0.662
0.365841
0.141171
0.662
0.462029
0.00954803
0.0924369
0.122736
0.136218
0.662
0.296347
0.195178
0.0691608
0.662
0.107854
0.605016
0.294169
0.366223
0.189372
0.114251
0.127052
0.0989228
0.662
0.307197
0.101154
0.662
0.059537
0.0892076
0.43631
0.0853346
0.618197
0.190725
0.432761
0.118325
0.100344
0.0234374
0.164562
0.198001
0.0826041
0.201166
0.345341
0.0694567
0.199702
0.130079
0.137569
0.606357
0.502884
0.420962
0.162375
0.278458
0.145717
0.0463914
0.382339
0.215811
0.182108
0.252739
0.138501
0.662
0.223421
0.662
0.339944
0.114493
0.171598
0.378763
0.662
0.662
0.662
0.088988
0.23403
0.482879
0.0696961
0.0894886
0.165343
0.0851582
0.1595
0.131697
0.45308
0.140017
0.662
0.117278
0.415846
0.325251
0.184195
0.10711
0.26326
0.0971238
0.134405
0.122429
0.662
0.415286
0.274185
0.151799
0.0852431
0.0138815
0.181413
0.0853371
0.309819
0.283164
0.131567
0.662
0.0770505
0.256801
0.172712
0.260778
0.205753
0.175143
0.190665
0.0497023
0.199397
0.313079
0.662
0.110028
0.662
0.486963
0.0891952
0.142153
0.171179
0.309769
0.0720486
0.224583
0.197394
0.510827
0.223451
0.165375
0.521867
0.571971
0.188001
0.510302
0.283182
0.529624
0.662
0.662
0.662
0.388763
0.149406
0.00111871
0.295091
0.56796
0.322166
0.175762
0.318174
0.662
0.0443764
0.30568
0.647554
0.662
0.395839
0.157377
0.199438
0.072612
0.268248
0.229898
0.0795379
0.0749686
0.0796337
0.130166
0.0961061
0.347506
0.157687
0.15051
0.530531
0.165395
0.175275
0.0881174
0.662
0.0556632
0.263849
0.0705152
0.662
0.308268
0.324748
0.0565755
0.103799
0.567883
0.226685
0.223181
0.228569
0.129258
0.199445
0.128777
0.129033
0.0652224
0.202391
0.662
0.286669
0.321414
0.573919
0.321769
0.0499967
0.26474
0.388782
0.454075
0.220189
0.077807
0.186096
0.314772
0.207348
0.105371
0.191218
0.274373
0.14035
0.109824
0.168015
0.260086
0.344281
0.216994
0.662
0.511876
0.351354
0.334358
0.230996
0.269908
0.662
0.16032
0.662
0.270098
0.108564
0.00797514
0.106889
0.33354
0.392981
0.2169
0.148989
0.097322
0.363608
0.113955
0.0301956
0.140053
0.239679
0.174867
0.255432
0.267149
0.587321
0.329954
0.204219
0.392877
0.13222
0.458861
0.0660033
0.415186
0.391127
0.304699
0.0695889
0.135437
0.116504
0.55971
0.346229
0.287995
0.173436
0.351871
0.0585311
0.300025
0.0168345
0.264672
0.300853
0.0754372
0.117423
0.06378
0.367222
0.174467
0.227215
0.170587
0.338721
0.205997
0.170186
0.294386
0.117405
0.0881487
0.150153
0.257559
0.12246
0.0600353
0.0169041
0.196001
0.105105
0.662
0.401916
0.0535274
0.0379097
0.474617
0.662
0.380092
0.377746
0.208778
0.115434
0.662
0.162514
0.0148252
0.278764
0.650004
0.190176
0.130306
0.531241
0.230626
0.480308
0.11984
0.0495161
0.33152
0.0567904
0.293943
0.109632
0.349401
0.154071
0.374907
0.414735
0.215083
0.456682
0.453488
0.412184
0.114285
0.592274
0.662
0.34548
0.496088
0.115933
0.145148
0.185329
0.168963
0.263746
0.662
0.662
0.0950506
0.662
0.155297
0.662
0.2746
0.608972
0.410546
0.662
0.286358
0.182409
0.226221
0.187968
0.101888
0.428275
0.561515
0.0883676
0.257868
0.139562
0.126774
0.142713
0.612898
0.368633
0.0162905
0.662
0.11057
0.216461
0.106407
0.0465781
0.662
0.0422575
0.662
0.342894
0.113025
0.449047
0.107132
0.146013
0.662
0.164563
0.662
0.252024
0.100783
0.146368
0.662
0.662
0.384875
0.204682
0.442829
0.197424
0.658547
0.662
0.662
0.234992
0.253952
0.0968269
0.444443
0.662
0.509004
0.443335
0.662
0.315093
0.212979
0.0779505
0.345463
0.322077
0.189563
0.50397
0.221466
0.461845
0.344042
0.662
0.0408983
0.169389
0.0709745
0.413458
0.169789
0.413431
0.0990512
0.362548
0.662
0.228635
0.199718
0.662
0.283034
0.422074
0.0433531
0.662
0.0689967
0.0519982
0.0760591
0.194689
0.150331
0.136376
0.662
0.236243
0.128191
0.0335192
0.00678182
0.662
0.662
0.132484
0.558488
0.662
0.422573
0.146505
0.662
0.127982
0.426282
0.662
0.25612
0.267178
0.00580792
0.662
0.208253
0.104621
0.51281
0.238978
0.177648
0.257744
0.242661
0.179372
0.357985
0.122149
0.181488
0.0364325
0.402579
0.136399
0.0644186
0.662
0.238953
0.110443
0.43639
0.171827
0.0441461
0.0916817
0.100606
0.662
0.125192
0.233517
0.285526
0.172857
0.312395
0.519885
0.242218
0.446863
0.0011788
0.199922
0.166718
0.0914749
0.249767
0.0570576
0.252317
0.662
0.339989
0.103579
0.0717795
0.477492
0.38324
0.594859
0.473973
0.423053
0.198198
0.0824143
0.0930539
0.214381
0.486817
0.422077
0.585371
0.127769
0.346663
0.199012
0.0453221
0.335587
0.174098
0.0730768
0.26994
0.413371
0.58768
0.142577
0.0773491
0.255268
0.662
0.23821
0.488877
0.133745
0.312727
0.312138
0.0624252
0.0538797
0.0772696
0.443065
0.0586128
0.57694
0.117674
0.126829
0.255775
0.578306
0.151904
0.662
0.311864
0.0986481
0.493081
0.180473
0.242772
0.0643965
0.02126
0.110444
0.122586
0.0931961
0.095278
0.246335
0.235643
0.125533
0.182947
0.077143
0.117633
0.103227
0.141253
0.0350357
0.067483
0.0915553
0.39109
0.0274429
0.29698
0.123586
0.164703
0.21086
0.121612
0.260121
0.375209
0.160094
0.078222
0.134259
0.331379
0.662
0.662
0.277778
0.0581419
0.0815476
0.126792
0.25048
0.322543
0.308426
0.204183
0.586467
0.256872
0.0647452
0.505713
0.311778
0.253143
0.0718537
0.199651
0.0322521
0.285043
0.618751
0.172848
0.181948
0.605004
0.662
0.472726
0.198794
0.183646
0.137901
0.301546
0.126577
0.0550655
0.324777
0.260494
0.323191
0.090014
0.173225
0.662
0.0519203
0.0395554
0.140214
0.0759967
0.0630865
0.209756
0.140107
0.662
0.346703
0.0904889
0.118386
0.124695
0.077286
0.662
0.14367
0.662
0.662
0.662
0.662
0.508716
0.324807
0.662
0.315616
0.152833
0.413834
0.529327
0.276897
0.37026
0.105126
0.323414
0.121628
0.662
0.662
0.352239
0.166726
0.220487
0.662
0.0664627
0.204281
0.126292
0.0683273
0.166454
0.111748
0.375475
0.341494
0.0643597
0.0906544
0.0734375
0.0802618
0.0868627
0.602721
0.111857
0.169489
0.0632375
0.662
0.299571
0.43238
0.513051
0.251745
0.383619
0.569772
0.28154
0.662
0.0915628
0.0625953
0.0834978
0.0326405
0.164661
0.177338
0.107106
0.11915
0.0398267
0.662
0.0667818
0.41369
0.377278
0.111241
0.0742651
0.110852
0.662
0.182759
0.236452
0.152451
0.0594855
0.659123
0.457194
0.015508
0.452231
0.508218
0.61277
0.117398
0.162771
0.253195
0.134778
0.205653
0.179639
0.250502
0.0560366
0.228613
0.146925
0.169958
0.455632
0.392776
0.662
0.173209
0.107137
0.296997
0.179482
0.130974
0.306356
0.662
0.314022
0.662
0.635713
0.127561
0.172269
0.151355
0.307868
0.564363
0.327384
0.581258
0.662
0.365006
0.662
0.395828
0.540818
0.254118
0.0929303
0.188061
0.580048
0.0545011
0.662
0.302608
0.52316
0.583104
0.662
0.101531
0.490371
0.226579
0.662
0.662
0.250131
0.279251
0.2625
0.662
0.662
0.170317
0.301517
0.124852
0.662
0.249047
0.40516
0.658554
0.158322
0.183638
0.126595
0.662
0.101442
0.247947
0.544852
0.470264
0.249834
0.0844783
0.319023
0.267268
0.0957689
0.286922
0.126995
0.566752
0.110053
0.180223
0.334306
0.169089
0.0799369
0.235364
0.662
0.0318535
0.0976308
0.662
0.413904
0.662
0.336574
0.0962363
0.110278
0.662
0.107833
0.637569
0.662
0.302924
0.435109
0.0893392
0.17356
0.0912676
0.0035425
0.248981
0.489771
0.0212993
0.0601734
0.662
0.662
0.00567283
0.160606
0.193835
0.662
0.194643
0.109619
0.216538
0.662
0.039775
0.0380242
0.111041
0.472195
0.0999654
0.0568698
0.088741
0.13484
0.460166
0.282482
0.662
0.45664
0.122088
0.662
0.287108
0.235139
0.147448
0.204237
0.0644291
0.385058
0.114846
0.0632219
0.398843
0.028203
0.150575
0.374031
0.233048
0.662
0.301268
0.662
0.662
0.108632
0.377773
0.148102
0.576372
0.662
0.225145
0.248208
0.119627
0.123365
0.0914378
0.661127
0.0741424
0.488333
0.469945
0.662
0.278098
0.424261
0.129441
0.662
0.0133806
0.662
0.662
0.104048
0.662
0.257049
0.662
0.0560577
0.0854482
0.0832994
0.0576619
0.110356
0.496748
0.145678
0.0731846
0.146335
0.126881
0.438568
0.0754567
0.191824
0.238326
0.276641
0.662
0.3097
0.145012
0.070545
0.171596
0.502116
0.160069
0.662
0.186449
0.158536
0.0591677
0.501118
0.662
0.26714
0.189922
0.128422
0.241898
0.405904
0.111446
0.662
0.177539
0.0875461
0.662
0.161028
0.55228
0.205052
0.375974
0.662
0.134382
0.0475448
0.177256
0.385333
0.115789
0.0568096
0.228418
0.198695
0.361663
0.178173
0.121591
0.0329106
0.172734
0.0736735
0.208174
0.104602
0.0805487
0.51522
0.233246
0.336912
0.0721407
0.0811919
0.219722
0.0194266
0.26775
0.117298
0.38031
0.219534
0.499845
0.138757
0.458487
0.0897843
0.336032
0.0148748
0.128314
0.592785
0.0801097
0.211785
0.662
0.0771348
0.463339
0.144888
0.197738
0.44741
0.156923
0.662
0.462406
0.23907
0.155089
0.662
0.121216
0.000993286
0.219418
0.0895995
0.135385
0.336691
0.154572
0.0547326
0.146256
0.354267
0.106409
0.354138
0.26292
0.167172
0.353549
0.0787945
0.155456
0.236033
0.437079
0.623301
0.181984
0.188439
0.0722779
0.207796
0.152709
0.0779278
0.530985
0.214716
0.228013
0.662
0.0875254
0.101709
0.662
0.462456
0.662
0.488891
0.662
0.0736953
0.395667
0.151237
0.211841
0.288368
0.139496
0.376096
0.270116
0.365167
0.131649
0.210762
0.662
0.317782
0.662
0.07144
0.130733
0.127848
0.523776
0.0999229
0.0635098
0.562579
0.19927
0.22819
0.126109
0.662
0.589923
0.0920259
0.295569
0.280503
0.662
0.138289
0.0989645
0.146384
0.196937
0.198596
0.112291
0.662
0.366733
0.0868492
0.228781
0.662
0.306534
0.0991103
0.217834
0.61668
0.662
0.567845
0.0130442
0.28664
0.189124
0.359106
0.662
0.173869
0.662
0.662
0.0861427
0.257296
0.0681749
0.53796
0.662
0.20682
0.172187
0.437664
0.0555968
0.0832253
0.412614
0.2646
0.662
0.361242
0.446065
0.662
0.102023
0.063975
0.131724
0.116551
0.186864
0.273083
0.662
0.141412
0.072414
0.33497
0.0755573
0.459044
0.105994
0.655371
0.292214
0.162653
0.243726
0.315595
0.662
0.103474
0.107479
0.253905
0.136631
0.28052
0.315639
0.359406
0.130373
0.0970892
0.0633455
0.451941
0.0244511
0.316443
0.276752
0.0402905
0.263149
0.259771
0.135311
0.225818
0.115912
0.662
0.0809236
0.262044
0.248692
0.566382
0.662
0.298044
0.101128
0.0357925
0.112112
0.0152455
0.31404
0.251759
0.163512
0.15978
0.290502
0.19975
0.0954462
0.116132
0.230382
0.446956
0.662
0.171242
0.279961
0.321343
0.0787332
0.306131
0.0287266
0.135579
0.662
0.660533
0.252795
0.129055
0.662
0.662
0.216768
0.662
0.662
0.0951875
0.662
0.0963331
0.0760424
0.305037
0.0919488
0.641017
0.0450733
0.451922
0.29072
0.659432
0.0660534
0.071452
0.342748
0.345268
0.442372
0.162415
0.310592
0.662
0.470888
0.107729
0.286543
0.502887
0.662
0.662
0.108555
0.209706
0.662
0.284669
0.0356293
0.0527386
0.474912
0.662
0.197197
0.662
0.325088
0.112883
0.396794
0.353226
0.203412
0.0338477
0.32923
0.132458
0.0609692
0.329732
0.662
0.373551
0.13378
0.115253
0.308506
0.191353
0.662
0.11824
0.076977
0.346987
0.541398
0.505972
0.0933613
0.0908959
0.0487436
0.295534
0.1171
0.0774891
0.26946
0.60615
0.334654
0.662
0.190084
0.150757
0.287191
0.347661
0.394891
0.113164
0.258634
0.117211
0.662
0.422317
0.245826
0.662
0.659928
0.662
0.552652
0.662
0.657208
0.397073
0.203944
0.00263038
0.402342
0.0671052
0.383485
0.0704205
0.662
0.0977912
0.16529
0.222096
0.108387
0.0860552
0.149293
0.662
0.165221
0.0509985
0.193234
0.198249
0.396461
0.229064
0.17799
0.515521
0.243778
0.366988
0.088847
0.141024
0.662
0.0368212
0.27572
0.463902
0.0562935
0.177274
0.227234
0.0835626
0.541777
0.32978
0.662
0.441583
0.249439
0.598422
0.094981
0.263986
0.223072
0.191521
0.396448
0.662
0.0961018
0.111939
0.0670102
0.662
0.0951066
0.0958536
0.144202
0.398434
0.0715107
0.0701682
0.115472
0.274077
0.662
0.0731886
0.276014
0.27804
0.165747
0.0502562
0.662
0.127911
0.162161
0.11303
0.0977414
0.117832
0.41634
0.662
0.158495
0.0537817
0.291311
0.391341
0.182585
0.186587
0.0920549
0.140573
0.662
0.17385
0.662
0.662
0.154863
0.402629
0.662
0.159542
0.0879896
0.662
0.359751
0.079215
0.392291
0.343947
0.662
0.662
0.183957
0.662
0.111819
0.102063
0.489474
0.224951
0.153249
0.202836
0.129612
0.41805
0.0691013
0.00914682
0.152705
0.644677
0.229846
0.248816
0.459065
0.0607919
0.0799614
0.233297
0.635982
0.192885
0.394858
0.516019
0.483705
0.662
0.212414
0.216348
0.0840235
0.662
0.193686
0.426071
0.662
0.198404
0.117484
0.320319
0.292342
0.114292
0.116629
0.00058353
0.0228459
0.0550218
0.0834133
0.146013
0.163821
0.156485
0.183663
0.0755083
0.186235
0.236432
0.296815
0.3589
0.115306
0.546659
0.558088
0.144223
0.272368
0.662
0.245205
0.240016
0.275977
0.175766
0.280429
0.243185
0.33986
0.286283
0.129643
0.0455969
0.614006
0.241708
0.0675652
0.0801177
0.483234
0.380882
0.155306
0.120753
0.0507916
0.16919
0.662
0.122702
0.489192
0.662
0.662
0.125141
0.566425
0.443957
0.662
0.429358
0.372802
0.218396
0.0478772
0.336199
0.382522
0.179244
0.184357
0.20489
0.662
0.0671739
0.662
0.184867
0.111205
0.0774379
0.450992
0.662
0.108869
0.104739
0.174932
0.151831
0.601739
0.662
0.0723771
0.063949
0.662
0.0508671
0.517549
0.144184
0.662
0.207032
0.261483
0.245725
0.0534433
0.433191
0.396329
0.154132
0.172388
0.380108
0.256789
0.225061
0.133791
0.373534
0.563746
0.594067
0.300531
0.662
0.263107
0.0631034
0.0877744
0.662
0.356954
0.0698224
0.102365
0.0706796
0.299663
0.320968
0.160192
0.201879
0.662
0.633391
0.31433
0.151053
0.0278514
0.183821
0.0372296
0.3478
0.512552
0.662
0.424118
0.471677
0.166943
0.0697655
0.115603
0.0551773
0.662
0.379618
0.296853
0.174666
0.478521
0.662
0.0552227
0.662
0.662
0.0619016
0.353989
0.181568
0.0426129
0.246564
0.161643
0.137887
0.407752
0.106512
0.46007
0.662
0.662
0.0191705
0.378543
0.171366
0.55585
0.115839
0.597043
0.662
0.462716
0.235467
0.0892146
0.139456
0.381389
0.0957529
0.310932
0.0474992
0.110168
0.662
0.396925
0.662
0.276776
0.211263
0.257095
0.662
0.121275
0.0905411
0.183794
0.0193522
0.541834
0.662
0.0833049
0.0702749
0.662
0.419579
0.662
0.190183
0.237225
0.182506
0.191028
0.552879
0.662
0.264206
0.183348
0.662
0.375542
0.196761
0.11413
0.470967
0.206789
0.31932
0.0958899
0.127796
0.224317
0.227658
0.252766
0.662
0.239139
0.333866
0.662
0.051773
0.121
0.00877563
0.109941
0.143646
0.662
0.167406
0.165795
0.662
0.320987
0.205693
0.0811362
0.288421
0.0937548
0.580298
0.596854
0.662
0.0677618
0.154728
0.115968
0.358775
0.125233
0.315979
0.383214
0.22187
0.1227
0.0787093
0.0877386
0.0637558
0.177675
0.0296069
0.662
0.200594
0.106805
0.232194
0.273274
0.662
0.662
0.439754
0.662
0.0564833
0.133773
0.20187
0.267328
0.662
0.193564
0.160359
0.334154
0.142099
0.570202
0.188147
0.266149
0.459393
0.373264
0.297414
0.0341934
0.0723564
0.00336243
0.156555
0.0124981
0.119811
0.139942
0.267295
0.427774
0.106187
0.258075
0.358153
0.286122
0.0676508
0.0635809
0.0968089
0.249074
0.662
0.0618964
0.278748
0.235625
0.0572165
0.394915
0.159635
0.0982095
0.179015
0.144268
0.283271
0.288413
0.073335
0.111338
0.239279
0.579981
0.16361
0.121016
0.431211
0.662
0.355773
0.662
0.14285
0.316537
0.0528533
0.0237147
0.459492
0.296914
0.122193
0.310176
0.47139
0.662
0.593247
0.662
0.214863
0.353698
0.474128
0.254448
0.662
0.459478
0.273068
0.0611695
0.0385919
0.297746
0.247911
0.101105
0.354175
0.662
0.299693
0.662
0.187546
0.112861
0.186393
0.194853
0.662
0.285437
0.0481848
0.297279
0.079885
0.0891231
0.418431
0.323763
0.133915
0.0605884
0.293016
0.641682
0.111994
0.147731
0.662
0.0568396
0.145045
0.477585
0.258609
0.476998
0.662
0.662
0.662
0.461232
0.398153
0.38962
0.252667
0.159087
0.117577
0.662
0.662
0.662
0.662
0.662
0.117844
0.662
0.605587
0.0317089
0.292441
0.662
0.158311
0.662
0.204728
0.662
0.245356
0.662
0.0862853
0.453366
0.220291
0.662
0.662
0.0486062
0.149933
0.662
0.105311
0.254861
0.662
0.406561
0.0639007
0.0516325
0.662
0.078152
0.345354
0.330848
0.553041
0.187152
0.662
0.114252
0.24438
0.52527
0.662
0.154604
0.0959669
0.205139
0.426854
0.106483
0.662
0.189134
0.450043
0.061387
0.436672
0.662
0.0840704
0.2145
0.662
0.125582
0.0780668
0.662
0.110039
0.172458
0.209061
0.132285
0.0713148
0.0659268
0.138151
0.474748
0.158734
0.372328
0.662
0.231393
0.174387
0.105193
0.16198
0.105351
0.317059
0.117464
0.406191
0.376574
0.390651
0.333529
0.48675
0.0544687
0.334525
0.0369693
0.392317
0.143849
0.178527
0.338852
0.0443783
0.662
0.160535
0.643596
0.084144
0.352483
0.169617
0.662
0.662
0.19688
0.00962743
0.662
0.028262
0.121529
0.0493681
0.0746202
0.0330193
0.188324
0.0930688
0.229149
0.486514
0.323399
0.305421
0.102651
0.189752
0.058937
0.57648
0.279976
0.109017
0.11518
0.464553
0.170843
0.0655576
0.380404
0.164383
0.105756
0.351601
0.0847675
0.635127
0.297654
0.264624
0.662
0.509175
0.118922
0.662
0.407399
0.120108
0.136515
0.161023
0.0108919
0.280178
0.280909
0.127457
0.236182
0.662
0.183538
0.662
0.662
0.299991
0.415811
0.469756
0.662
0.602783
0.273066
0.021009
0.390625
0.654475
0.0940307
0.0592136
0.0852774
0.0826486
0.131437
0.498055
0.160841
0.17875
0.0910279
0.662
0.662
0.662
0.662
0.187094
0.312119
0.334487
0.662
0.0470619
0.180256
0.487575
0.372694
0.319291
0.191241
0.662
0.21455
0.662
0.662
0.0380157
0.662
0.066337
0.445769
0.145027
0.130472
0.125614
0.0327152
0.170752
0.662
0.535581
0.27783
0.0358616
0.584683
0.195163
0.393787
0.0307872
0.293667
0.0301718
0.0795413
0.662
0.543553
0.402991
0.520148
0.121922
0.662
0.662
0.168603
0.260305
0.238238
0.097358
0.127307
0.0922851
0.662
0.196796
0.662
0.476828
0.349049
0.255045
0.277195
0.159945
0.662
0.130645
0.225413
0.15102
0.237275
0.20254
0.555807
0.434995
0.502508
0.22916
0.129723
0.102065
0.662
0.246747
0.381583
0.508842
0.662
0.117539
0.453517
0.219004
0.225901
0.662
0.662
0.662
0.22369
0.490066
0.128838
0.662
0.662
0.44223
0.0142368
0.31285
0.273282
0.091886
0.384716
0.33346
0.0433984
0.122393
0.361278
0.211462
0.181666
0.0799416
0.302269
0.198559
0.0547337
0.23518
0.0209583
0.44201
0.08549
0.0998406
0.168462
0.662
0.312671
0.0820722
0.0918065
0.448674
0.285867
0.237785
0.662
0.0610381
0.580829
0.662
0.286108
0.108131
0.164371
0.0672443
0.0279219
0.178273
0.0858233
0.582294
0.662
0.217959
0.662
0.186307
0.236907
0.114849
0.294685
0.662
0.078626
0.223985
0.43837
0.331958
0.327621
0.490968
0.0391519
0.180321
0.0788382
0.662
0.187091
0.66099
0.00254142
0.480185
0.662
0.662
0.145217
0.120155
0.0127073
0.0252893
0.456889
0.192482
0.662
0.396115
0.662
0.197391
0.0623155
0.241199
0.169344
0.662
0.341168
0.292176
0.109716
0.14461
0.535613
0.662
0.153277
0.492135
0.0216889
0.0560978
0.20827
0.662
0.0117768
0.0405806
0.335176
0.173841
0.214384
0.541986
0.523806
0.484542
0.629917
0.0949335
0.101434
0.0670189
0.322029
0.0603935
0.315813
0.0309899
0.0771149
0.25059
0.125049
0.125211
0.387929
0.627311
0.146827
0.139974
0.0837763
0.339877
0.113749
0.185253
0.662
0.0888877
0.202804
0.223192
0.106796
0.577355
0.0623536
0.0235431
0.123969
0.078489
0.12905
0.0211381
0.662
0.0527767
0.182368
0.0681431
0.0636226
0.0832151
0.288478
0.646008
0.403396
0.346344
0.0785517
0.219506
0.165063
0.198017
0.662
0.305441
0.0182203
0.662
0.0630041
0.357643
0.582818
0.134971
0.188639
0.401914
0.662
0.191397
0.116684
0.444894
0.304533
0.222736
0.0708773
0.218896
0.454278
0.62596
0.354551
0.157033
0.274816
0.662
0.662
0.187887
0.150645
0.27238
0.273405
0.058312
0.115389
0.0818316
0.128604
0.195338
0.340797
0.0379614
0.340066
0.393967
0.210049
0.227442
0.310984
0.365365
0.141126
0.662
0.118577
0.111513
0.449993
0.120603
0.639967
0.17597
0.306226
0.476331
0.40762
0.0723276
0.662
0.525791
0.444904
0.330993
0.335267
0.099869
0.0670752
0.106791
0.131242
0.436299
0.591564
0.120238
0.0229769
0.0826709
0.305413
0.317702
0.101866
0.107356
0.0920346
0.424631
0.477253
0.288657
0.142657
0.0305088
0.295295
0.0661181
0.104403
0.0292531
0.298425
0.186525
0.316835
0.311873
0.662
0.122513
0.527574
0.0823837
0.618264
0.147266
0.662
0.0786853
0.100093
0.145618
0.0661743
0.195693
0.272057
0.266854
0.126586
0.217307
0.111976
0.662
0.662
0.599211
0.662
0.327948
0.0973183
0.662
0.234709
0.124921
0.662
0.246243
0.401708
0.203767
0.453994
0.506783
0.341377
0.0884699
0.232472
0.225636
0.0490732
0.127111
0.102838
0.662
0.158512
0.0595809
0.448684
0.114263
0.0913037
0.210986
0.180408
0.153584
0.409576
0.194531
0.18965
0.23391
0.662
0.081041
0.397363
0.0473424
0.662
0.388108
0.662
0.662
0.0662714
0.354806
0.271768
0.296199
0.662
0.43605
0.486219
0.457878
0.349763
0.0631468
0.232374
0.112334
0.35486
0.402798
0.181402
0.662
0.235386
0.0788625
0.237913
0.14257
0.404733
0.0554379
0.195921
0.251439
0.324536
0.0657059
0.297144
0.191233
0.662
0.00828445
0.438952
0.662
0.17904
0.0337611
0.203923
0.0559854
0.110639
0.145174
0.662
0.322494
0.0785903
0.662
0.545266
0.381846
0.650681
0.110614
0.11165
0.232549
0.0375518
0.257385
0.662
0.557742
0.254428
0.260872
0.140748
0.178991
0.339417
0.14703
0.250075
0.0636414
0.662
0.175431
0.0537435
0.0672636
0.239663
0.299992
0.083948
0.123272
0.253277
0.111984
0.0256598
0.100087
0.119949
0.258626
0.0375961
0.174013
0.451326
0.112493
0.23628
0.0929002
0.0462007
0.130755
0.662
0.662
0.0935888
0.0790782
0.662
0.059047
0.103828
0.243559
0.662
0.0458997
0.662
0.0460802
0.637613
0.146853
0.28049
0.662
0.0480236
0.125132
0.21572
0.117842
0.25025
0.310461
0.662
0.662
0.130839
0.320921
0.197936
0.215576
0.18837
0.253722
0.255667
0.662
0.201074
0.662
0.107829
0.00931355
0.210657
0.0900039
0.2804
0.445453
0.0539294
0.169365
0.640998
0.109495
0.1778
0.073196
0.662
0.662
0.24619
0.662
0.662
0.161257
0.147777
0.283161
0.662
0.0224994
0.435998
0.315102
0.563249
0.257976
0.338302
0.519117
0.118229
0.219372
0.522038
0.118048
0.0685298
0.662
0.0017815
0.280624
0.109874
0.261605
0.233196
0.0569435
0.110604
0.119657
0.491521
0.126785
0.11431
0.214817
0.413731
0.0656893
0.662
0.0588985
0.263915
0.124238
0.0939843
0.0873062
0.0391376
0.306435
0.160415
0.10099
0.198987
0.662
0.125785
0.172626
0.231338
0.384875
0.387237
0.138626
0.662
0.190487
0.343293
0.161828
0.544578
0.10006
0.199289
0.128673
0.48276
0.0266733
0.0896545
0.0714981
0.186197
0.662
0.404904
0.0285751
0.194679
0.662
0.161448
0.0359964
0.159266
0.357735
0.191834
0.662
0.0357141
0.662
0.35158
0.383127
0.210744
0.397051
0.615819
0.247406
0.0641997
0.0890847
0.347768
0.14194
0.196038
0.0265131
0.465296
0.383495
0.530699
0.104886
0.379831
0.0947292
0.0804002
0.0962912
0.662
0.084609
0.0784676
0.304022
0.227837
0.150214
0.515336
0.225008
0.324016
0.162526
0.117638
0.662
0.662
0.275219
0.0875432
0.165334
0.269079
0.210597
0.164833
0.088963
0.220676
0.427906
0.237026
0.0936818
0.0719244
0.0773604
0.127922
0.662
0.279255
0.483355
0.0155651
0.642282
0.109189
0.208661
0.662
0.118625
0.103388
0.463711
0.0990044
0.212976
0.0266538
0.647309
0.149953
0.357344
0.394036
0.122761
0.662
0.343448
0.174791
0.18135
0.11511
0.179311
0.549633
0.12887
0.118078
0.373956
0.662
0.0219403
0.119334
0.468504
0.196433
0.585869
0.0904814
0.662
0.0445972
0.0592689
0.662
0.23369
0.192814
0.0530454
0.340118
0.161916
0.239299
0.236061
0.662
0.255807
0.0761455
0.41058
0.137368
0.450676
0.303581
0.261609
0.141958
0.662
0.0762874
0.262591
0.168833
0.0945146
0.118976
0.435449
0.236675
0.453933
0.662
0.176541
0.261833
0.0613598
0.487979
0.15859
0.277567
0.0387879
0.275261
0.662
0.662
0.662
0.544457
0.0962662
0.253053
0.48234
0.132593
0.202705
0.103529
0.296039
0.0970281
0.123346
0.0933726
0.188683
0.211055
0.0669154
0.250333
0.162851
0.204613
0.502277
0.090498
0.0620244
0.241649
0.662
0.327059
0.662
0.244601
0.105649
0.314872
0.427305
0.473765
0.2118
0.662
0.0383942
0.0276977
0.0721215
0.662
0.662
0.662
0.430516
0.145104
0.206462
0.0614209
0.276428
0.21806
0.280952
0.662
0.176042
0.171023
0.0670664
0.662
0.429011
0.0767097
0.189916
0.160065
0.212816
0.193129
0.23871
0.136082
0.0495981
0.34251
0.215209
0.133954
0.0519664
0.26501
0.44236
0.194575
0.118596
0.211626
0.537792
0.662
0.662
0.447876
0.45293
0.662
0.0976501
0.215309
0.0394567
0.104252
0.142351
0.0643355
0.468685
0.662
0.336166
0.134959
0.474524
0.662
0.0826602
0.244102
0.0839154
0.368389
0.468501
0.524048
0.0936728
0.624371
0.216084
0.0303508
0.181009
0.0640463
0.119629
0.169224
0.662
0.0980256
0.0635384
0.662
0.238874
0.662
0.262936
0.355234
0.594545
0.353894
0.307015
0.187335
0.1055
0.65699
0.662
0.662
0.165702
0.37636
0.652065
0.283788
0.202363
0.325333
0.590283
0.0740556
0.262312
0.662
0.38738
0.122125
0.332926
0.26388
0.279604
0.184866
0.106995
0.357558
0.662
0.643419
0.231322
0.226547
0.662
0.250141
0.0557305
0.0929203
0.190107
0.0882962
0.662
0.209403
0.656168
0.0902665
0.0737061
0.544094
0.345624
0.662
0.0839861
0.644225
0.638594
0.662
0.538171
0.218453
0.0861621
0.319692
0.0843717
0.421689
0.564376
0.102472
0.248895
0.0311656
0.0752102
0.605753
0.0352623
0.189638
0.0681195
0.0981246
0.271663
0.0532219
0.131651
0.223463
0.662
0.662
0.292293
0.59146
0.0883631
0.108107
0.119914
0.662
0.294218
0.662
0.139455
0.172435
0.0475435
0.302904
0.496628
0.0448906
0.652193
0.127456
0.203338
0.0884736
0.662
0.275854
0.662
0.0775856
0.121047
0.00850395
0.425452
0.354122
0.0432567
0.230775
0.348271
0.0848688
0.154713
0.292022
0.129666
0.00589236
0.662
0.541599
0.494664
0.372612
0.157913
0.362234
0.469111
0.163458
0.196906
0.402792
0.0827569
0.128855
0.553675
0.239146
0.373315
0.662
0.180165
0.146069
0.0384542
0.14759
0.469604
0.121903
0.662
0.100642
0.589963
0.0261296
0.0620443
0.0996993
0.282519
0.13133
0.207279
0.662
0.123899
0.279631
0.230588
0.115457
0.154159
0.363198
0.462109
0.110834
0.662
0.323384
0.134039
0.662
0.138344
0.152692
0.662
0.594527
0.0683151
0.559881
0.114059
0.248078
0.0947983
0.0892683
0.662
0.0678677
0.133353
0.662
0.217678
0.168236
0.568238
0.662
0.220819
0.189027
0.132115
0.0161744
0.123045
0.18049
0.214333
0.341059
0.31498
0.643694
0.662
0.517395
0.662
0.222936
0.212772
0.241496
0.662
0.584291
0.392592
0.603106
0.662
0.191952
0.178368
0.278965
0.104669
0.23525
0.195535
0.109403
0.234165
0.127928
0.158765
0.112339
0.253835
0.189277
0.162107
0.0865773
0.0664139
0.430292
0.662
0.269923
0.662
0.0680567
0.662
0.466549
0.662
0.662
0.124716
0.662
0.347916
0.283016
0.233073
0.252269
0.128784
0.174505
0.662
0.0219556
0.205361
0.563065
0.153978
0.161969
0.468808
0.181904
0.0944273
0.0377138
0.282747
0.418071
0.472019
0.200377
0.046983
0.662
0.154314
0.0630116
0.662
0.218574
0.662
0.150405
0.237278
0.394082
0.121507
0.218365
0.0376817
0.259649
0.456554
0.0496064
0.263187
0.0594998
0.0893978
0.24888
0.662
0.139345
0.662
0.283911
0.137695
0.23204
0.258204
0.662
0.227939
0.29562
0.100887
0.309244
0.212471
0.470831
0.662
0.434939
0.324333
0.177484
0.105088
0.662
0.212316
0.175735
0.403499
0.156078
0.0437347
0.146769
0.321317
0.662
0.662
0.187518
0.472163
0.662
0.331933
0.509004
0.172001
0.494732
0.151596
0.238023
0.506264
0.116791
0.166135
0.103289
0.0450697
0.662
0.318404
0.0787151
0.233529
0.0880488
0.134272
0.349401
0.119819
0.197669
0.188223
0.271084
0.662
0.0794355
0.662
0.629706
0.472881
0.371673
0.583545
0.122242
0.274957
0.137703
0.662
0.662
0.265901
0.261122
0.151003
0.234933
0.662
0.103005
0.244163
0.345709
0.176968
0.291403
0.662
0.04506
0.0888197
0.0639934
0.543258
0.510412
0.129599
0.0981775
0.276252
0.424381
0.243134
0.00932108
0.093571
0.163042
0.24614
0.0674565
0.19165
0.662
0.212865
0.239013
0.151685
0.174657
0.48082
0.289406
0.0893448
0.442283
0.461212
0.662
0.248743
0.0863845
0.207123
0.334433
0.0392234
0.247333
0.332484
0.216786
0.0959071
0.466058
0.2204
0.122409
0.271357
0.140045
0.622239
0.662
0.397266
0.402789
0.0562964
0.085874
0.438209
0.323915
0.163097
0.124126
0.163614
0.268546
0.0740441
0.529931
0.662
0.103014
0.622977
0.662
0.0739341
0.381212
0.662
0.0285134
0.129364
0.222615
0.451734
0.662
0.0837446
0.0967243
0.0585625
0.662
0.444514
0.048072
0.179269
0.662
0.662
0.326278
0.0215052
0.208477
0.662
0.174087
0.662
0.662
0.563959
0.0733733
0.120383
0.0669007
0.206791
0.206018
0.662
0.619983
0.247511
0.220215
0.662
0.342646
0.069385
0.164036
0.0766486
0.046463
0.359074
0.167405
0.218225
0.662
0.287559
0.108167
0.269739
0.0665745
0.285393
0.269841
0.29392
0.662
0.286159
0.10079
0.210352
0.207381
0.0918014
0.226307
0.662
0.244785
0.186883
0.0814145
0.0288315
0.0635496
0.111299
0.269093
0.46748
0.37886
0.112757
0.182568
0.0508754
0.0327433
0.0625849
0.662
0.248408
0.662
0.411129
0.128318
0.217668
0.297955
0.0796832
0.138042
0.0519664
0.290056
0.245825
0.628045
0.250063
0.171873
0.568687
0.122106
0.258818
0.325733
0.0308211
0.00891233
0.220249
0.437174
0.0678132
0.454004
0.0525922
0.184312
0.437852
0.235002
0.213338
0.272069
0.0739654
0.439552
0.402019
0.270817
0.12015
0.26304
0.0407965
0.372879
0.163726
0.437774
0.662
0.182788
0.258336
0.662
0.194404
0.371706
0.11357
0.662
0.292341
0.219743
0.174792
0.662
0.370052
0.237006
0.113302
0.364676
0.249905
0.0991433
0.272832
0.662
0.213184
0.530378
0.0604098
0.239623
0.221508
0.174188
0.0423576
0.12158
0.0554892
0.249314
0.228165
0.662
0.0787729
0.225864
0.146951
0.198659
0.139373
0.195691
0.269858
0.662
0.514263
0.316236
0.271317
0.513436
0.0666888
0.662
0.483774
0.426499
0.29204
0.218935
0.662
0.0561214
0.654257
0.20559
0.627218
0.107768
0.257144
0.0555079
0.662
0.06648
0.107011
0.662
0.309877
0.303127
0.0680133
0.200326
0.0963784
0.437115
0.302654
0.166784
0.085911
0.433833
0.662
0.352552
0.042878
0.662
0.5453
0.340161
0.662
0.319416
0.0961436
0.200459
0.0752878
0.22549
0.248317
0.332515
0.0132229
0.29125
0.222562
0.662
0.115148
0.457566
0.144176
0.541672
0.135684
0.333972
0.315883
0.252112
0.235701
0.112726
0.112369
0.662
0.662
0.125416
0.146074
0.439332
0.0363814
0.500657
0.437045
0.491879
0.662
0.154121
0.311288
0.226028
0.529596
0.205683
0.217431
0.119028
0.0695489
0.262388
0.106187
0.13153
0.0883091
0.0813224
0.0987849
0.131044
0.494566
0.0851221
0.529544
0.564984
0.662
0.0319246
0.208099
0.310354
0.662
0.344301
0.153642
0.662
0.662
0.521186
0.393665
0.297628
0.662
0.464656
0.0934
0.188705
0.170267
0.662
0.0841402
0.117281
0.179305
0.330983
0.446006
0.536092
0.662
0.355187
0.282555
0.662
0.142165
0.662
0.662
0.393789
0.360401
0.124579
0.180042
0.0699764
0.222824
0.198417
0.378903
0.174128
0.410743
0.404941
0.213168
0.188863
0.0628976
0.0607942
0.147803
0.0905306
0.295259
0.0671905
0.172709
0.380069
0.0757304
0.272404
0.141967
0.0459441
0.662
0.349505
0.0404084
0.0363237
0.465539
0.571092
0.0850471
0.40013
0.662
0.205497
0.267379
0.662
0.662
0.0851646
0.253336
0.502239
0.131656
0.352839
0.133069
0.219076
0.411103
0.244602
0.156745
0.423627
0.0999454
0.460261
0.0047733
0.377135
0.660823
0.0874908
0.20956
0.462981
0.662
0.146205
0.374999
0.056506
0.42058
0.161009
0.233175
0.210611
0.662
0.581529
0.2115
0.0106099
0.239609
0.58719
0.592484
0.454126
0.091961
0.0830576
0.180296
0.0718887
0.162712
0.206941
0.108027
0.562175
0.662
0.169326
0.317555
0.100092
0.296499
0.193222
0.178592
0.0624329
0.102993
0.162718
0.281083
0.0804243
0.183998
0.377607
0.318993
0.0680439
0.662
0.155389
0.284657
0.321155
0.370115
0.304449
0.662
0.458578
0.132439
0.662
0.662
0.0412685
0.662
0.472353
0.0672199
0.0244107
0.0583431
0.0269773
0.231057
0.662
0.149462
0.354308
0.0194726
0.0530344
0.0612762
0.0808561
0.291409
0.475204
0.335561
0.402149
0.0437948
0.239609
0.380158
0.662
0.563985
0.662
0.302029
0.0545725
0.156165
0.124684
0.457462
0.662
0.559013
0.559679
0.140352
0.245036
0.662
0.422186
0.58971
0.0579019
0.0676978
0.21518
0.1028
0.206871
0.086086
0.558509
0.128255
0.158094
0.0525548
0.098886
0.10566
0.478786
0.234592
0.201187
0.382374
0.100468
0.105965
0.662
0.662
0.276936
0.300009
0.662
0.0730066
0.252943
0.0807015
0.116048
0.307036
0.0881044
0.0941459
0.129673
0.302203
0.569267
0.662
0.0995024
0.278001
0.215751
0.574072
0.134292
0.0676118
0.662
0.0731847
0.359803
0.0565278
0.238301
0.101355
0.247071
0.179029
0.289374
0.364633
0.662
0.125349
0.193099
0.154746
0.176195
0.389872
0.662
0.0816024
0.662
0.170082
0.0608943
0.453025
0.507446
0.662
0.662
0.091961
0.323865
0.147428
0.117389
0.145459
0.662
0.459108
0.00607023
0.576488
0.101387
0.268753
0.178038
0.0529281
0.662
0.0790359
0.104572
0.408518
0.140292
0.118492
0.662
0.148485
0.259857
0.121919
0.335395
0.662
0.0325979
0.252549
0.662
0.0504774
0.233148
0.162818
0.455843
0.377935
0.44851
0.174896
0.0260381
0.262584
0.0472152
0.160931
0.114139
0.238265
0.41997
0.0897873
0.189953
0.0735001
0.290365
0.0918009
0.120507
0.178673
0.141442
0.293524
0.0141627
0.122677
0.662
0.242065
0.434976
0.159253
0.143204
0.662
0.320035
0.133256
0.0120359
0.400793
0.0967447
0.429465
0.429108
0.662
0.135929
0.0731566
0.385204
0.420967
0.101477
0.408696
0.0748538
0.339273
0.252204
0.437678
0.318486
0.139199
0.305038
0.0308552
0.612263
0.563961
0.104023
0.394022
0.1208
0.162388
0.662
0.21669
0.322423
0.0988841
0.369132
0.0598259
0.144154
0.381434
0.657838
0.662
0.202272
0.117886
0.216124
0.659328
0.28853
0.230378
0.662
0.0796725
0.0859771
0.295899
0.346705
0.438713
0.0862791
0.570266
0.517115
0.152075
0.662
0.453234
0.47153
0.137141
0.0863651
0.530335
0.0551031
0.128442
0.0605597
0.495626
0.286727
0.468835
0.0571372
0.00945729
0.662
0.452496
0.218689
0.18001
0.09015
0.197571
0.254393
0.244638
0.459397
0.404399
0.126136
0.203096
0.662
0.153891
0.240931
0.662
0.0658923
0.260111
0.144121
0.0041811
0.662
0.543271
0.103134
0.588784
0.662
0.370217
0.0672487
0.515851
0.258947
0.205963
0.111354
0.426266
0.0997317
0.15762
0.323329
0.342436
0.0771033
0.181081
0.0341462
0.118638
0.0946737
0.316103
0.316774
0.089742
0.102297
0.103786
0.414004
0.201127
0.0827936
0.210167
0.0619345
0.454296
0.239683
0.632134
0.629814
0.0710715
0.13221
0.279307
0.159904
0.358125
0.143378
0.378043
0.221853
0.179161
0.662
0.243851
0.0332902
0.220537
0.571192
0.130531
0.022921
0.424574
0.662
0.250763
0.334483
0.280259
0.0455048
0.662
0.213348
0.0569963
0.503824
0.150904
0.0819177
0.113681
0.427265
0.540438
0.543195
0.15867
0.235726
0.521792
0.662
0.389016
0.286083
0.662
0.404508
0.273513
0.662
0.165186
0.0782907
0.171827
0.365464
0.222957
0.178886
0.662
0.516712
0.662
0.106335
0.04983
0.662
0.000764612
0.662
0.155185
0.186622
0.0978477
0.224916
0.580312
0.475193
0.197086
0.0956762
0.19733
0.199957
0.498659
0.633391
0.151101
0.0813929
0.112622
0.51848
0.185953
0.630256
0.182899
0.0648185
0.0156071
0.300023
0.422715
0.243408
0.662
0.349869
0.392478
0.223973
0.169353
0.0956777
0.486888
0.194129
0.321879
0.230729
0.206624
0.662
0.623303
0.179331
0.304611
0.662
0.575283
0.662
0.254286
0.196825
0.145395
0.17714
0.653373
0.662
0.31886
0.119468
0.662
0.271551
0.137232
0.662
0.408749
0.303579
0.171737
0.156296
0.662
0.207534
0.0969073
0.228762
0.158279
0.124868
0.0147365
0.662
0.175592
0.252678
0.204556
0.662
0.321906
0.046913
0.278342
0.148015
0.304451
0.662
0.0808472
0.180893
0.0470776
0.087026
0.0842729
0.17486
0.662
0.392193
0.000326754
0.162309
0.0860105
0.327046
0.470625
0.662
0.17794
0.20941
0.261183
0.188685
0.163957
0.330612
0.345196
0.0296172
0.150522
0.311721
0.0631434
0.0091084
0.0501434
0.0347476
0.247174
0.338275
0.532049
0.127752
0.0600131
0.0959371
0.308447
0.4143
0.474899
0.510389
0.250739
0.662
0.24107
0.071138
0.662
0.662
0.662
0.556153
0.102411
0.192272
0.181959
0.662
0.0611392
0.265562
0.276905
0.662
0.11754
0.315547
0.522062
0.332335
0.233598
0.0857199
0.136313
0.128028
0.662
0.662
0.4875
0.190148
0.576087
0.122852
0.554839
0.123236
0.0612483
0.0393378
0.438597
0.152898
0.244933
0.049492
0.192645
0.24317
0.612678
0.102492
0.0693731
0.205409
0.662
0.427429
0.163705
0.662
0.326295
0.441076
0.149735
0.267222
0.283958
0.572097
0.170083
0.140021
0.163509
0.434013
0.257596
0.20234
0.253159
0.115015
0.295959
0.102237
0.120887
0.348665
0.172377
0.284411
0.084981
0.0798338
0.211563
0.269691
0.258567
0.0683357
0.506364
0.389017
0.425801
0.662
0.662
0.358348
0.00012677
0.662
0.248002
0.662
0.106076
0.260961
0.0967022
0.662
0.0416973
0.464414
0.182323
0.281139
0.405654
0.113507
0.370067
0.151666
0.662
0.180811
0.141697
0.635807
0.420027
0.427737
0.220255
0.662
0.123053
0.231592
0.154739
0.336329
0.0805364
0.398333
0.161854
0.662
0.240443
0.137192
0.662
0.326658
0.0594293
0.390831
0.662
0.238626
0.122451
0.662
0.326351
0.0901638
0.0275722
0.550868
0.377609
0.397611
0.0789183
0.00444294
0.662
0.176864
0.144728
0.127704
0.118278
0.122211
0.1258
0.340102
0.0839679
0.620526
0.662
0.00777328
0.457486
0.105095
0.044122
0.161568
0.206045
0.662
0.303165
0.303862
0.662
0.662
0.220672
0.397627
0.104878
0.200979
0.41238
0.061745
0.566438
0.292496
0.662
0.644717
0.0570137
0.662
0.251799
0.261537
0.0944213
0.20041
0.110543
0.259404
0.662
0.662
0.0278285
0.172343
0.039201
0.141967
0.281693
0.0919433
0.124419
0.0643692
0.121251
0.662
0.457593
0.113611
0.536669
0.126633
0.0744962
0.304145
0.200086
0.296899
0.198295
0.124223
0.4597
0.212572
0.144452
0.111788
0.221517
0.210605
0.136127
0.0552275
0.158673
0.388531
0.662
0.662
0.662
0.181464
0.356222
0.315076
0.314906
0.141861
0.378614
0.567461
0.319217
0.334598
0.211751
0.100818
0.420596
0.10121
0.566159
0.177278
0.0500508
0.662
0.15279
0.341249
0.64442
0.108875
0.137739
0.305321
0.171738
0.0233482
0.109388
0.177771
0.188609
0.142263
0.299501
0.157106
0.210538
0.419641
0.150154
0.494149
0.593292
0.160444
0.536797
0.0895704
0.0551719
0.50291
0.564092
0.0414795
0.223222
0.199607
0.109835
0.116534
0.319593
0.662
0.314484
0.146474
0.407601
0.0359997
0.191779
0.217116
0.0530845
0.0773651
0.129817
0.0597632
0.662
0.24559
0.567486
0.662
0.315079
0.452714
0.436783
0.387991
0.408012
0.135851
0.662
0.0350908
0.445968
0.106237
0.385661
0.16472
0.347261
0.198173
0.207898
0.154749
0.0841926
0.559004
0.477217
0.645653
0.662
0.306379
0.0780369
0.375213
0.195836
0.350878
0.662
0.560443
0.247483
0.175158
0.283311
0.0805058
0.207048
0.379563
0.662
0.132859
0.0509325
0.440234
0.100499
0.112906
0.0350472
0.132395
0.407193
0.0537704
0.0842438
0.31793
0.662
0.169238
0.662
0.642319
0.0818398
0.184052
0.165529
0.243027
0.0551109
0.182432
0.0234363
0.662
0.0572569
0.0982601
0.662
0.662
0.0799796
0.501273
0.224463
0.161368
0.562919
0.200126
0.194111
0.00976104
0.276382
0.527729
0.248014
0.394185
0.142655
0.138134
0.294747
0.402091
0.208579
0.153997
0.121537
0.470325
0.0322966
0.278718
0.662
0.198233
0.611445
0.146732
0.191638
0.464228
0.662
0.662
0.212798
0.662
0.662
0.662
0.274179
0.662
0.244821
0.63718
0.662
0.253184
0.0300548
0.191773
0.254373
0.0702875
0.121133
0.109452
0.103748
0.662
0.0880905
0.471449
0.134691
0.662
0.401042
0.339587
0.0397411
0.662
0.612878
0.124495
0.142008
0.0611003
0.136667
0.358754
0.274156
0.662
0.0663103
0.174387
0.0257804
0.425592
0.291114
0.128698
0.112659
0.107286
0.30457
0.127175
0.270664
0.20381
0.166169
0.248964
0.0268444
0.0306965
0.285545
0.662
0.323854
0.527352
0.662
0.662
0.307419
0.0650826
0.610677
0.0940959
0.160373
0.0981647
0.19275
0.231283
0.242786
0.662
0.662
0.176515
0.0214257
0.391526
0.143422
0.138695
0.142409
0.0421501
0.539027
0.0795774
0.212589
0.454274
0.662
0.134086
0.255784
0.0971431
0.346762
0.153984
0.158535
0.150969
0.0798272
0.224489
0.261117
0.100682
0.147682
0.0294816
0.45271
0.25544
0.0823132
0.573977
0.107474
0.184069
0.225973
0.126246
0.662
0.0258477
0.411954
0.293323
0.4176
0.22711
0.662
0.543667
0.187696
0.262401
0.10468
0.662
0.404408
0.46787
0.662
0.134238
0.0215487
0.13986
0.0509019
0.55442
0.213774
0.497035
0.0120185
0.390042
0.215053
0.0343534
0.500703
0.662
0.239794
0.607366
0.662
0.607432
0.34325
0.553638
0.662
0.0711182
0.371246
0.211817
0.179397
0.0836708
0.662
0.175587
0.246318
0.527707
0.483234
0.155448
0.0685712
0.0573579
0.195001
0.179879
0.089024
0.200081
0.565938
0.12884
0.182882
0.109277
0.662
0.224276
0.662
0.0811145
0.21976
0.131023
0.293786
0.205803
0.352504
0.286524
0.426481
0.282919
0.192707
0.662
0.063564
0.162108
0.197209
0.154265
0.150255
0.0331619
0.292065
0.0690173
0.662
0.465092
0.323177
0.0543356
0.38408
0.314582
0.0775134
0.662
0.10955
0.662
0.120147
0.228108
0.0687764
0.662
0.424124
0.161905
0.322125
0.418974
0.228401
0.493843
0.541435
0.09346
0.585873
0.163312
0.128815
0.0561862
0.207673
0.151879
0.365448
0.487569
0.150229
0.086231
0.0616555
0.29359
0.143941
0.432064
0.160105
0.398853
0.149886
0.208326
0.662
0.213418
0.381182
0.117934
0.337955
0.390268
0.662
0.118197
0.282938
0.106156
0.465476
0.223098
0.427102
0.169616
0.272388
0.662
0.247901
0.411745
0.662
0.495699
0.188042
0.211223
0.254385
0.095143
0.135275
0.662
0.101023
0.348899
0.332354
0.134546
0.113866
0.269798
0.126035
0.304415
0.411497
0.172987
0.169132
0.662
0.115279
0.139322
0.103018
0.662
0.07697
0.414568
0.165906
0.50333
0.662
0.245068
0.310826
0.209086
0.175852
0.662
0.0445475
0.230502
0.11662
0.662
0.260956
0.0352921
0.662
0.120225
0.199341
0.662
0.144634
0.362763
0.211705
0.37346
0.129857
0.382131
0.16432
0.1178
0.378082
0.279681
0.116047
0.0261241
0.561032
0.330617
0.662
0.238928
0.214978
0.375813
0.261509
0.134208
0.0987304
0.124187
0.0354519
0.262195
0.0525054
0.244905
0.662
0.0786536
0.25322
0.213466
0.104038
0.294094
0.122226
0.101791
0.398597
0.0940476
0.662
0.172529
0.00863262
0.0779406
0.662
0.090892
0.136029
0.0824586
0.224403
0.662
0.662
0.210786
0.293996
0.662
0.440084
0.153283
0.662
0.172459
0.315472
0.148014
0.662
0.422654
0.233055
0.140604
0.147044
0.253749
0.220022
0.124995
0.643238
0.662
0.168842
0.357068
0.155027
0.662
0.212028
0.0589789
0.0842188
0.662
0.262555
0.662
0.595384
0.0857632
0.662
0.662
0.147232
0.662
0.662
0.465861
0.076981
0.662
0.357506
0.0709076
0.341838
0.662
0.514248
0.558807
0.0586361
0.253065
0.184591
0.18562
0.0438041
0.223272
0.469142
0.102349
0.439754
0.384916
0.139238
0.453037
0.163007
0.0769807
0.565707
0.245285
0.662
0.250346
0.120221
0.154565
0.267535
0.268465
0.0932019
0.14159
0.0946971
0.295204
0.250632
0.219859
0.662
0.463098
0.209308
0.279323
0.127563
0.112091
0.307917
0.441184
0.315002
0.284733
0.182919
0.238551
0.348476
0.424102
0.0306995
0.662
0.662
0.405774
0.0282946
0.111286
0.662
0.228086
0.30593
0.6272
0.307106
0.222897
0.509389
0.0489129
0.0943609
0.452162
0.662
0.167298
0.0699911
0.0739913
0.0806919
0.122748
0.123296
0.662
0.210848
0.0497808
0.126893
0.245111
0.241983
0.398485
0.0777134
0.366183
0.121004
0.214818
0.473006
0.101936
0.235246
0.0956412
0.662
0.662
0.662
0.325965
0.13541
0.328197
0.662
0.662
0.261415
0.662
0.0212019
0.176995
0.0544089
0.140178
0.662
0.662
0.212659
0.318632
0.585785
0.2006
0.3585
0.299591
0.643606
0.20044
0.662
0.147098
0.662
0.164732
0.274249
0.262691
0.0705935
0.184816
0.429518
0.274474
0.129877
0.31726
0.0621732
0.423003
0.117808
0.648155
0.152772
0.117595
0.434372
0.132479
0.0616878
0.26074
0.460258
0.112221
0.662
0.0439759
0.662
0.662
0.163174
0.0144545
0.020124
0.0989435
0.662
0.111522
0.662
0.12437
0.662
0.662
0.273069
0.355809
0.382135
0.163385
0.196642
0.200537
0.390538
0.0457676
0.0546525
0.0536362
0.00904646
0.162171
0.578163
0.312369
0.0908067
0.366848
0.662
0.398037
0.231754
0.0902627
0.12231
0.290499
0.248486
0.0842448
0.662
0.220405
0.418068
0.662
0.0871392
0.173321
0.218506
0.0226684
0.0886906
0.107635
0.309611
0.281283
0.553688
0.337904
0.0295624
0.0937688
0.604334
0.0820484
0.156377
0.0571035
0.274799
0.662
0.209228
0.490138
0.257889
0.462139
0.662
0.0810743
0.405809
0.147295
0.182954
0.14694
0.175071
0.662
0.180693
0.0565022
0.582615
0.394612
0.524865
0.0464658
0.319543
0.0566355
0.105519
0.0230448
0.662
0.246197
0.16607
0.26335
0.199765
0.173044
0.0570787
0.531889
0.662
0.0359635
0.590043
0.6366
0.662
0.106968
0.207603
0.492985
0.549918
0.662
0.204724
0.203665
0.302578
0.0576626
0.104764
0.216391
0.368787
0.0996747
0.0711587
0.205707
0.189085
0.323525
0.0951505
0.662
0.322884
0.286365
0.338469
0.11924
0.0964468
0.0728246
0.662
0.662
0.559254
0.509622
0.451769
0.662
0.114621
0.267554
0.154178
0.421898
0.0810164
0.321272
0.310774
0.129102
0.137396
0.259342
0.263774
0.104237
0.662
0.308388
0.295298
0.107235
0.274568
0.386098
0.131898
0.442556
0.0160141
0.0811007
0.516402
0.271892
0.345383
0.194574
0.387206
0.150622
0.629076
0.662
0.662
0.160368
0.085903
0.165626
0.412798
0.171618
0.228761
0.0150694
0.605499
0.662
0.00870447
0.597401
0.453211
0.263835
0.0382584
0.0741119
0.662
0.0278999
0.127162
0.535264
0.147873
0.106456
0.232379
0.453033
0.129007
0.352535
0.107913
0.0622963
0.576027
0.12786
0.546828
0.340141
0.478182
0.107068
0.259507
0.323322
0.184201
0.455822
0.17759
0.252684
0.205327
0.47467
0.036197
0.300411
0.450477
0.6007
0.314825
0.286382
0.170869
0.304217
0.126128
0.662
0.0926525
0.0553213
0.274546
0.282377
0.205868
0.657761
0.126255
0.129293
0.32358
0.152035
0.39872
0.471451
0.200991
0.342728
0.0774291
0.372241
0.200783
0.662
0.171484
0.400403
0.143955
0.00894989
0.662
0.197869
0.191518
0.339169
0.570688
0.602684
0.0536479
0.093221
0.662
0.109409
0.164387
0.0887401
0.23441
0.310568
0.157051
0.126898
0.217206
0.251735
0.395647
