0.174587
0.0570256
0.154951
0.537194
0.299118
0.116281
0.114174
0.662
0.662
0.309133
0.196574
0.135763
0.533944
0.662
0.662
0.662
0.105734
0.595503
0.662
0.662
0.261443
0.509425
0.578479
0.639884
0.474409
0.62292
0.154736
0.662
0.231451
0.262169
0.190126
0.317271
0.409102
0.287907
0.0620672
0.537587
0.0388777
0.410549
0.50947
0.470668
0.662
0.248272
0.0611806
0.219408
0.212066
0.491757
0.00612641
0.173974
0.474575
0.00327201
0.23172
0.46748
0.233337
0.376488
0.108641
0.0407764
0.160713
0.662
0.161738
0.662
0.16674
0.0898998
0.0368617
0.657105
0.225858
0.153504
0.00409796
0.653674
0.556455
0.279423
0.0465234
0.445495
0.0543598
0.198896
0.190732
0.302372
0.421294
0.17864
0.662
0.614291
0.295013
0.662
0.519706
0.362826
0.165828
0.2697
0.115792
0.204998
0.430723
0.619306
0.645058
0.291834
0.586825
0.202256
0.0625228
0.453392
0.115715
0.557279
0.0530838
0.339362
0.662
0.487397
0.407874
0.147994
0.414866
0.288205
0.207627
0.0345463
0.223298
0.503941
0.21806
0.151314
0.39906
0.363352
0.136851
0.52644
0.139598
0.133337
0.662
0.258971
0.206356
0.417303
0.19691
0.459532
0.267432
0.108914
0.662
0.296519
0.313427
0.263091
0.662
0.261534
0.0674726
0.0485095
0.100042
0.662
0.239244
0.662
0.0881658
0.576441
0.00364785
0.495329
0.278851
0.223783
0.200287
0.511077
0.0865631
0.120221
0.332021
0.662
0.0530556
0.182552
0.171401
0.0918687
0.0533207
0.327316
0.542218
0.662
0.10733
0.452654
0.454196
0.23879
0.472672
0.0804821
0.138556
0.215635
0.145103
0.0579762
0.662
0.187576
0.450161
0.218465
0.490901
0.228574
0.254339
0.166899
0.105222
0.362975
0.322494
0.076094
0.177114
0.0946712
0.298418
0.430337
0.130926
0.613736
0.635505
0.109406
0.348012
0.640616
0.611745
0.131846
0.0603154
0.234166
0.29306
0.0253533
0.368634
0.662
0.551345
0.366477
0.373937
0.300885
0.0536765
0.105004
0.662
0.227985
0.103839
0.106164
0.662
0.0757294
0.130179
0.0637685
0.0649763
0.662
0.17591
0.149998
0.177468
0.088578
0.213161
0.0866253
0.275168
0.610296
0.662
0.501995
0.0287348
0.119381
0.029274
0.288893
0.223922
0.0778245
0.600558
0.0774733
0.335826
0.662
0.1559
0.229878
0.0675698
0.480948
0.551119
0.372955
0.433885
0.408173
0.30808
0.0524113
0.504155
0.501568
0.326843
0.0891992
0.0400988
0.244321
0.499373
0.308202
0.301688
0.290385
0.163295
0.0977171
0.160857
0.115261
0.194803
0.0434233
0.565624
0.222164
0.366327
0.0402988
0.233083
0.0222865
0.662
0.133926
0.413807
0.0735029
0.106141
0.316999
0.47029
0.0807927
0.133941
0.162874
0.662
0.322528
0.26284
0.323841
0.0572533
0.211658
0.221825
0.662
0.268245
0.376933
0.116222
0.35486
0.132169
0.555576
0.168024
0.0480621
0.0715724
0.662
0.200255
0.531776
0.457085
0.191348
0.090542
0.0233525
0.601226
0.0399502
0.662
0.0278503
0.662
0.0668805
0.143306
0.224161
0.359336
0.311486
0.0442815
0.155724
0.604176
0.138277
0.312394
0.662
0.611991
0.347196
0.507969
0.499267
0.303411
0.214301
0.126951
0.290088
0.222695
0.380904
0.43576
0.624579
0.0754237
0.362211
0.161886
0.159849
0.589482
0.662
0.613589
0.174247
0.662
0.298069
0.322406
