0.205885
0.662
0.0524113
0.50947
0.0752974
0.191348
0.0881658
0.662
0.228574
0.299118
0.116281
0.639884
0.207627
0.662
0.218465
0.24392
0.119381
0.348012
0.261534
0.147994
0.62292
0.662
0.662
0.662
0.347196
0.373937
0.434664
0.474575
0.134141
0.126951
0.225858
0.150635
0.595503
0.0371292
0.108914
0.17591
0.298069
0.300885
0.662
0.462817
0.231451
0.662
0.606035
0.490901
0.662
0.317271
0.519706
0.501995
0.0891992
0.279423
0.182552
0.154736
0.662
0.168024
0.223783
0.233083
0.0253533
0.433885
0.174247
0.368634
0.261443
0.509425
0.229761
0.624579
0.230019
0.182928
0.662
0.472672
0.200287
0.621104
0.303411
0.112374
0.155912
0.164237
0.613589
0.427077
0.0530838
0.215635
0.225548
0.254189
0.161886
0.0774733
0.453392
0.090542
0.322406
0.108641
0.116222
0.0865631
0.662
0.102562
0.611745
0.248207
0.273636
0.0620672
0.173974
0.362826
0.0306213
0.133941
0.029274
0.288893
0.139608
0.501568
0.00327201
0.0353569
0.551345
0.491757
0.658323
0.0948537
0.224161
0.105734
0.0674726
0.308202
0.557279
0.16674
0.555576
0.454196
0.0531026
0.130424
0.0804821
0.159849
0.208542
0.410549
0.109406
0.23172
0.0737952
0.329138
0.0778245
0.662
0.204998
0.328286
0.0904583
0.1559
0.414866
0.311486
0.0898998
0.0399502
0.445495
0.0533207
0.662
0.104953
0.0504209
0.158353
0.551119
0.613736
0.131846
0.23879
0.662
0.533944
0.662
0.139598
0.00612641
0.0735029
0.0625228
0.662
0.00664993
0.662
0.380904
0.662
0.0603154
0.103839
0.601226
0.322528
0.134498
0.662
0.610296
0.214301
0.376933
0.233337
0.430723
0.409102
0.589482
0.105877
0.0866253
0.0871892
0.421294
0.363352
0.244736
0.0612556
0.0905845
0.160421
0.46748
0.198896
0.291834
0.35486
0.504155
0.507969
0.662
0.662
0.511077
0.662
0.151314
0.537194
0.662
0.556455
0.0668805
0.347303
0.0754237
0.362211
0.0434233
0.586825
0.339362
0.408173
0.376488
0.263091
0.0867836
0.0946712
0.662
0.662
0.248272
0.275818
0.160713
0.160857
0.30808
0.662
0.188581
0.154951
0.145103
0.662
0.662
0.600558
0.133959
0.106164
0.133431
0.0170052
0.0807927
0.499373
0.645058
0.185082
0.295013
0.662
0.131578
0.262169
0.202256
0.219408
0.171401
0.0918687
0.628655
0.474409
0.105222
0.200255
0.332021
0.00364785
0.487397
0.139201
0.0611806
0.662
0.220666
0.278851
0.190732
0.302372
0.0669071
0.0225435
0.245567
0.611991
0.206356
0.662
0.0637685
0.213161
0.499267
0.495329
0.287104
0.417303
0.186437
0.216186
0.222164
0.614291
0.653674
0.2697
0.149998
0.0579762
0.119333
0.662
0.298418
0.430337
0.211658
0.221825
0.313427
0.312394
0.130179
0.135763
0.133926
0.18716
0.662
0.161738
0.222695
0.362975
0.26284
0.10733
0.212066
0.106141
0.105004
0.269712
0.223298
0.662
0.635505
0.234166
0.0675698
0.480948
0.0563513
0.366477
0.194803
0.0480621
0.0186538
0.165828
0.130926
0.459532
0.457085
0.662
0.619306
0.19691
0.309133
