0.662
0.422982
0.407016
0.44122
0.063873
0.296014
0.662
0.24452
0.127682
0.275235
0.457962
0.222855
0.662
0.376928
0.320209
0.192618
0.0954643
0.662
0.0901751
0.219543
0.240863
0.662
0.0433273
0.194465
0.219536
0.584008
0.662
0.161959
0.456877
0.0634885
0.148812
0.206933
0.662
0.321237
0.217552
0.0333674
0.662
0.319759
0.334307
0.21854
0.110163
0.154215
0.662
0.0788914
0.662
0.408008
0.0455225
0.194089
0.662
0.450314
0.260208
0.276127
0.307731
0.0501528
0.662
0.662
0.259602
0.0989869
0.662
0.327726
0.433397
0.588033
0.360056
0.377963
0.519073
0.247384
0.662
0.0457831
0.0485969
0.211834
0.322777
0.236483
0.0784692
0.662
0.299048
0.662
0.572354
0.459064
0.343496
0.176664
0.212297
0.113789
0.662
0.662
0.165387
0.662
0.0801078
0.662
0.163076
0.133092
0.141063
0.662
0.369889
0.304492
0.662
0.662
0.662
0.00809968
0.231804
0.662
0.0668237
0.662
0.0773186
0.243337
0.662
0.0278619
0.28987
0.366732
0.335177
0.662
0.571212
0.351853
0.151861
0.384348
0.483484
0.662
0.662
0.46553
0.662
0.238515
0.311509
0.44912
0.50019
0.0524157
0.662
0.662
0.321889
0.053137
0.267049
0.662
0.350076
0.662
0.309842
0.190741
0.0998921
0.662
0.662
0.662
0.60411
0.05295
0.0594653
0.412561
0.410131
0.662
0.00935011
0.662
0.155245
0.293386
0.234527
0.188347
0.662
0.187849
0.319305
0.220402
0.0521106
0.158435
0.662
0.378879
0.662
0.1066
0.520912
0.662
0.251097
0.662
0.662
0.0344142
0.236952
0.229351
0.157924
0.662
0.57643
0.662
0.662
0.12343
0.627044
0.270335
0.452235
0.238082
0.146865
0.662
0.662
0.662
0.662
0.38994
0.298858
0.0863975
0.417987
0.382331
0.228875
0.662
0.662
0.218267
0.471655
0.420799
0.212926
0.331141
0.662
0.0370608
0.3113
0.511299
0.204169
0.477076
0.0738148
0.662
0.223483
0.322513
0.662
0.662
0.10173
0.662
0.224527
0.647715
0.263535
0.0809484
0.395434
0.646767
0.662
0.662
0.244346
0.024791
0.662
0.394891
0.662
0.662
0.210856
0.662
0.662
0.227465
0.662
0.192305
0.662
0.0107831
0.0837286
0.186935
0.249223
0.114698
0.662
0.434583
0.662
0.253673
0.0484927
0.120627
0.222608
0.47727
0.662
0.662
0.151015
0.331594
0.0358347
0.0344159
0.467626
0.221557
0.662
0.42854
0.170138
0.0936376
0.413951
0.398854
0.341229
0.417626
0.0463662
0.296043
0.204436
0.6453
0.120157
0.662
0.268285
0.662
0.440266
0.0246948
0.662
0.662
0.286247
0.257141
0.336036
0.241338
0.662
0.42689
0.257712
0.208031
0.275575
0.662
0.662
0.00654137
0.348739
0.656107
0.662
0.260369
0.662
0.662
0.662
0.436766
0.0577268
0.467982
0.0298118
0.495507
0.662
0.188906
0.406437
0.662
0.662
0.662
0.662
0.24231
0.480506
0.576369
0.192203
0.17522
0.259454
0.33669
0.14553
0.662
0.662
0.662
0.662
0.662
0.662
0.0876737
0.0460398
0.150652
0.476283
0.192979
0.662
0.251778
0.662
0.177846
0.0171085
0.190057
0.283077
0.662
0.234131
0.455157
0.0137777
0.158645
0.101208
0.662
0.662
0.662
0.662
0.662
0.0110413
0.662
0.167323
0.3821
0.0717407
0.662
0.662
0.662
0.662
0.662
0.662
0.433009
0.151983
0.201336
0.442753
0.307446
0.248183
0.502342
0.286735
0.662
0.662
0.188273
0.0673605
0.0486766
0.262255
0.309911
0.0459534
0.30074
0.0729696
0.338933
0.189141
0.635458
0.00694161
0.232231
0.662
0.454077
0.294922
0.0901462
0.056682
0.00479093
0.169083
0.0769189
0.662
0.662
0.662
0.662
0.662
0.127482
0.158532
0.662
0.0141506
0.662
0.662
0.149996
0.422013
0.662
0.662
0.36301
0.197591
0.113428
0.202032
0.431953
0.662
0.292327
0.508174
0.0474579
0.151321
0.317466
0.436657
0.296539
0.315844
0.18909
0.662
0.259084
0.662
0.0736101
0.334419
0.0638696
0.662
0.141322
0.435116
0.662
0.662
0.146922
0.662
0.662
0.247201
0.290769
0.141363
0.351663
0.297704
0.192756
0.360352
0.662
0.662
0.315765
0.662
0.662
0.100039
0.662
0.256889
0.662
0.0485924
0.325154
0.662
0.662
0.111641
0.662
0.0391509
0.662
0.0276633
0.400554
0.293482
0.398206
0.662
0.662
0.0176836
0.0897028
0.662
0.662
0.662
0.424784
0.576849
0.44988
0.277097
0.26035
0.177636
0.0919496
0.662
0.44227
0.182277
0.472832
0.662
0.116398
0.662
0.662
0.662
0.454039
0.662
0.662
0.470111
0.662
0.034585
0.662
0.447183
0.465724
0.111293
0.42049
0.252781
0.161011
0.240626
0.662
0.220379
0.417797
0.468247
0.662
0.662
0.662
0.662
0.662
0.323981
0.279659
0.662
0.47561
0.279109
0.662
0.00374738
0.222762
0.309368
0.439221
0.285314
0.166742
0.662
0.0597389
0.662
0.076726
0.371692
0.565679
0.662
0.662
0.0792431
0.173958
0.079064
0.114193
0.662
0.424846
0.114477
0.191335
0.185521
0.380977
0.662
0.662
0.191346
0.490907
0.662
0.143212
0.0642217
0.371396
0.411365
0.662
0.102004
0.205117
0.662
0.662
0.662
0.662
0.238739
0.662
0.662
0.352197
0.662
0.0199421
0.662
0.211302
0.662
0.662
0.662
0.662
0.38601
0.0206988
0.662
0.662
0.111093
0.662
0.283289
0.662
0.143504
0.20607
0.178488
0.662
0.186867
0.255825
0.662
0.410634
0.393917
0.102147
0.662
0.662
0.662
0.350652
0.662
0.662
0.087903
0.0332479
0.662
0.662
0.662
0.662
0.39621
0.401052
0.662
0.233698
0.0887669
0.662
0.662
0.33721
0.662
0.462508
0.437581
0.149542
0.662
0.662
0.169474
0.406847
0.000548935
0.662
0.316826
0.21164
0.419386
0.57784
0.1112
0.662
0.405281
0.662
0.397299
0.0679981
0.359132
0.0265016
0.2226
0.467952
0.183059
0.415802
0.662
0.00791753
0.17775
0.12374
0.310432
0.662
0.392368
0.47031
0.401161
0.0098895
0.243481
0.161626
0.377467
0.662
0.662
0.662
0.303972
0.0228891
0.119709
0.662
0.052834
0.662
0.111478
0.600321
0.55806
0.662
0.662
0.662
0.662
0.505169
0.267284
0.499992
0.0301976
0.633391
0.0659001
0.508718
0.662
0.393991
0.251424
0.227978
0.517398
0.662
0.662
0.0837634
0.45338
0.662
0.662
0.633391
0.451204
0.19637
0.365631
0.662
0.487165
0.38885
0.282725
0.447337
0.662
0.662
0.286305
0.263276
0.0705168
0.545459
0.662
0.135598
0.0956093
0.208776
0.352162
0.662
0.662
0.662
0.27653
0.0181053
0.16131
0.0465901
0.569113
0.662
0.283359
0.174282
0.0598144
0.021356
0.662
0.662
0.230993
0.662
0.463992
0.132021
0.316956
0.157875
0.165477
0.662
0.662
0.662
0.195133
0.245975
0.398326
0.378269
0.178614
0.662
0.121638
0.46098
0.10161
0.352324
0.138642
0.404323
0.270562
0.391178
0.213887
0.0106207
0.186792
0.235429
0.10632
0.384764
0.662
0.257781
0.554277
0.342152
0.152403
0.0591866
0.486509
0.298126
0.216705
0.0424963
0.662
0.341323
0.0648663
0.203976
0.662
0.662
0.662
0.662
0.491129
0.662
0.289344
0.148987
0.00873532
0.662
0.662
0.176582
0.360345
0.265668
0.662
0.444036
0.182044
0.38051
0.478823
0.646801
0.662
0.195099
0.376581
0.217513
0.662
0.250269
0.24618
0.662
0.662
0.662
0.241247
0.334644
0.0520647
0.415964
0.165846
0.181589
0.31207
0.22538
0.662
0.383332
0.343067
0.662
0.164405
0.142577
0.230473
0.0282686
0.662
0.662
0.357363
0.327307
0.04023
0.31758
0.0049843
0.444322
0.662
0.418515
0.130762
0.31915
0.457591
0.198246
0.662
0.118143
0.207522
0.383681
0.260905
0.662
0.662
0.662
0.662
0.662
0.158124
0.177155
0.662
0.4389
0.544333
0.662
0.637111
0.150557
0.257064
0.662
0.536559
0.662
0.264609
0.345194
0.662
0.27183
0.368586
0.444769
0.662
0.203209
0.304408
0.662
0.308034
0.260121
0.197088
0.134888
0.471756
0.662
0.662
0.662
0.39197
0.386769
0.0150164
0.662
0.662
0.662
0.321804
0.662
0.662
0.662
0.415117
0.662
0.0211071
0.662
0.252464
0.520053
0.288934
0.0495643
0.662
0.431786
0.366925
0.662
0.287098
0.366511
0.662
0.486083
0.156437
0.230001
0.662
0.662
0.349811
0.662
0.662
0.431223
0.216651
0.261878
0.662
0.526967
0.520249
0.662
0.662
0.0789836
0.0729457
0.662
0.662
0.142436
0.177221
0.662
0.191012
0.121757
0.662
0.662
0.289884
0.287037
0.662
0.662
0.289173
0.589085
0.662
0.662
0.406473
0.138485
0.22709
0.662
0.199019
0.272409
0.662
0.662
0.201559
0.364924
0.00352779
0.662
0.546198
0.133798
0.662
0.0996162
0.662
0.133307
0.113087
0.151626
0.0888759
0.662
0.414731
0.662
0.0806697
0.662
0.384967
0.662
0.508917
0.662
0.626302
0.119906
0.0394394
0.662
0.662
0.662
0.191958
0.662
0.0102427
0.334492
0.21034
0.275857
0.247185
0.544677
0.329046
0.105817
0.662
0.134103
0.101855
0.20774
0.662
0.191048
0.0220581
0.268098
0.662
0.597892
0.264184
0.364821
0.574698
0.662
0.274979
0.662
0.463883
0.436571
0.135114
0.397467
0.662
0.289793
0.2596
0.0756167
0.165959
0.662
0.394611
0.0030205
0.188774
0.662
0.266136
0.26446
0.181755
0.137804
0.022732
0.64521
0.662
0.662
0.00305391
0.399877
0.662
0.198724
0.0800108
0.0788801
0.0529501
0.500356
0.662
0.147875
0.130104
0.457149
0.326773
0.338368
0.662
0.662
0.16874
0.187973
0.0906114
0.0796488
0.368964
0.662
0.426107
0.662
0.036644
0.662
0.227919
0.662
0.334718
0.265127
0.0904296
0.210514
0.0464809
0.225625
0.662
0.021211
0.17353
0.302193
0.461596
0.662
0.662
0.18706
0.550369
0.142474
0.126494
0.662
0.00449601
0.233175
0.234512
0.662
0.312282
0.662
0.0374543
0.091509
0.662
0.662
0.662
0.243531
0.402234
0.0826436
0.259678
0.662
0.108401
0.0690381
0.173407
0.662
0.0446536
0.381699
0.511527
0.662
0.25527
0.213116
0.306555
0.410584
0.338857
0.662
0.506433
0.0751425
0.454081
0.528947
0.662
0.662
0.405664
0.132389
0.0955214
0.662
0.146467
0.230157
0.662
0.294403
0.152985
0.00867669
0.662
0.204228
0.222576
0.662
0.497496
0.662
0.170926
0.207092
0.145925
0.111706
0.196822
0.662
0.161397
0.0754357
0.42709
0.202167
0.403235
0.387511
0.512702
0.507206
0.662
0.386046
0.0758424
0.662
0.322109
0.662
0.662
0.455286
0.19768
0.251395
0.21757
0.662
0.0453251
0.662
0.24181
0.662
0.38018
0.276847
0.662
0.0401349
0.314938
0.576839
0.255756
0.08301
0.662
0.662
0.465612
0.168452
0.662
0.377876
0.0843335
0.402223
0.662
0.662
0.197517
0.662
0.0328373
0.0478694
0.234023
0.662
0.662
0.443139
0.662
0.0125581
0.386305
0.234384
0.451709
0.662
0.20071
0.274814
0.0346101
0.662
0.0405059
0.662
0.206129
0.165999
0.662
0.28421
0.238188
0.350578
0.662
0.231554
0.662
0.014897
0.147538
0.405335
0.152231
0.377544
0.0275946
0.662
0.662
0.662
0.0251403
0.662
0.662
0.662
0.662
0.347966
0.39567
0.514232
0.662
0.662
0.205769
0.0783974
0.153007
0.662
0.280332
0.662
0.184987
0.171393
0.0335381
0.662
0.0881259
0.263961
0.00737542
0.662
0.662
0.662
0.662
0.287846
0.662
0.381523
0.415121
0.400361
0.662
0.662
0.54563
0.379174
0.662
0.600637
0.662
0.662
0.31438
0.476508
0.244142
0.252777
0.0994974
0.400199
0.662
0.662
0.496158
0.662
0.128908
0.662
0.566338
0.662
0.466814
0.486679
0.16079
0.662
0.37338
0.0987988
0.662
0.040261
0.20151
0.662
0.662
0.662
0.469774
0.662
0.209276
0.662
0.451586
0.196694
0.275486
0.0661502
0.329968
0.153081
0.130174
0.122619
0.44564
0.238211
0.263606
0.195434
0.130844
0.471113
0.662
0.368072
0.662
0.662
0.424669
0.662
0.220472
0.662
0.662
0.662
0.0474676
0.662
0.662
0.662
0.0564549
0.219762
0.662
0.230769
0.0414521
0.191479
0.467943
0.662
0.0557562
0.305295
0.662
0.662
0.662
0.0183534
0.457116
0.339021
0.188155
0.551175
0.377219
0.171776
0.33522
0.662
0.164948
0.445278
0.0964288
0.404949
0.506823
0.662
0.409868
0.662
0.460566
0.392431
0.107142
0.662
0.662
0.466215
0.454833
0.48278
0.140857
0.00280206
0.432953
0.121535
0.196259
0.662
0.184277
0.0741079
0.328692
0.185166
0.662
0.186234
0.662
0.193494
0.662
0.662
0.313192
0.0858986
0.662
0.37078
0.0712916
0.357073
0.280448
0.662
0.026681
0.662
0.492663
0.340296
0.236283
0.153535
0.2861
0.248261
0.471326
0.137858
0.538343
0.176331
0.0829513
0.0414759
0.0756864
0.662
0.607646
0.393173
0.263121
0.445616
0.662
0.662
0.191836
0.163484
0.351651
0.482573
0.183093
0.173905
0.510822
0.662
0.662
0.662
0.367584
0.0261366
0.336473
0.662
0.662
0.0687179
0.252217
0.523919
0.662
0.146049
0.504958
0.389952
0.662
0.397188
0.662
0.662
0.662
0.279246
0.442516
0.466646
0.662
0.0349785
0.069214
0.107469
0.412689
0.662
0.662
0.662
0.336255
0.0832102
0.265354
0.662
0.09642
0.662
0.134146
0.232798
0.323924
0.284035
0.253921
0.662
0.0548304
0.662
0.0986626
0.662
0.662
0.662
0.282933
0.662
0.662
0.131443
0.117841
0.34018
0.662
0.662
0.527087
0.573281
0.367811
0.461314
0.181679
0.304447
0.662
0.662
0.662
0.17109
0.204873
0.457355
0.0738113
0.118675
0.0197462
0.120286
0.662
0.359125
0.662
0.327157
0.585121
0.662
0.662
0.299193
0.168375
0.662
0.0105805
0.662
0.249731
0.312892
0.169318
0.662
0.662
0.20704
0.102987
0.124466
0.662
0.432687
0.662
0.662
0.0937137
0.278107
0.662
0.0907666
0.0658694
0.383048
0.527477
0.341011
0.662
0.662
0.662
0.0866455
0.579356
0.662
0.0438584
0.345633
0.135429
0.213681
0.410369
0.662
0.662
0.0122332
0.0778424
0.271716
0.245909
0.239517
0.123077
0.662
0.21185
0.662
0.662
0.250509
0.187887
0.01394
0.0478536
0.430869
0.215424
0.0576483
0.662
0.412674
0.199925
0.165658
0.101996
0.234863
0.167012
0.264676
0.662
0.322406
0.148379
0.0462721
0.0279999
0.262171
0.0959105
0.116838
0.26958
0.662
0.0814725
0.46296
0.569582
0.0695608
0.662
0.554008
0.16577
0.0164309
0.0485083
0.662
0.090635
0.662
0.189497
0.662
0.0443224
0.182212
0.0231237
0.571659
0.36076
0.207545
0.243106
0.211987
0.240395
0.426237
0.0815611
0.662
0.384401
0.146206
0.504464
0.244896
0.102943
0.662
0.662
0.460481
0.121132
0.112973
0.662
0.236765
0.235579
0.446095
0.662
0.170915
0.411156
0.46314
0.434653
0.494514
0.0578377
0.662
0.210182
0.463557
0.662
0.130604
0.181909
0.220473
0.662
0.662
0.24149
0.242946
0.662
0.155733
0.192872
0.463782
0.117126
0.200594
0.50072
0.451385
0.132556
0.113984
0.662
0.184806
0.662
0.0497058
0.0204433
0.0676923
0.485467
0.662
0.662
0.649275
0.662
0.133755
0.273082
0.303242
0.070743
0.369426
0.0352433
0.0813108
0.24993
0.662
0.662
0.262838
0.0921578
0.190474
0.662
0.199732
0.120957
0.662
0.662
0.156324
0.100477
0.662
0.350972
0.169228
0.106115
0.581443
0.118537
0.662
0.0889143
0.0681331
0.420431
0.13296
0.662
0.455631
0.232764
0.239343
0.1239
0.662
0.140352
0.662
0.184587
0.662
0.0257677
0.435032
0.135092
0.431357
0.159663
0.662
0.134548
0.662
0.160561
0.662
0.205435
0.247134
0.662
0.662
0.231834
0.220301
0.0532316
0.322834
0.662
0.215848
0.662
0.220951
0.139015
0.220401
0.194594
0.662
0.303291
0.662
0.260528
0.404337
0.230014
0.662
0.588778
0.191838
0.083907
0.662
0.12156
0.662
0.347855
0.662
0.211985
0.272138
0.424606
0.662
0.662
0.193848
0.127119
0.393578
0.240989
0.662
0.0550878
0.072319
0.438861
0.485052
0.662
0.149067
0.662
0.374529
0.3531
0.662
0.355682
0.0920854
0.419243
0.599577
0.662
0.338114
0.662
0.662
0.142381
0.0306132
0.46502
0.542399
0.252219
0.325391
0.662
0.662
0.405503
0.425158
0.425081
0.269027
0.662
0.662
0.662
0.332315
0.364417
0.0747978
0.0329905
0.237852
0.32765
0.662
0.662
0.662
0.104814
0.2406
0.662
0.662
0.201347
0.138078
0.662
0.662
0.227943
0.613611
0.662
0.101962
0.332805
0.662
0.0941443
0.160054
0.40501
0.183431
0.662
0.0933821
0.199652
0.114341
0.662
0.33644
0.394658
0.662
0.662
0.13418
0.150111
0.662
0.0929113
0.631309
0.452553
0.217463
0.194649
0.250028
0.662
0.099756
0.135859
0.662
0.662
0.448535
0.662
0.141938
0.0882009
0.662
0.662
0.662
0.217885
0.118056
0.421097
0.0690018
0.205226
0.457178
0.107171
0.662
0.164611
0.159448
0.559183
0.662
0.662
0.0413332
0.251712
0.265697
0.0971075
0.0978693
0.110549
0.139993
0.662
0.0930276
0.662
0.391753
0.0513644
0.598034
0.595549
0.662
0.662
0.187276
0.662
0.662
0.662
0.162833
0.662
0.592659
0.460762
0.335568
0.662
0.662
0.662
0.265783
0.0675513
0.356927
0.662
0.359022
0.191672
0.136796
0.348876
0.301271
0.0916824
0.175172
0.662
0.13375
0.225131
0.662
0.662
0.290713
0.102247
0.206205
0.662
0.6086
0.662
0.662
0.0648134
0.0883093
0.432508
0.0400186
0.0156555
0.331393
0.196671
0.662
0.0712651
0.662
0.298134
0.0794644
0.260699
0.0279614
0.0765362
0.662
0.0684323
0.503767
0.0788675
0.128415
0.191615
0.662
0.485603
0.245959
0.292095
0.472018
0.662
0.662
0.124617
0.662
0.418187
0.0741855
0.0411449
0.271241
0.662
0.280313
0.662
0.484066
0.662
0.270726
0.211399
0.185752
0.662
0.196576
0.10967
0.207786
0.00984382
0.160201
0.195367
0.0067564
0.147149
0.183072
0.466928
0.234869
0.224694
0.662
0.662
0.662
0.662
0.662
0.278225
0.154286
0.662
0.215132
0.454708
0.662
0.662
0.45513
0.662
0.103597
0.662
0.477498
0.384195
0.376701
0.0698214
0.167675
0.366728
0.659266
0.235811
0.504513
0.242233
0.662
0.212201
0.662
0.495758
0.662
0.662
0.369638
0.523799
0.426866
0.662
0.0971584
0.662
0.662
0.260939
0.316851
0.662
0.140376
0.434887
0.662
0.662
0.085955
0.662
0.188261
0.102447
0.662
0.0429677
0.051257
0.309118
0.662
0.662
0.52453
0.662
0.313303
0.662
0.138985
0.662
0.368415
0.662
0.140781
0.0374936
0.263493
0.243072
0.0494952
0.269423
0.0766058
0.662
0.662
0.227172
0.662
0.0670776
0.0853809
0.525501
0.260528
0.0760505
0.225142
0.275777
0.100389
0.53381
0.662
0.0295834
0.190309
0.180243
0.093799
0.662
0.295768
0.662
0.0778689
0.662
0.662
0.590991
0.390801
0.662
0.293386
0.243932
0.662
0.461575
0.337522
0.142037
0.0700179
0.326032
0.264796
0.36319
0.424709
0.55659
0.662
0.076351
0.240443
0.662
0.188823
0.164897
0.662
0.125619
0.152287
0.662
0.0672128
0.662
0.3726
0.0618096
0.301698
0.107175
0.383072
0.147177
0.347412
0.375482
0.197112
0.280982
0.34711
0.217176
0.437736
0.130362
0.662
0.0849337
0.288405
0.0898772
0.507457
0.206773
0.662
0.00450976
0.662
0.272551
0.0914834
0.46106
0.662
0.121931
0.0136274
0.662
0.566916
0.101989
0.662
0.179581
0.662
0.662
0.436992
0.44178
0.0993215
0.218594
0.474258
0.0851348
0.127772
0.284753
0.662
0.662
0.117907
0.662
0.44989
0.427662
0.21236
0.662
0.128062
0.662
0.662
0.662
0.568555
0.224649
0.662
0.0126877
0.410274
0.0333748
0.376338
0.662
0.164347
0.662
0.174637
0.0564531
0.167662
0.662
0.514283
0.124079
0.662
0.662
0.662
0.441907
0.662
0.204897
0.662
0.662
0.0894905
0.0133055
0.662
0.319621
0.39653
0.207297
0.171285
0.155916
0.662
0.379086
0.0766448
0.249691
0.545408
0.46306
0.662
0.187918
0.419439
0.63339
0.662
0.0257157
0.128961
0.291643
0.25048
0.404906
0.662
0.134842
0.065641
0.404248
0.662
0.662
0.336505
0.662
0.662
0.662
0.384613
0.244292
0.662
0.144489
0.368726
0.516294
0.662
0.191531
0.334456
0.0792018
0.0816192
0.662
0.213378
0.502495
0.662
0.0950412
0.328788
0.396276
0.662
0.252734
0.0273256
0.662
0.0210793
0.467363
0.299605
0.374437
0.662
0.662
0.662
0.0664575
0.114088
0.0248195
0.662
0.662
0.662
0.380066
0.1736
0.449682
0.226946
0.208964
0.363937
0.143631
0.662
0.662
0.662
0.1934
0.062116
0.662
0.662
0.307834
0.184827
0.0421419
0.662
0.450185
0.472779
0.107239
0.109977
0.505726
0.260671
0.662
0.662
0.440507
0.63885
0.405799
0.0406173
0.0589734
0.192429
0.662
0.662
0.662
0.0426299
0.0728316
0.469869
0.21079
0.0228427
0.662
0.0850483
0.651984
0.431245
0.345553
0.200688
0.315212
0.146096
0.419976
0.167495
0.304605
0.662
0.312989
0.203183
0.167295
0.0862
0.662
0.662
0.284943
0.662
0.453279
0.457297
0.126076
0.410285
0.118694
0.267685
0.662
0.195329
0.210423
0.662
0.662
0.662
0.0492998
0.662
0.154589
0.327524
0.662
0.349435
0.249697
0.662
0.662
0.204957
0.491919
0.662
0.0852053
0.662
0.486798
0.319008
0.662
0.129371
0.662
0.222615
0.239957
0.662
0.574874
0.267038
0.370716
0.508856
0.144767
0.662
0.662
0.00285003
0.326438
0.662
0.34504
0.376666
0.366251
0.298293
0.0413009
0.427167
0.662
0.130548
0.662
0.662
0.662
0.188285
0.373409
0.0829765
0.344571
0.61121
0.662
0.296454
0.12187
0.662
0.662
0.662
0.188958
0.20469
0.662
0.0316879
0.0453321
0.139507
0.395229
0.662
0.21825
0.662
0.179664
0.186684
0.0807599
0.547348
0.359499
0.662
0.0315198
0.143471
0.0754223
0.662
0.451902
0.662
0.472483
0.323163
0.166779
0.662
0.662
0.297886
0.427368
0.148049
0.622646
0.662
0.407623
0.095202
0.561544
0.139949
0.662
0.347799
0.111559
0.474752
0.22023
0.263546
0.144763
0.662
0.662
0.203636
0.0889633
0.433363
0.457446
0.110039
0.328674
0.662
0.662
0.124426
0.433565
0.0408702
0.662
0.283845
0.485563
0.207126
0.182216
0.23992
0.662
0.416189
0.448936
0.662
0.662
0.662
0.375071
0.161631
0.221689
0.220733
0.215437
0.186418
0.205927
0.466305
0.232349
0.0474787
0.662
0.119662
0.662
0.662
0.237675
0.078286
0.0727461
0.316073
0.262496
0.259612
0.249849
0.662
0.191849
0.431014
0.200929
0.224212
0.266748
0.662
0.27255
0.662
0.103071
0.437978
0.0621021
0.101982
0.344057
0.641503
0.662
0.662
0.662
0.662
0.662
0.662
0.662
0.662
0.497083
0.438434
0.570281
0.413137
0.31536
0.572797
0.662
0.399119
0.394544
0.662
0.662
0.181179
0.229833
0.662
0.391976
0.499845
0.27613
0.662
0.0642178
0.0195652
0.268722
0.42289
0.431509
0.0651495
0.662
0.378772
0.308868
0.662
0.0556779
0.10937
0.662
0.662
0.12675
0.125015
0.662
0.542265
0.662
0.207291
0.532575
0.662
0.662
0.235041
0.0218122
0.20847
0.662
0.537867
0.370487
0.396426
0.662
0.662
0.662
0.0708072
0.298864
0.662
0.429599
0.352391
0.489393
0.457065
0.195586
0.662
0.412235
0.662
0.0962423
0.249819
0.0459071
0.662
0.0353478
0.54289
0.662
0.662
0.206656
0.104574
0.181338
0.662
0.662
0.198383
0.165437
