0.350906
0.1369
0.230925
0.207286
0.124198
0.28967
0.0567251
0.116657
0.578969
0.146753
0.259481
0.063981
0.12527
0.662
0.0961029
0.662
0.443165
0.0571753
0.177112
0.203821
0.0857361
0.385255
0.0736759
0.662
0.135252
0.242285
0.0533599
0.193434
0.0699989
0.0808566
0.662
0.363999
0.237106
0.113325
0.233533
0.11621
0.662
0.105752
0.201912
0.102081
0.0885099
0.0716843
0.0763321
0.266506
0.662
0.0650149
0.153469
0.439098
0.126577
0.389124
0.144609
0.30932
0.353156
0.286444
0.0779162
0.524537
0.054687
0.0877263
0.429821
0.410003
0.662
0.174499
0.139005
0.417452
0.559399
0.226516
0.662
0.051365
0.206306
0.207472
0.248491
0.0981266
0.662
0.403003
0.319682
0.120416
0.549791
0.347906
0.0415818
0.131982
0.378949
0.363894
0.137352
0.636661
0.0658356
0.662
0.19445
0.16556
0.662
0.64892
0.424397
0.0483691
0.662
0.0629232
0.0987703
0.662
0.390059
0.0866199
0.58595
0.113784
0.46733
0.349919
0.0130359
0.662
0.460549
0.574247
0.124006
0.341897
0.0577947
0.072141
0.0297185
0.641347
0.16356
0.147673
0.354438
0.61076
0.327571
0.662
0.0496764
0.662
0.562721
0.137874
0.0122087
0.109978
0.0579102
0.662
0.138408
0.0116474
0.583319
0.0414558
0.16639
0.072507
0.0177172
0.123954
0.609142
0.0502956
0.584074
0.160198
0.344148
0.662
0.0137791
0.0418972
0.440981
0.316132
0.53485
0.12271
0.282703
0.662
0.575614
0.183584
0.404755
0.550724
0.653216
0.0435847
0.238255
0.662
0.0778495
0.0196981
0.0466924
0.0972777
0.0234066
0.24893
0.102829
0.27944
0.662
0.0111527
0.149497
0.528248
0.133957
0.367846
0.419773
0.166301
0.0782298
0.407854
0.100941
0.0161473
0.189546
0.265412
0.0600634
0.361949
0.625309
0.226696
0.243648
0.208174
0.208597
0.356632
0.367654
0.0948583
0.0991436
0.293906
0.42336
0.323031
0.246139
0.662
0.171627
0.31215
0.379137
0.117515
0.302375
0.153722
0.147823
0.247453
0.250441
0.38019
0.0851763
0.190371
0.169709
0.662
0.302195
0.378325
0.22952
0.347466
0.304566
0.0517258
0.103554
0.0699136
0.202835
0.659725
0.0665853
0.467803
0.412771
0.159029
0.178032
0.406862
0.0467248
0.164191
0.0667384
0.480525
0.662
0.149659
0.662
0.116717
0.396788
0.526743
0.308432
0.14141
0.588003
0.222438
0.0411809
0.662
0.212152
0.509545
0.5778
0.562992
0.106755
0.498165
0.225846
0.280461
0.33212
0.386321
0.662
0.104535
0.309258
0.0586652
0.662
0.0962643
0.256113
0.494953
0.662
0.152328
0.304585
0.117322
0.452765
0.148699
0.223812
0.150767
0.662
0.662
0.210583
0.0937338
0.662
0.0433951
0.129678
0.552387
0.487046
0.0678867
0.173828
0.662
0.389544
0.156911
0.169376
0.322019
0.27573
0.182588
0.662
0.20589
0.0573654
0.561383
0.262496
0.593397
0.120223
0.0965753
0.10398
0.643013
0.34636
0.42671
0.521726
0.239105
0.219684
0.145
0.199707
0.176596
0.141794
0.0459051
0.253899
0.0547389
0.0808075
0.388341
0.031432
0.0904494
0.662
0.247983
0.265957
0.611637
0.0625929
0.408993
0.114344
0.226317
0.224439
0.0606095
0.0866739
0.0654671
0.662
0.0899787
0.167563
0.313866
0.662
0.0732899
0.47046
0.208496
0.169692
0.0659686
0.134772
0.336924
0.0356772
0.0354851
0.534466
0.195506
0.116123
0.662
0.19935
0.246443
0.221637
0.325776
0.0817948
0.141082
0.569453
0.166222
0.479261
0.468906
0.662
0.00846976
0.0152867
0.217675
0.0946601
0.18184
0.365232
0.30348
0.0747041
0.0193525
0.342708
0.150205
0.118226
0.337065
0.0795611
0.112037
0.0467604
0.14204
0.0672042
0.0890041
0.384952
0.135307
0.662
0.48184
0.170801
0.097399
0.0568645
0.0413611
0.147089
0.172547
0.187391
0.0783409
0.244306
0.623784
0.534138
0.0228644
0.0715551
0.162284
0.147376
0.147945
0.662
0.243897
0.493264
0.328542
0.662
0.506098
0.0945176
0.0807
0.662
0.297816
0.241862
0.0931892
0.194449
0.149465
0.0697895
0.0306693
0.454388
0.319804
0.0550554
0.280992
0.254981
0.15104
0.442844
0.0672074
0.126233
0.205706
0.33297
0.209557
0.0952956
0.300719
0.224083
0.0638484
0.537421
0.662
0.662
0.527967
0.383585
0.126612
0.62081
0.104898
0.662
0.0668337
0.142155
0.1682
0.590861
0.0819835
0.170958
0.462472
0.181582
0.161216
0.0992626
0.076783
0.0923723
0.329022
0.354064
0.189368
0.662
0.0985876
0.402138
0.131528
0.525519
0.662
0.135959
0.662
0.374155
0.213502
0.33556
0.609957
0.662
0.0581841
0.0544322
0.662
0.662
0.0648655
0.0480111
0.662
0.286169
0.153846
0.148906
0.182587
0.311738
0.183617
0.156335
0.229122
0.557894
0.0642426
0.242185
0.07139
0.208697
0.662
0.662
0.40103
0.648536
0.662
0.662
0.26638
0.559883
0.217865
0.0615115
0.171489
0.662
0.114596
0.462605
0.0774015
0.357034
0.662
0.251907
0.14153
0.662
0.512556
0.57892
0.078889
0.362229
0.0592396
0.0254164
0.546081
0.0642669
0.233848
0.204448
0.21979
0.382312
0.101938
0.237129
0.403214
0.240557
0.0944513
0.662
0.404343
0.580459
0.24223
0.150778
0.11252
0.102953
0.14027
0.0483957
0.152795
0.0708955
0.0209948
0.083921
0.359518
0.119921
0.259468
0.343252
0.116439
0.228322
0.411365
0.0819835
0.338808
0.0616783
0.129491
0.283404
0.140868
0.0604324
0.27021
0.0205521
0.156644
0.0635834
0.116727
0.15516
0.662
0.0688205
0.401669
0.148807
0.0599482
0.0438979
0.03032
0.223634
0.260795
0.133154
0.213703
0.107813
0.448145
0.0924274
0.539978
0.0878822
0.130025
0.24644
0.0548948
0.0536956
0.662
0.212612
0.168552
0.0850831
0.662
0.0755857
0.518184
0.0384334
0.0426035
0.0319698
0.249457
0.662
0.157772
0.374241
0.120177
0.0237701
0.427964
0.156149
0.301876
0.575319
0.662
0.082549
0.171473
0.100721
0.549531
0.419687
0.101516
0.0786826
0.655458
0.526284
0.407282
0.267841
0.173593
0.146885
0.212907
0.0688801
0.045689
0.408742
0.211047
0.28949
0.212887
0.272104
0.25544
0.662
0.100542
0.0869085
0.176881
0.0592513
0.223081
0.127082
0.444385
0.0956871
0.382141
0.0713334
0.139065
0.456046
0.0866188
0.100933
0.20505
0.0431421
0.264056
0.41405
0.477555
0.632674
0.239858
0.334127
0.249666
0.0340948
0.227112
0.0813435
0.0796455
0.0735692
0.472948
0.194436
0.662
0.28031
0.262855
0.144737
0.610108
0.236362
0.662
0.0999986
0.55373
0.278265
0.144201
0.0716411
0.0407778
0.234377
0.662
0.0941515
0.320789
0.243578
0.650052
0.349195
0.39281
0.207288
0.369958
0.451309
0.548269
0.513373
0.104181
0.128046
0.131539
0.158555
0.132004
0.44626
0.322174
0.0854559
0.343639
0.451754
0.536282
0.343748
0.0774347
0.154701
0.374108
0.146033
0.0944066
0.352987
0.0600925
0.519784
0.046543
0.0577229
0.145044
0.10383
0.207587
0.162582
0.208989
0.662
0.262484
0.662
0.616651
0.421613
0.137687
0.662
0.230097
0.140341
0.528435
0.662
0.045878
0.445981
0.29143
0.202934
0.18611
0.38249
0.366378
0.163549
0.503809
0.343124
0.156272
0.219893
0.101124
0.552564
0.132145
0.662
0.591082
0.0433496
0.662
0.435122
0.222747
0.662
0.129369
0.0285154
0.267997
0.651751
0.124436
0.338208
0.0565276
0.0826275
0.0999651
0.049954
0.0464612
0.240216
0.662
0.429684
0.153767
0.154103
0.43865
0.316759
0.119133
0.0811997
0.136428
0.294641
0.480595
0.101326
0.173812
0.17668
0.269776
0.662
0.169975
0.638279
0.162643
0.112991
0.31359
0.10212
0.0626835
0.0697243
0.518345
0.01132
0.131139
0.593507
0.244143
0.0903181
0.0736832
0.325352
0.0231622
0.216205
0.404147
0.662
0.115008
0.232028
0.438943
0.155058
0.241777
0.506252
0.103028
0.289938
0.381875
0.248778
0.605117
0.430859
0.662
0.371199
0.525295
0.100611
0.294955
0.163981
0.249652
0.657636
0.04482
0.175298
0.397141
0.562703
0.0754276
0.119681
0.662
0.662
0.182737
0.0440834
0.0355657
0.256903
0.662
0.192975
0.257756
0.183783
0.447709
0.179073
0.296243
0.431542
0.103473
0.0654102
0.662
0.205182
0.200192
0.543293
0.18771
0.248874
0.0942473
0.162906
0.164083
0.47786
0.162721
0.290422
0.371767
0.376819
0.0674684
0.662
0.662
0.151187
0.14839
0.0950598
0.662
0.559646
0.662
0.401548
0.283289
0.133575
0.101354
0.571728
0.0694395
0.315674
0.128791
0.332744
0.0473015
0.24701
0.400611
0.0684912
0.159253
0.255873
0.102232
0.152124
0.0665125
0.13463
0.243178
0.393792
0.138085
0.596111
0.143705
0.423604
0.140479
0.172963
0.0576603
0.310424
0.070495
0.662
0.326935
0.113018
0.0880213
0.0757241
0.53449
0.10612
0.289951
0.296162
0.387323
0.114712
0.420021
0.662
0.311929
0.199984
0.662
0.0814347
0.332456
0.662
0.662
0.451254
0.198456
0.201476
0.151189
0.336405
0.662
0.253817
0.0843956
0.157519
0.452067
0.190446
0.277933
0.109785
0.638922
0.44718
0.662
0.195103
0.662
0.484842
0.363309
0.213915
0.662
0.662
0.256529
0.131674
0.222299
0.0642432
0.334021
0.301231
0.0880193
0.151515
0.388506
0.147956
0.100368
0.0517286
0.662
0.662
0.149336
0.0635832
0.0721431
0.0639768
0.302429
0.366781
0.0747983
0.0568739
0.0915013
0.232085
0.0594961
0.262234
0.269579
0.419991
0.205004
0.302526
0.156647
0.132936
0.105921
0.096321
0.655275
0.662
0.153939
0.402631
0.0935159
0.477375
0.318968
0.295593
0.354115
0.213833
0.0773941
0.218919
0.12828
0.368557
0.109319
0.397942
0.662
0.0980748
0.0063569
0.215311
0.202861
0.662
0.595201
0.326091
0.268024
0.408137
0.0410632
0.0822158
0.255628
0.46773
0.305874
0.149336
0.256117
0.635811
0.0812278
0.384421
0.0995757
0.22256
0.662
0.195876
0.353361
0.339318
0.102814
0.0273045
0.312622
0.153251
0.138663
0.0194398
0.172616
0.662
0.24901
0.066089
0.426092
0.656132
0.164699
0.45856
0.177993
0.594072
0.128977
0.089816
0.070834
0.110743
0.266621
0.0750915
0.515755
0.0902499
0.0854909
0.595234
0.235067
0.640206
0.0958301
0.486174
0.662
0.0449793
0.500005
0.0504082
0.229672
0.0427738
0.153029
0.352989
0.211341
0.163457
0.289605
0.206499
0.636011
0.662
0.662
0.0739128
0.662
0.662
0.105242
0.126629
0.572412
0.0548209
0.0771172
0.222773
0.0823804
0.366857
0.196443
0.660735
0.229863
0.0257929
0.194549
0.123129
0.202962
0.0630616
0.358331
0.123316
0.384591
0.31583
0.148965
0.175364
0.456604
0.146328
0.050005
0.394058
0.111308
0.115933
0.21082
0.283939
0.145023
0.574415
0.167776
0.170041
0.586052
0.0294432
0.579632
0.32212
0.662
0.0581425
0.0718106
0.279007
0.151402
0.437576
0.146014
0.6368
0.662
0.152441
0.494899
0.0909826
0.173999
0.40492
0.227591
0.0419547
0.0880859
0.127106
0.153875
0.447856
0.145315
0.126883
0.366152
0.174824
0.149695
0.278732
0.0805371
0.651928
0.179356
0.662
0.414866
0.0709301
0.274897
0.662
0.151379
0.12389
0.322252
0.559253
0.440269
0.318196
0.133299
0.185698
0.662
0.30552
0.166947
0.0284026
0.0401245
0.199228
0.10596
0.289332
0.293187
0.433806
0.112873
0.0566076
0.209416
0.364878
0.0179584
0.535985
0.334804
0.181206
0.462375
0.38307
0.662
0.633391
0.662
0.544282
0.369106
0.374302
0.124742
0.559626
0.662
0.647033
0.140602
0.210057
0.088884
0.662
0.258559
0.431101
0.120703
0.662
0.251531
0.39596
0.155708
0.22734
0.205932
0.253506
0.0881656
0.102048
0.359771
0.647041
0.0959168
0.0697997
0.662
0.0636392
0.662
0.20817
0.0897779
0.145699
0.00689982
0.514046
0.351997
0.308751
0.33936
0.0836049
0.32837
0.266261
0.194915
0.0317239
0.662
0.0992458
0.114627
0.217694
0.662
0.112644
0.341279
0.18912
0.261211
0.253285
0.047906
0.198813
0.546668
0.109134
0.0696882
0.0620014
0.11876
0.642072
0.255361
0.0684552
0.1644
0.235912
0.201126
0.0898983
0.235446
0.37075
0.371278
0.196644
0.0794182
0.232792
0.0854356
0.0529481
0.0933135
0.252123
0.340552
0.279577
0.375495
0.279922
0.0721967
0.627186
0.633421
0.0843974
0.0418765
0.40004
0.0498297
0.207632
0.364247
0.396821
0.157202
0.438885
0.0682028
0.404395
0.0978167
0.658578
0.0635784
0.0832584
0.0631878
0.0885286
0.117432
0.560399
0.315798
0.114665
0.63928
0.0836938
0.225702
0.0639832
0.0268671
0.0759037
0.252905
0.224107
0.0812956
0.0529199
0.530773
0.346145
0.41229
0.015697
0.46202
0.224941
0.0918468
0.172992
0.225585
0.0330297
0.662
0.147
0.103402
0.183155
0.176622
0.0861872
0.0788475
0.635689
0.261244
0.0933101
0.42451
0.164604
0.365244
0.0983942
0.0439697
0.528149
0.10027
0.662
0.292873
0.216481
0.163874
0.105587
0.662
0.662
0.422471
0.0839942
0.37766
0.396372
0.072725
0.00676013
0.310294
0.169588
0.623376
0.322841
0.50345
0.104383
0.237366
0.154505
0.054406
0.113845
0.536504
0.364984
0.197343
0.529996
0.529934
0.0612121
0.567689
0.0707467
0.0664124
0.0809081
0.216417
0.439877
0.127826
0.660108
0.125294
0.22647
0.502204
0.662
0.662
0.184565
0.325318
0.359529
0.656546
0.184335
0.356476
0.250963
0.523394
0.0832873
0.0969493
0.208242
0.340834
0.122442
0.189065
0.0317797
0.0654232
0.266541
0.662
0.160837
0.242603
0.484003
0.611608
0.16631
0.126593
0.552781
0.156151
0.472254
0.567094
0.2718
0.627986
0.345727
0.102206
0.13619
0.11596
0.191321
0.117494
0.346133
0.100022
0.662
0.00557286
0.129221
0.527566
0.150517
0.662
0.240115
0.20263
0.141653
0.662
0.662
0.310303
0.374091
0.0354451
0.216644
0.142749
0.662
0.240494
0.175504
0.413678
0.22496
0.442103
0.615395
0.272341
0.265201
0.479859
0.0927278
0.166584
0.33886
0.189169
0.0659676
0.287059
0.112041
0.128889
0.131415
0.104079
0.0902721
0.162196
0.164093
0.662
0.359477
0.0756064
0.280508
0.194692
0.305841
0.112932
0.662
0.0292256
0.266467
0.651323
0.109712
0.136104
0.15098
0.570107
0.344073
0.628594
0.118058
0.463914
0.451923
0.112382
0.0740399
0.662
0.102166
0.106201
0.662
0.364711
0.662
0.662
0.179758
0.662
0.405383
0.172177
0.0552494
0.148571
0.166708
0.163778
0.268572
0.173678
0.201407
0.349742
0.0491803
0.121243
0.662
0.0525618
0.124186
0.0732993
0.236033
0.0715324
0.226571
0.354698
0.662
0.0938885
0.168766
0.503235
0.30963
0.211651
0.0608049
0.246332
0.0829686
0.0893371
0.0921097
0.435188
0.662
0.21005
0.133495
0.110181
0.0618201
0.279465
0.104072
0.273017
0.294595
0.279293
0.138062
0.156569
0.118689
0.623301
0.662
0.346847
0.334333
0.152079
0.410167
0.53999
0.0748165
0.256902
0.110177
0.186342
0.17971
0.170435
0.265404
0.212125
0.132386
0.223177
0.117063
0.145991
0.0672215
0.561683
0.445165
0.662
0.0160622
0.662
0.308784
0.662
0.40016
0.135169
0.0891929
0.072552
0.0522195
0.651745
0.662
0.327338
0.434582
0.44008
0.139642
0.150726
0.0876074
0.211975
0.263833
0.33519
0.080611
0.158732
0.31294
0.0860716
0.108536
0.288415
0.0838697
0.134027
0.249654
0.0827473
0.0401425
0.115517
0.0220716
0.0213237
0.070119
0.602216
0.662
0.0297293
0.0830181
0.252821
0.476733
0.275021
0.573304
0.332108
0.0397544
0.0936987
0.232881
0.131909
0.0671533
0.0466331
0.622997
0.0605735
0.0938898
0.158461
0.0483844
0.269347
0.480562
0.662
0.318422
0.0519698
0.0817783
0.662
0.405404
0.510316
0.157777
0.37337
0.328158
0.0139246
0.095248
0.614839
0.324721
0.0665886
0.150031
0.662
0.126855
0.173119
0.101701
0.331071
0.662
0.323947
0.0499125
0.106569
0.041906
0.113566
0.662
0.0505222
0.133373
0.305626
0.0749889
0.306336
0.453342
0.420133
0.184509
0.21185
0.226743
0.15653
0.0463891
0.00110076
0.0664944
0.0831503
0.439165
0.274482
0.431716
0.0781567
0.19371
0.0440674
0.399586
0.662
0.154416
0.580596
0.187705
0.662
0.158371
0.662
0.448791
0.132772
0.365146
0.537997
0.499958
0.280537
0.497007
0.142657
0.565615
0.106622
0.00223686
0.355082
0.435186
0.0554768
0.102482
0.407183
0.662
0.0522568
0.243412
0.0798311
0.325641
0.0808277
0.0340844
0.0858782
0.29283
0.227528
0.0638621
0.662
0.254335
0.55142
0.238952
0.452848
0.0741225
0.131562
0.0513073
0.419491
0.149857
0.0776571
0.205019
0.496199
0.133382
0.662
0.283376
0.662
0.140625
0.0560982
0.310006
0.25039
0.516958
0.387321
0.294231
0.0803119
0.431201
0.0864365
0.662
0.108176
0.265227
0.292432
0.193438
0.183007
0.180494
0.510655
0.561088
0.593153
0.479272
0.167188
0.199454
0.0256972
0.205716
0.662
0.0648721
0.082613
0.199296
0.59222
0.505882
0.662
0.260076
0.467809
0.310695
0.601742
0.364434
0.086797
0.130496
0.260451
0.227552
0.0709023
0.662
0.0523758
0.4432
0.190703
0.131456
0.662
0.0685609
0.43186
0.305817
0.487569
0.256944
0.290101
0.215556
0.31056
0.23797
0.544252
0.0610047
0.254235
0.15145
0.243731
0.465471
0.329814
0.0986075
0.0692681
0.662
0.207667
0.428633
0.256064
0.662
0.652193
0.100852
0.245053
0.504502
0.0674445
0.342268
0.00664708
0.662
0.0854209
0.267919
0.318484
0.224773
0.146302
0.123934
0.662
0.433582
0.104088
0.417309
0.384687
0.146668
0.0798113
0.39499
0.216994
0.0775736
0.105451
0.259998
0.0402026
0.507748
0.0533287
0.662
0.662
0.315788
0.025151
0.060101
0.458306
0.247249
0.246895
0.662
0.358147
0.662
0.296132
0.468587
0.202424
0.196102
0.246954
0.0591705
0.138629
0.116297
0.610604
0.180935
0.101044
0.662
0.592162
0.412866
0.50665
0.545836
0.223303
0.322632
0.0692084
0.237852
0.144741
0.351525
0.282774
0.209383
0.353888
0.662
0.324549
0.0886468
0.245835
0.0676937
0.0260789
0.284182
0.202171
0.302754
0.0755621
0.163797
0.121281
0.662
0.213241
0.255188
0.174993
0.298206
0.508782
0.292722
0.448572
0.0528801
0.662
0.124078
0.104621
0.0808495
0.0145806
0.174536
0.214903
0.114641
0.116436
0.662
0.0420018
0.161035
0.0992733
0.283437
0.364805
0.012152
0.363551
0.423904
0.136962
0.40715
0.190259
0.228687
0.12486
0.319537
0.208209
0.0926048
0.301331
0.073013
0.548939
0.0941001
0.0742406
0.136852
0.662
0.203836
0.0161147
0.356388
0.434572
0.481517
0.424385
0.581238
0.208411
0.111054
0.0679492
0.171658
0.0730411
0.1316
0.0964087
0.100298
0.268621
0.177625
0.268207
0.0822829
0.159112
0.0685646
0.662
0.117077
0.65735
0.442253
0.14468
0.215247
0.662
0.283706
0.0698663
0.120046
0.662
0.204006
0.0741459
0.662
0.104119
0.136774
0.0933018
0.156364
0.621502
0.0356746
0.411152
0.0832664
0.191556
0.306559
0.102802
0.100312
0.21105
0.662
0.422424
0.0275858
0.0106245
0.257989
0.488386
0.184115
0.413857
0.130801
0.151225
0.658817
0.364797
0.0429837
0.219804
0.366866
0.0879148
0.0954243
0.114316
0.342312
0.27332
0.0619004
0.332235
0.296618
0.0470283
0.0161066
0.448738
0.120611
0.662
0.258053
0.0775952
0.13787
0.140508
0.0737824
0.579449
0.245988
0.420058
0.41846
0.220395
0.241242
0.146096
0.0316946
0.153401
0.131833
0.442789
0.11713
0.17732
0.434383
0.209422
0.371604
0.141865
0.662
0.384363
0.358125
0.438164
0.39695
0.296797
0.128
0.0667467
0.287261
0.403799
0.0866843
0.134155
0.33749
0.44151
0.20975
0.484137
0.0919403
0.0182479
0.282057
0.0300807
0.569187
0.244866
0.139719
0.00951872
0.0433538
0.141256
0.205129
0.216324
0.481894
0.0358024
0.0943794
0.249898
0.294778
0.293749
0.230036
0.340049
0.355536
0.587939
0.0633887
0.26301
0.27427
0.067755
0.332293
0.10148
0.138724
0.212099
0.0262355
0.207911
0.256143
0.151285
0.15905
0.196964
0.339664
0.3189
0.126756
0.281541
0.0870133
0.60388
0.662
0.183109
0.53212
0.202661
0.215995
0.662
0.100411
0.14243
0.242374
0.0841029
0.115219
0.10999
0.218857
0.0342382
0.0800338
0.167446
0.279661
0.0325312
0.0189819
0.113764
0.43015
0.0352884
0.252805
0.0610847
0.333351
0.130608
0.624672
0.131652
0.0660311
0.55039
0.0929126
0.115697
0.210485
0.173995
0.448284
0.662
0.089238
