0.0650493
0.043846
0.183224
0.0509221
0.10665
0.115506
0.662
0.204314
0.0528717
0.091764
0.574252
0.242179
0.212986
0.545665
0.613878
0.270107
0.129935
0.194556
0.0484474
0.0718715
0.12132
0.0424945
0.17942
0.447465
0.363992
0.24835
0.611282
0.317394
0.106696
0.662
0.586482
0.662
0.284124
0.0876397
0.662
0.184603
0.0529351
0.662
0.491025
0.310819
0.0717671
0.0723413
0.158158
0.180115
0.0417529
0.662
0.662
0.0498228
0.0630301
0.602638
0.301002
0.235441
0.614819
0.193413
0.662
0.160324
0.183096
0.662
0.594129
0.0719416
0.150628
0.211908
0.426249
0.375773
0.06582
0.245526
0.311193
0.165015
0.460269
0.147381
0.662
0.0889753
0.161653
0.139894
0.1763
0.0214812
0.662
0.654193
0.162863
0.168558
0.181674
0.0538274
0.144215
0.0507425
0.274711
0.154222
0.662
0.0259624
0.662
0.629003
0.662
0.662
0.204739
0.401862
0.0704215
0.0465658
0.173297
0.0881084
0.482199
0.10655
0.037287
0.389382
0.169264
0.20795
0.0551852
0.18359
0.398995
0.0723731
0.221357
0.102941
0.662
0.612361
0.104165
0.662
0.608724
0.662
0.259328
0.40273
0.328541
0.436249
0.509509
0.266509
0.100428
0.186634
0.00931117
0.586734
0.662
0.555093
0.0457292
0.215593
0.662
0.482589
0.22528
0.662
0.662
0.275207
0.246626
0.134128
0.662
0.155324
0.455678
0.662
0.424688
0.141717
0.262675
0.0632247
0.348139
0.249015
0.495408
0.167881
0.179272
0.117809
0.188752
0.662
0.49656
0.45176
0.385126
0.17687
0.25588
0.662
0.223876
0.151342
0.212878
0.143974
0.457651
0.617462
0.507673
0.430022
0.526519
0.161134
0.102834
0.612207
0.662
0.111586
0.248819
0.0885043
0.281183
0.0467218
0.0777653
0.245868
0.437709
0.177109
0.00602604
0.347369
0.129505
0.662
0.633532
0.32629
0.130692
0.662
0.605754
0.17139
0.239573
0.232577
0.0931432
0.154405
0.551233
0.662
0.252403
0.128681
0.662
0.05011
0.451201
0.162778
0.170956
0.662
0.0530423
0.198842
0.00499132
0.221685
0.662
0.126598
0.182064
0.171123
0.148726
0.139382
0.134684
0.403212
0.309462
0.493814
0.20257
0.42088
0.0945877
0.111062
0.05631
0.261463
0.290215
0.336449
0.457748
0.146817
0.249824
0.0855873
0.234647
0.101679
0.385288
0.177256
0.411273
0.622356
0.539632
0.124981
0.0136765
0.464832
0.429024
0.406774
0.662
0.0994487
0.0313851
0.662
0.199053
0.662
0.0428205
0.0579609
0.25674
0.336548
0.32147
0.388623
0.109396
0.158397
0.269748
0.337881
0.0637241
0.167425
0.383579
0.31285
0.152124
0.344004
0.662
0.341106
0.13646
0.662
0.28936
0.339984
0.470001
0.0677746
0.662
0.0691996
0.154652
0.13189
0.0702349
0.0812225
0.662
0.167445
0.0747108
0.0771306
0.662
0.0729587
0.229242
0.662
0.570025
0.0735644
0.192935
0.0723413
0.268275
0.171552
0.0997698
0.662
0.356982
0.0399124
0.362464
0.234068
0.0814317
0.0629568
0.188439
0.662
0.662
0.161954
0.103648
0.662
0.252717
0.200619
0.633455
0.662
0.0810312
0.662
0.113153
0.662
0.0972421
0.422257
0.662
0.586751
0.662
0.662
0.101273
0.136713
0.0941614
0.474769
0.160459
0.350741
0.479535
0.153941
0.118499
0.662
0.0661758
0.268584
0.495455
0.662
0.354176
0.114294
0.485283
0.627584
0.0772675
0.163553
0.461031
0.449071
0.161039
0.662
0.325506
0.105755
0.348664
0.139241
0.171533
0.156726
0.417201
0.193017
0.0445419
0.180631
0.127818
0.382881
0.046646
0.147117
0.135584
0.0719717
0.432753
0.057223
0.164612
0.291243
0.662
0.0825071
0.400419
0.104485
0.119581
0.242567
0.287474
0.662
0.191033
0.0604828
0.324029
0.20835
0.662
0.10617
0.142556
0.368762
0.496987
0.328618
0.354373
0.0327088
0.240614
0.662
0.641345
0.208968
0.273268
0.662
0.494178
0.0685629
0.59557
0.129496
0.187408
0.0726018
0.199308
0.104775
0.128175
0.00427058
0.169035
0.102072
0.652456
0.445998
0.153496
0.128496
0.15004
0.196113
0.0877952
0.662
0.222986
0.077789
0.662
0.100939
0.232725
0.275806
0.0718565
0.662
0.441777
0.662
0.0930135
0.265879
0.335499
0.0780999
0.24442
0.662
0.217369
0.0211298
0.580893
0.0590576
0.32292
0.428933
0.173789
0.120959
0.0808276
0.233068
0.110609
0.0941816
0.182826
0.430777
0.235197
0.0740837
0.339288
0.662
0.321786
0.0653397
0.252592
0.102233
0.429988
0.465004
0.189137
0.662
0.662
0.468349
0.207286
0.197777
0.519695
0.662
0.205126
0.379919
0.0612289
0.662
0.605279
0.242252
0.13356
0.443076
0.172091
0.132664
0.224364
0.157663
0.363178
0.2459
0.662
0.134398
0.14257
0.112355
0.209781
0.287443
0.202321
0.662
0.111566
0.291639
0.0701251
0.208711
0.408726
0.183909
0.0443659
0.562338
0.254366
0.0797648
0.662
0.21733
0.0671442
0.230852
0.333881
0.11464
0.17264
0.179291
0.507386
0.262884
0.372956
0.088179
0.075919
0.274497
0.283891
0.247936
0.20201
0.230533
0.198002
0.55711
0.0726199
0.662
0.00893817
0.662
0.051186
0.5407
0.299716
0.281292
0.211224
0.187744
0.203093
0.141787
0.46218
0.256362
0.113774
0.0887936
0.662
0.662
0.232336
0.0552863
0.662
0.227041
0.131174
0.468902
0.570044
0.0908991
0.315737
0.129447
0.625595
0.158264
0.106788
0.0950022
0.662
0.298407
0.221699
0.160399
0.0491453
0.0843931
0.662
0.0171479
0.53577
0.662
0.286062
0.401218
0.52376
0.328122
0.374876
0.011063
0.389568
0.244508
0.521422
0.0986611
0.599679
0.408192
0.0456804
0.168687
0.103396
0.120771
0.662
0.170865
0.400608
0.29006
0.0941318
0.00617423
0.0410176
0.662
0.662
0.0535402
0.360438
0.477777
0.662
0.18747
0.405544
0.238079
0.252978
0.134053
0.108674
0.194229
0.577866
0.390234
0.0594089
0.199118
0.0611344
0.140463
0.435639
0.524494
0.0562652
0.283433
0.234588
0.089012
0.151106
0.225767
0.516062
0.0665341
0.133898
0.21173
0.575304
0.45651
0.177005
0.340315
0.00068475
0.64123
0.0792782
0.662
0.191767
0.0647283
0.573036
0.420811
0.662
0.280038
0.122722
0.662
0.317527
0.662
0.202233
0.29466
0.38174
0.21643
0.201216
0.0372907
0.142258
0.101129
0.208593
0.278291
0.241683
0.480458
0.662
0.268165
0.0832262
0.0960295
0.662
0.074949
0.381652
0.158756
0.662
0.626018
0.152397
0.369226
0.131852
0.662
0.282128
0.137514
0.0760137
0.570075
0.662
0.074142
0.525643
0.31403
0.304108
0.32383
0.118953
0.270073
0.169142
0.114279
0.0795865
0.052677
0.226741
0.142606
0.420621
0.138782
0.0596424
0.217381
0.419311
0.0765154
0.361613
0.290926
0.32746
0.197275
0.349988
0.0825015
0.176125
0.125982
0.219266
0.662
0.104019
0.662
0.0556322
0.342498
0.662
0.662
0.662
0.113098
0.11084
0.662
0.13995
0.662
0.456338
0.0485812
0.442133
0.172697
0.662
0.154501
0.154213
0.257727
0.362578
0.171013
0.273461
0.157275
0.480653
0.0971183
0.60819
0.390615
0.397486
0.382681
0.662
0.0343532
0.13549
0.2809
0.157973
0.662
0.13692
0.150062
0.124254
0.156454
0.0603062
0.0979329
0.389404
0.537532
0.628439
0.538418
0.097215
0.165475
0.0361809
0.111189
0.662
0.274844
0.181175
0.662
0.347315
0.282554
0.280216
0.662
0.611491
0.376083
0.1254
0.232312
0.105499
0.378354
0.231484
0.173501
0.279701
0.30763
0.0762698
0.318379
0.0424292
0.662
0.244623
0.0809214
0.558204
0.0844146
0.109869
0.662
0.325496
0.0472244
0.662
0.0212309
0.662
0.116706
0.410078
0.300771
0.0857086
0.436345
0.42167
0.165646
0.066434
0.380702
0.618674
0.624691
0.148165
0.129434
0.367447
0.296627
0.195526
0.662
0.638945
0.662
0.205407
0.07629
0.249964
0.271502
0.662
0.190843
0.110466
0.119302
0.16441
0.293219
0.238106
0.607689
0.118681
0.63167
0.235023
0.139223
0.662
0.436358
0.662
0.60188
0.662
0.338257
0.662
0.0400651
0.128262
0.380897
0.249612
0.363677
0.402863
0.271164
0.207469
0.662
0.0699166
0.231887
0.106446
0.293192
0.511514
0.358069
0.106131
0.603421
0.388073
0.352729
0.45518
0.662
0.412938
0.172298
0.662
0.644389
0.662
0.129929
0.341664
0.267383
0.363509
0.128789
0.374977
0.246666
0.0666429
0.503291
0.139454
0.27004
0.182458
0.163417
0.00336586
0.428903
0.398383
0.111837
0.273527
0.120953
0.0549046
0.279684
0.0258474
0.154915
0.215767
0.165153
0.662
0.0506323
0.106083
0.544293
0.437839
0.662
0.119352
0.153958
0.662
0.381675
0.122189
0.153775
0.150354
0.302083
0.662
0.368312
0.596065
0.545189
0.272454
0.120488
0.662
0.121041
0.145152
0.165411
0.235564
0.134043
0.284508
0.359079
0.260728
0.431029
0.0763239
0.265193
0.558045
0.350838
0.0420991
0.158293
0.297709
0.387769
0.0854717
0.401575
0.133975
0.182643
0.280933
0.0154064
0.104793
0.088398
0.12897
0.0887482
0.296336
0.114372
0.10761
0.354527
0.0841088
0.143972
0.551433
0.51119
0.526462
0.281378
0.199173
0.662
0.0917624
0.464418
0.10062
0.0868818
0.480828
0.392637
0.20477
0.247494
0.190048
0.273586
0.257149
0.136932
0.317729
0.662
0.145442
0.134768
0.324945
0.127505
0.221982
0.177393
0.269057
0.0671095
0.0776835
0.104723
0.480068
0.0247828
0.662
0.662
0.465347
0.662
0.150838
0.662
0.406751
0.0605134
0.0459832
0.132499
0.178593
0.399239
0.482765
0.23368
0.112247
0.39006
0.476595
0.568097
0.657778
0.421927
0.144106
0.0947346
0.127369
0.662
0.1199
0.192037
0.039117
0.258731
0.0125362
0.0856473
0.36639
0.508609
0.284041
0.512056
0.0953046
0.327336
0.333752
0.426123
0.12927
0.124651
0.221416
0.0746873
0.0785087
0.208385
0.662
0.662
0.0680421
0.150915
0.144061
0.662
0.427266
0.165783
0.662
0.318323
0.560329
0.29877
0.221261
0.199827
0.374917
0.319554
0.397994
0.105378
0.0717151
0.221173
0.0240049
0.170357
0.055734
0.194632
0.662
0.277353
0.424828
0.145851
0.189309
0.090339
0.574699
0.160253
0.439104
0.154021
0.662
0.346202
0.0386113
0.662
0.155366
0.10728
0.116305
0.147913
0.223819
0.541498
0.3835
0.376884
0.16816
0.215414
0.129323
0.299581
0.159686
0.582189
0.0883644
0.109275
0.662
0.184377
0.0707519
0.360684
0.0890723
0.275209
0.127103
0.102947
0.373316
0.169177
0.482323
0.171534
0.662
0.388825
0.527553
0.29442
0.204876
0.138521
0.320274
0.174209
0.340692
0.662
0.0969147
0.207361
0.162268
0.617908
0.662
0.662
0.2175
0.219538
0.157101
0.412879
0.0771023
0.202228
0.4699
0.63339
0.0799097
0.290949
0.662
0.0997092
0.0994837
0.0506761
0.107647
0.173119
0.262218
0.12759
0.0198324
0.662
0.213153
0.662
0.22693
0.475556
0.0699398
0.0859593
0.154879
0.662
0.00896346
0.315347
0.162179
0.471299
0.351833
0.215947
0.0458012
0.157151
0.104909
0.297888
0.471551
0.0550813
0.587176
0.274864
0.445267
0.662
0.332983
0.0990873
0.662
0.295779
0.340724
0.662
0.427706
0.12934
0.662
0.32219
0.649865
0.0863518
0.432685
0.662
0.25736
0.586329
0.396936
0.475459
0.47528
0.427405
0.130082
0.14786
0.273867
0.662
0.0723174
0.087928
0.662
0.165276
0.11998
0.309504
0.419759
0.142977
0.662
0.662
0.362623
0.620737
0.154958
0.423423
0.662
0.268915
0.145935
0.484011
0.420664
0.458997
0.137284
0.0975915
0.375476
0.185814
0.259247
0.0715518
0.662
0.0551745
0.662
0.196593
0.122237
0.214649
0.336423
0.142239
0.193124
0.302289
0.270491
0.251285
0.3601
0.217736
0.0647578
0.209465
0.0845606
0.275471
0.506443
0.662
0.220355
0.179664
0.210298
0.0708088
0.165464
0.355957
0.0729791
0.128238
0.662
0.284928
0.125727
0.0270291
0.0889723
0.330196
0.157565
0.400406
0.601054
0.0507643
0.248073
0.662
0.0121028
0.354255
0.0674994
0.662
0.662
0.118695
0.128143
0.268148
0.662
0.100642
0.248927
0.662
0.0842775
0.495164
0.210161
0.352103
0.0919702
0.301359
0.0552989
0.235866
0.158156
0.280223
0.580064
0.152624
0.639418
0.0822107
0.275992
0.0597345
0.569062
0.216845
0.662
0.662
0.105724
0.0892845
0.262111
0.209898
0.0754144
0.163453
0.222259
0.0679059
0.228204
0.186627
0.117895
0.0477208
0.273998
0.662
0.36841
0.0509214
0.662
0.662
0.329542
0.445614
0.162137
0.0677977
0.21875
0.662
0.316605
0.439447
0.662
0.2771
0.662
0.0706448
0.662
0.102463
0.662
0.101484
0.16852
0.114315
0.552596
0.644955
0.141119
0.0308635
0.662
0.158079
0.0521546
0.20207
0.516613
0.662
0.129726
0.167626
0.368754
0.00826053
0.174184
0.560766
0.41944
0.662
0.0659062
0.253826
0.293233
0.217058
0.350714
0.324438
0.112454
0.0585543
0.027662
0.370202
0.102124
0.111459
0.373619
0.0954109
0.0995623
0.437715
0.137271
0.117599
0.106554
0.0222379
0.354836
0.405228
0.142725
0.49784
0.354679
0.271872
0.611165
0.193152
0.115661
0.220925
0.100914
0.0571743
0.247137
0.0992458
0.296633
0.393732
0.137591
0.204415
0.0472337
0.138307
0.124698
0.0573328
0.662
0.206248
0.110767
0.662
0.596093
0.0902539
0.11418
0.0684099
0.662
0.299537
0.179579
0.445524
0.139023
0.307072
0.2498
0.14072
0.174275
0.113136
0.243249
0.662
0.120681
0.362885
0.193882
0.284301
0.463837
0.0623638
0.444459
0.0967945
0.112598
0.285713
0.662
0.233834
0.319706
0.662
0.113819
0.228878
0.462124
0.238428
0.0815173
0.262376
0.0812433
0.212565
0.122931
0.662
0.448786
0.127679
0.0904893
0.44081
0.075328
0.044047
0.0669215
0.221246
0.662
0.662
0.228921
0.662
0.273898
0.662
0.111959
0.547954
0.150797
0.432151
0.1033
0.412076
0.362966
0.046509
0.0830591
0.662
0.662
0.662
0.322673
0.0990131
0.105524
0.662
0.0825798
0.662
0.491597
0.0665531
0.102767
0.32328
0.0665661
0.662
0.171476
0.662
0.106979
0.103278
0.242378
0.196655
0.38584
0.662
0.662
0.07169
0.132165
0.255883
0.196211
0.124434
0.0535019
0.0707545
0.306467
0.662
0.124808
0.662
0.325958
0.110464
0.662
0.662
0.132807
0.2442
0.105346
0.0779007
0.215395
0.0577477
0.0399355
0.186984
0.0615741
0.662
0.662
0.46194
0.490707
0.662
0.654471
0.286371
0.126076
0.0981643
0.236439
0.662
0.0522791
0.201572
0.101235
0.662
0.662
0.184005
0.065768
0.119182
0.662
0.383419
0.29128
0.0911343
0.610145
0.45373
0.113728
0.483814
0.0528241
0.09572
0.288749
0.335042
0.611409
0.143586
0.0549285
0.467275
0.0445353
0.122371
0.309045
0.0743486
0.533495
0.662
0.356665
0.34389
0.459537
0.662
0.271173
0.662
0.0718657
0.121987
0.171734
0.117469
0.662
0.662
0.216791
0.662
0.146142
0.110285
0.181314
0.179807
0.662
0.5029
0.131563
0.359554
0.264082
0.225955
0.662
0.583291
0.662
0.014404
0.662
0.662
0.418015
0.12185
0.0442481
0.049067
0.167314
0.440003
0.0771414
0.4378
0.183614
0.178222
0.543247
0.0983203
0.31557
0.338522
0.140625
0.662
0.291263
0.282359
0.430966
0.146743
0.0772383
0.0896684
0.076614
0.121383
0.186056
0.129673
0.0839651
0.417182
0.202077
0.0465199
0.371045
0.108671
0.145309
0.662
0.482192
0.167459
0.0495802
0.326277
0.622722
0.0956699
0.0502428
0.662
0.0903874
0.0911835
0.497028
0.662
0.107326
0.464417
0.481537
0.155294
0.275632
0.195696
0.148114
0.662
0.229342
0.201003
0.252037
0.3656
0.504748
0.143405
0.218668
0.0778684
0.415276
0.0705284
0.489947
0.662
0.127926
0.0311772
0.129116
0.251667
0.383469
0.140649
0.0055956
0.17345
0.523979
0.0633521
0.114277
0.249257
0.416931
0.543975
0.141196
0.503696
0.662
0.131569
0.371657
0.176501
0.161502
0.142956
0.155877
0.291507
0.178357
0.0692473
0.602983
0.11931
0.662
0.133093
0.486866
0.662
0.0819727
0.150108
0.592241
0.258743
0.44914
0.376395
0.662
0.196954
0.0546333
0.662
0.430768
0.182013
0.662
0.198452
0.151042
0.496794
0.319816
0.103735
0.0882053
0.0345794
0.272964
0.376246
0.0130542
0.528371
0.192004
0.169411
0.0461917
0.502308
0.662
0.343935
0.118394
0.198156
0.112488
0.0328013
0.00463978
0.282398
0.660623
0.0454794
0.618515
0.0156528
0.161769
0.115331
0.412991
0.527575
0.662
0.199569
0.407842
0.473509
0.34908
0.294452
0.448332
0.163856
0.344469
0.0701288
0.662
0.123249
0.571271
0.662
0.0901226
0.0820291
0.575158
0.662
0.390302
0.0666314
0.510265
0.069652
0.279061
0.236094
0.0778683
0.160755
0.287554
0.662
0.662
0.260799
0.0541645
0.373947
0.187656
0.552849
0.0755654
0.175103
0.253113
0.186782
0.0748286
0.176532
0.662
0.138897
0.173499
0.482711
0.284508
0.418257
0.0179883
0.486451
0.0749766
0.387316
0.222634
0.242053
0.336623
0.384032
0.262005
0.662
0.662
0.601004
0.321808
0.0872827
0.080019
0.295367
0.250896
0.138006
0.662
0.0342089
0.33382
0.0274606
0.143458
0.28387
0.0651351
0.220099
0.310112
0.135893
0.244745
0.109037
0.240292
0.308493
0.190971
0.308668
0.386849
0.124151
0.662
0.101207
0.414483
0.134408
0.0613149
0.0702813
0.662
0.296903
0.217519
0.0522341
0.544263
0.639302
0.282584
0.662
0.662
0.0535904
0.147846
0.333382
0.330184
0.164543
0.124885
0.198856
0.120125
0.571498
0.15151
0.244824
0.662
0.294848
0.345518
0.429703
0.0438791
0.187216
0.470124
0.261394
0.366406
0.148607
0.136238
0.662
0.248517
0.447814
0.662
0.1279
0.202829
0.111446
0.212246
0.419509
0.137855
0.108857
0.363324
0.662
0.0329052
0.121038
0.382085
0.0133774
0.0912151
0.662
0.197545
0.662
0.116834
0.292894
0.582449
0.457481
0.662
0.319378
0.23189
0.354108
0.0710711
0.186646
0.493911
0.227403
0.0794488
0.203748
0.0959797
0.3339
0.2135
0.662
0.449961
0.0885439
0.580688
0.147451
0.22968
0.662
0.662
0.0727768
0.662
0.662
0.177325
0.41907
0.217414
0.149742
0.130624
0.662
0.308415
0.188917
0.662
0.192868
0.309882
0.332629
0.308616
0.662
0.106622
0.181784
0.662
0.435206
0.662
0.207787
0.145562
0.662
0.252078
0.410647
0.0943132
0.438044
0.476221
0.496225
0.0680875
0.211004
0.0631319
0.114342
0.662
0.604432
0.662
0.445329
0.653419
0.304887
0.0249487
0.3002
0.413791
0.154807
0.198884
0.244355
0.116981
0.2337
0.314919
0.169657
0.597204
0.182858
0.0795139
0.662
0.282828
0.122565
0.662
0.662
0.631443
0.052908
0.118493
0.662
0.324398
0.27309
0.0884102
0.162077
0.124115
0.662
0.191423
0.079023
0.0484161
0.0862684
0.217936
0.0491445
0.188186
0.122358
0.175678
0.40178
0.662
0.583643
0.0635848
0.191024
0.184696
0.13659
0.307715
0.216123
0.165206
0.452988
0.220101
0.662
0.314218
0.662
0.194619
0.143697
0.617512
0.583419
0.0446053
0.175784
0.662
0.662
0.132312
0.0768042
0.103647
0.350598
0.0551941
0.0329451
0.248304
0.254416
0.0995488
0.0451607
0.662
0.176352
0.662
0.591305
0.218059
0.0812298
0.662
0.142438
0.498327
0.4269
0.0945208
0.135463
0.185573
0.43625
0.207558
0.192536
0.140829
0.373632
0.0342089
0.175317
0.0803976
0.461918
0.143347
0.286678
0.0966391
0.154257
0.393192
0.217831
0.368855
0.343027
0.0949501
0.263982
0.511848
0.405914
0.513609
0.335608
0.296908
0.662
0.374495
0.191371
0.146278
0.0449399
0.231411
0.641492
0.0782409
0.24181
0.040716
0.0591955
0.116571
0.526515
0.124796
0.662
0.152736
0.0516342
0.044773
0.177663
0.203699
0.662
0.618849
0.121002
0.662
0.0158425
0.409919
0.62164
0.248811
0.208012
0.455688
0.140128
0.458616
0.203641
0.0476013
0.223242
0.185866
0.197917
0.285456
0.196504
0.207279
0.611146
0.145466
0.662
0.105034
0.190667
0.206345
0.0534121
0.343345
0.358669
0.136285
0.457906
0.421598
0.396323
0.471693
0.118234
0.164478
0.12132
0.0455182
0.65198
0.371573
0.121893
0.500061
0.196511
0.216642
0.354298
0.662
0.16204
0.0299349
0.158782
0.0769688
0.662
0.662
0.63651
0.0771525
0.103769
0.321087
0.662
0.397884
0.662
0.0192986
0.293075
0.103563
0.300036
0.489587
0.0857732
0.228997
0.539011
0.244569
0.121539
0.00276743
0.14598
0.496695
0.147767
0.155168
0.541933
0.468914
0.662
0.06748
0.233428
0.359744
0.662
0.165596
0.115182
0.159567
0.151938
0.189195
0.486461
0.107393
0.135373
0.435725
0.438441
0.662
0.0717318
0.640522
0.261178
0.470557
0.485
0.0992144
0.0937961
0.662
0.662
0.102717
0.662
0.107023
0.662
0.662
0.119584
0.237517
0.0335131
0.271381
0.137812
0.143324
0.352846
0.105469
0.662
0.243289
0.140711
0.348961
0.25181
0.0148615
0.662
0.137696
0.12619
0.632909
0.0896518
0.550493
0.0754674
0.100533
0.179132
0.0847697
0.148974
0.0919701
0.0632603
0.283953
0.0629842
0.0868624
0.0922295
0.133933
0.662
0.662
0.384716
0.0245246
0.100654
0.153706
0.398105
0.662
0.184917
0.440993
0.147457
0.233768
0.0962035
0.662
0.127456
0.578821
0.662
0.0375441
0.359098
0.662
0.365789
0.298771
0.280227
0.218857
0.209354
0.105224
0.621254
0.662
0.146786
0.175997
0.0544236
0.113367
0.197872
0.101085
0.0724122
0.0723003
0.126978
0.325966
0.155421
0.0992396
0.188585
0.0456543
0.292482
0.456524
0.259246
0.189857
0.19274
0.308461
0.0407171
0.0616249
0.232226
0.52147
0.0910521
0.174319
0.258628
0.18663
0.139313
0.0999349
0.499805
0.216591
0.0248121
0.0295839
0.594262
0.0976596
0.0746476
0.562529
0.0698403
0.533805
0.497631
0.212101
0.368089
0.662
0.482818
0.191493
0.662
0.204593
0.662
0.0911376
0.139792
0.467234
0.20895
0.23145
0.226257
0.620783
0.406551
0.0155391
0.32493
0.0974063
0.12078
0.0661821
0.662
0.662
0.662
0.0316443
0.386538
0.107139
0.217992
0.0832544
0.418297
0.618528
0.483433
0.0156842
0.098991
0.0510056
0.538309
0.497523
0.246959
0.295143
0.163405
0.0950837
0.437151
0.155304
0.13082
0.316702
0.286669
0.662
0.102633
0.0825454
0.0984226
0.229025
0.231562
0.099372
0.363574
0.0921289
0.355078
0.587151
0.290317
0.136675
0.662
0.348555
0.123975
0.0403123
0.542324
0.170529
0.354836
0.091851
0.140784
0.164905
0.321736
0.0973358
0.253505
0.129453
0.0357506
0.0145001
0.0504251
0.206634
0.523741
0.31267
0.0981287
0.0753928
0.428484
0.342504
0.328546
0.662
0.189642
0.0592339
0.0651971
0.131695
0.0489471
0.0479754
0.530492
0.244659
0.328254
0.135819
0.120816
0.0717876
0.662
0.662
0.114799
0.662
0.635161
0.662
0.14635
0.116841
0.14646
0.662
0.245985
0.195767
0.0912241
0.496509
0.117719
0.0728935
0.662
0.260696
0.662
0.148897
0.428084
0.0536254
0.306361
0.135854
0.0711865
0.103746
0.662
0.190058
0.523587
0.180719
0.290083
0.411342
0.189336
0.198609
0.621911
0.342693
0.205796
0.0674497
0.662
0.101778
0.555256
0.355112
0.562353
0.223654
0.150168
0.543271
0.0549204
0.289218
0.0847403
0.662
0.662
0.622645
0.662
0.0187776
0.075118
0.444635
0.375173
0.061247
0.529396
0.101955
0.271209
0.106466
0.0838124
0.283938
0.262336
0.0228409
0.234428
0.250679
0.662
0.039076
0.442778
0.662
0.334869
0.110967
0.139463
0.104331
0.141234
0.166921
0.063776
0.0613259
0.662
0.0469583
0.662
0.547582
0.0992195
0.379659
0.140199
0.106965
0.662
0.503148
0.662
0.0920827
0.186003
0.107763
0.428436
0.0657605
0.127949
0.388592
0.494397
0.0587955
0.388219
0.352356
0.054092
0.662
0.662
0.662
0.349856
0.361053
0.2416
0.662
0.0968716
0.454122
0.102042
0.00444601
0.174914
0.425244
0.166054
0.662
0.644499
0.0904012
0.116372
0.210488
0.357995
0.171666
0.422998
0.210305
0.662
0.0513248
0.142524
0.230891
0.19768
0.380033
0.532529
0.35997
0.227964
0.117804
0.362055
0.154972
0.120155
0.286378
0.191426
0.201331
0.453813
0.36874
0.403016
0.662
0.433718
0.126165
0.245267
0.24167
0.374998
0.162768
0.246103
0.180922
0.0806669
0.496159
0.274744
0.13405
0.0937095
0.0718294
0.277872
0.662
0.117966
0.0994144
0.08307
0.0789623
0.240454
0.662
0.245922
0.0797008
0.217112
0.662
0.202163
0.229233
0.662
0.18426
0.497632
0.306061
0.662
0.349597
0.0726036
0.236061
0.227488
0.302238
0.0647427
0.124957
0.0555686
0.211174
0.662
0.284117
0.104895
0.383208
0.662
0.173309
0.291152
0.64396
0.102771
0.00908412
0.195197
0.0328844
0.662
0.00747787
0.307475
0.249129
0.0577023
0.157615
0.283106
0.662
0.662
0.0456479
0.117476
0.648783
0.411936
0.31601
0.0751163
0.408277
0.181154
0.0282151
0.387726
0.297229
0.297854
0.662
0.148728
0.662
0.662
0.134423
0.142393
0.113829
0.425886
0.281866
0.662
0.0868058
0.238779
0.175592
0.564856
0.343866
0.662
0.388598
0.199873
0.496454
0.0718063
0.427183
0.662
0.0239216
0.115956
0.24331
0.223828
0.0875473
0.0525765
0.231456
0.0596881
0.451055
0.292319
0.662
0.427205
0.0524335
0.300938
0.0948624
0.662
0.662
0.16463
0.281944
0.327752
0.106142
0.662
0.662
0.662
0.135093
0.378411
0.419207
0.142406
0.225234
0.0529541
0.201925
0.662
0.328287
0.311353
0.204709
0.184304
0.393079
0.662
0.148534
0.440488
0.409858
0.662
0.197488
0.157921
0.350438
0.325644
0.401096
0.398841
0.292998
0.662
0.0630039
0.114193
0.274916
0.614756
0.0957179
0.438132
0.100147
0.0654614
0.219455
0.439869
0.395258
0.662
0.551533
0.180197
0.254842
0.662
0.138224
0.322367
0.202584
0.0248483
0.105287
0.202678
0.371682
0.146082
0.620459
0.204238
0.15102
0.662
0.662
0.0698339
0.400536
0.189384
0.157151
0.104722
0.222885
0.158163
0.589356
0.662
0.044515
0.662
0.497217
0.436584
0.595994
0.385249
0.662
0.21964
0.100158
0.188052
0.396575
0.662
0.100324
0.190071
0.148899
0.189422
0.112894
0.0258558
0.662
0.395192
0.300762
0.0592302
0.0546103
0.662
0.419552
0.492385
0.227264
0.0716374
0.134052
0.00582996
0.662
0.662
0.662
0.16677
0.185444
0.0921339
0.179121
0.0653138
0.573981
0.0924807
0.662
0.333195
0.461414
0.171432
0.0854347
0.278422
0.445981
0.662
0.151577
0.0717518
0.662
0.662
0.472936
0.0119451
0.365426
0.226216
0.40567
0.538334
0.662
0.227052
0.465733
0.493464
0.569099
0.445714
0.662
0.551542
0.203919
0.662
0.65914
0.581891
0.160543
0.125755
0.662
0.310332
0.178352
0.0645464
0.389866
0.222821
0.255507
0.564819
0.0442399
0.0453439
0.103777
0.662
0.203636
0.235151
0.11621
0.125536
0.119502
0.226154
0.12485
0.192902
0.324506
0.318097
0.254472
0.153544
0.152096
0.636619
0.0635229
0.289543
0.347363
0.39461
0.662
0.0295818
0.662
0.125581
0.220701
0.662
0.169551
0.113522
0.312912
0.284294
0.34852
0.0337094
0.101677
0.312228
0.139476
0.423834
0.0859632
0.0758967
0.122789
0.303902
0.269564
0.0995019
0.0129803
0.0677521
0.662
0.662
0.265473
0.119753
0.0335637
0.413327
0.281441
0.662
0.0590978
0.556888
0.0355574
0.662
0.134486
0.242191
0.364499
0.0658878
0.662
0.662
0.0100434
0.145257
0.539037
0.235735
0.662
0.186336
0.159554
0.228081
0.189941
0.435532
0.342949
0.0896853
0.410256
0.243626
0.305882
0.0250574
0.662
0.564807
0.319341
0.319756
0.125287
0.662
0.179378
0.226938
0.155402
0.550727
0.0237938
0.662
0.0673429
0.389293
0.112748
0.0829735
0.259758
0.662
0.662
0.24705
0.0629281
0.0911694
0.304714
0.0772279
0.116892
0.151138
0.11186
0.280607
0.535121
0.216461
0.662
0.213847
0.0426956
0.0983679
0.105086
0.354805
0.618106
0.0211466
0.464639
0.21882
0.154885
0.136168
0.273542
0.171724
0.250882
0.0742111
0.662
0.662
0.38256
0.0744267
0.158773
0.131982
0.16577
0.200208
0.0297929
0.622645
0.167394
0.134301
0.448786
0.0515364
0.655393
0.662
0.133361
0.662
0.213494
0.662
0.662
0.662
0.139577
0.0557104
0.378628
0.467457
0.181761
0.662
0.156206
0.201686
0.0648305
0.0447021
0.180646
0.550317
0.317843
0.0122466
0.662
0.485747
0.139816
0.0954275
0.0124055
0.0710286
0.434229
0.120894
0.180592
0.0419125
0.181322
0.662
0.0651963
0.0301915
0.0537034
0.372668
0.193855
0.234399
0.612091
0.468166
0.400113
0.19264
0.112001
0.514812
0.0561867
0.44346
0.0197163
0.153906
0.662
0.0739826
0.662
0.0471755
0.064014
0.602754
0.392463
0.166021
0.625067
0.233114
0.181331
0.232665
0.470208
0.662
0.614232
0.0798467
0.39844
0.662
0.188567
0.327306
0.183408
0.124006
0.359857
0.111129
0.115822
0.079367
0.394223
0.660843
0.662
0.20448
0.517944
0.0658825
0.245228
0.00116862
0.26539
0.117418
0.194777
0.107237
0.423358
0.312326
0.172031
0.146573
0.147171
0.471858
0.0375317
0.429151
0.159381
0.662
0.119445
0.181333
0.662
0.177644
0.0914853
0.227836
0.391493
0.295969
0.375711
0.0388546
0.118428
0.138622
0.0864863
0.159618
0.662
0.662
0.382346
0.662
0.662
0.219022
0.507697
0.316048
0.304343
0.0990075
0.251691
0.222705
0.0974956
0.227793
0.166967
0.0135553
0.347163
0.0658598
0.218038
0.072462
0.148726
0.380294
0.662
0.444671
0.0948539
0.662
0.0233709
0.0674593
0.0944748
0.200601
0.235051
0.4157
0.0556535
0.0822637
0.504609
0.461558
0.122116
0.209114
0.253362
0.159254
0.100297
0.662
0.232722
0.243447
0.396415
0.39126
0.103615
0.662
0.114434
0.652445
0.614058
0.093634
0.161212
0.13521
0.129008
9.85866e-05
0.254139
0.0276991
0.381335
0.0933442
0.0413822
0.0956574
0.0709872
0.363715
0.560891
0.150223
0.401876
0.333038
0.13297
0.229164
0.662
0.187647
0.0635097
0.270659
0.521471
0.0579736
0.0749816
0.458599
0.0982801
0.457897
0.0846868
0.220816
0.070851
0.235585
0.662
0.141543
0.2511
0.237084
0.582529
0.438452
0.662
0.620247
0.334799
0.659595
0.1856
0.457225
0.579629
0.394935
0.662
0.0512809
0.662
0.177625
0.222367
0.662
0.662
0.17966
0.159511
0.662
0.117735
0.387802
0.662
0.107115
0.662
0.174307
0.0917925
0.218206
0.140936
0.169851
0.401529
0.461085
0.182429
0.34219
0.0721501
0.472806
0.40187
0.0981916
0.44447
0.189965
0.414568
0.150397
0.124118
0.484861
0.122813
0.584356
0.662
0.105362
0.298448
0.126573
0.201813
0.662
0.110321
0.124773
0.0998906
0.416041
0.409668
0.166653
0.442206
0.0695633
0.509661
0.125517
0.15376
0.154253
0.614966
0.219632
0.211296
0.444309
0.145219
0.231411
0.662
0.168955
0.430987
0.385476
0.662
0.662
0.316963
0.662
0.136871
0.168159
0.126957
0.571901
0.0106984
0.114978
0.0338061
0.0691003
0.059054
0.662
0.331622
0.213614
0.652766
0.143061
0.662
0.10186
0.290381
0.443587
0.146574
0.662
0.468557
0.0876175
0.0751663
0.662
0.662
0.101749
0.159211
0.0215363
0.105238
0.148275
0.273555
0.290078
0.120723
0.662
0.229913
0.0800657
0.303983
0.662
0.0821226
0.0741033
0.662
0.662
0.173856
0.662
0.0889153
0.229537
0.0520891
0.106768
0.635056
0.277608
0.653561
0.461088
0.0596804
0.388951
0.0695727
0.662
0.662
0.615584
0.371794
0.0452201
0.662
0.0367183
0.104264
0.0914716
0.662
0.598551
0.16124
0.243526
0.662
0.155643
0.662
0.662
0.148781
0.08471
0.662
0.332313
0.427728
0.59847
0.118435
0.145194
0.0968705
0.266196
0.0595871
0.0222174
0.0580224
0.582325
0.314261
0.236297
0.662
0.662
0.100311
0.602995
0.02974
0.606977
0.341653
0.0287725
0.186729
0.326567
0.14707
0.156085
0.119438
0.529974
0.139101
0.662
0.424847
0.00333547
0.280294
0.662
0.662
0.326745
0.424128
0.509998
0.662
0.412251
0.175624
0.451
0.3457
0.398642
0.206512
0.356103
0.662
0.620654
0.0923776
0.143361
0.343636
0.594766
0.0682504
0.336109
0.045192
0.248166
0.0736073
0.11329
0.10413
0.294549
0.0903579
0.412173
0.219025
0.662
0.313466
0.209944
0.430211
0.379473
0.0340269
0.0191152
0.277836
0.356526
0.5126
0.403505
0.161042
0.15157
0.26454
0.139096
0.0963258
0.440007
0.329165
0.286608
0.0833951
0.556226
0.446603
0.662
0.143205
0.50871
0.249336
0.211637
0.662
0.172206
0.0246739
0.0812305
0.0643434
0.334192
0.321557
0.303138
0.363689
0.662
0.152166
0.0543033
0.376287
0.0413229
0.237859
0.017657
0.362199
0.210058
0.177936
0.0366772
0.0625862
0.329482
0.334487
0.382975
0.23293
0.192761
0.593691
0.471415
0.277859
0.440985
0.401144
0.0733352
0.662
0.290927
0.182605
0.113936
0.106562
0.606501
0.662
0.228235
0.546834
0.662
0.522894
0.00192993
0.101764
0.173766
0.270429
0.0925054
0.286433
0.0725409
0.308849
0.662
0.158313
0.453992
0.662
0.189709
0.210238
0.204092
0.0713465
0.192615
0.169145
0.0728695
0.124171
0.113194
0.140738
0.0437531
0.662
0.450911
0.59603
0.0680917
0.662
0.154947
0.257642
0.0888458
0.291589
0.0598676
0.149793
0.480975
0.276307
0.179668
0.0557404
0.230484
0.262259
0.0850292
0.268398
0.662
0.662
0.0767213
0.34275
0.51385
0.662
0.249802
0.0762185
0.074602
0.648914
0.293075
0.662
0.275896
0.275978
0.162581
0.638278
0.251832
0.179898
0.205375
0.144746
0.0653641
0.0883686
0.116895
0.392971
0.227558
0.0846229
0.0604863
0.206063
0.470977
0.108279
0.477841
0.262514
0.168691
0.0789731
0.443983
0.36408
0.419996
0.0662143
0.290501
0.313603
0.0711429
0.0864961
0.160564
0.00639897
0.271107
0.07326
0.662
0.662
0.662
0.0964395
0.179522
0.0191787
0.662
0.477834
0.196418
0.622259
0.165337
0.378305
0.662
0.029255
0.662
0.457024
0.305981
0.662
0.662
0.0285658
0.662
0.455064
0.111326
0.173407
0.444506
0.17079
0.375397
0.388909
0.0561037
0.0991861
0.0806838
0.196812
0.662
0.0676444
0.556302
0.662
0.0800452
0.0675799
0.0480946
0.58627
0.239009
0.125651
0.121908
0.257016
0.574429
0.369847
0.0495779
0.113053
0.263199
0.192388
0.073403
0.242728
0.637011
0.441473
0.184395
0.110508
0.123352
0.132414
0.14885
0.662
0.490253
0.257228
0.111649
0.29531
0.662
0.248217
0.0151756
0.521771
0.275671
0.350149
0.233032
0.319989
0.323598
0.0655116
0.102072
0.19998
0.239697
0.662
0.259551
0.197198
0.341916
0.0300781
0.163344
0.410435
0.217777
0.168934
0.0902934
0.170429
0.193306
0.0893566
0.405669
0.16931
0.108771
0.614913
0.106866
0.212774
0.662
0.206672
0.11307
0.100355
0.600203
0.535232
0.108862
0.636691
0.271276
0.0518881
0.343816
0.177582
0.0760103
0.448867
0.662
0.0331138
0.0865487
0.594728
0.136517
0.0875986
0.219491
0.068153
0.0887279
0.199509
0.128832
0.662
0.464057
0.114573
0.169626
0.122846
0.516859
0.662
0.223117
0.092119
0.296615
0.254066
0.63558
0.0779692
0.662
0.0367156
0.146334
0.662
0.0646484
0.24048
0.440563
0.19427
0.109683
0.0595973
0.222152
0.414069
0.152111
0.285766
0.629645
0.316453
0.0565204
0.662
0.0823901
0.331884
0.00615321
0.427491
0.662
0.251361
0.662
0.514484
0.122702
0.155622
0.662
0.271911
0.162035
0.267542
0.0885721
0.161977
0.159202
0.20809
0.0895582
0.206119
0.218758
0.662
0.101005
0.662
0.157294
0.662
0.271622
0.576563
0.291558
0.662
0.650298
0.116185
0.12635
0.0927503
0.0924585
0.308151
0.284611
0.221009
0.662
0.581287
0.0184249
0.0360821
0.339507
0.0527134
0.427174
0.232238
0.0282367
0.363802
0.261971
0.360486
0.241424
0.300132
0.590421
0.241659
0.662
0.538238
0.337838
0.159686
0.0736551
0.516407
0.316048
0.281349
0.336764
0.278641
0.662
0.662
0.0946868
0.170912
0.304346
0.0654097
0.348378
0.12705
0.217182
0.175936
0.19305
0.209695
0.1002
0.590812
0.283621
0.179788
0.478715
0.165055
0.180245
0.291332
0.161101
0.259049
0.0196302
0.217459
0.662
0.662
0.208945
0.2467
0.662
0.662
0.286065
0.0653348
0.0540945
0.161639
0.118467
0.567777
0.120108
0.500406
0.38363
0.287565
0.662
0.206727
0.0887102
0.131809
0.550708
0.316559
0.1334
0.129057
0.130633
0.577815
0.130797
0.0384238
0.191189
0.210964
0.0869565
0.255996
0.103921
0.662
0.339896
0.317995
0.0244221
0.291221
0.0916511
0.474303
0.612551
0.212459
0.494964
0.0818676
0.271367
0.152121
0.0618539
0.203224
0.0854919
0.46571
0.146145
0.433185
0.10026
0.393893
0.0360403
0.662
0.0326979
0.076311
0.0880784
0.141658
0.26042
0.662
0.0877254
0.132659
0.101346
0.381332
0.393662
0.237129
0.472519
0.662
0.112409
0.0717328
0.0976885
0.399827
0.0741589
0.0299035
0.662
0.662
0.0315838
0.423686
0.0834571
0.229635
0.185463
0.0928657
0.0787653
0.134502
0.313063
0.0159231
0.0759222
0.124898
0.662
0.534451
0.0555068
0.479224
0.662
0.628975
0.444492
0.579886
0.293998
0.0535059
0.056504
0.499408
0.39871
0.244802
0.087399
0.0224829
0.662
0.278856
0.370077
0.256407
0.27634
0.234556
0.267756
0.156866
0.415005
0.371889
0.143735
0.0336904
0.0963647
0.662
0.415612
0.199424
0.281383
0.248385
0.662
0.281452
0.109306
0.662
0.133007
0.488912
0.134819
0.0561391
0.307161
0.128106
0.254687
0.0820835
0.55502
0.296922
0.277055
0.662
0.662
0.370356
0.191666
0.374284
0.0734185
0.13631
0.150382
0.274129
0.148118
0.525343
0.0392154
0.662
0.186946
0.662
0.393626
0.457423
0.456083
0.49486
0.530997
0.178457
0.662
0.0909087
0.0663338
0.0947761
0.112053
0.281567
0.14895
0.0707268
0.0322268
0.323969
0.146724
0.296906
0.0343066
0.662
0.210664
0.364782
0.0817387
0.153472
0.180663
0.140115
0.112097
0.58561
0.0693652
0.399744
0.662
0.155107
0.605892
0.0863005
0.0857503
0.164469
0.361721
0.551404
0.378803
0.204413
0.33557
0.458888
0.662
0.0608795
0.123924
0.278132
0.244201
0.243927
0.0492528
0.479027
0.156626
0.104831
0.129926
0.40754
0.0781524
0.602538
0.323821
0.601373
0.0643322
0.662
0.30552
0.371011
0.074792
0.129041
0.662
0.15723
0.502407
0.155425
0.128939
0.460539
0.0721422
0.385005
0.0978252
0.265579
0.160663
0.486884
0.281514
0.116909
0.298777
0.0769706
0.467579
0.430972
0.46868
0.662
0.0523243
0.209196
0.345729
0.110925
0.180292
0.220709
0.263883
0.227226
0.177699
0.535346
0.11154
0.103129
0.0345426
0.0633049
0.662
0.364645
0.497995
0.187762
0.185695
0.0736035
0.234586
0.279055
0.056625
0.156149
0.447601
0.168904
0.0688708
0.154035
0.312645
0.307022
0.314423
0.662
0.125555
0.293549
0.159632
0.203573
0.662
0.212053
0.662
0.148352
0.170267
0.0645227
0.249009
0.379786
0.343898
0.349634
0.662
0.129401
0.487928
0.046344
0.377097
0.1392
0.082805
0.402805
0.147211
0.226452
0.0694783
0.190054
0.180418
0.0217095
0.0736724
0.401174
0.0750154
0.102444
0.50059
0.16389
0.662
0.34523
0.161933
0.127096
0.171854
0.127265
0.0969813
0.33324
0.514741
0.270295
0.372695
0.147059
0.0396972
0.0848333
0.177432
0.662
0.193582
0.214645
0.078733
0.0579724
0.22558
0.136311
0.0535551
0.406493
0.23852
0.359006
0.0470603
0.662
0.111901
0.22544
0.0680949
0.26499
0.662
0.239896
0.0180116
0.346157
0.113709
0.0471433
0.662
0.0446366
0.241312
0.662
0.0331534
0.321279
0.401775
0.277673
0.0702748
0.355236
0.052817
0.125065
0.108614
0.157721
0.260286
0.226867
0.299794
0.0787226
0.20839
0.135866
0.0968344
0.378331
0.237913
0.5508
0.0905078
0.409289
0.436595
0.140865
0.373222
0.273492
0.228991
0.241337
0.449412
0.0660025
0.459188
0.0664151
0.662
0.37185
0.200166
0.065243
0.0512546
0.230385
0.662
0.228608
0.143649
0.259283
0.557039
0.662
0.390535
0.219913
0.432443
0.437944
0.0647534
0.260534
0.0841423
0.107683
0.468093
0.090084
0.662
0.183634
0.391643
0.0417153
0.27615
0.662
0.428371
0.227082
0.662
0.07564
0.0590576
0.0899972
0.339185
0.0599028
0.343126
0.61548
0.18536
0.208202
0.293396
0.194405
0.0277797
0.662
0.0915804
0.202728
0.662
0.06546
0.21912
0.103999
0.373773
0.130072
0.57842
0.0625593
0.2857
0.114443
0.431245
0.317038
0.0678161
0.0511869
0.384283
0.0413708
0.0851847
0.102112
0.191956
0.636134
0.662
0.0330013
0.555496
0.20998
0.300522
0.160109
0.048313
0.17254
0.28082
0.245568
0.20228
0.0751227
0.0447817
0.454509
0.112214
0.0595958
0.217583
0.662
0.662
0.532186
0.299546
0.0229843
0.471581
0.025779
0.331957
0.662
0.262237
0.152382
0.0515672
0.50942
0.307131
0.538604
0.136211
0.306823
0.260059
0.130352
0.363246
0.662
0.662
0.102613
0.372311
0.662
0.372975
0.190497
0.06037
0.662
0.380312
0.662
0.235903
0.0537992
0.514304
0.0729808
0.106647
0.116841
0.0150921
0.48397
0.042148
0.619
0.49014
0.237917
0.394977
0.147097
0.471774
0.539401
0.0871964
0.0408841
0.398226
0.298625
0.118747
0.109619
0.339419
0.662
0.103678
0.206536
0.103119
0.051571
0.307202
0.17263
0.325982
0.210581
0.110254
0.0164723
0.648631
0.0820617
0.662
0.188512
0.174695
0.460196
0.177337
0.113882
0.0632527
0.178223
0.258616
0.256661
0.662
0.259025
0.111961
0.521653
0.165896
0.463662
0.483485
0.101111
0.191539
0.642436
0.662
0.662
0.4742
0.10952
0.0688114
0.0123706
0.662
0.662
0.0925701
0.431592
0.202445
0.122162
0.662
0.44992
0.260835
0.347183
0.123578
0.662
0.271711
0.258078
0.614164
0.100311
0.662
0.662
0.240141
0.0471671
0.0559302
0.0834906
0.662
0.622324
0.662
0.166627
0.316591
0.0606571
0.154978
0.264399
0.298724
0.423981
0.662
0.32443
0.00844382
0.662
0.172495
0.149366
0.662
0.389873
0.428222
0.6613
0.446634
0.0535056
0.42908
0.138332
0.470865
0.519304
0.13923
0.662
0.123209
0.134881
0.390337
0.109401
0.03059
0.116342
0.314192
0.662
0.0715747
0.662
0.662
0.116845
0.0680602
0.36174
0.113272
0.276202
0.112919
0.291368
0.122872
0.0637654
0.555462
0.232506
0.471061
0.10772
0.25688
0.0864827
0.662
0.515924
0.662
0.136575
0.142306
0.510395
0.343445
0.0959373
0.639744
0.146954
0.401242
0.0759232
0.162629
0.160027
0.322485
0.0663929
0.068466
0.496945
0.632362
0.135319
0.662
0.235096
0.662
0.376699
0.662
0.509317
0.335868
0.0599407
0.0746015
0.220293
0.273037
0.16299
0.207449
0.0707961
0.0871269
0.422047
0.15846
0.477173
0.291041
0.489663
0.434413
0.0770747
0.57499
0.404471
0.290172
0.299755
0.153698
0.131523
0.296569
0.103928
0.15462
0.107187
0.662
0.249608
0.0572932
0.199608
0.662
0.31356
0.662
0.662
0.459286
0.0934076
0.0964172
0.38527
0.402689
0.128634
0.662
0.177751
0.657856
0.151811
0.303637
0.100327
0.662
0.290853
0.0723692
0.0821029
0.0576067
0.0826687
0.119457
0.0873592
0.0788105
0.129394
0.662
0.244916
0.120378
0.0997048
0.203402
0.247114
0.381205
0.0455687
0.19087
0.547239
0.034725
0.522101
0.0568154
0.644714
0.156439
0.273452
0.171726
0.155393
0.107391
0.138926
0.130133
0.57591
0.635444
0.662
0.0842335
0.605765
0.431589
0.225368
0.384873
0.662
0.128704
0.614159
0.383959
0.0177588
0.574026
0.662
0.224512
0.0869834
0.662
0.400924
0.662
0.0323053
0.127712
0.389617
0.204874
0.167378
0.662
0.662
0.662
0.203936
0.428565
0.662
0.132796
0.662
0.159324
0.542045
0.182419
0.532868
0.0288798
0.119291
0.0787262
0.518069
0.0752696
0.221562
0.271719
0.662
0.100293
0.151683
0.507884
0.438395
0.151943
0.230409
0.496919
0.201246
0.662
0.662
0.0143043
0.143861
0.387534
0.212253
0.662
0.313075
0.151084
0.157627
0.255968
0.110394
0.186693
0.37978
0.134415
0.564179
0.51014
0.042494
0.169727
0.184802
0.104045
0.662
0.167223
0.23677
0.161147
0.662
0.397291
0.112328
0.350974
0.242744
0.336677
0.151713
0.127831
0.587669
0.546355
0.260327
0.619621
0.256168
0.163674
0.365164
0.629838
0.483039
0.133485
0.19612
0.433284
0.662
0.436238
0.0567493
0.276785
0.662
0.556887
0.662
0.520159
0.139615
0.405358
0.0942831
0.0463964
0.594545
0.0703483
0.140815
0.17857
0.0556118
0.0273281
0.662
0.320318
0.0257307
0.433772
0.4448
0.227597
0.253462
0.475146
0.20381
0.125825
0.149284
0.662
0.662
0.213064
0.662
0.0744858
0.361584
0.0190507
0.53283
0.0775353
0.593995
0.399233
0.0576752
0.0791753
0.0520184
0.487902
0.662
0.241465
0.141042
0.179149
0.192707
0.161612
0.662
0.127567
0.241665
0.662
0.0905196
0.662
0.358308
0.0928743
0.208366
0.290006
0.0411382
0.662
0.219575
0.122469
0.306579
0.440643
0.662
0.155757
0.195597
0.322822
0.305947
0.117082
0.558468
0.0967042
0.584779
0.353594
0.35239
0.662
0.662
0.286748
0.0802209
0.030174
0.123994
0.112688
0.662
0.259022
0.402293
0.240316
0.0706817
0.147312
0.0887773
0.0344716
0.117346
0.401695
0.649452
0.619831
0.284854
0.106958
0.082527
0.384012
0.196386
0.0970437
0.497529
0.429565
0.575666
0.0397697
0.586681
0.0149176
0.662
0.167595
0.547322
0.0827108
0.169273
0.0438031
0.141716
0.460164
0.662
0.65819
0.0837539
0.662
0.662
0.294069
0.381949
0.0697651
0.117649
0.585168
0.38953
0.2677
0.207428
0.129025
0.0657991
0.278477
0.119493
0.251016
0.0361152
0.662
0.662
0.402037
0.662
0.0758434
0.12021
0.0233492
0.0949064
0.662
0.241578
0.355299
0.662
0.0888172
0.214533
0.212504
0.574064
0.0366068
0.021335
0.565031
0.108372
0.596118
0.558242
0.0905526
0.112948
0.192244
0.0338718
0.133777
0.401917
0.355473
0.0545925
0.199821
0.309413
0.195214
0.213043
0.232583
0.279352
0.171048
0.0794506
0.15018
0.462604
0.214665
0.0483177
0.0817967
0.370979
0.0747971
0.41931
0.605506
0.119559
0.662
0.470522
0.0172053
0.533597
0.0942465
0.602125
0.479173
0.20938
0.126415
0.662
0.457742
0.0810905
0.662
0.167675
0.0490382
0.234005
0.193897
0.0445543
0.380248
0.0975864
0.18816
0.370564
0.209159
0.130607
0.202176
0.646982
0.124999
0.103256
0.134091
0.662
0.170661
0.662
0.273733
0.106593
0.0523049
0.14741
0.297057
0.207752
0.420201
0.127925
0.662
0.643764
0.656164
0.662
0.455651
0.291984
0.399321
0.122803
0.076514
0.136512
0.662
0.116685
0.434055
0.564746
0.662
0.0688124
0.662
0.382599
0.633694
0.321999
0.0629415
0.0936486
0.115813
0.215638
0.433772
0.205025
0.250563
0.211992
0.662
0.0881064
0.448299
0.206428
0.371775
0.158624
0.300449
0.113037
0.662
0.4288
0.480551
0.146709
0.159032
0.662
0.0619237
0.378785
0.662
0.114291
0.544899
0.662
0.499004
0.119826
0.132894
0.107371
0.20533
0.662
0.0908714
0.662
0.28122
0.0955728
0.662
0.0591226
0.097784
0.197994
0.537661
0.0142881
0.101875
0.141401
0.633293
0.43103
0.423866
0.430944
0.315066
0.662
0.354821
0.0773524
0.508431
0.37944
0.662
0.0549985
0.363628
0.662
0.307653
0.0967621
0.0975845
0.380101
0.175332
0.343734
0.662
0.662
0.00304815
0.0388691
0.126009
0.110642
0.662
0.167722
0.490925
0.0852205
0.468502
0.260461
0.184417
0.148612
0.298787
0.0289606
0.0594423
0.00764639
0.662
0.238031
0.318201
0.421155
0.0944101
0.623977
0.269827
0.411858
0.662
0.424717
0.0545289
0.662
0.363867
0.0912285
0.650295
0.384322
0.325441
0.662
0.413696
0.448785
0.317394
0.226749
0.336262
0.126281
0.532516
0.231541
0.348012
0.12877
0.254781
0.00261687
0.190489
0.275911
0.582283
0.279867
0.0165389
0.416481
0.0489341
0.172163
0.205423
0.27804
0.197311
0.112305
0.322588
0.129238
0.131988
0.305684
0.662
0.0839401
0.216096
0.112517
0.248616
0.224068
0.662
0.662
0.00812256
0.191221
0.0986692
0.0963981
0.535494
0.650988
0.232195
0.401288
0.185411
0.485906
0.289604
0.291769
0.662
0.288744
0.0406897
0.430901
0.017231
0.0507804
0.107599
0.456075
0.384148
0.209163
0.115423
0.366736
0.408856
0.46149
0.662
0.297912
0.22982
0.343469
0.489654
0.313417
0.662
0.648611
0.662
0.159698
0.0580085
0.426263
0.625955
0.659116
0.367775
0.345004
0.28222
0.0533082
0.0621676
0.128438
0.34619
0.662
0.662
0.471581
0.107444
0.575686
0.654775
0.117592
0.129974
0.136457
0.209838
0.662
0.467688
0.362434
0.239646
0.107897
0.450071
0.188029
0.425088
0.0924352
0.262063
0.28074
0.534634
0.185501
0.105398
0.217424
0.662
0.355502
0.255251
0.0916912
0.104453
0.232818
0.349614
0.422119
0.157104
0.112332
0.215965
0.425103
0.392794
0.662
0.598251
0.142087
0.662
0.239831
0.662
0.0383796
0.0854668
0.144578
0.550589
0.662
0.662
0.353918
0.182661
0.481561
0.225503
0.322614
0.662
0.133717
0.137319
0.129083
0.395478
0.109626
0.55211
0.433078
0.296668
0.662
0.142366
0.0416596
0.117877
0.0983003
0.425447
0.169716
0.156606
0.446419
0.0532949
0.060194
0.179001
0.0827106
0.0877743
0.322965
0.20719
0.0919458
0.178861
0.662
0.419828
0.429868
0.350333
0.13217
0.0656034
0.14263
0.338484
0.16783
0.0790225
0.39678
0.0782082
0.107013
0.351546
0.035275
0.151828
0.320667
0.0748349
0.0873052
0.213959
0.662
0.136647
0.0859492
0.662
0.662
0.0664479
0.116532
0.06114
0.369373
0.126696
0.156862
0.224544
0.0631819
0.0916303
0.662
0.0678942
0.138424
0.194561
0.107547
0.26658
0.5518
0.0716983
0.361485
0.219594
0.145278
0.299411
0.266706
0.0661106
0.662
0.0928613
0.662
0.0798189
0.109425
0.662
0.132131
0.0313885
0.276519
0.273663
0.662
0.153336
0.320905
0.0302583
0.135727
0.109265
0.54796
0.108682
0.137305
0.111944
0.0748095
0.166085
0.662
0.136603
0.662
0.109061
0.414397
0.120767
0.125698
0.624231
0.313565
0.625242
0.171788
0.662
0.292621
0.364996
0.240468
0.523279
0.610746
0.0660991
0.471668
0.093664
0.380973
0.184087
0.529204
0.043479
0.648595
0.662
0.353069
0.363217
0.273971
0.42636
0.170188
0.415706
0.0787464
0.662
0.120473
0.313754
0.122099
0.0657611
0.223608
0.0713649
0.438179
0.228127
0.203504
0.0735605
0.109105
0.662
0.117286
0.469136
0.11863
0.603401
0.129305
0.161894
0.13176
0.351192
0.166275
0.116832
0.0769746
0.4633
0.662
0.0297041
0.662
0.332734
0.235205
0.208233
0.193669
0.45409
0.521729
0.0597916
0.112122
0.324942
0.0608931
0.265218
0.185257
0.281241
0.121379
0.318436
0.397331
0.326522
0.622702
0.237623
0.0542758
0.100162
0.258973
0.462706
0.662
0.169168
0.073165
0.0952144
0.662
0.110332
0.125549
0.362172
0.662
0.42835
0.140476
0.629706
0.114361
0.324562
0.341601
0.662
0.215366
0.0341212
0.117592
0.623077
0.310757
0.0672465
0.187633
0.0134352
0.11736
0.140396
0.279242
0.109158
0.237473
0.440542
0.662
0.231635
0.662
0.662
0.397457
0.101821
0.662
0.45782
0.662
0.572951
0.442689
0.358199
0.642546
0.132878
0.104695
0.662
0.00368533
0.37848
0.466702
0.612127
0.56238
0.662
0.125793
0.271205
0.101299
0.143533
0.662
0.662
0.147104
0.188
0.0805931
0.38908
0.274428
0.662
0.225751
0.306805
0.583051
0.662
0.107364
0.662
0.123859
0.662
0.662
0.492962
0.246361
0.146592
0.294938
0.23181
0.662
0.0217112
0.191165
0.0926521
0.0675398
0.264679
0.662
0.140055
0.482004
0.0893726
0.349259
0.14541
0.337205
0.662
0.0904929
0.418044
0.26311
0.0611994
0.155701
0.662
0.205277
0.0790983
0.225789
0.10337
0.301687
0.662
0.405791
0.623434
0.0831836
0.551338
0.358034
0.161942
0.184041
0.112563
0.166307
0.191628
0.105436
0.0166628
0.403938
0.0879112
0.662
0.121607
0.662
0.444238
0.0790958
0.429352
0.280571
0.104652
0.517631
0.662
0.539022
0.198342
0.113617
0.0449407
0.273549
0.235784
0.362462
0.469147
0.324241
0.056347
0.428322
0.222232
0.246739
0.0119537
0.258898
0.071127
0.662
0.662
0.0828932
0.155538
0.0826797
0.170831
0.0486559
0.0619841
0.184443
0.662
0.274281
0.118358
0.368573
0.296753
0.0853938
0.0100307
0.271829
0.198719
0.59424
0.632979
0.348496
0.114789
0.364728
0.541276
0.273063
0.0513424
0.121743
0.33816
0.129243
0.0597097
0.467151
0.0543268
0.0671526
0.594101
0.662
0.475569
0.158801
0.662
0.143514
0.375842
0.175803
0.286749
0.662
0.124159
0.135184
0.27723
0.111384
0.303792
0.291511
0.381288
0.631464
0.0647353
0.144464
0.300765
0.0985165
0.117699
0.221658
0.108303
0.662
0.563905
0.094357
0.357934
0.0447992
0.479043
0.273506
0.420045
0.118338
0.662
0.0789445
0.0174489
0.168705
0.338241
0.662
0.0673121
0.242482
0.146535
0.136127
0.153813
0.126859
0.213655
0.0880723
0.0332005
0.0740928
0.603996
0.215118
0.235408
0.105378
0.22022
0.322122
0.540809
0.0393435
0.40034
0.106277
0.503148
0.0967378
0.162373
0.172902
0.563492
0.662
0.29629
0.657865
0.231937
0.291891
0.121152
0.539409
0.130603
0.662
0.662
0.396645
0.0910708
0.662
0.655679
0.071685
0.334287
0.433539
0.250608
0.080094
0.102639
0.347064
0.0402125
0.662
0.063305
0.120127
0.385528
0.662
0.0548005
0.289879
0.0686671
0.379271
0.0913034
0.0151754
0.331947
0.121464
0.222937
0.0406935
0.178144
0.216324
0.112726
0.0865499
0.138496
0.320257
0.0977491
0.601214
0.40826
0.376047
0.327132
0.482118
0.151842
0.219763
0.43117
0.141464
0.653573
0.112089
0.495876
0.0492725
0.150655
0.524663
0.662
0.117993
0.188431
0.122804
0.325828
0.296665
0.134934
0.17897
0.0731955
0.224413
0.473397
0.656117
0.119012
0.130251
0.0799314
0.0749377
0.235088
0.102772
0.662
0.336029
0.0871956
0.662
0.239795
0.26539
0.0880023
0.0631194
0.22232
0.0313654
0.275512
0.151488
0.117694
0.034275
0.212431
0.662
0.392083
0.662
0.524396
0.2463
0.647084
0.17215
0.0797722
0.0447269
0.200183
0.662
0.411159
0.067097
0.310013
0.0664785
0.212339
0.417399
0.405667
0.124465
0.470871
0.231303
0.662
0.568676
0.0959929
0.217926
0.150429
0.0845591
0.00375974
0.236447
0.0262647
0.037736
0.141448
0.662
0.320396
0.056647
0.150063
0.137701
0.119535
0.645163
0.167485
0.102016
0.343962
0.0630263
0.319165
0.32972
0.0320453
0.223813
0.0352163
0.437662
0.0641107
0.146877
0.662
0.0392348
0.273666
0.0713565
0.239014
0.264209
0.187688
0.0213167
0.384643
0.162775
0.31519
0.36654
0.662
0.306791
0.321883
0.505517
0.26733
0.105616
0.303916
0.354138
0.202171
0.125783
0.587157
0.427084
0.172314
0.563329
0.483942
0.219517
0.251856
0.263074
0.164772
0.112965
0.542492
0.204669
0.0750253
0.662
0.0331373
0.662
0.0915393
0.662
0.120468
0.056592
0.662
0.662
0.1583
0.159655
0.174697
0.135007
0.160915
0.662
0.578984
0.0848558
0.0899602
0.223302
0.0928344
0.235298
0.105547
0.563087
0.0837684
0.389799
0.662
0.111928
0.662
0.298807
0.256247
0.17722
0.0838798
0.384394
0.111572
0.475434
0.11697
0.0718017
0.214507
0.10663
0.0375211
0.113737
0.662
0.539907
0.27873
0.469547
0.415113
0.662
0.166725
0.662
0.662
0.292327
0.145104
0.380553
0.594132
0.609384
0.127296
0.0913683
0.0258935
0.469258
0.0569199
0.527483
0.144646
0.208513
0.0581855
0.234294
0.181116
0.44249
0.255358
0.11981
0.294777
0.0826959
0.0951059
0.572037
0.662
0.662
0.0578981
0.283497
0.231148
0.469303
0.208196
0.0790737
0.0305981
0.0710529
0.592176
0.187658
0.469792
0.0506655
0.103734
0.662
0.130626
0.600378
0.29482
0.343497
0.392033
0.268992
0.414805
0.181943
0.408161
0.661436
0.662
0.421625
0.230755
0.10461
0.144592
0.284141
0.413601
0.277581
0.105947
0.257162
0.644603
0.199559
0.332107
0.070528
0.439257
0.373034
0.0375564
0.172001
0.317702
0.0182823
0.662
0.145091
0.0910467
0.662
0.285615
0.19382
0.20883
0.662
0.662
0.36031
0.0399697
0.662
0.137193
0.0275149
0.364137
0.628554
0.0116048
0.298861
0.553316
0.0506456
0.0596184
0.505688
0.662
0.00398733
0.562421
0.378491
0.318968
0.152988
0.557635
0.13706
0.351555
0.589955
0.0574104
0.101146
0.0800262
0.214673
0.662
0.392801
0.186316
0.25095
0.499999
0.205358
0.0466946
0.485461
0.637391
0.0625726
0.430755
0.268572
0.296069
0.662
0.0979169
0.1144
0.227659
0.662
0.0626153
0.662
0.107918
0.378789
0.234721
0.387159
0.426601
0.0806216
0.419172
0.14722
0.127474
0.2033
0.126256
0.20183
0.0905848
0.662
0.245738
0.0593467
0.375717
0.550052
0.633724
0.203315
0.0464679
0.198682
0.0862766
0.0688646
0.662
0.496378
0.127234
0.295008
0.156823
0.0225271
0.384651
0.127412
0.593553
0.621802
0.467657
0.104084
0.173643
0.218183
0.318578
0.662
0.662
0.47802
0.662
0.0934488
0.0745178
0.271908
0.0571368
0.216249
0.102606
0.269257
0.662
0.601106
0.0773221
0.342575
0.336034
0.268397
0.267845
0.662
0.662
0.171879
0.0520354
0.362502
0.326444
0.130164
0.662
0.149494
0.120975
0.208963
0.0413585
0.305351
0.0840681
0.662
0.0312687
0.662
0.0822807
0.490961
0.662
0.662
0.164403
0.102121
0.136244
0.109815
0.12258
0.0731401
0.519539
0.244531
0.263308
0.0232655
0.519578
0.265914
0.422843
0.104963
0.157568
0.662
0.284397
0.292783
0.500504
0.282817
0.662
0.36687
0.060831
0.0973925
0.0970524
0.248266
0.662
0.349568
0.472362
0.230531
0.0102463
0.0744496
0.518779
0.0510088
0.325227
0.0992786
0.479692
0.400396
0.233177
0.516717
0.662
0.196888
0.052999
0.140207
0.239988
0.00740842
0.662
0.0639841
0.662
0.08353
0.254946
0.457346
0.33056
0.129588
0.159702
0.121716
0.662
0.0826655
0.572047
0.287445
0.136344
0.662
0.242899
0.102185
0.0860899
0.339296
0.346604
0.188664
0.211502
0.456678
0.438628
0.662
0.160018
0.178963
0.303394
0.106099
0.202344
0.662
0.662
0.39326
0.353396
0.0895106
0.3819
0.17082
0.272962
0.0198817
0.214226
0.153317
0.147985
0.226131
0.238375
0.205204
0.197569
0.214792
0.169732
0.115383
0.138007
0.154982
0.340392
0.29613
0.11724
0.188516
0.00880649
0.222678
0.0273419
0.502891
0.570514
0.498855
0.320486
0.458413
0.662
0.140829
0.332256
0.196607
0.117292
0.662
0.106475
0.05549
0.0798493
0.395182
0.660642
0.281182
0.0571424
0.300446
0.0441489
0.0441569
0.183777
0.662
0.170909
0.277556
0.0803683
0.0933157
0.347522
0.662
0.389492
0.0880998
0.437851
0.622184
0.243621
0.323873
0.296576
0.12954
0.609872
0.140315
0.074876
0.0639858
0.182155
0.608369
0.245547
0.142877
0.662
0.662
0.662
0.165111
0.239083
0.203396
0.662
0.51482
0.662
0.351087
0.250007
0.0957124
0.0346451
0.263019
0.370669
0.43216
0.0814895
0.288167
0.312761
0.662
0.254902
0.550148
0.120845
0.268111
0.662
0.662
0.0658036
0.392986
0.166743
0.468726
0.054906
0.0429921
0.417534
0.18863
0.357048
0.339515
0.322418
0.354771
0.662
0.160672
0.0940516
0.262454
0.175604
0.365044
0.460385
0.508192
0.421033
0.113943
0.0449421
0.214331
0.662
0.0886201
0.662
0.274516
0.662
0.182845
0.157307
0.662
0.317123
0.173004
0.272438
0.662
0.203955
0.110405
0.0410788
0.409558
0.662
0.174742
0.294702
0.305617
0.44927
0.395479
0.117598
0.0366608
0.662
0.127923
0.258674
0.662
0.662
0.526264
0.0663467
0.18624
0.239416
0.441682
0.110172
0.326572
0.0524856
0.662
0.101936
0.170307
0.132461
0.344639
0.15052
0.0103735
0.662
0.662
0.461695
0.172629
0.181056
0.00968283
0.301905
0.0880396
0.41714
0.662
0.0823746
0.131645
0.662
0.0631699
0.128408
0.0045831
0.0508983
0.662
0.54849
0.297391
0.206817
0.25695
0.309856
0.0732005
0.662
0.253957
0.54137
0.112491
0.100959
0.132491
0.662
0.662
0.662
0.632324
0.0682712
0.119789
0.364484
0.255352
0.0742635
0.0511775
0.150366
0.160148
0.149531
0.186352
0.23638
0.662
0.662
0.460355
0.0712015
0.411835
0.131818
0.0567695
0.662
0.109249
0.1884
0.395645
0.662
0.251997
0.498733
0.247625
0.662
0.200361
0.122078
0.102354
0.662
0.177177
0.197556
0.103194
0.136394
0.20484
0.35124
0.0978803
0.662
0.140486
0.494786
0.109432
0.0690634
0.532734
0.102249
0.108564
0.224199
0.0910239
0.0799077
0.152906
0.396704
0.193855
0.208668
0.081252
0.662
0.113568
0.198902
0.0990471
0.662
0.103126
0.218841
0.651249
0.376572
0.0839806
0.662
0.188925
0.0682949
0.0315672
0.25006
0.662
0.0667056
0.40443
0.281628
0.265262
0.412869
0.0296124
0.414342
0.572805
0.156534
0.365382
0.662
0.0604977
0.0537731
0.326212
0.662
0.662
0.197586
0.128982
0.662
0.333555
0.662
0.228296
0.148022
0.0972767
0.662
0.173808
0.662
0.320136
0.348932
0.173625
0.662
0.180306
0.662
0.222871
0.0584382
0.0830087
0.579618
0.467481
0.0818126
0.104288
0.662
0.527267
0.0377332
0.480081
0.0586464
0.127649
0.455952
0.0764172
0.613956
0.280387
0.108048
0.235484
0.571326
0.662
0.379619
0.0565675
0.0777368
0.662
0.444803
0.073399
0.662
0.130459
0.00633864
0.221959
0.106422
0.320469
0.422842
0.662
0.662
0.0987761
0.556985
0.166368
0.132874
0.662
0.0942038
0.161977
0.220943
0.349447
0.188737
0.102849
0.662
0.643584
0.477417
0.662
0.224667
0.662
0.157877
0.341834
0.204197
0.0367301
0.0667648
0.256991
0.090349
0.128333
0.14425
0.211134
0.305241
0.122242
0.103375
0.121063
0.576091
0.17228
0.635135
0.0862184
0.196168
0.0795805
0.150562
0.224593
0.662
0.146092
0.163956
0.106764
0.49287
0.662
0.485409
0.215327
0.662
0.546497
0.662
0.279538
0.134367
0.662
0.662
0.1027
0.201165
0.314147
0.0885461
0.111522
0.0216612
0.0119816
0.155211
0.376342
0.570271
0.124553
0.0604032
0.258287
0.662
0.592722
0.162581
0.152057
0.071786
0.0636824
0.176701
0.276626
0.203275
0.434399
0.107276
0.348206
0.110023
0.662
0.458977
0.263371
0.155188
0.655861
0.662
0.158206
0.237662
0.0331249
0.108603
0.212497
0.314993
0.0756947
0.662
0.369562
0.205999
0.0705479
0.565688
0.534224
0.126994
0.270518
0.103485
0.662
0.662
0.118121
0.264326
0.662
0.662
0.28984
0.280119
0.168116
0.070581
0.232605
0.0609675
0.227896
0.662
0.280389
0.078591
0.13305
0.662
0.239065
0.0254088
0.191306
0.156953
0.415812
0.662
0.551576
0.0773574
0.229264
0.153929
0.036441
0.658793
0.180281
0.0484267
0.127925
0.0672866
0.139604
0.662
0.453931
0.255735
0.143455
0.662
0.515033
0.336151
0.137581
0.488177
0.19338
0.0850971
0.343062
0.662
0.212584
0.350961
0.142482
0.122552
0.077481
0.0772929
0.0348059
0.15678
0.134487
0.227754
0.134173
0.301335
0.17194
0.579025
0.473583
0.0588656
0.126393
0.121312
0.134833
0.560412
0.546413
0.0886172
0.182375
0.0632198
0.411853
0.662
0.662
0.204546
0.0223798
0.276987
0.102989
0.504528
0.662
0.51675
0.570969
0.662
0.107159
0.104614
0.14608
0.526668
0.355227
0.251283
0.603862
0.32807
0.662
0.198832
0.265641
0.374882
0.135684
0.298819
0.0470952
0.410082
0.137721
0.282971
0.172482
0.349389
0.25856
0.185303
0.11864
0.133393
0.308559
0.0925158
0.0933205
0.156211
0.662
0.149287
0.662
0.166785
0.0262621
0.290384
0.475313
0.662
0.562759
0.662
0.47079
0.274776
0.115567
0.0937055
0.662
0.00432172
0.236588
0.662
0.315349
0.0179166
0.662
0.21761
0.192275
0.090615
0.22348
0.058384
0.662
0.514657
0.321086
0.226311
0.204107
0.126138
0.0647589
0.148138
0.027377
0.134899
0.208446
0.159349
0.662
0.101317
0.662
0.0172585
0.139946
0.419647
0.473366
0.291303
0.203972
0.212835
0.341349
0.165308
0.662
0.298127
0.0918153
0.40336
0.662
0.381226
0.662
0.0915562
0.0614413
0.662
0.117188
0.662
0.662
0.380217
0.118823
0.102549
0.0468585
0.379991
0.24476
0.195834
0.184646
0.293719
0.060134
0.0767513
0.12696
0.334534
0.201564
0.466182
0.0676525
0.102715
0.662
0.0138139
0.399096
0.285546
0.0671452
0.320812
0.298512
0.655959
0.352168
0.662
0.662
0.127413
0.0752893
0.197026
0.129021
0.274906
0.0793288
0.169377
0.03979
0.0571967
0.548193
0.0691982
0.310931
0.265185
0.14539
0.310075
0.237963
0.476841
0.233452
0.200249
0.662
0.36178
0.279974
0.207849
0.465643
0.662
0.0537685
0.122517
0.08551
0.470142
0.120404
0.519042
0.0547255
0.222391
0.154312
0.456002
0.0769088
0.104694
0.277777
0.097569
0.662
0.65964
0.0236593
0.662
0.0558262
0.662
0.331227
0.284096
0.149944
0.158008
0.662
0.210807
0.228769
0.503179
0.662
0.0701712
0.662
0.233373
0.117229
0.222829
0.45525
0.0762041
0.662
0.112701
0.12742
0.453585
0.662
0.236217
0.0474336
0.133381
0.662
0.387112
0.186735
0.421745
0.163248
0.333369
0.446136
0.125965
0.166182
0.103035
0.305342
0.0293228
0.662
0.662
0.081153
0.192061
0.228751
0.662
0.125792
0.0653585
0.353663
0.545966
0.662
0.113806
0.097431
0.0984357
0.0636612
0.259345
0.249012
0.0502715
0.0416279
0.0662436
0.098583
0.114364
0.0930559
0.538989
0.111324
0.662
0.126908
0.273924
0.314774
0.662
0.322379
0.118414
0.263996
0.176182
0.521186
0.103729
0.292591
0.662
0.40813
0.407445
0.126507
0.662
0.662
0.447581
0.357201
0.0677922
0.349271
0.388779
0.569688
0.465333
0.459713
0.0820658
0.445675
0.137877
0.104093
0.498271
0.662
0.320481
0.066535
0.560833
0.662
0.248657
0.24477
0.175921
0.662
0.163849
0.115535
0.23996
0.330924
0.209957
0.185814
0.0660911
0.119206
0.612052
0.274364
0.363715
0.121637
0.0812403
0.647113
0.662
0.0149643
0.662
0.0863111
0.662
0.0897165
0.0773488
0.240621
0.117952
0.329719
0.214809
0.662
0.662
0.662
0.662
0.0753629
0.125225
0.0661149
0.123769
0.0885818
0.186935
0.662
0.216344
0.313896
0.520291
0.0716305
0.442562
0.183702
0.559274
0.415727
0.0683684
0.239832
0.106152
0.416109
0.662
0.032904
0.249765
0.428412
0.0886027
0.0974074
0.237835
0.662
0.0533805
0.459763
0.662
0.662
0.579481
0.662
0.111451
0.0735145
0.0481595
0.662
0.184779
0.150676
0.302779
0.159383
0.217816
0.319171
0.587217
0.0479372
0.309956
0.481261
0.105885
0.237096
0.446531
0.16869
0.120977
0.0468225
0.662
0.13383
0.0521824
0.429617
0.402931
0.0926791
0.248548
0.139814
0.191916
0.345733
0.165367
0.382546
0.347527
0.505782
0.265275
0.248044
0.138596
0.0966977
0.10355
0.105005
0.0413203
0.662
0.662
0.205677
0.00432402
0.24272
0.267879
0.311818
0.335564
0.366086
0.118166
0.137731
0.662
0.515842
0.0095344
0.157468
0.662
0.287314
0.129543
0.0693641
0.212355
0.529976
0.212937
0.300297
0.44145
0.102801
0.272796
0.0935302
0.549669
0.662
0.324486
0.185193
0.0275232
0.22804
0.46213
0.0687017
0.139699
0.177624
0.25724
0.320405
0.158175
0.0886964
0.0900597
0.31555
0.258784
0.114851
0.167814
0.209629
0.053026
0.662
0.0593014
0.611608
0.115349
0.139658
0.0345207
0.158368
0.0952339
0.169181
0.218467
0.0172978
0.643784
0.637201
0.307086
0.309166
0.662
0.234919
0.0767574
0.206888
0.0779293
0.119691
0.110871
0.101419
0.662
0.206606
0.144809
0.0459314
0.662
0.662
0.125263
0.271975
0.0134507
0.662
0.310667
0.259949
0.324264
0.0895614
0.275786
0.249456
0.602826
0.229006
0.128135
0.516679
0.0672173
0.501333
0.0751785
0.14823
0.158666
0.146265
0.662
0.611073
0.223524
0.143962
0.191155
0.117398
0.662
0.189505
0.123678
0.590969
0.20945
0.531635
0.662
0.209868
0.082062
0.226431
0.0863277
0.662
0.573768
0.42345
0.252077
0.417028
0.662
0.462235
0.107358
0.213245
0.0520121
0.234813
0.326821
0.231294
0.662
0.569147
0.45782
0.0462868
0.0537973
0.182125
0.367201
0.0899287
0.522042
0.514955
0.662
0.103052
0.662
0.228563
0.378273
0.340669
0.101958
0.46098
0.662
0.128512
0.584471
0.662
0.393332
0.22788
0.21584
0.140372
0.662
0.662
0.185595
0.09124
0.141654
0.0252248
0.446583
0.662
0.0580544
0.113027
0.152097
0.662
0.521458
0.0757643
0.662
0.404816
0.0824843
0.546215
0.523388
0.518661
0.106242
0.13051
0.155257
0.204299
0.662
0.616669
0.331864
0.0497494
0.0793004
0.188287
0.300654
0.0947097
0.662
0.408332
0.246977
0.102456
0.379086
0.123156
0.662
0.118825
0.423362
0.408196
0.145567
0.439276
0.662
0.368325
0.134021
0.590701
0.0880334
0.118713
0.145081
0.289031
0.0857996
0.340441
0.662
0.379656
0.662
0.0375566
0.662
0.109657
0.301536
0.662
0.525567
0.186976
0.662
0.122113
0.0541629
0.662
0.662
0.0947522
0.0765024
0.123173
0.0948633
0.447616
0.0926122
0.354694
0.063763
0.077298
0.12757
0.356653
0.450489
0.662
0.101297
0.570511
0.471605
0.662
0.131307
0.266072
0.158677
0.149177
0.229494
0.0763249
0.398707
0.391452
0.0598732
0.662
0.0611356
0.638627
0.662
0.186673
0.478191
0.340777
0.662
0.662
0.228251
0.662
0.113871
0.241226
0.379475
0.0687024
0.0865117
0.318546
0.411304
0.187448
0.662
0.212517
0.662
0.662
0.126654
0.210627
0.427034
0.361892
0.217722
0.662
0.229014
0.204957
0.135995
0.405299
0.662
0.184823
0.583099
0.194704
0.207156
0.241437
0.549907
0.145014
0.324649
0.291675
0.281657
0.135883
0.662
0.137942
0.0665643
0.143978
0.205483
0.124372
0.0999013
0.220768
0.16714
0.26777
0.322501
0.335296
0.110202
0.457214
0.141154
0.388515
0.41599
0.522658
0.351469
0.447048
0.309761
0.0520239
0.137191
0.107483
0.590224
0.662
0.0928196
0.0613752
0.15849
0.102973
0.168728
0.0965787
0.16737
0.662
0.662
0.192435
0.149058
0.501666
0.0204515
0.145405
0.158924
0.662
0.458389
0.343891
0.0197049
0.48371
0.0555902
0.229804
0.132291
0.14152
0.360842
0.325043
0.0132229
0.139933
0.601324
0.320365
0.593154
0.520182
0.662
0.217569
0.443985
0.225529
0.135459
0.0964805
0.303179
0.168791
0.0849991
0.238007
0.0902057
0.656307
0.662
0.228246
0.137944
0.559662
0.275283
0.355648
0.662
0.280772
0.185516
0.662
0.102888
0.101488
0.164359
0.602304
0.662
0.283275
0.576848
0.0520343
0.631044
0.662
0.0828609
0.418519
0.261684
0.257293
0.164882
0.556551
0.394887
0.188389
0.567325
0.271858
0.0119745
0.662
0.00750648
0.0572896
0.0698227
0.606418
0.201068
0.267976
0.53421
0.662
0.140067
0.662
0.364265
0.662
0.126205
0.384007
0.33184
0.227562
0.141554
0.594284
0.197042
0.0419834
0.09244
0.662
0.173246
0.0333303
0.211748
0.208352
0.662
0.133454
0.662
0.0844719
0.662
0.136105
0.461658
0.662
0.18491
0.223622
0.144006
0.113765
0.0809618
0.225962
0.278814
0.233425
0.198023
0.62771
0.662
0.662
0.210459
0.31047
0.549241
0.502761
0.285686
0.662
0.662
0.662
0.257608
0.0502889
0.12972
0.252984
0.11448
0.188015
0.20114
0.0394444
0.106526
0.205208
0.0748
0.0288273
0.199956
0.350382
0.168418
0.287636
0.662
0.210528
0.0915199
0.646568
0.0892257
0.107983
0.184777
0.0515076
0.662
0.662
0.656237
0.126431
0.29623
0.198671
0.0821072
0.0679184
0.253018
0.662
0.662
0.103685
0.023628
0.230453
0.061006
0.435225
0.143816
0.0644317
0.207516
0.117894
0.334503
0.278453
0.189508
0.0149539
0.37742
0.662
0.208793
0.662
0.0945937
0.119296
0.251489
0.569133
0.0543439
0.141769
0.458274
0.662
0.158927
0.135539
0.662
0.263863
0.0116545
0.343105
0.132255
0.125734
0.662
0.622901
0.0761886
0.159031
0.305959
0.105793
0.48422
0.114813
0.266894
0.662
0.513045
0.613402
0.313071
0.10898
0.154938
0.202352
0.135889
0.145897
0.158623
0.134112
0.00519783
0.363736
0.318264
0.63554
0.549481
0.235981
0.662
0.662
0.662
0.662
0.334674
0.428487
0.435217
0.580671
0.12826
0.662
0.119248
0.159748
0.168837
0.0775546
0.662
0.20736
0.308123
0.071896
0.0988497
0.662
0.160423
0.114007
0.555974
0.139597
0.423495
0.0849392
0.275116
0.515724
0.641739
0.325255
0.227496
0.100362
0.166531
0.110495
0.0334978
0.309064
0.662
0.474532
0.190267
0.656847
0.0124275
0.0731328
0.156811
0.105963
0.662
0.163934
0.0574175
0.662
0.0790049
0.662
0.662
0.184454
0.162654
0.119964
0.173222
0.381627
0.208645
0.153497
0.202941
0.662
0.277533
0.0938229
0.662
0.0495918
0.662
0.286335
0.150588
0.0808328
0.662
0.188328
0.0803143
0.327955
0.193613
0.154166
0.147467
0.158924
0.152842
0.143474
0.245206
0.284146
0.3736
0.246974
0.152443
0.0246729
0.266903
0.0600941
0.112513
0.662
0.126205
0.0688498
0.619875
0.432752
0.154344
0.0594764
0.526934
0.476049
0.254817
0.650975
0.389865
0.290072
0.188124
0.622379
0.0798197
0.0844802
0.103561
0.214825
0.109463
0.171984
0.115788
0.148315
0.111438
0.662
0.311752
0.662
0.662
0.164509
0.441574
0.530462
0.392674
0.48491
0.436167
0.196179
0.0879003
0.382836
0.241258
0.18846
0.565658
0.0903685
0.298396
0.000204539
0.123037
0.0341108
0.100719
0.20905
0.185382
0.121377
0.662
0.5783
0.0905704
0.228435
0.608828
0.194647
0.0398315
0.0541735
0.0819739
0.434123
0.196821
0.0603677
0.0489533
0.0876209
0.243902
0.0379484
0.475983
0.134037
0.630401
0.662
0.33875
0.252389
0.0595327
0.00851519
0.313328
0.0526882
0.169549
0.378437
0.351239
0.102588
0.109463
0.113431
0.122702
0.662
0.114471
0.308072
0.234355
0.237767
0.397244
0.0941345
0.121934
0.244153
0.662
0.0881941
0.268306
0.138254
0.421732
0.539686
0.124249
0.177395
0.193337
0.150222
0.147358
0.324174
0.662
0.116485
0.106543
0.061884
0.480581
0.12595
0.0680749
0.104269
0.117992
0.134273
0.219056
0.32888
0.504896
0.27715
0.662
0.205238
0.383363
0.258371
0.215469
0.662
0.0685325
0.662
0.0715101
0.119707
0.0378691
0.415046
0.215925
0.187702
0.227384
0.293747
0.662
0.187751
0.17326
0.296828
0.142121
0.0943504
0.209255
0.352316
0.268848
0.108793
0.499316
0.447343
0.296239
0.162692
0.212973
0.182133
0.330732
0.20103
0.359145
0.662
0.346689
0.201437
0.35363
0.126365
0.15688
0.517257
0.360963
0.662
0.23375
0.147769
0.255389
0.662
0.339983
0.369237
0.479188
0.251155
0.088708
0.369348
0.152051
0.361768
0.444495
0.403444
0.0260488
0.408295
0.259442
0.238373
0.662
0.468779
0.662
0.321034
0.0519325
0.0936399
0.641983
0.103349
0.313268
0.327153
0.21356
0.152232
0.330111
0.204137
0.378559
0.106111
0.646324
0.632505
0.125188
0.501344
0.202186
0.662
0.662
0.199113
0.107016
0.103852
0.402113
0.21691
0.260302
0.0891332
0.662
0.396008
0.662
0.552586
0.631498
0.121879
0.461708
0.662
0.0626345
0.0886109
0.244588
0.662
0.235249
0.662
0.0495106
0.100126
0.378902
0.662
0.141447
0.0613482
0.0612424
0.081345
0.0653066
0.662
0.023898
0.201934
0.662
0.28157
0.227418
0.129863
0.662
0.0753968
0.397858
0.21717
0.0351376
0.120845
0.0184826
0.243216
0.407248
0.262371
0.156623
0.245386
0.662
0.580398
0.234708
0.350867
0.662
0.57011
0.243173
0.24159
0.0246898
0.126781
0.217812
0.322044
0.434848
0.297913
0.100302
0.283685
0.265573
0.105987
0.043895
0.0489975
0.0687647
0.39766
0.187572
0.315782
0.349284
0.276291
0.19321
0.363264
0.201307
0.0684094
0.123864
0.0914291
0.662
0.119791
0.662
0.0360416
0.259307
0.198746
0.662
0.277962
0.347573
0.224027
0.0777071
0.134987
0.113541
0.0568096
0.204945
0.662
0.110069
0.0431908
0.141372
0.175685
0.240312
0.0250399
0.100122
0.183189
0.662
0.567777
0.010571
0.627712
0.180972
0.207725
0.243313
0.134613
0.139412
0.185011
0.136256
0.0780924
0.217619
0.0643876
0.396516
0.379625
0.240475
0.0570565
0.337254
0.0436354
0.00512144
0.0904694
0.329961
0.662
0.180994
0.131618
0.267016
0.359905
0.0771634
0.0671216
0.150342
0.58775
0.423356
0.103698
0.0232452
0.0329366
0.210903
0.0637442
0.188253
0.0920619
0.164668
0.662
0.662
0.157211
0.203578
0.472185
0.662
0.075751
0.159866
0.121931
0.45042
0.433062
0.354257
0.0888535
0.662
0.100142
0.0486985
0.141795
0.0554009
0.0766418
0.286183
0.0814586
0.213933
0.258901
0.110905
0.119106
0.662
0.11479
0.314281
0.161715
0.45292
0.0162154
0.612925
0.0514674
0.0557203
0.161077
0.120439
0.194655
0.662
0.662
0.0398959
0.510782
0.110213
0.656709
0.364576
0.187131
0.322154
0.19379
0.0828062
0.105384
0.143142
0.165349
0.0808247
0.662
0.150509
0.0576795
0.0913952
0.662
0.0351613
0.498535
0.662
0.435821
0.662
0.153451
0.220425
0.385096
0.294627
0.435215
0.151269
0.0641434
0.662
0.227531
0.142112
0.137829
0.662
0.552299
0.162853
0.602375
0.494132
0.115459
0.437789
0.0066973
0.527435
0.109449
0.11725
0.0117392
0.193798
0.0881991
0.176968
0.170078
0.13907
0.256316
0.469899
0.0996963
0.401083
0.257715
0.662
0.0768205
0.146942
0.55012
0.139867
0.122175
0.122618
0.1814
0.025223
0.662
0.0545899
0.0966768
0.662
0.0640065
0.517822
0.162353
0.337335
0.246992
0.662
0.190621
0.420023
0.0501338
0.457203
0.517947
0.124218
0.662
0.214552
0.129758
0.0428463
0.607941
0.402748
0.19373
0.205753
0.110741
0.114131
0.483735
0.654702
0.662
0.662
0.149523
0.0729919
0.125414
0.323212
0.662
0.109349
0.179879
0.267969
0.288203
0.662
0.593696
0.472663
0.662
0.198163
0.178368
0.0340816
0.369532
0.0322365
0.0439365
0.449585
0.661778
0.350995
0.411629
0.227104
0.662
0.605206
0.662
0.662
0.106043
0.54048
0.142457
0.222598
0.284794
0.37905
0.166942
0.60183
0.0558327
0.107499
0.112166
0.0622238
0.321983
0.105801
0.077959
0.129776
0.279715
0.121702
0.305861
0.320238
0.244816
0.135602
0.533537
0.248482
0.0843567
0.141436
0.425673
0.653473
0.0773863
0.120787
0.338721
0.289599
0.0484288
0.662
0.0914083
0.520582
0.130426
0.232102
0.0796867
0.356005
0.246412
0.0377999
0.180098
0.581783
0.139762
0.511048
0.363001
0.39167
0.323681
0.119583
0.0941133
0.662
0.136899
0.655215
0.240212
0.36182
0.309413
0.464553
0.581993
0.134657
0.662
0.0599324
0.662
0.364067
0.555687
0.091126
0.662
0.662
0.106574
0.317603
0.236702
0.281346
0.19726
0.662
0.662
0.332531
0.0714539
0.41363
0.235728
0.0677083
0.662
0.0337483
0.323565
0.233306
0.252414
0.0858104
0.662
0.0384631
0.135263
0.280934
0.632231
0.236905
0.0798813
0.138833
0.16582
0.0776302
0.247831
0.117442
0.28549
0.126632
0.662
0.0551919
0.152829
0.662
0.105023
0.109771
0.662
0.0945163
0.662
0.618745
0.209079
0.662
0.662
0.0609064
0.662
0.662
0.236415
0.662
0.34917
0.662
0.662
0.472717
0.0279291
0.462711
0.25407
0.245427
0.0663927
0.148834
0.282665
0.239643
0.0118327
0.662
0.391785
0.266516
0.233366
0.0210937
0.662
0.445478
0.209519
0.151774
0.372746
0.372543
0.269669
0.0818992
0.583431
0.171244
0.0780438
0.295628
0.177351
0.662
0.662
0.0406393
0.199003
0.210672
0.259475
0.260111
0.097382
0.127385
0.147752
0.22952
0.200831
0.41706
0.0443717
0.662
0.539986
0.662
0.275611
0.0787459
0.133845
0.290758
0.227077
0.338061
0.179327
0.210376
0.14696
0.111079
0.196034
0.0588472
0.662
0.0565942
0.0928156
0.103222
0.329563
0.173606
0.662
0.214287
0.164079
0.183142
0.112109
0.215692
0.662
0.170267
0.0897724
0.463006
0.320516
0.136892
0.2866
0.290865
0.0478098
0.576242
0.42847
0.147198
0.350777
0.505297
0.0785065
0.646414
0.540696
0.230074
0.461501
0.0845015
0.160815
0.0738273
0.0762625
0.474594
0.662
0.121272
0.232966
0.252704
0.337756
0.423295
0.154619
0.0557304
0.280621
0.662
0.090016
0.184268
0.20096
0.420291
0.191274
0.541768
0.303139
0.662
0.538933
0.254993
0.0656051
0.118826
0.113926
0.0907174
0.662
0.370802
0.118304
0.662
0.662
0.662
0.124871
0.198578
0.662
0.25567
0.662
0.146847
0.233174
0.0942821
0.340999
0.346826
0.41976
0.0791268
0.662
0.134335
0.121032
0.54833
0.136545
0.250026
0.662
0.350334
0.662
0.209301
0.37128
0.360221
0.0718833
0.013618
0.378209
0.662
0.247827
0.217364
0.605058
0.662
0.127482
0.329494
0.662
0.130539
0.189908
0.563626
0.215753
0.107204
0.458322
0.121644
0.662
0.304596
0.225262
0.402087
0.100697
0.662
0.469997
0.283292
0.114056
0.313908
0.123603
0.285913
0.255214
0.661551
0.662
0.309801
0.106795
0.101058
0.116404
0.157874
0.109764
0.365704
0.662
0.529603
0.617122
0.207378
0.400999
0.328545
0.392363
0.105824
0.524702
0.662
0.086477
0.662
0.149317
0.377222
0.662
0.662
0.218147
0.662
0.0701628
0.0902112
0.155078
0.662
0.0155824
0.403559
0.0892634
0.48046
0.100514
0.266362
0.662
0.662
0.16313
0.0357269
0.662
0.0574212
0.0435011
0.241182
0.410247
0.180615
0.158357
0.139767
0.662
0.0642955
0.160892
0.120806
0.24605
0.462407
0.101748
0.329353
0.662
0.120334
0.0904454
0.429353
0.590919
0.662
0.226453
0.478741
0.469267
0.662
0.291685
0.662
0.200194
0.236482
0.309951
0.662
0.129477
0.193576
0.662
0.540787
0.662
0.0713371
0.121706
0.165138
0.187842
0.252314
0.347667
0.272465
0.0584339
0.392107
0.173043
0.398174
0.0592327
0.282343
0.0602741
0.0859592
0.131853
0.325711
0.0607002
0.172367
0.0872194
0.406687
0.229126
0.592298
0.0464229
0.662
0.188303
0.662
0.27885
0.0943818
0.662
0.228939
0.332686
0.0164248
0.660496
0.22226
0.0829943
0.662
0.0309759
0.0956499
0.153052
0.445848
0.524237
0.662
0.353197
0.236675
0.374551
0.0202699
0.0969945
0.184163
0.264772
0.0177497
0.322759
0.0663794
0.311259
0.129252
0.100155
0.203309
0.238537
0.0141547
0.397889
0.087073
0.662
0.233309
0.291743
0.335194
0.189164
0.662
0.358914
0.431208
0.662
0.411099
0.0882889
0.118846
0.17453
0.162724
