0.124831
0.263215
0.261871
0.662
0.320875
0.111365
0.662
0.302043
0.610549
0.637852
0.0202057
0.487463
0.424888
0.65202
0.436301
0.662
0.0954933
0.213791
0.275958
0.256389
0.341557
0.0903347
0.169187
0.113893
0.134297
0.304901
0.0799974
0.605138
0.152759
0.404805
0.662
0.490257
0.456602
0.0430465
0.377585
0.12154
0.636434
0.344433
0.220527
0.138572
0.229471
0.18511
0.196064
0.35813
0.101722
0.146726
0.0628656
0.0881566
0.261289
0.0634094
0.0228875
0.170063
0.474733
0.185145
0.646654
0.359926
0.0187678
0.184656
0.286983
0.0898125
0.378101
0.168373
0.300123
0.136963
0.379334
0.662
0.662
0.662
0.0924115
0.136201
0.156328
0.138126
0.097719
0.662
0.0573637
0.560262
0.226694
0.319283
0.662
0.199607
0.101038
0.662
0.354967
0.189235
0.274342
0.254362
0.329545
0.201314
0.0637827
0.563588
0.0955196
0.260102
0.159024
0.340541
0.662
0.0554732
0.553706
0.120904
0.329778
0.297101
0.0921639
0.160727
0.204503
0.0946003
0.662
0.662
0.158904
0.0906257
0.662
0.187599
0.136129
0.0197521
0.0640195
0.237729
0.409501
0.662
0.33623
0.662
0.266551
0.198196
0.0823093
0.390613
0.629887
0.131993
0.46677
0.0942361
0.0693122
0.235357
0.344531
0.285835
0.194274
0.662
0.0952141
0.172728
0.662
0.261855
0.224964
0.516632
0.302633
0.264312
0.0907927
0.208707
0.0973952
0.522296
0.0578047
0.49571
0.108366
0.657825
0.662
0.078837
0.586444
0.0710128
0.170418
0.124603
0.662
0.0948169
0.194314
0.208812
0.0795072
0.282987
0.474532
0.231895
0.391301
0.0948992
0.266871
0.24157
0.164097
0.207637
0.389748
0.193978
0.320381
0.270383
0.139974
0.0978647
0.319499
0.0183313
0.0761388
0.443987
0.32103
0.0456335
0.146037
0.119842
0.164004
0.299997
0.474818
0.110747
0.232296
0.200274
0.201686
0.384449
0.242494
0.2879
0.36839
0.0852048
0.26841
0.0458695
0.171066
0.0392472
0.197649
0.271905
0.662
0.372944
0.478433
0.184612
0.192076
0.273315
0.59805
0.530791
0.136293
0.0753214
0.319565
0.257355
0.342871
0.662
0.430051
0.0762732
0.282077
0.187015
0.0365396
0.058497
0.132507
0.662
0.487382
0.608819
0.0903018
0.655785
0.257965
0.093812
0.662
0.0132159
0.473336
0.460119
0.356837
0.0594877
0.189224
0.274063
0.662
0.0549385
0.376943
0.561855
0.540897
0.20044
0.348019
0.263531
0.0648017
0.158207
0.399214
0.451473
0.499597
0.119639
0.662
0.197023
0.419365
0.662
0.0618042
0.662
0.0895679
0.380561
0.258553
0.662
0.176891
0.406244
0.206837
0.662
0.662
0.662
0.0483195
0.149591
0.0579357
0.229377
0.290474
0.231018
0.119792
0.193645
0.343855
0.126816
0.122353
0.662
0.303904
0.49623
0.115107
0.662
0.475724
0.610448
0.662
0.120139
0.199825
0.558612
0.0775727
0.174884
0.0520798
0.0830715
0.159107
0.358759
0.165863
0.177872
0.662
0.130812
0.491683
0.0713315
0.34274
0.623145
0.307342
0.416371
0.115468
0.504743
0.0808102
0.395748
0.662
0.662
0.49699
0.20856
0.402452
0.599645
0.383724
0.383571
0.378306
0.123738
0.0752591
0.629985
0.207003
0.0131909
0.100596
0.662
0.662
0.622919
0.356962
0.0649743
0.107131
0.443917
0.064137
0.327526
0.662
0.203605
0.192621
0.662
0.611987
0.107123
0.376221
0.591581
0.53207
0.210578
0.662
0.434639
0.450941
0.23743
0.117706
0.030051
0.662
0.339768
0.662
0.377329
0.0824943
0.320858
0.0960759
0.167821
0.0541276
0.63899
0.387917
0.662
0.662
0.1457
0.189221
0.0212048
0.264508
0.14775
0.24643
0.662
0.075244
0.273911
0.53567
0.508277
0.133083
0.551765
0.230549
0.58283
0.151932
0.130242
0.200733
0.0571045
0.477184
0.0950645
0.119423
0.0806236
0.171027
0.103459
0.662
0.0824512
0.662
0.0963346
0.129073
0.134483
0.305965
0.662
0.238036
0.180383
0.662
0.206127
0.662
0.549878
0.662
0.34673
0.662
0.186436
0.116686
0.662
0.187095
0.239816
0.116754
0.642783
0.369415
0.251272
0.662
0.662
0.229317
0.143213
0.0738904
0.42706
0.155451
0.465756
0.614084
0.662
0.0862369
0.195093
0.476816
0.122074
0.47678
0.662
0.662
0.0993156
0.370338
0.662
0.183608
0.662
0.431805
0.616068
0.202742
0.169637
0.662
0.183298
0.109115
0.0866923
0.151203
0.01073
0.133143
0.252245
0.342147
0.134317
0.332697
0.0460425
0.17057
0.164238
0.182258
0.662
0.567254
0.239915
0.662
0.212452
0.249474
0.180189
0.205343
0.247469
0.144257
0.662
0.5181
0.308211
0.052899
0.375672
0.662
0.0922799
0.0826645
0.255068
0.159357
0.227265
0.254807
0.102533
0.177134
0.17115
0.300739
0.135157
0.131913
0.196275
0.142662
0.0623603
0.0100348
0.26505
0.662
0.457656
0.527606
0.636434
0.662
0.662
0.662
0.328981
0.0902109
0.256577
0.491672
0.0853882
0.203903
0.115319
0.0702121
0.165474
0.159896
0.584835
0.237738
0.259988
0.333992
0.218222
0.215895
0.0991013
0.133473
0.662
0.199422
0.662
0.662
0.442718
0.0697529
0.258381
0.194316
0.207297
0.00259137
0.662
0.537508
0.195183
0.0432233
0.136749
0.359242
0.637615
0.0968644
0.342085
0.170677
0.0604303
0.662
0.198876
0.256574
0.312698
0.247426
0.0757385
0.626894
0.662
0.228517
0.585593
0.134535
0.45564
0.662
0.253911
0.0770207
0.662
0.259246
0.566929
0.0657874
0.156439
0.662
0.525799
0.146012
0.580345
0.0696898
0.16115
0.0633258
0.134122
0.0990559
0.0851936
0.240257
0.193516
0.662
0.477216
0.199253
0.188271
0.20716
0.176248
0.600848
0.176296
0.0143951
0.465791
0.238421
0.240894
0.180092
0.129722
0.0754269
0.226974
0.106062
0.203873
0.662
0.0630395
0.416666
0.114536
0.0412805
0.349555
0.590468
0.0726566
0.037884
0.0761352
0.193903
0.442992
0.173417
0.344982
0.0873222
0.429273
0.130763
0.0527009
0.429581
0.146188
0.662
0.662
0.177826
0.410172
0.212562
0.424989
0.149015
0.178805
0.0851997
0.110323
0.662
0.292776
0.662
0.110442
0.280751
0.624419
0.074466
0.662
0.165171
0.165114
0.179125
0.296101
0.219413
0.609074
0.211138
0.182957
0.348205
0.662
0.47063
0.320736
0.662
0.662
0.201735
0.151816
0.0701747
0.662
0.227695
0.487685
0.314442
0.124887
0.229153
0.444548
0.399569
0.132631
0.662
0.11033
0.662
0.231839
0.662
0.243966
0.239718
0.513248
0.228167
0.439876
0.0941936
0.662
0.0314872
0.662
0.14768
0.0494106
0.662
0.132371
0.135072
0.0920294
0.420775
0.159689
0.0913828
0.413962
0.317346
0.259019
0.0534156
0.662
0.662
0.316951
0.386795
0.450574
0.199032
0.662
0.152051
0.641566
0.272928
0.120503
0.253564
0.466206
0.653603
0.365718
0.662
0.309814
0.377844
0.482856
0.0813911
0.108844
0.317728
0.103905
0.298438
0.662
0.662
0.057825
0.186652
0.662
0.662
0.662
0.0547167
0.0441372
0.0821652
0.662
0.0913958
0.417226
0.200673
0.662
0.662
0.144013
0.658278
0.261667
0.0887105
0.662
0.186918
0.24229
0.0849362
0.283518
0.269246
0.0474753
0.372543
0.41513
0.481261
0.10277
0.311783
0.254118
0.662
0.122034
0.439522
0.232543
0.394365
0.263509
0.549607
0.185332
0.17102
0.464808
0.121302
0.0710658
0.089128
0.662
0.325426
0.662
0.0183605
0.47759
0.169356
0.609632
0.147867
0.0805129
0.0702718
0.359721
0.464319
0.184722
0.492949
0.206157
0.0743707
0.292134
0.207139
0.0538301
0.264251
0.267083
0.493014
0.227083
0.102584
0.154223
0.43909
0.436439
0.261686
0.220262
0.510397
0.446642
0.123538
0.662
0.662
0.379184
0.279831
0.302891
0.202601
0.351009
0.662
0.311019
0.0934157
0.266755
0.662
0.0461095
0.107096
0.283495
0.18524
0.357617
0.662
0.171888
0.362206
0.26946
0.0497061
0.393421
0.170396
0.662
0.15667
0.662
0.328348
0.00754991
0.0400157
0.0950833
0.112773
0.197198
0.566361
0.461936
0.662
0.0597868
0.662
0.55391
0.203978
0.164481
0.0849498
0.102214
0.40685
0.267205
0.110799
0.26035
0.0578807
0.19249
0.168126
0.337987
0.118523
0.298534
0.274339
0.0631513
0.55221
0.114737
0.161954
0.662
0.209175
0.190074
0.662
0.35108
0.65065
0.0306746
0.525534
0.645708
0.289182
0.0882823
0.152974
0.0283235
0.0606677
0.0316872
0.662
0.453714
0.0875078
0.17213
0.662
0.173736
0.662
0.662
0.317121
0.339245
0.662
0.208798
0.4573
0.148654
0.174769
0.172537
0.152753
0.541312
0.437029
0.345781
0.662
0.52535
0.100737
0.662
0.662
0.442242
0.0628054
0.00169744
0.133719
0.158398
0.0607564
0.599595
0.219852
0.1521
0.214912
0.42076
0.128727
0.138706
0.0848136
0.171149
0.149959
0.584504
0.0891537
0.164513
0.0936528
0.358269
0.121899
0.174674
0.0768395
0.634055
0.533984
0.662
0.325884
0.13175
0.254651
0.662
0.123152
0.362404
0.634314
0.126715
0.190288
0.359572
0.100924
0.146414
0.662
0.0567155
0.662
0.00861205
0.534808
0.528955
0.662
0.0517796
0.104451
0.230616
0.294705
0.512096
0.229361
0.0988
0.662
0.662
0.310064
0.0669974
0.211487
0.324721
0.185716
0.367739
0.115396
0.23384
0.447443
0.170558
0.662
0.315359
0.662
0.422111
0.273754
0.103966
0.375825
0.467972
0.245366
0.302733
0.0663322
0.201641
0.206767
0.402868
0.206141
0.455589
0.107016
0.0836186
0.134953
0.662
0.662
0.460246
0.102415
0.133872
0.170583
0.0970201
0.0523696
0.24758
0.0578746
0.420622
0.662
0.376181
0.617159
0.152671
0.203259
0.239146
0.662
0.240674
0.378812
0.102251
0.115219
0.555565
0.287734
0.0810664
0.217102
0.628843
0.589715
0.0719935
0.662
0.270224
0.522073
0.092407
0.0931395
0.178111
0.37894
0.282885
0.388002
0.106789
0.662
0.147746
0.242431
0.37728
0.43702
0.202204
0.18325
0.564482
0.662
0.0627313
0.228012
0.662
0.304923
0.185829
0.072607
0.491072
0.164303
0.522392
0.0740655
0.148611
0.187922
0.157217
0.541219
0.611805
0.135824
0.14609
0.337574
0.40561
0.172672
0.0801557
0.287233
0.221468
0.203967
0.662
0.472267
0.21674
0.444519
0.662
0.21187
0.587904
0.217222
0.164965
0.386927
0.0613875
0.559352
0.347627
0.662
0.543386
0.662
0.253368
0.480985
0.63339
0.028179
0.0568483
0.291708
0.662
0.392166
0.0772524
0.0896946
0.283966
0.213026
0.330353
0.291921
0.240635
0.36784
0.438004
0.0691721
0.112494
0.470932
0.242825
0.208805
0.396249
0.235163
0.240051
0.499354
0.0139922
0.497605
0.106025
0.0623002
0.47397
0.0467457
0.187578
0.152846
0.313029
0.0677292
0.214456
0.468478
0.662
0.0840957
0.371147
0.107503
0.0050788
0.12864
0.662
0.256754
0.124179
0.662
0.0954024
0.132149
0.172112
0.142169
0.21106
0.281424
0.341989
0.662
0.450294
0.662
0.59954
0.565871
0.103228
0.426851
0.263238
0.386524
0.0501513
0.254499
0.0496442
0.18256
0.128128
0.424803
0.258892
0.662
0.179884
0.141766
0.429842
0.338686
0.436759
0.532027
0.662
0.138429
0.565283
0.274428
0.636027
0.336333
0.210037
0.21081
0.217976
0.345308
0.0109458
0.0837725
0.223596
0.0762997
0.137805
0.109249
0.35693
0.662
0.0904623
0.348526
0.0791443
0.195305
0.662
0.504093
0.472535
0.159147
0.334864
0.662
0.662
0.124995
0.318188
0.591047
0.019591
0.202807
0.0274945
0.24524
0.137556
0.111569
0.0855106
0.363459
0.198829
0.462406
0.097087
0.542811
0.560939
0.491141
0.662
0.259758
0.407409
0.11572
0.662
0.411843
0.206714
0.2294
0.101519
0.662
0.37554
0.127625
0.379597
0.616832
0.0785691
0.177091
0.0953434
0.14649
0.299423
0.662
0.17793
0.434448
0.237422
0.630947
0.399834
0.03538
0.124688
0.348437
0.662
0.0943481
0.479437
0.131015
0.662
0.391379
0.662
0.0763963
0.105039
0.0795202
0.455073
0.234882
0.147818
0.252712
0.185183
0.151541
0.0926755
0.245358
0.105705
0.662
0.134416
0.0766003
0.241362
0.0985037
0.34337
0.662
0.215191
0.373079
0.379359
0.662
0.467212
0.47428
0.571191
0.065418
0.463637
0.662
0.597455
0.175141
0.161397
0.492437
0.662
0.241188
0.441566
0.424478
0.141173
0.442724
0.452972
0.662
0.371193
0.0951369
0.194114
0.662
0.474103
0.0487829
0.115581
0.537411
0.334304
0.662
0.0146798
0.365149
0.00114859
0.421412
0.106879
0.0510703
0.226698
0.662
0.362727
0.662
0.0647827
0.194752
0.662
0.204068
0.0178888
0.377904
0.662
0.0634222
0.19689
0.117643
0.314505
0.111539
0.174825
0.318845
0.039591
0.0828134
0.140212
0.662
0.241878
0.110391
0.190815
0.0276124
0.23504
0.247069
0.297551
0.258246
0.365482
0.662
0.597798
0.0655778
0.392616
0.389783
0.093176
0.149382
0.256703
0.389217
0.137156
0.10457
0.087517
0.0770133
0.62427
0.114452
0.0938119
0.289993
0.00654098
0.188907
0.662
0.385783
0.0780364
0.236188
0.496911
0.112093
0.178127
0.587491
0.0873221
0.233098
0.152536
0.202009
0.179957
0.135007
0.420296
0.357541
0.443977
0.159526
0.141273
0.265445
0.421167
0.256964
0.164065
0.149972
0.170766
0.614722
0.305302
0.662
0.0341111
0.11134
0.662
0.160911
0.104354
0.267067
0.101971
0.336809
0.224961
0.0207993
0.223362
0.161448
0.480665
0.28012
0.252805
0.145341
0.292852
0.662
0.259056
0.0761065
0.191801
0.0606962
0.310775
0.253022
0.238105
0.662
0.418325
0.662
0.640971
0.14928
0.165911
0.0737772
0.226664
0.205681
0.268144
0.588227
0.076423
0.302535
0.33584
0.245583
0.085307
0.103661
0.140162
0.302507
0.631827
0.662
0.0407157
0.14749
0.41377
0.662
0.451552
0.167521
0.170218
0.242072
0.0745215
0.290579
0.662
0.662
0.271556
0.540381
0.502922
0.662
0.139288
0.120197
0.0934189
0.662
0.290077
0.12099
0.0352189
0.069768
0.10862
0.266906
0.0870168
0.662
0.0933533
0.147056
0.207407
0.166362
0.092438
0.126688
0.203841
0.217081
0.121508
0.137611
0.295614
0.40689
0.145937
0.0650651
0.20606
0.662
0.22594
0.440246
0.297082
0.298236
0.022965
0.357456
0.284303
0.15199
0.0998267
0.662
0.662
0.558713
0.282626
0.00561487
0.256246
0.166353
0.329547
0.112715
0.0550493
0.0640592
0.201114
0.320598
0.194549
0.191413
0.204916
0.122397
0.111768
0.662
0.662
0.189776
0.662
0.35148
0.0991662
0.288847
0.662
0.287125
0.662
0.134371
0.184721
0.163142
0.263874
0.662
0.427015
0.199961
0.000131675
0.662
0.544659
0.208802
0.0894043
0.137876
0.345541
0.308633
0.128624
0.0819932
0.216961
0.583752
0.196816
0.385368
0.121987
0.122511
0.662
0.239273
0.137693
0.322115
0.404126
0.107054
0.167884
0.247633
0.0496534
0.067962
0.141879
0.148921
0.162678
0.0796606
0.275635
0.2615
0.202937
0.10808
0.186311
0.0753976
0.144797
0.165451
0.662
0.409027
0.490518
0.662
0.155158
0.34028
0.0459924
0.0896882
0.25349
0.0553506
0.315075
0.408843
0.442479
0.018203
0.114062
0.583423
0.186634
0.304251
0.466274
0.102791
0.295335
0.205059
0.046398
0.386826
0.486802
0.237797
0.580812
0.504538
0.662
0.662
0.403227
0.372544
0.0624713
0.0843044
0.600301
0.101576
0.0677684
0.331125
0.662
0.479061
0.355878
0.252169
0.0673262
0.510098
0.0745857
0.0823978
0.250813
0.0566989
0.0307628
0.227119
0.225234
0.26498
0.196114
0.662
0.662
0.0938727
0.0677757
0.173933
0.0762381
0.212526
0.14629
0.566068
0.184104
0.451585
0.254322
0.277369
0.446905
0.289082
0.662
0.327724
0.143772
0.440854
0.662
0.391242
0.662
0.140356
0.601664
0.662
0.0709824
0.132372
0.153839
0.405477
0.121517
0.159534
0.246831
0.0507879
0.326797
0.284242
0.198317
0.312307
0.0483447
0.662
0.0508187
0.0931022
0.141785
0.0998337
0.385246
0.20262
0.0304191
0.662
0.114205
0.662
0.0518284
0.662
0.328108
0.212233
0.310205
0.662
0.16614
0.501615
0.06808
0.168421
0.0567051
0.0671152
0.200464
0.662
0.104037
0.432022
0.662
0.12743
0.492843
0.468169
0.00306039
0.353068
0.457197
0.189929
0.126648
0.237001
0.499747
0.306647
0.60719
0.0279051
0.201721
0.167341
0.662
0.662
0.403455
0.165295
0.0822709
0.567694
0.138041
0.239677
0.42577
0.135346
0.0331049
0.20388
0.0782824
0.211199
0.662
0.140882
0.614472
0.662
0.0752121
0.496412
0.0667769
0.347144
0.662
0.382615
0.140815
0.22417
0.0402894
0.0515704
0.494574
0.560707
0.172185
0.310514
0.228833
0.241492
0.662
0.27991
0.662
0.179241
0.434288
0.281605
0.161547
0.0799308
0.635992
0.173726
0.456771
0.662
0.490915
0.662
0.662
0.472351
0.247934
0.207852
0.0620778
0.662
0.10645
0.00143912
0.299789
0.00372265
0.0697163
0.289365
0.308006
0.085724
0.512487
0.0741531
0.108376
0.0197591
0.662
0.0814953
0.32784
0.0576313
0.322951
0.0489173
0.662
0.0815895
0.662
0.109311
0.32835
0.245103
0.110632
0.177268
0.0777365
0.0951664
0.155697
0.344239
0.400662
0.0765765
0.157823
0.127095
0.0796593
0.486163
0.199882
0.662
0.561859
0.121414
0.0465867
0.255171
0.25639
0.353206
0.196356
0.662
0.550119
0.0394618
0.509496
0.270274
0.620465
0.262985
0.317936
0.304468
0.0472548
0.662
0.0573081
0.0646435
0.0668636
0.377544
0.0800569
0.268562
0.197082
0.205499
0.109166
0.163378
0.565892
0.40555
0.106797
0.146595
0.379211
0.63187
0.662
0.185557
0.0496175
0.11089
0.0227792
0.133982
0.364678
0.662
0.259704
0.662
0.415618
0.37994
0.249201
0.0840629
0.20553
0.335885
0.11459
0.42808
0.246728
0.133248
0.494141
0.662
0.356354
0.144507
0.52838
0.168142
0.176785
0.610167
0.09991
0.0746882
0.662
0.107339
0.154465
0.102209
0.195997
0.257283
0.552748
0.0959646
0.234779
0.0420896
0.133789
0.270271
0.662
0.314898
0.512597
0.662
0.10769
0.662
0.323388
0.208845
0.558699
0.140012
0.055269
0.425872
0.662
0.0526608
0.392684
0.478246
0.662
0.521564
0.120446
0.662
0.0703446
0.195645
0.517721
0.13085
0.465696
0.0687078
0.384938
0.46806
0.662
0.445521
0.594026
0.232876
0.276385
0.268481
0.120182
0.594423
0.197435
0.201736
0.0681975
0.651502
0.137084
0.429043
0.279677
0.0928041
0.155413
0.662
0.662
0.219579
0.117714
0.487887
0.136976
0.126763
0.662
0.448915
0.5331
0.266466
0.202009
0.496936
0.0242839
0.191913
0.0441796
0.411628
0.662
0.0957942
0.125994
0.047002
0.409096
0.207212
0.367259
0.128028
0.464592
0.147219
0.114876
0.279656
0.410888
0.129694
0.429456
0.159746
0.428977
0.108912
0.0333506
0.114074
0.121537
0.127385
0.0515689
0.0845469
0.436715
0.662
0.115426
0.11104
0.0793414
0.236495
0.0595763
0.506719
0.0134126
0.291802
0.266444
0.484791
0.392327
0.00753892
0.397189
0.231036
0.0854603
0.151581
0.14308
0.289677
0.210698
0.431639
0.447148
0.22147
0.277277
0.122
0.256916
0.0558383
0.456859
0.472662
0.183865
0.217764
0.662
0.0855469
0.353011
0.141324
0.100637
0.296314
0.279887
0.231223
0.182038
0.0884221
0.0565599
0.662
0.0560732
0.662
0.662
0.204632
0.289243
0.662
0.355334
0.220991
0.662
0.43526
0.151714
0.244734
0.115379
0.0978375
0.0726957
0.125098
0.240453
0.662
0.173699
0.641505
0.121881
0.662
0.0894706
0.285068
0.460853
0.264306
0.0960871
0.310826
0.0972438
0.000981674
0.390792
0.054717
0.296415
0.0928287
0.0284666
0.662
0.132418
0.477092
0.00219188
0.662
0.282298
0.188434
0.126596
0.0593923
0.0551933
0.0667515
0.187397
0.415478
0.313133
0.146859
0.437839
0.662
0.148346
0.42954
0.213215
0.347059
0.230982
0.351058
0.662
0.413176
0.0672818
0.233128
0.199293
0.166023
0.491116
0.26618
0.662
0.397344
0.173969
0.155465
0.232805
0.221244
0.230484
0.0711413
0.0562258
0.469183
0.0398528
0.2633
0.137338
0.0548309
0.218043
0.662
0.126689
0.17416
0.504501
0.396349
0.662
0.0504721
0.460979
0.662
0.662
0.0994171
0.258787
0.544707
0.630869
0.546214
0.662
0.532191
0.365519
0.0557071
0.0109953
0.0835197
0.447729
0.662
0.0368554
0.292162
0.0655016
0.201413
0.112613
0.323886
0.662
0.662
0.478951
0.263137
0.660486
0.434232
0.133001
0.601493
0.0420833
0.662
0.139061
0.527445
0.335904
0.461418
0.116127
0.100729
0.107354
0.66142
0.123074
0.457533
0.210757
0.0879022
0.406634
0.187163
0.0857403
0.121114
0.15685
0.179496
0.662
0.52551
0.420652
0.662
0.0107874
0.151844
0.204634
0.64947
0.257202
0.572829
0.149445
0.357468
0.662
0.0788347
0.448277
0.225283
0.662
0.662
0.436278
0.250718
0.185781
0.1367
0.306429
0.662
0.250796
0.127581
0.144915
0.14487
0.293445
0.445965
0.156271
0.150776
0.128797
0.370182
0.10026
0.662
0.662
0.662
0.467461
0.142991
0.208611
0.356021
0.209633
0.049529
0.264489
0.103534
0.612702
0.224199
0.213108
0.0823992
0.0893485
0.142147
0.0637486
0.603357
0.131283
0.296144
0.317897
0.151863
0.662
0.0855019
0.471134
0.214489
0.303297
0.0646822
0.189741
0.624982
0.0149915
0.266904
0.219187
0.662
0.259459
0.0824809
0.433122
0.224679
0.265315
0.0518314
0.662
0.0162698
0.662
0.119058
0.129398
0.334106
0.0802533
0.662
0.110191
0.0415287
0.231729
0.128199
0.653843
0.0425917
0.0958624
0.193515
0.0800879
0.0290217
0.175316
0.0902151
0.139092
0.0979287
0.162652
0.662
0.420908
0.61467
0.390774
0.301727
0.229085
0.473283
0.662
0.199119
0.0802292
0.44384
0.624547
0.244172
0.0807173
0.10028
0.136148
0.231314
0.662
0.662
0.662
0.229366
0.198068
0.484338
0.662
0.262587
0.662
0.656165
0.517386
0.324321
0.662
0.154642
0.409237
0.300608
0.493116
0.105751
0.146526
0.0360181
0.085515
0.219508
0.108079
0.106008
0.0606313
0.0631281
0.0276525
0.0364827
0.179857
0.123889
0.133685
0.662
0.214656
0.289411
0.272283
0.0969407
0.249628
0.662
0.0432092
0.0570032
0.662
0.00167101
0.662
0.212164
0.196288
0.521928
0.137931
0.144496
0.27728
0.0868928
0.107775
0.662
0.0315102
0.662
0.0892954
0.444196
0.122197
0.0475533
0.321058
0.022093
0.662
0.662
0.253566
0.0369635
0.425778
0.313372
0.225602
0.303377
0.662
0.1351
0.070031
0.112823
0.0669785
0.219771
0.101074
0.0896874
0.119914
0.238302
0.0923266
0.327846
0.662
0.662
0.38624
0.419854
0.427488
0.662
0.15468
0.120164
0.326769
0.662
0.140452
0.155496
0.217266
0.285624
0.50231
0.13082
0.642573
0.33885
0.268791
0.662
0.653823
0.0721007
0.427007
0.0884189
0.0679232
0.188366
0.215127
0.115978
0.0856587
0.0147057
0.11349
0.468692
0.662
0.0688021
0.420756
0.445693
0.265335
0.355028
0.662
0.396782
0.55169
0.147622
0.500867
0.662
0.662
0.172083
0.604448
0.254461
0.300001
0.290537
0.362484
0.534305
0.516494
0.585746
0.0359615
0.6407
0.0810658
0.662
0.662
0.532314
0.662
0.612476
0.569554
0.512848
0.257263
0.0939015
0.25773
0.104407
0.382434
0.0652237
0.481659
0.221702
0.662
0.662
0.0328949
0.162658
0.662
0.580407
0.15667
0.662
0.662
0.06713
0.541968
0.662
0.662
0.662
0.600192
0.478058
0.356872
0.662
0.186047
0.166102
0.402936
0.662
0.127218
0.11356
0.13098
0.189916
0.132619
0.662
0.515704
0.149818
0.279712
0.0600862
0.247747
0.662
0.534373
0.257298
0.135572
0.0387014
0.0751086
0.662
0.427006
0.662
0.345808
0.0876562
0.174444
0.16188
0.442775
0.372859
0.0903388
0.10678
0.177789
0.0235821
0.540834
0.0919069
0.390302
0.662
0.0586328
0.341983
0.171601
0.280301
0.556593
0.327182
0.0951545
0.662
0.434508
0.155653
0.0502622
0.124626
0.295012
0.26468
0.180632
0.144632
0.662
0.662
0.433095
0.216075
0.662
0.0799979
0.662
0.450777
0.245575
0.422161
0.662
0.662
0.662
0.085056
0.51268
0.162738
0.12347
0.151729
0.183316
0.168308
0.0563338
0.100376
0.366014
0.18373
0.662
0.257297
0.239553
0.214314
0.29809
0.549616
0.205057
0.131627
0.402261
0.269934
0.662
0.529075
0.156444
0.361759
0.136519
0.662
0.585844
0.242543
0.0206778
0.0481849
0.286323
0.142801
0.24076
0.208554
0.662
0.272366
0.0526282
0.662
0.591656
0.218426
0.0978511
0.0953043
0.662
0.258856
0.662
0.36732
0.34666
0.144031
0.182957
0.281335
0.147785
0.202071
0.169394
0.0768429
0.0603747
0.0660996
0.443303
0.084238
0.130473
0.130766
0.238758
0.430251
0.134407
0.662
0.055072
0.662
0.0761822
0.106754
0.662
0.383419
0.44119
0.0902607
0.0871637
0.108234
0.239007
0.0597934
0.0521336
0.15648
0.141956
0.0741385
0.309214
0.0145535
0.136157
0.662
0.437718
0.0627173
0.308516
0.131581
0.0574698
0.483842
0.0445841
0.0179208
0.53205
0.662
0.261389
0.585037
0.151332
0.105418
0.589817
0.0758864
0.662
0.109308
0.0391872
0.448721
0.428984
0.393781
0.013978
0.210024
0.22084
0.18128
0.391462
0.147011
0.118204
0.0697607
0.124886
0.22015
0.244603
0.631602
0.245059
0.662
0.383958
0.296308
0.291085
0.169145
0.128063
0.308607
0.2065
0.170608
0.435428
0.444027
0.662
0.0863221
0.32085
0.190129
0.292487
0.662
0.165531
0.272721
0.662
0.190554
0.0794511
0.30845
0.1683
0.000298535
0.211623
0.268432
0.662
0.199186
0.119989
0.0520566
0.627796
0.171695
0.169931
0.458213
0.204986
0.214936
0.318913
0.246033
0.662
0.0790803
0.406845
0.631401
0.0954964
0.1141
0.193161
0.157626
0.100346
0.588347
0.662
0.233617
0.662
0.613161
0.662
0.197105
0.31351
0.335491
0.640333
0.188518
0.213757
0.0947749
0.0250346
0.101994
0.171415
0.133218
0.146638
0.528763
0.0875779
0.175259
0.662
0.32833
0.600053
0.301292
0.46679
0.188769
0.662
0.309839
0.32209
0.662
0.0564516
0.108145
0.662
0.0631404
0.244455
0.662
0.205916
0.229913
0.0918046
0.662
0.115912
0.225277
0.0569675
0.317593
0.662
0.538231
0.161632
0.412803
0.528305
0.140942
0.0788691
0.434163
0.19867
0.194068
0.0501925
0.0229819
0.111976
0.0476133
0.230154
0.364699
0.112519
0.266671
0.501267
0.662
0.588209
0.217894
0.147097
0.192015
0.0776728
0.119197
0.433655
0.321151
0.523589
0.218169
0.202833
0.35905
0.662
0.435305
0.0973188
0.266925
0.411406
0.0869345
0.0984746
0.662
0.331653
0.317209
0.177631
0.0717609
0.317146
0.18983
0.454713
0.662
0.662
0.254368
0.123623
0.662
0.662
0.600651
0.0481479
0.200415
0.0715886
0.233875
0.662
0.0688127
0.140553
0.662
0.304929
0.662
0.0422
0.257777
0.185012
0.0106473
0.270166
0.662
0.39228
0.509726
0.206901
0.141322
0.662
0.327697
0.662
0.095194
0.211624
0.662
0.126562
0.0531647
0.255845
0.1049
0.0997659
0.150571
0.076858
0.200759
0.350083
0.13778
0.0831739
0.24312
0.440937
0.571777
0.221944
0.260027
0.255016
0.141789
0.113115
0.43063
0.662
0.0980803
0.21315
0.398657
0.662
0.208744
0.0774671
0.560097
0.662
0.065941
0.15913
0.662
0.126903
0.662
0.126219
0.0269174
0.376013
0.662
0.0839078
0.0971443
0.0556733
0.0559127
0.236785
0.189985
0.0929462
0.44241
0.662
0.662
0.662
0.662
0.451837
0.209187
0.209124
0.0761192
0.569789
0.103311
0.426531
0.359695
0.292836
0.198508
0.662
0.419816
0.662
0.315802
0.0981013
0.192512
0.322585
0.483212
0.240845
0.383206
0.298743
0.10558
0.0649497
0.124085
0.334581
0.27869
0.322884
0.0631726
0.256965
0.475994
0.247461
0.274157
0.246771
0.301136
0.0693457
0.662
0.139145
0.662
0.0761594
0.208318
0.075644
0.662
0.0673917
0.218603
0.313336
0.292731
0.261251
0.0624209
0.109389
0.101874
0.662
0.188166
0.088199
0.310877
0.184205
0.386969
0.410429
0.662
0.322071
0.212594
0.438469
0.392015
0.0602209
0.295085
0.447053
0.142056
0.662
0.239859
0.00309356
0.213022
0.149329
0.361185
0.153742
0.1859
0.662
0.338321
0.662
0.183827
0.090341
0.141057
0.662
0.108855
0.285336
0.0957195
0.269928
0.134286
0.127053
0.256562
0.185431
0.346721
0.186726
0.12638
0.662
0.266933
0.636464
0.662
0.399512
0.627344
0.19477
0.263912
0.482203
0.332129
0.0898204
0.110326
0.0830787
0.151548
0.143159
0.334322
0.161164
0.662
0.125924
0.662
0.662
0.662
0.662
0.517642
0.271474
0.653917
0.10903
0.13865
0.232988
0.112791
0.235115
0.119399
0.662
0.662
0.21851
0.15499
0.0748874
0.503526
0.0393226
0.115814
0.0137159
0.144252
0.158445
0.280517
0.191382
0.156596
0.172015
0.662
0.0222547
0.197688
0.184824
0.0848036
0.662
0.0948845
0.394554
0.351276
0.0758787
0.0669963
0.208878
0.615212
0.208432
0.101694
0.238588
0.266638
0.149722
0.117932
0.159611
0.662
0.63016
0.265733
0.516327
0.463536
0.0821506
0.123993
0.229633
0.300003
0.119744
0.0736852
0.329163
0.280211
0.428208
0.207486
0.132875
0.662
0.615339
0.662
0.303928
0.248965
0.0868663
0.350381
0.188926
0.0519226
0.20172
0.608531
0.0548518
0.088149
0.662
0.227407
0.0600676
0.489048
0.0971774
0.132191
0.266276
0.0703732
0.221438
0.555087
0.507751
0.232161
0.407783
0.126452
0.386782
0.64512
0.145248
0.662
0.505377
0.477326
0.140098
0.293136
0.138055
0.0860541
0.662
0.2168
0.126569
0.662
0.222955
0.662
0.0713064
0.21074
0.542604
0.308198
0.106116
0.0435762
0.30083
0.412495
0.220733
0.530261
0.662
0.311443
0.349506
0.112153
0.0955137
0.206857
0.295601
0.133748
0.662
0.214693
0.662
0.429027
0.142293
0.120963
0.457638
0.0954389
0.39903
0.244567
0.125026
0.379592
0.334475
0.20831
0.501772
0.452495
0.662
0.161518
0.0534653
0.122161
0.195826
0.0231809
0.248856
0.103888
0.226882
0.000844111
0.0994439
0.0296404
0.202249
0.0475768
0.452731
0.271599
0.276862
0.20486
0.221494
0.0666585
0.0850416
0.100124
0.188392
0.662
0.192114
0.384134
0.101206
0.662
0.662
0.413964
0.244082
0.244634
0.662
0.199282
0.429595
0.662
0.214968
0.0359543
0.0541653
0.269626
0.662
0.13049
0.662
0.662
0.662
0.112553
0.2174
0.0981704
0.132924
0.489055
0.662
0.21371
0.0910999
0.168414
0.170315
0.662
0.443134
0.223381
0.255392
0.182963
0.662
0.573011
0.543431
0.129776
0.446731
0.422751
0.178145
0.256052
0.662
0.468277
0.00470308
0.11553
0.194318
0.1164
0.0964723
0.0112897
0.388381
0.29006
0.662
0.662
0.452324
0.236186
0.152295
0.662
0.181652
0.186453
0.11085
0.0812497
0.285483
0.496851
0.0892345
0.64654
0.420899
0.243892
0.662
0.0901223
0.129144
0.321373
0.109673
0.233365
0.279229
0.0454678
0.23908
0.284215
0.32986
0.373955
0.240404
0.245667
0.358742
0.662
0.591978
0.166161
0.356646
0.417916
0.461514
0.347813
0.225266
0.662
0.101127
0.110878
0.662
0.222141
0.0108357
0.14262
0.178247
0.657334
0.662
0.0941237
0.0633084
0.1455
0.220093
0.0388019
0.662
0.142892
0.0232258
0.662
0.14801
0.178662
0.223363
0.662
0.662
0.147495
0.61387
0.222463
0.662
0.149979
0.254429
0.0726707
0.662
0.103696
0.320873
0.0586866
0.169295
0.662
0.141842
0.662
0.0593643
0.0979461
0.229198
0.182745
0.227959
0.226228
0.409593
0.252824
0.576962
0.481878
0.124325
0.068894
0.315144
0.662
0.139493
0.223988
0.335925
0.093945
0.0649393
0.242373
0.662
0.141414
0.099932
0.460371
0.129273
0.662
0.0944133
0.313289
0.0832599
0.662
0.662
0.0423205
0.0931782
0.0695012
0.124534
0.215581
0.15733
0.174077
0.393852
0.0917012
0.320045
0.102128
0.357668
0.662
0.162343
0.267987
0.662
0.533666
0.0359669
0.107137
0.0485281
0.662
0.136851
0.0615375
0.42613
0.099926
0.10392
0.247318
0.0493121
0.513461
0.662
0.662
0.271852
0.0856063
0.0830978
0.389646
0.485889
0.178841
0.662
0.213057
0.0871791
0.662
0.226826
0.00762113
0.248904
0.530849
0.170078
0.104037
0.0461863
0.662
0.406049
0.35953
0.177686
0.0940864
0.399882
0.120284
0.187089
0.609663
0.0729241
0.00813671
0.662
0.518465
0.17944
0.662
0.0985139
0.662
0.0857276
0.469087
0.31558
0.439095
0.26805
0.198643
0.623239
0.338241
0.662
0.162709
0.203777
0.199445
0.207234
0.662
0.662
0.526317
0.662
0.662
0.309338
0.662
0.162544
0.662
0.380674
0.179446
0.0626766
0.405626
0.1081
0.0341515
0.58469
0.0776899
0.230092
0.647401
0.662
0.253368
0.265245
0.199241
0.377926
0.0541132
0.472506
0.374667
0.0559545
0.256019
0.0158957
0.13264
0.180727
0.133364
0.464299
0.0537463
0.662
0.558292
0.662
0.262877
0.302313
0.0623319
0.282637
0.0966968
0.570376
0.126288
0.171527
0.662
0.662
0.361776
0.125994
0.424269
0.401067
0.210652
0.3786
0.163086
0.121507
0.368442
0.662
0.654625
0.57828
0.0899014
0.533652
0.285605
0.294725
0.220621
0.662
0.662
0.662
0.265089
0.439611
0.662
0.295835
0.124308
0.391267
0.662
0.113852
0.345131
0.204237
0.253363
0.0026961
0.122882
0.169557
0.151114
0.0717685
0.0996262
0.662
0.101368
0.477059
0.662
0.269208
0.438345
0.144341
0.3578
0.438824
0.197372
0.0555256
0.242026
0.211926
0.662
0.309535
0.30817
0.0672885
0.136128
0.0843765
0.168742
0.15845
0.274966
0.662
0.138553
0.331689
0.0183218
0.157102
0.662
0.17195
0.104673
0.113519
0.36093
0.13687
0.0806218
0.231829
0.303228
0.171956
0.159503
0.0172167
0.181696
0.324357
0.187136
0.16277
0.244806
0.18056
0.224564
0.403855
0.132869
0.345292
0.453647
0.662
0.103002
0.217084
0.374439
0.431845
0.0970765
0.207373
0.454844
0.662
0.136449
0.167234
0.075867
0.662
0.0151993
0.217216
0.577846
0.199402
0.270819
0.145405
0.23842
0.112671
0.162505
0.184743
0.152465
0.662
0.105808
0.0475872
0.615205
0.109477
0.662
0.610199
0.0751548
0.255221
0.2737
0.34866
0.221027
0.508408
0.421777
0.113676
0.371757
0.63339
0.238637
0.662
0.267111
0.111347
0.520922
0.393387
0.195005
0.100715
0.361863
0.46199
0.662
0.183287
0.239002
0.241964
0.610851
0.534631
0.260954
0.520307
0.229193
0.369098
0.105211
0.624714
0.0587408
0.154065
0.248994
0.106136
0.246096
0.551193
0.662
0.662
0.105122
0.212006
0.122909
0.532048
0.342817
0.0606023
0.324027
0.242825
0.0872637
0.229127
0.0979589
0.662
0.586783
0.224847
0.269124
0.26658
0.127856
0.662
0.0931332
0.12036
0.205314
0.640133
0.390885
0.411276
0.131591
0.144075
0.0633277
0.662
0.237118
0.662
0.362674
0.438322
0.349423
0.662
0.419103
0.121956
0.238618
0.336131
0.143162
0.580785
0.0627973
0.362064
0.0547777
0.170553
0.263246
0.120365
0.0772281
0.183037
0.0922565
0.224189
0.211122
0.192192
0.452904
0.624511
0.420782
0.0916481
0.311143
0.182375
0.120613
0.662
0.131508
0.210421
0.442857
0.0921716
0.647828
0.156614
0.0795899
0.0688364
0.122923
0.133145
0.191335
0.339168
0.185317
0.287238
0.353686
0.290161
0.662
0.266101
0.662
0.237416
0.155053
0.621158
0.662
0.0658913
0.11889
0.198856
0.0571827
0.365758
0.662
0.164967
0.662
0.454055
0.294703
0.0765168
0.103225
0.0983852
0.396347
0.201444
0.661483
0.152231
0.172075
0.169628
0.00439837
0.167767
0.0656256
0.15315
0.0802067
0.37154
0.0789794
0.446587
0.662
0.141493
0.160388
0.168296
0.236877
0.0216344
0.384487
0.662
0.0924974
0.137677
0.662
0.13904
0.212285
0.662
0.449246
0.211748
0.16134
0.20477
0.172838
0.11331
0.656436
0.241747
0.0775673
0.458741
0.0360152
0.14634
0.195679
0.290761
0.0998392
0.269419
0.122719
0.158503
0.0646242
0.662
0.13786
0.312978
0.426182
0.0728991
0.135891
0.357966
0.203633
0.143226
0.640966
0.409433
0.229136
0.213737
0.242288
0.368286
0.176012
0.492001
0.187255
0.167241
0.058953
0.0752923
0.0834777
0.460749
0.146366
0.0818201
0.632588
0.358581
0.128067
0.662
0.273784
0.273362
0.0305195
0.662
0.662
0.191282
0.49449
0.0179201
0.184006
0.0678953
0.302737
0.122885
0.662
0.420603
0.662
0.544851
0.309086
0.109749
0.0700162
0.130373
0.272477
0.257681
0.662
0.171895
0.4106
0.109526
0.662
0.294337
0.207084
0.662
0.1033
0.139181
0.341211
0.225538
0.519576
0.543097
0.662
0.138403
0.385931
0.097387
0.0829321
0.236217
0.0861393
0.662
0.265355
0.103809
0.0155586
0.416196
0.0269604
0.223895
0.0925665
0.120445
0.103348
0.0661253
0.465603
0.120415
0.0606889
0.3039
0.097935
0.130069
0.37983
0.0764564
0.662
0.662
0.662
0.343052
0.316213
0.350112
0.0848236
0.253185
0.154016
0.334486
0.33692
0.27197
0.0947773
0.0694896
0.070047
0.278335
0.0238479
0.0857182
0.461347
0.539806
0.468503
0.393047
0.280313
0.236912
0.015064
0.0723973
0.0480815
0.157316
0.137487
0.120168
0.214911
0.402291
0.356446
0.282592
0.0429873
0.107236
0.135406
0.0520968
0.119923
0.000729899
0.0786387
0.059063
0.00347151
0.058343
0.662
0.491541
0.282956
0.662
0.0431597
0.274263
0.43418
0.662
0.662
0.349974
0.1639
0.213564
0.662
0.194727
0.662
0.0682327
0.0413253
0.662
0.068442
0.662
0.662
0.114132
0.0794814
0.662
0.0270128
0.504533
0.662
0.035665
0.0233299
0.358414
0.149398
0.388821
0.110056
0.0184609
0.107637
0.662
0.375997
0.0609321
0.196962
0.476431
0.433302
0.662
0.266757
0.662
0.379042
0.104719
0.134831
0.358319
0.107339
0.167906
0.121161
0.381222
0.0751283
0.662
0.141543
0.123208
0.260456
0.363868
0.226994
0.27463
0.0749964
0.0832121
0.0549955
0.175229
0.195252
0.176886
0.16908
0.168373
0.291737
0.316019
0.108075
0.283408
0.557287
0.603807
0.444781
0.0783519
0.134453
0.662
0.117004
0.595849
0.0610559
0.0485121
0.454233
0.662
0.154683
0.026738
0.0552917
0.0838423
0.0041745
0.210723
0.662
0.131422
0.214386
0.662
0.489953
0.220232
0.171724
0.612199
0.0230901
0.662
0.129247
0.135616
0.157345
0.256463
0.150709
0.319483
0.320804
0.321693
0.662
0.359513
0.662
0.0720478
0.313086
0.405589
0.662
0.328768
0.211873
0.2999
0.333429
0.054235
0.303637
0.158709
0.0500936
0.662
0.15947
0.258156
0.226366
0.295799
0.109729
0.111396
0.181306
0.46593
0.159373
0.643911
0.345494
0.199316
0.662
0.591355
0.228566
0.536552
0.389313
0.428872
0.131709
0.208927
0.662
0.662
0.484433
0.0919662
0.122846
0.662
0.158394
0.662
0.169887
0.171881
0.418266
0.145374
0.0678045
0.485046
0.0627785
0.0947366
0.151039
0.146309
0.236596
0.662
0.480365
0.293168
0.0429394
0.662
0.056037
0.281938
0.0498704
0.248013
0.402669
0.198542
0.107624
0.120455
0.299196
0.211593
0.662
0.662
0.662
0.354624
0.203817
0.0250864
0.15761
0.147935
0.222121
0.235883
0.11656
0.444551
0.346288
0.662
0.662
0.230157
0.113854
0.662
0.662
0.0509257
0.119935
0.100865
0.114878
0.0843707
0.0744274
0.625181
0.650957
0.485092
0.662
0.0797162
0.161582
0.278715
0.161392
0.445203
0.131563
0.18304
0.248034
0.099155
0.361921
0.320432
0.243414
0.21929
0.113439
0.329148
0.150293
0.0956449
0.317078
0.0733279
0.178099
0.185728
0.203772
0.276584
0.222519
0.239157
0.223443
0.117504
0.662
0.0482192
0.187804
0.662
0.0105067
0.0580533
0.269187
0.512821
0.662
0.0797862
0.0707868
0.662
0.177839
0.054431
0.500748
0.0737096
0.0054508
0.145314
0.31899
0.18613
0.267603
0.112204
0.222653
0.0766458
0.0591861
0.449091
0.278369
0.107235
0.662
0.130101
0.0364524
0.165453
0.0390915
0.03655
0.168527
0.662
0.662
0.357919
0.522742
0.330728
0.392186
0.662
0.106908
0.210428
0.387905
0.149823
0.662
0.203979
0.662
0.288176
0.0705707
0.0563745
0.662
0.328613
0.662
0.119154
0.152677
0.179478
0.276819
0.662
0.296466
0.662
0.1721
0.22421
0.0812026
0.300393
0.109722
0.241341
0.662
0.662
0.370532
0.107796
0.662
0.275743
0.412904
0.353483
0.662
0.662
0.0591591
0.662
0.19713
0.601568
0.0582624
0.172361
0.0841353
0.374144
0.308209
0.440018
0.288518
0.0824748
0.474525
0.385007
0.182699
0.268283
0.18003
0.473909
0.132564
0.109724
0.434894
0.338646
0.0537758
0.266382
0.0357099
0.114321
0.442083
0.662
0.662
0.6481
0.108126
0.443764
0.133147
0.254934
0.533061
0.119638
0.0144065
0.533515
0.251135
0.405129
0.587216
0.662
0.276081
0.162796
0.13852
0.0471848
0.169205
0.306795
0.208298
0.662
0.439235
0.0416731
0.611448
0.662
0.662
0.258728
0.519802
0.662
0.179849
0.453979
0.125822
0.327699
0.279672
0.0558995
0.199617
0.0961326
0.186208
0.327877
0.520775
0.088159
0.133539
0.0860856
0.130079
0.662
0.640537
0.465028
0.356981
0.0627626
0.111619
0.200098
0.27697
0.0364067
0.149301
0.338293
0.662
0.208531
0.200665
0.632522
0.662
0.662
0.00624925
0.168873
0.0369804
0.418768
0.273974
0.0746368
0.128702
0.296882
0.123224
0.113426
0.25
0.273121
0.258132
0.0914759
0.662
0.355057
0.662
0.0399529
0.264787
0.215894
0.225629
0.662
0.223895
0.0284562
0.624698
0.646512
0.662
0.00754992
0.345911
0.662
0.119929
0.121575
0.237596
0.662
0.0760267
0.662
0.0497764
0.185126
0.119671
0.521184
0.662
0.210096
0.612017
0.293738
0.662
0.218308
0.00264882
0.655133
0.113407
0.1665
0.645318
0.226711
0.190388
0.173221
0.407449
0.127915
0.0791018
0.662
0.140856
0.286108
0.300278
0.662
0.217526
0.425708
0.458053
0.4064
0.379724
0.514063
0.444863
0.0913589
0.0452976
0.403847
0.196539
0.0590276
0.179304
0.662
0.662
0.221826
0.393071
0.397662
0.556272
0.0282049
0.463615
0.020397
0.291443
0.662
0.103597
0.0147458
0.613296
0.123618
0.178199
0.36142
0.192486
0.279641
0.662
0.0887055
0.662
0.133227
0.193813
0.0741751
0.55344
0.141155
0.25895
0.0672078
0.60717
0.662
0.158025
0.470488
0.131498
0.235437
0.293447
0.554497
0.418548
0.46244
0.399922
0.0705415
0.0837907
0.475882
0.205084
0.61104
0.142214
0.433844
0.662
0.354918
0.114884
0.291772
0.662
0.0950708
0.0450893
0.27541
0.280105
0.25254
0.190181
0.628847
0.656856
0.576683
0.157426
0.269137
0.577995
0.588149
0.136917
0.328727
0.171841
0.581575
0.1005
0.0618134
0.375733
0.662
0.184343
0.411132
0.109145
0.0639706
0.662
0.26019
0.0244912
0.662
0.662
0.148383
0.662
0.493525
0.293481
0.356342
0.218314
0.361623
0.547804
0.0831013
0.277743
0.175228
0.598835
0.403168
0.15173
0.0237824
0.359188
0.336503
0.205357
0.340287
0.662
0.218129
0.626411
0.18448
0.346997
0.1908
0.134056
0.179265
0.0672105
0.662
0.662
0.115358
0.662
0.0690123
0.477812
0.0379287
0.24078
0.403772
0.268972
0.0680431
0.348181
0.444003
0.23726
0.257778
0.119632
0.0164898
0.178876
0.533836
0.448466
0.40683
0.191093
0.146524
0.430618
0.662
0.186838
0.393114
0.19681
0.398564
0.206943
0.214375
0.662
0.0411016
0.215922
0.363018
0.0424426
0.0908012
0.214809
0.400593
0.629178
0.467898
0.662
0.525695
0.376006
0.0326745
0.237612
0.546566
0.240677
0.344913
0.303136
0.060457
0.215686
0.497604
0.0930272
0.202737
0.381882
0.198334
0.203186
0.30819
0.0378516
0.241915
0.662
0.245866
0.454059
0.375107
0.261992
0.186006
0.0802852
0.662
0.118273
0.117625
0.662
0.0734122
0.12139
0.162684
0.460623
0.123996
0.126559
0.14257
0.502294
0.181599
0.554441
0.210289
0.219081
0.441503
0.662
0.236672
0.245348
0.662
0.344647
0.662
0.662
0.638098
0.0756885
0.363681
0.460428
0.102104
0.123038
0.405137
0.119471
0.384093
0.122522
0.0470522
0.22432
0.662
0.0412511
0.481768
0.662
0.0503408
0.408514
0.560369
0.662
0.119186
0.662
0.0391526
0.337344
0.24101
0.217834
0.186565
0.219867
0.306102
0.195796
0.194962
0.165804
0.136587
0.0582411
0.146894
0.0686502
0.662
0.249403
0.348259
0.137755
0.0585344
0.209827
0.662
0.250007
0.109204
0.152932
0.330818
0.280632
0.0616354
0.150382
0.212797
0.213262
0.425823
0.662
0.278728
0.156734
0.055124
0.46955
0.0588918
0.649963
0.662
0.0827346
0.0782282
0.395474
0.662
0.305157
0.142228
0.441495
0.0919777
0.273267
0.0411728
0.0819352
0.0632332
0.0200463
0.269736
0.106425
0.168923
0.301026
0.574025
0.344747
0.141298
0.284954
0.0624605
0.662
0.662
0.133364
0.17141
0.15797
0.105278
0.278231
0.255127
0.214224
0.47968
0.236446
0.00823318
0.473652
0.271017
0.0836182
0.547808
0.118682
0.263651
0.104027
0.662
0.142463
0.157242
0.662
0.662
0.179944
0.0748628
0.0809708
0.307806
0.0269642
0.145501
0.0638071
0.0989242
0.243009
0.0565322
0.119928
0.11637
0.101308
0.121631
0.0649592
0.214214
0.386611
0.199359
0.140692
0.282617
0.6276
0.662
0.049629
0.335273
0.444492
0.15761
0.232779
0.0950577
0.525614
0.245216
0.268504
0.207522
0.0132647
0.662
0.0704386
0.325886
0.167641
0.662
0.346461
0.0715555
0.357296
0.120035
0.407721
0.0604525
0.641242
0.166796
0.229359
0.569637
0.0291424
0.662
0.662
0.123963
0.109943
0.0100316
0.662
0.0390152
0.0490211
0.117609
0.662
0.121135
0.662
0.126738
0.117633
0.205043
0.207017
0.205377
0.121779
0.662
0.223467
0.540885
0.662
0.662
0.117182
0.0923428
0.274067
0.124369
0.00916892
0.135056
0.185707
0.662
0.126992
0.302321
0.662
0.0881907
0.662
0.179321
0.24805
0.131784
0.0302368
0.662
0.260623
0.662
0.662
0.58189
0.45382
0.15455
0.439962
0.311219
0.135543
0.186154
0.662
0.0851142
0.0999738
0.328358
0.0780993
0.662
0.197899
0.111981
0.194613
0.106563
0.0232471
0.596541
0.191142
0.00567473
0.0914669
0.0712079
0.327732
0.169769
0.145664
0.662
0.0860418
0.0360612
0.551521
0.662
0.0324515
0.434956
0.214381
0.0851914
0.190472
0.481807
0.162838
0.0734484
0.662
0.205555
0.110616
0.133826
0.0402678
0.316511
0.135589
0.662
0.662
0.0877775
0.662
0.0420007
0.353165
0.0783141
0.128509
0.662
0.528822
0.17704
0.127278
0.155269
0.314705
0.365487
0.387057
0.0621924
0.46411
0.238388
0.0711777
0.192183
0.141496
0.0759908
0.457775
0.196019
0.130449
0.162846
0.0920013
0.102257
0.662
0.257573
0.0761164
0.622234
0.155406
0.314308
0.0602026
0.662
0.0473987
0.413365
0.439352
0.0320662
0.434172
0.662
0.251844
0.183725
0.414114
0.662
0.662
0.147975
0.467836
0.144461
0.0998386
0.245831
0.109379
0.0863805
0.0429166
0.00392442
0.544116
0.097913
0.614109
0.197208
0.107468
0.560385
0.155641
0.626942
0.0698825
0.287594
0.525501
0.662
0.210748
0.662
0.391117
0.435385
0.0890099
0.0944987
0.653458
0.220236
0.662
0.0283863
0.662
0.0707369
0.662
0.401367
0.348793
0.465633
0.40752
0.100665
0.662
0.25315
0.213775
0.608768
0.255051
0.0280672
0.218331
0.342168
0.266331
0.125731
0.359551
0.662
0.468912
0.139997
0.0523454
0.156518
0.124994
0.311043
0.0507153
0.662
0.279173
0.662
0.450666
0.130558
0.178429
0.283281
0.464376
0.0737002
0.662
0.200879
0.0981586
0.339541
0.21253
0.16867
0.418315
0.662
0.11609
0.149871
0.203885
0.222952
0.662
0.555382
0.549448
0.662
0.155969
0.165875
0.147138
0.407723
0.232514
0.272234
0.435596
0.157606
0.267045
0.662
0.281006
0.236353
0.106384
0.0908666
0.441021
0.662
0.472745
0.144857
0.223956
0.115366
0.662
0.455379
0.232185
0.0453523
0.212497
0.581741
0.662
0.20042
0.627388
0.189528
0.188443
0.662
0.0780497
0.246756
0.11556
0.359178
0.662
0.0454949
0.662
0.0503556
0.133583
0.212486
0.440075
0.120442
0.449067
0.269658
0.117099
0.271874
0.177868
0.453075
0.662
0.380354
0.535244
0.0752567
0.662
0.280464
0.662
0.487276
0.174885
0.398679
0.264559
0.309517
0.488837
0.269567
0.202838
0.276772
0.181615
0.321737
0.0525955
0.431974
0.41009
0.0296805
0.13597
0.0625552
0.662
0.0892581
0.151055
0.397312
0.106724
0.234918
0.168194
0.662
0.348731
0.0907194
0.364718
0.22172
0.418313
0.0550378
0.538513
0.631575
0.457197
0.249503
0.347796
0.662
0.0454421
0.352085
0.354828
0.197184
0.239981
0.0928729
0.0321871
0.053601
0.596039
0.662
0.0686627
0.383481
0.230864
0.470356
0.344927
0.40453
0.533208
0.662
0.487598
0.0730621
0.334539
0.632499
0.212084
0.0674312
0.295173
0.172126
0.143142
0.100414
0.350891
0.662
0.408111
0.080802
0.336999
0.312213
0.319586
0.462806
0.0883459
0.197859
0.272571
0.662
0.227858
0.12282
0.624924
0.14786
0.221434
0.309697
0.0727287
0.202954
0.0114186
0.113408
0.181957
0.335767
0.0102958
0.132556
0.453963
0.173776
0.137977
0.2691
0.0998907
0.173702
0.0671399
0.396464
0.662
0.126804
0.248121
0.103177
0.662
0.195793
0.412043
0.662
0.122738
0.235052
0.662
0.195017
0.0868128
0.120375
0.225606
0.460667
0.264625
0.511451
0.662
0.421088
0.141041
0.662
0.662
0.0630726
0.122252
0.302164
0.525462
0.291598
0.662
0.662
0.515058
0.662
0.312114
0.0848072
0.395225
0.0684541
0.229366
0.121539
0.147435
0.526584
0.662
0.133043
0.119288
0.397756
0.183116
0.0947458
0.662
0.554331
0.400338
0.12982
0.251727
0.130192
0.374394
0.662
0.0629945
0.0947647
0.662
0.242254
0.662
0.662
0.168532
0.331189
0.662
0.479625
0.403612
0.0951738
0.488868
0.662
0.382826
0.662
0.482325
0.662
0.34551
0.571548
0.137674
0.272616
0.142693
0.0804014
0.0714029
0.472219
0.0958455
0.177539
0.155724
0.183643
0.662
0.0672025
0.0616384
0.211635
0.127488
0.137399
0.662
0.223767
0.157682
0.282062
0.368682
0.208587
0.208937
0.285536
0.194783
0.0804514
0.0737726
0.200943
0.146685
0.128367
0.210971
0.467771
0.0365428
0.253872
0.349649
0.0854691
0.339335
0.662
0.294123
0.148269
0.0662455
0.191895
0.400754
0.252092
0.206614
0.22902
0.134234
0.266141
0.662
0.166232
0.662
0.201388
0.286312
0.285407
0.0331365
0.662
0.191076
0.242685
0.136128
0.137415
0.0816497
0.325818
0.260822
0.254948
0.0900129
0.662
0.119754
0.0651935
0.446599
0.612252
0.18028
0.066495
0.263563
0.662
0.346151
0.339211
0.335253
0.31816
0.148591
0.662
0.0897192
0.469764
0.0601573
0.662
0.396449
0.518876
0.358037
0.248661
0.121365
0.361231
0.0438683
0.376281
0.360274
0.251144
0.0874507
0.662
0.137801
0.129097
0.353676
0.182226
0.12847
0.115869
0.0545098
0.020397
0.345724
0.148115
0.407677
0.102907
0.10671
0.186221
0.0793109
0.464072
0.597093
0.508072
0.0983216
0.0646492
0.662
0.662
0.0975574
0.213109
0.108877
0.58315
0.662
0.546401
0.0173066
0.050959
0.283023
0.0937287
0.255398
0.627235
0.0895899
0.115494
0.444695
0.0698399
0.662
0.662
0.0975278
0.371551
0.132646
0.662
0.0680733
0.262235
0.229905
0.662
0.662
0.259547
0.387688
0.536382
0.209479
0.0645825
0.377248
0.384405
0.662
0.0628317
0.3013
0.224369
0.353708
0.205158
0.137303
0.120103
0.662
0.376254
0.144834
0.538056
0.147455
0.662
0.253711
0.103088
0.178959
0.662
0.145139
0.0458715
0.00495239
0.172948
0.662
0.222266
0.099875
0.0915549
0.44337
0.0959129
0.111182
0.223177
0.662
0.652008
0.662
0.662
0.146428
0.662
0.1795
0.662
0.26552
0.0599508
0.100895
0.278861
0.0402693
0.142083
0.662
0.192582
0.0564069
0.617514
0.182592
0.0586099
0.496874
0.0832756
0.139532
0.285543
0.0914349
0.27754
0.343371
0.138105
0.662
0.141776
0.662
0.662
0.168617
0.23327
0.597324
0.29971
0.253197
0.499992
0.134326
0.0923616
0.207982
0.193978
0.222107
0.0673045
0.387643
0.662
0.14534
0.391471
0.0554525
0.245259
0.321159
0.175083
0.175946
0.406921
0.201296
0.14082
0.0975292
0.431512
0.661853
0.535271
0.112331
0.662
0.658341
0.172785
0.662
0.197229
0.662
0.662
0.0459197
0.102834
0.101671
0.200811
0.662
0.144632
0.662
0.48373
0.0819439
0.396012
0.290439
0.445392
0.662
0.662
0.172827
0.0145672
0.0783571
0.0428828
0.105648
0.593855
0.133396
0.662
0.662
0.0555314
0.069836
0.035293
0.312304
0.662
0.662
0.0982431
0.248813
0.0669165
0.206136
0.0517984
0.360554
0.0910581
0.096543
0.15273
0.12141
0.472888
0.112563
0.110293
0.0781236
0.662
0.111661
0.662
0.566013
0.0862683
0.662
0.255896
0.144853
0.0655824
0.266352
0.045918
0.287168
0.662
0.497943
0.133789
0.518387
0.385028
0.390484
0.132196
0.247843
0.134777
0.0972461
0.662
0.420191
0.265867
0.40502
0.132503
0.379481
0.319541
0.121768
0.239668
0.17604
0.254496
0.662
0.662
0.662
0.349991
0.166216
0.136888
0.377525
0.662
0.362751
0.242062
0.0575242
0.662
0.486853
0.179623
0.662
0.179596
0.138877
0.0505501
0.470889
0.304091
0.265151
0.156768
0.435959
0.336612
0.19933
0.143041
0.116448
0.447467
0.662
0.407415
0.164905
0.218706
0.662
0.653845
0.106224
0.582576
0.662
0.112985
0.19005
0.0719907
0.162353
0.359962
0.326337
0.303604
0.630262
0.458313
0.186067
0.0616943
0.0996612
0.208548
0.079521
0.430407
0.566164
0.35529
0.234477
0.236448
0.662
0.531497
0.199172
0.379627
0.114736
0.218443
0.313061
0.126092
0.656556
0.00298536
0.460853
0.113691
0.409191
0.662
0.0689186
0.655367
0.662
0.204462
0.127387
0.0898401
0.625619
0.662
0.322929
0.178281
0.580662
0.299927
0.320926
0.137603
0.662
0.5191
0.216218
0.065261
0.444749
0.142417
0.103358
0.406333
0.325648
0.662
0.662
0.214924
0.172785
0.415274
0.369222
0.662
0.0883157
0.111771
0.0679209
0.119394
0.662
0.075156
0.100114
0.462878
0.295525
0.211535
0.0726886
0.170687
0.410892
0.121941
0.0105974
0.662
0.570219
0.627731
0.216825
0.179826
0.289621
0.452071
0.0696906
0.662
0.662
0.300203
0.261242
0.320125
0.218055
0.494251
0.455463
0.00475082
0.0916952
0.135684
0.067037
0.319412
0.662
0.662
0.104934
0.662
0.0851312
0.13096
0.662
0.240667
0.317667
0.104298
0.0850578
0.184575
0.662
0.130228
0.258635
0.281532
0.662
0.183122
0.662
0.0207388
0.662
0.28279
0.20962
0.39916
0.0595142
0.1211
0.308667
0.662
0.0718955
0.662
0.578118
0.150746
0.123796
0.0757114
0.0708271
0.662
0.343271
0.287932
0.382936
0.464238
0.541915
0.0794488
0.590516
0.335641
0.143487
0.116382
0.0822208
0.662
0.142819
0.118251
0.135298
0.164993
0.178438
0.053528
0.347437
0.195237
0.308769
0.662
0.258405
0.662
0.0391199
0.662
0.185173
0.251627
0.534863
0.256567
0.333816
0.0293
0.0427006
0.657423
0.0541636
0.347795
0.474016
0.135186
0.614142
0.160419
0.394853
0.0869159
0.107358
0.0652223
0.5051
0.338703
0.518498
0.640036
0.0654834
0.414433
0.272373
0.126932
0.199706
0.0715478
0.0756138
0.128623
0.116586
0.480796
0.0985924
0.304187
0.112298
0.261342
0.0934315
0.662
0.186375
0.477252
0.107111
0.105393
0.490093
0.466149
0.241597
0.516239
0.0924357
0.00471227
0.568146
0.337614
0.483432
0.109917
0.193562
0.110079
0.0847534
0.187555
0.474854
0.237491
0.662
0.385102
0.301729
0.106306
0.527397
0.0745489
0.116641
0.0799244
0.445459
0.224025
0.135003
0.210156
0.16451
0.110657
0.548871
0.128883
0.0492127
0.0701001
0.0440503
0.200288
0.137422
0.314207
0.0594917
0.401341
0.16471
0.546989
0.0640159
0.0633357
0.103182
0.126796
0.0727704
0.219702
0.247067
0.282075
0.209829
0.126604
0.115181
0.662
0.203708
0.473596
0.662
0.201673
0.199814
0.610788
0.662
0.662
0.0467393
0.163842
0.627071
0.662
0.336578
0.385135
0.165479
0.0675803
0.371764
0.104456
0.0967736
0.166413
0.497936
0.199015
0.0738908
0.4039
0.174803
0.407746
0.0849412
0.0894043
0.0871907
0.662
0.165418
0.286831
0.022651
0.150507
0.339903
0.267561
0.00677737
0.154466
0.169105
0.662
0.108596
0.0518911
0.0574315
0.106803
0.628127
0.108134
0.495572
0.283368
0.0516595
0.662
0.645265
0.0849467
0.371125
0.159846
0.0554408
0.258942
0.197461
0.0846279
0.662
0.662
0.0642364
0.298572
0.372208
0.614646
0.362342
0.432891
0.27138
0.618229
0.22294
0.158708
0.346831
0.52691
0.146637
0.299852
0.662
0.662
0.26367
0.0251032
0.292368
0.0652023
0.662
0.325198
0.269266
0.239668
0.0963564
0.0446905
0.662
0.102693
0.16537
0.403594
0.192392
0.662
0.109489
0.0746183
0.656123
0.190646
0.0724657
0.54879
0.174683
0.0750927
0.457982
0.482615
0.662
0.353674
0.143717
0.268443
0.524682
0.0484407
0.309694
0.348288
0.334193
0.662
0.100744
0.336742
0.662
0.106475
0.128737
0.213365
0.265904
0.224789
0.0284409
0.389752
0.662
0.271558
0.0892527
0.445732
0.158663
0.25086
0.373746
0.662
0.235746
0.0527701
0.499929
0.0956389
0.168222
0.0490245
0.139384
0.0582171
0.0402953
0.47944
0.446756
0.0453891
0.141186
0.662
0.074678
0.11646
0.170352
0.650596
0.299712
0.0903501
0.206772
0.0542289
0.396366
0.132682
0.136942
0.200548
0.204472
0.607521
0.141597
0.453605
0.662
0.308063
0.188047
0.662
0.662
0.238224
0.472547
0.229613
0.232805
0.196197
0.662
0.44572
0.125365
0.182966
0.453022
0.212863
0.279169
0.0978187
0.662
0.129061
0.149688
0.323356
0.662
0.0904552
0.0781031
0.454826
0.662
0.662
0.086368
0.188865
0.00497521
0.0722888
0.399343
0.662
0.0832621
0.227235
0.662
0.152964
0.623252
0.0542033
0.0195811
0.264755
0.113565
0.155249
0.662
0.325912
0.638955
0.100628
0.523026
0.17293
0.146694
0.105565
0.662
0.122661
0.394683
0.210833
0.0553383
0.186715
0.0478898
0.662
0.564095
0.0747153
0.120386
0.308615
0.469081
0.177585
0.14329
0.106822
0.213615
0.0392866
0.65287
0.158333
0.0814004
0.134322
0.432709
0.163511
0.10847
0.297877
0.139575
0.0830064
0.29575
0.271796
0.384012
0.172732
0.662
0.662
0.00582944
0.394366
0.337245
0.21972
0.275437
0.413742
0.0700693
0.145076
0.50894
0.662
0.13732
0.662
0.662
0.241524
0.662
0.0823387
0.0567365
0.662
0.249644
0.169552
0.0588985
0.181988
0.126585
0.360569
0.662
0.22013
0.217372
0.662
0.0363946
0.208268
0.190133
0.207396
0.474571
0.294521
0.0257799
0.390985
0.426151
0.662
0.662
0.114466
0.432703
0.142296
0.107627
0.116432
0.117352
0.428732
0.0813693
0.138171
0.106721
0.590389
0.662
0.0907425
0.0819488
0.164485
0.662
0.202641
0.363807
0.383823
0.0529199
0.339864
0.662
0.554616
0.122921
0.0296832
0.539991
0.662
0.181264
0.222805
0.662
0.0932758
0.662
0.46554
0.208592
0.177056
0.233923
0.141264
0.379999
0.0680347
0.284226
0.463785
0.315326
0.662
0.114557
0.199811
0.395695
0.173269
0.222255
0.662
0.662
0.488004
0.158223
0.433556
0.00117367
0.349978
0.0999256
0.662
0.662
0.662
0.116189
0.292116
0.177012
0.335991
0.05466
0.290229
0.243342
0.467436
0.11363
0.45044
0.662
0.380324
0.267414
0.0308791
0.662
0.149229
0.0900781
0.0184696
0.106926
0.195751
0.0906364
0.117068
0.662
0.20947
0.395862
0.484987
0.198318
0.053417
0.437967
0.0635764
0.0990838
0.122748
0.0725408
0.229064
0.348126
0.475672
0.40302
0.0565647
0.639542
0.662
0.662
0.662
0.351341
0.662
0.474715
0.203404
0.260648
0.0506006
0.146139
0.115966
0.662
0.662
0.0912646
0.27483
0.234918
0.662
0.32396
0.397134
0.496886
0.330302
0.108208
0.0733444
0.0718708
0.351925
0.194076
0.0662814
0.0441066
0.18135
0.254278
0.510163
0.388914
0.212764
0.0644197
0.0748484
0.453579
0.470575
0.154928
0.370818
0.477274
0.12326
0.662
0.110597
0.0890034
0.662
0.319469
0.183059
0.46747
0.0169599
0.550261
0.662
0.126906
0.662
0.17951
0.114516
0.179308
0.30173
0.231559
0.662
0.125284
0.662
0.563333
0.522422
0.333947
0.662
0.244481
0.239829
0.197708
0.0908237
0.260135
0.126433
0.362754
0.15072
0.224399
0.178129
0.14911
0.468101
0.662
0.08652
0.420817
0.361349
0.269099
0.371273
0.444397
0.117876
0.0809572
0.662
0.436996
0.662
0.145338
0.158454
0.138841
0.0532818
0.162953
0.0767937
0.1608
0.196786
0.430312
0.382217
0.0926193
0.662
0.457038
0.344336
0.662
0.240985
0.063651
0.274986
0.237956
0.364577
0.398909
0.149701
0.269987
0.391974
0.152722
0.115112
0.493686
0.103973
0.339316
0.367948
0.614513
0.13989
0.300466
0.119151
0.137104
0.0989259
0.22107
0.316974
0.0564433
0.46724
0.662
0.178128
0.163347
0.358591
0.141442
0.0620921
0.201265
0.104118
0.080804
0.662
0.434877
0.2458
0.221698
0.0593797
0.176111
0.662
0.21153
0.203359
0.126579
0.0576468
0.502543
0.147243
0.215776
0.104516
0.0552022
0.268368
0.212728
0.271187
0.0383155
0.662
0.303441
0.0321188
0.662
0.217569
0.0941047
0.00801969
0.365162
0.184908
0.662
0.588014
0.23912
0.0965016
0.250259
0.0860941
0.662
0.0721656
0.308285
0.372555
0.108901
0.0236496
0.22211
0.123928
0.654465
0.149186
0.662
0.662
0.371206
0.336633
0.487378
0.244249
0.0435182
0.662
0.272645
0.586839
0.662
0.562264
0.46343
0.369761
0.390023
0.392692
0.253764
0.0802316
0.173093
0.133854
0.662
0.285987
0.225753
0.662
0.0932074
0.120843
0.0625342
0.487034
0.662
0.662
0.662
0.0787921
0.662
0.117265
0.258333
0.662
0.586489
0.226098
0.127799
0.0956999
0.0751073
0.638943
0.0700554
0.662
0.199429
0.113741
0.351343
0.1484
0.652635
0.662
0.179905
0.232123
0.45111
0.336892
0.220849
0.413021
0.0891443
0.0929323
0.434319
0.201184
0.0522515
0.662
0.0728291
0.57421
0.517607
0.249331
0.141454
0.329384
0.259584
0.662
0.341188
0.662
0.00174805
0.264827
0.585949
0.662
0.147171
0.338571
0.132206
0.111291
0.138874
0.275815
0.478696
0.0996505
0.0691364
0.0827001
0.182676
0.447278
0.43298
0.518807
0.662
0.0772978
0.100069
0.151532
0.662
0.431966
0.236268
0.662
0.477428
0.236675
0.207772
0.276691
0.052521
0.455942
0.130336
0.00212809
0.092923
0.17375
0.269635
0.521154
0.0859449
0.455347
0.558564
0.101869
0.603693
0.439
0.20632
0.0333048
0.10578
0.151441
0.0527865
0.0942048
0.0301634
0.115991
0.110142
0.40238
0.127822
0.266355
0.00220538
0.0421017
0.233788
0.259061
0.662
0.102401
0.662
0.259744
0.113435
0.324892
0.100896
0.3733
0.276867
0.312314
0.554858
0.662
0.662
0.662
0.662
0.662
0.246775
0.250316
0.368514
0.130209
0.0203524
0.153682
0.0066706
0.377041
0.494842
0.405112
0.662
0.459852
0.275212
0.211179
0.16509
0.414845
0.313964
0.266962
0.662
0.662
0.623764
0.160031
0.303626
0.521081
0.229724
0.00346042
0.00639892
0.662
0.0254109
0.52953
0.205543
0.187268
0.119115
0.0753423
0.662
0.249555
0.317083
0.662
0.180868
0.101017
0.30611
0.208004
0.409772
0.250303
0.11576
0.107271
0.0747708
0.209167
0.0899109
0.662
0.162322
0.662
0.152576
0.530111
0.388319
0.159595
0.148549
0.577221
0.226505
0.046921
0.104622
0.662
0.662
0.662
0.0798048
0.345754
0.18022
0.217794
0.662
0.0454971
0.437222
0.0122698
0.204174
0.172462
0.0946151
0.216381
0.366639
0.245202
0.354752
0.113698
0.318157
0.0141667
0.234594
0.662
0.253106
0.0951744
0.662
0.662
0.00444012
0.115863
0.25585
0.124858
0.662
0.0274169
0.0896819
0.662
0.024238
0.165734
0.404825
0.662
0.130953
0.43292
0.0451357
0.662
0.324785
0.411495
0.221301
0.173657
0.415777
0.0397178
0.0680753
0.0836881
0.644163
0.662
0.126104
0.132163
0.186495
0.522314
0.0466769
0.136588
0.357985
0.049984
0.440907
0.237879
0.0839898
0.147758
0.105242
0.0946824
0.263995
0.0671934
0.357389
0.249911
0.0922342
0.168122
0.310311
0.149585
0.357652
0.293793
0.00581535
0.00677321
0.24076
0.00749763
0.106318
0.472259
0.185546
0.0495591
0.573213
0.0277625
0.18051
0.340964
0.542762
0.662
0.35873
0.486389
0.209674
0.640279
0.316261
0.47302
0.490021
0.223209
0.114882
0.5534
0.149603
0.162395
0.557711
0.497298
0.305454
0.199943
0.207733
0.123282
0.182848
0.461836
0.662
0.662
0.0900181
0.303625
0.138708
0.662
0.547794
0.117895
0.181555
0.662
0.234102
0.273531
0.427401
0.258407
0.104773
0.336068
0.205459
0.569603
0.108494
0.0908847
0.662
0.232733
0.164111
0.642794
0.146626
0.13715
0.662
0.0422901
0.115199
0.511374
0.554205
0.506529
0.0472935
0.119686
0.227031
0.58595
0.274838
0.655287
0.394771
0.0455156
0.0764917
0.108888
0.108421
0.185275
0.135962
0.188947
0.0755723
0.356215
0.051665
0.342297
0.506922
0.0105006
0.219773
0.120629
0.0513861
0.302429
0.253202
0.0996782
0.0290522
0.662
0.124527
0.48816
0.315461
0.109331
0.662
0.177836
0.26659
0.265956
0.115418
0.662
0.218916
0.662
0.413381
0.662
0.166003
0.168986
0.662
0.252144
0.662
0.401679
0.29409
0.0708089
0.127337
0.415761
0.170316
0.384894
0.499394
0.22165
0.360002
0.153861
0.22598
0.360643
0.132029
0.240333
0.240993
0.0694288
0.604719
0.0180982
0.217876
0.0694786
0.556359
0.374701
0.473765
0.278393
0.213846
0.179412
0.0992829
0.0885659
0.441228
0.662
0.00011447
0.662
0.0944047
0.179533
0.0485906
0.104265
0.0353036
0.32857
0.101809
0.178724
0.662
0.05753
0.362036
0.251307
0.538008
0.0820093
0.0239753
0.0683421
0.179048
0.0916896
0.0899403
0.100544
0.056595
0.297565
0.278327
0.367952
0.342179
0.662
0.151845
0.140625
0.639947
0.41316
0.198953
0.0178115
0.151738
0.0872072
0.266179
0.332408
0.22996
0.365854
0.252221
0.106887
0.259246
0.0417298
0.109921
0.251655
0.484377
0.0435395
0.268689
0.196014
0.264451
0.381072
0.662
0.662
0.272088
0.662
0.170343
0.323758
0.117877
0.0907288
0.662
0.410909
0.161711
0.662
0.662
0.0672556
0.662
0.387579
0.165742
0.36567
0.290892
0.133359
0.420564
0.662
0.0495946
0.13727
0.0654678
0.0404671
0.278696
0.370405
0.0848852
0.156804
0.662
0.662
0.662
0.185204
0.231542
0.0802991
0.609643
0.344464
0.662
0.48619
0.184389
0.134587
0.322367
0.0789501
0.662
0.0619982
0.647714
0.0683575
0.359922
0.662
0.662
0.257549
0.662
0.104955
0.183549
0.399612
0.125767
0.662
0.498591
0.224729
0.0382112
0.662
0.10701
0.17195
0.128887
0.366816
0.0703086
0.315152
0.163755
0.117301
0.180434
0.405447
0.181917
0.662
0.112948
0.0111755
0.192682
0.170127
0.0314715
0.0997598
0.662
0.0962259
0.553472
0.152794
0.260412
0.650412
0.165989
0.535887
0.662
0.0105049
0.0981455
0.0362866
0.0831377
0.662
0.662
0.242019
0.0542536
0.362453
0.232359
0.662
0.662
0.493369
0.405608
0.406856
0.100785
0.141826
0.662
0.404958
0.235975
0.662
0.372456
0.662
0.188081
0.309811
0.182535
0.135695
0.498558
0.439413
0.18886
0.0592667
0.190943
0.540533
0.129467
0.662
0.328514
0.212005
0.662
0.65958
0.377226
0.226826
0.213354
0.0560238
0.215866
0.118833
0.220247
0.662
0.176595
0.662
0.0583657
0.662
0.662
0.12492
0.057602
0.170503
0.644167
0.662
0.244839
0.0886897
0.236392
0.231536
0.135768
0.197395
0.662
0.132631
0.662
0.310714
0.434031
0.470347
0.0856836
0.123122
0.662
0.189233
0.156341
0.662
0.629763
0.0221849
0.0436225
0.0914445
0.0847551
0.439701
0.2931
0.0538852
0.0476569
0.335985
0.124434
0.143413
0.356459
0.176032
0.046132
0.0683807
0.393845
0.166348
0.040247
0.192456
0.092515
0.221655
0.53778
0.27253
0.125264
0.508656
0.662
0.467145
0.187843
0.137983
0.42051
0.351172
0.217321
0.338593
0.58311
0.63678
0.155444
0.115022
0.19962
0.662
0.114236
0.662
0.357539
0.662
0.311652
0.166994
0.0624027
0.0569433
0.236156
0.450494
0.480927
0.243387
0.0619306
0.576884
0.128131
0.337284
0.158754
0.330636
0.0504322
0.114039
0.207976
0.27614
0.454506
0.231532
0.28155
0.541977
0.0297188
0.140349
0.0542026
0.662
0.662
0.0917076
0.176743
0.251548
0.176959
0.096896
0.311677
0.662
0.662
0.662
0.662
0.0924141
0.0655816
0.0951848
0.662
0.0910792
0.662
0.0725597
0.196282
0.314187
0.15132
0.573147
0.326555
0.479227
0.0359024
0.471966
0.662
0.179379
0.662
0.568265
0.662
0.111094
0.21243
0.418438
0.12411
0.662
0.224105
0.20671
0.239731
0.0541005
0.236961
0.025394
0.504387
0.585284
0.359885
0.511187
0.123187
0.0596835
0.662
0.0879717
0.205672
0.166748
0.111052
0.123588
0.662
0.249063
0.0316728
0.158409
0.662
0.165905
0.332322
0.662
0.394019
0.383211
0.0625801
0.125919
0.662
0.197888
0.323422
0.122056
0.33931
0.361813
0.196475
0.269667
0.320844
0.0571332
0.0553691
0.184896
0.166142
0.0703604
0.662
0.496944
0.0657047
0.0893614
0.214422
0.16636
0.258199
0.0567282
0.227703
0.0979952
0.244414
0.333592
0.662
0.149197
0.24204
0.662
0.201171
0.277933
0.137777
0.159947
0.286989
0.0206426
0.087994
0.662
0.113852
0.662
0.286419
0.198045
0.198052
0.412451
0.164747
0.534138
0.662
0.662
0.216978
0.0693537
0.17632
0.102961
0.466447
0.465249
0.347421
0.117209
0.662
0.662
0.192445
0.0986708
0.400645
0.548211
0.0421873
0.326078
0.478792
0.406145
0.315986
0.0843092
0.118401
0.144025
0.662
0.244152
0.662
0.662
0.176771
0.0908679
0.235237
0.200658
0.104384
0.150442
0.108946
0.662
0.115921
0.367058
0.144378
0.139195
0.662
0.318423
0.35963
0.256761
0.134573
0.275617
0.458876
0.398209
0.495556
0.45368
0.398409
0.293721
0.21734
0.140583
0.264891
0.0634842
0.662
0.169373
0.446565
0.119024
0.196902
0.166521
0.662
0.0815071
0.662
0.662
0.18694
0.12885
0.137613
0.0935139
0.140307
0.278152
0.217485
0.390718
0.0477475
0.662
0.211599
0.662
0.662
0.565013
0.662
0.235338
0.208607
0.161408
0.458974
0.289868
0.31781
0.0450726
0.117695
0.662
0.54499
0.466912
0.202211
0.139987
0.128636
0.430446
0.12101
0.277223
0.0718127
0.119858
0.662
0.0919012
0.302423
0.662
0.270771
0.131568
0.0248994
0.00347217
0.344258
0.102509
0.0187965
0.597317
0.189545
0.0482021
0.662
0.410336
0.150236
0.149175
0.0113729
0.352912
0.168031
0.215008
0.148563
0.190457
0.0695415
0.00823337
0.0629957
0.43659
0.102079
0.0594587
0.465759
0.0376141
0.134243
0.267866
0.140125
0.124513
0.662
0.662
0.375587
0.120642
0.173745
0.187277
0.179329
0.336054
0.0814385
0.22477
0.404479
0.0276861
0.380492
0.35015
0.240841
0.19061
0.141321
0.0974938
0.238203
0.662
0.471867
0.1091
0.140291
0.132073
0.257183
0.196497
0.112821
0.570146
0.333916
0.322859
0.398101
0.437793
0.662
0.102574
0.1004
0.424048
0.662
0.461844
0.104576
0.402385
0.107267
0.102125
0.353471
0.39604
0.662
0.037678
0.0461107
0.0683411
0.0403116
0.4553
0.231072
0.0873693
0.504146
0.662
0.105052
0.662
0.0542812
0.178491
0.297101
0.228845
0.662
0.206213
0.155071
0.172757
0.500932
0.162538
0.284271
0.271305
0.107085
0.311616
0.190573
0.662
0.454725
0.0491727
0.662
0.0616121
0.3562
0.662
0.277871
0.662
0.662
0.273094
0.357917
0.210653
0.370015
0.108955
0.284731
0.331757
0.384295
0.143143
0.0745194
0.0668907
0.662
0.351555
0.209075
0.152368
0.0715121
0.445623
0.100867
0.11981
0.0159559
0.108891
0.310934
0.270413
0.165039
0.662
0.361993
0.183449
0.36475
0.607369
0.156019
0.639941
0.222308
0.662
0.662
0.402741
0.556929
0.217145
0.526271
0.0764082
0.091744
0.224852
0.44447
0.0594273
0.184071
0.100613
0.27295
0.0226645
0.0508219
0.32118
0.190012
0.633694
0.489082
0.0782499
0.662
0.455621
0.662
0.662
0.198716
0.283852
0.435355
0.421674
0.0812575
