0.662
0.0588118
0.263149
0.564322
0.446937
0.0897518
0.088095
0.0916062
0.0909165
0.274892
0.559915
0.333081
0.511704
0.166362
0.2842
0.0926252
0.506977
0.133831
0.493427
0.52814
0.378706
0.0455211
0.307603
0.165038
0.206818
0.649989
0.0775549
0.229019
0.492766
0.12688
0.335466
0.148941
0.515622
0.186056
0.118142
0.415128
0.270632
0.421745
0.14355
0.0989734
0.271117
0.00562371
0.13074
0.384156
0.112346
0.522404
0.546571
0.101097
0.034648
0.083705
0.662
0.339678
0.662
0.19756
0.536758
0.120083
0.537904
0.0774181
0.247209
0.532496
0.0302819
0.220651
0.147807
0.117046
0.4242
0.142227
0.662
0.142571
0.13179
0.347861
0.285898
0.360491
0.355418
0.216127
0.213933
0.089135
0.194691
0.511014
0.610977
0.524252
0.662
0.439897
0.401134
0.614543
0.230009
0.192877
0.570766
0.126915
0.222856
0.0676993
0.0756291
0.544155
0.38592
0.254293
0.135269
0.114894
0.038386
0.12128
0.0423312
0.464993
0.617636
0.662
0.168774
0.470743
0.337505
0.0593819
0.26907
0.151371
0.662
0.351254
0.397535
0.340261
0.462738
0.0439063
0.196452
0.0866943
0.505291
0.662
0.209718
0.126458
0.425847
0.26576
0.144866
0.429031
0.185539
0.464697
0.658177
0.141779
0.124538
0.340014
0.662
0.199357
0.0477222
0.0741997
0.0811518
0.339646
0.0615379
0.265163
0.0559431
0.22713
0.118378
0.132639
0.0678794
0.230585
0.662
0.298289
0.277518
0.365782
0.330476
0.14631
0.523409
0.335868
0.662
0.354861
0.0885864
0.581888
0.23378
0.662
0.13066
0.509764
0.0325113
0.420784
0.104869
0.0816632
0.326019
0.0166703
0.204329
0.192669
0.431376
0.00731559
0.257113
0.412003
0.126928
0.160077
0.143875
0.385623
0.0986414
0.115179
0.0969267
0.0300693
0.102889
0.345759
0.483667
0.219538
0.567536
0.172913
0.108579
0.228406
0.00171441
0.579561
0.0831026
0.295502
0.381086
0.293883
0.507879
0.427842
0.0509651
0.138149
0.128886
0.317832
0.0642467
0.0620633
0.534739
0.397388
0.0377612
0.0316825
0.350077
0.145977
0.37686
0.373487
0.0514485
0.0921202
0.114598
0.066117
0.580175
0.0489786
0.472381
0.203885
0.524975
0.476749
0.123139
0.202875
0.0413557
0.165464
0.558425
0.171482
0.102046
0.0654084
0.0808199
0.124749
0.662
0.591946
0.178856
0.283572
0.145497
0.365838
0.337516
0.0992898
0.278667
0.267276
0.193739
0.0573287
0.0427778
0.0887333
0.0686264
0.137183
0.0409198
0.183188
0.0261425
0.11199
0.117918
0.210167
0.259423
0.265601
0.0228066
0.173879
0.542712
0.518858
0.0921623
0.0512811
0.230008
0.0678695
0.230674
0.0830295
0.0580298
0.544921
0.511564
0.587277
0.510852
0.117457
0.0917891
0.257714
0.61367
0.451513
0.206086
0.425012
0.226135
0.335169
0.173132
0.0672138
0.107376
