0.178958
0.355433
0.217013
0.193535
0.488203
0.473787
0.245349
0.479329
0.232649
0.187211
0.552662
0.127501
0.0675399
0.405763
0.0375175
0.0956059
0.0797469
0.120889
0.105637
0.436056
0.126101
0.54617
0.228238
0.458167
0.662
0.662
0.662
0.662
0.0336869
0.00641968
0.530937
0.662
0.100066
0.0173824
0.560124
0.0372262
0.402301
0.29331
0.439457
0.544023
0.220417
0.593924
0.121846
0.103951
0.0938377
0.118621
0.38718
0.301666
0.338492
0.370183
0.188768
0.251725
0.662
0.117599
0.265647
0.238882
0.662
0.324985
0.366456
0.0592373
0.159855
0.662
0.662
0.256918
0.314401
0.178436
0.0139523
0.134298
0.177698
0.21541
0.335564
0.526225
0.436234
0.0624822
0.475507
0.110924
0.0855898
0.0735957
0.20724
0.326346
0.0740104
0.1235
0.188446
0.333985
0.291426
0.457777
0.30511
0.105788
0.289023
0.260704
0.158572
0.107667
0.216733
0.662
0.417638
0.160304
0.378877
0.462083
0.0997834
0.471057
0.506084
0.20526
0.662
0.591309
0.144299
0.099936
0.0951253
0.143078
0.626675
0.194066
0.083711
0.0284715
0.327251
0.527562
0.571364
0.115798
0.389119
0.484323
0.402305
0.662
0.175149
0.374019
0.0933792
0.284677
0.259248
0.524603
0.0503828
0.0669289
0.501618
0.616215
0.272591
0.398997
0.631693
0.0822599
0.0509531
0.0755571
0.662
0.254007
0.662
0.102066
0.0741723
0.443519
0.435711
0.30911
0.662
0.518622
0.346355
0.456073
0.130583
0.361048
0.659936
0.10537
0.369701
0.281905
0.113069
0.322493
0.0452203
0.0178014
0.0494972
0.0448753
0.50568
0.460878
0.237223
0.169192
0.662
0.200188
0.0406546
0.342764
0.501503
0.420807
0.551638
0.251467
0.420597
0.0619881
0.0993796
0.0592777
0.246591
0.662
0.276358
0.440189
0.255741
0.54269
0.272807
0.00611517
0.662
0.100564
0.173285
0.546714
0.22688
0.167985
0.292139
0.397414
0.588988
0.662
0.0590791
0.00409262
0.296879
0.303982
0.494644
0.38684
0.621679
0.544172
0.432854
0.102099
0.0304816
0.00315323
0.662
0.400577
0.0491597
0.603308
0.126353
0.438824
0.445132
0.613309
0.0495387
0.57921
0.662
0.302354
0.137555
0.0837926
0.333878
0.0241384
0.00374558
0.108116
0.524963
0.467861
0.587814
0.662
0.151123
0.2775
0.180087
0.140068
0.0911731
0.173987
0.161327
0.53157
0.467751
0.350818
0.102616
0.617758
0.662
0.144481
0.133731
0.405953
0.100003
0.211479
0.365835
0.277387
0.128686
0.49802
0.647202
0.0780631
0.234154
0.185459
0.229048
0.196878
0.369844
0.464838
0.368884
0.416736
0.351242
0.156796
0.105726
0.599613
0.0491333
0.00383432
0.253377
0.242335
0.406381
0.137022
0.662
0.497483
0.124955
0.662
0.47742
0.657345
0.27526
0.411147
0.21827
0.42702
0.662
0.142036
0.138179
0.120638
0.662
0.171262
0.377848
0.316868
0.475807
0.318304
0.149021
0.232187
0.662
0.662
0.0315656
0.0826301
0.172283
0.408997
0.211284
0.0752732
0.0118361
0.203212
0.662
0.283817
0.662
0.0146448
0.1445
0.385524
0.288961
0.307034
0.36457
0.0169175
0.285341
0.0933765
0.422108
0.0419245
0.633554
0.386665
0.639491
0.484841
0.0531179
0.662
0.0142758
0.258974
0.599071
0.618143
0.0280875
0.662
0.113523
0.0618631
0.360123
0.12924
0.127833
0.645135
0.0655745
0.566537
0.263284
0.662
0.19281
0.333493
0.0556601
0.62498
0.393146
0.0380724
0.530338
0.248736
0.287303
0.332453
0.352126
0.162151
0.106672
0.662
0.244521
0.522931
0.110894
0.376668
0.194484
0.425022
0.460683
0.0573994
0.00128928
0.353651
0.662
0.662
0.199324
0.113196
0.03159
0.070634
0.515232
0.174652
0.662
0.138814
0.152571
0.328255
0.454808
0.214608
0.310858
0.179568
0.31305
0.0119557
0.662
0.0396567
0.166652
0.364857
0.110766
0.26538
0.662
0.467902
0.189831
0.231493
0.142342
0.00502416
0.427177
0.208826
0.662
0.18925
0.0437047
0.465276
0.140936
0.586591
0.275263
0.307141
0.23126
0.23009
0.369881
0.540449
0.265019
0.619021
0.268794
0.185604
0.104615
0.177152
0.161745
0.0712904
0.0143123
0.0765459
0.418485
0.591422
0.539728
0.071719
0.627645
0.169625
0.127162
0.586113
0.119042
0.662
0.393474
0.620948
0.219836
0.112352
0.397423
0.143578
0.251943
0.199359
0.662
0.591319
0.186797
0.107431
0.366889
0.0680671
0.305734
0.293847
0.0482813
0.662
0.193268
0.0963429
0.374428
0.329282
0.662
0.131195
0.492949
0.346549
0.304457
0.254838
0.362335
0.297888
0.322785
0.149316
0.285501
0.24742
0.465512
0.297479
0.593187
0.270128
0.432073
0.0546868
0.0709132
0.108608
0.198251
0.199729
0.662
0.662
0.559202
0.0560671
0.291081
0.520563
0.103458
0.200263
0.662
0.136149
0.526591
0.662
0.113733
0.44773
0.225418
0.584421
0.662
0.216577
0.0693614
0.628259
0.511773
0.662
0.10751
0.18359
0.224187
0.00940047
0.317449
0.228872
0.193061
0.119127
0.662
0.0724412
0.662
0.0413468
0.24256
0.509725
0.167619
0.0764003
0.193048
0.145106
0.450942
0.662
0.241831
0.157862
0.206906
0.18342
0.662
0.662
0.0085134
0.169131
0.111288
0.282158
0.595261
0.350128
0.136978
0.264872
0.073901
0.559483
0.629056
0.662
0.401386
0.42106
0.555132
0.175459
0.0603865
0.297488
0.447836
0.160475
0.155429
