0.415854
0.342476
0.0811531
0.412573
0.662
0.112552
0.173896
0.0374561
0.433348
0.418924
0.168098
0.497235
0.604973
0.0321043
0.641557
0.0275122
0.183007
0.0372506
0.662
0.422292
0.0418143
0.102164
0.071706
0.200857
0.18221
0.578578
0.21512
0.239579
0.487363
0.21751
0.281332
0.662
0.406254
0.267056
0.183878
0.0617825
0.424978
0.0935344
0.114138
0.402512
0.174457
0.121195
0.0884056
0.107562
0.0463042
0.0968984
0.136923
0.0276557
0.662
0.164049
0.176261
0.662
0.359395
0.146993
0.0879934
0.0959581
0.0572867
0.1135
0.484014
0.662
0.130392
0.264075
0.251321
0.454542
0.629088
0.570155
0.101234
0.117358
0.0651804
0.613419
0.127051
0.0500122
0.190517
0.42966
0.156805
0.511156
0.0812782
0.247744
0.515717
0.614978
0.093234
0.0511492
0.0879889
0.486831
0.0576587
0.338208
0.138828
0.302839
0.082239
0.0824788
0.0580239
0.365279
0.310626
0.100426
0.114421
0.0544377
0.662
0.486189
0.326145
0.0949084
0.119099
0.261624
0.571832
0.455653
0.0770805
0.218644
0.0767205
0.240964
0.049994
0.178566
0.662
0.0945207
0.598511
0.24085
0.115664
0.0476171
0.0588057
0.113019
0.109932
0.395283
0.355697
0.228038
0.11609
0.0880738
0.162111
0.34659
0.129095
0.411185
0.639891
0.154647
0.343719
0.118379
0.0729945
0.0830147
0.203721
0.423846
0.231557
0.662
0.404577
0.0234649
0.0454101
0.10485
0.219913
0.662
0.64226
0.299165
0.0615248
0.662
0.320638
0.0655461
0.628268
0.0203525
0.3633
0.393745
0.123222
0.192203
0.117189
0.0791808
0.136587
0.27046
0.153624
0.046304
0.194691
0.510531
0.476916
0.0853721
0.287194
0.0942408
0.136864
0.0992501
0.514845
0.000124071
0.0979826
0.249878
0.662
0.373066
0.0560353
0.437926
0.150684
0.155266
0.597227
0.306899
0.198618
0.0659698
0.345648
0.254909
0.0843579
0.110649
0.142251
0.0897358
0.0139024
0.662
0.0161175
0.260484
0.164805
0.218797
0.291126
0.125348
0.343259
0.662
0.196595
0.107629
0.263326
0.0892552
0.0342197
0.662
0.0646807
0.662
0.041315
0.55084
0.0831429
0.0318944
0.0865247
0.101709
0.0262901
0.295483
0.0455418
0.1838
0.588102
0.0570134
0.328496
0.214674
0.518708
0.159202
0.174783
0.0867214
0.328707
0.359929
0.176291
0.0721426
0.435279
0.290003
0.131022
0.292975
0.0628001
0.0845024
0.662
0.632412
0.464791
0.339362
0.618608
0.118384
0.105789
0.141445
0.0712707
0.662
0.115923
0.472789
0.182093
0.252354
0.0899149
0.105005
0.139358
0.0335432
0.662
0.510668
0.119223
0.119667
0.0629194
0.204281
0.167452
0.662
0.155511
0.466189
0.662
0.179453
0.254331
0.365286
0.160355
0.0860263
0.259669
0.402562
0.288558
0.0646475
0.158892
0.662
0.545383
0.156231
0.102695
0.273284
0.431866
0.308134
0.0549304
0.396521
0.512893
0.0681509
0.103231
0.405226
0.483789
0.230839
0.216496
0.237869
0.238893
0.662
0.0882339
0.539005
0.17743
0.404425
0.103648
0.176093
0.589946
0.553224
0.352321
0.203274
0.521451
0.374828
0.531754
0.133924
0.19584
0.433558
0.0639501
0.351303
0.662
0.241731
0.306361
0.0553774
0.24055
0.0608751
0.336574
0.30516
0.570997
0.167722
0.484606
0.286658
0.575402
0.216381
0.120373
0.662
0.206119
0.441619
0.12656
0.0997361
0.278078
0.662
0.206154
0.370486
0.0385982
0.185701
0.153128
0.658491
0.118431
0.586234
0.0961421
0.372992
