0.409734
0.599197
0.662
0.0661971
0.0323602
0.454958
0.0714058
0.662
0.106863
0.460076
0.065101
0.50363
0.0537803
0.0701716
0.662
0.662
0.127354
0.662
0.465189
0.100031
0.030209
0.196168
0.232632
0.178435
0.19127
0.662
0.121309
0.146626
0.565747
0.253452
0.0974014
0.0882291
0.371987
0.452012
0.641071
0.0546287
0.215527
0.662
0.662
0.662
0.156446
0.336189
0.252583
0.35284
0.34321
0.254123
0.662
0.0689674
0.0221098
0.0203268
0.300737
0.095524
0.447849
0.0856163
0.426421
0.662
0.253239
0.299908
0.2532
0.245633
0.125856
0.45643
0.0577019
0.128384
0.22931
0.662
0.103163
0.495015
0.339155
0.631547
0.101661
0.395195
0.124323
0.483208
0.272245
0.151968
0.0647476
0.153062
0.662
0.355347
0.0933036
0.662
0.613091
0.662
0.20423
0.227632
0.426368
0.662
0.238191
0.253703
0.213276
0.219458
0.0633687
0.221474
0.0322662
0.390273
0.662
0.644931
0.037801
0.151326
0.319031
0.121169
0.370357
0.647209
0.662
0.0604057
0.181371
0.515599
0.22883
0.101316
0.147317
0.662
0.203508
0.580063
0.250629
0.572296
0.133559
0.564609
0.662
0.515329
0.21637
0.231599
0.0461075
0.280801
0.0373761
0.176573
0.574804
0.662
0.352084
0.0651495
0.0856095
0.178268
0.362547
0.49384
0.241291
0.389569
0.662
0.662
0.106767
0.662
0.662
0.395445
0.253873
0.437086
0.627958
0.662
0.141556
0.277474
0.30403
0.113608
0.101786
0.151411
0.202037
0.662
0.178268
0.000353893
0.08739
0.578275
0.0652507
0.215848
0.184267
0.162698
0.430778
0.427156
0.304175
0.32843
0.214092
0.0707083
0.076503
0.229277
0.357098
0.0828121
0.333631
0.399907
0.662
0.0458653
0.209132
0.472521
0.336593
0.662
0.236707
0.565487
0.099559
0.487707
0.313631
0.662
0.344869
0.114072
0.402527
0.152335
0.249594
0.662
0.103386
0.0727241
0.582051
0.220768
0.258022
0.103838
0.463557
0.517209
0.662
0.304383
0.662
0.661018
0.368372
0.222169
0.368964
0.662
0.662
0.0826241
0.111993
0.464102
0.523202
0.662
0.0994763
0.339484
0.126054
0.0613843
0.0776558
0.0400209
0.185787
0.213953
0.412958
0.264014
0.0491908
0.0619323
0.269751
0.109919
0.353614
0.130912
0.13529
0.462173
0.266457
0.312564
0.1111
0.406654
0.406883
0.649767
0.504911
0.524699
0.662
0.624593
0.20538
0.0632046
0.2763
0.526009
0.469587
0.662
0.640067
0.317927
0.268532
0.37634
0.190359
0.419586
0.111512
0.598394
0.237204
0.412263
0.411843
0.0037072
0.662
0.463264
0.0146999
0.058159
0.327332
0.662
0.662
0.509988
0.662
0.606534
0.662
0.627369
0.0138617
0.545844
0.327982
0.514757
0.257606
0.662
0.662
0.0726217
0.538886
0.42575
0.481365
0.367232
0.338543
0.0831227
0.662
0.180823
0.0269518
0.662
0.217949
0.292768
0.662
0.392462
0.00189303
0.0872162
0.308621
0.132122
0.0960002
0.482894
0.100728
0.662
0.312818
0.662
0.0638609
0.264501
0.339044
0.228184
0.451698
0.361354
0.2348
0.144657
0.152382
0.188344
0.104346
0.186632
0.312391
0.228257
0.352092
0.307267
0.284513
0.0809648
0.233402
0.662
0.206142
0.180889
0.595289
0.24617
0.662
0.198693
0.610347
0.662
0.207866
0.432781
0.236588
0.662
0.276815
0.662
0.035663
0.539678
0.132088
0.494938
0.441172
0.186936
0.337433
0.0247038
0.27856
0.347789
0.126666
0.270418
0.149171
0.0778777
0.284522
0.439876
0.22097
0.498595
0.043038
0.662
0.133727
0.662
0.374606
0.0260592
0.580656
0.401171
0.345072
0.628396
0.382365
0.65099
0.0253509
0.27413
0.327633
0.560737
0.495681
0.662
0.662
0.480277
0.662
0.106746
0.574032
0.451826
0.291681
0.529856
0.0724899
0.08176
0.662
0.210228
0.0749933
0.36345
0.238771
0.111433
0.173613
0.257227
0.0463138
0.504501
0.121988
0.158734
0.239944
0.192739
0.348907
0.662
0.233254
0.662
0.173043
0.621748
0.0107598
0.151268
0.400063
0.320206
0.500563
0.338116
0.494873
0.583161
0.662
0.0436607
0.0860413
0.378404
0.327018
0.0994144
0.662
0.648603
0.369489
0.185694
0.441888
0.48782
0.662
0.435382
0.483046
0.482152
0.28143
0.480025
0.172993
0.119252
0.190043
0.0685698
0.117301
0.297398
0.228894
0.293179
0.0323842
0.141984
0.273636
0.0531279
0.662
0.277623
0.290234
0.522539
0.280401
0.417862
0.458453
0.0972356
0.180765
0.370054
0.662
0.662
0.437889
0.662
0.662
0.133318
0.332195
0.569512
0.624228
0.562086
0.329218
0.0703469
0.662
0.188505
0.0333306
0.359973
0.259204
0.228252
0.178869
0.0577736
0.289057
0.662
0.16535
0.227995
0.500157
0.225914
0.61293
0.662
0.149274
0.662
0.193218
0.082079
0.662
0.280719
0.4489
0.0898721
0.662
0.369058
0.0305985
0.400064
0.145867
0.130283
0.662
0.10509
0.481932
0.086568
0.321005
0.242266
0.57468
0.566836
0.23538
0.473974
0.0652828
0.54289
0.662
0.520284
0.111983
0.662
0.448996
0.248282
0.171389
0.142981
0.0615563
0.433874
0.662
0.0744706
0.295246
0.662
0.61736
0.542173
0.579067
0.0378107
0.0187479
0.196694
0.146953
0.0689312
0.315758
0.607552
0.0573685
0.197765
0.126443
0.304427
0.241539
0.0542219
0.394425
0.309346
0.503532
0.15846
0.27841
0.0835013
0.118935
0.283804
0.219633
0.059996
0.125796
0.0509368
0.065749
0.322582
0.0680608
0.22311
0.113718
0.662
0.0646942
0.662
0.387284
0.662
0.662
0.662
0.127648
0.176649
0.093505
0.662
0.509524
0.662
0.620183
0.662
0.210097
0.662
0.516891
0.554513
0.445498
0.389489
0.534189
0.102963
0.364704
0.662
0.358907
0.329609
0.348967
0.128348
0.0276525
0.112975
0.093552
0.387577
0.393408
0.354007
0.304318
0.44046
0.333986
0.362632
0.24227
0.351694
0.662
0.237051
0.624639
0.273294
0.3743
0.662
0.202979
0.192988
0.295245
0.266421
0.662
0.0783665
0.213233
0.476212
0.468451
0.340413
0.0426765
0.150934
0.133614
0.597808
0.0896499
0.44468
0.534836
0.638677
0.100398
0.657932
0.392203
0.458936
0.662
0.230616
0.307092
0.480954
0.342197
0.181523
0.546854
0.193974
0.0180977
0.130089
0.662
0.42178
0.19264
0.662
0.662
0.206308
0.147484
0.154455
0.299289
0.167821
0.662
0.208247
0.208566
0.0582809
0.0957597
0.662
0.329444
0.0029893
0.145028
0.417127
0.662
0.624776
0.662
0.662
0.26781
0.268019
0.565242
0.106979
0.473662
0.094379
0.546025
0.342369
0.13334
0.648599
0.285471
0.289016
0.530644
0.662
0.662
0.141663
0.363118
0.662
0.214969
0.527117
0.263661
0.440253
0.662
0.36321
0.0241455
0.662
0.233237
0.606855
0.132524
0.295128
0.462441
0.316144
0.364644
0.0148173
0.058218
0.0904296
0.149457
0.0415106
0.415078
0.198315
0.662
0.459615
0.662
0.329983
0.442797
0.480498
0.662
0.662
0.662
0.112406
0.62349
0.513622
0.427955
0.118188
0.185594
0.0812882
0.105305
0.120994
0.380942
0.1687
0.332187
0.530699
0.379854
0.211353
0.369284
0.187914
