0.208639
0.662
0.251778
0.662
0.0842122
0.0169813
0.57734
0.469962
0.662
0.662
0.0148584
0.450796
0.0430563
0.148519
0.0759549
0.662
0.16762
0.222633
0.151722
0.337522
0.00431674
0.485332
0.0476092
0.662
0.26023
0.465518
0.0989906
0.662
0.107175
0.662
0.409228
0.336204
0.200995
0.374948
0.232499
0.389264
0.494024
0.111506
0.49034
0.55411
0.34938
0.404308
0.43272
0.274902
0.124366
0.214359
0.462661
0.558067
0.662
0.0581388
0.662
0.662
0.445587
0.63126
0.662
0.222576
0.300194
0.0754419
0.100292
0.485333
0.346811
0.124371
0.662
0.0692426
0.274358
0.557052
0.661655
0.662
0.523991
0.45597
0.212018
0.163338
0.662
0.599619
0.41977
0.662
0.662
0.0698959
0.662
0.0422552
0.662
0.288067
0.100358
0.463733
0.0980373
0.318067
0.662
0.205424
0.662
0.643518
0.0327297
0.125264
0.0951954
0.59298
0.290614
0.371692
0.629135
0.022732
0.662
0.27613
0.0667073
0.203538
0.278901
0.0510668
0.662
0.527689
0.433517
0.153343
0.662
0.194139
0.626302
0.0999179
0.224501
0.662
0.413828
0.427329
0.624472
0.455881
0.23188
0.169325
0.0668334
0.316216
0.464815
0.662
0.105145
0.662
0.457193
0.208776
0.175741
0.106513
0.333035
0.166773
0.239488
0.589194
0.207288
0.285754
0.014823
0.481912
0.116587
0.354067
0.332593
0.522913
0.662
0.521377
0.463359
0.43486
0.34594
0.460356
0.348169
0.382661
0.398309
0.162024
0.588033
0.0781538
0.36932
0.202335
0.20952
0.130362
0.133657
0.206796
0.662
0.323098
0.432571
0.546908
0.662
0.547348
0.21702
0.209428
0.634155
0.491965
0.04951
0.205975
0.149488
0.662
0.401222
0.388694
0.547154
0.59625
0.284967
0.0345789
0.662
0.653765
0.238642
0.662
0.662
0.135781
0.419564
0.0682443
0.342459
0.175053
0.177963
0.184105
0.183568
0.0694068
0.171285
0.433975
0.662
0.432018
0.21751
0.662
0.282146
0.245813
0.171964
0.611916
0.203568
0.205407
0.164086
0.662
0.140513
0.226806
0.208928
0.220988
0.662
0.662
0.139991
0.0089853
0.254223
0.484475
0.227422
0.443034
0.20969
0.147529
0.352234
0.662
0.415568
0.21236
0.268888
0.601372
0.662
0.161011
0.0510063
0.119248
0.0567043
0.662
0.662
0.0798749
0.486539
0.662
0.662
0.164082
0.662
0.608973
0.0921578
0.438739
0.513982
0.338474
0.26211
0.662
0.287098
0.480506
0.131228
0.662
0.0434267
0.662
0.0466248
0.302583
0.662
0.251194
0.662
0.324472
0.38601
0.051982
0.415995
0.0989869
0.519963
0.0529245
0.0521099
0.433722
0.250606
0.662
0.662
0.310094
0.184231
0.662
0.264981
0.306416
0.256874
0.0399504
0.0167479
0.206129
0.19821
0.0529086
0.0234766
0.149291
0.0634693
0.662
0.0538049
0.0814227
0.508856
0.416987
0.480545
0.440353
0.252443
0.662
0.16206
0.662
0.425075
0.0799745
0.495513
0.00724677
0.220341
0.406425
0.125829
0.114956
0.116098
0.256399
0.662
0.50072
0.243067
0.515519
0.13605
0.270674
0.0953959
0.00108778
0.287923
0.662
0.0943828
0.646896
0.662
0.178488
0.308796
0.070547
0.203183
0.18485
0.476467
0.335539
0.102339
0.0660962
0.631733
0.662
0.350212
0.190868
0.177924
0.0711136
0.662
0.309935
0.173208
0.366337
0.221869
0.662
0.131026
0.40325
0.549379
0.662
0.307731
0.246418
0.662
0.138078
0.191303
0.662
0.213411
0.662
0.0590128
0.631394
0.23505
0.645099
0.148637
0.141294
0.323287
0.509604
0.227908
0.662
0.452235
0.371015
0.255935
0.130658
0.662
0.147762
0.169729
0.21551
0.262621
0.507234
0.400554
0.0697581
0.509617
0.345962
0.0950412
0.662
0.199925
0.454709
0.0797123
0.0929652
0.206986
0.174211
0.202535
0.272551
0.326686
0.633189
0.252487
0.335411
0.0839643
0.662
0.0391509
0.662
0.0457574
0.454643
0.131844
0.472143
0.279653
0.426432
0.305805
0.232499
0.495658
0.0558303
0.0453348
0.296012
0.218182
0.0122124
0.14732
0.662
0.140419
0.616292
0.296125
0.662
0.472591
0.662
0.221623
0.186139
0.361572
0.0323793
0.590867
0.0853784
0.238369
0.662
0.191183
0.184545
0.662
0.662
0.135584
0.662
0.400885
0.662
0.662
0.260209
0.204212
0.396378
0.55659
0.442127
0.293784
0.629564
0.0919606
0.662
0.180462
0.268231
0.186996
0.195964
0.160995
0.157378
0.662
0.0299191
0.373202
0.229572
0.225142
0.14228
0.662
