0.662
0.101134
0.315512
0.205069
0.662
0.137848
0.621043
0.136553
0.503223
0.256197
0.11423
0.313716
0.174845
0.255234
0.406079
0.474304
0.335707
0.477504
0.504078
0.553596
0.251768
0.0637783
0.0634717
0.507596
0.300421
0.111421
0.109453
0.0109597
0.0404554
0.214623
0.146169
0.430747
0.185573
0.00329449
0.0623451
0.261024
0.425911
0.303852
0.183388
0.662
0.123891
0.187461
0.2552
0.662
0.455842
0.662
0.265929
0.423307
0.662
0.445645
0.191248
0.614883
0.168193
0.662
0.137769
0.408424
0.611695
0.149898
0.159158
0.0390126
0.025897
0.139678
0.119641
0.0754844
0.35156
0.339103
0.0748048
0.100006
0.124482
0.133945
0.439389
0.662
0.33131
0.202601
0.0905648
0.0551802
0.0949241
0.0624772
0.151217
0.320383
0.147952
0.38053
0.256169
0.0955271
0.142386
0.662
0.662
0.442551
0.345966
0.0669877
0.49889
0.17995
0.54769
0.662
0.235746
0.662
0.555023
0.602379
0.331322
0.0901504
0.0413129
0.126449
0.662
0.178158
0.311857
0.433853
0.662
0.662
0.140613
0.38581
0.154825
0.443759
0.0394212
0.119432
0.0806631
0.308431
0.321639
0.135152
0.109735
0.500432
0.143261
0.123777
0.131322
0.445345
0.189418
0.062954
0.112459
0.264495
0.110849
0.227234
0.616256
0.0882667
0.234192
0.105869
0.626475
0.0771913
0.291426
0.151433
0.381076
0.390925
0.213934
0.0495008
0.172217
0.662
0.223338
0.075282
0.248261
0.0495871
0.2237
0.115418
0.0933177
0.0551217
0.619844
0.44416
0.121018
0.52786
0.447918
0.114901
0.172818
0.0614574
0.130769
0.0721065
0.465773
0.216803
0.498339
0.475791
0.285594
0.109722
0.0399454
0.135281
0.0501337
0.0707343
0.237778
0.159543
0.0937035
0.186393
0.455455
0.662
0.202693
0.163571
0.1529
0.606024
0.146613
0.292214
0.122594
0.0859571
0.191354
0.447057
0.0588869
0.264109
0.557146
0.198149
0.373748
0.204849
0.186537
0.0529412
0.432928
0.336575
0.0351848
0.662
0.662
0.112137
0.0321203
0.0574783
0.394057
0.0767944
0.0474275
0.172358
0.659347
0.104001
0.662
0.0426582
0.657471
0.400651
0.12507
0.351842
0.295422
0.0346034
0.0967084
0.224099
0.533347
0.222125
0.203246
0.128015
0.532643
0.0773786
0.160741
0.101142
0.0974881
0.529061
0.0394209
0.451698
0.662
0.662
0.127481
0.329753
0.0586086
0.145331
0.0694997
0.173475
0.0399096
0.311669
0.197236
0.108456
0.475816
0.645495
0.0862097
0.115225
0.036973
0.374917
0.647044
0.250738
0.0924136
0.143863
0.423788
0.662
0.114779
0.240111
0.662
0.309498
0.133512
0.0803073
0.328402
0.0629
0.113791
0.0128572
0.18865
0.480316
0.334386
0.169217
0.662
0.45166
0.167582
0.662
0.219046
0.597091
0.465034
0.143284
0.420392
0.353443
0.261059
0.46811
0.174145
0.114029
0.0211505
0.0363356
0.263564
0.120695
0.159756
0.181136
0.089599
0.122993
0.351265
0.110126
0.301894
0.135035
0.235387
0.515913
0.61932
0.347716
0.26867
0.467754
0.662
0.0653341
0.0643458
0.148997
0.0570066
0.0617241
0.053568
0.603784
0.418361
0.220441
0.21586
0.662
0.441098
0.0472334
0.178653
0.324667
0.662
0.233294
0.337613
0.443071
0.175165
0.0159613
0.088571
0.133223
0.662
0.128442
0.11922
0.662
0.171885
0.274788
0.0908166
0.424994
0.114016
0.167487
0.662
0.347602
0.248683
0.662
0.567647
0.14107
0.089101
0.0827125
0.174323
0.0557091
0.444507
0.15115
0.0627573
0.437553
0.243071
0.169552
0.0622903
0.486754
0.424906
0.662
0.149319
0.341439
0.0019887
0.662
0.0300802
0.204804
0.0615369
0.0257896
0.24535
0.211191
0.30208
0.13525
0.0841123
0.0195245
0.467221
0.0899636
0.132272
0.39194
0.662
0.168214
0.331858
0.290646
0.177032
0.07226
0.344839
0.0424551
0.486466
0.0863503
0.0808155
0.136074
0.313665
0.387238
0.662
0.0122325
0.190526
0.37001
0.185346
0.0553583
0.662
0.0767957
0.156185
0.503195
0.114733
0.61692
0.520819
0.254717
0.208824
0.0970982
0.086427
0.187459
0.464943
0.166176
0.40452
0.280818
0.146157
0.138188
0.133677
0.156276
0.576034
0.464955
0.0249693
0.131723
0.325567
0.607183
0.373616
0.330157
0.126853
0.33302
0.310581
0.179391
0.116054
0.422418
0.498365
0.061337
0.514239
0.0954167
0.412863
0.119348
0.099241
0.175541
0.199362
0.326074
0.0349951
0.208026
0.046907
0.0238791
0.129255
0.662
0.662
0.104837
0.383617
0.0447807
0.068459
0.248548
0.422666
0.0446758
0.421181
0.429716
0.163787
0.662
0.662
0.561918
0.14955
0.015149
0.120238
0.0156276
0.273278
0.0986717
0.280283
0.157443
0.567342
0.573891
0.662
0.153086
0.662
0.662
0.125482
0.105374
0.662
0.36783
0.578789
0.662
0.347792
0.530042
0.0928071
0.222596
0.104045
0.0546943
0.0241612
0.572686
0.0847909
0.462426
0.370571
0.0873359
0.277184
0.237727
0.195836
0.21089
0.530574
0.225952
0.0111487
0.363621
0.447732
0.12527
0.0437435
0.406996
0.0737329
0.640498
0.170748
0.647048
0.635557
0.209126
0.124979
0.147434
0.662
0.352875
0.141538
0.373278
0.105419
0.438568
0.0743908
0.310674
0.248801
0.662
0.37727
0.137049
0.308212
0.662
0.12673
0.125244
0.140001
0.46566
0.259866
0.662
0.050027
0.209142
0.123698
0.0446466
0.180874
0.0547768
0.0705867
0.662
0.0917538
0.0910154
0.662
0.333575
0.0785091
0.562685
0.662
0.662
0.361089
0.0540542
0.662
0.576699
0.185354
0.0554023
0.16208
0.237195
0.489213
0.0682419
0.0440318
0.662
0.662
0.0939511
0.276422
0.403449
0.499264
0.345097
0.4392
0.662
0.236259
0.0506168
0.187088
0.375444
0.343216
0.190986
0.0773004
0.0843722
0.180634
0.662
0.113512
0.120536
0.380867
0.252621
0.285455
0.118492
0.345558
0.192894
0.0461569
0.0846434
0.662
0.117275
0.147907
0.0737669
0.257346
0.0763893
0.0779768
0.0804314
0.153147
0.173706
0.326795
0.0746692
0.113878
0.443236
0.417741
0.180656
0.247548
0.22714
0.111173
0.046796
0.093283
0.464845
0.342346
0.543411
0.0445317
0.443039
0.525453
0.0438082
0.122633
0.277573
0.662
0.643488
0.407618
0.267918
0.0568497
0.0734811
0.65195
0.0149748
0.094718
0.395046
0.0448663
0.10046
0.493901
0.157541
0.523978
0.662
0.398428
0.301719
0.174093
0.662
0.155039
0.662
0.076672
0.0862168
0.233544
0.127175
0.662
0.662
0.0318001
0.483917
0.359453
0.662
0.555651
0.662
0.184828
0.361802
0.324564
0.126023
0.23582
0.22304
0.46072
0.278269
0.600505
0.092697
0.0768461
0.219301
0.493369
0.0351842
0.0595168
0.23462
0.118323
0.0725775
0.251135
0.143477
0.0757214
0.662
0.662
0.345835
0.498676
0.140886
0.271428
0.136081
0.391989
0.0197502
0.472014
0.16502
0.337726
0.0629653
0.11713
0.183134
0.662
0.0375196
0.375608
0.170286
0.338763
0.662
0.0911327
0.502574
0.490363
0.662
0.662
0.124247
0.329387
0.196887
0.10529
0.2252
0.201028
0.391805
0.0470687
0.267068
0.0648349
0.365951
