0.211473
0.432985
0.169512
0.197508
0.072497
0.281534
0.639358
0.0622715
0.0729946
0.064882
0.0473151
0.213136
0.0965276
0.662
0.5118
0.0120553
0.463467
0.0992037
0.388646
0.223221
0.662
0.311374
0.0804929
0.14556
0.611628
0.269989
0.454334
0.662
0.168089
0.425375
0.425234
0.162755
0.0500286
0.107333
0.20219
0.208071
0.257052
0.662
0.608864
0.662
0.161237
0.205982
0.221164
0.0712474
0.320825
0.0837438
0.0931929
0.139038
0.0555473
0.436169
0.224443
0.0687559
0.177025
0.307353
0.0103187
0.202266
0.662
0.159705
0.225625
0.0407116
0.111378
0.0417573
0.0771849
0.241256
0.265872
0.6089
0.587412
0.144673
0.662
0.0648037
0.11562
0.662
0.20312
0.597759
0.169268
0.662
0.662
0.0404554
0.26704
0.183732
0.362887
0.0815998
0.263231
0.520947
0.0420538
0.0591386
0.276339
0.204367
0.383763
0.123777
0.0267134
0.213748
0.340361
0.183508
0.155206
0.0724338
0.414419
0.012269
0.166579
0.431484
0.175212
0.662
0.473379
0.086832
0.644031
0.265776
0.136142
0.476931
0.0608872
0.528158
0.413491
0.662
0.289141
0.433949
0.475528
0.101648
0.260569
0.185004
0.325227
0.0895027
0.0775789
0.111068
0.363196
0.124689
0.467754
0.251605
0.438052
0.0893022
0.460012
0.111156
0.31412
0.40756
0.122432
0.247991
0.662
0.147139
0.114029
0.346916
0.238855
0.241265
0.12552
0.100504
0.555023
0.317792
0.0519631
0.518166
0.452722
0.045902
0.0110272
0.54723
0.0390508
0.603859
0.0700824
0.445567
0.101696
0.662
0.475733
0.055363
0.0812295
0.141861
0.0669453
0.213548
0.315018
0.0705309
0.211153
0.306276
0.0444891
0.602335
0.13525
0.0788675
0.223912
0.568388
0.222647
0.296086
0.349249
0.662
0.101137
0.141026
0.662
0.20737
0.0872277
0.0676221
0.122197
0.11244
0.0970214
0.194982
0.129819
0.662
0.0897945
0.0820513
0.662
0.247548
0.219942
0.0563429
0.15658
0.494651
0.300833
0.330285
0.135976
0.0565944
0.0981745
0.611814
0.0616896
0.274985
0.0543806
0.123237
0.388757
0.283655
0.239185
0.046498
0.335814
0.0923878
0.548104
0.348101
0.255842
0.386791
0.487817
0.434458
0.0661457
0.0859885
0.286132
0.198512
0.0336677
0.396771
0.308884
0.228093
0.197359
0.121579
0.0155912
0.187532
0.0867356
0.22256
0.100675
0.569585
0.0579053
0.403335
0.110189
0.59255
0.422933
0.0860537
0.226833
0.154793
0.404999
0.455697
0.562685
0.0306706
0.347502
0.131604
0.151534
0.575602
0.160261
0.13541
0.117241
0.632409
0.111972
0.502047
0.649498
0.103232
0.0448107
0.662
0.114547
0.1122
0.0129241
0.103155
0.0978121
0.222795
0.358212
0.354878
0.568057
0.100402
0.216504
0.113319
0.0741524
0.210437
0.634839
0.150361
0.662
0.178202
0.131105
0.256377
0.0889941
0.0555194
0.103
0.0841123
0.315617
0.0702109
0.436245
0.101147
0.0456494
0.0654552
0.197689
0.0381844
0.548508
0.0980611
0.662
0.0988986
0.321212
0.164623
0.229371
0.0649997
0.33592
0.138767
0.101363
0.662
0.374711
0.424999
0.459893
0.662
0.0480205
0.359569
0.662
0.479812
0.13055
0.0569775
0.0896297
0.10407
0.244323
0.0613797
0.194212
0.346305
0.205096
0.50418
0.0835633
0.260788
0.598952
0.662
0.0930245
0.141673
0.594779
0.244114
0.118553
0.376642
0.0725969
0.420427
0.274834
0.181058
0.236594
0.218598
0.135751
0.0236425
0.662
0.410484
0.231972
0.526562
0.0684028
0.04626
0.0575607
0.662
0.149828
0.662
0.260951
0.209126
0.320465
0.196912
0.283238
0.274826
0.511564
0.13319
0.0704984
0.662
0.662
0.18865
0.241109
0.533045
0.0643385
0.0721065
0.0675496
0.247116
0.293126
0.212102
0.314148
0.0820857
0.25941
0.326522
0.179156
0.172505
0.519854
0.315836
0.367548
0.318022
0.231447
0.662
0.0965198
0.303436
0.278269
0.377853
0.264994
0.429714
0.0556679
0.113153
0.0310566
0.159543
0.108456
0.181633
0.325395
0.113292
0.656723
0.587304
0.273396
0.414069
0.113512
0.130938
0.419124
0.0633857
0.662
0.327627
0.172818
0.571343
0.244262
0.274185
0.408351
0.135961
0.373748
0.597081
0.0859364
0.174155
0.0631623
0.022764
0.0387054
0.283913
0.102964
0.51052
0.0633416
0.662
0.374917
0.0581631
0.578686
0.150524
0.153776
0.252546
0.253032
0.437772
0.143631
0.0663107
0.069445
0.254363
0.0213237
0.0277634
0.158431
0.0984581
0.662
0.499482
0.0894292
0.00347742
0.662
0.149173
0.0394494
0.394464
0.258199
0.176832
0.352656
0.380741
0.180634
0.0882598
0.364711
0.335807
0.428672
0.0859571
0.662
0.070361
0.0188106
0.180241
0.388027
0.11922
0.404844
0.339239
0.57832
0.191413
0.662
0.118882
0.32149
0.124054
0.177578
0.662
0.0808346
0.0945645
0.376485
0.0234059
0.219295
0.576322
0.102376
0.388348
0.662
0.190147
0.586528
0.179284
0.261547
0.225985
0.380842
0.1775
0.662
0.0282854
0.509347
0.0944975
0.401048
0.0536185
0.0940312
0.268751
0.0945524
0.0863493
0.190296
0.0114892
0.305381
0.120613
0.0326297
0.287062
0.4066
0.184174
0.63339
0.438494
0.465575
0.116708
0.387279
0.211191
0.0663508
0.255285
0.662
0.597091
0.07523
0.662
0.597864
0.608227
0.467033
0.0842202
0.0545611
0.0706893
0.204946
0.0222531
0.146157
0.485624
0.0504761
0.152915
0.662
0.155472
0.171687
0.247521
0.237535
0.102725
0.109854
0.0744069
0.220621
0.227647
0.0708805
0.209491
0.49009
0.174081
0.0732789
0.463912
0.363696
0.357989
0.422092
0.0725775
0.100375
0.115541
0.203468
0.662
0.559146
0.287021
0.508131
0.304631
0.662
0.0902592
0.156061
0.0701255
0.235699
0.0617352
0.058782
0.196986
0.0941527
0.207339
0.139838
0.31324
0.0964365
0.335895
0.512151
0.151372
0.127988
0.096138
0.163072
0.187742
0.32592
0.470952
0.0894071
0.0804314
0.459096
0.583309
0.28893
0.59475
0.582819
0.144609
0.159807
0.130189
0.326261
0.110876
0.294341
0.251218
0.0720358
0.101151
0.654956
0.152226
0.0555016
0.19783
0.249466
0.121978
0.195241
0.237033
0.220355
0.0326905
0.294314
0.00661654
0.11503
0.275077
0.103781
0.662
0.135819
0.116175
0.179875
0.21794
0.147468
0.155482
0.051485
0.194001
0.558311
0.0942479
0.345831
0.23139
0.162406
0.474304
0.373368
0.10739
0.126624
0.0526473
0.0796094
0.108825
0.396798
0.248243
0.0883694
0.187926
0.20562
0.10839
0.061362
0.0608075
0.224299
0.200092
0.236122
0.33379
0.153859
0.16502
0.624693
0.17853
0.295361
0.325548
0.161992
0.10288
0.0675581
0.14955
0.0496878
0.662
0.105672
0.194265
0.540344
0.604188
0.108425
0.662
0.427267
0.23594
0.0660296
0.626211
0.106045
0.393318
0.440669
0.0926534
0.43426
0.335293
0.279073
0.648995
0.574101
0.0801923
0.148173
0.173081
0.262988
0.569434
0.14792
0.105004
0.267966
0.345502
0.235472
0.603266
0.134836
0.0694236
0.237195
0.112236
0.596276
0.110363
0.0911327
0.103385
0.615065
0.0959436
0.360044
0.659092
0.0926199
0.0769712
0.385613
0.389565
0.597542
0.259433
0.662
0.452911
0.0874871
0.272275
0.476458
0.352908
0.455889
0.14814
0.290621
0.133945
0.404568
0.230769
0.487481
0.105123
0.231695
0.0537143
0.662
0.125122
0.0761346
0.621835
0.31523
0.0837447
0.165531
0.22933
0.555651
0.0677886
0.662
0.662
0.34774
0.552476
0.0405584
0.141195
0.130769
0.335531
0.662
0.120262
0.449485
0.224553
0.010515
0.16605
0.061834
0.17659
0.2086
0.0865855
0.662
0.297727
0.03022
0.0859142
0.0995811
0.51589
0.662
0.180094
0.146045
0.180231
0.441741
0.625193
0.0461569
0.259281
0.303621
0.0629
0.344032
0.0728359
0.516396
0.346962
0.662
0.389896
0.462426
0.584229
0.206693
0.138499
0.212511
0.274204
0.133673
0.0531748
0.568788
0.0899299
0.231177
0.217721
0.568273
0.256217
0.111518
0.497818
0.602726
0.302927
0.16853
0.191248
0.371238
0.277102
0.229995
0.586098
0.662
0.0724183
0.054961
0.662
0.408017
0.0713136
0.369932
0.0224755
0.0865318
0.109927
0.0760973
0.662
0.441596
0.131836
0.662
0.210606
0.0726834
0.163447
0.095055
0.321223
0.525252
0.142889
0.281954
0.121617
0.492777
0.346584
0.104871
0.139039
0.455455
0.0214403
0.312931
0.216843
0.159715
0.0735199
0.662
0.662
0.480783
0.180792
0.206224
0.0585292
0.273668
0.113071
0.259369
0.0911619
0.076672
0.132395
0.662
0.480014
0.219937
0.659347
0.103984
0.545482
0.0668405
0.266587
0.14482
0.281986
0.138553
0.0442387
0.208527
0.419855
0.102826
0.237886
0.469583
0.520388
0.353196
0.0987383
0.584666
0.144003
0.363098
0.31061
0.0946974
0.662
0.503035
0.662
0.175003
0.626024
0.355758
0.662
0.132785
0.629576
0.0708342
0.0889577
0.106912
0.199072
0.18946
0.375774
0.115588
0.582933
0.52694
0.134226
0.349113
0.298995
0.288858
0.118885
0.546559
0.178653
0.601412
0.334628
0.241775
0.455436
0.331858
0.213186
0.662
0.611695
0.338666
0.224115
0.482756
0.202408
0.125908
0.242997
0.17558
0.091484
0.0238791
0.0835016
0.602324
0.316117
0.296931
0.662
0.177846
0.662
0.0890857
0.1847
0.277225
0.0657576
0.138295
0.410877
0.117108
0.037834
0.315799
0.110626
0.214041
0.0747886
0.118179
0.334301
0.341893
0.591168
0.31497
0.0789506
0.070902
0.378658
0.00216433
0.347969
0.00268122
0.147097
0.0681709
0.141627
0.140166
0.459652
0.145855
