0.249697
0.436349
0.134453
0.662
0.0478694
0.384968
0.0750535
0.235038
0.662
0.0228421
0.519963
0.0983967
0.113428
0.292019
0.122552
0.469962
0.147529
0.108776
0.662
0.662
0.276677
0.0909407
0.132269
0.421025
0.662
0.0799607
0.118865
0.477617
0.662
0.662
0.662
0.129703
0.182674
0.210936
0.662
0.138078
0.662
0.404308
0.222317
0.662
0.149048
0.209151
0.662
0.0982329
0.115504
0.467999
0.31502
0.443303
0.662
0.175741
0.635936
0.282083
0.662
0.120777
0.133867
0.104145
0.287553
0.154589
0.312932
0.352234
0.628065
0.300076
0.278901
0.130572
0.296769
0.410134
0.662
0.450185
0.662
0.571809
0.129219
0.246881
0.236629
0.453251
0.215848
0.662
0.475517
0.662
0.21296
0.183815
0.220058
0.0611018
0.335539
0.133165
0.597892
0.324734
0.662
0.52453
0.305857
0.18756
0.263185
0.233237
0.486539
0.348644
0.0768406
0.61133
0.23518
0.220529
0.0059001
0.662
0.225142
0.175053
0.377693
0.255621
0.160971
0.404839
0.127119
0.371172
0.662
0.662
0.662
0.450632
0.123461
0.472143
0.342228
0.197983
0.191836
0.599619
0.2756
0.662
0.121535
0.252039
0.0836872
0.0810864
0.437086
0.549379
0.45597
0.662
0.506864
0.374077
0.578692
0.662
0.662
0.316851
0.102437
0.329568
0.201129
0.662
0.0562474
0.662
0.0214622
0.0936442
0.446776
0.662
0.269403
0.662
0.439288
0.353789
0.400554
0.129664
0.662
0.343141
0.443046
0.318076
0.491265
0.323287
0.0929652
0.421379
0.215059
0.134144
0.662
0.0055065
0.237852
0.134611
0.0328864
0.0886005
0.00245523
0.615621
0.662
0.662
0.0433273
0.141652
0.0509761
0.662
0.29069
0.379723
0.454683
0.298577
0.32535
0.115255
0.304605
0.662
0.102952
0.522913
0.0647663
0.171776
0.0345789
0.0484717
0.662
0.31915
0.276628
0.123135
0.662
0.188774
0.457355
0.273937
0.486357
0.355294
0.227211
0.64134
0.611065
0.0610853
0.107175
0.662
0.413187
0.211847
0.662
0.0543642
0.188947
0.21288
0.201157
0.614539
0.647178
0.326686
0.115693
0.0673635
0.0505938
0.187887
0.662
0.465632
0.250028
0.20071
0.343581
0.0560367
0.487165
0.114227
0.662
0.662
0.662
0.180147
0.179599
0.1504
0.0529245
0.371692
0.629135
0.420799
0.518369
0.662
0.393173
0.662
0.481912
0.116587
0.0928415
0.122511
0.254479
0.552806
0.662
0.265354
0.1626
0.107142
0.662
0.662
0.263237
0.14819
0.221353
0.662
0.316848
0.166108
0.662
0.222402
0.614951
0.513077
0.157378
0.53381
0.190309
0.244732
0.218294
0.431661
0.4231
0.662
0.662
0.386225
0.202475
0.269751
0.467222
0.397188
0.662
0.214583
0.0953959
0.100358
0.23333
0.662
0.662
0.662
0.124426
0.156844
0.0714152
0.23278
0.248479
0.0370198
0.549401
0.662
0.662
0.261542
0.0418794
0.586518
0.3726
0.0792572
0.470111
0.55659
0.0551966
0.662
0.145002
0.0310089
0.166951
0.662
0.408199
0.416987
0.44897
0.125015
0.662
0.372334
0.527689
0.626253
0.264184
0.662
0.662
0.567994
0.0546287
0.297564
0.0500319
0.152182
0.0917893
0.580777
0.547461
0.173407
0.227965
0.662
0.368964
0.0962637
0.0670417
0.662
0.0986626
0.0853809
0.0728102
0.600446
0.100292
0.403697
0.178374
0.547348
0.076729
0.146922
0.149457
0.489748
0.662
0.585419
0.143478
0.662
0.14584
0.328674
0.415568
0.130604
0.662
0.246192
0.662
0.0888564
0.433765
0.094379
0.132657
0.419564
0.289665
0.191012
0.590867
0.662
0.2463
0.191303
0.0595485
0.662
0.157944
0.182683
0.0993525
0.186867
0.0897037
0.523991
0.295484
0.263558
0.417626
0.105145
0.193465
0.662
0.662
0.536992
0.662
0.662
0.325121
0.30778
0.132333
0.349137
0.473454
0.662
0.0299191
0.173982
0.662
0.017333
0.170812
0.137858
0.0618096
0.417323
0.211302
0.149556
0.381523
0.662
0.362128
0.662
0.163555
0.242767
0.662
0.662
0.287098
0.43081
0.196848
0.12635
0.442127
0.266324
0.662
0.662
0.123668
0.0609278
0.0598333
0.118527
0.274979
0.311143
0.662
0.265662
0.662
0.662
0.662
0.144821
0.221048
0.662
0.662
0.662
0.222762
0.24999
0.439783
0.662
0.0166214
0.426637
0.058773
0.662
0.0744217
0.0867763
0.470608
0.335411
0.0210793
0.13418
0.304329
0.291841
0.220534
0.0950482
0.0306132
0.126939
0.662
0.202535
0.0453348
0.296043
0.228714
0.208639
0.309592
0.662
0.662
0.662
0.250606
0.435893
0.400128
0.0729457
0.372325
0.251778
0.0225547
0.251194
0.504962
0.662
0.0337574
0.107469
0.545459
0.00262495
0.662
0.662
0.300782
0.0426183
0.565041
0.290646
0.457193
0.110163
0.0105805
0.0712707
0.336316
0.610556
0.526574
0.662
0.662
0.239849
0.434392
0.634837
0.662
0.256648
0.347534
0.12034
0.662
0.171964
0.662
0.662
0.463359
0.455845
0.260905
0.662
0.386585
0.10444
0.662
0.378772
0.0872944
0.022732
0.0272061
0.403191
0.19821
0.332911
0.662
0.662
0.409228
0.662
0.324472
0.213108
0.203693
0.46306
0.570419
0.370022
0.0949249
0.435296
0.22928
0.193041
0.0155444
0.121143
0.662
0.662
0.52402
0.662
0.196508
0.00449601
0.472591
0.0738113
0.162749
0.662
0.662
0.144485
0.0497173
0.242233
0.356556
0.662
0.0819862
0.34711
0.347751
0.278107
0.592591
0.102943
0.0717407
0.662
0.662
0.303605
0.64381
0.142051
0.164733
0.5707
0.204212
0.503893
0.16564
0.590015
0.232212
0.662
0.199602
0.401493
0.311668
0.427868
0.157695
0.221788
0.481725
0.662
0.350819
0.372231
0.422999
0.662
0.156038
0.424507
0.458261
0.463264
0.137999
0.0752343
0.477509
0.207534
0.352276
0.149067
0.0449758
0.568463
0.0469707
0.474423
0.0931063
0.0929689
0.282754
0.662
0.270562
0.116366
0.367383
0.322545
0.628123
0.662
0.16243
0.662
0.0122332
0.0788801
0.0349785
0.125264
0.662
0.0951954
0.0920854
0.279026
0.0887669
0.662
0.421659
0.309364
0.217349
0.118572
0.184683
0.662
0.172164
0.0735733
0.0122124
0.549608
0.662
0.115556
0.605284
0.284899
0.662
0.0463662
0.0839643
0.662
0.230871
0.208246
0.662
0.212127
0.0493714
0.569113
0.195964
0.496126
0.427663
0.321504
0.100856
0.261427
0.662
0.648797
0.662
0.414864
0.0680243
0.371427
0.263493
0.662
0.260185
0.190607
0.250777
0.662
0.662
0.662
0.139991
0.183954
0.30773
0.203183
0.342278
0.485332
0.395965
0.0669385
0.289775
0.662
0.139507
0.0797123
0.153005
0.424681
0.199259
0.100109
0.46847
0.662
0.281681
0.497496
0.17912
0.662
0.662
0.662
0.315765
0.14701
0.480506
0.2156
0.275235
0.338368
0.539906
0.122855
0.071583
0.22114
0.22003
0.173557
0.0554105
0.645099
0.236014
0.402527
0.505982
0.0459952
0.183079
0.174282
0.0922325
0.631733
0.254062
0.18317
0.406425
0.0237454
0.0958834
0.662
0.662
0.662
0.262621
0.662
0.313242
0.662
0.470036
0.338767
0.162562
0.662
0.547154
0.544677
0.370694
0.286735
0.331877
0.662
0.0564621
0.662
0.158645
0.306416
0.662
0.662
0.662
0.323098
0.0537744
0.437793
0.103193
0.320884
0.662
0.291216
0.256399
0.0713779
0.250685
0.101093
0.264579
0.351694
0.361331
0.0391509
0.221623
0.605486
0.0697581
0.218506
0.238211
0.232621
0.125392
0.220346
0.401345
0.514683
0.359758
0.28499
0.645596
0.246028
0.315637
0.555994
0.662
0.53192
0.662
0.478995
0.488399
0.662
0.662
0.0530418
0.107066
0.382678
0.662
0.2316
0.662
0.662
0.592843
0.0634885
0.268722
0.474747
0.143504
0.0727603
0.227919
0.216992
0.194594
0.662
0.662
0.340552
0.581075
0.0640265
0.388694
0.1736
0.267755
0.484066
0.113279
0.200596
0.220473
0.662
0.21236
0.160561
0.131481
0.205313
0.265127
0.260699
0.662
0.193616
0.091479
0.29211
0.200688
0.523024
0.136448
0.14649
0.162558
0.0129041
0.200381
0.188834
0.362632
0.0412988
0.52869
0.372116
0.662
0.387332
0.137941
0.662
0.0703911
0.572797
0.662
0.220951
0.385732
0.544333
0.352197
0.518313
0.0837518
0.662
0.205117
0.0629707
0.140419
0.283168
0.0932942
0.421577
0.173176
0.1578
0.360655
0.203976
0.19891
0.0793438
0.140781
0.494862
0.662
0.191183
0.313382
0.423263
0.137161
0.199418
0.192149
0.243954
0.195596
0.34018
0.130762
0.167581
0.662
0.662
0.514986
0.394752
0.406437
0.215064
0.439377
0.427368
0.332593
0.154215
0.437247
0.236828
0.130104
0.178614
0.415964
0.187117
0.588033
0.662
0.662
0.437347
0.557325
0.662
0.101104
0.226748
0.606061
0.207223
0.626888
0.35716
0.662
0.187178
0.186935
0.35486
0.619992
0.662
0.506169
0.662
0.199603
0.549067
0.0409816
0.662
0.34785
0.192358
0.0667073
0.662
0.0781538
0.662
0.474589
0.165204
0.131126
0.481806
0.0711136
0.0704954
0.0617422
0.157033
0.50072
0.0164941
0.511527
0.0898772
0.465542
0.19732
0.600313
0.586499
0.237404
0.491919
0.0606913
0.483237
0.662
0.662
0.0930498
0.662
0.655288
0.662
0.394734
0.085955
0.280471
0.125524
0.453969
0.121505
0.240443
0.462298
0.644266
0.662
0.288026
0.0732822
0.537478
0.446821
0.376701
0.662
0.662
0.662
0.327036
0.310094
0.33522
0.131228
0.0699545
0.116864
0.130089
0.508308
0.37078
0.0712916
0.435116
0.358408
0.507537
0.662
0.500238
0.193192
0.0763337
0.206997
0.121132
0.662
0.198908
0.249372
0.04951
0.117841
0.0625765
0.0353478
0.662
0.662
0.662
0.359132
0.282146
0.124371
0.237852
0.643518
0.147634
0.662
0.27613
0.193218
0.480648
0.0642178
0.422013
0.347846
0.223512
0.338933
0.268433
0.185199
0.159007
0.481484
0.662
0.139775
0.191335
0.162024
0.0320146
0.0785084
0.342469
0.112956
0.230209
0.389866
0.370893
0.184726
0.662
0.312773
0.361829
0.662
0.111413
0.0730288
0.329831
0.662
0.0399386
0.192071
0.11427
0.662
0.27628
0.662
0.506005
0.662
0.0352433
0.662
0.632654
0.501893
0.272567
0.226562
0.357452
0.109721
0.662
0.662
0.662
0.0842216
0.662
0.287037
0.662
0.210172
0.662
0.424606
0.369013
0.42227
0.36165
0.495928
0.662
0.0567043
0.287791
0.662
0.193948
0.391277
0.0740054
0.399042
0.332
0.0760235
0.662
0.212828
0.31207
0.626302
0.28675
0.662
0.661655
0.370266
0.217885
0.171285
0.394689
0.226835
0.662
0.0876978
0.662
0.662
0.0914834
0.602855
0.249209
0.0279999
0.377467
0.495507
0.662
0.55791
0.266002
0.510893
0.166326
0.199925
0.0424173
0.156862
0.156418
0.388164
0.472877
0.10632
0.182827
0.403298
0.527087
0.24476
0.141131
0.0557562
0.662
0.654989
0.144441
0.175375
0.202232
0.0113879
0.623267
0.196065
0.417978
0.154286
0.0798749
0.164246
0.662
0.662
0.289427
0.130115
0.196694
0.662
0.662
0.31536
0.347001
0.233416
0.588196
0.0271841
0.131844
0.513799
0.662
0.371396
0.457901
0.480473
0.0871973
0.300849
0.087903
0.46618
0.309451
0.483285
0.662
0.033364
0.240929
0.239517
0.377277
0.226991
0.662
0.0651495
0.579603
0.624639
0.187566
0.17879
0.0528632
0.662
0.145242
0.129676
0.662
0.59298
0.57385
0.128554
0.662
0.338302
0.193756
0.595269
0.662
0.206141
0.307731
0.397437
0.427947
0.662
0.463992
0.499483
0.662
0.0985325
0.417547
0.0989869
0.184231
0.662
0.662
0.09265
0.508174
0.614304
0.232714
0.355194
0.662
0.271403
0.662
0.200049
0.662
0.231181
0.0467699
0.127368
0.0621836
0.662
0.329742
0.124049
0.662
0.662
0.157708
0.515519
0.188054
0.12311
0.180912
0.662
0.662
0.313303
0.167127
0.378436
0.180243
0.111093
0.537377
0.134952
0.662
0.337522
0.469615
0.447013
0.112146
0.105192
0.105854
0.662
0.436587
0.186725
0.401222
0.164611
0.662
0.0654626
0.44462
0.662
0.0894191
0.662
0.178488
0.619804
0.106667
0.135781
0.420275
0.102339
0.559525
0.116166
0.188411
0.498907
0.662
0.0756167
0.1354
0.662
0.203209
0.222576
0.350087
0.662
0.515391
0.197232
0.633189
0.378269
0.217758
0.662
0.161011
0.183831
0.516918
0.112141
0.304749
0.662
0.125729
0.381643
0.352242
0.166779
0.418805
0.483818
0.662
0.0836663
0.0961423
0.399877
0.662
0.121305
0.259735
0.113988
0.662
0.0191142
0.618234
0.366377
0.0800419
0.136139
0.662
0.662
0.130362
0.662
0.662
0.149963
0.354805
0.197088
