0.11665
0.662
0.249429
0.1605
0.342213
0.205598
0.0293351
0.662
0.155026
0.662
0.0631872
0.0739527
0.282214
0.662
0.466982
0.662
0.34212
0.470195
0.151547
0.110886
0.187406
0.662
0.49975
0.613634
0.662
0.130378
0.662
0.063182
0.662
0.359726
0.078103
0.662
0.662
0.351211
0.662
0.0239678
0.354991
0.37878
0.11343
0.176201
0.662
0.196851
0.461924
0.372793
0.278861
0.073336
0.0435902
0.348999
0.203083
0.411497
0.271073
0.662
0.662
0.662
0.0602221
0.526674
0.662
0.0580093
0.662
0.152011
0.126486
0.00373409
0.184304
0.662
0.0198776
0.662
0.662
0.00926451
0.662
0.00245187
0.333789
0.0563072
0.194074
0.298098
0.217255
0.177388
0.179982
0.234803
0.370975
0.122399
0.315891
0.662
0.208305
0.301152
0.662
0.662
0.662
0.250224
0.662
0.0905375
0.132689
0.329948
0.0600752
0.662
0.529995
0.181686
0.662
0.0358445
0.171782
0.407034
0.448603
0.662
0.217841
0.185851
0.662
0.518819
0.355549
0.464064
0.0871445
0.152975
0.0662689
0.185806
0.1082
0.391519
0.662
0.662
0.118434
0.196586
0.662
0.662
0.662
0.136542
0.441345
0.270205
0.143846
0.575512
0.662
0.662
0.102646
0.0381583
0.573549
0.207224
0.662
0.0505487
0.662
0.662
0.662
0.198929
0.438622
0.188358
0.662
0.605179
0.478182
0.432878
0.268156
0.411763
0.45388
0.0256008
0.662
0.662
0.0111844
0.406984
0.163678
0.662
0.201883
0.23683
0.324799
0.662
0.112076
0.0713344
0.219831
0.662
0.131487
0.276803
0.2908
0.364885
0.314967
0.302984
0.662
0.563917
0.0938528
0.443948
0.468389
0.320213
0.0695955
0.118426
0.189092
0.662
0.0375843
0.441596
0.454018
0.140158
0.662
0.139323
0.184671
0.208779
0.100343
0.632408
0.164577
0.152069
0.634303
0.361916
0.305947
0.0709036
0.342762
0.0712354
0.462112
0.273564
0.109496
0.547144
0.35552
0.243242
0.197465
0.662
0.0118835
0.163628
0.296062
0.282696
0.317546
0.330104
0.662
0.662
0.29414
0.470845
0.110854
0.242268
0.0104702
0.662
0.424869
0.292022
0.0543218
0.625789
0.399613
0.158903
0.556815
0.206662
0.242105
0.128578
0.535068
0.220263
0.435918
0.156091
0.424871
0.662
0.434022
0.662
0.131921
0.662
0.132593
0.564218
0.662
0.0361858
0.129157
0.662
0.358061
0.381096
0.110251
0.136498
0.247068
0.662
0.109632
0.363372
0.0891016
0.228093
0.204325
0.4026
0.662
0.296853
0.448759
0.662
0.482979
0.129288
0.217473
0.662
0.224008
0.662
0.0680681
0.662
0.0696645
0.381184
0.662
0.662
0.345341
0.133585
0.662
0.662
0.132608
0.632892
0.180962
0.0792975
0.438307
0.470986
0.0303872
0.662
0.135542
0.253195
0.187018
0.662
0.662
0.601022
0.384601
0.21747
0.380079
0.662
0.662
0.252559
0.401086
0.0761471
0.134159
0.587015
0.273615
0.0680415
0.193301
0.371757
0.269356
0.262834
0.209602
0.662
0.213089
0.0961113
0.297877
0.357044
0.432718
0.114256
0.368792
0.341578
0.662
0.168592
0.340772
0.263615
0.265588
0.0407881
0.476589
0.101801
0.662
0.192073
0.20425
0.394585
0.626727
0.238238
0.0660848
0.357915
0.662
0.200289
0.133734
0.251888
0.467759
0.662
0.209591
0.209972
0.289096
0.507637
0.256925
0.182488
0.304451
0.346962
0.405347
0.662
0.14894
0.13978
0.123026
0.662
0.456286
0.0943529
0.202391
0.18419
0.49312
0.435131
0.29638
0.662
0.367386
0.353039
0.0309592
0.200989
0.0120133
0.0373446
0.328156
0.133759
0.662
0.0276029
0.662
0.662
0.339083
0.409944
0.431916
0.178806
0.478977
0.628832
0.662
0.228249
0.00367745
0.593414
0.491034
0.0701812
0.549613
0.662
0.502654
0.0559471
0.662
0.536126
0.427385
0.0691263
0.662
0.0719452
0.231387
0.425433
0.173891
0.112092
0.143572
0.662
0.610212
0.662
0.10221
0.312508
0.178722
0.245766
0.38098
0.287914
0.219351
0.1726
0.662
0.500654
0.30521
0.22087
0.158843
0.495516
0.463011
0.203584
0.132035
0.662
0.381286
0.21262
0.230752
0.170219
0.383746
0.447233
0.662
0.124084
0.110738
0.623063
0.0501181
0.383783
0.162165
0.272207
0.207162
0.109245
0.206813
0.126774
0.175302
0.0268689
0.662
0.662
0.662
0.396959
0.14828
0.137894
0.101151
0.114351
0.662
0.662
0.251262
0.662
0.662
0.662
0.0633209
0.497777
0.0899258
0.0983371
0.118458
0.662
0.401992
0.169021
0.662
0.0919206
0.567716
0.606961
0.662
0.0813843
0.0186665
0.146999
0.291619
0.13222
0.662
0.397376
0.34121
0.662
0.0915967
0.335379
0.185296
0.662
0.148022
0.662
0.193527
0.198011
0.209166
0.0224437
0.211625
0.322898
0.339417
0.0806788
0.217666
0.280804
0.165263
0.341594
0.262536
0.0613725
0.662
0.351426
0.236844
0.537186
0.178076
0.57205
0.259925
0.0490553
0.662
0.662
0.231062
0.477502
0.196407
0.29079
0.167943
0.285823
0.127918
0.662
0.218083
0.186172
0.206294
0.0341808
0.459347
0.662
0.235119
0.399992
0.514505
0.246635
0.197658
0.178037
0.662
0.662
0.152487
0.188187
0.662
0.662
0.399163
0.475009
0.524442
0.320688
0.348364
0.390463
0.147667
0.662
0.478967
0.523227
0.662
0.563239
0.244771
0.662
0.333147
0.351082
0.175955
0.292897
0.205707
0.262504
0.662
0.662
0.528929
0.19706
0.12246
0.244469
0.0920884
0.229423
0.151682
0.160069
0.280658
0.26792
0.0263524
0.100217
0.0975196
0.662
0.589257
0.136155
0.171693
0.0591657
0.662
0.0608455
0.0318343
0.499805
0.129437
0.0242371
0.662
0.0768117
0.117785
0.662
0.610705
0.662
0.0511875
0.0662489
0.188892
0.231196
0.658096
0.414492
0.662
0.319633
0.303934
0.163451
0.158181
0.195629
0.443827
0.414613
0.249983
0.662
0.363765
0.0894362
0.0435978
0.115
0.343747
0.412986
0.662
0.268651
0.0524311
0.220288
0.642236
0.466345
0.324616
0.00919358
0.453092
0.662
0.0863599
0.662
0.468228
0.146979
0.196279
0.27685
0.108487
0.176826
0.237302
0.168108
0.397683
0.177879
0.595277
0.0738511
0.221436
0.31746
0.662
0.214532
0.47023
0.184853
0.0587316
0.0641269
0.367651
0.662
0.662
0.0523463
0.14588
0.346142
0.0729894
0.244623
0.12111
0.0966525
0.373847
0.662
0.0426316
0.0820562
0.106832
0.0981805
0.137276
0.662
0.662
0.217871
0.25289
0.0856297
0.135763
0.47534
0.378259
0.623865
0.125544
0.662
0.472244
0.408622
0.662
0.127319
0.116852
0.19923
0.590957
0.103332
0.276038
0.662
0.559107
0.0841284
0.317066
0.31442
0.430289
0.202631
0.219494
0.0648972
0.243295
0.0403044
0.16261
0.452164
0.552107
0.129423
0.0566215
0.225603
0.234997
0.662
0.662
0.662
0.448087
0.113255
0.201062
0.577583
0.0699874
0.293323
0.662
0.0628591
0.445723
0.17759
0.5048
0.18677
0.072487
0.448998
0.0844933
0.259532
0.316561
0.120235
0.242664
0.662
0.100297
0.131868
0.257765
0.0519664
0.123143
0.110698
0.662
0.162135
0.156119
0.593086
0.569074
0.169999
0.0367385
0.203898
0.0597825
0.131035
0.397968
0.662
0.0391624
0.179699
0.474654
0.662
0.237782
0.662
0.120921
0.158514
0.177631
0.212011
0.235403
0.0841379
0.0286116
0.250798
0.210678
0.163256
0.17647
0.130399
0.0642681
0.662
0.514893
0.662
0.187313
0.0648763
0.071808
0.240316
0.662
0.411244
0.662
0.203065
0.222183
0.228685
0.23517
0.274891
0.116971
0.185402
0.187907
0.273306
0.0931478
0.662
0.0863667
0.34333
0.322437
0.122445
0.177122
0.662
0.0754826
0.481754
0.0727021
0.00253758
0.589791
0.40523
0.128421
0.105659
0.17395
0.662
0.165063
0.035578
0.238267
0.662
0.662
0.10904
0.434134
0.198347
0.405891
0.577042
0.662
0.662
0.142161
0.662
0.34709
0.0892338
0.659595
0.148082
0.036202
0.0444988
0.320519
0.662
0.316073
0.168432
0.662
0.565562
0.184932
0.662
0.662
0.662
0.382728
0.283305
0.662
0.152423
0.0490483
0.118592
0.40662
0.077708
0.30958
0.352443
0.662
0.0450444
0.662
0.204364
0.283794
0.0325756
0.662
0.0884402
0.132859
0.364877
0.0533267
0.299086
0.662
0.0768357
0.125243
0.34751
0.325214
0.122507
0.662
0.0564183
0.218759
0.490592
0.059178
0.662
0.662
0.0887044
0.0847682
0.171136
0.187123
0.633694
0.168121
0.151867
0.268681
0.662
0.0384274
0.0939985
0.231768
0.414525
0.221935
0.277264
0.528593
0.170164
0.346319
0.273261
0.662
0.119884
0.196492
0.0500429
0.0818117
0.490415
0.662
0.118122
0.45287
0.0582032
0.246231
0.202898
0.115986
0.173706
0.662
0.297598
0.11773
0.179203
0.509004
0.117974
0.662
0.182481
0.662
0.199599
0.037049
0.221253
0.662
0.662
0.643728
0.662
0.325923
0.662
0.395809
0.284411
0.158273
0.0417135
0.13559
0.214301
0.662
0.521752
0.0421029
0.0374157
0.662
0.480573
0.0663542
0.0953274
0.0749264
0.179215
0.447347
0.032779
0.2119
0.116437
0.0757982
0.316664
0.662
0.650747
0.460704
0.114745
0.662
0.662
0.39519
0.202146
0.321042
0.194588
0.470562
0.0485242
0.187443
0.0647207
0.203412
0.118833
0.336976
0.468685
0.311488
0.122149
0.147045
0.0152156
0.236754
0.296946
0.0614541
0.175807
0.10819
0.301701
0.330639
0.131225
0.322887
0.0553446
0.662
0.151449
0.479095
0.662
0.401097
0.47789
0.237632
0.044663
0.276972
0.0598333
0.0577364
0.516597
0.206045
0.206216
0.446186
0.184543
0.376167
0.400458
0.271768
0.257611
0.154417
0.662
0.115111
0.317648
0.0856232
0.533304
0.290412
0.0214679
0.047032
0.662
0.140727
0.662
0.662
0.108629
0.641561
0.184577
0.168982
0.158982
0.258045
0.662
0.0156577
0.336249
0.0891837
0.446955
0.00110357
0.33206
0.127294
0.230491
0.662
0.662
0.662
0.0950003
0.144056
0.396648
0.128089
0.113566
0.250611
0.339902
0.176814
0.277541
0.311173
0.662
0.080883
0.662
0.662
0.662
0.0494993
0.119956
0.262414
0.654237
0.218931
0.401951
0.0952608
0.147951
0.662
0.352724
0.363214
0.134379
0.193256
0.44629
0.203844
0.158122
0.186863
0.151555
0.0207791
0.074606
0.0730003
0.0926049
0.662
0.143157
0.169412
0.184186
0.662
0.20454
0.191631
0.23452
0.618911
0.049238
0.365593
0.372878
0.445005
0.168075
0.544977
0.373531
0.662
0.662
0.164517
0.662
0.116886
0.157913
0.310043
0.600906
0.284726
0.11189
0.662
0.0124957
0.279552
0.0514094
0.134328
0.33224
0.662
0.477377
0.0612809
0.662
0.0928295
0.122747
0.134779
0.308096
0.152409
0.523277
0.131961
0.211974
0.222902
0.662
0.662
0.0349707
0.222899
0.087268
0.662
0.0625953
0.662
0.662
0.134793
0.239099
0.40201
0.201074
0.0874056
0.244169
0.662
0.0275404
0.609762
0.197424
0.0482535
0.662
0.662
0.200066
0.282798
0.662
0.378201
0.590009
0.638757
0.0821045
0.662
0.662
0.0728209
0.498289
0.419522
0.146277
0.305085
0.375592
0.317454
0.123682
0.0705221
0.174071
0.656787
0.481423
0.122065
0.662
0.0797592
0.122514
0.543616
0.662
0.514324
0.230853
0.113985
0.662
0.614431
0.113286
0.183034
0.662
0.0789975
0.174455
0.15933
0.211098
0.662
0.105707
0.662
0.0466714
0.0184283
0.324777
0.108977
0.300788
0.198861
0.0607589
0.0950796
0.449788
0.0550269
0.233131
0.223724
0.159349
0.120784
0.328591
0.341842
0.267721
0.13866
0.316003
0.341999
0.287992
0.29083
0.088402
0.164891
0.662
0.662
0.270055
0.110907
0.110362
0.339678
0.0774132
0.187875
0.218593
0.137833
0.0758176
0.662
0.18196
0.239572
0.0915456
0.209097
0.0977266
0.662
0.662
0.262324
0.109105
0.231429
0.120312
0.207911
0.256157
0.0710343
0.167986
0.135036
0.472276
0.662
0.267673
0.662
0.262648
0.387675
0.121733
0.0483668
0.662
0.321021
0.0379266
0.431671
0.07464
0.199254
0.642647
0.0632914
0.498375
0.174501
0.446207
0.149367
0.662
0.260921
0.662
0.121922
0.320827
0.438686
0.22025
0.354792
0.318971
0.662
0.201585
0.135909
0.0310835
0.162572
0.599816
0.156823
0.272107
0.662
0.108355
0.219129
0.371778
0.351385
0.662
0.268465
0.14577
0.0673357
0.403203
0.212193
0.150746
0.518038
0.0780662
0.0448825
0.360752
0.323875
0.662
0.00277851
0.167212
0.515536
0.662
0.393087
0.659386
0.0333446
0.0681049
0.0990671
0.662
0.107626
0.59214
0.142759
0.662
0.662
0.662
0.662
0.0896795
0.0616037
0.215832
0.0956374
0.662
0.0768718
0.662
0.460563
0.0219304
0.288256
0.0562646
0.161336
0.0853285
0.284915
0.238187
0.579604
0.662
0.450627
0.179142
0.214389
0.662
0.233993
0.3626
0.316836
0.346302
0.27527
0.662
0.256234
0.152787
0.223588
0.131517
0.0743688
0.662
0.00759969
0.433336
0.221853
0.085575
0.512792
0.0256452
0.662
0.259386
0.662
0.258672
0.068497
0.203572
0.448069
0.662
0.0152801
0.189877
0.359316
0.662
0.27947
0.18351
0.160452
0.132288
0.341084
0.452623
0.289829
0.445619
0.662
0.204159
0.128457
0.181171
0.288537
0.183164
0.662
0.0353002
0.208855
0.0316233
0.244848
0.0762849
0.122545
0.223121
0.474916
0.36008
0.123007
0.164216
0.662
0.338857
0.662
0.116184
0.014728
0.102309
0.0842475
0.177828
0.130755
0.507472
0.662
0.239348
0.10702
0.662
0.662
0.662
0.286823
0.460699
0.662
0.211661
0.293524
0.232508
0.2752
0.379137
0.662
0.57673
0.110916
0.455586
0.372958
0.662
0.394578
0.662
0.0978068
0.365571
0.246894
0.406069
0.249306
0.117108
0.303149
0.462929
0.0818396
0.301433
0.459435
0.0126108
0.527391
0.176634
0.218712
0.662
0.215622
0.559418
0.662
0.445442
0.662
0.386548
0.229215
0.282059
0.197811
0.450878
0.383883
0.234039
0.104466
0.059159
0.662
0.532162
0.380159
0.185154
0.193677
0.232639
0.203971
0.0607012
0.192256
0.144932
0.662
0.0917343
0.662
0.0860219
0.194434
0.662
0.662
0.131078
0.291261
0.144004
0.475974
0.662
0.12972
0.153159
0.262859
0.303579
0.310834
0.136816
0.227598
0.0912601
0.173735
0.220022
0.127188
0.0953518
0.0147365
0.0233377
0.14691
0.295037
0.662
0.662
0.153353
0.627219
0.353486
0.46193
0.156857
0.662
0.185986
0.180408
0.662
0.662
0.492731
0.0730679
0.403416
0.156982
0.256598
0.221437
0.550101
0.189104
0.662
0.163351
0.408924
0.304379
0.662
0.662
0.662
0.319808
0.119079
0.298451
0.662
0.137058
0.055015
0.466339
0.185496
0.118112
0.144186
0.411717
0.188314
0.662
0.254712
0.565931
0.662
0.662
0.662
0.200027
0.280259
0.011298
0.102552
0.0479607
0.391403
0.387832
0.195359
0.662
0.130194
0.246544
0.386865
0.231555
0.252515
0.357771
0.209681
0.0897737
0.0795151
0.091771
0.590047
0.100516
0.662
0.237153
0.662
0.221119
0.209703
0.662
0.662
0.262555
0.534543
0.100503
0.147214
0.323302
0.662
0.506542
0.425239
0.662
0.125335
0.662
0.662
0.16259
0.180204
0.20241
0.662
0.19884
0.300477
0.365785
0.112906
0.43334
0.398121
0.302159
0.0252558
0.442826
0.662
0.662
0.0673458
0.662
0.194038
0.250187
0.209914
0.214515
0.176926
0.177447
0.0126677
0.0253501
0.0259249
0.0559314
0.662
0.174095
0.507608
0.175173
0.139608
0.502295
0.662
0.662
0.662
0.320526
0.17966
0.662
0.160023
0.519087
0.335023
0.155803
0.662
0.0742295
0.0896895
0.0147301
0.0526173
0.662
0.359738
0.13768
0.662
0.115472
0.147465
0.336528
0.102538
0.317979
0.662
0.0929057
0.662
0.138008
0.547641
0.383189
0.128992
0.509605
0.662
0.662
0.246877
0.585022
0.3006
0.40346
0.250523
0.0797666
0.662
0.265854
0.0170324
0.662
0.662
0.216091
0.192885
0.00489497
0.118745
0.40646
0.662
0.0856592
0.588243
0.206091
0.26306
0.15244
0.662
0.495778
0.046874
0.123397
0.662
0.662
0.355696
0.239957
0.132664
0.279303
0.243655
0.0191503
0.218423
0.421475
0.105022
0.157732
0.0389055
0.199442
0.662
0.0670217
0.662
0.202711
0.513394
0.0773828
0.662
0.248991
0.662
0.155186
0.123635
0.662
0.0959587
0.153652
0.0889967
0.11145
0.0799132
0.567687
0.662
0.25273
0.422465
0.445453
0.0491953
0.286902
0.0996994
0.137539
0.662
0.296777
0.0326919
0.662
0.25569
0.323289
0.093502
0.662
0.197344
0.0125286
0.190935
0.0341141
0.369136
0.150893
0.463249
0.662
0.084555
0.444005
0.441647
0.105058
0.662
0.161262
0.355856
0.0569934
0.0066293
0.0905533
0.220282
0.631732
0.662
0.357116
0.0278285
0.217816
0.0847659
0.00842062
0.287087
0.390731
0.151112
0.348868
0.0695468
0.0921225
0.263048
0.160458
0.240386
0.249365
0.0858858
0.385012
0.662
0.0539758
0.0981832
0.249199
0.662
0.336374
0.232548
0.518204
0.134607
0.402996
0.0845984
0.240394
0.662
0.184327
0.662
0.0164386
0.152472
0.275215
0.112033
0.111783
0.175071
0.297479
0.160888
0.0692038
0.584555
0.0547766
0.662
0.191417
0.197086
0.662
0.662
0.662
0.322062
0.0247241
0.206941
0.430354
0.199189
0.0891952
0.307909
0.662
0.662
0.424228
0.318133
0.284746
0.124977
0.0795016
0.662
0.528611
0.662
0.207959
0.123368
0.459232
0.257014
0.0596949
0.185567
0.147077
0.662
0.210483
0.107488
0.311268
0.0764049
0.662
0.0486865
0.662
0.662
0.0999071
0.655208
0.366997
0.662
0.479377
0.523807
0.662
0.11171
0.145231
0.104428
0.251016
0.0119504
0.149115
0.53691
0.465101
0.558794
0.0883393
0.662
0.225229
0.47758
0.184817
0.190678
0.112616
0.662
0.15557
0.351212
0.0448091
0.500844
0.662
0.662
0.384951
0.0901849
0.243765
0.216224
0.662
0.570945
0.305855
0.0471446
0.124171
0.662
0.0321598
0.192337
0.42706
0.196612
0.183575
0.300392
0.23881
0.105578
0.356767
0.662
0.662
0.0870181
0.0682083
0.242737
0.0345266
0.194856
0.112889
0.523679
0.184925
0.0309901
0.140458
0.205447
0.383034
0.058699
0.258481
0.0582164
0.527791
0.277033
0.396431
0.117373
0.100432
0.473124
0.212582
0.458221
0.560673
0.633766
0.171081
0.374208
0.18804
0.223241
0.662
0.320353
0.662
0.210509
0.442421
0.146338
0.326739
0.0368353
0.0986751
0.0538883
0.0507107
0.662
0.146769
0.388722
0.0442652
0.662
0.195592
0.153852
0.0329244
0.102571
0.0790654
0.437136
0.123032
0.448165
0.345517
0.109997
0.662
0.662
0.122277
0.472672
0.00767111
0.00516331
0.105424
0.277858
0.21468
0.121287
0.662
0.300666
0.0723398
0.662
0.183664
0.375328
0.299032
0.662
0.124311
0.317609
0.187244
0.319595
0.662
0.662
0.149614
0.235697
0.662
0.0877907
0.662
0.255198
0.308033
0.299189
0.477537
0.456695
0.182203
0.0686115
0.22473
0.188675
0.194864
0.132808
0.190544
0.312125
0.0703128
0.182397
0.0849158
0.379291
0.245285
0.662
0.199338
0.269679
0.0483187
0.139365
0.244763
0.448349
0.376202
0.662
0.0077616
0.662
0.0708818
0.662
0.0179235
0.237107
0.317915
0.226035
0.510923
0.107829
0.474658
0.150924
0.21835
0.144073
0.034705
0.494024
0.662
0.0886163
0.258013
0.167925
0.662
0.662
0.445704
0.0112214
0.158661
0.662
0.117832
0.386727
0.019144
0.395797
0.300791
0.0675451
0.0994476
0.30946
0.0458169
0.0461375
0.326982
0.374447
0.662
0.240891
0.0181304
0.662
0.37002
0.012671
0.144136
0.456101
0.249548
0.439806
0.437259
0.442077
0.284364
0.203726
0.144022
0.434586
0.39701
0.177649
0.0448544
0.491013
0.662
0.461853
0.662
0.0844346
0.0598995
0.00498511
0.137387
0.196954
0.662
0.25691
0.100411
0.502809
0.391749
0.0589747
0.662
0.0757117
0.0330045
0.662
0.236323
0.565353
0.662
0.561461
0.300997
0.125422
0.390155
0.662
0.662
0.246821
0.197489
0.438292
0.662
0.662
0.16215
0.662
0.13519
0.504597
0.607187
0.568146
0.176574
0.256218
0.0931096
0.202638
0.503706
0.662
0.0643573
0.216405
0.588721
0.662
0.608062
0.0563863
0.233214
0.0429597
0.315563
0.126279
0.151352
0.185175
0.0301407
0.355898
0.662
0.291212
0.0853962
0.0695436
0.522803
0.0422158
0.583107
0.46095
0.662
0.0898775
0.475128
0.662
0.662
0.662
0.348915
0.154063
0.193099
0.155345
0.32657
0.0392323
0.25871
0.224878
0.154364
0.251788
0.140204
0.11339
0.599382
0.0315534
0.0547107
0.301309
0.35289
0.14869
0.207831
0.108632
0.0692748
0.369823
0.230621
0.0535876
0.24032
0.323652
0.662
0.595232
0.662
0.662
0.5953
0.537066
0.184726
0.213666
0.662
0.110062
0.253457
0.318545
0.446895
0.156111
0.341599
0.423332
0.176708
0.0879854
0.35746
0.580878
0.662
0.154247
0.161741
0.196945
0.184473
0.14842
0.459091
0.662
0.24998
0.294526
0.181148
0.662
0.358337
0.22297
0.662
0.662
0.475406
0.234213
0.209302
0.245212
0.662
0.098918
0.043883
0.662
0.179748
0.252817
0.0731065
0.0148901
0.221387
0.198909
0.0696803
0.0788944
0.268579
0.126523
0.662
0.27959
0.391134
0.48197
0.389813
0.298069
0.511864
0.0745947
0.089579
0.104137
0.346194
0.662
0.109145
0.250316
0.13528
0.382756
0.0877799
0.128379
0.662
0.333716
0.559881
0.662
0.374515
0.308614
0.662
0.236876
0.27565
0.662
0.0686117
0.0683524
0.381365
0.147015
0.0677268
0.230767
0.115659
0.0974246
0.180421
0.662
0.113032
0.125143
0.010163
0.104206
0.0578068
0.335713
0.287623
0.0918305
0.482852
0.0841108
0.0777602
0.0849463
0.662
0.103276
0.112079
0.0697945
0.332359
0.0769788
0.654676
0.303807
0.521602
0.338127
0.171155
0.191618
0.0855254
0.662
0.223918
0.197034
0.662
0.220922
0.150459
0.305336
0.662
0.0835847
0.656163
0.106229
0.213657
0.105425
0.584406
0.662
0.192104
0.477521
0.55372
0.16291
0.386028
0.349731
0.222
0.373291
0.000158405
0.268585
0.0980085
0.662
0.229763
0.181394
0.207184
0.115933
0.508017
0.267568
0.662
0.271482
0.662
0.662
0.345356
0.112821
0.0810601
0.440559
0.568806
0.229482
0.182942
0.101361
0.0310319
0.662
0.662
0.662
0.662
0.662
0.259356
0.662
0.0733202
0.196001
0.166312
0.65054
0.24896
0.520158
0.230302
0.528675
0.662
0.662
0.382791
0.0714843
0.296567
0.273376
0.0121499
0.662
0.662
0.147652
0.103093
0.089081
0.108042
0.662
0.398225
0.0821694
0.188753
0.184596
0.210406
0.20257
0.209501
0.0630247
0.0537336
0.662
0.156129
0.662
0.0747775
0.252968
0.0568459
0.662
0.18008
0.185094
0.0573778
0.0789047
0.262271
0.127762
0.256081
0.20471
0.100211
0.662
0.127886
0.662
0.37693
0.246268
0.662
0.662
0.0605285
0.662
0.21967
0.366129
0.275977
0.662
0.101567
0.00688369
0.297367
0.232799
0.222585
0.127023
0.175762
0.283282
0.134423
0.397651
0.486909
0.070198
0.10174
0.119536
0.164662
0.252073
0.499853
0.0340495
0.0176028
0.116023
0.251227
0.378175
0.480003
0.31191
0.000898943
0.662
0.362207
0.139031
0.286454
0.405112
0.0800921
0.205655
0.442992
0.281756
0.199571
0.403627
0.00491462
0.247602
0.0489373
0.177965
0.0943609
0.133139
0.318494
0.387737
0.436233
0.186096
0.52618
0.176099
0.662
0.367305
0.234661
0.143212
0.109674
0.051399
0.0162457
0.662
0.18562
0.358466
0.101686
0.3747
0.282055
0.0111005
0.331668
0.259859
0.082879
0.537947
0.231781
0.170302
0.662
0.156635
0.662
0.662
0.301375
0.35795
0.330422
0.132072
0.17504
0.24637
0.0733614
0.662
0.262156
0.300729
0.662
0.103235
0.0803047
0.411644
0.100026
0.509353
0.54635
0.402741
0.094269
0.479222
0.116501
0.156778
0.269802
0.107373
0.662
0.662
0.207087
0.24004
0.662
0.662
0.190874
0.186675
0.13825
0.211312
0.610677
0.229738
0.662
0.662
0.294924
0.0700283
0.0359565
0.118762
0.662
0.134037
0.662
0.172285
0.473064
0.662
0.166944
0.662
0.177413
0.0152977
0.297895
0.357572
0.649111
0.662
0.132407
0.097641
0.472904
0.241903
0.662
0.662
0.486745
0.662
0.196961
0.100945
0.274811
0.0876899
0.153238
0.179027
0.228232
0.227208
0.218557
0.221963
0.251467
0.0392703
0.0631674
0.596747
0.662
0.225072
0.192995
0.144806
0.140241
0.093243
0.0616609
0.424248
0.377716
0.662
0.27458
0.662
0.662
0.384035
0.00226798
0.124025
0.0786446
0.662
0.106947
0.420015
0.243046
0.120603
0.662
0.452854
0.380154
0.662
0.274441
0.489477
0.104572
0.0598413
0.272965
0.0852531
0.274495
0.662
0.659231
0.662
0.233638
0.11
0.662
0.101369
0.0300348
0.0679177
0.167486
0.233737
0.373265
0.662
0.662
0.250109
0.662
0.16883
0.132466
0.118918
0.305296
0.128342
0.662
0.443576
0.161323
0.247511
0.225719
0.264387
0.0868695
0.259988
0.141252
0.12366
0.209706
0.176351
0.56977
0.219537
0.152004
0.165322
0.137295
0.0842128
0.218359
0.0208436
0.283899
0.662
0.214503
0.309946
0.000966969
0.238252
0.0949771
0.143504
0.317923
0.169261
0.115233
0.195231
0.128342
0.267307
0.352426
0.43993
0.662
0.146847
0.252306
0.119497
0.432422
0.026495
0.491227
0.204353
0.662
0.181894
0.0716846
0.294149
0.662
0.213119
0.662
0.662
0.0787883
0.13614
0.425821
0.662
0.21949
0.662
0.662
0.0814538
0.186891
0.53611
0.255147
0.250551
0.0654289
0.396849
0.370117
0.0444205
0.662
0.334329
0.412992
0.380946
0.00728697
0.310759
0.0401774
0.662
0.432271
0.529055
0.20916
0.425106
0.25233
0.00513772
0.284948
0.103073
0.222228
0.204501
0.662
0.154565
0.125259
0.0520505
0.375889
0.173387
0.662
0.444815
0.434302
0.12131
0.164905
0.0120359
0.0605983
0.617853
0.111772
0.629383
0.34545
0.239038
0.377766
0.13052
0.22809
0.44674
0.632775
0.0859738
0.662
0.178986
0.174754
0.155867
0.662
0.206206
0.17753
0.285043
0.182566
0.228689
0.513453
0.662
0.156686
0.287625
0.662
0.278183
0.185824
0.318322
0.0974612
0.414773
0.103145
0.0120369
0.0692773
0.662
0.0941632
0.440027
0.235123
0.265891
0.581197
0.124003
0.165879
0.339316
0.404975
0.199374
0.662
0.213684
0.662
0.468288
0.0656494
0.0777056
0.662
0.321884
0.662
0.280528
0.662
0.542026
0.195341
0.186529
0.184757
0.228777
0.0799633
0.16901
0.116538
0.341091
0.152748
0.13107
0.371042
0.0409112
0.132713
0.236648
0.0699168
0.662
0.461217
0.0378655
0.617918
0.187331
0.0502562
0.662
0.0528006
0.662
0.314688
0.662
0.662
0.117169
0.0293575
0.204117
0.662
0.43992
0.189374
0.662
0.662
0.422074
0.185852
0.0183059
0.392493
0.205281
0.210562
0.662
0.662
0.662
0.0603554
0.135532
0.285532
0.662
0.662
0.348458
0.662
0.248944
0.662
0.3566
0.662
0.191364
0.153409
0.155112
0.219693
0.140344
0.305117
0.224718
0.302185
0.52453
0.341293
0.662
0.31938
0.472095
0.662
0.0783251
0.343293
0.246289
0.2765
0.662
0.662
0.16289
0.110345
0.0497981
0.662
0.159336
0.662
0.614041
0.276092
0.326885
0.303123
0.214435
0.349023
0.22866
0.662
0.0910412
0.098129
0.285532
0.662
0.193298
0.0947106
0.662
0.662
0.575702
0.331964
0.662
0.0465106
0.379034
0.124151
0.168253
0.466896
0.29143
0.224005
0.220819
0.662
0.189424
0.059649
0.44124
0.0801321
0.10694
0.362568
0.087596
0.189791
0.534083
0.615819
0.216211
0.217517
0.662
0.0957541
0.210139
0.0451171
0.448055
0.662
0.135871
0.127252
0.662
0.662
0.22239
0.173081
0.185926
0.307787
0.662
0.662
0.0565005
0.0128912
0.336602
0.16122
0.662
0.0988665
0.662
0.106584
0.105257
0.110274
0.662
0.533512
0.340277
0.407493
0.149132
0.556254
0.137137
0.22847
0.117242
0.178637
0.662
0.266445
0.0686912
0.304762
0.371209
0.0454436
0.0708667
0.179407
0.0785038
0.022781
0.367015
0.534548
0.662
0.389834
0.171272
0.281211
0.662
0.0711174
0.32298
0.279893
0.330345
0.185926
0.290314
0.662
0.288892
0.365006
0.250248
0.662
0.15808
0.662
0.662
0.617544
0.312621
0.157539
0.0481495
0.662
0.0331204
0.0680965
0.287997
0.00785242
0.582956
0.662
0.172579
0.662
0.399237
0.528338
0.103541
0.183798
0.18464
0.662
0.232411
0.222342
0.374739
0.173223
0.181038
0.662
0.12167
0.662
0.0785652
0.0798377
0.097137
0.0475448
0.138931
0.431263
0.350746
0.323854
0.642894
0.662
0.178682
0.662
0.127694
0.256588
0.662
0.292815
0.279847
0.188545
0.0676403
0.485808
0.279993
0.097225
0.327102
0.176679
0.240272
0.132639
0.662
0.662
0.475083
0.208481
0.50775
0.207196
0.146052
0.105444
0.497954
0.382509
0.0578081
0.338299
0.0771139
0.0511355
0.152234
0.66006
0.163338
0.114139
0.662
0.420387
0.662
0.343624
0.234502
0.662
0.568408
0.662
0.662
0.0922823
0.0794327
0.134316
0.261271
0.221253
0.239799
0.205852
0.191985
0.135894
0.212482
0.0617545
0.0904466
0.662
0.090753
0.190496
0.439169
0.662
0.662
0.449859
0.603495
0.662
0.662
0.274185
0.201924
0.390504
0.662
0.160977
0.0599382
0.134423
0.280288
0.105671
0.238812
0.0731928
0.169382
0.662
0.662
0.16138
0.0854337
0.180724
0.662
0.662
0.568405
0.104043
0.136325
0.0559654
0.254233
0.0559041
0.172489
0.181514
0.201576
0.662
0.565932
0.662
0.662
0.159976
0.429516
0.102485
0.466842
0.428191
0.611612
0.0555153
0.401864
0.662
0.227248
0.583155
0.662
0.29236
0.168579
0.633634
0.0410457
0.662
0.069531
0.366695
0.185554
0.437389
0.0450411
0.0534899
0.149429
0.106396
0.176725
0.377635
0.014219
0.101023
0.156606
0.171067
0.429751
0.161685
0.167668
0.107485
0.293187
0.475984
0.238713
0.307757
0.100755
0.1984
0.433489
0.080454
0.662
0.0560646
0.136149
0.662
0.0859748
0.10797
0.0931361
0.0906956
0.0718418
0.121784
0.123931
0.126157
0.0464191
0.212629
0.662
0.456665
0.0873206
0.255463
0.662
0.216175
0.27305
0.434504
0.239017
0.0384747
0.197961
0.420764
0.397495
0.24868
0.0824069
0.240662
0.179793
0.11459
0.0725744
0.56013
0.338275
0.0399311
0.0770227
0.228008
0.244496
0.662
0.12101
0.184433
0.377199
0.0698376
0.354946
0.662
0.089716
0.535744
0.212874
0.130764
0.151242
0.0585378
0.19604
0.356057
0.0495173
0.275676
0.164282
0.662
0.662
0.125437
0.351403
0.220608
0.102839
0.145885
0.08644
0.662
0.171495
0.662
0.662
0.662
0.662
0.0148479
0.0752496
0.185253
0.662
0.662
0.0612864
0.0861423
0.11706
0.662
0.102549
0.270117
0.0394678
0.147645
0.267719
0.307051
0.00500444
0.108999
0.415922
0.0467067
0.202484
0.117566
0.662
0.323856
0.662
0.302584
0.261537
0.188408
0.0914093
0.0616937
0.0971179
0.203646
0.082509
0.126905
0.228126
0.301363
0.662
0.0495456
0.372548
0.378036
0.384158
0.149869
0.662
0.0535298
0.257329
0.178791
0.662
0.28289
0.662
0.0272478
0.1937
0.344155
0.111432
0.0858383
0.103363
0.662
0.352583
0.424554
0.115819
0.459341
0.10098
0.25585
0.42651
0.0364894
0.0811889
0.662
0.662
0.172331
0.0593925
0.255069
0.0883883
0.522958
0.0730166
0.662
0.103601
0.0537492
0.211953
0.1697
0.301112
0.187335
0.427417
0.169166
0.427965
0.4433
0.300801
0.180358
0.340602
0.306589
0.283906
0.147736
0.0096084
0.213699
0.662
0.454697
0.402356
0.662
0.662
0.136836
0.381075
0.662
0.0364162
0.359616
0.109141
0.152642
0.0152534
0.662
0.589144
0.148153
0.192965
0.290884
0.199209
0.508728
0.468253
0.133757
0.34348
0.175618
0.446762
0.601239
0.441695
0.662
0.360046
0.0196409
0.662
0.662
0.140189
0.0585292
0.0184188
0.453633
0.161158
0.364654
0.121876
0.0909656
0.662
0.0622593
0.0135179
0.374723
0.580114
0.025891
0.274555
0.361608
0.0558556
0.35399
0.144856
0.400621
0.142467
0.0843221
0.662
0.303682
0.285872
0.405848
0.183312
0.102023
0.0436673
0.180042
0.660411
0.662
0.0788432
0.0857039
0.128617
0.379449
0.662
0.235445
0.551119
0.315966
0.400125
0.296935
0.662
0.0116044
0.244316
0.0712595
0.187176
0.662
0.163609
0.662
0.532448
0.485798
0.101718
0.04146
0.21511
0.119026
0.0156837
0.0769556
0.0819653
0.662
0.662
0.102487
0.279012
0.146073
0.205275
0.150694
0.253269
0.274684
0.662
0.61529
0.662
0.662
0.32705
0.337012
0.375568
0.134216
0.662
0.247319
0.662
0.457019
0.662
0.619275
0.662
0.0875724
0.113923
0.579205
0.155145
0.662
0.662
0.153815
0.662
0.662
0.193844
0.307036
0.255552
0.662
0.152858
0.26388
0.662
0.662
0.61563
0.106596
0.0711631
0.176971
0.040052
0.290559
0.662
0.0822037
0.233555
0.128886
0.662
0.462562
0.242401
0.304743
0.356074
0.546559
0.065924
0.462372
0.465378
0.0276154
0.229238
0.325198
0.467375
0.0851109
0.0826035
0.282601
0.229468
0.0623531
0.163018
0.662
0.184122
0.405931
0.509527
0.128212
0.104032
0.219852
0.662
0.183466
0.21093
0.114156
0.299792
0.461451
0.26647
0.194446
0.164681
0.510034
0.662
0.662
0.201115
0.333624
0.0845984
0.662
0.224472
0.286382
0.027878
0.214818
0.4066
0.250761
0.195359
0.35051
0.263641
0.662
0.0348612
0.0430436
0.296017
0.444863
0.662
0.300879
0.431207
0.184108
0.367439
0.358281
0.0566759
0.418936
0.106365
0.662
0.662
0.126231
0.292504
0.102843
0.662
0.662
0.233993
0.147944
0.467648
0.662
0.291931
0.0915299
0.0530208
0.230091
0.424422
0.119044
0.0629436
0.151909
0.460295
0.2989
0.0680088
0.287421
0.662
0.592123
0.662
0.662
0.0317598
0.346603
0.174693
0.662
0.205156
0.324996
0.237256
0.622211
0.34333
0.662
0.18876
0.380711
0.662
0.662
0.662
0.187254
0.0464403
0.256357
0.350629
0.662
0.122631
0.247914
0.662
0.220006
0.285274
0.36666
0.452608
0.314696
0.607128
0.198414
0.257025
0.662
0.662
0.425308
0.0594489
0.108625
0.662
0.662
0.157681
0.496908
0.662
0.05266
0.14058
0.187873
0.342013
0.158189
0.342335
0.465946
0.662
0.474304
0.113365
0.662
0.662
0.662
0.163761
0.662
0.313313
0.200538
0.106574
0.374593
0.662
0.328233
0.372453
0.662
0.110704
0.662
0.325618
0.145337
0.198056
0.0792315
0.13023
0.38902
0.0698425
0.0911893
0.116913
0.0426441
0.134346
0.0442786
0.263766
0.0533174
0.0373804
0.662
0.0878798
0.662
0.662
0.63339
0.186935
0.37356
0.132914
0.498209
0.198934
0.36651
0.662
0.268408
0.639087
0.00983361
0.384838
0.375727
0.195126
0.0490377
0.0517351
0.0468746
0.662
0.385288
0.662
0.111168
0.662
0.349577
0.223637
0.0913278
0.662
0.662
0.306491
0.662
0.218345
0.199095
0.193864
0.403956
0.0546163
0.662
0.0451711
0.580776
0.298554
0.662
0.662
0.115652
0.662
0.126238
0.431088
0.0085778
0.159481
0.188913
0.662
0.407296
0.437338
0.301552
0.110622
0.0422179
0.186678
0.104575
0.0394846
0.662
0.301516
0.398883
0.18135
0.0983898
0.155495
0.190086
0.662
0.16431
0.543789
0.662
0.472529
0.662
0.305696
0.662
0.662
0.662
0.221569
0.446287
0.662
0.431739
0.662
0.215685
0.633694
0.193693
0.662
0.431233
0.175243
0.520814
0.0893253
0.152868
0.216579
0.662
0.131466
0.195007
0.595536
0.148548
0.341617
0.367972
0.662
0.00109946
0.441693
0.413719
0.0795859
0.19171
0.089535
0.183398
0.208525
0.397953
0.662
0.662
0.21767
0.0769194
0.105579
0.0513081
0.662
0.248079
0.332614
0.620538
0.053665
0.399255
0.569347
0.0536325
0.662
0.255558
0.00360458
0.214957
0.430183
0.16579
0.189968
0.547589
0.442419
0.142153
0.662
0.455551
0.662
0.662
0.237559
0.173821
0.611142
0.411558
0.152599
0.662
0.384013
0.198937
0.430827
0.662
0.0727899
0.206383
0.215747
0.323371
0.172179
0.277992
0.0991242
0.517015
0.106673
0.107112
0.0823124
0.391579
0.0642183
0.662
0.175186
0.139781
0.662
0.662
0.396437
0.218344
0.111918
0.310766
0.662
0.439737
0.662
0.418691
0.0536065
0.15246
0.334153
0.0647836
0.163312
0.460743
0.063899
0.000806257
0.168119
0.307694
0.662
0.0493135
0.311285
0.385267
0.0997555
0.471043
0.0935997
0.371543
0.662
0.250089
0.375147
0.00383749
0.0366488
0.329805
0.237163
0.58592
0.099117
0.248887
0.662
0.291361
0.318632
0.40518
0.143025
0.389217
0.200994
0.09391
0.0746742
0.662
0.0234826
0.231377
0.189691
0.227489
0.662
0.662
0.189077
0.200962
0.662
0.537944
0.212828
0.270092
0.125368
0.53312
0.413354
0.662
0.342903
0.315558
0.029998
0.426395
0.662
0.662
0.0943596
0.622828
0.662
0.24841
0.201814
0.478889
0.189262
0.0868444
0.237769
0.0657607
0.662
0.480673
0.214678
0.203755
0.662
0.13633
0.523238
0.314339
0.190543
0.571205
0.662
0.226952
0.662
0.662
0.662
0.472128
0.339008
0.234072
0.1923
0.201205
0.0819742
0.206871
0.191647
0.662
0.662
0.161412
0.662
0.659434
0.662
0.305976
0.0604501
0.458485
0.14403
0.20044
0.662
0.456762
0.662
0.072407
0.428461
0.134786
0.114518
0.223722
0.528945
0.519012
0.134722
0.662
0.199027
0.0633113
0.148168
0.662
0.360457
0.110353
0.166096
0.485713
0.264181
0.352973
0.152793
0.16373
0.0686988
0.429549
0.662
0.662
0.360256
0.214861
0.279698
0.0656646
0.144276
0.662
0.233524
0.22284
0.662
0.214729
0.188449
0.375216
0.662
0.275683
0.662
0.243061
0.469259
0.374928
0.327025
0.662
0.167706
0.157506
0.234545
0.288592
0.662
0.662
0.662
0.662
0.190064
0.36678
0.490195
0.0395024
0.662
0.27804
0.39668
0.180698
0.662
0.324298
0.208932
0.469924
0.270924
0.115647
0.548482
0.662
0.662
0.662
0.20394
0.528342
0.262672
0.186895
0.662
0.339612
0.662
0.662
0.0606216
0.158551
0.0773
0.140804
0.551066
0.386906
0.146905
0.0926266
0.219071
0.0871958
0.662
0.190735
0.662
0.125225
0.662
0.154308
0.662
0.662
0.350375
0.330618
0.250325
0.00904882
0.0495301
0.150811
0.0316035
0.304849
0.662
0.0445167
0.274282
0.662
0.358287
0.14994
0.449066
0.662
0.432678
0.195507
0.529885
0.119888
0.239286
0.360498
0.0144398
0.106493
0.662
0.157767
0.185561
0.249789
0.420517
0.068873
0.662
0.350338
0.169374
0.0534966
0.336171
0.00168939
0.644011
0.662
0.319529
0.662
0.103895
0.508612
0.0862675
0.285219
0.662
0.191444
0.261828
0.154911
0.181898
0.376687
0.0287592
0.382615
0.446972
0.306086
0.662
0.229332
0.133119
0.0688073
0.662
0.287734
0.662
0.0763864
0.0833094
0.0259544
0.662
0.319692
0.100222
0.190033
0.0834981
0.30588
0.662
0.18948
0.153113
0.662
0.110457
0.662
0.123629
0.133709
0.227822
0.2503
0.203222
0.273534
0.431251
0.162912
0.662
0.662
0.662
0.397034
0.192391
0.239998
0.293239
0.662
0.472067
0.662
0.30592
0.197676
0.047472
0.0701506
0.662
0.403727
0.373455
0.116544
0.0569725
0.501265
0.193657
0.306899
0.0168808
0.0424617
0.25403
0.30594
0.18354
0.662
0.662
0.3725
0.389786
0.662
0.444002
0.0739525
0.662
0.662
0.419261
0.259086
0.230857
0.242345
0.662
0.212459
0.18504
0.219918
0.662
0.188556
0.159066
0.0214657
0.383238
0.662
0.377749
0.133263
0.23742
0.34378
0.0947469
0.0810143
0.170745
0.365172
0.19181
0.662
0.662
0.0557289
0.163339
0.123365
0.662
0.100264
0.662
0.128703
0.207673
0.185222
0.662
0.110291
0.0968885
0.0500301
0.662
0.100757
0.662
0.1793
0.409656
0.165511
0.496283
0.0499821
0.192751
0.0535011
0.662
0.16967
0.0564943
0.258891
0.662
0.12811
0.00723282
0.495568
0.11065
0.266445
0.3636
0.242136
0.124245
0.0912392
0.327987
0.662
0.188423
0.232095
0.0131989
0.463981
0.264601
0.125202
0.333433
0.296116
0.546103
0.0575993
0.571922
0.266341
0.289042
0.212979
0.082209
0.248637
0.662
0.329811
0.0792075
0.662
0.203096
0.171536
0.316983
0.0448658
0.662
0.662
0.180351
0.315643
0.0803032
0.166969
0.133631
0.662
0.349365
0.17503
0.185247
0.0477788
0.321095
0.0969978
0.0987473
0.271455
0.134702
0.327965
0.662
0.0123228
0.0385313
0.10669
0.184166
0.297129
0.269803
0.0937807
0.662
0.135876
0.662
0.302537
0.564041
0.0756012
0.175405
0.38845
0.662
0.0565486
0.311093
0.662
0.662
0.198146
0.387902
0.57087
0.419587
0.17546
0.19777
0.150096
0.155825
0.109944
0.238218
0.17583
0.239018
0.181019
0.137471
0.0487975
0.126009
0.203009
0.361692
0.120968
0.155648
0.459803
0.662
0.565409
0.0902627
0.662
0.464456
0.122721
0.17283
0.662
0.0981852
0.289773
0.662
0.662
0.203257
0.197699
0.325826
0.268092
0.662
0.404044
0.0946519
0.115419
0.202878
0.166821
0.318878
0.508032
0.483162
0.0186343
0.662
0.382478
0.135929
0.391064
0.662
0.285168
0.342202
0.662
0.163699
0.166934
0.149484
0.252655
0.662
0.176702
0.451217
0.340375
0.662
0.0686837
0.662
0.590518
0.162987
0.271177
0.145852
0.662
0.0757231
0.15927
0.662
0.0465653
0.0651126
0.195221
0.571938
0.226655
0.29175
0.319164
0.662
0.460736
0.303593
0.147096
0.0982487
0.0514508
0.198456
0.116666
0.183978
0.423128
0.332613
0.31498
0.603026
0.662
0.644484
0.662
0.20336
0.270561
0.519884
0.134191
0.379146
0.662
0.180647
0.198483
0.188106
0.398112
0.662
0.389538
0.662
0.662
0.0165819
0.13971
0.0448302
0.0878087
0.135892
0.244669
0.101546
0.0291549
0.39872
0.662
0.16914
0.662
0.00169879
0.0801401
0.239372
0.520742
0.07998
0.113733
0.0874908
0.296608
0.197492
0.118608
0.0739346
0.0599695
0.11288
0.496823
0.108051
0.093858
0.0765642
0.104382
0.541659
0.662
0.0764254
0.0826054
0.662
0.25332
0.111363
0.307712
0.284965
0.0918433
0.19944
0.139757
0.0640275
0.197387
0.284203
0.662
0.662
0.441728
0.136173
0.189651
0.662
0.17515
0.662
0.662
0.662
0.138923
0.18007
0.436439
0.662
0.0651086
0.179161
0.662
0.128333
0.564229
0.171528
0.382876
0.246688
0.275522
0.662
0.0643639
0.236292
0.118104
0.662
0.261432
0.0913784
0.662
0.218812
0.0998497
0.116751
0.219178
0.337915
0.597712
0.17574
0.06563
0.662
0.371094
0.0866242
0.195952
0.365913
0.150651
0.0936319
0.662
0.662
0.215482
0.662
0.125269
0.272875
0.210827
0.402969
0.296171
0.354887
0.351284
0.146188
0.174103
0.494573
0.235574
0.413636
0.30416
0.101474
0.059849
0.662
0.267331
0.298938
0.280676
0.268772
0.410379
0.662
0.191851
0.273095
0.0469206
0.455866
0.0700934
0.397364
0.194191
0.132456
0.129656
0.390355
0.662
0.363637
0.0054212
0.114562
0.0885455
0.398141
0.0744121
0.662
0.662
0.167009
0.0886821
0.662
0.0169094
0.190574
0.552709
0.026881
0.662
0.113181
0.116449
0.0855301
0.178114
0.662
0.195282
0.328686
0.0837788
0.662
0.0424268
0.239522
0.662
0.268081
0.510614
0.0769357
0.459849
0.121953
0.486697
0.423748
0.151091
0.267488
0.476096
0.662
0.662
0.232486
0.580218
0.400774
0.295173
0.0758444
0.315305
0.0988653
0.536338
0.317795
0.162833
0.0744368
0.117441
0.061403
0.302582
0.293472
0.299718
0.0870162
0.192838
0.192332
0.447786
0.662
0.662
0.662
0.0982423
0.297065
0.0771152
0.182864
0.662
0.662
0.594949
0.137035
0.662
0.315792
0.662
0.662
0.197469
0.473267
0.135922
0.662
0.367222
0.36586
0.396426
0.513176
0.355604
0.303077
0.421142
0.222942
0.662
0.116622
0.396549
0.10047
0.0472219
0.0259967
0.0579385
0.073753
0.662
0.662
0.662
0.64109
0.3005
0.662
0.250225
0.588022
0.662
0.662
0.265454
0.0442123
0.662
0.337609
0.326932
0.204288
0.291629
0.127213
0.415366
0.193701
0.0932691
0.662
0.662
0.102667
0.249711
0.662
0.662
0.0686099
0.0671389
0.188683
0.150031
0.436741
0.0846538
0.0606861
0.290593
0.187361
0.662
0.080048
0.278624
0.237096
0.662
0.332526
0.0955303
0.115529
0.298131
0.662
0.662
0.201747
0.164448
0.197984
0.116741
0.662
0.359126
0.662
0.662
0.0429743
0.298554
0.272208
0.44132
0.13981
0.296413
0.415509
0.0351716
0.662
0.662
0.0577025
0.0798994
0.0828353
0.662
0.204379
0.462646
0.312063
0.145623
0.270961
0.662
0.198587
0.190869
0.339553
0.662
0.245742
0.117856
0.429465
0.492078
0.413983
0.288415
0.196704
0.193791
0.451834
0.662
0.662
0.342348
0.135453
0.662
0.662
0.260286
0.114222
0.267643
0.662
0.0776662
0.662
0.662
0.139076
0.662
0.151855
0.163104
0.0974871
0.409835
0.150052
0.112617
0.0978027
0.0662419
0.0993149
0.662
0.662
0.135358
0.31158
0.662
0.0288282
0.0639252
0.188808
0.0893659
0.41652
0.61923
0.133102
0.284815
0.287903
0.499546
0.662
0.662
0.0606296
0.523938
0.446329
0.337567
0.662
0.289196
0.0460209
0.0626833
0.593292
0.206339
0.302447
0.540915
0.425471
0.391182
0.117305
0.294784
0.565433
0.199766
0.336661
0.662
0.413347
0.468731
0.00557416
0.0410445
0.662
0.215302
0.662
0.219077
0.180049
0.570827
0.10993
0.662
0.27807
0.0190759
0.4851
0.264107
0.557391
0.191298
0.662
0.662
0.662
0.213
0.143335
0.662
0.662
0.662
0.662
0.662
0.238478
0.282217
0.662
0.662
0.264971
0.0495582
0.229426
0.10368
0.577639
0.14742
0.0594536
0.267862
0.450804
0.149748
0.102671
0.280401
0.159727
0.276936
0.175658
0.588923
0.2298
0.232234
0.309844
0.253645
0.155001
0.422264
0.615001
0.00686307
0.144435
0.631609
0.662
0.57272
0.646803
0.662
0.209372
0.458751
0.130875
0.146765
0.662
0.039962
0.224519
0.21349
0.662
0.147947
0.207359
0.314865
0.448256
0.0687157
0.0966977
0.662
0.662
0.662
0.117469
0.108585
0.289165
0.662
0.662
0.0941199
0.662
0.412058
0.0887474
0.079635
0.433821
0.662
0.381607
0.662
0.185656
0.178193
0.662
0.511268
0.11357
0.662
0.00554506
0.0123413
0.0142073
0.261475
0.095215
0.168224
0.560936
0.0551192
0.061745
0.18522
0.309644
0.395516
0.132267
0.464995
0.170649
0.217559
0.608945
0.0720981
0.209259
0.662
0.662
0.155387
0.214869
0.178534
0.662
0.125036
0.275857
0.206626
0.662
0.662
0.0517481
0.241827
0.354372
0.251316
0.22595
0.660922
0.0532307
0.349762
0.222527
0.0785196
0.662
0.63339
0.181777
0.186609
0.662
0.573355
0.662
0.272472
0.662
0.180888
0.662
0.532545
0.321731
0.347209
0.107121
0.169285
0.459395
0.662
0.188107
0.119421
0.662
0.662
0.355538
0.0966885
0.147117
0.286035
0.662
0.310709
0.662
0.360397
0.662
0.662
0.280366
0.484131
0.495467
0.0685923
0.0799052
0.096818
0.343071
0.175183
0.662
0.231453
0.174432
0.185259
0.662
0.0162222
0.18815
0.662
0.662
0.0519236
0.275143
0.662
0.662
0.131818
0.662
0.340117
0.662
0.205086
0.249948
0.662
0.115163
0.662
0.602543
0.243474
0.662
0.13139
0.190431
0.662
0.231811
0.0735642
0.194534
0.599578
0.171749
0.163679
0.146119
0.22506
0.617885
0.352513
0.299875
0.508715
0.453728
0.169177
0.662
0.214435
0.529259
0.14788
0.243335
0.247874
0.333036
0.224078
0.127419
0.662
0.196728
0.662
0.662
0.577175
0.662
0.112493
0.0779427
0.352199
0.39501
0.662
0.549025
0.261306
0.384082
0.662
0.113427
0.11298
0.662
0.662
0.106479
0.662
0.469406
0.21178
0.289587
0.62044
0.662
0.201465
0.0777816
0.0577641
0.132214
0.234851
0.46007
0.662
0.277679
0.322499
0.662
0.662
0.188008
0.198978
0.0872165
0.455158
0.662
0.662
0.173492
0.0817535
0.429177
0.662
0.112887
0.592841
0.0465047
0.106389
0.0606945
0.375479
0.651516
0.165179
0.47369
0.106925
0.437982
0.45596
0.324705
0.172637
0.31531
0.399205
0.104652
0.215244
0.508585
0.662
0.187334
0.507169
0.374759
0.539681
0.662
0.0973695
0.27995
0.301784
0.118045
0.383026
0.438907
0.0964813
0.230128
0.345051
0.171678
0.104285
0.183676
0.0162492
0.0958963
0.136146
0.118823
0.138359
0.433438
0.215977
0.141517
0.226383
0.199474
0.662
0.662
0.611841
0.124564
0.171241
0.433525
0.0733647
0.10466
0.451617
0.353027
0.662
0.138703
0.0585591
0.044136
0.662
0.662
0.662
0.252617
0.217608
0.123134
0.0618574
0.180201
0.662
0.0284782
0.155741
0.130854
0.662
0.291868
0.237012
0.603155
0.662
0.184634
0.122899
0.482797
0.54839
0.662
0.662
0.177533
0.662
0.136164
0.662
0.00880441
0.662
0.059669
0.198557
0.610913
0.662
0.290537
0.564823
0.0661279
0.150173
0.125087
0.420708
0.20836
0.320157
0.073993
0.144681
0.205275
0.129199
0.249003
0.0379097
0.270958
0.225696
0.144831
0.334468
0.662
0.22341
0.231057
0.0850469
0.102934
0.11927
0.170433
0.129947
0.662
0.145303
0.223229
0.466404
0.148025
0.646335
0.662
0.565094
0.454846
0.221157
0.34376
0.133378
0.0941146
0.33376
0.0321001
0.463719
0.458417
0.662
0.347763
0.086744
0.303307
0.536225
0.380051
0.209427
0.662
0.13704
0.662
0.156612
0.185538
0.662
0.36491
0.250019
0.231655
0.662
0.242572
0.0892996
0.187775
0.0988731
0.461286
0.114552
0.662
0.662
0.317692
0.0779143
0.108504
0.662
0.0295183
0.346499
0.0512507
0.0729058
0.082004
0.0614759
0.662
0.662
0.662
0.188391
0.29986
0.567237
0.050311
0.0693255
0.234974
0.141961
0.115159
0.662
0.0998349
0.252261
0.319547
0.0722887
0.243307
0.204634
0.621828
0.662
0.541111
0.276461
0.205597
0.126922
0.115976
0.516862
0.0791164
0.155314
0.0532626
0.107179
0.0685734
0.342203
0.615631
0.125641
0.175487
0.620851
0.463222
0.418319
0.233028
0.236316
0.662
0.214651
0.000516055
0.396895
0.109763
0.40761
0.221311
0.00890622
0.194042
0.112195
0.349125
0.0810656
0.215542
0.0997722
0.203904
0.110798
0.0906376
0.248322
0.276657
0.662
0.122156
0.662
0.182758
0.179394
0.0482846
0.183663
0.662
0.417544
0.287687
0.662
0.329726
0.200722
0.662
0.640935
0.266594
0.219411
0.136419
0.40873
0.662
0.662
0.334774
0.312025
0.538957
0.144966
0.181761
0.0800715
0.116186
0.112213
0.275918
0.110918
0.0639969
0.282191
0.0875696
0.0132488
0.117313
0.662
0.0349822
0.553843
0.662
0.0728612
0.662
0.288605
0.253987
0.105467
0.662
0.0732709
0.262396
0.662
0.596632
0.611964
0.399162
0.214901
0.564486
0.107613
0.628203
0.102423
0.291875
0.143418
0.0687775
0.157978
0.306975
0.228655
0.0940991
0.60304
0.598956
0.633694
0.090316
0.385981
0.240178
0.550953
0.662
0.643707
0.337444
0.0938064
0.454353
0.31963
0.14548
0.100211
0.354632
0.662
0.379604
0.662
0.287909
0.0527914
0.662
0.201617
0.194911
0.375026
0.23414
0.662
0.662
0.662
0.138465
0.105896
0.145428
0.662
0.236734
0.0483341
0.269186
0.662
0.662
0.0600767
0.662
0.0729967
0.0666375
0.662
0.662
0.405651
0.258413
0.662
0.0599036
0.662
0.647065
0.210395
0.270688
0.0176034
0.330462
0.216807
0.137764
0.662
0.453641
0.0814694
0.2286
0.335554
0.558436
0.411242
0.235056
0.207166
0.243263
0.662
0.055716
0.302333
0.662
0.38659
0.662
0.112695
0.199483
0.206761
0.396383
0.110519
0.662
0.383194
0.662
0.662
0.662
0.0113666
0.16633
0.214476
0.146789
0.0994784
0.449118
0.291946
0.137338
0.375295
0.0810533
0.662
0.158029
0.293864
0.593151
0.0640217
0.233024
0.107605
0.183997
0.5757
0.137451
0.333488
0.0858497
0.0133326
0.161442
0.264993
0.662
0.110614
0.185906
0.106602
0.662
0.662
0.290237
0.258396
0.310492
0.0140805
0.252242
0.662
0.100998
0.584021
0.144328
0.158512
0.405156
0.326226
0.433087
0.23392
0.211258
0.662
0.201704
0.136549
0.662
0.532025
0.352071
0.662
0.19535
0.0063431
0.164429
0.0975755
0.104935
0.662
0.662
0.144098
0.392873
0.662
0.148233
0.187238
0.46276
0.245171
0.152119
0.0431318
0.0839539
0.662
0.437596
0.459665
0.171862
0.141633
0.170574
0.187644
0.238688
0.477068
0.122653
0.123535
0.662
0.541867
0.189515
0.0369712
0.311869
0.0547893
0.119163
0.250826
0.455979
0.27674
0.662
0.414487
0.125944
0.169537
0.363376
0.366343
0.102077
0.198808
0.329854
0.12535
0.28746
0.1482
0.662
0.570866
0.012412
0.662
0.662
0.139154
0.251977
0.250977
0.479984
0.190279
0.0299836
0.162909
0.662
0.662
0.292239
0.662
0.27458
0.176688
0.662
0.106354
0.0973261
0.662
0.308443
0.063543
0.0304714
0.0567001
0.662
0.17889
0.206417
0.116635
0.146586
0.662
0.662
0.662
0.220183
0.0612556
0.239949
0.446081
0.0375728
0.495689
0.434786
0.31353
0.164156
0.131335
0.32311
0.662
0.0668416
0.0539931
0.0064854
0.140181
0.178307
0.167477
0.371167
0.110438
0.210241
0.186886
0.217072
0.662
0.0877517
0.0720936
0.134637
0.662
0.0847866
0.120844
0.396455
0.662
0.196943
0.267554
0.662
0.111991
0.313408
0.662
0.122531
0.662
0.662
0.219439
0.662
0.192949
0.211284
0.225003
0.270027
0.0619876
0.662
0.125619
0.383229
0.253819
0.47391
0.0959731
0.0980996
0.171292
0.178624
0.317823
0.331702
0.00822651
0.662
0.662
0.662
0.636633
0.0542577
0.138993
0.662
0.146856
0.0888139
0.662
0.662
0.662
0.436596
0.11066
0.241336
0.364495
0.133124
0.662
0.176949
0.264789
0.662
0.0130779
0.615679
0.347107
0.107302
0.0555872
0.472837
0.302445
0.430878
0.591938
0.209006
0.280331
0.386594
0.157818
0.303615
0.662
0.40803
0.662
0.267657
0.078618
0.227799
0.662
0.200638
0.30484
0.662
0.461212
0.184031
0.243184
0.662
0.662
0.246253
0.662
0.0488947
0.456009
0.423265
0.220545
0.662
0.379938
0.662
0.420565
0.433479
0.168621
0.0800333
0.0614427
0.14517
0.0139544
0.662
0.152717
0.662
0.0837763
0.662
0.203915
0.144983
0.356798
0.146275
0.662
0.662
0.135758
0.25608
0.662
0.454086
0.148922
0.104168
0.207655
0.352037
0.0195193
0.662
0.261078
0.13808
0.19324
0.662
0.083885
0.220619
0.0761733
0.330027
0.126183
0.0863169
0.662
0.071978
0.155393
0.662
0.206758
0.150091
0.264845
0.265518
0.662
0.408683
0.662
0.102468
0.662
0.662
0.186113
0.0973191
0.0944273
0.143154
0.119345
0.662
0.348301
0.0406371
0.18681
0.329865
0.563871
0.656288
0.117281
0.528932
0.5738
0.129506
0.198492
0.479361
0.11453
0.143263
0.564751
0.187505
0.273268
0.235291
0.287881
0.662
0.662
0.567003
0.662
0.43546
0.662
0.161427
0.0877093
0.186587
0.375731
0.662
0.0863152
0.662
0.114127
0.326507
0.238191
0.161767
0.0572917
0.129208
0.258747
0.20854
0.662
0.200255
0.122713
0.233352
0.358463
0.440663
0.012884
0.28007
0.15559
0.0609057
0.662
0.426675
0.00975171
0.585527
0.662
0.401617
0.127956
0.0490478
0.397264
0.41936
0.00459021
0.333852
0.184337
0.116292
0.662
0.662
0.134078
0.270013
0.145687
0.448718
0.129706
0.049798
0.423245
0.217944
0.662
0.214061
0.662
0.047312
0.213471
0.430687
0.662
0.224573
0.420423
0.662
0.0604651
0.297013
0.662
0.167803
0.273576
0.212775
0.371526
0.662
0.207166
0.662
0.211379
0.662
0.0306359
0.421159
0.662
0.186517
0.138973
0.453159
0.291989
0.250213
0.272163
0.218259
0.505311
0.251587
0.147311
0.140719
0.662
0.417669
0.453915
0.448715
0.192316
0.662
0.157037
0.662
0.181572
0.275415
0.148012
0.662
0.361345
0.275675
0.662
0.1911
0.10134
0.662
0.107579
0.320142
0.0739695
0.377345
0.411635
0.662
0.394774
0.202842
0.420478
0.624677
0.202703
0.153997
0.0830809
0.662
0.188012
0.462255
0.662
0.662
0.252239
0.0978725
0.662
0.433635
0.213033
0.0466246
0.277584
0.662
0.209964
0.662
0.328317
0.1623
0.662
0.192531
0.142409
0.219596
0.187968
0.662
0.662
0.220603
0.662
0.662
0.0831395
0.258891
0.662
0.0530669
0.163301
0.082848
0.662
0.227766
0.662
0.358177
0.0831505
0.129093
0.105152
0.321414
0.175101
0.631698
0.662
0.411766
0.217537
0.662
0.662
0.662
0.00499362
0.128555
0.343127
0.00501761
0.48203
0.596183
0.298324
0.662
0.131496
0.434526
0.498435
0.511801
0.109084
0.239578
0.248976
0.237725
0.112837
0.283106
0.137726
0.242259
0.424704
0.280205
0.503617
0.165279
0.402703
0.662
0.0388034
0.106318
0.478075
0.0846775
0.662
0.00774891
0.662
0.0149769
0.0843908
0.662
0.348727
0.445296
0.113038
0.184143
0.286204
0.0924395
0.662
0.176105
0.0171592
0.0215568
0.662
0.0823295
0.0745308
0.236651
0.662
0.0726011
0.662
0.662
0.183781
0.0466636
0.241983
0.662
0.243006
0.205545
0.101925
0.182285
0.662
0.662
0.452118
0.0895704
0.248166
0.283517
0.445329
0.123449
0.178137
0.662
0.662
0.662
0.251389
0.0731799
0.357442
0.224246
0.136418
0.0326713
0.412533
0.104692
0.0112607
0.170254
0.662
0.525664
0.194757
0.662
0.135626
0.133308
0.43235
0.537225
0.072558
0.592648
0.261473
0.00290199
0.467638
0.204995
0.284528
0.0267912
0.396844
0.134382
0.17604
0.662
0.0874629
0.0481524
0.501752
0.0717049
0.0384456
0.662
0.127158
0.404198
0.662
0.662
0.0116631
0.387702
0.212178
0.139943
0.128777
0.662
0.0787715
0.532731
0.231925
0.270167
0.500963
0.166718
0.115936
0.662
0.12172
0.307817
0.251628
0.662
0.0919598
0.206724
0.662
0.662
0.196045
0.365485
0.166723
0.189567
0.56059
0.0945265
0.269579
0.32579
0.53912
0.356425
0.231068
0.662
0.461311
0.05397
0.500148
0.486792
0.20059
0.175351
0.26094
0.291637
0.345481
0.662
0.0923834
0.0835978
0.656263
0.662
0.129406
0.44383
0.0494354
0.148539
0.15624
0.242219
0.0863231
0.0243654
0.662
0.0470324
0.0874213
0.402789
0.612041
0.245942
0.111146
0.545733
0.0190559
0.201896
0.10808
0.313875
0.182258
0.367499
0.275854
0.400741
0.251658
0.291694
0.641429
0.259857
0.121919
0.662
0.662
0.577731
0.0401497
0.662
0.662
0.437778
0.255316
0.662
0.0282072
0.14215
0.56666
0.662
0.662
0.0997297
0.350792
0.128762
0.337065
0.480906
0.361588
0.629666
0.173569
0.0891268
0.349804
0.11516
0.217033
0.225822
0.0664274
0.163845
0.201124
0.374795
0.189247
0.069634
0.158767
0.212165
0.0943535
0.101162
0.662
0.0543304
0.662
0.037236
0.662
0.480204
0.146017
0.105919
0.385971
0.120629
0.154718
0.210609
0.470946
0.077899
0.0929398
0.662
0.215052
0.0718345
0.662
0.0485426
0.662
0.662
0.00536457
0.662
0.662
0.109217
0.662
0.131439
0.201391
0.159052
0.0126644
0.550037
0.0118019
0.113415
0.0568791
0.450792
0.167358
0.415988
0.662
0.491009
0.662
0.197728
0.105317
0.335167
0.109593
0.52393
0.10608
0.264501
0.662
0.263295
0.31518
0.122537
0.161415
0.284901
0.332512
0.116114
0.0224058
0.102761
0.0792029
0.447241
0.59267
0.188433
0.662
0.107176
0.374449
0.662
0.662
0.31884
0.252228
0.216542
0.662
0.0954974
0.662
0.110291
0.0306278
0.124112
0.317042
0.377773
0.416679
0.214267
0.662
0.189314
0.187573
0.0954195
0.662
0.26391
0.196778
0.474313
0.209073
0.461101
0.0951016
0.127813
0.155682
0.230279
0.654842
0.152028
0.662
0.143891
0.662
0.319187
0.303473
0.0954942
0.168718
0.662
0.662
0.284748
0.257246
0.306227
0.126129
0.0663086
0.292205
0.662
0.0624224
0.475002
0.217442
0.620345
0.137953
0.468202
0.212832
0.134742
0.13371
0.198915
0.662
0.604084
0.147716
0.115207
0.0942249
0.143473
0.642599
0.358466
0.199391
0.579502
0.617159
0.662
0.509151
0.144217
0.622896
0.662
0.503258
0.0415142
0.353903
0.662
0.336259
0.442748
0.662
0.105467
0.378955
0.0683105
0.0958536
0.0502795
0.451543
0.193123
0.662
0.529556
0.608525
0.437598
0.097986
0.0266461
0.662
0.410122
0.151128
0.330788
0.383214
0.0528347
0.156582
0.662
0.662
0.194822
0.195294
0.446382
0.0648821
0.228687
0.317607
0.349202
0.155789
0.439554
0.0597953
0.0611695
0.454284
0.232668
0.662
0.398342
0.0784809
0.63339
0.662
0.145094
0.408407
0.228348
0.662
0.390891
0.48193
0.118998
0.192663
0.0597491
0.064784
0.40319
0.662
0.139183
0.164764
0.321033
0.638492
0.404647
0.0447205
0.352905
0.414741
0.250163
0.212455
0.161768
0.662
0.258645
0.662
0.363294
0.213722
0.136699
0.186851
0.0287882
0.662
0.418518
0.475087
0.195934
0.391675
0.201265
0.145027
0.662
0.0759527
0.662
0.114059
0.662
0.154996
0.28947
0.0968845
0.160595
0.290834
0.662
0.402514
0.448085
0.637537
0.662
0.187187
0.662
0.466578
0.157287
0.662
0.250631
0.662
0.481842
0.278422
0.662
0.0388616
0.341031
0.0298161
0.192172
0.128068
0.363319
0.129471
0.588422
0.55466
0.506627
0.149416
0.16495
0.396394
0.266898
0.662
0.662
0.380087
0.611738
0.279824
0.662
0.180918
0.253803
0.540692
0.220218
0.499647
0.0643348
0.0151974
0.420557
0.662
0.662
0.0695332
0.224382
0.662
0.229013
0.373461
0.403269
0.112362
0.0777013
0.0266429
0.237562
0.090897
0.557561
0.141408
0.391496
0.194861
0.344169
0.188733
0.48496
0.284278
0.189136
0.662
0.630466
0.13038
0.15151
0.0376847
0.0443783
0.232668
0.19761
0.0528248
0.209366
0.662
0.662
0.662
0.112622
0.662
0.569537
0.662
0.137604
0.376952
0.125108
0.299505
0.132608
0.473979
0.371798
0.24704
0.463485
0.348271
0.159394
0.151818
0.13598
0.662
0.461934
0.193563
0.0955834
0.662
0.061318
0.208377
0.2451
0.0148156
0.241925
0.165987
0.570968
0.600407
0.137306
0.539054
0.378796
0.175001
0.662
0.126012
0.238819
0.34549
0.300158
0.144216
0.662
0.262003
0.196365
0.403697
0.171274
0.0515686
0.164594
0.656376
0.324806
0.0493502
0.662
0.235139
0.341421
0.20353
0.344655
0.414657
0.170592
0.311886
0.275629
0.285395
0.192773
0.209131
0.059101
0.178255
0.662
0.662
0.0629908
0.0544071
0.450934
0.662
0.246531
0.0739341
0.239483
0.241949
0.47407
0.19982
0.0659211
0.167637
0.354122
0.104614
0.662
0.588525
0.662
0.248135
0.662
0.611621
0.0585694
0.463392
0.240384
0.607463
0.474386
0.25788
0.242687
0.173272
0.0629087
0.306901
0.121231
0.162525
0.0185345
0.662
0.397681
0.662
0.104636
0.266388
0.3728
0.351034
0.101322
0.415956
0.14122
0.662
0.195079
0.662
0.174426
0.0944871
0.530026
0.288003
0.120794
0.662
0.662
0.461089
0.288958
0.0600122
0.249251
0.662
0.0857954
0.430419
0.267204
0.124572
0.313509
0.546212
0.129595
0.184352
0.115034
0.662
0.662
0.286649
0.297035
0.662
0.0893136
0.662
0.343182
0.347747
0.574253
0.0578331
0.0900338
0.2364
0.267127
0.554676
0.525788
0.2558
0.170339
0.0837341
0.161449
0.268472
0.662
0.0742389
0.662
0.285252
0.338259
0.317773
0.662
0.662
0.0471631
0.662
0.109199
0.0341742
0.287256
0.662
0.137376
0.0480887
0.662
0.216353
0.138407
0.049775
0.140029
0.204519
0.34573
0.662
0.662
0.662
0.119977
0.662
0.216797
0.192227
0.217857
0.0991465
0.176871
0.148977
0.00325812
0.133563
0.421086
0.626416
0.456537
0.18689
0.0693069
0.0761127
0.125177
0.21424
0.351898
0.517687
0.662
0.198011
0.371471
0.662
0.0918257
0.0295741
0.253927
0.662
0.436913
0.662
0.110682
0.297774
0.190882
0.337187
0.662
0.662
0.0714318
0.662
0.17209
0.083404
0.119965
0.0804587
0.351932
0.353853
0.442737
0.314754
0.662
0.262725
0.126522
0.497399
0.662
0.0791273
0.657982
0.662
0.0619793
0.162064
0.0262691
0.160546
0.162686
0.180129
0.135852
0.658252
0.0506338
0.0832603
0.662
0.151053
0.201221
0.237368
0.662
0.662
0.253489
0.662
0.207653
0.336576
0.45756
0.118649
0.214901
0.267779
0.106111
0.224936
0.662
0.310433
0.00271821
0.339144
0.405559
0.0536341
0.530849
0.363341
0.0871675
0.662
0.168995
0.238269
0.662
0.186017
0.172114
0.105656
0.468567
0.271812
0.378315
0.0736038
0.123497
0.416736
0.64153
0.191437
0.249576
0.215054
0.662
0.0885099
0.441779
0.00850395
0.196914
0.342538
0.041119
0.313981
0.111713
0.229317
0.662
0.298834
0.662
0.416442
0.226521
0.662
0.149928
0.234409
0.662
0.451011
0.284669
0.0677567
0.128379
0.139098
0.662
0.0776493
0.370344
0.662
0.176426
0.129429
0.272079
0.538033
0.449461
0.128504
0.0857612
0.662
0.662
0.433573
0.662
0.574918
0.0663617
0.183638
0.0779014
0.137918
0.628361
0.297962
0.273898
0.662
0.662
0.232692
0.662
0.226069
0.111571
0.662
0.261243
0.0568629
0.0909163
0.662
0.19715
0.0650089
0.192557
0.115312
0.662
0.570614
0.658613
0.432093
0.318926
0.104978
0.662
0.0709787
0.662
0.156159
0.662
0.443745
0.555193
0.182516
0.627243
0.39508
0.349457
0.582987
0.447055
0.362525
0.388495
0.167192
0.257938
0.662
0.662
0.404476
0.184007
0.428391
0.103783
0.305765
0.662
0.206345
0.218321
0.0584079
0.0681465
0.662
0.500194
0.662
0.190353
0.423204
0.134033
0.473651
0.411011
0.191984
0.192655
0.662
0.662
0.662
0.472066
0.139539
0.1528
0.662
0.2135
0.381846
0.41758
0.468493
0.318713
0.16218
0.176554
0.210984
0.610921
0.392374
0.164419
0.662
0.425029
0.22808
0.662
0.274521
0.134334
0.662
0.516503
0.392734
0.662
0.330496
0.175451
0.265334
0.291181
0.0699046
0.193604
0.144605
0.662
0.662
0.047602
0.264116
0.198762
0.662
0.128711
0.662
0.360417
0.662
0.0437733
0.540506
0.0528941
0.118916
0.0839928
0.662
0.045374
0.191478
0.18001
0.182863
0.140489
0.662
0.556149
0.662
0.662
0.406087
0.279276
0.079128
0.186132
0.662
0.171668
0.662
0.515398
0.427448
0.662
0.30072
0.662
0.290967
0.222215
0.176281
0.25935
0.662
0.662
0.457569
0.0942094
0.183907
0.229053
0.0991521
0.23391
0.662
0.212165
0.0235606
0.244286
0.332697
0.075408
0.0681424
0.0180829
0.413114
0.401874
0.324313
0.453288
0.499267
0.0297616
0.111632
0.312947
0.251544
0.662
0.662
0.234705
0.662
0.662
0.662
0.23403
0.211078
0.105944
0.0960694
0.311997
0.24033
0.0573674
0.300575
0.662
0.656993
0.219844
0.199628
0.662
0.662
0.191875
0.662
0.0833041
0.200167
0.137536
0.389447
0.174335
0.427536
0.662
0.237159
0.355198
0.0351202
0.451039
0.299011
0.662
0.0919667
0.662
0.539
0.133962
0.227215
0.662
0.229688
0.662
0.0568567
0.21703
0.174436
0.121117
0.399969
0.662
0.240391
0.490512
0.165186
0.103033
0.662
0.662
0.050648
0.0716403
0.0409797
0.215913
0.218599
0.544999
0.254259
0.252449
0.0853212
0.0906135
0.574065
0.000872583
0.354885
0.215571
0.185003
0.331712
0.330282
0.433546
0.0881446
0.233763
0.42083
0.108548
0.289145
0.354665
0.662
0.201238
0.196426
0.31107
0.662
0.204337
0.232225
0.209528
0.0877588
0.0808193
0.532523
0.224583
0.0606573
0.27899
0.265437
0.214948
0.662
0.150331
0.535023
0.631422
0.0428946
0.662
0.439212
0.257744
0.131411
0.0790946
0.0446975
0.122791
0.0233289
0.166746
0.619202
0.662
0.212951
0.0338881
0.375087
0.0182258
0.662
0.250517
0.34022
0.0975015
0.176959
0.122366
0.178947
0.662
0.662
0.0770356
0.247492
0.126133
0.662
0.662
0.440987
0.207714
0.11108
0.22021
0.0158253
0.526035
0.405884
0.284792
0.306984
0.263023
0.032493
0.662
0.271409
0.1661
0.51752
0.575012
0.609281
0.608392
0.0882823
0.15381
0.281849
0.416831
0.662
0.572308
