0.209498
0.110394
0.217886
0.616129
0.0436809
0.14028
0.263295
0.178201
0.298924
0.229624
0.096627
0.398082
0.662
0.192882
0.318322
0.662
0.171438
0.183977
0.101546
0.079094
0.662
0.662
0.085497
0.0909546
0.285874
0.516049
0.662
0.423329
0.211514
0.269516
0.125626
0.662
0.0920976
0.116344
0.662
0.662
0.607274
0.11038
0.133801
0.284707
0.185321
0.349852
0.139445
0.181277
0.169811
0.662
0.0939966
0.179521
0.662
0.55472
0.3411
0.167464
0.576885
0.171228
0.00447061
0.104822
0.0276228
0.0802022
0.539113
0.202277
0.231271
0.0220023
0.241132
0.154711
0.184747
0.283598
0.662
0.662
0.177757
0.339143
0.104381
0.470017
0.0777041
0.344748
0.00619125
0.622097
0.662
0.0664135
0.0621871
0.160601
0.0977644
0.0808631
0.259067
0.412417
0.0722536
0.626187
0.0909784
0.136528
0.225365
0.138761
0.502539
0.662
0.156605
0.131938
0.0959264
0.254711
0.0543914
0.484223
0.130404
0.169041
0.662
0.0621811
0.0570914
0.309077
0.555573
0.421762
0.351565
0.122808
0.195738
0.0925036
0.257194
0.210557
0.0719889
0.19235
0.662
0.218877
0.0930209
0.100625
0.662
0.219614
0.0438752
0.262941
0.213433
0.0675355
0.0212295
0.259292
0.320731
0.358105
0.0744661
0.250103
0.0968589
0.302817
0.0982368
0.213887
0.448295
0.197269
0.174417
0.0497285
0.0596065
0.241354
0.662
0.152102
0.0859346
0.662
0.436838
0.430162
0.386413
0.24509
0.085379
0.349244
0.309772
0.203326
0.164251
0.359176
0.305451
0.0647963
0.186336
0.0976242
0.0397364
0.409383
0.21396
0.117178
0.119241
0.388492
0.318265
0.071337
0.431111
0.296511
0.567432
0.295461
0.282576
0.328876
0.212363
0.0598381
0.0755031
0.129391
0.389211
0.109897
0.152229
0.333854
0.032231
0.294517
0.118491
0.438323
0.524439
0.418059
0.226174
0.129426
0.387462
0.0712118
0.183995
0.282118
0.662
0.329667
0.14986
0.281848
0.405148
0.212527
0.00448057
0.497818
0.316482
0.527917
0.134553
0.085893
0.340574
0.652635
0.266945
0.221956
0.276131
0.61193
0.350955
0.128889
0.575883
0.662
0.657843
0.101909
0.194829
0.662
0.113778
0.164341
0.0983669
0.144608
0.211013
0.263041
0.078889
0.321417
0.265948
0.662
0.394777
0.0700424
0.0577061
0.1259
0.158931
0.0598096
0.243934
0.662
0.248382
0.0753876
0.236523
0.438108
0.0759429
0.136458
0.168421
0.662
0.622956
0.0907003
0.20909
0.526346
0.219018
0.137211
0.662
0.0546102
0.11837
0.662
0.224926
0.120708
0.101996
0.5746
0.37172
0.163945
0.0358017
0.532571
0.0427163
0.118677
0.174243
0.270413
0.641038
0.41628
0.135507
0.19457
0.286821
0.272309
0.081879
0.316003
0.14559
0.292347
0.0929368
0.662
0.107433
0.0897909
0.28402
0.108278
0.241509
0.324987
0.0297012
0.133382
0.359778
0.200692
0.547726
0.182255
0.0945075
0.633694
0.146106
0.0731419
0.220057
0.662
0.331294
0.363238
0.647031
0.487966
0.662
0.111196
0.44015
0.541798
0.662
0.128092
0.250669
0.303419
0.113685
0.0123008
0.160065
0.0503376
0.130098
0.156467
0.183918
0.0529745
0.130144
0.103947
0.0733776
0.518276
0.333146
0.131723
0.352303
0.441909
0.0791704
0.0920007
0.305221
0.662
0.342802
0.0438728
0.574008
0.0836281
0.0903338
0.266745
0.159482
0.662
0.0669396
0.540601
0.0721428
0.370183
0.341826
0.0816038
0.0944924
0.413792
0.143299
0.115888
0.0964957
0.229848
0.662
0.478499
0.662
0.662
0.254226
0.0801837
0.187882
0.201491
0.662
0.0481496
0.10126
0.157111
0.559949
0.23461
0.157065
0.649003
0.662
0.52105
0.218693
0.157314
0.179252
0.440868
0.334407
0.293034
0.344559
0.125586
0.102702
0.0297711
0.07609
0.439545
0.200327
0.408842
0.233597
0.149616
0.135919
0.504082
0.469565
0.0390656
0.662
0.579777
0.532795
0.249648
0.0897981
0.035899
0.662
0.0756775
0.662
0.129491
0.521197
0.114184
0.662
0.322231
0.194991
0.247581
0.0708078
0.0829116
0.117226
0.271092
0.1401
0.0573266
0.071232
0.662
0.0748057
0.07341
0.270345
0.17438
0.231349
0.00595819
0.0186358
0.436419
0.65129
0.444069
0.289261
0.109037
0.08331
0.226967
0.309275
0.225618
0.662
0.224232
0.174296
0.136934
0.438611
0.662
0.0915505
0.123752
0.0826893
0.0637243
0.401059
0.0747819
0.45071
0.174956
0.0569414
0.00524523
0.348761
0.0410114
0.662
0.429501
0.510716
0.12666
0.650295
0.135055
0.606136
0.608189
0.340132
0.0198586
0.153907
0.225037
0.445436
0.0658781
0.662
0.122279
0.106909
0.0841119
0.530664
0.662
0.124391
0.487833
0.135358
0.623013
0.345782
0.180239
0.662
0.302353
0.662
0.339827
0.0996144
0.0857008
0.25814
0.389845
0.188869
0.156913
0.168076
0.553551
0.498162
0.0168714
0.662
0.257747
0.133229
0.220401
0.315347
0.1364
0.662
0.662
0.041352
0.558456
0.352507
0.617574
0.561313
0.0223587
0.356459
0.0709672
0.51743
0.662
0.164489
0.0728354
0.0586778
0.142247
0.299887
0.0353411
0.355313
0.422896
0.0658498
0.070074
0.199078
0.227572
0.0583919
0.43398
0.641555
0.171022
0.24448
0.406735
0.281962
0.662
0.128195
0.15942
0.153198
0.662
0.243522
0.44542
0.377778
0.0296769
0.273666
0.146622
0.662
0.164867
0.382471
0.119938
0.163515
0.1044
0.162186
0.0641866
0.128396
0.201158
0.171049
0.351736
0.364864
0.130599
0.243733
0.300148
0.362145
0.216315
0.241909
0.272264
0.476685
0.0902016
0.250638
0.551702
0.168545
0.638145
0.0163477
0.110213
0.6348
0.22745
0.662
0.0908638
0.304309
0.662
0.151031
0.611426
0.589486
0.158309
0.28917
0.0774995
0.353506
0.216205
0.125064
0.357994
0.459525
0.162627
0.264039
0.317651
0.459134
0.290861
0.0952018
0.0524796
0.654593
0.43074
0.0363599
0.0368643
0.093485
0.318587
0.662
0.0728622
0.0746772
0.0601889
0.238462
0.0967216
0.315732
0.418547
0.322515
0.557535
0.288823
0.662
0.215245
0.355229
0.170702
0.117174
0.118424
0.214072
0.229665
0.310125
0.632469
0.258511
0.0416427
0.0166983
0.235092
0.131678
0.662
0.122285
0.662
0.662
0.290003
0.662
0.253885
0.154711
0.308623
0.662
0.101773
0.0484795
0.0788563
0.0728464
0.0978105
0.662
0.056655
0.125741
0.137171
0.0863259
0.297102
0.0756624
0.315652
0.0671012
0.405949
0.292981
0.0405305
0.28129
0.23838
0.496372
0.260799
0.211633
0.214713
0.274038
0.22671
0.408094
0.318298
0.434692
0.327302
0.241936
0.422456
0.0790431
0.406117
0.102
0.126548
0.626855
0.144548
0.332932
0.302385
0.186893
0.124027
0.16854
0.210478
0.455135
0.591084
0.193605
0.166227
0.137059
0.0652616
0.0958927
0.0582127
0.196619
0.427025
0.569915
0.123667
0.406705
0.424775
0.100122
0.305657
0.0534707
0.424059
0.331481
0.209669
0.284515
0.0850761
0.0927589
0.28994
0.289086
0.058012
0.233499
0.146224
0.0554876
0.186369
0.24453
0.662
0.662
0.168523
0.126834
0.239867
0.053012
0.253982
0.0406286
0.211982
0.0899597
0.331753
0.372104
0.0806969
0.07261
0.662
0.126232
0.172786
0.0436206
0.0388405
0.661142
0.662
0.163909
0.111679
0.0511542
0.658728
0.0739979
0.0641639
0.131661
0.359793
0.151813
0.295429
0.138612
0.662
0.301504
0.517391
0.662
0.134204
0.172219
0.193035
0.662
0.0687396
0.662
0.12404
0.367307
0.353066
0.149329
0.379681
0.662
0.0703541
0.134591
0.29022
0.500646
0.148742
0.209106
0.108026
0.443671
0.163028
0.173749
0.0384434
0.223453
0.36281
0.154771
0.14817
0.209965
0.173452
0.317177
0.272381
0.0722117
0.165257
0.438844
0.24741
0.225252
0.608757
0.194967
0.170699
0.662
0.0423076
0.662
0.258147
0.0960312
0.662
0.286578
0.2113
0.376927
0.204867
0.283229
0.105528
0.0731707
0.0774677
0.418714
0.103871
0.24581
0.131941
0.221091
0.662
0.171264
0.185867
0.0630528
0.118658
0.504103
0.0615335
0.00878842
0.572775
0.473543
0.0577401
0.622726
0.555042
0.128618
0.0427927
0.662
0.580611
0.0619643
0.443825
0.144534
0.172083
0.113372
0.391065
0.500316
0.224125
0.138721
0.274455
0.0675988
0.205471
0.17537
0.218088
0.00139177
0.499821
0.42095
0.073608
0.0579682
0.167399
0.662
0.167777
0.662
0.0426918
0.515464
0.383291
0.423877
0.20475
0.136077
0.336127
0.165104
0.354319
0.193281
0.165822
0.030801
0.300741
0.161621
0.0706759
0.124512
0.339514
0.3549
0.106689
0.191419
0.122933
0.661686
0.0814503
0.146362
0.0919553
0.0386684
0.147014
0.180359
0.0557078
0.324771
0.662
0.0484497
0.353785
0.206926
0.0598151
0.463035
0.13519
0.0859226
0.139843
0.3647
0.180416
0.0630969
0.207656
0.213441
0.1708
0.319691
0.179538
0.0998655
0.646606
0.06946
0.380185
0.0572375
0.196896
0.3036
0.0968711
0.301017
0.284487
0.291036
0.119411
0.291031
0.076153
0.156665
0.0837201
0.441833
0.662
0.0856099
0.0703174
0.143449
0.129074
0.197612
0.255236
0.259205
0.117039
0.0958193
0.149413
0.0527762
0.333346
0.050495
0.347357
0.0280758
0.0459199
0.0243094
0.0526378
0.398907
0.449899
0.0468322
0.306926
0.0609094
0.122695
0.581522
0.576585
0.401269
0.265509
0.17304
0.0599812
0.0962496
0.62289
0.140541
0.590506
0.0445288
0.0570575
0.265924
0.200537
0.490126
0.243096
0.044945
0.0533457
0.315891
0.1143
0.105124
0.0851145
0.00260489
0.197958
0.169967
0.084491
0.267388
0.26291
0.0632613
0.567721
0.1317
0.0808677
0.179361
0.342409
0.662
0.211292
0.0911589
0.31069
0.0768317
0.0249768
0.563784
0.091498
0.111455
0.495177
0.0220168
0.105396
0.0585206
0.177892
0.435726
0.446689
0.0779178
0.319108
0.255854
0.184789
0.302869
0.138142
0.156702
0.0229579
0.0972787
0.154899
0.27603
0.167243
0.336881
0.662
0.605031
0.507645
0.445788
0.102394
0.662
0.662
0.662
0.0604
0.260434
0.178334
0.599031
0.184147
0.617742
0.357917
0.662
0.00775374
0.0119395
0.0460131
0.564397
0.280232
0.153559
0.15169
0.662
0.31987
0.662
0.279635
0.277589
0.324547
0.332392
0.413314
0.459556
0.189099
0.655904
0.217699
0.316144
0.503449
0.311907
0.662
0.427887
0.662
0.464351
0.203223
0.560683
0.274944
0.106699
0.662
0.662
0.55981
0.248332
0.0746709
0.359542
0.0760027
0.501976
0.314553
0.150526
0.173764
0.115505
0.271245
0.662
0.197405
0.088141
0.352832
0.199013
0.10623
0.535717
0.170786
0.41169
0.497666
0.164582
0.662
0.599752
0.337238
0.280317
0.330295
0.0978425
0.231974
0.231644
0.0961829
0.0946653
0.173868
0.256708
0.196235
0.136473
0.0559952
0.662
0.415272
0.243003
0.662
0.662
0.27179
0.0744889
0.263777
0.258182
0.0308
0.0821389
0.0594454
0.140103
0.166403
0.0732666
0.0753731
0.401164
0.244301
0.0915566
0.34994
0.227663
0.39433
0.0541118
0.0489091
0.167517
0.662
0.458393
0.471283
0.662
0.171594
0.19998
0.0189634
0.662
0.48477
0.319823
0.362555
0.208335
0.109696
0.0468658
0.0763988
0.10502
0.220932
0.221595
0.662
0.662
0.0548348
0.005722
0.0894097
0.662
0.25602
0.0845182
0.0469354
0.373587
0.0609496
0.225405
0.167017
0.0350369
0.250125
0.536642
0.24516
0.353399
0.107076
0.07523
0.135975
0.221742
0.662
0.342974
0.0726644
0.54268
0.314456
0.454081
0.570921
0.159994
0.0257372
0.574786
0.121678
0.0598485
0.0567199
0.662
0.662
0.387084
0.14313
0.263684
0.0935692
0.18454
0.0781259
0.192002
0.227868
0.0892418
0.494886
0.127118
0.284788
0.100164
0.059564
0.442016
0.404294
0.0583237
0.662
0.276583
0.662
0.0304656
0.246667
0.183295
0.360442
0.0980045
0.29063
0.662
0.0793821
0.280608
0.467343
0.0587241
0.267635
0.138301
0.295093
0.0436286
0.123447
0.0893567
0.662
0.231891
0.299277
0.469901
0.00677225
0.272861
0.0519682
0.324013
0.662
0.153701
0.105042
0.132728
0.404225
0.0607963
0.18272
0.151294
0.213247
0.0887645
0.465958
0.0922011
0.194947
0.255378
0.201313
0.0859266
0.134394
0.410703
0.662
0.189401
0.160586
0.0808407
0.207975
0.158219
0.219098
0.0433581
0.0632055
0.00215817
0.660423
0.0859231
0.242844
0.0180523
0.0844864
0.289198
0.054948
0.523611
0.10224
0.662
0.129402
0.115458
0.0461431
0.57236
0.26217
0.0710062
0.149214
0.0554856
0.116194
0.174016
0.201922
0.0175975
0.662
0.194855
0.0434649
0.0804542
0.158839
0.108396
0.123681
0.192509
0.12478
0.0782813
0.217407
0.0937974
0.107937
0.344488
0.537712
0.100031
0.461824
0.531527
0.00470344
0.51677
0.493524
0.528693
0.484588
0.212722
0.115607
0.662
0.103716
0.242301
0.109294
0.662
0.108994
0.0625725
0.142381
0.0396353
0.243879
0.224733
0.425357
0.607451
0.212504
0.236359
0.277939
0.354848
0.126764
0.421168
0.240945
0.0780893
0.0530481
0.0912596
0.0832076
0.0694373
0.0578974
0.662
0.441044
0.0954845
0.128877
0.63442
0.193593
0.0396959
0.302382
0.173819
0.662
0.058002
0.0597224
0.240676
0.148387
0.368009
0.662
0.186345
0.0623107
0.0258266
0.207513
0.0499566
0.662
0.165804
0.266999
0.0347588
0.143212
0.112441
0.128986
0.520666
0.662
0.105744
0.662
0.150551
0.662
0.522955
0.0558856
0.197737
0.083111
0.229344
0.237345
0.32026
0.374556
0.662
0.418814
0.104059
0.0381447
0.426077
0.0937812
0.32269
0.454703
0.160817
0.357523
0.210548
0.441515
0.0862167
0.662
0.0966032
0.297102
0.0834356
0.0965499
0.313312
0.125434
0.0966288
0.282309
0.0437572
0.0635829
0.0917119
0.0998995
0.326863
0.476999
0.414272
0.188052
0.213604
0.286176
0.662
0.662
0.0843486
0.383991
0.186736
0.0547041
0.440435
0.126978
0.28644
0.185998
0.09841
0.417545
0.108325
0.662
0.0612725
0.0437568
0.131907
0.0142571
0.662
0.224232
0.292275
0.454784
0.0791604
0.433775
0.105735
0.0760005
0.129163
0.404485
0.262308
0.265683
0.0675377
0.035269
0.479074
0.284363
0.188315
0.662
0.203039
0.274169
0.0957434
0.0571881
0.0866854
0.236276
0.105516
0.0460551
0.106525
0.37607
0.200715
0.459835
0.0685368
0.328451
0.662
0.512484
0.0413472
0.349916
0.0698385
0.0416455
0.0927747
0.545109
0.293736
0.0677482
0.434616
0.114105
0.0399295
0.25467
0.395588
0.235285
0.529469
0.27348
0.071971
0.461962
0.0948663
0.282742
0.371298
0.184527
0.229504
0.0649697
0.192215
0.0535056
0.056717
0.0445403
0.408138
0.0532684
0.118368
0.105575
0.0552159
0.110515
0.662
0.343538
0.252958
0.241711
0.151475
0.662
0.0640473
0.106114
0.158027
0.0365057
0.177921
0.101222
0.308214
0.253734
0.404597
0.0976641
0.159283
0.231826
0.208709
0.0777368
0.607723
0.497788
0.662
0.367014
0.212166
0.16352
0.185147
0.0705385
0.171692
0.182505
0.210911
0.118952
0.433762
0.133505
0.133178
0.245005
0.386678
0.372426
0.349161
0.330489
0.0791208
0.160127
0.631415
0.208218
0.338538
0.287247
0.229098
0.53109
0.347005
0.662
0.11919
0.0635342
0.310465
0.0907886
0.164588
0.184429
0.0753098
0.143833
0.0952017
0.201582
0.487109
0.167719
0.0941211
0.175666
0.114971
0.662
0.122348
0.626176
0.229498
0.220199
0.2432
0.136157
0.0749947
0.203391
0.444078
0.128345
0.11112
0.0517303
0.0905805
0.5759
0.271585
0.0658741
0.243628
0.662
0.133564
0.186217
0.152326
0.145348
0.147411
0.0426902
0.242942
0.102569
0.662
0.0743383
0.662
0.185529
0.37204
0.344556
0.0397149
0.174187
0.295175
0.238341
0.439204
0.556295
0.069014
0.409702
0.0431427
0.407907
0.34717
0.145276
0.616431
0.0745474
0.122819
0.318759
0.0162128
0.162853
0.119444
0.103343
0.0270939
0.0397024
0.0800161
0.229183
0.30587
0.14061
0.577272
0.191662
0.166517
0.491472
0.662
0.661063
0.0309658
0.166523
0.371023
0.00944043
0.496216
0.0625537
0.358746
0.0766047
0.436082
0.116227
0.143715
0.123785
0.109581
0.140077
0.0740422
0.0991173
0.40719
0.114237
0.151401
0.662
0.02944
0.581874
0.298731
0.501836
0.22979
0.662
0.452386
0.591186
0.291337
0.153856
0.221175
0.126364
0.0404454
0.359989
0.553411
0.10082
0.312195
0.173725
0.0520983
0.0871932
0.0938597
0.00463577
0.576159
0.531171
0.408427
0.0670707
0.0104159
0.24784
0.0605612
0.405785
0.32079
0.310228
0.176141
0.0860849
0.221835
0.662
0.0947727
0.303644
0.368258
0.243298
0.0749105
0.0648379
0.146421
0.116592
0.147823
0.102579
0.436478
0.184845
0.385215
0.662
0.201691
0.151471
0.270389
0.345041
0.124184
0.0806872
0.172825
0.270506
0.655891
0.250143
0.0233205
0.140095
0.166747
0.121117
0.187551
0.230056
0.147924
0.63339
0.0469141
0.104556
0.131258
0.166813
0.209242
0.0701092
0.214247
0.114206
0.14717
0.182664
0.260331
0.484397
0.38852
0.0848891
0.394938
0.136067
0.0545582
0.662
0.105746
0.194391
0.0893398
0.0551577
0.524417
0.556422
0.0302618
0.0578636
0.0959156
0.260087
0.662
0.0300274
0.0594992
0.0673744
0.176282
0.659593
0.662
0.175086
0.137588
0.346132
0.306046
0.0849954
0.354575
0.186111
0.229761
0.181578
0.126501
0.0668648
0.168696
0.233781
0.161067
0.370265
0.220096
0.263582
0.106222
0.278934
0.175632
0.248591
0.116454
0.0959453
0.0759947
0.406101
0.359134
0.662
0.0793232
0.207625
0.298911
0.222685
0.228472
0.218128
0.138785
0.167024
0.167231
0.662
0.065121
0.110178
0.374436
0.186111
0.0833445
0.374748
0.287647
0.0108429
0.337464
0.662
0.276024
0.195471
0.123359
0.154938
0.164359
0.441993
0.0837295
0.408121
0.286347
0.249062
0.662
0.662
0.218962
0.585319
0.629419
0.662
0.19641
0.0386596
0.0840076
0.596568
0.122618
0.197729
0.104243
0.133461
0.124965
0.0552283
0.145197
0.489987
0.194514
0.0352862
0.0904235
0.191453
0.396832
0.202225
0.101063
0.0877897
0.662
0.13644
0.187127
0.662
0.150543
0.289146
0.662
0.12143
0.622938
0.32063
0.0632178
0.456172
0.208356
0.231044
0.307404
0.156784
0.217809
0.37936
0.0634138
0.0765102
0.157063
0.343042
0.0762023
0.417435
0.214304
0.0921814
0.068668
0.661193
0.3996
0.151042
0.488811
0.247712
0.11429
0.143526
0.23526
0.102276
0.207117
0.06778
0.373096
0.117863
0.478875
0.273443
0.26016
0.662
0.054921
0.466942
0.373474
0.0869368
0.120228
0.662
0.21308
0.0825219
0.3221
0.0972032
0.0289119
0.0669745
0.397609
0.662
0.0368711
0.662
0.0631463
0.612859
0.662
0.363531
0.110068
0.0753273
0.382472
0.202283
0.112916
0.157848
0.278041
0.441997
0.400573
0.662
0.662
0.177818
0.0471596
0.248872
0.0795285
0.191204
0.372806
0.285031
0.0727054
0.249393
0.345586
0.630923
0.0736625
0.470343
0.662
0.178594
0.0644779
0.36296
0.364458
0.0934473
0.0407114
0.251085
0.146844
0.0758605
0.446972
0.164483
0.244557
0.0836119
0.139338
0.148277
0.225375
0.0887913
0.185557
0.273975
0.117054
0.137758
0.540856
0.459377
0.662
0.0275586
0.370607
0.662
0.122972
0.27113
0.116704
0.0945453
0.384398
0.662
0.490245
0.582211
0.383237
0.104942
0.0667871
0.221078
0.156491
0.662
0.0864659
0.256891
0.0544703
0.644535
0.585029
0.662
0.290261
0.196169
0.275462
0.405191
0.323174
0.17727
0.446506
0.662
0.123339
0.276762
0.388228
0.662
0.154452
0.257904
0.0422972
0.20333
0.0836437
0.132119
0.0819649
0.0611884
0.21569
0.101879
0.271829
0.201586
0.420757
0.0669624
0.118844
0.058967
0.662
0.134389
0.127546
0.585395
0.279241
0.17826
0.311911
0.195322
0.353263
0.662
0.202435
0.662
0.293514
0.633129
0.0612145
0.133225
0.1916
0.221963
0.662
0.160967
0.0665737
0.108081
0.0657724
0.662
0.098844
0.100136
0.312813
0.457346
0.422493
0.325847
0.400532
0.288884
0.0672705
0.159214
0.0977463
0.096134
0.0100022
0.210818
0.640312
0.0389313
0.19774
0.207102
0.0627285
0.662
0.662
0.0919807
0.187966
0.416262
0.532004
0.121711
0.429656
0.253081
0.212966
0.219656
0.126667
0.464403
0.662
0.374125
0.396241
0.662
0.297137
0.662
0.1004
0.30742
0.188708
0.648279
0.0914351
0.2939
0.454774
0.166283
0.137083
0.173311
0.0674672
0.662
0.0555015
0.285453
0.091216
0.185836
0.21196
0.662
0.0429694
0.159254
0.351037
0.0845234
0.0969373
0.20317
0.0757203
0.153357
0.299718
0.662
0.107135
0.112231
0.0671114
0.0847177
0.440628
0.435901
0.0324462
0.455373
0.567796
0.308123
0.579954
0.527844
0.433486
0.207132
0.115943
0.132004
0.085435
0.121484
0.466653
0.168947
0.170265
0.0636266
0.402771
0.276989
0.066231
0.287104
0.276834
0.570593
0.215937
0.200909
0.285279
0.0929749
0.108774
0.0838886
0.292328
0.294744
0.380312
0.380494
0.133409
0.487391
0.251417
0.282526
0.141785
0.662
0.0785711
0.390716
0.129487
0.279818
0.130974
0.190056
0.27916
0.118068
0.662
0.320111
0.00084207
0.164847
0.140162
0.32443
0.418182
0.537057
0.554331
0.152812
0.0998257
0.662
0.503801
0.115787
0.23869
0.298181
0.0377667
0.229003
0.391571
0.315943
0.00637353
0.38814
0.580083
0.168994
0.129171
0.117142
0.346953
0.38007
0.118839
0.0980231
0.275573
0.357751
0.434577
0.0858133
0.0994563
0.212431
0.315523
0.456394
0.346042
0.151094
0.0733853
0.0518701
0.0310045
0.0427812
0.662
0.662
0.21479
0.0588432
0.230949
0.430946
0.279911
0.110124
0.656333
0.312857
0.129275
0.581756
0.114085
0.140476
0.101503
0.385685
0.137365
0.250933
0.46911
0.111211
0.132983
0.4242
0.16465
0.0373872
0.335248
0.215313
0.155121
0.0807844
0.616697
0.105778
0.295376
0.228274
0.654706
0.104699
0.0698795
0.298481
0.621259
0.662
0.488412
0.662
0.0785629
0.090276
0.0967036
0.0720609
0.0268643
0.0909065
0.0788055
0.224826
0.394726
0.547805
0.202074
0.471211
0.102508
0.0494477
0.0736805
0.222518
0.433516
0.0835348
0.0394428
0.0556165
0.041403
0.662
0.0250618
0.0392165
0.181439
0.1104
0.182811
0.0914085
0.121696
0.0785298
0.131557
0.0629305
0.226978
0.0121541
0.233147
0.264994
0.0447885
0.662
0.312082
0.0399221
0.196163
0.121283
0.0851333
0.256213
0.560895
0.420575
0.0984501
0.0683281
0.662
0.662
0.184348
0.257247
0.349023
0.52147
0.294216
0.662
0.583403
0.160994
0.662
0.0883134
0.118769
0.662
0.0649785
0.542178
0.269068
0.248018
0.134976
0.0826049
0.0988612
0.387329
0.0964032
0.116544
0.129115
0.621416
0.137524
0.565874
0.662
0.277697
0.569507
0.329313
0.260387
0.123919
0.196866
0.0953364
0.158464
0.235754
0.211904
0.662
0.407307
0.207701
0.434981
0.0992227
0.546617
0.0808609
0.526416
0.26843
0.0551463
0.662
0.0770059
0.263397
0.233748
0.272193
0.0805212
0.260432
0.486758
0.0516604
0.243888
0.445778
0.659458
0.0849483
0.284862
0.472496
0.091799
0.158635
0.111496
0.0981137
0.137652
0.115891
0.272264
0.662
0.323915
0.460314
0.0588123
0.138558
0.662
0.140952
0.279412
0.0879557
0.0920759
0.0514488
0.0890957
0.070868
0.123276
0.324239
0.380105
0.423487
0.15206
0.0776035
0.0522666
0.0190261
0.662
0.417194
0.0952568
0.031725
0.662
0.15826
0.662
0.468584
0.188439
0.0581284
0.145318
0.0336605
0.114278
0.235708
0.662
0.186096
0.0734378
0.153506
0.324759
0.134776
0.234994
0.235147
0.662
0.0531097
0.153266
0.318808
0.662
0.0565353
0.0387372
0.212004
0.662
0.361038
0.109792
0.227247
0.0570345
0.400225
0.336331
0.0936725
0.21192
0.130861
0.0190305
0.388204
0.550288
0.126675
0.0801153
0.662
0.61542
0.203488
0.562445
0.149828
0.141018
0.385371
0.0582706
0.62915
0.00168437
0.265295
0.309467
0.662
0.333918
0.0513285
0.164277
0.100199
0.261364
0.0699424
0.342193
0.0911947
0.662
0.161836
0.662
0.499779
0.323967
0.603935
0.458899
0.0346136
0.338891
0.32407
0.228637
0.124766
0.0488579
0.662
0.0376259
0.247618
0.512973
0.464338
0.107092
0.116054
0.387876
0.662
0.232087
0.113132
0.359587
0.179733
0.266242
0.452075
0.1374
0.20249
0.438188
0.200284
0.660112
0.118446
0.107272
0.662
0.397313
0.050419
0.236827
0.662
0.617543
0.662
0.267633
0.264094
0.0647921
0.125963
0.185475
0.662
0.0375087
0.37894
0.135775
0.466601
0.0390904
0.163747
0.216985
0.0693291
0.290927
0.304118
0.320977
0.0737067
0.150043
0.467092
0.0673226
0.114665
0.293198
0.455792
0.179976
0.0785447
0.343704
0.376557
0.167301
0.662
0.167846
0.212162
0.122947
0.322706
0.230213
0.342715
0.0267726
0.662
0.0132599
0.365268
0.434433
0.05609
0.197981
0.662
0.0805365
0.260727
0.138969
0.0852287
0.0628508
0.662
0.458021
0.508641
0.294317
0.449576
0.445743
0.379797
0.115256
0.23358
0.662
0.643115
0.112454
0.544389
0.0704622
0.662
0.0959388
0.0466744
0.0734872
0.0975816
0.662
0.263388
0.152668
0.117698
0.324648
0.0516933
0.0481509
0.557957
0.249704
0.625935
0.13564
0.109947
0.266402
0.355405
0.376666
0.204224
0.12221
0.662
0.10628
0.416136
0.298767
0.274333
0.229439
0.0679596
0.662
0.0848206
0.0598433
0.204838
0.1018
0.537847
0.184827
0.412271
0.391945
0.091803
0.120797
0.00568381
0.388702
0.0912165
0.091564
0.343391
0.233858
0.662
0.163892
0.589472
0.250253
0.378821
0.0850432
0.662
0.662
0.0983301
0.198795
0.473784
0.360485
0.662
0.473893
0.2532
0.216384
0.291008
0.313615
0.14833
0.61186
0.0499173
0.662
0.0529819
0.174321
0.662
0.152247
0.21768
0.108384
0.521874
0.167327
0.0800272
0.266062
0.00870532
0.432974
0.0437251
0.2455
0.322808
0.662
0.0372097
0.463715
0.662
0.162915
0.551532
0.500015
0.32522
0.243317
0.0619945
0.246721
0.657452
0.156255
0.5327
0.662
0.259587
0.0793806
0.0869925
0.0391625
0.0519018
0.134082
0.241597
0.148155
0.458203
0.0638931
0.512757
0.0673759
0.013459
0.413893
0.297605
0.458531
0.450104
0.110212
0.662
0.470101
0.128426
0.227765
0.662
0.497809
0.0721238
0.233016
0.051224
0.0709603
0.662
0.0930955
0.419571
0.10917
0.0547068
0.130642
0.382364
0.662
0.403545
0.0843749
0.338768
0.256108
0.0606703
0.0772771
0.146158
0.206668
0.134912
0.0983641
0.424524
0.0643568
0.662
0.662
0.100904
0.662
0.0808037
0.520009
0.662
0.301207
0.0455841
0.13631
0.125204
0.110858
0.0471361
0.0807395
0.233996
0.399365
0.11297
0.16571
0.158545
0.0803674
0.515274
0.318015
0.662
0.119715
0.207897
0.0723695
0.397054
0.0369696
0.175828
0.129294
0.131538
0.111133
0.0672979
0.322787
0.662
0.526642
0.0448416
0.102422
0.480534
0.260515
0.662
0.126096
0.662
0.163932
0.206567
0.304745
0.38823
0.0404654
0.422795
0.0418022
0.0495374
0.0155274
0.662
0.1764
0.312615
0.662
0.114981
0.0640228
0.199287
0.344563
0.264334
0.0852493
0.176879
0.153669
0.531007
0.400706
0.194713
0.179739
0.222577
0.0503622
0.662
0.060736
0.124364
0.0873024
0.292763
0.160575
0.0538982
0.267023
0.347128
0.281659
0.191606
0.475802
0.657991
0.0741118
0.0976161
0.192648
0.517693
0.0253404
0.2457
0.617524
0.64228
0.245994
0.125191
0.150081
0.264175
0.472644
0.316426
0.227908
0.662
0.316486
0.110366
0.0101102
0.0212269
0.284632
0.467387
0.217514
0.398195
0.0534662
0.383458
0.247175
0.147918
0.309439
0.217108
0.331084
0.120252
0.0384426
0.140322
0.662
0.305726
0.624608
0.0693256
0.175489
0.113491
0.0317087
0.000798808
0.0864254
0.662
0.257468
0.0381435
0.228372
0.217778
0.113857
0.102042
0.662
0.232687
0.662
0.662
0.0900529
0.361298
0.662
0.357871
0.633805
0.0790695
0.662
0.119688
0.311763
0.0686357
0.0830113
0.660574
0.220787
0.0608049
0.300465
0.473116
0.662
0.185175
0.30167
0.0890725
0.662
0.297161
0.121946
0.0198697
0.165673
0.408133
0.15636
0.303036
0.397036
0.116026
0.662
0.336161
0.224639
0.0322693
0.0696986
0.0280922
0.0362219
0.106283
0.253648
0.15886
0.047685
0.0785855
0.159824
0.0588443
0.0564149
0.164067
0.14813
0.200996
0.392577
0.11112
0.137971
0.179168
0.620542
0.0671893
0.137119
0.662
0.127298
0.0717822
0.659059
0.619825
0.294832
0.374968
0.400256
0.492748
0.0220908
0.125247
0.0226522
0.180727
0.173525
0.391782
0.126718
0.16282
0.536824
0.223868
0.176106
0.209795
0.100483
0.139008
0.272241
0.076038
0.603295
0.18896
0.498031
0.054505
0.604078
0.174787
0.266445
0.196282
0.274025
0.0781213
0.415715
0.111686
0.083025
0.281084
0.440593
0.12291
0.140068
0.0746456
0.10223
0.457543
0.0978863
0.468391
0.172287
0.394397
0.20075
0.0939159
0.0596144
0.235202
0.0368175
0.662
0.286054
0.662
0.189373
0.662
0.439088
0.0668666
0.0607899
0.388621
0.272475
0.246552
0.0637935
0.618653
0.19519
0.276745
0.532986
0.206239
0.662
0.238291
0.0649639
0.0472381
0.662
0.561446
0.662
0.0825956
0.0787722
0.0755009
0.169026
0.662
0.484782
0.662
0.288366
0.249931
0.155371
0.0281363
0.276934
0.0757288
0.111787
0.244718
0.662
0.0552991
0.0606084
0.662
0.0270125
0.123814
0.149009
0.592794
0.0923197
0.397421
0.170703
0.128505
0.142764
0.155121
0.484712
0.0650141
0.169222
0.52176
0.15688
0.108874
0.155389
0.50841
0.653582
0.662
0.00222911
0.430299
0.149138
0.662
0.179301
0.255908
0.662
0.0637423
0.216693
0.10347
0.354461
0.662
0.662
0.475692
0.337458
0.559894
0.206111
0.406638
0.110068
0.0874114
0.416686
0.256748
0.089278
0.0924579
0.662
0.14699
0.181527
0.349478
0.662
0.146284
0.0869899
0.212053
0.167938
0.662
0.662
0.299092
0.166624
0.0441012
0.662
0.16719
0.325361
0.430702
0.0785791
0.218665
0.0709701
0.662
0.662
0.188899
0.662
0.352663
0.102275
0.437628
0.662
0.35184
0.662
0.104726
0.371776
0.212804
0.110938
0.145508
0.175067
0.182061
0.250926
0.0932613
0.662
0.276946
0.0971626
0.0898557
0.0518939
0.151432
0.486465
0.120738
0.158138
0.538316
0.0575471
0.27955
0.441101
0.153451
0.409913
0.0357674
0.142367
0.0132605
0.662
0.543751
0.129851
0.0248047
0.131137
0.557149
0.00547405
0.118527
0.142871
0.26744
0.116964
0.32504
0.190954
0.0669965
0.330659
0.0932183
0.326733
0.297205
0.424123
0.111995
0.591363
0.662
0.109592
0.329336
0.082628
0.300443
0.125619
0.247659
0.405121
0.0530094
0.079098
0.589793
0.143971
0.149527
0.11613
0.127272
0.209949
0.571099
0.117389
0.123991
0.135503
0.223571
0.0654087
0.0633263
0.233288
0.0898227
0.158826
0.164182
0.255957
0.140099
0.278582
0.662
0.146854
0.443961
0.227931
0.616177
0.280535
0.185471
0.572542
0.403329
0.153454
0.662
0.662
0.0361687
0.0838549
0.198078
0.104772
0.236447
0.321152
0.662
0.125056
0.14674
0.0783271
0.158079
0.440588
0.662
0.0789037
0.117092
0.138296
0.399582
0.386784
0.228055
0.293974
0.662
0.662
0.662
0.61949
0.262325
0.0306787
0.357262
0.662
0.149148
0.181365
0.0235455
0.171521
0.360182
0.100995
0.197819
0.156554
0.0718864
0.651729
0.367216
0.295187
0.287228
0.356609
0.280517
0.105689
0.638661
0.461005
0.467914
0.212761
0.177813
0.568693
0.662
0.104593
0.261068
0.291462
0.159742
0.0820759
0.591505
0.0603298
0.11852
0.114965
0.0948101
0.163264
0.142875
0.187397
0.150971
0.509864
0.51705
0.135192
0.520081
0.235319
0.146371
0.299737
0.121832
0.340481
0.152462
0.662
0.0459382
0.176693
0.112689
0.0769728
0.102955
0.142229
0.168349
0.0656567
0.384839
0.0342256
0.228402
0.269549
0.662
0.483553
0.662
0.358546
0.0614795
0.245353
0.391923
0.030567
0.294957
0.0778891
0.164876
0.123984
0.275081
0.484429
0.300804
0.662
0.391982
0.124912
0.519171
0.213093
0.102953
0.243967
0.305328
0.662
0.527502
0.237012
0.142262
0.214592
0.662
0.227344
0.662
0.593658
0.0661954
0.163093
0.0509763
0.264214
0.383571
0.594255
0.0416009
0.0862
0.10471
0.254517
0.125479
0.103461
0.219164
0.117852
0.197663
0.157773
0.113466
0.0497588
0.107129
0.662
0.100021
0.635978
0.406128
0.0116642
0.371729
0.250837
0.127304
0.136119
0.304495
0.0475921
0.139151
0.0772382
0.0853102
0.228774
0.210867
0.368359
0.184066
0.467945
0.112073
0.158194
0.00810011
0.474653
0.078225
0.57723
0.662
0.0613998
0.317478
0.241307
0.434923
0.111955
0.662
0.172388
0.120228
0.0691034
0.346421
0.18932
0.202364
0.061871
0.398571
0.396977
0.187785
0.217099
0.662
0.125232
0.315956
0.132688
0.0313778
0.235916
0.0774807
0.429196
0.059348
0.177349
0.662
0.0211082
0.0701716
0.40136
0.231217
0.125117
0.662
0.662
0.263515
0.101083
0.477082
0.163771
0.28072
0.417557
0.145466
0.0865641
0.0638498
0.215639
0.580559
0.240624
0.280056
0.209091
0.662
0.411472
0.398607
0.0519204
0.659723
0.0406511
0.292016
0.242195
0.518495
0.1521
0.128552
0.0363645
0.0596862
0.196737
0.160014
0.262042
0.659483
0.316094
0.521412
0.104481
0.23086
0.662
0.0786721
0.129729
0.0471944
0.240339
0.0188954
0.260916
0.0736172
0.382433
0.624449
0.125215
0.361847
0.0362103
0.462141
0.662
0.30928
0.187022
0.166537
0.151433
0.390478
0.341914
0.0584041
0.168753
0.109891
0.133679
0.415426
0.187814
0.190524
0.0501974
0.0671003
0.0701694
0.100299
0.0952415
0.411112
0.662
0.336008
0.116865
0.113287
0.379357
0.124297
0.219223
0.0853626
0.394333
0.053926
0.219305
0.246547
0.159863
0.140874
0.108146
0.132312
0.105316
0.1351
0.418388
0.547904
0.27761
0.133655
0.617755
0.0896007
0.662
0.660584
0.146528
0.0768212
0.525087
0.662
0.296736
0.373789
0.00931584
0.116524
0.0715496
0.470111
0.662
0.521221
0.662
0.305873
0.057658
0.361338
0.0826372
0.309092
0.387752
0.341292
0.271956
0.0996067
0.0755484
0.316741
0.378577
0.233784
0.179624
0.503699
0.0185837
0.101967
0.0758816
0.497842
0.103121
0.171386
0.0866819
0.134711
0.134275
0.0108964
0.219384
0.186355
0.559511
0.251389
0.65848
0.17692
0.211428
0.662
0.662
0.130213
0.0354032
0.368187
0.0903008
0.318589
0.137443
0.167026
0.352118
0.126527
0.112013
0.10743
0.219736
0.544986
0.141962
0.192445
0.175173
0.15353
0.483733
0.0511718
0.662
0.110896
0.33011
0.662
0.201278
0.0994397
0.662
0.34845
0.0591687
0.166087
0.102361
0.662
0.461203
0.0607177
0.0518466
0.302637
0.0746503
0.031689
0.180374
0.433739
0.647109
0.117583
0.0303555
0.13791
0.662
0.0362094
0.370344
0.492391
0.259848
0.0278544
0.231528
0.528378
0.109775
0.426696
0.293093
0.359744
0.474986
0.151165
0.200807
0.268813
0.599422
0.429714
0.130671
0.378194
0.365713
0.164522
0.374064
0.233955
0.662
0.0740161
0.244675
0.252391
0.15319
0.239549
0.550968
0.238229
0.566308
0.075062
0.184583
0.427868
0.166275
0.318011
0.113182
0.0368975
0.179614
0.448722
0.224522
0.662
0.262726
0.112019
0.264366
0.377837
0.322481
0.102866
0.0999689
0.288792
0.161424
0.53634
0.286593
0.309603
0.240371
0.662
0.264478
0.308889
0.290352
0.179501
0.0664161
0.0517055
0.196413
0.274005
0.169775
0.00277621
0.662
0.183844
0.323796
0.130601
0.608868
0.445933
0.45304
0.176909
0.108598
0.485131
0.0132798
0.0689354
0.662
0.449231
0.187342
0.0460205
0.658659
0.599546
0.186299
0.0784039
0.0417954
0.662
0.0381783
0.0552181
0.509361
0.060374
0.398601
0.27652
0.148173
0.662
0.17539
0.41391
0.319702
0.100481
0.148609
0.249289
0.22562
0.461825
0.142795
0.107392
0.434949
0.508139
0.661558
0.145163
0.185708
0.304977
0.662
0.607515
0.437454
0.0105642
0.662
0.0696472
0.356351
0.514628
0.158001
0.324373
0.0848304
0.0906258
0.414068
0.0605387
0.0606204
0.662
0.334964
0.460207
0.117211
0.167158
0.0416029
0.475515
0.367495
0.200209
0.264423
0.196965
0.213169
0.662
0.021901
0.0747979
0.380537
0.172647
0.217393
0.662
0.425196
0.0652084
0.452484
0.662
0.642385
0.207919
0.270833
0.662
0.147293
0.248119
0.662
0.23839
0.125902
0.377074
0.181986
0.264003
0.346626
0.230524
0.138515
0.409621
0.224797
0.662
0.11682
0.662
0.0892008
0.321364
0.0819962
0.1873
0.315615
0.117519
0.550314
0.230651
0.160292
0.470083
0.035759
0.302963
0.147375
0.1809
0.226603
0.151167
0.16107
0.326491
0.338136
0.351009
0.0914879
0.0312553
0.24976
0.193
0.451481
0.662
0.0157807
0.190748
0.345819
0.276115
0.417433
0.327694
0.323505
0.308876
0.071692
0.491548
0.409184
0.125324
0.339458
0.279436
0.662
0.0931128
0.0398112
0.662
0.662
0.453277
0.294145
0.161521
0.0120025
0.118365
0.555201
0.0909283
0.11947
0.265784
0.0106382
0.415859
0.536974
0.101971
0.20451
0.101933
0.158054
0.662
0.182553
0.274208
0.662
0.0516309
0.126653
0.662
0.0636809
0.0746876
0.249806
0.140641
0.171684
0.113561
0.353614
0.055906
0.0896249
0.0600752
0.163088
0.147396
0.25348
0.428226
0.0552184
0.465543
0.172052
0.151048
0.0825434
0.080518
0.320262
0.263518
0.20865
0.111226
0.109244
0.662
0.494344
0.304699
0.124997
0.104204
0.132574
0.240067
0.470548
0.0444399
0.145449
0.0600821
0.335493
0.604852
0.47615
0.662
0.073657
0.662
0.083632
0.0469817
0.0872101
0.293204
0.223902
0.0430584
0.662
0.570574
0.182622
0.281042
0.291037
0.170002
0.459069
0.662
0.0989808
0.058454
0.0672709
0.282562
0.221419
0.0820826
0.116589
0.282032
0.178657
0.0999741
0.662
0.278571
0.662
0.227332
0.147502
0.084178
0.662
0.0775087
0.0666663
0.390884
0.548066
0.120367
0.662
0.245701
0.368432
0.109119
0.239666
0.0927918
0.434107
0.450942
0.0725597
0.113193
0.464032
0.106413
0.59036
0.424135
0.0529324
0.0619243
0.120042
0.595354
0.662
0.0653567
0.109476
0.209363
0.369697
0.429582
0.662
0.15279
0.0927158
0.464573
0.149535
0.662
0.0604729
0.280907
0.186094
0.0746006
0.281196
0.069522
0.0527941
0.217906
0.482456
0.662
0.550529
0.0584692
0.209135
0.0956808
0.339591
0.103935
0.105533
0.0190588
0.158645
0.125503
0.146484
0.115274
0.104872
0.193658
0.272174
0.0904651
0.250156
0.502971
0.267995
0.163656
0.29039
0.0999515
0.405793
0.318088
0.112608
0.172019
0.0931767
0.332815
0.0706086
0.312153
0.4616
0.307024
0.197571
0.102991
0.134182
0.662
0.366973
0.152105
0.187471
0.0994326
0.241826
0.255265
0.269501
0.221828
0.0935727
0.419888
0.183919
0.12221
0.208479
0.123239
0.303077
0.662
0.0852942
0.150027
0.18915
0.274065
0.0480266
0.662
0.402242
0.143745
0.113231
0.150756
0.24127
0.613724
0.25459
0.39253
0.0410494
0.662
0.0731972
0.128004
3.6612e-05
0.397204
0.0783446
0.200565
0.415982
0.147641
0.14185
0.337259
0.0911675
0.0755932
0.500336
0.095303
0.220953
0.662
0.195601
0.626892
0.437499
0.0609353
0.604756
0.179535
0.147661
0.0801797
0.15184
0.662
0.416148
0.421763
0.0876632
0.0278051
0.219899
0.560482
0.189062
0.359103
0.0837193
0.110338
0.237624
0.201949
0.105017
0.0350462
0.0720056
0.351002
0.662
0.176757
0.459981
0.116823
0.15706
0.54079
0.109748
0.280271
0.105971
0.32055
0.641236
0.272441
0.113296
0.0898199
0.662
0.415741
0.0330945
0.15937
0.662
0.198575
0.076274
0.0915916
0.123736
0.0846294
0.100666
0.0513029
0.662
0.103881
0.205938
0.185566
0.0170761
0.059026
0.0747695
0.440404
0.43361
0.0371827
0.258533
0.452388
0.662
0.101935
0.621594
0.662
0.201758
0.192236
0.213593
0.118719
0.662
0.0723913
0.255085
0.146735
0.343625
0.398567
0.32231
0.0992424
0.26924
0.0156281
0.0380397
0.0665709
0.0440414
0.143028
0.365871
0.159647
0.330177
0.216482
0.0670478
0.662
0.379593
0.079594
0.662
0.167788
0.662
0.10697
0.140054
0.662
0.166341
0.152903
0.102365
0.315954
0.0538045
0.132509
0.266234
0.188139
0.229545
0.389712
0.275361
0.19219
0.170332
0.0478732
0.662
0.316451
0.345886
0.380084
0.347293
0.194295
0.195018
0.47976
0.303725
0.121769
0.244423
0.31367
0.0610512
0.0937626
0.475263
0.53945
0.190131
0.0659618
0.206832
0.360965
0.118967
0.302419
0.153293
0.662
0.242778
0.318762
0.662
0.352978
0.114259
0.180362
0.100068
0.124589
0.156333
0.110009
0.123537
0.129104
0.389179
0.662
0.662
0.205919
0.0182265
0.191782
0.0800379
0.0514744
0.662
0.107756
0.662
0.373708
0.160187
0.136568
0.106784
0.0802461
0.662
0.112326
0.662
0.416312
0.320318
0.188474
0.100016
0.52469
0.0935601
0.572576
0.152541
0.511571
0.541127
0.441471
0.0799642
0.271773
0.16374
0.449674
0.0846169
0.0435745
0.064906
0.0335779
0.109907
0.50621
0.0785062
0.09079
0.230606
0.110769
0.195909
0.662
0.662
0.1563
0.164542
0.372201
0.17987
0.251331
0.208949
0.641503
0.185011
0.468777
0.662
0.187142
0.269706
0.126435
0.269867
0.0648657
0.0791238
0.445594
0.485613
0.294837
0.662
0.434627
0.0821239
0.389584
0.0652087
0.024459
0.252648
0.252216
0.198439
0.321166
0.269521
0.303867
0.433956
0.373225
0.0605683
0.116841
0.662
0.298528
0.158213
0.377217
0.283482
0.662
0.488591
0.189133
0.0865479
0.470684
0.0713509
0.117234
0.241553
0.374433
0.184853
0.0529636
0.272606
0.239775
0.662
0.347019
0.662
0.0692145
0.0506538
0.0756405
0.514958
0.108147
0.0419548
0.0975927
0.0770445
0.0555143
0.437025
0.163454
0.0857268
0.0970368
0.271233
0.174008
0.0594952
0.276257
0.0835188
0.581716
0.07663
0.256376
0.3397
0.279505
0.236085
0.278138
0.129101
0.593001
0.36493
0.121593
0.662
0.115789
0.494132
0.529466
0.0967318
0.088814
0.0816062
0.0236313
0.233169
0.536018
0.183599
0.0707209
0.0882165
0.141651
0.179644
0.298115
0.0633909
0.662
0.228276
0.662
0.105499
0.60872
0.106508
0.183653
0.0905776
0.456382
0.0651133
0.619958
0.164508
0.0662776
0.0438024
0.0879128
0.580155
0.587965
0.662
0.317842
0.387579
0.0646316
0.074406
0.432052
0.365471
0.662
0.0641696
0.242919
0.155956
0.394649
0.0580692
0.221853
0.662
0.120531
0.17547
0.370165
0.379015
0.132597
0.107392
0.152
0.126289
0.37516
0.662
0.0767553
0.662
0.0729272
0.379819
0.54794
0.00460611
0.555751
0.662
0.297903
0.0815139
0.637899
0.0990541
0.114487
0.175461
0.141064
0.109054
0.662
0.275853
0.0662068
0.185143
0.351367
0.110297
0.273505
0.0644149
0.0963525
0.232758
0.590645
0.623516
0.0490565
0.421539
0.0888397
0.0509885
0.116038
0.662
0.0799747
0.0917962
0.0889445
0.25249
0.343422
0.340759
0.177778
0.396237
0.570379
0.0966085
0.662
0.576497
0.100199
0.334569
0.0561941
0.164241
0.180488
0.601186
0.0897483
0.276042
0.408969
0.0851674
0.649297
0.0197664
0.367675
0.662
0.0704521
0.375259
0.118762
0.476611
0.18981
0.130376
0.662
0.200036
0.403374
0.203457
0.0937408
0.184344
0.662
0.200973
0.552344
0.323194
0.600635
0.252902
0.203746
0.347179
0.068055
0.0633648
0.0600116
0.139225
0.363521
0.223974
0.0228752
0.155861
0.0266541
0.662
0.12423
0.470772
0.317563
0.0644098
0.0296717
0.443496
0.274677
0.662
0.0118178
0.402456
0.144853
0.40842
0.132019
0.0993638
0.456477
0.560913
0.662
0.0455525
0.297466
0.0726174
0.530662
0.125975
0.393175
0.118862
0.287104
0.623082
0.0830123
0.400337
0.613478
0.185545
0.662
0.47672
0.491516
0.219444
0.39092
0.0598221
0.662
0.248017
0.114185
0.136293
0.369924
0.0251274
0.424925
0.372075
0.185915
0.0531436
0.221976
0.396711
0.218964
0.241897
0.136527
0.368032
0.332318
0.0999519
0.297307
0.167262
0.178982
0.146791
0.421942
0.386498
0.0188246
0.662
0.216356
0.114128
0.124781
0.231633
0.120355
0.103237
0.10917
0.502248
0.274605
0.420964
0.662
0.119893
0.107078
0.171978
0.662
0.417151
0.389969
0.0512754
0.147981
0.149352
0.0435613
0.12393
0.155782
0.174554
0.0570538
0.0710269
0.662
0.205146
0.318285
0.662
0.206742
0.0787186
0.0636187
0.149051
0.662
0.421495
0.112815
0.391019
0.0447892
0.29343
0.228558
0.662
0.0690518
0.31194
0.261116
0.143412
0.229635
0.384521
0.662
0.453277
0.151176
0.100257
0.314807
0.148475
0.0646969
0.0273731
0.144846
0.470283
0.542523
0.407914
0.0433853
0.134208
0.662
0.402402
0.186437
