0.200671
0.196218
0.217927
0.0944351
0.29533
0.214938
0.662
0.171027
0.662
0.662
0.662
0.505894
0.662
0.662
0.562051
0.630432
0.433454
0.194817
0.139701
0.662
0.0559555
0.141809
0.399409
0.520028
0.662
0.662
0.320042
0.0668057
0.177836
0.168367
0.151642
0.355428
0.279382
0.662
0.122502
0.146992
0.662
0.662
0.135575
0.662
0.116185
0.0647303
0.338918
0.118878
0.421665
0.274234
0.475853
0.245396
0.279378
0.647694
0.161977
0.190884
0.18708
0.172872
0.210747
0.662
0.662
0.662
0.193693
0.0136652
0.662
0.318552
0.281782
0.391174
0.535886
0.442317
0.224173
0.662
0.662
0.0295286
0.350777
0.4027
0.126449
0.126136
0.302663
0.24105
0.662
0.211876
0.286382
0.662
0.300217
0.00752006
0.106084
0.662
0.187184
0.662
0.0303373
0.0255202
0.194082
0.412628
0.662
0.172659
0.206947
0.0883147
0.383017
0.0316952
0.100661
0.171231
0.662
0.160078
0.322082
0.0965602
0.250947
0.0847892
0.206206
0.0860935
0.153989
0.355382
0.615873
0.305192
0.393661
0.355483
0.662
0.584555
0.662
0.292794
0.508077
0.133278
0.662
0.55944
0.0844037
0.416249
0.00444857
0.662
0.179002
0.0380583
0.254798
0.0898034
0.420879
0.283113
0.162242
0.30824
0.662
0.662
0.541202
0.217438
0.214583
0.160818
0.0129673
0.0549548
0.662
0.662
0.662
0.197995
0.141897
0.55259
0.497119
0.0813307
0.402205
0.662
0.0976435
0.662
0.662
0.662
0.662
0.0931587
0.113607
0.303791
0.100173
0.662
0.229357
0.647884
0.0129947
0.272211
0.0498791
0.258804
0.16204
0.296043
0.000563604
0.165057
0.41106
0.147873
0.36073
0.0970884
0.662
0.394751
0.662
0.474146
0.482833
0.219929
0.102754
0.122905
0.0780144
0.662
0.290757
0.16382
0.469358
0.203886
0.142386
0.277404
0.662
0.33866
0.22377
0.662
0.426588
0.158353
0.662
0.145673
0.235296
0.225153
0.120387
0.662
0.17451
0.0864062
0.43996
0.0885172
0.287149
0.384312
0.110094
0.662
0.217201
0.0968035
0.340086
0.211814
0.200114
0.0923158
0.112442
0.0765449
0.00275547
0.239182
0.662
0.101896
0.38723
0.123577
0.273307
0.143617
0.662
0.0747517
0.658553
0.129688
0.374532
0.662
0.36849
0.662
0.442966
0.662
0.662
0.00993952
0.662
0.492367
0.121239
0.121524
0.15543
0.260674
0.662
0.413461
0.317289
0.662
0.662
0.0435671
0.342689
0.283367
0.662
0.274099
0.662
0.662
0.353425
0.662
0.168242
0.16361
0.662
0.259329
0.373125
0.478829
0.0539613
0.210119
0.17156
0.130827
0.662
0.662
0.171046
0.21639
0.662
0.662
0.244846
0.107398
0.404596
0.662
0.0224528
0.226951
0.0309562
0.0726503
0.183188
0.662
0.662
0.343509
0.313784
0.384464
0.36591
0.277513
0.483889
0.41902
0.662
0.483597
0.293029
0.114886
0.209568
0.619485
0.292741
0.250429
0.217038
0.0685341
0.662
0.24074
0.662
0.662
0.393615
0.662
0.217931
0.0816018
0.24379
0.179256
0.662
0.255588
0.380289
0.617358
0.119821
0.662
0.36929
0.123408
0.114031
0.647191
0.20967
0.662
0.121169
0.662
0.175472
0.570039
0.356925
0.278945
0.264699
0.175091
0.0625445
0.332598
0.193757
0.641607
0.66119
0.404073
0.00690316
0.191483
0.3939
0.558067
0.602366
0.234103
0.0849502
0.410352
0.427576
0.237557
0.150213
0.359907
0.528071
0.0997344
0.0371162
0.322902
0.0953963
0.177332
0.157406
0.662
0.0980635
0.662
0.346807
0.662
0.218973
0.62355
0.238018
0.342182
0.653315
0.188589
0.382202
0.435165
0.190889
0.662
0.662
0.192906
0.139401
0.198181
0.662
0.190181
0.394621
0.465249
0.662
0.662
0.0840122
0.144778
0.260794
0.662
0.315721
0.540499
0.144905
0.650605
0.662
0.0613636
0.197354
0.194579
0.662
0.455865
0.290549
0.148638
0.662
0.466484
0.662
0.405219
0.662
0.185931
0.572762
0.0769647
0.662
0.658153
0.215083
0.662
0.245126
0.365824
0.662
0.425852
0.16407
0.225716
0.0783091
0.457034
0.045277
0.662
0.470691
0.0688667
0.344995
0.297313
0.662
0.547311
0.662
0.0842105
0.287993
0.390302
0.420721
0.213686
0.228725
0.307046
0.0849187
0.0310352
0.103366
0.303059
0.547909
0.378818
0.224609
0.447056
0.662
0.662
0.662
0.0402678
0.228048
0.662
0.277881
0.16492
0.662
0.0736325
0.662
0.294515
0.52152
0.151164
0.273818
0.238997
0.217901
0.662
0.446803
0.0175678
0.145667
0.662
0.662
0.267356
0.325896
0.662
0.303139
0.0884977
0.290524
0.662
0.59517
0.104433
0.0768264
0.662
0.0387361
0.662
0.224683
0.496048
0.0343856
0.225968
0.0927917
0.320888
0.597466
0.211599
0.662
0.662
0.416747
0.0798
0.498002
0.662
0.385323
0.154746
0.113539
0.357372
0.11394
0.083681
0.662
0.123171
0.297829
0.662
0.662
0.658831
0.10418
0.0409294
0.277882
0.662
0.244284
0.286934
0.0729233
0.662
0.542784
0.662
0.131172
0.279946
0.421988
0.146268
0.497788
0.184457
0.03312
0.452366
0.662
0.00803913
0.662
0.183456
0.144721
0.373399
0.25461
0.111919
0.637523
0.202152
0.662
0.207287
0.590162
0.216539
0.662
0.363334
0.351381
0.662
0.344528
0.662
0.600918
0.662
0.662
0.319168
0.0393397
0.0582765
0.662
0.172605
0.352734
0.662
0.662
0.435364
0.350627
0.662
0.231269
0.116621
0.662
0.0408539
0.432747
0.662
0.0375779
0.219274
0.0331124
0.465484
0.0738485
0.662
0.662
0.532027
0.662
0.579123
0.247772
0.662
0.662
0.662
0.189702
0.191138
0.662
0.409098
0.0808545
0.662
0.662
0.119268
0.662
0.662
0.662
0.154773
0.146289
0.430243
0.662
0.192867
0.223684
0.246884
0.220883
0.662
0.662
0.207566
0.212481
0.137226
0.662
0.248267
0.437988
0.422438
0.163022
0.178602
0.478027
0.0551489
0.144542
0.662
0.662
0.168265
0.31737
0.292045
0.054753
0.662
0.241603
0.270192
0.207847
0.267085
0.662
0.662
0.182574
0.241967
0.662
0.442964
0.11245
0.662
0.15644
0.662
0.320039
0.464102
0.567361
0.224789
0.446704
0.328359
0.662
0.120019
0.662
0.662
0.0221457
0.330192
0.20897
0.0894977
0.51299
0.294367
0.662
0.277286
0.302593
0.131778
0.212363
0.662
0.473426
0.662
0.304607
0.338698
0.122299
0.0146736
0.662
0.566847
0.662
0.526975
0.662
0.414431
0.662
0.467007
0.105051
0.208781
0.216751
0.231223
0.194129
0.662
0.662
0.212581
0.662
0.442974
0.454551
0.0647565
0.359728
0.312862
0.222196
0.662
0.662
0.65016
0.430722
0.095456
0.168149
0.624587
0.127357
0.662
0.0188218
0.662
0.29852
0.0865375
0.17383
0.173057
0.662
0.319519
0.337054
0.0821152
0.453865
0.662
0.363466
0.000674167
0.35484
0.0698838
0.179489
0.662
0.518545
0.175561
0.198946
0.662
0.472231
0.0748005
0.258116
0.246609
0.662
0.16428
0.441668
0.393775
0.22047
0.362178
0.296233
0.224622
0.27229
0.220778
0.256824
0.112034
0.358337
0.51272
0.486245
0.662
0.230906
0.0439774
0.662
0.239598
0.0258663
0.294366
0.662
0.106727
0.13409
0.621508
0.662
0.263915
0.200673
0.161736
0.662
0.21405
0.377967
0.662
0.321281
0.662
0.11778
0.132631
0.0360577
0.662
0.200155
0.235625
0.176428
0.0598358
0.30139
0.662
0.120443
0.662
0.662
0.396198
0.662
0.164151
0.00861642
0.22266
0.46131
0.0795282
0.662
0.662
0.317935
0.131683
0.235783
0.662
0.0624832
0.0487449
0.662
0.662
0.662
0.0789933
0.662
0.0327243
0.255591
0.380766
0.207647
0.498196
0.537594
0.223192
0.399423
0.43729
0.648312
0.159465
0.242702
0.10354
0.444847
0.0322459
0.0801017
0.185337
0.662
0.136411
0.662
0.0710388
0.662
0.421846
0.142333
0.503365
0.662
0.0128112
0.0627737
0.365396
0.27279
0.0304484
0.112751
0.538764
0.469546
0.662
0.287837
0.662
0.212335
0.271498
0.227072
0.225506
0.418755
0.455018
0.477162
0.172296
0.560981
0.406321
0.662
0.315915
0.631638
0.256808
0.0523058
0.238032
0.472189
0.662
0.0456328
0.113419
0.408334
0.379778
0.0685362
0.196959
0.392232
0.194377
0.662
0.225786
0.366259
0.662
0.00193984
0.271211
0.237817
0.213366
0.342801
0.662
0.0315572
0.295241
0.662
0.233872
0.243663
0.118952
0.0170368
0.253729
0.0528591
0.0310253
0.324928
0.662
0.139446
0.181636
0.384864
0.494727
0.191677
0.01298
0.067017
0.0175992
0.160371
0.502562
0.272153
0.662
0.188382
0.19517
0.196823
0.161131
0.317592
0.196279
0.243543
0.657424
0.662
0.0342348
0.662
0.551626
0.198052
0.0547557
0.118486
0.216741
0.146109
0.0724855
0.662
0.662
0.0697779
0.117142
0.471232
0.662
0.472862
0.173718
0.0819042
0.662
0.127609
0.158281
0.100928
0.175672
0.405116
0.584499
0.05686
0.662
0.366692
0.662
0.0717428
0.378706
0.662
0.141834
0.121017
0.0357077
0.250781
0.11668
0.219687
0.140331
0.274723
0.623165
0.188641
0.662
0.237893
0.346441
0.662
0.197419
0.217215
0.530384
0.296622
0.662
0.662
0.143372
0.0951718
0.115674
0.110157
0.208419
0.0548422
0.662
0.349626
0.449851
0.121784
0.153889
0.395743
0.662
0.0912234
0.662
0.300951
0.662
0.0774486
0.201675
0.148914
0.662
0.662
0.374569
0.180434
0.171362
0.189185
0.112481
0.283337
0.046267
0.486013
0.309846
0.662
0.326987
0.0623819
0.662
0.662
0.449782
0.662
0.662
0.462878
0.662
0.138472
0.0409032
0.662
0.417778
0.139022
0.202325
0.434327
0.0267697
0.141209
0.082439
0.117157
0.662
0.543027
0.170123
0.662
0.368141
0.266071
0.115127
0.0885731
0.251002
0.662
0.662
0.276661
0.662
0.662
0.165179
0.117218
0.554829
0.217129
0.142315
0.283838
0.250629
0.662
0.32153
0.187722
0.662
0.290905
0.662
0.662
0.662
0.662
0.368193
0.107378
0.196789
0.382349
0.0259224
0.139309
0.130506
0.148268
0.0741219
0.662
0.662
0.251664
0.45524
0.0949626
0.662
0.17516
0.662
0.153037
0.0495565
0.117452
0.19759
0.0683421
0.153207
0.311678
0.108957
0.351689
0.15817
0.123314
0.251647
0.264231
0.156075
0.38251
0.161078
0.239687
0.382333
0.662
0.117082
0.3675
0.404792
0.0610292
0.0285403
0.149541
0.662
0.15801
0.0680813
0.0976393
0.644238
0.662
0.0546686
0.285306
0.142253
0.132312
0.318102
0.0350227
0.169885
0.184497
0.662
0.183743
0.0892179
0.404191
0.298405
0.113539
0.662
0.180681
0.139944
0.251436
0.431388
0.403149
0.293114
0.178611
0.395711
0.0495141
0.662
0.0231017
0.0836961
0.0812431
0.580933
0.662
0.0931393
0.450355
0.351143
0.245449
0.222988
0.288434
0.639759
0.0639775
0.545762
0.117183
0.662
0.28739
0.303418
0.391117
0.207856
0.662
0.19188
0.00677034
0.0819888
0.662
0.247698
0.662
0.21153
0.328479
0.662
0.350056
0.100098
0.177031
0.163378
0.185594
0.064843
0.307493
0.278003
0.218803
0.662
0.127346
0.155353
0.662
0.195328
0.237039
0.244677
0.142635
0.422466
0.662
0.474861
0.342033
0.480021
0.316981
0.0155925
0.662
0.662
0.448034
0.286526
0.662
0.257017
0.662
0.516932
0.28543
0.290972
0.279984
0.662
0.00827779
0.188325
0.234139
0.446177
0.589229
0.662
0.000837583
0.242903
0.368247
0.248653
0.0461821
0.662
0.0729732
0.201474
0.662
0.613671
0.0491726
0.293476
0.223737
0.232062
0.161655
0.662
0.26051
0.134557
0.662
0.0297513
0.662
0.662
0.26552
0.662
0.0580809
0.204083
0.147937
0.0154128
0.461036
0.662
0.102707
0.411933
0.344532
0.109559
0.0644978
0.176593
0.439896
0.247318
0.662
0.437358
0.452093
0.465741
0.139034
0.104439
0.395663
0.221676
0.0199487
0.660929
0.296679
0.118988
0.662
0.662
0.170189
0.305307
0.284286
0.45022
0.662
0.662
0.0941936
0.588019
0.338953
0.662
0.168163
0.237543
0.0447386
0.662
0.662
0.0994949
0.157438
0.304633
0.662
0.662
0.344422
0.585918
0.137538
0.662
0.662
0.0916494
0.662
0.662
0.525974
0.662
0.371017
0.662
0.662
0.11153
0.662
0.294061
0.163198
0.662
0.662
0.0702992
0.550288
0.210071
0.113402
0.29914
0.461595
0.662
0.115101
0.0823795
0.100956
0.0628468
0.0259069
0.439291
0.171387
0.602967
0.262855
0.123487
0.662
0.319622
0.662
0.0490591
0.199359
0.392056
0.662
0.0748706
0.0962696
0.644998
0.662
0.19739
0.662
0.102348
0.00332097
0.204336
0.108306
0.0864857
0.182486
0.00869989
0.323344
0.0170202
0.662
0.431424
0.590865
0.0633567
0.0346286
0.11115
0.622527
0.167352
0.149596
0.164137
0.662
0.087554
0.662
0.307146
0.0768787
0.0783675
0.456589
0.662
0.12954
0.662
0.2705
0.662
0.158734
0.662
0.662
0.151363
0.107408
0.063754
0.290845
0.303848
0.252952
0.0138734
0.0418016
0.0467345
0.662
0.0841538
0.194252
0.0426463
0.11466
0.662
0.27848
0.204217
0.662
0.20266
0.662
0.662
0.437858
0.336066
0.211704
0.662
0.143096
0.272638
0.218769
0.0360693
0.131754
0.13211
0.662
0.104857
0.18854
0.662
0.12256
0.259327
0.662
0.662
0.00461621
0.437597
0.0833789
0.216544
0.662
0.263345
0.662
0.0769919
0.662
0.662
0.10215
0.186402
0.662
0.266913
0.245697
0.24363
0.179765
0.662
0.586347
0.420582
0.266216
0.310443
0.147606
0.662
0.662
0.300671
0.315098
0.48843
0.358362
0.662
0.209712
0.658879
0.501623
0.095998
0.662
0.140704
0.662
0.132464
0.412926
0.214855
0.235068
0.272313
0.662
0.1113
0.662
0.662
0.140168
0.299072
0.662
0.411089
0.0998827
0.0963236
0.402709
0.393132
0.0763468
0.334543
0.662
0.0860945
0.0106862
0.662
0.632612
0.138915
0.00377947
0.47171
0.513238
0.244476
0.190808
0.262531
0.261776
0.662
0.0368265
0.442168
0.662
0.141154
0.662
0.0718752
0.662
0.268135
0.299474
0.662
0.662
0.662
0.341869
0.131847
0.662
0.662
0.299463
0.662
0.404879
0.593477
0.100141
0.26403
0.210449
0.662
0.308775
0.302045
0.662
0.00378645
0.662
0.662
0.662
0.38476
0.662
0.291701
0.188893
0.0886854
0.306953
0.536388
0.662
0.662
0.328157
0.662
0.329614
0.662
0.238973
0.491895
0.627026
0.662
0.596137
0.124256
0.221882
0.662
0.662
0.0505618
0.117446
0.662
0.195427
0.268736
0.351511
0.633391
0.662
0.0183484
0.134167
0.175724
0.338835
0.218872
0.0814591
0.392957
0.662
0.662
0.662
0.662
0.662
0.0348884
0.223993
0.456715
0.122559
0.0848103
0.662
0.662
0.109917
0.662
0.188762
0.0487519
0.124076
0.428066
0.360331
0.244374
0.662
0.662
0.0337458
0.56614
0.429712
0.662
0.115949
0.662
0.662
0.286621
0.202602
0.662
0.00344755
0.225432
0.410346
0.662
0.536476
0.662
0.106765
0.0962222
0.379438
0.662
0.235137
0.21438
0.137485
0.323213
0.662
0.214834
0.51175
0.52551
0.183617
0.278565
0.2694
0.0517448
0.171224
0.0991413
0.608318
0.647431
0.662
0.0350714
0.00545974
0.351355
0.258005
0.0869533
0.281024
0.662
0.105252
0.478968
0.662
0.0748874
0.0455292
0.216773
0.662
0.434086
0.662
0.220444
0.096182
0.662
0.208348
0.170349
0.297156
0.662
0.477614
0.265263
0.0694903
0.34524
0.46206
0.0854572
0.267871
0.252163
0.170754
0.10537
0.200288
0.0219972
0.112101
0.231214
0.323772
0.0456588
0.152484
0.00801194
0.0207527
0.213659
0.662
0.662
0.662
0.0138228
0.326911
0.662
0.662
0.228006
0.347571
0.159183
0.327951
0.662
0.63331
0.565932
0.662
0.214869
0.592513
0.221068
0.662
0.0813223
0.140627
0.119687
0.125314
0.423251
0.37939
0.524105
0.192802
0.116683
0.275863
0.273754
0.207743
0.12193
0.072522
0.662
0.358786
0.149827
0.662
0.662
0.350704
0.129785
0.662
0.231725
0.324845
0.0582733
0.662
0.662
0.662
0.662
0.246996
0.662
0.175775
0.12447
0.359029
0.207177
0.662
0.32278
0.00055481
0.132109
0.54016
0.0839371
0.662
0.245669
0.496999
0.220637
0.465499
0.662
0.217723
0.207881
0.380854
0.167031
0.662
0.503259
0.146336
0.225965
0.358783
0.653176
0.100225
0.417565
0.511191
0.191904
0.422473
0.366129
0.22834
0.265511
0.662
0.662
0.662
0.662
0.0669548
0.662
0.0845306
0.662
0.00332981
0.513317
0.206973
0.436188
0.662
0.0716846
0.662
0.282819
0.199625
0.387528
0.662
0.382361
0.149447
0.113811
0.496578
0.432223
0.193797
0.118989
0.662
0.662
0.397428
0.509079
0.312859
0.0808247
0.0514515
0.265683
0.0651088
0.662
0.47009
0.662
0.0705786
0.662
0.104081
0.357481
0.0741971
0.326575
0.662
0.261449
0.444133
0.479599
0.277711
0.662
0.56459
0.662
0.125592
0.540029
0.037519
0.0892521
0.303311
0.192883
0.396677
0.173657
0.517064
0.662
0.662
0.662
0.328667
0.184859
0.208708
0.0381541
0.12112
0.263838
0.374966
0.139366
0.0358387
0.158566
0.0079853
0.662
0.395242
0.662
0.0927318
0.662
0.24659
0.14302
0.472719
0.604426
0.362681
0.115775
0.0903505
0.662
0.662
0.195589
0.407808
0.114137
0.219875
0.662
0.11007
0.0802539
0.662
0.0657609
0.366498
0.662
0.042842
0.657641
0.662
0.427584
0.662
0.662
0.662
0.662
0.28557
0.662
0.662
0.662
0.165427
0.11751
0.246391
0.108917
0.201675
0.222424
0.482364
0.662
0.102243
0.606758
0.265904
0.134258
0.0715376
0.166343
0.662
0.362363
0.0252863
0.403356
0.0803024
0.101683
0.662
0.407905
0.0904377
0.662
0.137863
0.662
0.662
0.225887
0.123626
0.662
0.153537
0.178082
0.162085
0.662
0.463347
0.662
0.662
0.172647
0.662
0.332254
0.370532
0.121467
0.0831857
0.0937717
0.445315
0.662
0.172059
0.115725
0.243695
0.662
0.162799
0.567775
0.32441
0.412405
0.425703
0.389867
0.258141
0.662
0.314001
0.0668674
0.662
0.19833
0.385505
0.0866025
0.536044
0.0642334
0.191737
0.662
0.020025
0.662
0.2663
0.118082
0.662
0.256335
0.228495
0.141798
0.101768
0.0389889
0.267982
0.0206753
0.662
0.20228
0.0185618
0.662
0.0191892
0.611655
0.65723
0.123005
0.662
0.146322
0.519993
0.0881563
0.0742445
0.109919
0.60074
0.11633
0.132193
0.194484
0.516005
0.333824
0.261098
0.170987
0.158814
0.13174
0.196753
0.662
0.662
0.130966
0.181695
0.127501
0.473644
0.232954
0.662
0.11864
0.268876
0.380203
0.1797
0.448328
0.259422
0.662
0.286799
0.19783
0.122983
0.0962006
0.662
0.596068
0.151251
0.0471505
0.403037
0.219688
0.662
0.662
0.279501
0.197609
0.172492
0.662
0.425632
0.0261105
0.324523
0.543928
0.307253
0.183988
0.662
0.662
0.662
0.0810468
0.35855
0.102608
0.425629
0.45379
0.662
0.353117
0.662
0.155453
0.0996925
0.662
0.662
0.104288
0.378299
0.059728
0.257287
0.641536
0.339326
0.220271
0.427104
0.0962739
0.534801
0.228237
0.604685
0.346394
0.191478
0.210399
0.662
0.187576
0.107616
0.0960869
0.159529
0.662
0.223105
0.0596361
0.662
0.175945
0.612957
0.662
0.340613
0.0304384
0.662
0.377312
0.151361
0.361866
0.301667
0.11664
0.114977
0.113856
0.162521
0.591958
0.397387
0.169633
0.206711
0.61881
0.1191
0.452658
0.106264
0.643123
0.368496
0.0777471
0.188177
0.662
0.662
0.36257
0.408273
0.571698
0.00973349
0.360804
0.662
0.493054
0.109353
0.304511
0.405843
0.258044
0.254693
0.160492
0.304105
0.288882
0.662
0.662
0.662
0.00730017
0.184996
0.253144
0.210065
0.119368
0.129988
0.528233
0.662
0.272292
0.19789
0.026517
0.23934
0.377091
0.151784
0.662
0.292514
0.490997
0.112172
0.662
0.564991
0.104007
0.662
0.255691
0.649499
0.567313
0.321757
0.254823
0.512109
0.662
0.114956
0.047252
0.448094
0.173094
0.369879
0.287267
0.309562
0.296592
0.662
0.662
0.662
0.216121
0.662
0.103301
0.034128
0.0768386
0.194931
0.447645
0.150776
0.199483
0.242417
0.0775002
0.0133968
0.141419
0.662
0.260317
0.662
0.188907
0.0740934
0.370276
0.105358
0.10376
0.662
0.384872
0.662
0.336359
0.662
0.662
0.662
0.265664
0.208599
0.662
0.544343
0.406998
0.0602651
0.662
0.0720009
0.230616
0.662
0.662
0.0605117
0.662
0.148644
0.242355
0.662
0.197868
0.210137
0.103771
0.662
0.102402
0.0515613
0.212137
0.340456
0.176943
0.662
0.539601
0.396065
0.326937
0.244075
0.662
0.662
0.662
0.315933
0.209471
0.205658
0.1356
0.230591
0.662
0.369595
0.363219
0.662
0.103835
0.563736
0.197937
0.166573
0.0768262
0.26964
0.218998
0.293756
0.224461
0.662
0.539103
0.662
0.199536
0.394757
0.483227
0.662
0.260085
0.662
0.0665222
0.303579
0.246086
0.662
0.108303
0.458319
0.17767
0.155331
0.662
0.662
0.071189
0.58106
0.297566
0.662
0.662
0.263576
0.239331
0.0431867
0.234102
0.662
0.662
0.0297923
0.170929
0.360147
0.662
0.329104
0.0813075
0.485123
0.662
0.662
0.662
0.526803
0.662
0.662
0.412324
0.662
0.134958
0.662
0.181005
0.501141
0.525997
0.133052
0.498711
0.469034
0.662
0.176074
0.135156
0.173491
0.605124
0.234051
0.418522
0.662
0.367768
0.133403
0.23826
0.181566
0.662
0.662
0.433764
0.104179
0.299095
0.662
0.419916
0.662
0.662
0.0862336
0.662
0.490348
0.308733
0.662
0.169551
0.130541
0.341671
0.121042
0.644828
0.0782471
0.228968
0.253964
0.597026
0.347586
0.109123
0.281138
0.268032
0.0829074
0.564261
0.471585
0.129486
0.182239
0.248174
0.338094
0.00300968
0.662
0.662
0.662
0.391842
0.0858206
0.117867
0.383056
0.662
0.192793
0.0988976
0.195884
0.662
0.0359959
0.0384597
0.496617
0.212164
0.0928392
0.0819466
0.189277
0.158163
0.469956
0.662
0.0878018
0.662
0.536129
0.662
0.12513
0.169983
0.260485
0.290922
0.505785
0.469199
0.662
0.662
0.140151
0.281926
0.133354
0.662
0.276415
0.077781
0.662
0.52469
0.0212473
0.40798
0.188103
0.16413
0.0358756
0.0731053
0.150687
0.662
0.222768
0.662
0.0702308
0.191742
0.443177
0.209961
0.662
0.502098
0.0643506
0.00440436
0.0309674
0.662
0.353988
0.149566
0.139745
0.662
0.445922
0.662
0.630512
0.161633
0.662
0.249031
0.111113
0.120153
0.662
0.0876142
0.564127
0.122931
0.137727
0.662
0.662
0.060303
0.408816
0.270203
0.662
0.662
0.0760836
0.380578
0.0891443
0.43294
0.662
0.345029
0.16032
0.662
0.662
0.16555
0.467844
0.138187
0.167885
0.0726267
0.0834939
0.133193
0.480387
0.184473
0.243538
0.409821
0.198836
0.662
0.104251
0.662
0.00420577
0.0413149
0.418704
0.0611966
0.249072
0.2346
0.662
0.662
0.157573
0.26054
0.354009
0.0588676
0.121097
0.167349
0.109712
0.115195
0.662
0.0283859
0.147227
0.0686627
0.179353
0.103039
0.225439
0.662
0.468781
0.161246
0.233116
0.482273
0.608931
0.203718
0.283904
0.662
0.662
0.0219649
0.184347
0.107643
0.185985
0.252247
0.188251
0.159591
0.200818
0.502469
0.0878966
0.662
0.0600276
0.184987
0.422719
0.212278
0.164049
0.0950307
0.152051
0.087177
0.186043
0.662
0.655745
0.662
0.662
0.662
0.0638351
0.662
0.309064
0.662
0.360688
0.505199
0.662
0.662
0.205688
0.343522
0.11974
0.662
0.662
0.254872
0.319908
0.393871
0.152941
0.0881587
0.561965
0.121302
0.662
0.0911917
0.109471
0.154839
0.662
0.292342
0.324108
0.251362
0.196182
0.0911919
0.36118
0.250689
0.219269
0.151327
0.662
0.0891944
0.662
0.662
0.268216
0.0939151
0.662
0.233601
0.662
0.411303
0.662
0.662
0.097546
0.259692
0.0155729
0.242161
0.0709195
0.0173003
0.439999
0.0798141
0.542852
0.209244
0.450544
0.662
0.201818
0.662
0.044773
0.0952943
0.116393
0.0919888
0.517811
0.662
0.165803
0.309293
0.374323
0.208022
0.0533629
0.184479
0.290918
0.0309866
0.53318
0.656983
0.662
0.223716
0.167283
0.337521
0.200926
0.169244
0.21376
0.150682
0.662
0.289237
0.0489558
0.662
0.315973
0.522015
0.233703
0.602564
0.439255
0.208798
0.195135
0.409211
0.135171
0.473699
0.19033
0.662
0.195519
0.662
0.420913
0.662
0.633694
0.23331
0.662
0.15313
0.0181211
0.662
0.284163
0.662
0.662
0.662
0.662
0.639349
0.21529
0.330381
0.0926436
0.662
0.374037
0.482806
0.62902
0.0603156
0.124302
0.143507
0.0456465
0.053156
0.662
0.662
0.110312
0.42716
0.536123
0.286127
0.397818
0.328804
0.0630833
0.662
0.662
0.385932
0.159481
0.594466
0.0757879
0.354507
0.662
0.244175
0.0559545
0.662
0.48884
0.0536937
0.332144
0.197918
0.645073
0.132055
0.492745
0.472761
0.202557
0.662
0.293645
0.662
0.380891
0.0660735
0.178179
0.178386
0.185717
0.476778
0.662
0.662
0.233451
0.0125237
0.136257
0.662
0.662
0.179524
0.348616
0.0709207
0.229189
0.496114
0.662
0.262888
0.662
0.662
0.162549
0.205343
0.0811813
0.168396
0.267749
0.194553
0.662
0.662
0.524164
0.662
0.477359
0.309802
0.132838
0.39764
0.319753
0.129398
0.27193
0.194258
0.662
0.081868
0.423735
0.662
0.155255
0.371891
0.196129
0.147139
0.453103
0.413782
0.113773
0.662
0.142691
0.136223
0.11272
0.100966
0.119482
0.548289
0.662
0.193224
0.273062
0.174534
0.662
0.132118
0.384796
0.147219
0.662
0.662
0.215796
0.24766
0.532595
0.662
0.662
0.662
0.308757
0.662
0.662
0.296691
0.0376408
0.0168105
0.662
0.544197
0.182682
0.113899
0.118833
0.0941282
0.408364
0.662
0.0674993
0.118247
0.28203
0.180217
0.662
0.654047
0.125849
0.0590923
0.289729
0.662
0.451204
0.223162
0.565519
0.493979
0.188107
0.335184
0.0362074
0.662
0.433172
0.0487747
0.125448
0.662
0.311817
0.169055
0.662
0.662
0.307838
0.662
0.455497
0.662
0.0645111
0.520504
0.0865033
0.640422
0.0264659
0.268462
0.0917924
0.265795
0.662
0.437148
0.662
0.302162
0.39715
0.214148
0.0436018
0.508059
0.323145
0.240054
0.644063
0.204018
0.145094
0.0814606
0.0228672
0.0485916
0.0279071
0.662
0.417642
0.258185
0.5591
0.192208
0.219053
0.662
0.389009
0.662
0.198408
0.162993
0.662
0.178466
0.662
0.662
0.466714
0.410252
0.0643158
0.662
0.662
0.662
0.145525
0.0173656
0.193864
0.395849
0.0223231
0.662
0.188382
0.230675
0.226584
0.662
0.662
0.662
0.662
0.194021
0.662
0.662
0.1757
0.662
0.423214
0.46972
0.149469
0.0399621
0.259863
0.662
0.242542
0.559821
0.479819
0.0138355
0.209901
0.383227
0.0441458
0.100731
0.0916139
0.0930175
0.112617
0.24943
0.18836
0.662
0.434987
0.420536
0.190961
0.199335
0.0517804
0.241783
0.0233969
0.438497
0.236789
0.235479
0.0400543
0.20062
0.158609
0.0579658
0.662
0.16453
0.662
0.414397
0.224245
0.0707929
0.0890738
0.080601
0.450517
0.234863
0.662
0.465029
0.155807
0.662
0.662
0.176553
0.404198
0.327512
0.185982
0.662
0.210034
0.0458285
0.662
0.216415
0.355334
0.662
0.662
0.16439
0.0689095
0.139521
0.0858083
0.662
0.134111
0.56256
0.600637
0.297206
0.566615
0.662
0.292323
0.662
0.337472
0.0488552
0.125845
0.264668
0.662
0.296589
0.239718
0.662
0.544243
0.211883
0.092727
0.501352
0.126744
0.319702
0.14736
0.551913
0.311823
0.662
0.284937
0.186297
0.036157
0.316935
0.662
0.662
0.154032
0.216926
0.662
0.662
0.186396
0.277178
0.451336
0.0977438
0.662
0.0702578
0.662
0.463947
0.094232
0.0141017
0.0773233
0.258501
0.0481237
0.405975
0.0955012
0.662
0.662
0.11165
0.0211658
0.662
0.193994
0.0574374
0.0938103
0.405012
0.0832292
0.0223686
0.578323
0.662
0.337662
0.0831605
0.110799
0.629596
0.07919
0.403706
0.0838089
0.234125
0.662
0.0180826
0.363165
0.662
0.181647
0.118547
0.111861
0.472863
0.0508706
0.352751
0.199628
0.134751
0.0195456
0.662
0.192057
0.565506
0.467032
0.299666
0.504968
0.597873
0.144541
0.058229
0.118891
0.242413
0.295835
0.448577
0.0247884
0.144718
0.344925
0.197435
0.236313
0.409803
0.158505
0.0426716
0.102409
0.425535
0.244457
0.239981
0.266139
0.338344
0.262012
0.197043
0.662
0.433397
0.566983
0.253245
0.375277
0.172775
0.662
0.662
0.662
0.662
0.65714
0.313031
0.662
0.274405
0.309684
0.662
0.662
0.0872378
0.543887
0.3896
0.256755
0.0304527
0.240519
0.662
0.390429
0.209941
0.183567
0.262057
0.225436
0.662
0.0171753
0.454564
0.662
0.662
0.116113
0.61517
0.392429
0.370097
0.0465327
0.236863
0.117351
0.662
0.173812
0.662
0.662
0.117117
0.0899237
0.111461
0.0908774
0.310142
0.0814714
0.191657
0.662
0.662
0.212724
0.662
0.086698
0.538731
0.0749964
0.446773
0.650617
0.0766304
0.457919
0.662
0.662
0.0454685
0.195814
0.00813424
0.549836
0.131114
0.530347
0.662
0.662
0.0488344
0.343522
0.511119
0.662
0.114708
0.402583
0.33491
0.0331248
0.514585
0.0714315
0.34947
0.662
0.188086
0.0760633
0.228471
0.240742
0.457325
0.662
0.378507
0.00301836
0.153934
0.0671891
0.662
0.268588
0.662
0.662
0.562225
0.100245
0.103708
0.396982
0.140019
0.464692
0.117291
0.662
0.579846
0.662
0.410244
0.0120291
0.0346273
0.196684
0.363823
0.440734
0.662
0.662
0.638869
0.178988
0.531419
0.460948
0.330814
0.496489
0.662
0.144872
0.310862
0.134149
0.145063
0.662
0.662
0.640334
0.268298
0.217188
0.429856
0.166502
0.292011
0.662
0.662
0.0882153
0.0936711
0.662
0.485225
0.149937
0.188392
0.4702
0.662
0.662
0.0555152
0.462525
0.662
0.17516
0.231972
0.0821734
0.442367
0.662
0.169971
0.0214001
0.160356
0.00473528
0.16179
0.662
0.662
0.106945
0.662
0.228787
0.662
0.202494
0.662
0.00128318
0.00323192
0.128215
0.120163
0.11452
0.352133
0.143725
0.0380784
0.265959
0.662
0.19806
0.102422
0.662
0.216764
0.0945808
0.524179
0.069103
0.512725
0.662
0.243792
0.1841
0.279229
0.603793
0.662
0.17752
0.240839
0.567016
0.313137
0.0897095
0.662
0.350526
0.662
0.384691
0.272716
0.437864
0.0118014
0.111452
0.417499
0.16911
0.330681
0.0614671
0.394577
0.199094
0.343367
0.108894
0.0655781
0.337225
0.297332
0.0471944
0.184412
0.120659
0.521711
0.0892746
0.114
0.0117214
0.662
0.662
0.0686436
0.0397887
0.444116
0.130477
0.198854
0.377403
0.662
0.662
0.662
0.351939
0.0488423
0.662
0.662
0.233948
0.475151
0.0385803
0.662
0.136404
0.477024
0.261575
0.662
0.662
0.421597
0.0990309
0.662
0.10435
0.462771
0.357465
0.662
0.662
0.662
0.0155469
0.662
0.662
0.38772
0.384426
0.0971008
0.201401
0.662
0.465763
0.662
0.19679
0.254118
0.177335
0.191145
0.662
0.16739
0.0621504
0.204195
0.0804489
0.626077
0.144096
0.316142
0.344065
0.15272
0.125815
0.232502
0.113267
0.229969
0.114229
0.12506
0.235277
0.164066
0.662
0.662
0.110005
0.14159
0.657575
0.423642
0.43548
0.248329
0.000954163
0.662
0.662
0.117611
0.00734477
0.662
0.662
0.384165
0.478908
0.115294
0.662
0.208136
0.438993
0.662
0.134539
0.651739
0.662
0.40372
0.565046
0.662
0.0282089
0.662
0.376566
0.374567
0.48145
0.284162
0.0293063
0.662
0.662
0.662
0.662
0.210492
0.633391
0.00927188
0.662
0.0264703
0.662
0.266806
0.662
0.12261
0.05472
0.0359072
0.290003
0.0678221
0.662
0.128263
0.384181
0.391353
0.278545
0.386513
0.323632
0.465465
0.474186
0.175494
0.443879
0.0849673
0.662
0.219588
0.662
0.662
0.460927
0.134003
0.187946
0.0574375
0.191065
0.662
0.159611
0.662
0.132748
0.662
0.221607
0.662
0.662
0.447308
0.662
0.154332
0.0433168
0.360019
0.05932
0.264128
0.289824
0.0233707
0.662
0.182527
0.176226
0.662
0.0304322
0.407007
0.221392
0.662
0.350071
0.56646
0.383139
0.264741
0.234951
0.662
0.16575
0.0505366
0.229467
0.206494
0.192393
0.662
0.0740548
0.291273
0.0489883
0.0559783
0.354032
0.171686
0.144233
0.662
0.468617
0.662
0.149385
0.184532
0.357207
0.662
0.457745
0.662
0.365324
0.231915
0.662
0.387944
0.400631
0.387682
0.13382
0.453239
0.662
0.563376
0.662
0.0988498
0.380638
0.662
0.549816
0.662
0.568802
0.623501
0.662
0.662
0.662
0.662
0.473615
0.189488
0.179497
0.139618
0.030731
0.627937
0.293319
0.205834
0.507023
0.24564
0.455173
0.289633
0.420307
0.440182
0.115622
0.237103
0.662
0.200429
0.389231
0.0872818
0.0336883
0.164704
0.0745518
0.662
0.106654
0.173372
0.662
0.45773
0.5197
0.0887357
0.662
0.089904
0.137177
0.0501176
0.40449
0.662
0.662
0.191444
0.369098
0.662
0.422057
0.316609
0.314878
0.518688
0.28396
0.359799
0.132774
0.662
0.359956
0.46411
0.662
0.108046
0.196654
0.155942
0.282299
0.196047
0.12312
0.662
0.285242
0.324232
0.21454
0.118257
0.428266
0.060947
0.295723
0.128503
0.258214
0.389819
0.149722
0.109523
0.262856
0.602996
0.106301
0.360087
0.662
0.165425
0.196386
0.078701
0.43775
0.0841884
0.662
0.298536
0.637553
0.662
0.165114
0.116392
0.662
0.379732
0.0975805
0.0247257
0.0689721
0.486021
0.248122
0.158103
0.145307
0.353832
0.04764
0.366111
0.662
0.142512
0.662
0.362096
0.662
0.19839
0.200861
0.295224
0.202823
0.0907071
0.662
0.662
0.662
0.122385
0.0199784
0.186614
0.47759
0.662
0.0152759
0.29669
0.437482
0.0982529
0.305153
0.374513
0.0656627
0.481659
0.662
0.313888
0.295926
0.662
0.0824048
0.32879
0.226333
0.0585301
0.0683525
0.125086
0.117674
0.217684
0.0573826
0.0924619
0.593086
0.0721816
0.0419807
0.662
0.0167613
0.662
0.662
0.342346
0.22705
0.662
0.162632
0.0236509
0.145021
0.170982
0.145157
0.251163
0.175084
0.0310826
0.662
0.662
0.0137667
0.662
0.113843
0.257475
0.129335
0.130819
0.125113
0.207002
0.441463
0.462417
0.107054
0.662
0.0920514
0.234661
0.39489
0.202373
0.214519
0.662
0.230389
0.580697
0.0606931
0.211865
0.662
0.159866
0.0937169
0.24645
0.113638
0.662
0.662
0.662
0.22624
0.662
0.194268
0.428472
0.304778
0.115844
0.662
0.506122
0.662
0.429838
0.0659567
0.662
0.157471
0.488054
0.662
0.120139
0.214876
0.199825
0.55734
0.117942
0.191624
0.662
0.184029
0.227741
0.528852
0.253061
0.142116
0.662
0.00256424
0.177951
0.662
0.120427
0.662
0.0337373
0.228771
0.473632
0.240393
0.0331339
0.654369
0.621068
0.662
0.542529
0.113757
0.539272
0.648332
0.130887
0.0586962
0.0697226
0.213485
0.287393
0.250575
0.662
0.466728
0.118514
0.308633
0.662
0.266315
0.24218
0.142281
0.648404
0.0114493
0.0711707
0.29267
0.131661
0.362181
0.0927097
0.00601608
0.662
0.394188
0.375445
0.662
0.350466
0.499682
0.312378
0.662
0.662
0.141003
0.662
0.622461
0.0884788
0.441998
0.162037
0.390675
0.51344
0.0768882
0.0902124
0.103296
0.662
0.662
0.662
0.620883
0.351276
0.389152
0.662
0.148091
0.662
0.33413
0.333469
0.662
0.260848
0.154473
0.199738
0.0998815
0.222621
0.207125
0.272088
0.267037
0.627622
0.179233
0.235948
0.0887131
0.600764
0.036594
0.0704857
0.662
0.386764
0.164487
0.434334
0.662
0.157846
0.0774084
0.323538
0.194181
0.384716
0.662
0.662
0.662
0.0166309
0.201248
0.662
0.220048
0.662
0.0528657
0.218785
0.662
0.411719
0.579023
0.17416
0.265035
0.0996103
0.394435
0.0661061
0.237985
0.214535
0.320746
0.182387
0.249846
0.662
0.54526
0.662
0.0661939
0.387232
0.662
0.463207
0.297913
0.662
0.0624049
0.454877
0.107404
0.501582
0.115107
0.662
0.266625
0.565071
0.114092
0.662
0.27774
0.500014
0.118494
0.662
0.342679
0.161172
0.662
0.222278
0.662
0.662
0.662
0.363483
0.138896
0.203268
0.23523
0.217575
0.662
0.662
0.172412
0.261977
0.191956
0.42069
0.183466
0.662
0.197192
0.281197
0.178489
0.113752
0.167381
0.219607
0.405723
0.211916
0.587266
0.342601
0.22848
0.305489
0.300159
0.053452
0.129562
0.662
0.267609
0.0613559
0.579477
0.0416937
0.0763047
0.288153
0.662
0.308795
0.459528
0.2391
0.46197
0.210421
0.409545
0.662
0.662
0.321636
0.406552
0.16198
0.0966423
0.187707
0.212947
0.128865
0.662
0.662
0.46127
0.356579
0.245688
0.662
0.0936977
0.662
0.662
0.662
0.662
0.662
0.0787215
0.662
0.662
0.0523978
0.203681
0.56007
0.300049
0.628254
0.451928
0.280678
0.165952
0.633327
0.0913578
0.0480065
0.265314
0.478812
0.662
0.424655
0.202279
0.400352
0.240639
0.662
0.162029
0.59501
0.662
0.0360134
0.131517
0.281277
0.190187
0.662
0.227503
0.611784
0.0813435
0.662
0.134728
0.602634
0.164485
0.135533
0.0732669
0.662
0.0153065
0.662
0.352623
0.381636
0.358932
0.212651
0.108967
0.221095
0.259135
0.662
0.662
0.662
0.189572
0.662
0.454076
0.218669
0.263861
0.0911039
0.247099
0.129937
0.662
0.197481
0.619279
0.635394
0.0707867
0.112313
0.172735
0.662
0.662
0.120836
0.266666
0.0848863
0.662
0.662
0.662
0.662
0.303895
0.158742
0.0842082
0.662
0.242036
0.662
0.550379
0.262903
0.172838
0.662
0.147112
0.217825
0.118192
0.0251294
0.19509
0.123729
0.202642
0.0323093
0.159829
0.0378841
0.217162
0.163786
0.148963
0.185918
0.0502326
0.216214
0.548523
0.38346
0.4842
0.662
0.09541
0.149328
0.512541
0.188989
0.662
0.105678
0.299909
0.62127
0.234805
0.273531
0.12998
0.594892
0.00698712
0.0477127
0.0492158
0.662
0.662
0.283133
0.163051
0.170995
0.662
0.147395
0.662
0.226665
0.662
0.218841
0.662
0.249434
0.662
0.106825
0.0974062
0.63339
0.662
0.662
0.662
0.420033
0.037667
0.0959869
0.0720543
0.0625729
0.483065
0.196432
0.662
0.0987567
0.237731
0.0401233
0.662
0.662
0.0772739
0.351317
0.189217
0.662
0.339534
0.172763
0.662
0.0832109
0.373748
0.662
0.20918
0.393615
0.662
0.662
0.662
0.326497
0.337072
0.165909
0.273694
0.0227119
0.13876
0.662
0.662
0.277722
0.297592
0.662
0.226176
0.662
0.662
0.418018
0.0308015
0.662
0.303599
0.662
0.178575
0.28575
0.358391
0.662
0.117697
0.119381
0.333356
0.264914
0.478251
0.294289
0.265833
0.560753
0.662
0.190039
0.436108
0.662
0.121047
0.662
0.371736
0.17413
0.215508
0.662
0.292057
0.221836
0.662
0.662
0.13709
0.143257
0.662
0.110233
0.662
0.238105
0.150897
0.662
0.629917
0.179299
0.34357
0.354944
0.213388
0.0209031
0.44167
0.0851522
0.33878
0.115603
0.164499
0.631541
0.389887
0.241982
0.662
0.611558
0.132062
0.414366
0.596493
0.600923
0.352514
0.348551
0.160482
0.274303
0.11234
0.0782779
0.221979
0.662
0.662
0.195615
0.186921
0.286862
0.539968
0.653887
0.0470816
0.409174
0.332076
0.460307
0.662
0.0867191
0.141335
0.1684
0.18803
0.459381
0.270607
0.662
0.302372
0.059556
0.662
0.662
0.0497891
0.099628
0.251386
0.198451
0.248924
0.662
0.547135
0.263718
0.522386
0.303486
0.00764453
0.182907
0.424614
0.124392
0.339707
0.106955
0.338851
0.494225
0.272982
0.662
0.662
0.131591
0.472472
0.662
0.354032
0.0361065
0.662
0.369755
0.662
0.619249
0.190172
0.0748853
0.662
0.261079
0.662
0.662
0.26481
0.662
0.475816
0.580667
0.115414
0.0912332
0.662
0.432767
0.232688
0.396729
0.470154
0.149396
0.662
0.156519
0.518179
0.204983
0.203429
0.170276
0.416636
0.293358
0.180719
0.408715
0.662
0.127464
0.097479
0.208039
0.657762
0.198436
0.173582
0.332898
0.294281
0.662
0.108661
0.568803
0.662
0.290684
0.662
0.101017
0.0522557
0.453228
0.141537
0.43732
0.161954
0.380071
0.234557
0.369447
0.662
0.117631
0.0977633
0.210622
0.349951
0.662
0.662
0.0908518
0.0557297
0.0700168
0.662
0.403934
0.380139
0.433755
0.229094
0.152867
0.329722
0.309542
0.343548
0.390753
0.119746
0.0741721
0.0817547
0.662
0.256219
0.0531807
0.222685
0.662
0.662
0.0741805
0.0393608
0.476351
0.326536
0.419777
0.465447
0.139097
0.16749
0.256472
0.039532
0.0805076
0.410968
0.186589
0.304847
0.190831
0.190228
0.451768
0.12993
0.0538851
0.217131
0.327094
0.662
0.164921
0.398393
0.471686
0.475524
0.118896
0.520385
0.0880019
0.468624
0.0877521
0.438531
0.374962
0.275677
0.432334
0.662
0.411037
0.223842
0.162747
0.251098
0.0510028
0.401354
0.662
0.662
0.198108
0.217637
0.662
0.573003
0.662
0.662
0.290694
0.662
0.302747
0.159696
0.206516
0.662
0.662
0.229021
0.381939
0.662
0.368749
0.257855
0.0795909
0.406449
0.101441
0.112397
0.0524777
0.102235
0.0994522
0.662
0.0174477
0.426195
0.0950908
0.656964
0.201772
0.578596
0.287205
0.157298
0.641731
0.632237
0.31978
0.328796
0.140403
0.662
0.662
0.662
0.0901549
0.362078
0.286077
0.140834
0.371378
0.186207
0.160185
0.662
0.142555
0.206292
0.444306
0.236703
0.191881
0.241546
0.662
0.0456883
0.161968
0.163223
0.115671
0.340303
0.662
0.0881729
0.335642
0.467988
0.495403
0.662
0.17641
0.442966
0.0427883
0.461516
0.297317
0.662
0.662
0.662
0.662
0.0996796
0.504057
0.090284
0.116645
0.145892
0.662
0.0913111
0.097882
0.0608704
0.0258971
0.440253
0.662
0.398841
0.386851
0.183953
0.0522386
0.118087
0.12833
0.126123
0.12417
0.124564
0.45426
0.394338
0.166423
0.210871
0.089598
0.502151
0.662
0.0226781
0.662
0.195565
0.0678487
0.662
0.662
0.197617
0.662
0.0288652
0.0263601
0.662
0.266032
0.243398
0.524462
0.0911141
0.00821736
0.662
0.626353
0.636509
0.662
0.20192
0.107583
0.225612
0.111324
0.166435
0.160344
0.662
0.142869
0.202768
0.589933
0.357089
0.180987
0.506253
0.290412
0.215481
0.159375
0.393487
0.662
0.0553175
0.278738
0.132783
0.121904
0.662
0.662
0.481152
0.310896
0.0959702
0.224447
0.284064
0.662
0.662
0.0617254
0.271347
0.627055
0.120943
0.662
0.200441
0.1105
0.182682
0.662
0.0795041
0.0633034
0.242595
0.21945
0.241477
0.662
0.662
0.139809
0.298714
0.148264
0.0131048
0.133473
0.662
0.662
0.0128135
0.0647281
0.274926
0.284445
0.662
0.107142
0.212751
0.38504
0.0880127
0.553607
0.212986
0.197626
0.432635
0.394147
0.127758
0.550835
0.121051
0.1191
0.662
0.662
0.133355
0.348879
0.662
0.140369
0.122656
0.483104
0.351874
0.662
0.186356
0.662
0.0703717
0.148945
0.400105
0.403444
0.662
0.0288067
0.662
0.0159057
0.662
0.31398
0.662
0.169808
0.320441
0.0538032
0.284247
0.123834
0.0420352
0.212434
0.662
0.662
0.662
0.662
0.0599215
0.382643
0.662
0.311372
0.0505595
0.0490327
0.0751324
0.158731
0.662
0.662
0.161454
0.150793
0.204891
0.204457
0.189737
0.225157
0.217553
0.0188589
0.662
0.0743321
0.315372
0.0795675
0.360932
0.662
0.109037
0.662
0.662
0.0114839
0.232517
0.220999
0.662
0.662
0.145544
0.13773
0.184761
0.196303
0.536121
0.0575464
0.662
0.0264502
0.662
0.416323
0.662
0.205217
0.662
0.548642
0.382516
0.115712
0.124009
0.0923876
0.229405
0.271273
0.137399
0.512429
0.662
0.347789
0.219856
0.139212
0.204115
0.662
0.662
0.662
0.0887897
0.541038
0.662
0.662
0.123954
0.091899
0.204818
0.123207
0.193358
0.555294
0.28928
0.0444262
0.0755336
0.0854612
0.121021
0.438302
0.662
0.190019
0.156319
0.0741099
0.389608
0.201932
0.662
0.662
0.662
0.378325
0.102163
0.662
0.662
0.0454494
0.201075
0.452015
0.40292
0.194768
0.662
0.662
0.280584
0.255729
0.465078
0.3371
0.240418
0.106913
0.662
0.51794
0.107726
0.254217
0.185032
0.662
0.02543
0.146767
0.00961047
0.420088
0.254205
0.376926
0.662
0.662
0.268552
0.430166
0.106555
0.151077
0.662
0.0728592
0.662
0.251427
0.646963
0.249675
0.339262
0.215129
0.132517
0.167499
0.0123746
0.238256
0.232642
0.662
0.662
0.662
0.428397
0.57995
0.625129
0.346432
0.172561
0.296936
0.155231
0.318935
0.0964986
0.662
0.368246
0.0610909
0.409989
0.253172
0.305481
0.662
0.271823
0.45155
0.170009
0.662
0.656565
0.312963
0.612426
0.304635
0.0879719
0.100058
0.10613
0.0939231
0.174791
0.160849
0.284403
0.225269
0.389571
0.662
0.443995
0.662
0.201045
0.662
0.636805
0.662
0.327285
0.1424
0.461406
0.0574853
0.662
0.443132
0.118755
0.0371728
0.662
0.031524
0.220545
0.378747
0.162242
0.662
0.662
0.318917
0.223
0.04936
0.306104
0.45889
0.662
0.175158
0.354478
0.662
0.261365
0.109777
0.068579
0.108114
0.0981552
0.168182
0.079399
0.259254
0.0533842
0.452255
0.317764
0.1017
0.468433
0.662
0.551631
0.662
0.236411
0.431494
0.340503
0.422592
0.143257
0.123493
0.355986
0.17865
0.414211
0.662
0.546045
0.279208
0.289235
0.395128
0.223833
0.662
0.23698
0.662
0.642519
0.257042
0.162146
0.264295
0.308614
0.153275
0.202795
0.662
0.222061
0.198186
0.0497707
0.469682
0.662
0.159411
0.208986
0.662
0.251161
0.415117
0.042016
0.214381
0.662
0.32346
0.623912
0.183549
0.36832
0.18869
0.301615
0.0987276
0.662
0.259216
0.0176353
0.492421
0.384812
0.662
0.236855
0.662
0.262824
0.368935
0.210299
0.662
0.155149
0.0537328
0.662
0.525713
0.482039
0.0788446
0.462527
0.662
0.496442
0.310668
0.662
0.662
0.662
0.583156
0.178825
0.17763
0.136967
0.662
0.474693
0.349113
0.172047
0.662
0.662
0.088926
0.350868
0.662
0.508647
0.248939
0.631176
0.256766
0.5413
0.662
0.375723
0.451271
0.0740655
0.134753
0.167963
0.662
0.330521
0.662
0.476626
0.00608896
0.243962
0.165837
0.373414
0.371894
0.662
0.662
0.336274
0.31331
0.248315
0.339839
0.0659271
0.124638
0.437247
0.662
0.474993
0.0595571
0.255063
0.350498
0.662
0.0826513
0.662
0.276262
0.606553
0.200031
0.290336
0.0158127
0.662
0.282419
0.453445
0.0408749
0.662
0.244675
0.337347
0.254002
0.662
0.094971
0.113328
0.282966
0.662
0.250727
0.633446
0.364962
0.393293
0.0816118
0.326191
0.110234
0.662
0.662
0.662
0.662
0.431364
0.34159
0.102608
0.278157
0.0650162
0.662
0.232054
0.212136
0.662
0.35988
0.0572056
0.662
0.357905
0.26366
0.645738
0.235566
0.222386
0.662
0.165042
0.00867266
0.0518969
0.157052
0.472059
0.22295
0.229236
0.145498
0.03546
0.662
0.662
0.254407
0.229182
0.472885
0.662
0.662
0.426137
0.662
0.114878
0.38172
0.228304
0.499595
0.609778
0.16364
0.0905188
0.662
0.421886
0.0748321
0.150476
0.166608
0.206234
0.532683
0.269787
0.0718325
0.489195
0.0385246
0.215257
0.461471
0.219508
0.459222
0.548963
0.560142
0.662
0.560746
0.100546
0.656112
0.154407
0.473058
0.299759
0.662
0.662
0.662
0.277426
0.290651
0.138926
0.662
0.662
0.662
0.429082
0.662
0.399657
0.662
0.369573
0.662
0.662
0.662
0.196395
0.325654
0.0723562
0.200773
0.662
0.242977
0.446975
0.662
0.361461
0.410392
0.346723
0.0626962
0.353587
0.376125
0.662
0.662
0.644372
0.662
0.282563
0.181827
0.439945
0.6365
0.147643
0.231632
0.00866475
0.662
0.0173773
0.585186
0.00280663
0.374859
0.662
0.50357
0.662
0.0675809
0.340727
0.342843
0.0468488
0.204155
0.662
0.08344
0.662
0.381559
0.101065
0.204765
0.16562
0.342646
0.662
0.662
0.0901712
0.662
0.418449
0.118953
0.0104053
0.338158
0.431971
0.4019
0.104681
0.143532
0.374256
0.147828
0.104571
0.346977
0.0580207
0.662
0.0868834
0.187242
0.543914
0.137439
0.362536
0.352678
0.539738
0.230645
0.234218
0.55533
0.209952
0.156737
0.0862309
0.158102
0.501285
0.0714626
0.250682
0.662
0.0568657
0.662
0.0733306
0.135834
0.202857
0.0676512
0.662
0.207741
0.662
0.639849
0.142266
0.240917
0.427634
0.0630274
0.662
0.277039
0.499885
0.662
0.295105
0.111605
0.662
0.108672
0.209873
0.144958
0.103072
0.659561
0.0256948
0.280178
0.662
0.133868
0.477004
0.104232
0.386129
0.215694
0.662
0.463823
0.662
0.443466
0.313676
0.190698
0.254961
0.447708
0.448733
0.248195
0.662
0.206513
0.136851
0.662
0.079021
0.209471
0.297772
0.057116
0.125764
0.261986
0.662
0.662
0.662
0.249344
0.08146
0.662
0.638029
0.662
0.356667
0.662
0.662
0.139974
0.662
0.0246446
0.235976
0.123135
0.0576617
0.662
0.636695
0.41923
0.477232
0.22929
0.662
0.662
0.662
0.662
0.662
0.0975635
0.278153
0.130908
0.434168
0.662
0.641994
0.158461
0.662
0.662
0.14629
0.0864469
0.39451
0.347105
0.215527
0.662
0.177666
0.662
0.662
0.559454
0.232941
0.662
0.0341708
0.0869412
0.311048
0.469841
0.596708
0.0301133
0.662
0.406949
0.333017
0.287082
0.276483
0.449327
0.52233
0.118914
0.222405
0.047946
0.647479
0.0578729
0.208953
0.383697
0.115598
0.173066
0.481937
0.377051
0.662
0.0982464
0.662
0.534912
0.369241
0.662
0.00484457
0.0648017
0.1447
0.662
0.212403
0.184361
0.0646068
0.102552
0.179182
0.092182
0.662
0.662
0.662
0.229779
0.662
0.662
0.0522433
0.662
0.366586
0.163855
0.064833
0.00863116
0.631335
0.662
0.146121
0.346461
0.197197
0.662
0.103865
0.0658122
0.105431
0.126971
0.382647
0.336034
0.103088
0.662
0.196108
0.156151
0.124789
0.662
0.361256
0.662
0.0297672
0.370486
0.662
0.61836
0.0569859
0.296324
0.662
0.259959
0.211378
0.290764
0.116582
0.272292
0.116577
0.556644
0.0538714
0.662
0.662
0.535134
0.563715
0.398535
0.0723007
0.662
0.610083
0.275343
0.662
0.224421
0.145263
0.267046
0.149462
0.303928
0.662
0.662
0.662
0.386508
0.141326
0.650052
0.276966
0.471014
0.662
0.0676417
0.0792791
0.110203
0.211064
0.662
0.62141
0.340484
0.107587
0.432399
0.195802
0.187889
0.466242
0.149573
0.106978
0.662
0.338936
0.0849386
0.662
0.169931
0.0952306
0.124358
0.292406
0.453766
0.662
0.662
0.662
0.662
0.0939161
0.566706
0.389428
0.362801
0.418263
0.123423
0.324824
0.662
0.662
0.662
0.210173
0.172246
0.441166
0.498169
0.572354
0.263552
0.102907
0.662
0.173943
0.384273
0.177091
0.155772
0.502199
0.135071
0.128082
0.360264
0.0834747
0.662
0.0951081
0.662
0.183008
0.273336
0.287178
0.262707
0.153621
0.104228
0.662
0.0890705
0.225796
0.207644
0.189919
0.459062
0.13771
0.662
0.662
0.113761
0.633694
0.129487
0.662
0.00113811
0.157244
0.214792
0.314562
0.089741
0.32518
0.662
0.164003
0.166
0.182301
0.201748
0.147382
0.662
0.662
0.262055
0.0611518
0.435017
0.436925
0.662
0.105407
0.195345
0.533752
0.662
0.370868
0.25052
0.153217
0.0574041
0.0723539
0.286785
0.16162
0.206933
0.0466586
0.326998
0.15524
0.2
0.662
0.662
0.441757
0.059948
0.662
0.254789
0.662
0.545894
0.662
0.325864
0.371644
0.0425211
0.138515
0.152064
0.0807968
0.295033
0.165772
0.0431786
0.662
0.0663136
0.189533
0.551806
0.22227
0.184472
0.18713
0.152562
0.229725
0.662
0.662
0.23668
0.42452
0.662
0.576125
0.216114
0.662
0.172308
0.00673848
0.234118
0.0939208
0.662
0.662
0.0784306
0.662
0.323018
0.662
0.662
0.410869
0.316711
0.580537
0.210668
0.141061
0.11083
0.412239
0.662
0.308444
0.148632
0.662
0.612051
0.184071
0.0824189
0.265488
0.248417
0.662
0.187132
0.183393
0.398204
0.457973
0.0453783
0.200086
0.662
0.662
0.199438
0.200228
0.079433
0.662
0.144668
0.182647
0.116951
0.662
0.662
0.211379
0.662
0.662
0.212199
0.0829262
0.206968
0.662
0.662
0.193009
0.228501
0.162646
0.0719826
0.1547
0.0956646
0.462601
0.662
0.170577
0.662
0.662
0.227299
0.0594642
0.662
0.140191
0.449331
0.250506
0.305701
0.401502
0.0688974
0.101684
0.216509
0.39821
0.118519
0.280187
0.460782
0.257005
0.259174
0.199614
0.418305
0.0794
0.662
0.109472
0.0921378
0.191178
0.662
0.456024
0.662
0.662
0.447025
0.359518
0.136247
0.364926
0.177746
0.414115
0.621921
0.189245
0.127223
0.360173
0.134847
0.115302
0.0146193
0.31226
0.559467
0.382493
0.662
0.171841
0.180914
0.211809
0.168639
0.136826
0.225835
0.0858553
0.119841
0.195611
0.456191
0.0417331
0.14901
0.126357
0.662
0.662
0.532832
0.423306
0.662
0.662
0.204304
0.109145
0.295331
0.662
0.115671
0.154913
0.300526
0.369972
0.185922
0.155853
0.272387
0.207134
0.320415
0.361547
0.506183
0.662
0.662
0.476873
0.531161
0.290535
0.133022
0.454615
0.10687
0.220811
0.662
0.196061
0.662
0.0586751
0.662
0.238961
0.192014
0.662
0.228379
0.209133
0.662
0.119604
0.662
0.138499
0.473336
0.405075
0.181344
0.224108
0.0606061
0.146883
0.405905
0.0752587
0.111744
0.207262
0.189043
0.164558
0.220688
0.470345
0.0776343
0.0047592
0.633694
0.0966374
0.111936
0.284606
0.349072
0.136712
0.0785979
0.295812
0.662
0.086787
0.238254
0.581992
0.662
0.177787
0.29204
0.475954
0.380277
0.108484
0.184821
0.277899
0.325299
0.662
0.662
0.0616977
0.107895
0.352689
0.349576
0.396647
0.22634
0.662
0.662
0.566978
0.185248
0.293834
0.450515
0.287392
0.238109
0.662
0.201271
0.269337
0.0928929
0.149098
0.662
0.226912
0.217622
0.662
0.662
0.467506
0.330854
0.0540577
0.4118
0.662
0.131542
0.061768
0.181529
0.15532
0.586418
0.287094
0.0303811
0.307197
0.662
0.0604205
0.289799
0.40921
0.329024
0.662
0.47053
0.207844
0.662
0.601138
0.152491
0.0599533
0.435806
0.311134
0.659409
0.394864
0.662
0.662
0.281354
0.662
0.0411953
0.341346
0.0780993
0.166931
0.452812
0.292344
0.10427
0.662
0.20222
0.225812
0.0810752
0.647244
0.218953
0.410024
0.451908
0.662
0.195679
0.115503
0.662
0.662
0.140455
0.662
0.192474
0.124578
0.662
0.33418
0.179919
0.25092
0.0971062
0.245833
0.483966
0.103287
0.662
0.163016
0.294748
0.146992
0.578524
0.0442611
0.22218
0.248046
0.222849
0.414261
0.106168
0.420116
0.662
0.662
0.198405
0.662
0.298794
0.381527
0.568295
0.339395
0.376976
0.346603
0.662
0.443834
0.090842
0.142259
0.284067
0.0518085
0.662
0.444922
0.222639
0.193617
0.0817382
0.620055
0.662
0.662
0.169879
0.232575
0.437971
0.260866
0.0868388
0.197118
0.190012
0.367191
0.0361223
0.0592667
0.0859445
0.109791
0.405677
0.609409
0.662
0.14898
0.662
0.207027
0.431148
0.139699
0.662
0.349559
0.0551441
0.0691283
0.21042
0.088907
0.662
0.18063
0.372371
0.279834
0.0987265
0.0604205
0.294825
0.291414
0.662
0.219057
0.399194
0.284599
0.453733
0.25486
0.662
0.198559
0.125081
0.588065
0.121889
0.0454749
0.210264
0.411426
0.134386
0.662
0.662
0.329757
0.662
0.152406
0.261841
0.0492477
0.658784
0.259586
0.175711
0.423488
0.662
0.145938
0.662
0.180109
0.132213
0.662
0.662
0.136791
0.662
0.122976
0.0808183
0.197653
0.662
0.135015
0.0974053
0.251227
0.0695946
0.370774
0.142605
0.271709
0.164847
0.0967816
0.0567872
0.128965
0.124296
0.662
0.117741
0.116457
0.295614
0.153978
0.662
0.0673925
0.030016
0.0755779
0.16777
0.226667
0.662
0.109657
0.169926
0.0936426
0.326774
0.662
0.550355
0.31644
0.395222
0.170378
0.0613655
0.129854
0.662
0.0881128
0.662
0.60745
0.390427
0.662
0.662
0.104884
0.406803
0.209809
0.104292
0.548763
0.208022
0.557569
0.233892
0.083273
0.20648
0.363284
0.0924714
0.0838128
0.279223
0.199552
0.239397
0.129566
0.662
0.157966
0.0934772
0.211787
0.291566
0.254383
0.491467
0.556365
0.239107
0.083382
0.604458
0.662
0.662
0.59777
0.15086
0.14947
0.502019
0.662
0.662
0.662
0.0875409
0.234896
0.151278
0.0742644
0.662
0.0194273
0.17136
0.12017
0.0679468
0.146774
0.594539
0.662
0.186936
0.0521073
0.329233
0.22783
0.662
0.520094
0.42433
0.662
0.0874629
0.0628025
0.662
0.662
0.184793
0.662
0.114926
0.313232
0.662
0.662
0.662
0.396611
0.183215
0.510443
0.352874
0.193861
0.0704664
0.3859
0.191248
0.0389894
0.360283
0.033323
0.435871
0.662
0.149096
0.321229
0.454874
0.156395
0.470252
0.364863
0.417059
0.591604
0.270943
0.0559839
0.0854973
0.287495
0.662
0.662
0.576642
0.167673
0.182018
0.108513
0.165776
0.419317
0.12419
0.272013
0.122755
0.257425
0.377082
0.662
0.190571
0.662
0.662
0.309042
0.256264
0.119451
0.662
0.0807025
0.206532
0.311026
0.299783
0.662
0.252996
0.662
0.26199
0.662
0.0356521
0.379139
0.240366
0.435957
0.456776
0.662
0.0704399
0.183544
0.662
0.437305
0.12091
0.444506
0.662
0.0160402
0.188667
0.0195939
0.252804
0.332211
0.223654
0.662
0.270204
0.662
0.119338
0.662
0.200041
0.123129
0.662
0.592786
0.18888
0.21963
0.124848
0.213379
0.335112
0.554519
0.315507
0.0810744
0.393156
0.407216
0.370364
0.373173
0.428602
0.285949
0.110753
0.662
0.290515
0.610584
0.0506149
0.0966998
0.502695
0.557068
0.0894349
0.662
0.179106
0.23778
0.184456
0.214928
0.27976
0.322637
0.662
0.522898
0.662
0.662
0.662
0.662
0.11258
0.138813
0.363644
0.0552977
0.112459
0.0667253
0.214769
0.450833
0.181143
0.108247
0.200257
0.340247
0.662
0.385758
0.103693
0.0403746
0.461713
0.252338
0.237379
0.386353
0.58469
0.662
0.121013
0.364186
0.219515
0.0958747
0.0764543
0.121925
0.2161
0.407342
0.285444
0.0887731
0.662
0.263359
0.309009
0.423333
0.662
0.121956
0.0746655
0.145282
0.0374206
0.178712
0.486579
0.0368774
0.285904
0.449761
0.448569
0.662
0.220764
0.377768
0.662
0.383746
0.0923616
0.0562538
0.174196
0.402042
0.0713374
0.662
0.662
0.48845
0.454587
0.106015
0.662
0.249849
0.320945
0.10773
0.220434
0.662
0.662
0.662
0.311357
0.662
0.0125969
0.147183
0.662
0.151448
0.288054
0.215859
0.259375
0.609402
0.491061
0.447675
0.208468
0.110848
0.00714546
0.316829
0.239395
0.153445
0.357819
0.0827174
0.327409
0.215788
0.538151
0.570131
0.164887
0.436759
0.083278
0.135224
0.0453155
0.243128
0.138813
0.513225
0.340103
0.491657
0.662
0.266309
0.662
0.218368
0.109188
0.467781
0.330012
0.662
0.152214
0.0964323
0.111261
0.197454
0.614489
0.397714
0.00330164
0.519491
0.320309
0.391524
0.662
0.267361
0.662
0.662
0.662
0.104767
0.277664
0.281908
0.613693
0.0149404
0.311618
0.154111
0.155984
0.662
0.662
0.236436
0.178927
0.275703
0.075302
0.198821
0.662
0.662
0.174061
0.304124
0.111651
0.154364
0.662
0.0906502
0.421595
0.363628
0.21652
0.662
0.416619
0.0351281
0.45167
0.0843137
0.340455
0.229458
0.335114
0.102963
0.662
0.662
0.0182931
0.128388
0.371138
0.115642
0.662
0.627906
0.108011
0.662
0.64031
0.644188
0.280271
0.662
0.662
0.130022
0.639932
0.0276341
0.0579734
0.093458
0.134038
0.0164043
0.662
0.662
0.662
0.0504161
0.295857
0.166833
0.662
0.187687
0.214857
0.183518
0.28626
0.172883
0.129064
0.618057
0.662
0.0993266
0.167731
0.662
0.366607
0.220639
0.00502934
0.0986723
0.55766
0.0151646
0.225455
0.179657
0.59571
0.228081
0.215509
0.190531
0.199611
0.487842
0.662
0.248599
0.0691978
0.662
0.149145
0.285799
0.0114911
0.116166
0.032822
0.662
0.107035
0.136755
0.145587
0.662
0.192363
0.338869
0.0995045
0.094349
0.127676
0.280238
0.187892
0.523662
0.285304
0.187277
0.0570574
0.0761594
0.128697
0.146723
0.662
0.227434
0.662
0.662
0.458885
0.0368606
0.395578
0.27889
0.409015
0.662
0.139233
0.554072
0.0114276
0.197483
0.121047
0.161672
0.239403
0.533691
0.151898
0.139767
0.130312
0.137689
0.662
0.265816
0.157404
0.455696
0.396932
0.290738
0.536965
0.662
0.662
0.150134
0.0641159
0.32601
0.313057
0.154981
0.662
0.662
0.240507
0.146658
0.180406
0.506982
0.214671
0.662
0.414031
0.147243
0.0176655
0.218345
0.117009
0.352756
0.111403
0.662
0.662
0.662
0.0657709
0.585158
0.662
0.662
0.108605
0.308119
0.555491
0.144594
0.21242
0.0656005
0.0265811
0.474017
0.0822232
0.160689
0.354543
0.662
0.581613
0.0843043
0.0838549
0.319471
0.277144
0.433117
0.662
0.380377
0.0910365
0.442506
0.662
0.662
0.662
0.662
0.449106
0.412141
0.381273
0.0752879
0.554167
0.00498
0.353587
0.131119
0.366036
0.137687
0.662
0.514793
0.00999159
0.662
0.531465
0.152869
0.662
0.234272
0.501158
0.0877504
0.352296
0.662
0.662
0.0892984
0.384734
0.234165
0.325959
0.497537
0.662
0.194421
0.662
0.197184
0.389094
0.317953
0.0622446
0.459926
0.0840424
0.124919
0.101479
0.416929
0.261699
0.662
0.353444
0.197298
0.662
0.662
0.319932
0.365263
0.276869
0.386982
0.340956
0.374968
0.388347
0.120994
0.0878379
0.441444
0.0962252
0.33922
0.662
0.103158
0.086135
0.399186
0.415257
0.454079
0.662
0.606316
0.662
0.289615
0.363372
0.662
0.0583416
0.662
0.662
0.0180337
0.117945
0.255408
0.0179215
0.0873183
0.662
0.190651
0.46618
0.337548
0.662
0.303953
0.140816
0.181996
0.460726
0.662
0.645573
0.0141222
0.288977
0.107486
0.662
0.200975
0.141807
0.627676
0.193868
0.184608
0.501728
0.489953
0.56265
0.388755
0.289107
0.20439
0.662
0.137172
0.0808051
0.138185
0.0874681
0.121133
0.191076
0.197952
0.595341
0.0883226
0.0860399
0.354436
0.152912
0.662
0.449545
0.487848
0.662
0.662
0.162947
0.346786
0.555167
0.220395
0.662
0.662
0.383633
0.077069
0.532749
0.267351
0.353447
0.662
0.302449
0.397906
0.662
0.350718
0.186891
0.662
0.662
0.298164
0.269254
0.47287
0.228058
0.0668705
0.102196
0.662
0.134531
0.662
0.24462
0.307388
0.662
0.662
0.662
0.187004
0.149758
0.0737839
0.365329
0.608715
0.662
0.287202
0.542588
0.0978592
0.130778
0.565355
0.131844
0.177313
0.200241
0.40597
0.518028
0.124319
0.662
0.662
0.662
0.0650199
0.662
0.117814
0.226993
0.638308
0.662
0.136178
0.265437
0.364645
0.00770851
0.237341
0.662
0.662
0.662
0.662
0.180792
0.46259
0.662
0.0185339
0.0624059
0.662
0.662
0.662
0.662
0.219077
0.198204
0.135668
0.662
0.662
0.213565
0.428053
0.149317
0.288774
0.131926
0.360444
0.123877
0.106812
0.102789
0.15174
0.662
0.186067
0.510525
0.465105
0.0372903
0.0790735
0.424429
0.0681277
0.582994
0.203575
0.200462
0.00985887
0.662
0.662
0.454691
0.147257
0.125341
0.132487
0.14895
0.00827563
0.234832
0.127137
0.427374
0.118603
0.139157
0.662
0.662
0.318187
0.662
0.272307
0.123153
0.0608654
0.390141
0.662
0.662
0.662
0.286497
0.662
0.662
0.662
0.181412
0.662
0.264885
0.662
0.662
0.662
0.492266
0.074615
0.662
0.218578
0.24706
0.152589
0.1936
0.258965
0.15723
0.194235
0.256306
0.662
0.389155
0.662
0.662
0.1881
0.583109
0.662
0.245278
0.662
0.050068
0.114998
0.480862
0.0545992
0.0811898
0.269492
0.220964
0.662
0.662
0.15683
0.642434
0.468207
0.32343
0.662
0.423015
0.0693042
0.153184
0.208038
0.662
0.368535
0.179618
0.489733
0.0646073
0.0903621
0.0725629
0.0902972
0.133622
0.662
0.438682
0.500538
0.0493678
0.20699
0.49885
0.105401
0.311859
0.206811
0.185495
0.662
0.279152
0.110244
0.457387
0.468383
0.287687
0.662
0.055131
0.120445
0.662
0.191181
0.595474
0.0990015
0.079911
0.101669
0.298466
0.109267
0.123251
0.507486
0.342913
0.145608
0.0861403
0.212584
0.206264
0.272649
0.199692
0.328941
0.137854
0.132325
0.016301
0.315573
0.662
0.0983431
0.151332
0.438724
0.140034
0.406283
0.215479
0.235368
0.112298
0.381984
0.353803
0.080407
0.389934
0.593194
0.624658
0.345991
0.147461
0.0760144
0.662
0.471179
0.464584
0.463774
0.262094
0.50783
0.193984
0.211312
0.584729
0.662
0.158743
0.125261
0.391474
0.11174
0.117923
0.32523
0.662
0.157665
0.113919
0.0142717
0.174561
0.27919
0.237791
0.186942
0.29014
0.00746632
0.292211
0.281317
0.49778
0.418236
0.253705
0.662
0.662
0.0631839
0.662
0.5744
0.662
0.662
0.332266
0.251148
0.662
0.0652233
0.662
0.144666
0.195671
0.165964
0.662
0.174127
0.662
0.662
0.181472
0.125362
0.429851
0.38638
0.662
0.159929
0.0531143
0.274299
0.598247
0.286072
0.116428
0.537274
0.44622
0.102651
0.213251
0.662
0.662
0.326634
0.373707
0.171323
0.444664
0.0849375
0.250729
0.22817
0.501855
0.140651
0.118064
0.29519
0.616368
0.662
0.662
0.17299
0.662
0.354821
0.199949
0.662
0.0345239
0.473658
0.662
0.662
0.233196
0.662
0.662
0.24896
0.0726957
0.209929
0.0582689
0.0740828
0.163692
0.214749
0.18742
0.330548
0.374519
0.105001
0.292474
0.03498
0.0264658
0.0831117
0.0540288
0.625551
0.301163
0.310235
0.36173
0.0404409
0.030425
0.106116
0.142776
0.263727
0.116639
0.662
0.136645
0.361409
0.183785
0.0186854
0.266509
0.200783
0.093552
0.372422
0.662
0.086787
0.113274
0.662
0.662
0.662
0.662
0.274146
0.15435
0.662
0.384489
0.0280009
0.410323
0.0902235
0.176501
0.604575
0.136263
0.385044
0.153951
0.168378
0.250842
0.0418726
0.662
0.662
0.261161
0.508621
0.140862
0.662
0.106438
0.662
0.583755
0.152598
0.100723
0.0646689
0.662
0.16727
0.0335382
0.305897
0.662
0.45184
0.264642
0.393758
0.346561
0.662
0.595386
0.154479
0.20347
0.281904
0.0168744
0.662
0.135416
0.399101
0.662
0.440411
0.287529
0.0416048
0.119007
0.247932
0.207122
0.117511
