0.0277857
0.469817
0.0911555
0.215484
0.0679258
0.271508
0.0568077
0.370616
0.150913
0.33329
0.0797759
0.391326
0.196804
0.391049
0.148963
0.662
0.141016
0.181422
0.437589
0.662
0.210712
0.512321
0.563886
0.662
0.223509
0.44963
0.601349
0.142469
0.662
0.129492
0.581596
0.0906476
0.419231
0.662
0.662
0.0448238
0.518472
0.518202
0.0733624
0.215968
0.170985
0.119435
0.659847
0.62554
0.261493
0.126018
0.662
0.315169
0.227618
0.0807213
0.00401236
0.109299
0.17959
0.0380811
0.145107
0.662
0.662
0.333816
0.610278
0.164915
0.662
0.148783
0.356806
0.402898
0.0868879
0.125984
0.194399
0.159672
0.10335
0.662
0.254778
0.0185533
0.179653
0.662
0.128881
0.46506
0.0826606
0.299815
0.150846
0.357064
0.163873
0.171837
0.0910257
0.0640412
0.352004
0.0344657
0.243667
0.176057
0.346916
0.0704078
0.162479
0.377734
0.0867411
0.466855
0.267492
0.0958668
0.116624
0.109208
0.636515
0.277654
0.0343037
0.12733
0.466576
0.131293
0.172022
0.133363
0.418775
0.552643
0.0774052
0.604765
0.662
0.467553
0.0409566
0.269772
0.185728
0.662
0.138238
0.0689243
0.148422
0.324456
0.295467
0.0341588
0.248987
0.215047
0.198124
0.194246
0.0345485
0.180035
0.0625073
0.0907601
0.662
0.350687
0.236036
0.619463
0.662
0.231022
0.453058
0.662
0.0963654
0.0837612
0.267731
0.363518
0.487439
0.00563511
0.239147
0.662
0.438568
0.662
0.168144
0.477098
0.24386
0.0616622
0.518141
0.605321
0.295427
0.662
0.662
0.662
0.534086
0.12132
0.0371739
0.123098
0.150579
0.34903
0.662
0.274561
0.123059
0.662
0.344863
0.662
0.466714
0.662
0.662
0.0957277
0.352549
0.142162
0.662
0.564718
0.33368
0.132491
0.138628
0.662
0.108694
0.556636
0.180986
0.301673
0.0140974
0.0703345
0.150405
0.0861342
0.422636
0.168936
0.494104
0.22355
0.260722
0.0631654
0.662
0.585435
0.0293529
0.239732
0.190473
0.0905849
0.368537
0.662
0.17782
0.360272
0.16467
0.116085
0.0243125
0.0799294
0.15699
0.322648
0.662
0.255852
0.387901
0.434745
0.188293
0.017548
0.621038
0.499071
0.0599365
0.368792
0.214048
0.133208
0.474582
0.662
0.426876
0.11054
0.440802
0.197384
0.284968
0.481982
0.662
0.169979
0.0772829
0.20315
0.10003
0.378541
0.0689638
0.105923
0.290499
0.662
0.662
0.662
0.0419143
0.189596
0.163719
0.662
0.311967
0.230583
0.00662787
0.193241
0.0730086
0.111809
0.209204
0.0642691
0.0756785
0.543764
0.0976328
0.0509312
0.662
0.179438
0.356256
0.019443
0.0265014
0.0778907
0.0459823
0.209188
0.662
0.201281
0.662
0.616616
0.114284
0.32201
0.400274
0.101436
0.244271
0.128946
0.0022547
0.124085
0.0864645
0.0585233
0.162168
0.662
0.320719
0.493848
0.381183
0.662
0.050848
0.116548
0.662
0.662
0.18546
0.159323
0.384713
0.489514
0.150025
0.173393
0.103028
0.662
0.255822
0.0671554
0.228052
0.148825
0.137144
0.115082
0.48943
0.214154
0.186339
0.190792
0.20499
0.194114
0.277307
0.662
0.0822225
0.288689
0.238218
0.14684
0.08442
0.0274835
0.0788087
0.662
0.115911
0.194498
0.207199
0.575076
0.117831
0.145084
0.137506
0.203335
0.351968
0.116566
0.0855647
0.536805
0.0729238
0.0697865
0.135339
0.440323
0.662
0.17261
0.22019
0.541176
0.197005
0.391316
0.186376
0.213184
0.296151
0.185581
0.321639
0.238325
0.662
0.600152
0.662
0.562548
0.0723836
0.129606
0.278847
0.185057
0.337526
0.0437612
0.200004
0.124037
0.662
0.662
0.662
0.411836
0.197317
0.0629928
0.159368
0.122465
0.662
0.631921
0.119376
0.210155
0.11275
0.662
0.662
0.196975
0.061706
0.34218
0.662
0.182228
0.662
0.360882
0.605176
0.180142
0.0182302
0.429252
0.230019
0.258321
0.023255
0.177515
0.173696
0.0449605
0.305025
0.662
0.101375
0.0731589
0.426357
0.151931
0.0772231
0.197847
0.662
0.0836483
0.140556
0.177149
0.449304
0.494968
0.279387
0.662
0.662
0.662
0.0769388
0.662
0.400389
0.0503885
0.662
0.241464
0.212018
0.633317
0.396425
0.662
0.662
0.22323
0.216606
0.1031
0.662
0.662
0.662
0.186979
0.0396787
0.0649068
0.128507
0.305976
0.124272
0.662
0.134423
0.658224
0.483543
0.232409
0.406391
0.273704
0.662
0.078214
0.121203
0.332195
0.194855
0.308016
0.0138849
0.424877
0.194559
0.149431
0.109264
0.206065
0.090152
0.54759
0.0849635
0.0275221
0.236309
0.121601
0.470491
0.22714
0.0941838
0.220038
0.369272
0.662
0.199949
0.102404
0.19727
0.260408
0.0278543
0.662
0.226423
0.128077
0.0613555
0.0600785
0.662
0.110774
0.595425
0.662
0.312573
0.662
0.154515
0.240858
0.532915
0.662
0.423405
0.426054
0.596577
0.167342
0.662
0.40277
0.116041
0.222709
0.124257
0.248962
0.662
0.227777
0.426935
0.662
0.482575
0.201851
0.107922
0.119127
0.0409358
0.361642
0.18344
0.247427
0.662
0.480141
0.11691
0.459463
0.0746143
0.0805953
0.276257
0.107052
0.662
0.470885
0.526046
0.164034
0.662
0.416005
0.297376
0.662
0.171712
0.3657
0.113256
0.662
0.0392667
0.0636957
0.662
0.188465
0.331888
0.193413
0.221703
0.662
0.210569
0.0709998
0.00837281
0.662
0.160919
0.382872
0.385473
0.662
0.405944
0.662
0.662
0.0896316
0.566513
0.262967
0.662
0.523214
0.366941
0.399754
0.284886
0.310113
0.662
0.362517
0.662
0.0807252
0.366289
0.106674
0.467607
0.662
0.270348
0.349235
0.421713
0.662
0.29847
0.108719
0.369598
0.430421
0.400334
0.150503
0.168957
0.0394771
0.456791
0.112687
0.662
0.350209
0.662
0.320366
0.662
0.662
0.662
0.11509
0.0770791
0.662
0.143776
0.474553
0.118258
0.379151
0.01885
0.272736
0.150625
0.662
0.221599
0.313333
0.662
0.279599
0.246509
0.662
0.180874
0.157078
0.629266
0.662
0.18823
0.513962
0.207728
0.0856341
0.280412
0.081332
0.0835235
0.586254
0.0724743
0.662
0.0815251
0.525364
0.430208
0.276676
0.662
0.662
0.116875
0.354837
0.128085
0.239879
0.199808
0.195224
0.435476
0.662
0.235533
0.662
0.0763275
0.250861
0.188803
0.285686
0.662
0.662
0.662
0.124218
0.168036
0.118048
0.198907
0.21397
0.277367
0.250697
0.152658
0.101847
0.211193
0.252742
0.116041
0.662
0.0829612
0.562914
0.662
0.0994922
0.151631
0.00527738
0.172818
0.662
0.0997796
0.484154
0.0407367
0.0448597
0.262475
0.305889
0.185581
0.481321
0.0268845
0.459893
0.135537
0.30399
0.115358
0.300823
0.265509
0.224689
0.331302
0.662
0.23582
0.237158
0.121448
0.186518
0.38133
0.41212
0.662
0.662
0.11754
0.104113
0.134705
0.186671
0.559768
0.00840766
0.202595
0.038836
0.260423
0.0976491
0.543149
0.236584
0.217581
0.662
0.118224
0.387466
0.158304
0.257159
0.113153
0.153099
0.208325
0.145385
0.293988
0.170001
0.0590657
0.662
0.63381
0.662
0.250283
0.472214
0.107905
0.11602
0.201026
0.261968
0.641021
0.662
0.163065
0.112053
0.260369
0.150618
0.230638
0.286483
0.13111
0.662
0.500367
0.433297
0.662
0.363156
0.114852
0.00756385
0.132464
0.171546
0.120779
0.102706
0.662
0.0986961
0.491349
0.168734
0.0696783
0.286297
0.0152605
0.348068
0.156602
0.17191
0.263862
0.131461
0.373201
0.0284352
0.662
0.662
0.455697
0.457203
0.212278
0.0393863
0.632471
0.396144
0.149859
0.662
0.15266
0.107167
0.0782118
0.662
0.157528
0.172676
0.662
0.640374
0.291116
0.662
0.215135
0.161092
0.214129
0.340687
0.270175
0.373971
0.452181
0.479635
0.42779
0.270694
0.414939
0.200591
0.156438
0.662
0.662
0.662
0.662
0.662
0.607838
0.662
0.49555
0.649525
0.317489
0.390373
0.0987401
0.391989
0.18351
0.269015
0.662
0.458548
0.15778
0.662
0.371013
0.489576
0.662
0.424835
0.501712
0.39306
0.582084
0.662
0.21757
0.541568
0.118713
0.289913
0.322401
0.38171
0.0956412
0.0694349
0.662
0.662
0.149693
0.188873
0.324658
0.554358
0.0904201
0.462575
0.375642
0.425396
0.300891
0.662
0.662
0.15927
0.345809
0.200062
0.0884762
0.404493
0.228521
0.662
0.25833
0.37978
0.470451
0.662
0.114877
0.632013
0.0576969
0.206247
0.223263
0.24172
0.111823
0.662
0.662
0.450019
0.0207448
0.662
0.662
0.392329
0.106229
0.298198
0.662
0.249264
0.121042
0.518791
0.33193
0.262297
0.0578399
0.444096
0.662
0.174053
0.101439
0.213492
0.12805
0.049132
0.104536
0.373843
0.243725
0.220583
0.309206
0.655536
0.194296
0.522821
0.56945
0.662
0.24903
0.662
0.662
0.0522388
0.131303
0.148698
0.260529
0.563642
0.662
0.617969
0.267993
0.221201
0.662
0.455466
0.102954
0.0720223
0.224358
0.088449
0.0791453
0.637227
0.211944
0.0619913
0.159951
0.662
0.286132
0.406708
0.431815
0.184696
0.18682
0.169366
0.456386
0.662
0.331322
0.662
0.44568
0.260853
0.0907311
0.339755
0.62155
0.624022
0.662
0.227414
0.662
0.662
0.160412
0.662
0.0526734
0.25881
0.296686
0.131665
0.662
0.152812
0.221164
0.0187014
0.079205
0.151093
0.453742
0.39027
0.0683493
0.166492
0.0767442
0.366561
0.0624905
0.422584
0.096121
0.0276852
0.0357411
0.36316
0.0105213
0.662
0.329914
0.616621
0.122036
0.662
0.658503
0.662
0.473537
0.0164221
0.662
0.0443346
0.306296
0.080905
0.278342
0.104418
0.0732789
0.662
0.219948
0.303666
0.532033
0.662
0.379399
0.662
0.570463
0.0510313
0.182983
0.518123
0.662
0.107386
0.177807
0.0501505
0.0261852
0.662
0.594209
0.140257
0.66189
0.232688
0.0479505
0.662
0.161388
0.178387
0.429082
0.359989
0.147846
0.215784
0.169938
0.411696
0.287262
0.113512
0.662
0.193703
0.662
0.426756
0.120506
0.590007
0.0915228
0.157693
0.0422621
0.0650269
0.182911
0.221162
0.662
0.201406
0.167055
0.0999193
0.195535
0.270487
0.293134
0.498576
0.138761
0.277396
0.11354
0.390292
0.0976561
0.379547
0.235843
0.21111
0.539944
0.662
0.247354
0.662
0.662
0.662
0.31738
0.412673
0.641791
0.18437
0.41233
0.524618
0.41599
0.258029
0.0952058
0.662
0.0224554
0.350215
0.118797
0.372804
0.112622
0.0844946
0.199792
0.244749
0.25669
0.0403122
0.268312
0.18355
0.437582
0.0546812
0.557507
0.510469
0.662
0.647616
0.347176
0.0936833
0.555798
0.372682
0.100732
0.106168
0.198311
0.14515
0.588306
0.662
0.0127166
0.238384
0.0490854
0.0469268
0.662
0.651022
0.458015
0.118221
0.233175
0.534557
0.217451
0.169486
0.145352
0.33286
0.662
0.440057
0.197912
0.106734
0.662
0.208794
0.0932986
0.662
0.275578
0.209563
0.0484553
0.662
0.295752
0.460284
0.197604
0.662
0.221625
0.15799
0.662
0.639648
0.0607083
0.173256
0.662
0.199463
0.109212
0.261184
0.543411
0.644013
0.405485
0.662
0.169402
0.662
0.318439
0.342804
0.0666321
0.0374274
0.662
0.0648174
0.410958
0.123128
0.417326
0.0829964
0.143343
0.2358
0.135095
0.0716952
0.662
0.662
0.662
0.103167
0.119035
0.0779851
0.162532
0.662
0.662
0.250198
0.0294201
0.0921916
0.00527309
0.117259
0.0986094
0.380553
0.325388
0.232679
0.198657
0.400772
0.195547
0.662
0.177328
0.0988027
0.187858
0.360464
0.111689
0.272676
0.0761499
0.662
0.385849
0.0124876
0.117626
0.198115
0.0723926
0.244305
0.0508248
0.0827509
0.662
0.28537
0.155056
0.0613225
0.662
0.401733
0.376596
0.0818131
0.150951
0.217783
0.582908
0.302535
0.221384
0.45581
0.127992
0.0667078
0.662
0.662
0.633311
0.488611
0.662
0.584532
0.254369
0.262056
0.362192
0.662
0.442836
0.517445
0.662
0.282002
0.193215
0.662
0.163178
0.346847
0.31477
0.208903
0.230771
0.1644
0.662
0.120911
0.0741494
0.662
0.0916835
0.202159
0.631811
0.662
0.154027
0.244838
0.102565
0.0647258
0.200062
0.31424
0.605101
0.394573
0.115621
0.0676462
0.0351762
0.0473531
0.110943
0.662
0.207347
0.0336219
0.541798
0.662
0.233173
0.196194
0.662
0.662
0.222371
0.0970835
0.539457
0.349002
0.24709
0.662
0.662
0.662
0.296788
0.662
0.461809
0.529399
0.23504
0.662
0.228536
0.662
0.212946
0.0336358
0.306087
0.0793517
0.257738
0.248751
0.0654639
0.232459
0.101041
0.437165
0.662
0.176966
0.326211
0.609524
0.158399
0.222464
0.588012
0.229616
0.424852
0.29912
0.262708
0.412427
0.650822
0.247017
0.036794
0.197691
0.344924
0.120707
0.146836
0.148488
0.120952
0.647402
0.191992
0.499187
0.662
0.237413
0.662
0.0892889
0.170919
0.423307
0.662
0.1353
0.234829
0.49345
0.0772154
0.18705
0.096453
0.195095
0.102785
0.662
0.0876448
0.328575
0.123326
0.248189
0.150885
0.14442
0.662
0.536345
0.00248255
0.296999
0.513696
0.292708
0.400205
0.133887
0.0303939
0.188383
0.391468
0.0687076
0.662
0.0379028
0.136747
0.485112
0.056377
0.662
0.662
0.662
0.231068
0.517827
0.213746
0.114574
0.100316
0.0792034
0.662
0.662
0.662
0.45828
0.305536
0.139936
0.0790555
0.57832
0.072831
0.380238
0.662
0.408241
0.453158
0.431942
0.104367
0.16965
0.143025
0.449258
0.614066
0.171427
0.119032
0.238082
0.662
0.662
0.662
0.179584
0.648592
0.368586
0.662
0.176889
0.391889
0.203135
0.332501
0.130034
0.379964
0.131752
0.071766
0.662
0.56668
0.191219
0.25391
0.435269
0.117873
0.394034
0.370596
0.181304
0.662
0.177027
0.662
0.247691
0.218795
0.0678409
0.0387933
0.107494
0.163858
0.662
0.0456165
0.578238
0.662
0.397828
0.389877
0.168891
0.111622
0.0510312
0.662
0.379299
0.21092
0.218822
0.129102
0.129543
0.375731
0.0546156
0.151597
0.313011
0.0701482
0.209204
0.203993
0.662
0.226645
0.662
0.662
0.160724
0.186086
0.0412329
0.15474
0.282376
0.219738
0.26943
0.233636
0.662
0.0567224
0.308431
0.662
0.444241
0.110349
0.461294
0.106404
0.273278
0.312085
0.44216
0.662
0.356431
0.662
0.38101
0.0796072
0.489831
0.272223
0.249572
0.662
0.350485
0.662
0.207198
0.133832
0.135901
0.493848
0.0720314
0.174528
0.662
0.662
0.543471
0.0809656
0.105435
0.662
0.164734
0.440415
0.500636
0.137486
0.662
0.658641
0.103619
0.239738
0.226278
0.136967
0.243144
0.170743
0.333608
0.280079
0.0700606
0.662
0.0182192
0.112739
0.120176
0.378301
0.182448
0.153363
0.132534
0.120371
0.177992
0.235535
0.662
0.0464349
0.662
0.200252
0.25398
0.209522
0.0411557
0.545997
0.662
0.196107
0.662
0.159688
0.0802253
0.365499
0.0586227
0.311472
0.22276
0.0691621
0.662
0.0840086
0.259566
0.108757
0.662
0.471538
0.175439
0.281069
0.313628
0.21145
0.662
0.318464
0.439697
0.1573
0.187783
0.275662
0.154265
0.0229702
0.300258
0.662
0.232296
0.375973
0.0705094
0.0594832
0.558916
0.355427
0.14485
0.135223
0.2552
0.132488
0.662
0.26755
0.405504
0.12091
0.125507
0.662
0.298084
0.248237
0.662
0.662
0.283074
0.551438
0.38807
0.278779
0.0645702
0.13316
0.264861
0.0600003
0.181602
0.164254
0.561733
0.153963
0.662
0.165007
0.588968
0.224053
0.298715
0.662
0.475259
0.36067
0.188523
0.227261
0.444507
0.121781
0.140981
0.206672
0.662
0.438912
0.662
0.0538092
0.361452
0.282387
0.235551
0.0793926
0.291928
0.116108
0.662
0.495481
0.662
0.115508
0.293363
0.118008
0.270796
0.21316
0.129384
0.662
0.256378
0.135924
0.30614
0.0904842
0.271449
0.119413
0.316999
0.453846
0.329143
0.335756
0.435674
0.160477
0.0666744
0.382742
0.171614
0.328738
0.662
0.120933
0.0718279
0.138718
0.462317
0.188533
0.22551
0.205887
0.0425893
0.11136
0.634702
0.386574
0.488808
0.130725
0.114913
0.4344
0.247542
0.119929
0.662
0.662
0.205134
0.388042
0.637052
0.127587
0.214265
0.339065
0.460545
0.492048
0.144513
0.581938
0.158225
0.126624
0.233965
0.0441918
0.171973
0.497978
0.294753
0.25682
0.283044
0.232374
0.0732302
0.152738
0.213926
0.123916
0.33359
0.314459
0.222014
0.154072
0.178293
0.349036
0.48953
0.206736
0.662
0.439166
0.496278
0.135526
0.662
0.662
0.148102
0.340116
0.127884
0.533358
0.0700843
0.293738
0.138614
0.0873857
0.367272
0.108199
0.317804
0.662
0.662
0.662
0.32369
0.662
0.123614
0.102286
0.17398
0.439505
0.0772179
0.308262
0.406025
0.262641
0.034578
0.582158
0.662
0.662
0.350788
0.047142
0.0890572
0.662
0.155339
0.662
0.279411
0.240969
0.0473651
0.0775281
0.662
0.182617
0.154843
0.474122
0.567649
0.0307849
0.137099
0.662
0.662
0.662
0.117668
0.14306
0.470806
0.235012
0.529506
0.153904
0.256037
0.188465
0.263708
0.167932
0.662
0.368458
0.0841911
0.251392
0.0564627
0.0484334
0.567116
0.456969
0.0942407
0.487502
0.000644055
0.0443861
0.105624
0.179685
0.286352
0.234227
0.272265
0.211886
0.25599
0.0561114
0.0886937
0.295249
0.450923
0.662
0.0595304
0.662
0.455597
0.18927
0.000489485
0.139499
0.124253
0.545589
0.320792
0.206938
0.426529
0.154517
0.394756
0.612081
0.149647
0.618331
0.227732
0.38951
0.646705
0.16184
0.103958
0.191778
0.356288
0.428029
0.410699
0.264272
0.227157
0.355198
0.111608
0.0960073
0.0451626
0.103665
0.662
0.0851901
0.193529
0.662
0.225253
0.0985207
0.0537269
0.33106
0.0716906
0.278073
0.570935
0.545248
0.127419
0.191008
0.160211
0.662
0.187035
0.314439
0.197771
0.223995
0.0844679
0.662
0.25907
0.507672
0.662
0.183584
0.175792
0.662
0.10799
0.326522
0.662
0.109054
0.0723785
0.228054
0.218889
0.178782
0.147378
0.0507399
0.140363
0.256035
0.316333
0.662
0.113676
0.228025
0.662
0.0823717
0.0968795
0.0886534
0.353131
0.158436
0.598451
0.339024
0.113002
0.16402
0.282559
0.184937
0.353952
0.297427
0.198749
0.43386
0.661184
0.355717
0.115257
0.38557
0.361857
0.0915239
0.261595
0.662
0.509282
0.339978
0.180487
0.45666
0.314533
0.662
0.163601
0.136147
0.662
0.258511
0.432992
0.217521
0.0816611
0.0821772
0.130475
0.0531423
0.662
0.136505
0.662
0.662
0.409087
0.662
0.00845702
0.186714
0.0671308
0.0849352
0.366826
0.662
0.0567849
0.662
0.167154
0.662
0.277503
0.662
0.185656
0.662
0.243092
0.112563
0.0714724
0.224324
0.138295
0.443888
0.0996991
0.662
0.117348
0.048627
0.0855966
0.321377
0.662
0.620814
0.596553
0.0761208
0.662
0.662
0.0999862
0.277336
0.459583
0.662
0.145109
0.429108
0.662
0.114422
0.0729416
0.383782
0.089533
0.0231494
0.662
0.662
0.662
0.270671
0.0956655
0.125301
0.391805
0.0171557
0.25325
0.411175
0.26216
0.631548
0.14277
0.4736
0.329165
0.392595
0.303946
0.0537511
0.103961
0.386003
0.662
0.120455
0.317346
0.137373
0.662
0.099716
0.0993971
0.415365
0.189151
0.0406209
0.160304
0.153817
0.662
0.318248
0.197338
0.365195
0.102171
0.595227
0.138936
0.153181
0.15871
0.531072
0.662
0.18503
0.153661
0.227043
0.0326402
0.662
0.101797
0.414981
0.168028
0.555007
0.662
0.227983
0.440762
0.662
0.13114
0.438494
0.129386
0.0695201
0.236134
0.0736615
0.160412
0.179696
0.123859
0.266368
0.0846953
0.662
0.157336
0.46816
0.662
0.662
0.615092
0.106718
0.200576
0.0962279
0.272904
0.291368
0.171427
0.40088
0.662
0.206154
0.382753
0.129064
0.0359208
0.0542022
0.55106
0.0632038
0.662
0.662
0.662
0.386274
0.185652
0.143222
0.662
0.187764
0.270583
0.19651
0.439206
0.0968673
0.0756749
0.471107
0.200899
0.386833
0.151888
0.376482
0.248779
0.416139
0.215517
0.454477
0.26892
0.180549
0.662
0.662
0.149257
0.662
0.130716
0.175579
0.232098
0.217039
0.118866
0.164699
0.219102
0.662
0.000854857
0.152526
0.145717
0.0774134
0.662
0.0756776
0.320044
0.0913551
0.648211
0.189477
0.10506
0.248068
0.395457
0.200133
0.341277
0.203083
0.487123
0.508571
0.164456
0.127793
0.0608189
0.293061
0.0673438
0.152088
0.19468
0.300836
0.0963262
0.127829
0.32671
0.0458055
0.280818
0.221578
0.662
0.364195
0.662
0.0550179
0.300866
0.065114
0.0159744
0.345097
0.662
0.0913988
0.346317
0.475528
0.428542
0.0821513
0.120422
0.384317
0.662
0.662
0.0418022
0.0638046
0.427626
0.226653
0.278094
0.148777
0.337613
0.160009
0.389359
0.25973
0.276312
0.500326
0.396747
0.13863
0.42055
0.356918
0.112799
0.247983
0.0663811
0.168856
0.297049
0.662
0.662
0.460529
0.662
0.142741
0.0186062
0.205448
0.662
0.12564
0.0998431
0.0994784
0.563336
0.0799748
0.0753832
0.662
0.374158
0.332039
0.188934
0.188225
0.156801
0.577725
0.086799
0.0673471
0.471062
0.235999
0.170275
0.137159
0.662
0.180544
0.120763
0.288396
0.282794
0.309911
0.197028
0.0896234
0.662
0.114122
0.0923737
0.662
0.133709
0.662
0.0330504
0.114503
0.00734218
0.662
0.290777
0.136947
0.273078
0.545108
0.662
0.131713
0.145972
0.193152
0.142412
0.0721935
0.662
0.234898
0.0595134
0.238263
0.0777397
0.147776
0.183535
0.0703833
0.356474
0.662
0.236579
0.0454816
0.0288412
0.196599
0.084625
0.211206
0.0284699
0.33308
0.662
0.15127
0.662
0.0099652
0.30537
0.105203
0.144752
0.0185397
0.212626
0.216158
0.0783013
0.064457
0.232989
0.0805688
0.662
0.338063
0.0794475
0.0429116
0.0448436
0.119473
0.266379
0.194228
0.415886
0.432375
0.275182
0.383003
0.24479
0.554361
0.662
0.295923
0.0936971
0.662
0.272504
0.208663
0.0861287
0.662
0.206616
0.236811
0.662
0.167949
0.151749
0.662
0.662
0.0584965
0.281359
0.0754648
0.3214
0.662
0.0919745
0.170614
0.43248
0.131539
0.211353
0.466064
0.662
0.366947
0.0479621
0.0919966
0.143006
0.662
0.662
0.341373
0.146352
0.662
0.332055
0.0937035
0.288344
0.662
0.139127
0.301107
0.662
0.266041
0.618733
0.474065
0.257282
0.662
0.115436
0.0538426
0.662
0.146288
0.573249
0.0511139
0.0508792
0.117059
0.157425
0.662
0.175019
0.662
0.424263
0.0979601
0.662
0.205642
0.617579
0.289141
0.244768
0.354122
0.0752856
0.26577
0.333636
0.158555
0.0916396
0.200788
0.230689
0.00593887
0.170975
0.0725482
0.662
0.0778056
0.0684933
0.232931
0.374634
0.249032
0.603583
0.0644074
0.662
0.128501
0.00355079
0.0972738
0.217795
0.110832
0.16637
0.322462
0.179816
0.152735
0.104595
0.125449
0.662
0.162519
0.133019
0.124395
0.404532
0.23777
0.662
0.212462
0.0998722
0.1641
0.196402
0.141574
0.124903
0.662
0.662
0.662
0.349046
0.662
0.296137
0.228578
0.17817
0.169848
0.0904547
0.166618
0.0189211
0.170058
0.579532
0.289411
0.662
0.116301
0.614883
0.437513
0.662
0.130555
0.455799
0.268449
0.0905918
0.124808
0.411742
0.422401
0.121973
0.662
0.0819061
0.662
0.544123
0.65016
0.353001
0.662
0.289868
0.0831183
0.272223
0.662
0.662
0.0959565
0.189967
0.645119
0.160831
0.362908
0.31858
0.662
0.150497
0.584912
0.167552
0.0740932
0.527685
0.42354
0.662
0.213558
0.121138
0.113457
0.159606
0.0586222
0.662
0.0135687
0.0699454
0.267586
0.264491
0.467082
0.162688
0.193373
0.0644416
0.141263
0.138053
0.485348
0.0861935
0.202107
0.175242
0.241067
0.307743
0.0391968
0.0795026
0.662
0.41229
0.334246
0.131335
0.101224
0.497247
0.316457
0.171451
0.0197717
0.364377
0.181336
0.205749
0.153699
0.662
0.113139
0.0100511
0.144419
0.315293
0.221549
0.195908
0.642367
0.285009
0.254252
0.662
0.219677
0.261448
0.00191046
0.0825188
0.0844836
0.422266
0.491623
0.662
0.662
0.114453
0.170945
0.268112
0.377576
0.373735
0.14246
0.324232
0.518269
0.662
0.662
0.281275
0.662
0.0994931
0.0454281
0.0812547
0.154657
0.151305
0.375444
0.623748
0.461023
0.662
0.662
0.0591503
0.258583
0.330929
0.0516078
0.131797
0.662
0.230472
0.187355
0.662
0.129167
0.469314
0.352731
0.595074
0.220094
0.662
0.0756708
0.161805
0.0559729
0.662
0.11891
0.235232
0.30103
0.394482
0.114937
0.156732
0.41113
0.515882
0.202852
0.0882941
0.347459
0.451469
0.170147
0.124284
0.405895
0.0986047
0.0842896
0.662
0.265858
0.294674
0.0536218
0.17997
0.128835
0.446759
0.391547
0.281657
0.662
0.662
0.529639
0.140542
0.149544
0.267439
0.154017
0.621968
0.285147
0.63031
0.662
0.269577
0.266351
0.320857
0.662
0.0359378
0.202504
0.299041
0.662
0.230879
0.141527
0.223226
0.403069
0.214303
0.0979521
0.418028
0.257353
0.662
0.0794615
0.164273
0.550552
0.12232
0.356918
0.215286
0.376234
0.226259
0.059451
0.367462
0.0923793
0.424034
0.284961
0.115912
0.183571
0.131859
0.0440144
0.148121
0.138237
0.0892505
0.103064
0.368579
0.198969
0.179485
0.336829
0.210215
0.0549821
0.100283
0.300798
0.0768337
0.211362
0.538805
0.182995
0.662
0.0484823
0.507478
0.463244
0.266773
0.548337
0.662
0.184446
0.553072
0.233856
0.633694
0.662
0.662
0.35598
0.0902663
0.137898
0.662
0.339332
0.662
0.0298212
0.615697
0.460573
0.229692
0.220787
0.377283
0.599726
0.662
0.662
0.618937
0.148155
0.0651467
0.124983
0.662
0.192023
0.662
0.32238
0.447867
0.349232
0.0796289
0.0553518
0.186982
0.124498
0.0655885
0.142521
0.294439
0.383413
0.219873
0.140031
0.0463654
0.111185
0.191354
0.662
0.113953
0.151376
0.232634
0.662
0.137193
0.418304
0.662
0.19583
0.401505
0.217206
0.0224793
0.662
0.662
0.178386
0.477581
0.662
0.2006
0.238776
0.206044
0.412122
0.0732524
0.187211
0.144081
0.0845017
0.464402
0.065118
0.187992
0.186341
0.156612
0.662
0.662
0.0782999
0.094978
0.207595
0.236025
0.0972277
0.346721
0.442851
0.217812
0.236247
0.0667081
0.417236
0.0275417
0.629763
0.0155872
0.111247
0.0194116
0.102128
0.570089
0.662
0.160913
0.132087
0.0438232
0.234349
0.462313
0.0533466
0.0114899
0.377659
0.265719
0.565605
0.138372
0.308977
0.222976
0.662
0.488398
0.178686
0.415753
0.353621
0.4917
0.309071
0.150568
0.499782
0.589183
0.452932
0.490575
0.65195
0.407325
0.0548329
0.120287
0.662
0.502069
0.210734
0.174765
0.254036
0.433126
0.329612
0.215855
0.662
0.160653
0.362726
0.461044
0.662
0.126359
0.16441
0.126062
0.0958287
0.22249
0.662
0.662
0.0519652
0.0784719
0.278799
0.24037
0.154444
0.163367
0.662
0.0551631
0.171877
0.518166
0.0688318
0.228244
0.267499
0.662
0.0139392
0.0788434
0.461032
0.0807953
0.217958
0.01413
0.385501
0.662
0.662
0.110776
0.476957
0.662
0.434976
0.174949
0.0807621
0.3715
0.221101
0.662
0.15243
0.662
0.0560204
0.194132
0.642171
0.662
0.130309
0.238136
0.308681
0.0808894
0.222873
0.094124
0.0665492
0.467277
0.421486
0.404919
0.284661
0.0466996
0.190064
0.115551
0.0939613
0.196305
0.212758
0.351679
0.215934
0.389684
0.393052
0.211237
0.236678
0.420834
0.0607535
0.360855
0.195713
0.427793
0.121307
0.662
0.440102
0.030327
0.101388
0.362641
0.09706
0.0874664
0.208643
0.153876
0.0613781
0.409591
0.534824
0.120627
0.291702
0.256024
0.269518
0.662
0.154489
0.340288
0.0643885
0.183981
0.13179
0.378526
0.311011
0.662
0.2765
0.591726
0.317186
0.0718203
0.662
0.146635
0.0988705
0.0723822
0.138895
0.0858982
0.188399
0.0696268
0.607542
0.241217
0.0955019
0.526678
0.0790898
0.0544386
0.464318
0.412576
0.533382
0.228226
0.143649
0.475523
0.662
0.105737
0.108066
0.192717
0.0703434
0.662
0.448303
0.208016
0.131898
0.122168
0.0790364
0.136622
0.0587451
0.437633
0.164094
0.376681
0.156255
0.081347
0.662
0.0063199
0.136905
0.0417306
0.509745
0.094977
0.222558
0.662
0.250119
0.662
0.111402
0.225628
0.232889
0.409748
0.0939162
0.0873995
0.368069
0.401416
0.34218
0.412662
0.259345
0.326451
0.662
0.0637101
0.50647
0.454334
0.662
0.174629
0.14614
0.662
0.662
0.0695465
0.411247
0.137581
0.340026
0.662
0.253926
0.132312
0.240127
0.0420653
0.0817407
0.150256
0.155993
0.335594
0.237509
0.662
0.179567
0.516313
0.359517
0.141146
0.0962582
0.233685
0.206062
0.0884719
0.0534956
0.458042
0.662
0.431875
0.653901
0.662
0.662
0.214576
0.0798241
0.662
0.662
0.020062
0.0775406
0.220722
0.160741
0.206484
0.662
0.17068
0.57942
0.19358
0.412491
0.130484
0.662
0.119831
0.131633
0.497733
0.662
0.407971
0.662
0.662
0.662
0.0868496
0.662
0.166134
0.140527
0.400384
0.662
0.381763
0.119136
0.172806
0.58202
0.231275
0.1248
0.0999465
0.0659057
0.184264
0.662
0.662
0.16269
0.21588
0.662
0.662
0.0418094
0.108803
0.265943
0.662
0.283677
0.253608
0.484919
0.662
0.127022
0.497918
0.185476
0.0704135
0.239073
0.0772836
0.0575956
0.0615697
0.0587925
0.212183
0.0704386
0.292316
0.224728
0.170169
0.332589
0.243784
0.259724
0.114694
0.389155
0.662
0.103223
0.250924
0.370075
0.369567
0.348553
0.662
0.152134
0.26061
0.139782
0.562224
0.467132
0.551366
0.0744607
0.212393
0.0676403
0.404716
0.34365
0.519737
0.069503
0.428286
0.138781
0.166254
0.145991
0.344784
0.084476
0.294483
0.0717056
0.361636
0.142677
0.113817
0.23576
0.662
0.552093
0.0310941
0.0732166
0.429842
0.196116
0.312625
0.0793623
0.106936
0.662
0.0442078
0.0694536
0.440836
0.135747
0.355783
0.608946
0.127902
0.35236
0.662
0.388764
0.140128
0.662
0.127229
0.662
0.277129
0.471535
0.223369
0.391767
0.334493
0.0472759
0.0771427
0.343225
0.101742
0.31103
0.228161
0.064362
0.32014
0.0882172
0.306372
0.229003
0.365956
0.194777
0.0731481
0.0771667
0.368366
0.19449
0.476307
0.193886
0.662
0.662
0.0717724
0.230687
0.201872
0.176349
0.351932
0.513404
0.0252244
0.404753
0.432985
0.547353
0.31411
0.662
0.20155
0.103464
0.335524
0.386581
0.173324
0.15328
0.392926
0.662
0.566272
0.414498
0.0474357
0.407857
0.213978
0.503991
0.282911
0.213339
0.232462
0.392568
0.388813
0.575433
0.0998894
0.5616
0.0460738
0.662
0.258991
0.0426779
0.0342626
0.15874
0.662
0.662
0.0589403
0.270929
0.436572
0.360363
0.344865
0.662
0.662
0.554681
0.386421
0.662
0.0382522
0.662
0.439767
0.263015
0.276549
0.119811
0.244328
0.662
0.629289
0.0494953
0.662
0.247466
0.116852
0.210006
0.149604
0.662
0.328468
0.244143
0.16482
0.192225
0.470932
0.312291
0.204913
0.268373
0.662
0.300679
0.170326
0.0829523
0.273665
0.65081
0.353558
0.662
0.460823
0.258578
0.595596
0.302287
0.277435
0.193686
0.366291
0.169902
0.121058
0.590298
0.296138
0.5017
0.274263
0.29715
0.108768
0.202491
0.355695
0.662
0.662
0.0783335
0.10856
0.169595
0.147801
0.662
0.42277
0.187132
0.0566303
0.143555
0.261187
0.0464944
0.37659
0.27418
0.367283
0.302205
0.338252
0.226432
0.135087
0.139234
0.225054
0.470829
0.186447
0.0735837
0.0576755
0.13593
0.281074
0.619375
0.662
0.245298
0.449096
0.545186
0.247946
0.472063
0.075769
0.662
0.64678
0.0523832
0.129175
0.662
0.238454
0.0687884
0.389324
0.41711
0.155537
0.279472
0.31851
0.0587667
0.173465
0.137588
0.592026
0.166292
0.305962
0.0866256
0.586975
0.162003
0.0367941
0.409296
0.431037
0.355013
0.116215
0.662
0.662
0.0590674
0.324707
0.34163
0.662
0.151099
0.662
0.173953
0.0867838
0.662
0.0546343
0.224794
0.436358
0.549605
0.102764
0.463206
0.156393
0.112004
0.254786
0.0163947
0.204003
0.348005
0.0768638
0.00106638
0.174754
0.247583
0.65966
0.662
0.0762145
0.0264698
0.0861379
0.662
0.0791824
0.662
0.161795
0.301993
0.254101
0.113964
0.0544558
0.1468
0.113411
0.425759
0.205491
0.261069
0.145506
0.149661
0.360816
0.662
0.264495
0.0589306
0.166401
0.0329775
0.507675
0.205413
0.251647
0.146521
0.464955
0.0961144
0.0830154
0.161569
0.384989
0.458434
0.429209
0.513825
0.662
0.0742809
0.0554279
0.662
0.129717
0.0338299
0.0984119
0.313082
0.399695
0.279197
0.662
0.269126
0.148287
0.372704
0.379874
0.583309
0.400368
0.0528923
0.662
0.418917
0.123982
0.0131973
0.388731
0.229216
0.0414392
0.157585
0.0129746
0.128603
0.0633902
0.439042
0.433224
0.662
0.123233
0.548104
0.435975
0.24222
0.0626669
0.130256
0.202403
0.662
0.400588
0.183449
0.441655
0.283623
0.141141
0.111794
0.00743731
0.12451
0.651742
0.662
0.224695
0.662
0.446163
0.194065
0.385156
0.334143
0.423411
0.0590683
0.113869
0.0591
0.240042
0.120169
0.662
0.194006
0.0504676
0.237149
0.662
0.236717
0.662
0.211418
0.148848
0.0385229
0.453328
0.371503
0.425215
0.662
0.319249
0.0450462
0.44057
0.662
0.027104
0.598512
0.647048
0.221175
0.662
0.567971
0.662
0.391493
0.04766
0.662
0.133799
0.0628545
0.189841
0.351265
0.516712
0.202342
0.0692115
0.379756
0.662
0.322972
0.074269
0.214169
0.662
0.124255
0.365565
0.662
0.0610678
0.227535
0.197723
0.350863
0.662
0.140511
0.22647
0.149783
0.0597935
0.130457
0.384966
0.0870714
0.0908339
0.273453
0.332244
0.190672
0.543848
0.662
0.0935896
3.72166e-05
0.662
0.365158
0.0831705
0.662
0.122761
0.337428
0.662
0.0693827
0.0545669
0.662
0.115481
0.133115
0.0986877
0.0625503
0.447145
0.182937
0.120158
0.181492
0.230963
0.124332
0.397789
0.0329931
0.255203
0.0411152
0.128338
0.447184
0.150815
0.17693
0.158198
0.264256
0.11091
0.0733909
0.662
0.307496
0.0923484
0.142196
0.177499
0.263668
0.662
0.11909
0.183301
0.564983
0.30445
0.229079
0.15698
0.233946
0.366259
0.124689
0.131052
0.367501
0.207571
0.662
0.104795
0.250479
0.662
0.662
0.662
0.204026
0.662
0.232995
0.124288
0.25675
0.662
0.207466
0.271335
0.183592
0.349331
0.278293
0.0984591
0.507253
0.662
0.662
0.662
0.163918
0.0791821
0.195319
0.42274
0.662
0.662
0.147731
0.462303
0.089355
0.0625235
0.163959
0.515324
0.169054
0.351708
0.0771636
0.249706
0.23623
0.662
0.662
0.190103
0.662
0.662
0.462957
0.248927
0.299342
0.14218
0.163435
0.332506
0.0640145
0.0593744
0.542637
0.662
0.295709
0.225895
0.123789
0.322261
0.276794
0.154309
0.271537
0.0488963
0.32092
0.183452
0.154496
0.222669
0.317744
0.2355
0.0753188
0.186394
0.0706863
0.0153816
0.630896
0.00472716
0.570038
0.302035
0.210863
0.662
0.662
0.109412
0.267513
0.662
0.0310592
0.218741
0.662
0.328961
0.438363
0.507808
0.313889
0.239924
0.320465
0.23139
0.662
0.204592
0.176685
0.0882996
0.55401
0.36706
0.662
0.143081
0.176079
0.662
0.446083
0.109749
0.192472
0.257158
0.0941191
0.662
0.184863
0.455889
0.12605
0.662
0.189243
0.240237
0.0983119
0.330161
0.0667768
0.552494
0.657611
0.662
0.0228304
0.156126
0.106046
0.138691
0.218881
0.662
0.531739
0.271149
0.0844889
0.148015
0.457554
0.210284
0.266965
0.414555
0.258128
0.402084
0.0974869
0.22627
0.2134
0.134363
0.115692
0.662
0.437646
0.0814844
0.0276098
0.163665
0.662
0.303615
0.348491
0.662
0.119048
0.038661
0.251811
0.20589
0.148485
0.388406
0.662
0.258743
0.662
0.159587
0.23565
0.662
0.662
0.332036
0.242808
0.0947187
0.543988
0.109687
0.261655
0.0448355
0.103019
0.12127
0.421169
0.240351
0.0797991
0.530136
0.165967
0.468974
0.478044
0.129056
0.246036
0.253006
0.0129378
0.662
0.642252
0.187162
0.121667
0.414064
0.10566
0.0501865
0.247355
0.167145
0.210437
0.285533
0.662
0.0467448
0.212806
0.228226
0.174549
0.296671
0.135281
0.227449
0.329673
0.0756058
0.662
0.103204
0.350277
0.460176
0.48666
0.662
0.538958
0.222123
0.662
0.128909
0.0659551
0.646745
0.662
0.263328
0.662
0.10424
0.662
0.455071
0.513821
0.143805
0.260527
0.0276756
0.0781285
0.133212
0.118195
0.119051
0.294158
0.563723
0.356655
0.429849
0.378112
0.215174
0.285462
0.662
0.0447465
0.662
0.265194
0.134187
0.190243
0.662
0.300356
0.454064
0.0858283
0.112376
0.39765
0.662
0.324903
0.323831
0.662
0.123829
0.344761
0.436773
0.185605
0.120818
0.662
0.662
0.391779
0.300319
0.105409
0.328775
0.187597
0.0520905
0.204982
0.087027
0.123085
0.662
0.32889
0.200487
0.530627
0.632781
0.0690696
0.392491
0.568388
0.00634663
0.0646967
0.662
0.0532256
0.416563
0.114077
0.102721
0.273617
0.106521
0.267519
0.178718
0.662
0.110885
0.393633
0.662
0.0564522
0.0337528
0.141663
0.108895
0.662
0.485289
0.0482712
0.1464
0.173691
0.0878427
0.582321
0.217667
0.347625
0.212663
0.662
0.0833787
0.662
0.154817
0.283258
0.662
0.662
0.662
0.153828
0.0711512
0.172491
0.384023
0.0460927
0.153424
0.283205
0.0947956
0.0918699
0.410723
0.0351433
0.414419
0.58614
0.591254
0.133643
0.0365672
0.250684
0.0204584
0.662
0.297248
0.375836
0.250509
0.152922
0.373748
0.662
0.662
0.0468385
0.662
0.0736246
0.100286
0.0661276
0.214981
0.420936
0.34013
0.200853
0.0525734
0.16331
0.0197357
0.172438
0.22579
0.140497
0.154909
0.396512
0.662
0.238536
0.308844
0.256662
0.323961
0.311731
0.15083
0.312367
0.177726
0.206154
0.225401
0.0931279
0.188557
0.0763362
0.062954
0.172422
0.0416675
0.164784
0.0840958
0.662
0.417012
0.23462
0.365981
0.54984
0.159337
0.662
0.289967
0.100231
0.285615
0.127003
0.129885
0.113169
0.662
0.242021
0.0692955
0.457505
0.662
0.662
0.662
0.662
0.470275
0.304354
0.662
0.150926
0.440293
0.252862
0.511342
0.112249
0.290002
0.159982
0.409215
0.0828026
0.185464
0.387592
0.25239
0.509852
0.10892
0.661059
0.662
0.253736
0.55772
0.106704
0.19228
0.0765993
0.218502
0.370745
0.485324
0.0996387
0.362561
0.225848
0.124293
0.356907
0.0684218
0.157665
0.320056
0.338655
0.662
0.662
0.208713
0.662
0.212127
0.186376
0.662
0.264228
0.0441598
0.387557
0.0738824
0.194582
0.194223
0.151203
0.213519
0.0236089
0.257484
0.412179
0.0698417
0.0614892
0.105845
0.19395
0.420324
0.662
0.540256
0.575444
0.185695
0.0845631
0.662
0.270455
0.172092
0.662
0.0405452
0.325353
0.191049
0.234521
0.0486066
0.118119
0.137408
0.662
0.586485
0.310716
0.0937808
0.146464
0.254024
0.13266
0.0923878
0.0538248
0.662
0.120819
0.356248
0.209915
0.0919184
0.15651
0.498935
0.662
0.0167872
0.304373
0.194699
0.145476
0.662
0.662
0.143889
0.662
0.379874
0.662
0.662
0.403993
0.123067
0.662
0.288179
0.324331
0.662
0.662
0.141905
0.20017
0.0975891
0.662
0.297935
0.196028
0.0736517
0.172586
0.114878
0.155286
0.272792
0.112184
0.1999
0.11915
0.176824
0.0935412
0.171167
0.662
0.170038
0.189348
0.241374
0.0167973
0.0736257
0.0316484
0.377346
0.662
0.0269565
0.131387
0.154776
0.00103652
0.203557
0.0475605
0.662
0.452897
0.146466
0.287529
0.180103
0.461932
0.0389741
0.192642
0.191807
0.457276
0.231716
0.0972328
0.499751
0.423729
0.115724
0.0814762
0.148509
0.261788
0.662
0.408203
0.408425
0.459168
0.662
0.662
0.36383
0.412442
0.192643
0.65923
0.445224
0.166999
0.1017
0.662
0.423101
0.376305
0.254333
0.000243862
0.531989
0.0539615
0.00900511
0.108102
0.662
0.181684
0.148455
0.145347
0.339027
0.013005
0.194565
0.122549
0.07958
0.30447
0.662
0.417578
0.435425
0.126419
0.589218
0.662
0.624626
0.0142768
0.110777
0.302338
0.412118
0.352768
0.662
0.495141
0.105399
0.254126
0.460564
0.106375
0.655936
0.563483
0.273332
0.327502
0.0479903
0.259825
0.34262
0.206208
0.0731148
0.662
0.363478
0.110061
0.561112
0.0959927
0.315758
0.593405
0.662
0.108257
0.0501649
0.18383
0.112531
0.20186
0.025018
0.383239
0.407952
0.0741305
0.563606
0.0097178
0.215017
0.662
0.662
0.230251
0.452585
0.05252
0.191912
0.355226
0.0273449
0.662
0.478041
0.230554
0.458704
0.282048
0.662
0.120197
0.130183
0.144935
0.0767331
0.129387
0.146009
0.21777
0.281077
0.113718
0.459358
0.410778
0.196173
0.662
0.0786256
0.662
0.033826
0.271634
0.181396
0.316974
0.662
0.662
0.110332
0.258883
0.196128
0.662
0.0985839
0.309953
0.662
0.331577
0.162858
0.211201
0.662
0.145577
0.130376
0.449389
0.0983744
0.465832
0.202607
0.570331
0.662
0.662
0.00862312
0.476458
0.0988269
0.222955
0.662
0.662
0.148609
0.53024
0.15443
0.0692515
0.117291
0.662
0.401742
0.075724
0.122836
0.175956
0.180716
0.0582514
0.172739
0.234131
0.119844
0.183323
0.237593
0.139159
0.265746
0.662
0.662
0.259208
0.270786
0.662
0.144456
0.23846
0.237053
0.0578276
0.252779
0.421798
0.0714902
0.439058
0.0449823
0.287756
0.292915
0.525453
0.0918899
0.128835
0.370204
0.254443
0.177152
0.126363
0.0334795
0.345391
0.14353
0.196745
0.662
0.662
0.174527
0.577213
0.662
0.317198
0.116972
0.332263
0.110179
0.432869
0.662
0.29552
0.00538247
0.121865
0.119989
0.0698152
0.418876
0.0850128
0.208579
0.19839
0.178054
0.203145
0.433935
0.427618
0.350622
0.122948
0.103876
0.427648
0.0980079
0.0201361
0.187625
0.662
0.202187
0.192894
0.662
0.662
0.293798
0.129817
0.210845
0.290188
0.267829
0.557486
0.137949
0.0183573
0.433547
0.207146
0.287654
0.104097
0.259238
0.158618
0.477209
0.55445
0.662
0.532121
0.507247
0.474778
0.405844
0.325198
0.415546
0.12833
0.191772
0.662
0.105613
0.662
0.108475
0.255051
0.292986
0.144297
0.0744938
0.0444943
0.00110895
0.379017
0.587387
0.129859
0.27182
0.662
0.662
0.211806
0.0743988
0.141261
0.451485
0.315001
0.230803
0.241418
0.501944
0.573138
0.662
0.083775
0.047305
0.42318
0.0987964
0.274982
0.0932613
0.205999
0.189777
0.472018
0.280768
0.1176
0.186613
0.610326
0.0972107
0.662
0.0447547
0.235229
0.213934
0.662
0.0654251
0.662
0.436289
0.334865
0.321412
0.349837
0.352691
0.662
0.0207803
0.0857687
0.244864
0.662
0.240577
0.662
0.578871
0.0414921
0.0875635
0.662
0.308854
0.662
0.0548007
0.662
0.10588
0.205234
0.152646
0.245222
0.0996933
0.204495
0.358643
0.437963
0.169187
0.212469
0.117871
0.485956
0.240086
0.174068
0.160243
0.123348
0.176434
0.0677718
0.233466
0.139151
0.51538
0.240489
0.0704009
0.184545
0.533523
0.0776803
0.121605
0.279867
0.186498
0.188682
0.15461
0.0485621
0.40452
0.24007
0.274785
0.453713
0.0683762
0.411607
0.22209
0.117993
0.369678
0.20469
0.662
0.0950146
0.235757
0.414778
0.386744
0.0534733
0.159838
0.373895
0.371864
0.292185
0.662
0.024808
0.606633
0.151619
0.662
0.642963
0.451933
0.44848
0.0854433
0.300633
0.174502
0.187298
0.0480853
0.434627
0.435573
0.18298
0.237485
0.662
0.127796
0.108095
0.0371243
0.451937
0.0778377
0.223913
0.188939
0.647801
0.224227
0.201649
0.157021
0.662
0.1479
0.325845
0.180184
0.161044
0.662
0.234827
0.451041
0.175836
0.0914995
0.293996
0.430499
0.662
0.166211
0.134059
0.15917
0.141644
0.0761073
0.662
0.0919058
0.552485
0.185336
0.0550735
0.386448
0.0389905
0.380169
0.195625
0.189405
0.662
0.267966
0.153752
0.135699
0.269993
0.0585936
0.516128
0.191998
0.111104
0.213063
0.580025
0.371458
0.205965
0.119718
0.349332
0.662
0.662
0.428963
0.605307
0.132798
0.232463
0.444115
0.11669
0.662
0.662
0.169395
0.191106
0.442397
0.662
0.0726269
0.480865
0.662
0.443783
0.423804
0.662
0.0560813
0.251641
0.662
0.198589
0.107308
0.491028
0.662
0.230829
0.170516
0.072275
0.287145
0.128282
0.231161
0.0340176
0.185519
0.165546
0.281833
0.614829
0.0714748
0.115976
0.0367492
0.204682
0.662
0.174885
0.662
0.218727
0.0720097
0.5024
0.270054
0.208396
0.352385
0.63408
0.662
0.436946
0.434984
0.134433
0.191618
0.0760459
0.135817
0.10855
0.662
0.0394212
0.18714
0.662
0.225969
0.20692
0.205246
0.662
0.662
0.262892
0.184921
0.125973
0.328441
0.331674
0.457285
0.161758
0.13669
0.520334
0.225058
0.446754
0.300852
0.17292
0.218827
0.0220513
0.341721
0.662
0.088062
0.157946
0.0898457
0.288568
0.152235
0.431547
0.102033
0.662
0.662
0.662
0.662
0.662
0.662
0.191547
0.0551469
0.136716
0.662
0.159262
0.105859
0.159924
0.662
0.289656
0.188864
0.662
0.561076
0.449217
0.0199596
0.330016
0.512471
0.233597
0.258531
0.174304
0.225975
0.662
0.179741
0.0219688
0.365459
0.0736383
0.0799666
0.000454887
0.279463
0.0920435
0.320683
0.358695
0.232997
0.15658
0.212986
0.18883
0.223848
0.178685
0.345676
0.108544
0.0950971
0.450658
0.217892
0.34551
0.213278
0.198556
0.00906218
0.118443
0.662
0.364777
0.0512507
0.552238
0.125564
0.662
0.417326
0.662
0.000914983
0.0203445
0.594931
0.478809
0.436682
0.106691
0.144004
0.244509
0.662
0.330967
0.228814
0.0739362
0.1286
0.32642
0.105919
0.309477
0.0397231
0.0925502
0.312243
0.376964
0.0121901
0.303176
0.324306
0.662
0.376016
0.0795003
0.217798
0.662
0.269212
0.174184
0.203099
0.662
0.312953
0.518704
0.454392
0.0746057
0.378187
0.113574
0.0249747
0.130866
0.185704
0.276814
0.469525
0.34958
0.14454
0.662
0.662
0.220319
0.394057
0.542735
0.109358
0.0516875
0.0498744
0.205506
0.168945
0.232711
0.200269
0.0323886
0.407818
0.425467
0.106918
0.239461
0.438965
0.366833
0.662
0.206981
0.220262
0.199435
0.662
0.246731
0.122993
0.0878494
0.105723
0.149536
0.00933521
0.35679
0.112995
0.662
0.0744203
0.550532
0.196391
0.545991
0.290776
0.662
0.0243764
0.392847
0.113901
0.662
0.377602
0.250103
0.0925178
0.217672
0.531202
0.0977491
0.45316
0.111286
0.358068
0.662
0.00222361
0.0891735
0.204006
0.083886
0.139449
0.217868
0.251588
0.662
0.0732012
0.109884
0.00185355
0.662
0.662
0.662
0.142698
0.582268
0.64567
0.205574
0.662
0.310946
0.16949
0.662
0.412668
0.393606
0.147462
0.0673357
0.662
0.542612
0.0582488
0.337473
0.297494
0.0795004
0.139715
0.474545
0.426919
0.662
0.188255
0.115822
0.304273
0.662
0.200908
0.0761561
0.0582798
0.662
0.20892
0.107569
0.151116
0.0107335
0.187209
0.475737
0.256893
0.191491
0.0706702
0.47068
0.212351
0.495215
0.2792
0.512151
0.311782
0.0792832
0.457068
0.662
0.483563
0.264579
0.131491
0.064858
0.166686
0.276338
0.140154
0.206372
0.662
0.427846
0.22391
0.0465067
0.185193
0.014984
0.456178
0.277069
0.662
0.369016
0.205297
0.138599
0.0950725
0.0426297
0.449022
0.0282228
0.188034
0.103479
0.662
0.2476
0.219029
0.42979
0.074896
0.0881208
0.648439
0.163597
0.0293516
0.430123
0.454263
0.327183
0.0534286
0.0801453
0.0823712
0.155681
0.0400215
0.41021
0.493284
0.221114
0.193341
0.044046
0.314027
0.0870469
0.136072
0.662
0.010501
0.197115
0.0983346
0.248196
0.662
0.0751696
0.662
0.112514
0.273881
0.119687
0.223713
0.0938347
0.662
0.0854024
0.420537
0.202454
0.267852
0.561114
0.34854
0.0952924
0.526918
0.136576
0.662
0.205721
0.296136
0.144508
0.0544755
0.612274
0.662
0.0844453
0.188481
0.662
0.662
0.662
0.614023
0.196029
0.662
0.639019
0.0481239
0.662
0.0425795
0.201165
0.208096
0.171371
0.0902592
0.052488
0.600167
0.18511
0.0685413
0.662
0.235375
0.224206
0.544702
0.559072
0.662
0.195404
0.226758
0.0736687
0.662
0.0806026
0.183276
0.443236
0.0518321
0.102422
0.197393
0.208735
0.662
0.205384
0.15445
0.141628
0.0331716
0.515913
0.393041
0.0680667
0.236318
0.208232
0.24827
0.157797
0.383641
0.662
0.477193
0.209857
0.662
0.35057
0.662
0.0923777
0.662
0.18525
0.204657
0.0822335
0.662
0.120973
0.303865
0.216298
0.662
0.0553293
0.662
0.552104
0.662
0.662
0.662
0.662
0.149464
0.510013
0.171974
0.662
0.662
0.0979023
0.662
0.128577
0.568845
0.183157
0.0478148
0.536204
0.161037
0.227783
0.662
0.479459
0.662
0.309578
0.203964
0.413936
0.393929
0.12208
0.0491232
0.557852
0.150589
0.115306
0.313992
0.24156
0.152051
0.492085
0.603516
0.245236
0.152372
0.0514764
0.662
0.212167
0.250587
0.182197
0.0904993
0.132773
0.198323
0.0330889
0.123966
0.204029
0.662
0.345489
0.662
0.0964174
0.662
0.264343
0.0651008
0.110174
0.4681
0.0898629
0.624152
0.0941385
0.132539
0.285384
0.0863726
0.117491
0.184384
0.662
0.539673
0.662
0.502047
0.0730235
0.354389
0.0852137
0.216437
0.662
0.154006
0.1815
0.348072
0.466735
0.662
0.0794692
0.0552614
0.114833
0.302803
0.567194
0.0958108
0.175558
0.578789
0.0639341
0.071743
0.150809
0.032542
0.101309
0.0391267
0.376484
0.662
0.0232692
0.260298
0.0479108
0.192868
0.662
0.324843
0.0816231
0.381768
0.236296
0.654679
0.204736
0.662
0.608653
0.163911
0.320674
0.136626
0.44509
0.137888
0.109012
0.0932896
0.117148
0.0596182
0.391614
0.13598
0.0568422
0.47033
0.109892
0.105671
0.328985
0.662
0.480283
0.0664449
0.662
0.233097
0.159989
0.482268
0.474783
0.662
0.114772
0.662
0.181148
0.0498386
0.662
0.0186282
0.418194
0.163967
0.0857446
0.134214
0.138339
0.084155
0.0654214
0.373833
0.662
0.259824
0.126369
0.45731
0.423452
0.0657213
0.310993
0.0886994
0.0872897
0.389735
0.12845
0.662
0.109895
0.5663
0.161511
0.174137
0.110934
0.260788
0.191133
0.131071
0.662
0.250564
0.204117
0.425985
0.0562122
0.662
0.199532
0.315284
0.662
0.379717
0.574154
0.318053
0.083141
0.319921
0.0874355
0.0703935
0.0942495
0.154347
0.252212
0.662
0.28005
0.0556502
0.226144
0.0693008
0.662
0.0459709
0.662
0.181511
0.449342
0.129161
0.0754597
0.662
0.662
0.25368
0.162286
0.662
0.662
0.109514
0.662
0.424146
0.292095
0.145333
0.577779
0.0837371
0.182322
0.19928
0.0715528
0.235225
0.42085
0.0963418
0.662
0.067622
0.165608
0.0787678
0.346751
0.439309
0.285742
0.136759
0.122699
0.191634
0.21587
0.594998
0.130382
0.662
0.219723
0.298359
0.469904
0.530164
0.0484242
0.0796382
0.0481843
0.266679
0.330266
0.504844
0.0517752
0.662
0.223439
0.662
0.110078
0.346755
0.31457
0.0644558
0.0978073
0.461627
0.122507
0.262918
0.317598
0.23631
0.662
0.239165
0.662
0.0779772
0.148396
0.000463451
0.0898207
0.470571
0.175157
0.42126
0.285893
0.195043
0.20936
0.662
0.0391875
0.227023
0.164161
0.417517
0.662
0.488454
0.00442425
0.330398
0.662
0.112538
0.247063
0.385709
0.467033
0.58905
0.293811
0.292388
0.154637
0.0113881
0.142671
0.0140302
0.363696
0.377442
0.0224975
0.662
0.0907394
0.127125
0.412046
0.278196
0.176653
0.632288
0.662
0.335181
0.372481
0.307581
0.252006
0.0920534
0.388125
0.463225
0.662
0.115661
0.662
0.403152
0.189906
0.662
0.163409
0.483812
0.662
0.171885
0.051728
0.100542
0.282499
0.266654
0.110657
0.457916
0.599683
0.0654166
0.0924252
0.190086
0.0659997
0.0657534
0.178275
0.423788
0.124312
0.203705
0.128589
0.662
0.286989
0.662
0.498705
0.169229
0.369342
0.281769
0.312522
0.12315
0.109445
0.191509
0.0604532
0.107599
0.509347
0.344543
0.0846583
0.582878
0.145106
0.376204
0.12507
0.333446
0.389299
0.36046
0.120019
0.0775003
0.404999
0.13459
0.154344
0.241257
0.662
0.275077
0.480989
0.396113
0.0313896
0.557492
0.132635
0.450585
0.180078
0.0307598
0.662
0.238584
0.159753
0.148023
0.235365
0.301022
0.15303
0.255198
0.157991
0.0759385
0.0655942
0.107193
0.0640655
0.0424368
0.25034
0.245418
0.490258
0.394297
0.219852
0.420753
0.662
0.0959061
0.18111
0.208342
0.662
0.193886
0.0875259
0.12151
0.151853
0.416105
0.259465
0.121163
0.662
0.662
0.581415
0.285593
0.437068
0.132842
0.320989
0.662
0.662
0.343216
0.311789
0.190534
0.662
0.186196
0.56748
0.662
0.0803238
0.158064
0.662
0.0766838
0.153675
0.589174
0.0862014
0.0226662
0.570125
0.259681
0.200434
0.662
0.240702
0.662
0.662
0.662
0.166271
0.343059
0.117883
0.662
0.205851
0.141819
0.240271
0.00317292
0.530042
0.112336
0.0777923
0.0713862
0.241101
0.459806
0.338667
0.0695215
0.42908
0.59045
0.0960494
0.449931
0.0861129
0.214726
0.512522
0.662
0.662
0.271313
0.349491
0.191521
0.0538924
0.503678
0.0341029
0.48471
0.0539294
0.662
0.229867
0.576172
0.437051
0.058401
0.214527
0.310585
0.227886
0.385958
0.300014
0.255813
0.662
0.662
0.07682
0.662
0.188939
0.401025
0.145538
0.0837162
0.390634
0.0279786
0.329733
0.0483106
0.20404
0.142971
0.223095
0.662
0.123777
0.146425
0.186732
0.621536
0.198973
0.662
0.204116
0.662
0.662
0.36402
0.134411
0.452776
0.0552669
0.286008
0.099358
0.0981025
0.179203
0.115552
0.579588
0.355853
0.276374
0.59478
0.0595282
0.211756
0.662
0.0715613
0.662
0.475791
0.444496
0.0109991
0.20452
0.423784
0.662
0.0646398
0.369066
0.0779768
0.184254
0.662
0.395356
0.662
0.386437
0.320247
0.662
0.662
0.220733
0.662
0.662
0.139677
0.130702
