0.19535
0.25601
0.206785
0.662
0.662
0.367791
0.662
0.107863
0.261262
0.415819
0.662
0.196987
0.264415
0.202244
0.00930094
0.662
0.196732
0.103312
0.662
0.569457
0.473597
0.133924
0.233234
0.0571813
0.115694
0.662
0.372985
0.0956303
0.450116
0.481635
0.267046
0.36086
0.308217
0.142573
0.387674
0.662
0.0472241
0.202546
0.282064
0.191753
0.642306
0.110525
0.388714
0.287214
0.662
0.304574
0.225528
0.0610417
0.222337
0.144131
0.662
0.217879
0.662
0.103294
0.281365
0.242552
0.223138
0.403035
0.126353
0.0944594
0.662
0.0367099
0.408991
0.65815
0.0666028
0.205676
0.221832
0.662
0.253688
0.209748
0.662
0.115143
0.0894309
0.0406927
0.223703
0.0345272
0.0746953
0.337896
0.285967
0.265202
0.405525
0.231198
0.0783874
0.335319
0.163972
0.0562495
0.261452
0.176776
0.323477
0.295941
0.0395342
0.321009
0.605621
0.0758256
0.108222
0.207483
0.186811
0.0469025
0.125521
0.375289
0.399569
0.662
0.132819
0.164602
0.196123
0.413402
0.294771
0.245036
0.215053
0.234173
0.662
0.662
0.237687
0.51381
0.376372
0.468763
0.121363
0.179002
0.0713512
0.0788763
0.0535185
0.662
0.14269
0.0924319
0.112733
0.0802986
0.0933932
0.662
0.628373
0.494643
0.0280565
0.0956946
0.662
0.201149
0.134722
0.150855
0.213674
0.639726
0.275962
0.287354
0.662
0.430108
0.164752
0.662
0.662
0.378437
0.115275
0.347412
0.134685
0.14535
0.662
0.165325
0.191568
0.174771
0.18039
0.662
0.048255
0.0870427
0.133274
0.1199
0.266128
0.0945823
0.154886
0.0382266
0.488479
0.304927
0.420275
0.662
0.201819
0.161862
0.324154
0.662
0.229173
0.662
0.662
0.132931
0.276229
0.174446
0.662
0.127274
0.0302669
0.303823
0.127944
0.0687111
0.182721
0.185891
0.231385
0.189855
0.146096
0.0898898
0.146816
0.244535
0.240911
0.463831
0.662
0.176756
0.210478
0.0305178
0.586063
0.190908
0.143224
0.207235
0.0236873
0.00723196
0.662
0.450511
0.662
0.224327
0.534895
0.0497
0.271777
0.462514
0.0306457
0.0453012
0.379746
0.303914
0.427996
0.662
0.055801
0.16752
0.299961
0.261828
0.662
0.11849
0.208712
0.450888
0.604758
0.285291
0.662
0.662
0.132074
0.407114
0.132603
0.662
0.0590562
0.374756
0.334406
0.137976
0.304969
0.34539
0.483335
0.402077
0.136338
0.239584
0.0997834
0.0481766
0.44909
0.662
0.080762
0.286577
0.336192
0.492963
0.13682
0.425907
0.163962
0.212654
0.662
0.00610719
0.0944746
0.157315
0.325295
0.662
0.204082
0.159749
0.195979
0.0750366
0.228511
0.239111
0.215734
0.662
0.0665532
0.217273
0.124279
0.178657
0.662
0.347011
0.401967
0.662
0.662
0.611241
0.662
0.356371
0.241658
0.179668
0.352343
0.0207519
0.12916
0.614149
0.189052
0.0649639
0.14947
0.109841
0.0403156
0.156584
0.0837837
0.089483
0.560172
0.113822
0.16692
0.0894136
0.662
0.595615
0.0716374
0.47352
0.111436
0.351737
0.178271
0.20071
0.317878
0.0567173
0.189494
0.065615
0.100982
0.184334
0.0645456
0.061935
0.662
0.0946419
0.128019
0.307741
0.0530248
0.0724879
0.662
0.123572
0.299418
0.0373281
0.133052
0.11217
0.18036
0.109376
0.189842
0.142173
0.180906
0.0829887
0.356099
0.662
0.225408
0.377074
0.205319
0.246244
0.0515655
0.0845251
0.0789087
0.267699
0.105934
0.316096
0.113867
0.142745
0.252317
0.117944
0.166721
0.662
0.662
0.469881
0.282888
0.0676036
0.662
0.662
0.396653
0.662
0.662
0.112695
0.662
0.569644
0.117535
0.242432
0.662
0.439397
0.318519
0.364035
0.662
0.662
0.0282982
0.60419
0.258734
0.273883
0.348577
0.0393118
0.172605
0.662
0.453526
0.196513
0.137091
0.354203
0.0586197
0.662
0.662
0.0350513
0.0506364
0.662
0.0309329
0.217409
0.355922
0.552564
0.407064
0.340552
0.561871
0.194306
0.662
0.159008
0.125013
0.202773
0.234728
0.167963
0.216332
0.0782217
0.502188
0.64521
0.427011
0.3872
0.0639647
0.662
0.208926
0.280988
0.399905
0.662
0.483156
0.388399
0.101472
0.369427
0.662
0.662
0.111793
0.662
0.377322
0.282999
0.069462
0.0784566
0.25339
0.662
0.0500305
0.662
0.149955
0.431716
0.633282
0.196554
0.626101
0.364725
0.00634316
0.119861
0.288392
0.103579
0.326246
0.153323
0.0529077
0.151191
0.415042
0.11564
0.0592337
0.662
0.364715
0.0443762
0.131843
0.245251
0.113872
0.0761804
0.0289599
0.058859
0.662
0.168989
0.326786
0.126385
0.154002
0.662
0.378834
0.13034
0.517428
0.114287
0.30978
0.662
0.182674
0.565012
0.662
0.0947453
0.662
0.283617
0.149465
0.157392
0.0858032
0.473706
0.132671
0.0354723
0.662
0.152604
0.200852
0.409415
0.417692
0.115454
0.0384818
0.133869
0.0854941
0.26969
0.0575445
0.491986
0.0675781
0.662
0.399962
0.110761
0.170002
0.0602538
0.423039
0.325166
0.0818699
0.480883
0.385505
0.630764
0.662
0.202528
0.051884
0.186591
0.309098
0.147207
0.0442594
0.167843
0.218532
0.662
0.555921
0.103879
0.609736
0.155213
0.0851847
0.0644602
0.537258
0.326065
0.180494
0.662
0.156106
0.177517
0.250009
0.662
0.10706
0.662
0.202433
0.417253
0.263284
0.0677275
0.662
0.627825
0.20978
0.22286
0.454119
0.209336
0.662
0.57966
0.0137313
0.662
0.413832
0.239499
0.249302
0.423295
0.123568
0.170654
0.0844967
0.164741
0.0599929
0.162507
0.662
0.0561018
0.0730179
0.662
0.14151
0.662
0.0731651
0.662
0.115126
0.0435217
0.143951
0.00762137
0.272861
0.20527
0.0702661
0.481653
0.662
0.0878191
0.121116
0.104226
0.12868
0.662
0.214094
0.203864
0.662
0.250312
0.173449
0.415536
0.12343
0.133794
0.56338
0.53567
0.658478
0.257832
0.662
0.662
0.662
0.248176
0.0363152
0.64222
0.403354
0.662
0.5877
0.128712
0.110115
0.215145
0.10695
0.0527274
0.0714896
0.179773
0.0652317
0.662
0.662
0.0957357
0.142932
0.520701
0.484829
0.662
0.144872
0.629706
0.662
0.662
0.165934
0.14019
0.662
0.375425
0.252865
0.662
0.0898875
0.310342
0.108028
0.662
0.0849105
0.293101
0.0754673
0.243522
0.246083
0.662
0.0989681
0.175247
0.3625
0.662
0.201177
0.528788
0.207957
0.460698
0.501634
0.191145
0.662
0.359829
0.192124
0.0838073
0.662
0.662
0.329022
0.163045
0.662
0.516584
0.607868
0.351694
0.662
0.172557
0.00414248
0.384497
0.160078
0.408946
0.1395
0.196818
0.123389
0.0720519
0.335506
0.662
0.376289
0.227309
0.173297
0.352742
0.518738
0.662
0.176746
0.0898771
0.109575
0.216629
0.264198
0.010984
0.0923914
0.304192
0.286689
0.00215588
0.188878
0.662
0.662
0.285515
0.191372
0.32414
0.456218
0.405311
0.662
0.220743
0.541552
0.643085
0.145928
0.521018
0.52402
0.205129
0.254403
0.264429
0.662
0.20636
0.514826
0.285263
0.108489
0.662
0.14587
0.662
0.280252
0.0415436
0.246375
0.0800733
0.00857112
0.0903021
0.662
0.148959
0.327127
0.408701
0.163534
0.259008
0.0112582
0.255348
0.0612054
0.156649
0.170154
0.257435
0.433101
0.138876
0.190528
0.662
0.465222
0.198507
0.354471
0.0713388
0.0951486
0.341136
0.0914438
0.538514
0.662
0.131749
0.662
0.184813
0.145375
0.179027
0.318356
0.0655298
0.00439714
0.662
0.198873
0.662
0.479261
0.190365
0.442712
0.256964
0.464917
0.662
0.662
0.253091
0.662
0.0872971
0.662
0.310405
0.662
0.143537
0.189707
0.425493
0.00306044
0.0698104
0.662
0.140562
0.287115
0.0979977
0.601314
0.375568
0.169953
0.384021
0.270571
0.104711
0.662
0.133937
0.175527
0.20072
0.662
0.222125
0.472378
0.176438
0.42258
0.0642274
0.662
0.0951668
0.106146
0.390595
0.339683
0.091445
0.662
0.414483
0.316615
0.615957
0.0487349
0.313471
0.190617
0.184645
0.287444
0.181004
0.17951
0.262599
0.107168
0.106493
0.662
0.0283065
0.105625
0.328758
0.116342
0.30847
0.662
0.151925
0.0599962
0.0720012
0.109216
0.662
0.238319
0.456598
0.280668
0.105883
0.0303771
0.206135
0.0238975
0.246745
0.662
0.475872
0.0451897
0.0451673
0.0908839
0.662
0.221448
0.0416509
0.150359
0.662
0.244638
0.443799
0.288733
0.274344
0.0183127
0.0332407
0.220838
0.662
0.247254
0.105015
0.662
0.662
0.0487479
0.236243
0.128897
0.662
0.660426
0.222195
0.151052
0.662
0.00179406
0.548632
0.242153
0.662
0.662
0.316192
0.290385
0.107165
0.0938513
0.662
0.297976
0.109553
0.172005
0.236138
0.0576453
0.282385
0.44322
0.214735
0.662
0.239963
0.279498
0.662
0.195695
0.247376
0.214318
0.662
0.576598
0.0270206
0.662
0.450893
0.0624601
0.254918
0.324189
0.662
0.518878
0.458028
0.22332
0.639566
0.138172
0.121939
0.166903
0.40819
0.662
0.0733696
0.662
0.662
0.178921
0.662
0.601594
0.662
0.211704
0.197625
0.237042
0.575791
0.44034
0.37241
0.440652
0.383847
0.161288
0.0237254
0.125921
0.662
0.492017
0.453134
0.662
0.662
0.216159
0.257733
0.344799
0.37822
0.388854
0.101092
0.347464
0.662
0.255618
0.160784
0.056076
0.189236
0.371767
0.662
0.662
0.207613
0.37709
0.123667
0.480872
0.360166
0.0087715
0.235234
0.150499
0.321993
0.19419
0.662
0.293105
0.118455
0.662
0.287176
0.223315
0.24388
0.421506
0.242556
0.173822
0.376132
0.185666
0.238395
0.662
0.204221
0.226868
0.269194
0.2264
0.190105
0.186209
0.118313
0.0708519
0.180478
0.17914
0.18083
0.359942
0.0762401
0.662
0.0906556
0.156627
0.596867
0.467712
0.160119
0.332253
0.024006
0.104173
0.276359
0.193245
0.214399
0.154287
0.662
0.131634
0.634357
0.662
0.540445
0.360573
0.125208
0.408113
0.148207
0.662
0.266604
0.454985
0.395908
0.0748303
0.0993215
0.327262
0.639093
0.350041
0.0841855
0.497248
0.662
0.434686
0.243323
0.0672576
0.0544477
0.289118
0.226267
0.662
0.155001
0.25262
0.0621619
0.662
0.203126
0.135592
0.662
0.21353
0.600925
0.0872163
0.182479
0.216899
0.662
0.662
0.229255
0.243505
0.118728
0.662
0.189843
0.0864455
0.504609
0.021285
0.17256
0.296176
0.151244
0.253517
0.31906
0.0965697
0.131055
0.27647
0.271552
0.197182
0.254572
0.557307
0.230038
0.0400188
0.53999
0.13386
0.0972085
0.260948
0.255586
0.662
0.662
0.496542
0.662
0.662
0.0780389
0.225893
0.094225
0.0728193
0.262051
0.205668
0.208404
0.565787
0.216102
0.662
0.662
0.248679
0.443814
0.083696
0.132823
0.271608
0.409284
0.332818
0.286204
0.446871
0.0940125
0.470545
0.662
0.0758571
0.662
0.376462
0.114871
0.208406
0.165656
0.662
0.400711
0.182891
0.426482
0.235952
0.0754432
0.0288683
0.300301
0.662
0.228884
0.12696
0.210003
0.147909
0.492136
0.183327
0.531006
0.451017
0.662
0.206894
0.18505
0.195562
0.662
0.662
0.47625
0.260528
0.235984
0.476105
0.203069
0.12668
0.344613
0.0984899
0.243618
0.356791
0.638117
0.00352925
0.162196
0.136851
0.289575
0.662
0.662
0.0383634
0.662
0.0908409
0.662
0.290559
0.125315
0.662
0.662
0.662
0.662
0.662
0.107189
0.662
0.111018
0.165693
0.224945
0.142856
0.22935
0.171742
0.662
0.662
0.662
0.624394
0.197049
0.662
0.662
0.662
0.0209289
0.0665365
0.2605
0.0462589
0.18276
0.0812562
0.00436352
0.247523
0.217733
0.554723
0.138167
0.159739
0.0875401
0.662
0.137106
0.133783
0.499103
0.662
0.223311
0.271557
0.304246
0.334648
0.655125
0.228383
0.662
0.186998
0.196087
0.204358
0.218151
0.195604
0.251759
0.628863
0.662
0.245382
0.222679
0.129763
0.662
0.0754542
0.662
0.306386
0.662
0.662
0.107288
0.257941
0.174435
0.13094
0.328362
0.0865432
0.19185
0.183072
0.0764515
0.155898
0.190925
0.163406
0.498384
0.0415056
0.140426
0.662
0.390964
0.089718
0.222739
0.121507
0.138622
0.605071
0.00628634
0.662
0.178361
0.212696
0.134565
0.297644
0.262058
0.303608
0.266973
0.413224
0.2535
0.101789
0.209154
0.0983009
0.276665
0.278695
0.0600272
0.0831544
0.520462
0.427168
0.325948
0.215584
0.153782
0.106152
0.559564
0.131101
0.662
0.257251
0.280085
0.662
0.0672931
0.13489
0.363175
0.492855
0.040398
0.11455
0.142903
0.222738
0.0416147
0.00634733
0.151717
0.215846
0.65286
0.662
0.246805
0.0372817
0.662
0.241502
0.0524382
0.29761
0.0316342
0.662
0.426758
0.0800022
0.344984
0.103421
0.274839
0.376928
0.169625
0.0809325
0.413869
0.662
0.0873303
0.251842
0.0476961
0.0084572
0.360768
0.629031
0.433894
0.220487
0.161482
0.195269
0.00998008
0.65917
0.469259
0.662
0.662
0.352883
0.0606542
0.413911
0.304038
0.176693
0.105531
0.282111
0.0748853
0.599445
0.146477
0.255828
0.50374
0.0646856
0.565169
0.0503949
0.480953
0.329409
0.166845
0.662
0.117523
0.343097
0.0927162
0.38586
0.385729
0.218166
0.215269
0.0381093
0.00776115
0.487576
0.169327
0.210822
0.21188
0.133974
0.0644416
0.382328
0.144332
0.197918
0.244752
0.617801
0.073702
0.348284
0.662
0.662
0.19466
0.0776833
0.390206
0.0691389
0.130164
0.13628
0.0667669
0.28314
0.188799
0.385322
0.186534
0.610666
0.197126
0.31197
0.0337406
0.306642
0.662
0.115403
0.662
0.143094
0.0444507
0.231658
0.662
0.662
0.662
0.568414
0.113635
0.662
0.0639993
0.16746
0.457569
0.0466449
0.662
0.200628
0.662
0.160086
0.662
0.470346
0.235958
0.15437
0.303379
0.258349
0.199451
0.286409
0.064609
0.408734
0.0667577
0.123107
0.153574
0.156622
0.585049
0.662
0.160381
0.662
0.662
0.217922
0.142288
0.0699272
0.151545
0.332294
0.0771049
0.184469
0.398682
0.139871
0.336276
0.148867
0.662
0.185442
0.513405
0.110574
0.212195
0.662
0.201306
0.0909569
0.316476
0.178609
0.0740399
0.165259
0.257784
0.662
0.0961343
0.662
0.0978622
0.307742
0.170343
0.16531
0.457192
0.0822467
0.662
0.588096
0.27945
0.256113
0.12482
0.662
0.0808622
0.662
0.0662891
0.130576
0.662
0.604006
0.118914
0.0134238
0.356674
0.15423
0.662
0.662
0.628861
0.137332
0.153805
0.156096
0.347188
0.247718
0.394468
0.0792263
0.662
0.387706
0.662
0.662
0.662
0.475611
0.0147099
0.274815
0.662
0.048736
0.0420625
0.16202
0.308669
0.318616
0.325273
0.45294
0.022006
0.502752
0.0291543
0.662
0.662
0.335059
0.18476
0.0830002
0.662
0.188772
0.0298306
0.424812
0.403718
0.171162
0.0582724
0.0723683
0.148839
0.662
0.567697
0.233394
0.662
0.246042
0.297569
0.662
0.212526
0.09964
0.0603067
0.100498
0.206699
0.662
0.425677
0.166098
0.662
0.437669
0.258555
0.1623
0.337992
0.0841216
0.107955
0.426695
0.0573508
0.33126
0.393462
0.186279
0.363872
0.151015
0.193953
0.104151
0.662
0.662
0.143078
0.359842
0.275026
0.662
0.662
0.107775
0.0283521
0.0711006
0.597657
0.414216
0.507411
0.107884
0.0821547
0.156335
0.191513
0.410974
0.0806922
0.662
0.449149
0.662
0.0341601
0.14787
0.595432
0.043927
0.0952424
0.0978896
0.0901615
0.0423714
0.205395
0.216693
0.141768
0.059499
0.662
0.252207
0.146851
0.0381737
0.129516
0.358457
0.662
0.176104
0.131175
0.426165
0.367923
0.103245
0.0841464
0.434325
0.662
0.15932
0.354
0.366535
0.239168
0.519126
0.182902
0.142996
0.0988927
0.21955
0.322373
0.103213
0.662
0.111099
0.662
0.122786
0.0953813
0.239357
0.284327
0.260713
0.295713
0.15782
0.166638
0.0807263
0.0712385
0.184297
0.196464
0.308737
0.219961
0.310552
0.0716658
0.0100724
0.521372
0.208566
0.122696
0.157957
0.53647
0.662
0.0974077
0.334765
0.662
0.099139
0.0957733
0.115504
0.087458
0.00370765
0.0891519
0.662
0.662
0.0994758
0.0182212
0.286428
0.200261
0.662
0.203704
0.576179
0.260833
0.0768658
0.493137
0.152883
0.595506
0.376572
0.511584
0.0361536
0.662
0.115155
0.662
0.100884
0.0966149
0.26932
0.662
0.475901
0.266361
0.380757
0.662
0.0687456
0.662
0.351152
0.662
0.207144
0.429612
0.156519
0.201319
0.0807949
0.0828345
0.300358
0.662
0.0732789
0.245061
0.157457
0.256743
0.662
0.662
0.662
0.0956733
0.662
0.206628
0.246768
0.311294
0.0727769
0.188335
0.662
0.428656
0.147298
0.38878
0.15629
0.0227635
0.35109
0.255188
0.662
0.21596
0.297762
0.0798858
0.221688
0.432399
0.113351
0.402394
0.210369
0.662
0.225113
0.202138
0.562045
0.333871
0.167302
0.332299
0.34254
0.321343
0.057849
0.482257
0.662
0.628856
0.0698156
0.047763
0.380659
0.30523
0.662
0.0264537
0.0721093
0.136949
0.306831
0.446747
0.233198
0.218899
0.195356
0.372504
0.345393
0.21041
0.118453
0.030343
0.662
0.133008
0.298201
0.0678143
0.351174
0.237351
0.219046
0.265551
0.220052
0.279069
0.662
0.121332
0.380056
0.515219
0.289951
0.343668
0.153742
0.0732568
0.146768
0.096185
0.379194
0.265019
0.412015
0.408451
0.0885315
0.137008
0.172083
0.085724
0.662
0.101631
0.175454
0.662
0.662
0.166392
0.0176332
0.662
0.0862671
0.662
0.288559
0.662
0.662
0.638679
0.0642746
0.460762
0.0905485
0.0873336
0.0342852
0.662
0.317818
0.662
0.190771
0.18473
0.307817
0.341592
0.0692454
0.662
0.0926824
0.312966
0.0812309
0.0267925
0.662
0.107765
0.662
0.166801
0.47369
0.662
0.662
0.0997375
0.159123
0.222207
0.591309
0.0495912
0.202807
0.662
0.171067
0.132244
0.106675
0.662
0.18318
0.277778
0.131371
0.0769597
0.448236
0.662
0.353518
0.0530545
0.015131
0.180359
0.283404
0.4819
0.662
0.139177
0.110807
0.662
0.635809
0.42524
0.32787
0.236389
0.117165
0.202491
0.22313
0.374966
0.522293
0.112268
0.304677
0.39834
0.527402
0.256029
0.406979
0.332845
0.286573
0.0837922
0.0581612
0.0869655
0.105138
0.662
0.662
0.101194
0.121002
0.176211
0.400098
0.397753
0.122408
0.662
0.662
0.264387
0.0108358
0.116165
0.00181544
0.208775
0.143328
0.394159
0.137044
0.625995
0.662
0.662
0.540234
0.235033
0.650842
0.234495
0.123542
0.0465289
0.267649
0.131466
0.0536946
0.00579608
0.395688
0.0960176
0.282524
0.17795
0.265756
0.597268
0.0977926
0.267093
0.424249
0.10256
0.182705
0.24704
0.121014
0.114825
0.101271
0.146548
0.221125
0.277705
0.233202
0.0489034
0.405506
0.387006
0.662
0.455456
0.513172
0.29922
0.662
0.380321
0.0739305
0.606225
0.386206
0.151332
0.278581
0.1746
0.607069
0.186954
0.0637565
0.471243
0.173453
0.495553
0.662
0.162414
0.460137
0.107885
0.271091
0.164593
0.312497
0.116648
0.0811237
0.662
0.504455
0.324542
0.176985
0.347784
0.131318
0.249978
0.302238
0.0986313
0.0634452
0.474898
0.0793572
0.0601008
0.662
0.409457
0.277492
0.0819653
0.662
0.455185
0.273033
0.662
0.572529
0.192312
0.520303
0.215733
0.49169
0.210282
0.142965
0.288134
0.334804
0.419722
0.58545
0.011024
0.211305
0.0941725
0.24082
0.662
0.589854
0.587747
0.662
0.582081
0.0776363
0.43967
0.662
0.0702434
0.269949
0.0312255
0.0205357
0.0840146
0.662
0.114327
0.460305
0.276781
0.148099
0.662
0.556822
0.0961163
0.0429235
0.100873
0.429059
0.0944278
0.630795
0.266608
0.662
0.172884
0.0793885
0.106835
0.397882
0.196739
0.660735
0.147636
0.224241
0.0879761
0.375701
0.141459
0.161996
0.140419
0.0554243
0.249194
0.0879039
0.410041
0.287065
0.113842
0.330125
0.548929
0.148928
0.596316
0.356108
0.0977854
0.284045
0.143169
0.287261
0.662
0.0861048
0.271908
0.126289
0.242249
0.101021
0.279685
0.0816981
0.662
0.662
0.600902
0.662
0.662
0.662
0.0409352
0.35345
0.316291
0.447727
0.179813
0.0691381
0.259677
0.661519
0.662
0.4253
0.40329
0.509362
0.662
0.0606578
0.0247046
0.51213
0.164796
0.260685
0.305439
0.061712
0.469385
0.501067
0.662
0.207572
0.122957
0.566596
0.247002
0.0871054
0.180073
0.662
0.269776
0.0395209
0.306788
0.262489
0.662
0.419478
0.662
0.278224
0.202228
0.662
0.11626
0.1896
0.662
0.223892
0.662
0.106613
0.0654239
0.471207
0.164368
0.430654
0.32064
0.193399
0.156911
0.662
0.120613
0.662
0.246026
0.662
0.352913
0.315395
0.662
0.594435
0.403763
0.587532
0.662
0.127527
0.662
0.35445
0.210767
0.220155
0.662
0.449061
0.25003
0.0818093
0.0575139
0.184569
0.662
0.662
0.0557446
0.270992
0.209923
0.102049
0.0930856
0.14041
0.493193
0.662
0.129647
0.662
0.376935
0.4926
0.198164
0.104665
0.0555466
0.263931
0.33645
0.0955977
0.116365
0.662
0.662
0.185377
0.11775
0.662
0.34504
0.104162
0.043942
0.166727
0.080067
0.073613
0.330488
0.124894
0.353892
0.0767325
0.0115454
0.662
0.21634
0.32184
0.193158
0.509639
0.101186
0.247678
0.0458675
0.322755
0.502695
0.125111
0.0613559
0.298618
0.179143
0.0168042
0.249834
0.296161
0.662
0.216356
0.662
0.186307
0.662
0.183721
0.662
0.351216
0.563848
0.351349
0.127017
0.205876
0.0636603
0.107228
0.336409
0.362878
0.415768
0.475002
0.662
0.354594
0.187534
0.469506
0.662
0.662
0.302167
0.187986
0.0539055
0.636616
0.662
0.122056
0.0971632
0.209259
0.20201
0.0253447
0.230421
0.0266027
0.266644
0.662
0.121297
0.300365
0.361593
0.662
0.229738
0.0842821
0.0411183
0.510194
0.662
0.393791
0.235381
0.343557
0.277777
0.327891
0.13768
0.154213
0.217752
0.662
0.0286095
0.662
0.0898216
0.593597
0.137633
0.662
0.555774
0.662
0.662
0.0783049
0.134892
0.207142
0.405531
0.177901
0.108761
0.225606
0.200077
0.662
0.256853
0.0931145
0.253305
0.0993591
0.350717
0.526876
0.424037
0.513382
0.250163
0.11186
0.58327
0.0562999
0.65647
0.414654
0.662
0.240237
0.101969
0.0853068
0.266283
0.620578
0.35734
0.250406
0.156638
0.662
0.115287
0.57705
0.113318
0.315166
0.082393
0.360358
0.165021
0.0864949
0.662
0.0804301
0.662
0.181238
0.312972
0.435942
0.541288
0.0571686
0.0139403
0.288218
0.463377
0.25168
0.233011
0.106846
0.0248278
0.341526
0.155808
0.110344
0.262022
0.148088
0.0236172
0.050817
0.0587116
0.662
0.245397
0.0683203
0.163101
0.153275
0.241799
0.338986
0.408617
0.081905
0.295846
0.0680627
0.0524483
0.40432
0.0838077
0.192352
0.25585
0.186948
0.662
0.347539
0.134811
0.459111
0.273248
0.662
0.258709
0.334251
0.0825901
0.363875
0.298704
0.145575
0.662
0.202591
0.318954
0.358353
0.0679929
0.132194
0.662
0.0688613
0.655022
0.293092
0.257789
0.230688
0.199135
0.12401
0.181053
0.662
0.662
0.662
0.115261
0.0925004
0.204394
0.0468432
0.662
0.0500064
0.257806
0.662
0.342314
0.0925636
0.007994
0.662
0.14473
0.662
0.308734
0.662
0.301903
0.337444
0.584639
0.529286
0.662
0.0718055
0.0241916
0.662
0.138249
0.662
0.286945
0.243145
0.662
0.269817
0.168676
0.662
0.662
0.0703866
0.232731
0.220966
0.187827
0.147422
0.347964
0.662
0.198839
0.465894
0.537861
0.312453
0.0759979
0.16636
0.662
0.529632
0.0990786
0.154985
0.170294
0.0862898
0.187845
0.12021
0.658801
0.261748
0.42434
0.0859369
0.0907004
0.411528
0.225692
0.121887
0.0899723
0.426043
0.0047992
0.320555
0.159315
0.662
0.581044
0.327751
0.662
0.218778
0.345879
0.00226718
0.126
0.1626
0.0686117
0.495452
0.2335
0.441831
0.108092
0.282351
0.0296777
0.261708
0.248458
0.0749585
0.13544
0.499534
0.161768
0.47702
0.238869
0.589611
0.0246251
0.620486
0.0871998
0.154447
0.662
0.400302
0.244273
0.327078
0.113116
0.0767059
0.178083
0.662
0.657353
0.231114
0.00079825
0.589724
0.11568
0.594553
0.365717
0.0533664
0.191451
0.223352
0.662
0.0896999
0.124411
0.662
0.662
0.662
0.214991
0.050461
0.0707591
0.378588
0.662
0.203467
0.662
0.168492
0.166582
0.0660888
0.236565
0.484686
0.100156
0.226558
0.254554
0.24039
0.195897
0.574906
0.662
0.0444682
0.0654632
0.662
0.182393
0.273997
0.241407
0.662
0.0842472
0.662
0.0429594
0.193865
0.662
0.437554
0.662
0.216578
0.443187
0.234943
0.172593
0.23411
0.265773
0.662
0.430336
0.0292897
0.407528
0.16532
0.662
0.436512
0.153263
0.460902
0.267643
0.217181
0.662
0.323108
0.553224
0.338949
0.422127
0.0878754
0.243945
0.208165
0.199153
0.357839
0.436917
0.130702
0.561491
0.143372
0.589201
0.186607
0.231468
0.662
0.21158
0.164717
0.662
0.662
0.662
0.118867
0.411953
0.662
0.0545582
0.0341032
0.286033
0.181686
0.0866106
0.219817
0.105833
0.27117
0.361849
0.662
0.0778149
0.157919
0.229267
0.662
0.3155
0.662
0.662
0.575826
0.00944372
0.0869517
0.662
0.204722
0.290597
0.206559
0.662
0.39799
0.662
0.662
0.120996
0.112763
0.662
0.662
0.231735
0.0503994
0.662
0.662
0.0704177
0.126716
0.239597
0.662
0.662
0.163362
0.398635
0.0977517
0.108317
0.662
0.0220253
0.112391
0.1596
0.149892
0.605284
0.285555
0.121876
0.364717
0.544272
0.662
0.662
0.662
0.662
0.406712
0.0964363
0.307388
0.662
0.203359
0.384876
0.433923
0.292685
0.391621
0.26504
0.238058
0.141496
0.577547
0.0418944
0.662
0.103276
0.431035
0.326031
0.192302
0.409029
0.633391
0.199983
0.662
0.662
0.662
0.265788
0.593097
0.362943
0.158002
0.662
0.532317
0.0316313
0.203983
0.338335
0.662
0.470924
0.442739
0.095884
0.430738
0.254306
0.132846
0.547788
0.269144
0.016628
0.386288
0.18193
0.662
0.0794436
0.287632
0.026915
0.550212
0.185552
0.197267
0.363642
0.662
0.361876
0.0998781
0.0765007
0.150166
0.662
0.135276
0.0102403
0.662
0.662
0.352659
0.662
0.208893
0.129592
0.421145
0.0598949
0.29458
0.662
0.185034
0.170498
0.356608
0.311986
0.507226
0.662
0.315511
0.055804
0.0391325
0.0272998
0.142155
0.221737
0.090848
0.193291
0.662
0.273745
0.361419
0.662
0.357906
0.0605942
0.662
0.0256763
0.410184
0.199566
0.0871791
0.074769
0.207319
0.177106
0.14163
0.14843
0.242162
0.132612
0.101527
0.233174
0.662
0.0725635
0.170032
0.191819
0.167706
0.332383
0.110228
0.0689344
0.0534284
0.26342
0.253522
0.662
0.662
0.244063
0.0442743
0.662
0.298015
0.614289
0.216295
0.0654655
0.581103
0.155541
0.655711
0.311122
0.318986
0.662
0.354435
0.226801
0.232982
0.144258
0.247798
0.662
0.0476285
0.413362
0.662
0.208221
0.206531
0.159442
0.384351
0.130697
0.0881902
0.0375025
0.113335
0.311085
0.157627
0.662
0.102087
0.662
0.129732
0.136542
0.148009
0.146567
0.227638
0.487393
0.453424
0.0312467
0.0432438
0.256714
0.382841
0.209503
0.195803
0.342029
0.106491
0.193422
0.114743
0.0321641
0.662
0.079509
0.238769
0.0954202
0.324546
0.150284
0.349285
0.0722127
0.1383
0.201556
0.257986
0.122532
0.245602
0.242599
0.187326
0.662
0.662
0.211407
0.215901
0.0998432
0.108234
0.306915
0.181851
0.152777
0.00569877
0.259931
0.122618
0.16678
0.448021
0.244587
0.662
0.0423933
0.00239105
0.122433
0.367869
0.140068
0.208951
0.166738
0.612921
0.196744
0.0668921
0.101315
0.236307
0.150967
0.0550124
0.662
0.151852
0.196259
0.534957
0.330451
0.0847932
0.220068
0.1115
0.262641
0.120475
0.105336
0.109057
0.330332
0.0230013
0.314733
0.327467
0.386569
0.247077
0.191564
0.257183
0.0753388
0.186336
0.0839627
0.171385
0.662
0.173217
0.431117
0.250257
0.410417
0.191423
0.0932074
0.123278
0.133501
0.492014
0.662
0.513087
0.209055
0.0813943
0.629844
0.662
0.590923
0.170656
0.166861
0.0196981
0.0775709
0.0801194
0.662
0.662
0.141637
0.300992
0.0905145
0.432361
0.0588114
0.0273921
0.0213272
0.030058
0.170328
0.362719
0.10001
0.2879
0.0785582
0.128273
0.246382
0.0908306
0.105462
0.0635198
0.360337
0.0219997
0.233625
0.117687
0.311771
0.145469
0.105851
0.662
0.0645932
0.662
0.131193
0.165193
0.662
0.130435
0.250373
0.216757
0.0388372
0.274297
0.0775684
0.225643
0.41762
0.662
0.263614
0.522615
0.662
0.662
0.13825
0.662
0.226441
0.196708
0.211401
0.18813
0.133174
0.187769
0.662
0.0217633
0.210185
0.182852
0.0533005
0.0779253
0.276852
0.0677475
0.118562
0.662
0.42182
0.153401
0.160342
0.662
0.662
0.159121
0.0992567
0.171
0.152237
0.204313
0.131489
0.281693
0.177679
0.474967
0.662
0.185462
0.0424031
0.0898476
0.287002
0.306804
0.125385
0.134114
0.662
0.163551
0.0148089
0.0499421
0.0464302
0.443444
0.40205
0.582003
0.255819
0.51646
0.199968
0.103173
0.45987
0.213694
0.662
0.189828
0.443654
0.198127
0.0578826
0.425781
0.0739165
0.112117
0.0759262
0.278333
0.387086
0.336696
0.32945
0.662
0.0791227
0.0916846
0.0277664
0.450996
0.13857
0.0721501
0.662
0.662
0.177784
0.222024
0.0191146
0.131292
0.662
0.662
0.115094
0.144261
0.662
0.160536
0.579041
0.501998
0.245542
0.465907
0.498539
0.189613
0.389304
0.662
0.127185
0.169427
0.662
0.662
0.089404
0.184296
0.18858
0.396018
0.0771452
0.172803
0.0692484
0.28506
0.0525175
0.117291
0.270509
0.314965
0.220439
0.662
0.0497078
0.183504
0.213354
0.101058
0.35542
0.566102
0.0937123
0.11219
0.189457
0.228913
0.147174
0.0290599
0.103642
0.662
0.106758
0.662
0.662
0.119096
0.662
0.233141
0.219905
0.328554
0.662
0.20584
0.446458
0.499412
0.0649572
0.266279
0.217062
0.47161
0.424022
0.0639777
0.0502645
0.409426
0.230509
0.662
0.470804
0.662
0.229332
0.036066
0.662
0.463419
0.354494
0.662
0.245884
0.662
0.0157784
0.662
0.124239
0.47211
0.252168
0.610531
0.61786
0.340787
0.662
0.662
0.0105524
0.185725
0.250829
0.184939
0.453814
0.251922
0.662
0.103697
0.107984
0.0322029
0.118664
0.662
0.11517
0.224024
0.221726
0.379019
0.612177
0.0656696
0.462064
0.175524
0.118616
0.662
0.209827
0.501537
0.192553
0.662
0.662
0.0262902
0.255587
0.0515385
0.662
0.118086
0.248055
0.208656
0.165032
0.28099
0.27786
0.273519
0.662
0.142664
0.0816393
0.662
0.174859
0.662
0.142381
0.282155
0.24075
0.0497472
0.662
0.662
0.133882
0.24597
0.220124
0.364371
0.247969
0.447397
0.225848
0.173261
0.051286
0.0914387
0.0731765
0.0198704
0.279553
0.502964
0.471505
0.315752
0.194599
0.074056
0.437591
0.0627996
0.396102
0.662
0.191085
0.2163
0.362858
0.329072
0.144026
0.146049
0.125044
0.152732
0.662
0.059548
0.0953707
0.393183
0.151228
0.662
0.228637
0.320831
0.532636
0.662
0.179163
0.342384
0.233741
0.254666
0.662
0.662
0.10271
0.23234
0.27756
0.00763755
0.0801566
0.324244
0.662
0.248202
0.203067
0.178988
0.0154042
0.180506
0.662
0.177525
0.662
0.662
0.0468564
0.106571
0.137219
0.460685
0.662
0.315056
0.218724
0.251139
0.0729819
0.526282
0.157367
0.662
0.273073
0.662
0.182231
0.215064
0.19059
0.421987
0.464082
0.103376
0.567639
0.123165
0.122718
0.662
0.160327
0.141387
0.4001
0.342427
0.416772
0.662
0.105586
0.000422449
0.00233176
0.466634
0.436234
0.0583185
0.09662
0.662
0.0499648
0.0159901
0.189544
0.516798
0.145198
0.307657
0.0702306
0.165486
0.00394892
0.112253
0.234562
0.110773
0.0547975
0.0929154
0.385065
0.496869
0.0638161
0.662
0.0714394
0.541731
0.354108
0.116131
0.662
0.662
0.466571
0.662
0.19205
0.293585
0.050487
0.560198
0.286871
0.102671
0.0945877
0.186463
0.108362
0.058843
0.165679
0.122273
0.414799
0.621591
0.0421033
0.0558337
0.662
0.406742
0.209557
0.209984
0.104886
0.662
0.396204
0.315447
0.662
0.250228
0.208808
0.662
0.200634
0.227175
0.662
0.662
0.388212
0.162595
0.290952
0.164221
0.479528
0.662
0.152646
0.380343
0.0194102
0.113417
0.662
0.130268
0.336417
0.150963
0.229986
0.322841
0.328704
0.296367
0.641013
0.346145
0.143271
0.198801
0.26553
0.662
0.461076
0.477977
0.366155
0.0588544
0.366603
0.0480744
0.138977
0.662
0.157516
0.0804691
0.435711
0.292773
0.473674
0.662
0.432275
0.0322999
0.0976198
0.357908
0.119504
0.250074
0.662
0.662
0.184631
0.203442
0.101586
0.391068
0.268232
0.662
0.622076
0.0754361
0.662
0.417708
0.564943
0.183109
0.474593
0.0453994
0.241751
0.25757
0.230452
0.122725
0.188426
0.450842
0.00537115
0.275203
0.0376362
0.191242
0.15026
0.502732
0.662
0.050252
0.0780379
0.205837
0.123035
0.0751979
0.613062
0.0676394
0.662
0.104204
0.662
0.597263
0.430489
0.221319
0.662
0.105608
0.256344
0.0623049
0.0578646
0.116563
0.0588822
0.121904
0.149518
0.440311
0.662
0.285309
0.0212275
0.548243
0.0428184
0.662
0.297971
0.0704079
0.519938
0.530131
0.662
0.278732
0.0483596
0.0476944
0.184025
0.662
0.113265
0.17466
0.04059
0.465876
0.435901
0.662
0.0128225
0.355613
0.195762
0.067564
0.662
0.272473
0.662
0.0831123
0.200032
0.0497166
0.0756182
0.662
0.409069
0.147956
0.183518
0.123197
0.662
0.427277
0.662
0.298124
0.662
0.123627
0.662
0.276428
0.179859
0.10687
0.662
0.662
0.588313
0.231893
0.083706
0.656045
0.662
0.662
0.239559
0.111368
0.64637
0.168256
0.440933
0.117515
0.114693
0.270519
0.662
0.118564
0.104715
0.387584
0.298724
0.662
0.14249
0.0520879
0.309381
0.122896
0.662
0.662
0.619082
0.308834
0.261423
0.188061
0.0465206
0.035067
0.443292
0.0676428
0.244962
0.136347
0.426106
0.662
0.662
0.458187
0.0230872
0.662
0.0642453
0.211345
0.662
0.0230778
0.0358511
0.662
0.259524
0.0588365
0.228159
0.0870003
0.0648528
0.376404
0.345894
0.32686
0.302949
0.448552
0.153093
0.0475937
0.662
0.356066
0.534232
0.294691
0.215041
0.662
0.0809581
0.0320716
0.100984
0.127409
0.600788
0.520103
0.102273
0.662
0.662
0.0785878
0.449959
0.158119
0.232333
0.176145
0.177045
0.350938
0.21966
0.186507
0.101549
0.370201
0.102321
0.565227
0.662
0.208725
0.662
0.134534
0.662
0.324232
0.582681
0.662
0.347374
0.662
0.382804
0.0470811
0.153674
0.16138
0.323858
0.214375
0.295741
0.169834
0.091973
0.549517
0.269936
0.469728
0.420988
0.168749
0.129219
0.206498
0.662
0.662
0.16986
0.662
0.280225
0.371203
0.303416
0.186909
0.0953967
0.175215
0.122952
0.0889166
0.662
0.349467
0.203522
0.662
0.30269
0.0781419
0.526593
0.491024
0.662
0.0866895
0.45451
0.0771626
0.138412
0.354583
0.602136
0.149097
0.662
0.258441
0.33206
0.265218
0.090268
0.618677
0.573889
0.404359
0.633642
0.0922401
0.186289
0.434383
0.356174
0.0722953
0.662
0.435528
0.131102
0.0722708
0.127666
0.237481
0.086993
0.338878
0.431374
0.0434475
0.662
0.148699
0.373819
0.221644
0.613158
0.532409
0.225705
0.0922379
0.131132
0.244751
0.380121
0.16318
0.227822
0.662
0.41845
0.105775
0.662
0.131603
0.662
0.427674
0.112129
0.090181
0.587687
0.406457
0.116938
0.206358
0.600165
0.0244375
0.391092
0.256429
0.275952
0.245776
0.0879724
0.178325
0.14978
0.521453
0.280955
0.205958
0.16948
0.662
0.662
0.286711
0.0632424
0.00288414
0.121604
0.297911
0.235274
0.162108
0.111269
0.0968701
0.0854964
0.241602
0.00277179
0.662
0.662
0.0706874
0.109533
0.352161
0.229106
0.458774
0.0695876
0.541728
0.0146111
0.0500583
0.308487
0.151316
0.208039
0.117212
0.120877
0.62897
0.334357
0.662
0.662
0.0780043
0.39384
0.0928112
0.529716
0.470295
0.35118
0.103308
0.662
0.410405
0.120843
0.174082
0.429906
0.302035
0.414115
0.398199
0.536106
0.454513
0.662
0.365595
0.210308
0.300281
0.165849
0.195617
0.108624
0.13971
0.144533
0.627729
0.662
0.662
0.662
0.15075
0.53611
0.0703834
0.128282
0.613126
0.277654
0.160384
0.121676
0.172706
0.308108
0.620928
0.200633
0.218614
0.662
0.11989
0.159649
0.245789
0.0650104
0.0400422
0.662
0.186712
0.400197
0.223356
0.0169223
0.311807
0.49212
0.662
0.641296
0.1927
0.118019
0.040568
0.257309
0.24189
0.076202
0.234166
0.317803
0.579745
0.162366
0.662
0.151479
0.226127
0.662
0.57319
0.31343
0.658114
0.0947989
0.338608
0.371174
0.448019
0.660756
0.24494
0.0841485
0.434329
0.237801
0.200732
0.662
0.141956
0.162917
0.562998
0.00291902
0.055363
0.0820719
0.33222
0.538274
0.0415611
0.0980039
0.0115662
0.0875069
0.121263
0.133694
0.252609
0.662
0.141406
0.287117
0.362961
0.261033
0.465184
0.113622
0.0222815
0.0240557
0.148007
0.214592
0.0772893
0.468204
0.0624062
0.107037
0.129946
0.662
0.240121
0.27864
0.170498
0.527562
0.662
0.662
0.200364
0.157619
0.662
0.658839
0.0874049
0.424132
0.186647
0.19092
0.662
0.0581197
0.501375
0.0821169
0.0964506
0.139609
0.305812
0.142594
0.0629262
0.402922
0.0727419
0.498179
0.158969
0.662
0.448007
0.209528
0.441248
0.662
0.662
0.662
0.257694
0.113246
0.339084
0.265228
0.318659
0.637327
0.210548
0.662
0.662
0.31917
0.11359
0.662
0.662
0.342037
0.610886
0.662
0.209721
0.23157
0.203226
0.0623258
0.662
0.106219
0.0761029
0.662
0.167168
0.409331
0.104216
0.281066
0.137891
0.528819
0.192276
0.0715168
0.0664745
0.0759991
0.370597
0.0638934
0.403003
0.238674
0.245965
0.1234
0.211046
0.662
0.0169618
0.170684
0.176877
0.662
0.0809563
0.238582
0.293438
0.0390324
0.465263
0.28874
0.399189
0.662
0.087214
0.0605113
0.0849843
0.662
0.119104
0.0873616
0.0964353
0.465676
0.493032
0.662
0.124732
0.604081
0.0579768
0.662
0.478135
0.0941924
0.662
0.662
0.209423
0.348362
0.171967
0.0648422
0.155388
0.241293
0.662
0.662
0.100011
0.203881
0.00634546
0.0906992
0.116374
0.197891
0.0874219
0.364511
0.577523
0.475436
0.21159
0.401483
0.106518
0.212566
0.209845
0.404984
0.585593
0.125625
0.276359
0.192544
0.08932
0.073279
0.372432
0.662
0.118098
0.187804
0.14942
0.662
0.186878
0.209888
0.438448
0.208418
0.0567828
0.283039
0.662
0.0306693
0.238218
0.404015
0.662
0.476878
0.248702
0.0729405
0.662
0.662
0.662
0.190125
0.0781457
0.0330363
0.109108
0.507416
0.572942
0.274464
0.0883675
0.302569
0.110124
0.205741
0.356433
0.163963
0.126755
0.0597143
0.530613
0.148472
0.63912
0.236274
0.142461
0.0578692
0.116939
0.662
0.310707
0.662
0.0651341
0.104568
0.236068
0.170685
0.143169
0.234989
0.248916
0.122022
0.0952582
0.237443
0.662
0.662
0.208695
0.662
0.0399848
0.238157
0.125925
0.150669
0.662
0.229942
0.0733399
0.125339
0.63647
0.162688
0.158836
0.453387
0.169384
0.183923
0.226375
0.662
0.201662
0.11094
0.662
0.469294
0.662
0.154978
0.440933
0.601721
0.127248
0.662
0.125893
0.336211
0.129539
0.410013
0.474765
0.306681
0.257299
0.497553
0.352217
0.0441122
0.383156
0.120558
0.0833205
0.662
0.577607
0.662
0.261166
0.662
0.350237
0.239189
0.662
0.0353899
0.208164
0.662
0.662
0.205448
0.662
0.207201
0.149526
0.662
0.568487
0.340159
0.662
0.0682625
0.0341267
0.661501
0.662
0.155794
0.662
0.479757
0.381119
0.188472
0.0605065
0.228836
0.0635533
0.0875318
0.203187
0.184001
0.154916
0.198213
0.662
0.639395
0.234237
0.404673
0.120626
0.206525
0.102488
0.282308
0.238964
0.0796336
0.33308
0.174461
0.369059
0.10805
0.0711122
0.375495
0.41197
0.35165
0.223268
0.174681
0.157322
0.0973291
0.462577
0.10637
0.662
0.654213
0.382863
0.176364
0.456103
0.662
0.548353
0.264229
0.388539
0.662
0.0600881
0.222878
0.123443
0.169446
0.151978
0.301373
0.407303
0.46906
0.437512
0.662
0.610012
0.29527
0.158595
0.308002
0.0402203
0.541893
0.257483
0.662
0.339307
0.297283
0.386787
0.315607
0.0181855
0.468107
0.662
0.133745
0.195467
0.218558
0.449224
0.104424
0.238186
0.423686
0.0374901
0.662
0.310572
0.230327
0.316889
0.662
0.403914
0.215388
0.050201
0.0632811
0.0263461
0.411452
0.194004
0.403357
0.513952
0.662
0.365343
0.0459907
0.232965
0.34351
0.395318
0.291976
0.536312
0.0777927
0.196208
0.187155
0.387657
0.233856
0.0682258
0.175685
0.134956
0.14156
0.086004
0.440054
0.662
0.0136582
0.293006
0.295071
0.353694
0.136162
0.46958
0.248428
0.0633756
0.0225477
0.177997
0.0709952
0.0606091
0.133892
0.404546
0.18692
0.662
0.240677
0.520046
0.169158
0.662
0.324842
0.145477
0.393184
0.0148078
0.106741
0.136808
0.018472
0.00924575
0.214088
0.134022
0.00748131
0.662
0.0789243
0.0939797
0.545534
0.0109009
0.328805
0.445855
0.49687
0.662
0.318299
0.190703
0.207973
0.419672
0.662
0.420558
0.662
0.372568
0.416154
0.0213216
0.0202624
0.0788292
0.190796
0.219801
0.0549714
0.496906
0.662
0.414418
0.302865
0.00927469
0.123518
0.662
0.0452317
0.193815
0.332281
0.2159
0.277387
0.258465
0.281861
0.140875
0.226073
0.261919
0.113046
0.662
0.387551
0.0885267
0.229267
0.401487
0.662
0.662
0.129172
0.0711312
0.474525
0.581186
0.0849609
0.662
0.313057
0.249383
0.125888
0.318868
0.662
0.158854
0.119348
0.17175
0.0671836
0.104538
0.136977
0.45673
0.662
0.166065
0.130179
0.662
0.662
0.210478
0.662
0.17727
0.435889
0.662
0.101512
0.0876446
0.662
0.412712
0.298666
0.0606681
0.178016
0.560382
0.662
0.288429
0.524383
0.378274
0.115419
0.444704
0.662
0.100472
0.297167
0.662
0.179952
0.0853257
0.294784
0.466684
0.161504
0.201151
0.150327
0.200535
0.662
0.662
0.241109
0.0629436
0.662
0.662
0.104912
0.224107
0.0698356
0.662
0.132831
0.662
0.130387
0.662
0.0606773
0.188241
0.0375192
0.243157
0.305183
0.46236
0.392058
0.283191
0.446652
0.660775
0.361951
0.337337
0.662
0.25914
0.0835849
0.609525
0.185671
0.239142
0.154134
0.620246
0.662
0.662
0.662
0.409495
0.277926
0.0933312
0.586896
0.0784105
0.662
0.281293
0.662
0.304448
0.644821
0.662
0.0303697
0.607765
0.662
0.662
0.662
0.439564
0.662
0.352237
0.662
0.115517
0.213119
0.360143
0.117359
0.0693593
0.662
0.0722837
0.211304
0.662
0.298951
0.0857594
0.333078
0.364711
0.299504
0.0527769
0.662
0.170205
0.331082
0.351677
0.310346
0.20853
0.0545295
0.273036
0.313737
0.259618
0.164439
0.662
0.633391
0.245507
0.0777606
0.136013
0.36067
0.650755
0.382163
0.162722
0.0226201
0.516787
0.437931
0.235661
0.261639
0.371043
0.0532976
0.638884
0.0778929
0.313249
0.581087
0.184737
0.00843003
0.301246
0.315356
0.090959
0.126957
0.0805036
0.0571892
0.24142
0.0935268
0.3498
0.0834539
0.606009
0.5552
0.0851065
0.283709
0.512759
0.155567
0.662
0.173868
0.152275
0.247126
0.21027
0.65145
0.204391
0.528385
0.188609
0.134809
0.662
0.238307
0.362759
0.168527
0.662
0.138385
0.0573489
0.52233
0.115403
0.215859
0.662
0.662
0.662
0.57214
0.200529
0.662
0.324668
0.0641227
0.0736969
0.22322
0.0487966
0.662
0.00272575
0.0882228
0.107287
0.36893
0.0994729
0.662
0.662
0.175033
0.0894216
0.097093
0.0734275
0.662
0.235514
0.481854
0.401252
0.662
0.662
0.27859
0.113087
0.574446
0.216755
0.342969
0.0341369
0.040562
0.54329
0.0994467
0.437416
0.0797635
0.143672
0.115206
0.602091
0.199937
0.159726
0.662
0.119803
0.201379
0.525135
0.662
0.662
0.662
0.258285
0.226932
0.471441
0.265345
0.375572
0.662
0.112287
0.662
0.122133
0.229085
0.243403
0.00690944
0.139681
0.633391
0.293097
0.120237
0.425088
0.138394
0.195825
0.204038
0.0511829
0.462613
0.20772
0.357582
0.662
0.662
0.338004
0.207762
0.662
0.489269
0.229814
0.0123759
0.26342
0.153393
0.343147
0.157541
0.0979672
0.109069
0.104399
0.43202
0.662
0.18227
0.168978
0.123183
0.352769
0.126054
0.141997
0.0383241
0.662
0.187506
0.466364
0.0459588
0.144426
0.277685
0.662
0.311127
0.662
0.249139
0.214701
0.224439
0.349387
0.186192
0.330252
0.110339
0.0966213
0.662
0.069785
0.286893
0.624396
0.188895
0.279464
0.220296
0.662
0.307564
0.0496584
0.00504664
0.105871
0.17037
0.107969
0.256062
0.427769
0.163158
0.304541
0.292203
0.194204
0.662
0.34304
0.194938
0.404415
0.370843
0.216483
0.272989
0.117218
0.16475
0.161055
0.395919
0.269954
0.662
0.124606
0.0208019
0.00821252
0.132837
0.488228
0.231894
0.60695
0.529764
0.0251684
0.150158
0.555942
0.207322
0.662
0.260862
0.284057
0.286937
0.156351
0.662
0.662
0.129685
0.272993
0.178379
0.416041
0.549334
0.169176
0.662
0.107896
0.0937382
0.17442
0.481436
0.317932
0.365477
0.236201
0.417506
0.662
0.151775
0.503346
0.662
0.236461
0.135942
0.17731
0.157398
0.662
0.345385
0.0630903
0.279119
0.208098
0.0999622
0.662
0.0660534
0.409175
0.662
0.147795
0.235153
0.342591
0.173252
0.167254
0.662
0.662
0.0567115
0.214478
0.662
0.204811
0.208212
0.351646
0.296412
0.662
0.493495
0.169097
0.209475
0.514078
0.388809
0.39455
0.662
0.124605
0.0750442
0.287837
0.176688
0.394982
0.396591
0.56789
0.1111
0.520833
0.0655749
0.662
0.322656
0.314412
0.158424
0.160627
0.0699482
0.153948
0.253055
0.527161
0.17364
0.311492
0.662
0.662
0.168782
0.082369
0.662
0.662
0.105528
0.15926
0.0811761
0.619383
0.0456565
0.0960101
0.473815
0.160652
0.128816
0.094834
0.662
0.0987059
0.662
0.0844154
0.0650461
0.662
0.259126
0.159217
0.149163
0.294888
0.0588961
0.183694
0.174814
0.161892
0.414686
0.662
0.550914
0.279231
0.179002
0.320944
0.213131
0.0672184
0.275087
0.129705
0.125411
0.204006
0.373911
0.0707272
0.0555727
0.0180179
0.0337865
0.217314
0.170375
0.662
0.387437
0.662
0.477515
0.166342
0.282407
0.548962
0.662
0.662
0.13967
0.22465
0.1291
0.662
0.557039
0.060982
0.106339
0.167521
0.120748
0.2201
0.662
0.245053
0.117494
0.643064
0.662
0.10621
0.114255
0.101313
0.461104
0.662
0.0697838
0.104509
0.185543
0.662
0.207424
0.0707134
0.0735807
0.0997033
0.595525
0.147191
0.189505
0.648656
0.414816
0.204592
0.551317
0.662
0.230258
0.414291
0.216365
0.282589
0.662
0.011299
0.384647
0.163935
0.126326
0.161824
0.412646
0.662
0.487771
0.662
0.131984
0.378611
0.170869
0.166793
0.311817
0.312501
0.14218
0.176739
0.0107154
0.348604
0.662
0.225351
0.348791
0.629927
0.0572017
0.416735
0.504048
0.0627159
0.252383
0.175839
0.316663
0.343329
0.662
0.662
0.106809
0.388724
0.662
0.482859
0.662
0.662
0.218753
0.0691706
0.161346
0.208735
0.426644
0.186729
0.108617
0.662
0.218098
0.0957411
0.0573984
0.205592
0.372021
0.662
0.190634
0.133837
0.14412
0.156792
0.163251
0.662
0.045083
0.356698
0.662
0.44167
0.455107
0.0860264
0.168232
0.638188
0.098947
0.121761
0.000425407
0.0642011
0.130947
0.0669459
0.459342
0.10558
0.102463
0.147247
0.643543
0.662
0.662
0.484701
0.662
0.662
0.284558
0.121105
0.208931
0.160226
0.20882
0.662
0.0433324
0.147556
0.203321
0.662
0.332872
0.0596725
0.375749
0.0733214
0.215849
0.289651
0.662
0.272796
0.124503
0.250486
0.0891779
0.0768093
0.460062
0.116969
0.116516
0.408112
0.0538902
0.662
0.389653
0.294008
0.149968
0.662
0.270593
0.662
0.139859
0.662
0.178544
0.358828
0.0832197
0.0931068
0.662
0.340247
0.0757389
0.249728
0.357946
0.12164
0.211559
0.187887
0.137472
0.549565
0.0901954
0.10158
0.397858
0.330401
0.0989927
0.0425469
0.20553
0.0431903
0.060516
0.543226
0.0954059
0.397429
0.134321
0.625035
0.346635
0.125099
0.0848085
0.343627
0.0445709
0.20061
0.162967
0.314926
0.163778
0.309787
0.662
0.308157
0.187019
0.144389
0.112852
0.198457
0.117932
0.209982
0.343581
0.447885
0.179521
0.662
0.346977
0.0938311
0.245357
0.266112
0.200706
0.259756
0.318778
0.18775
0.662
0.094337
0.222259
0.406809
0.179425
0.155504
0.311858
0.226716
0.0634578
0.129892
0.662
0.365938
0.0470048
0.662
0.208553
0.662
0.0842869
0.662
0.342256
0.138256
0.163218
0.297691
0.100397
0.477546
0.390566
0.0783642
0.0914828
0.608294
0.121924
0.128622
0.061989
0.226028
0.662
0.588203
0.0859249
0.229371
0.313687
0.662
0.166796
0.186266
0.334232
0.108702
0.170129
0.21071
0.21052
0.227696
0.662
0.253889
0.0513232
0.302889
0.424061
0.301053
0.662
0.469133
0.249106
0.0782177
0.0880932
0.250025
0.202987
0.442126
0.0667572
0.100327
0.662
0.0588707
0.112444
0.62494
0.390519
0.304261
0.362221
0.149154
0.581171
0.196286
0.163634
0.0639577
0.0362433
0.054538
0.184637
0.195064
0.0535697
0.516708
0.477567
0.662
0.575492
0.603617
0.216859
0.150799
0.166354
0.0385861
0.662
0.0500106
0.662
0.0924767
0.463461
0.0671527
0.0954921
0.662
0.362236
0.405255
0.0552411
0.138192
0.532437
0.212384
0.461237
0.191177
0.458529
0.0469631
0.237435
0.151447
0.218336
0.198842
0.163112
0.477834
0.323932
0.274137
0.497901
0.307926
0.662
0.227852
0.475851
0.662
0.260207
0.142052
0.0770431
0.662
0.155721
0.463817
0.087061
0.201565
0.489458
0.21876
0.358477
0.447748
0.0305599
0.144957
0.0638152
0.461301
0.0788375
0.658431
0.15157
0.206003
0.196218
0.0299301
0.0672714
0.251167
0.657881
0.227918
0.106072
0.323072
0.425896
0.654153
0.276868
0.163407
0.0918909
0.331098
0.662
0.0863058
0.0618685
0.602955
0.0750596
0.230622
0.134141
0.393987
0.157298
0.214139
0.662
0.0422886
0.336941
0.115396
0.281418
0.62182
0.225798
0.110424
0.139146
0.0403739
0.336658
0.0257772
0.662
0.408555
0.193442
0.176106
0.460451
0.662
0.321935
0.22459
0.161991
0.12516
0.180858
0.152898
0.261605
0.162185
0.229174
0.340327
0.198918
0.106739
0.230549
0.0492912
0.202027
0.0627718
0.662
0.237236
0.662
0.19806
0.662
0.100542
0.322539
0.0917631
0.171676
0.662
0.114135
0.662
0.0708708
0.275374
0.662
0.222925
0.615432
0.0397612
0.227645
0.351907
0.117799
0.598623
0.138612
0.306694
0.662
0.662
0.0967404
0.0483772
0.662
0.0636611
0.153571
0.295899
0.412686
0.0663891
0.367408
0.662
0.160998
0.43416
0.0879417
0.0171535
0.402815
0.662
0.327252
0.204922
0.662
0.125947
0.0658803
0.662
0.326703
0.321994
0.64375
0.662
0.662
0.0304841
0.11066
0.176813
0.0562101
0.149873
0.0750268
0.662
0.179501
0.129253
0.330449
0.358287
0.383956
0.393476
0.177377
0.400308
0.00577039
0.146776
0.662
0.662
0.230286
0.0641739
0.466102
0.662
0.232842
0.227089
0.0761323
0.438449
0.384569
0.662
0.0603136
0.215637
0.0299373
0.662
0.262329
0.0635278
0.206571
0.4796
0.198911
0.0207251
0.662
0.305373
0.212862
0.108809
0.104528
0.662
0.271849
0.0206945
0.662
0.605438
0.174767
0.268741
0.116411
0.306625
0.112287
0.421711
0.32968
0.116149
0.662
0.127187
0.187094
0.662
0.101025
0.0514558
0.205588
0.252577
0.545576
0.109497
0.0528579
0.189683
0.243029
0.144045
0.495352
0.662
0.662
0.087543
0.328625
0.0692165
0.132843
0.0671696
0.174662
0.41443
0.14545
0.332529
0.178315
0.051861
0.406998
0.114791
0.115554
0.201984
0.246199
0.00091092
0.662
0.662
0.151212
0.0799669
0.275418
0.230114
0.662
0.473557
0.169568
0.345155
0.444542
0.124642
0.0513016
0.35259
0.089035
0.662
0.170428
0.565073
0.576249
0.0926555
0.134903
0.310144
0.210583
0.0590221
0.662
0.264577
0.126736
0.230338
0.221667
0.229728
0.218815
0.225767
0.662
0.479741
0.203573
0.175254
0.135597
0.383206
0.662
0.168653
0.278978
0.557526
0.0430949
0.3084
0.0953929
0.124958
0.324112
0.119913
0.662
0.106128
0.0465963
0.121159
0.192976
0.27072
0.35249
0.229308
0.0942099
0.176048
0.0167946
0.284848
0.396095
0.106823
0.173442
0.24126
0.0956451
0.662
0.254802
0.326881
0.165643
0.222887
0.201912
0.245295
0.0662891
0.662
0.254758
0.203756
0.662
0.0803579
0.415127
0.186261
0.299542
0.0629507
0.662
0.248422
0.495205
0.301045
0.080757
0.662
0.662
0.203637
0.249356
0.662
0.193885
0.0562019
0.109894
0.211191
0.116247
0.278592
0.265122
0.0869714
0.092011
0.0297784
0.662
0.225317
0.662
0.23037
0.579502
0.186721
0.0947079
0.207424
0.308883
0.313399
0.222729
0.662
0.511827
0.119528
0.0519406
0.0859389
0.662
0.208181
0.0794398
0.181047
0.367838
0.281597
0.273547
0.375468
0.0543536
0.662
0.0763065
0.662
0.0876022
0.41336
0.394918
0.0883413
0.530591
0.0322246
0.662
0.662
0.26866
0.253991
0.0786034
0.217861
0.0922015
0.662
0.117749
0.662
0.0644818
0.234106
0.152325
0.214923
0.15549
0.400424
0.578885
0.636369
0.067933
0.319811
0.086874
0.579655
0.190911
0.254901
0.3592
0.0400556
0.442301
0.133003
0.0492308
0.105822
0.0613621
0.114489
0.662
0.106317
0.662
0.0610204
0.172164
0.126389
0.662
0.37527
0.100411
0.502794
0.359441
0.124013
0.196438
0.419093
0.169825
0.445468
0.233765
0.183464
0.122799
0.378514
0.22796
0.278657
0.662
0.0144715
0.115712
0.0640798
0.329858
0.506309
0.148038
0.556577
0.635453
0.121694
0.100012
0.342581
0.0899328
0.374376
0.107665
0.188508
0.662
0.15162
0.208087
0.180244
0.112789
0.154187
0.0257931
0.395131
0.143457
0.107654
0.0149666
0.184825
0.291779
0.444984
0.449065
0.112688
0.242959
0.662
0.662
0.0995815
0.643947
0.201675
0.662
0.662
0.0218014
0.386836
0.662
0.191081
0.076699
0.300739
0.110732
0.662
0.662
0.0729106
0.0595717
0.662
0.0749729
0.163049
0.0858924
0.0882395
0.200369
0.196036
0.300668
0.403568
0.240422
0.225678
0.028012
0.459994
0.268163
0.0489992
0.216481
0.118209
0.246838
0.414018
0.05421
0.662
0.156607
0.253983
0.137634
0.459237
0.159119
0.225051
0.662
0.110713
0.286793
0.0408852
0.11107
0.0886475
0.633391
0.147627
0.282839
0.253376
0.30712
0.234116
0.260177
0.102812
0.662
0.375512
0.382286
0.662
0.385871
0.183185
0.118755
0.129986
0.229881
0.377607
0.229203
0.593897
0.662
0.281356
0.662
0.202425
0.544938
0.662
0.0458231
0.223528
0.662
0.0330508
0.0654078
0.103692
0.180531
0.026726
0.580509
0.263679
0.445355
0.111336
0.185697
0.320417
0.655739
0.2704
0.0874163
0.21207
0.662
0.515065
0.127949
0.0783277
0.662
0.662
0.123507
0.206469
0.662
0.336987
0.134268
0.199021
0.454165
0.568098
0.290475
0.662
0.223074
0.0505059
0.0773494
0.366813
0.139265
0.311051
0.168701
0.507651
0.057382
0.662
0.26449
0.0348083
0.127684
0.662
0.370397
0.498607
0.0269222
0.189964
0.662
0.662
0.212648
0.277244
0.216524
0.491723
0.0516523
0.114278
0.126533
0.0871387
0.381474
0.0850204
0.662
0.0171307
0.524462
0.536124
0.0824011
0.210485
0.190776
0.662
0.127995
0.319084
0.456199
0.138062
0.662
0.213175
0.147719
0.0489213
0.189497
0.227973
0.0120912
0.239595
0.597343
0.0769282
0.00342155
0.662
0.33728
0.662
0.116499
0.108773
0.564494
0.185467
0.473496
0.338232
0.166526
0.0624356
0.476593
0.662
0.236227
0.498628
0.426733
0.10504
0.326935
0.420378
0.0801416
0.483487
0.662
0.41631
0.0844114
0.299121
0.662
0.662
0.0749162
0.662
0.186937
0.576964
0.267841
0.455671
0.194315
0.147957
0.662
0.240703
0.258686
0.160713
0.234395
0.2693
0.0706334
0.0672714
0.373822
0.0907903
0.233201
0.120283
0.21185
0.158044
0.329154
0.340011
0.26204
0.259983
0.469566
0.0778255
0.107135
0.0532999
0.211642
0.662
0.662
0.264492
0.433337
0.662
0.250431
0.116176
0.662
0.495373
0.0846084
0.184565
0.200121
0.0650674
0.662
0.173028
0.178291
0.18829
0.0375495
0.0687264
0.203406
0.165251
0.158439
0.141631
0.0606539
0.105652
0.662
0.353065
0.296505
0.241086
0.0547939
0.1864
0.0971337
0.221984
0.662
0.662
0.273693
0.132543
0.662
0.412052
0.662
0.399308
0.189017
0.221953
0.0985645
0.354011
0.032944
0.175771
0.0906912
0.208139
0.54178
0.252821
0.207224
0.0603275
0.15844
0.143663
0.206862
0.291568
0.0706388
0.157496
0.662
0.638482
0.446116
0.0714009
0.662
0.281171
0.662
0.0623507
0.662
0.305172
0.662
0.130978
0.0825743
0.0952019
0.362431
0.584216
0.349261
0.662
0.306042
0.0661497
0.101754
0.457166
0.0931128
0.662
0.288355
0.0831054
0.246205
0.238002
0.149758
0.149368
0.662
0.212089
0.0597271
0.234431
0.662
0.157665
0.2829
0.418917
0.662
0.098612
0.662
0.160116
0.357589
0.196394
0.662
0.385249
0.204725
0.0188624
0.0530799
0.0501846
0.44208
0.0132038
0.170721
0.0305456
0.103779
0.238564
0.662
0.662
0.170437
0.13787
0.662
0.312934
0.662
0.223176
0.10698
0.662
0.139155
0.662
0.132273
0.10321
0.662
0.164043
0.5255
0.189066
0.443184
0.542806
0.042423
0.0677016
0.584854
0.0807393
0.50615
0.0867465
0.243371
0.662
0.0768033
0.0829803
0.179525
0.0760945
0.147785
0.662
0.36999
0.184717
0.662
0.0526493
0.662
0.145283
0.41778
0.117116
0.0700107
0.0949509
0.662
0.28949
0.43743
0.253165
0.352658
0.0972445
0.235243
0.662
0.364202
0.614513
0.40407
0.0862055
0.0218918
0.0833078
0.0549358
0.373941
0.235792
0.192436
0.117158
0.171132
0.106684
0.12915
0.211433
0.0568293
0.583331
0.662
0.320343
0.0580658
0.234576
0.109529
0.184743
0.176222
0.36114
0.47163
0.0939006
0.508856
0.194039
0.138238
0.193445
0.447357
0.0487941
0.164881
0.662
0.662
0.181132
0.151382
0.254537
0.335191
0.662
0.465218
0.314877
0.466679
0.0398544
0.0954768
0.0836516
0.102689
0.223217
0.459967
0.105303
0.13316
0.662
0.206257
0.139734
0.0933463
0.163592
0.201939
0.225286
0.311698
0.439684
0.207888
0.108333
0.0398192
0.363706
0.112206
0.132405
0.245283
0.0860881
0.0832967
0.662
0.0156561
0.362247
0.448822
0.222649
0.0912118
0.111416
0.662
0.138841
0.232866
0.662
0.300555
0.220856
0.200423
0.200434
0.35844
0.389301
0.0890171
0.583461
0.402518
0.0741943
0.0660482
0.195065
0.662
0.225657
0.416941
0.662
0.0396281
0.215841
0.662
0.134113
0.662
0.298606
0.512556
0.296643
0.600653
0.662
0.320431
0.0704485
0.392604
0.310651
0.536146
0.152354
0.162382
0.114255
0.662
0.210318
0.521633
0.257339
0.662
0.662
0.172354
0.398297
0.662
0.0736956
0.205002
0.662
0.163004
0.662
0.27505
0.529991
0.561463
0.371318
0.461014
0.662
0.662
0.662
0.453334
0.0745294
0.426475
0.367697
0.222859
0.133031
0.662
0.095248
0.104288
0.0491005
0.132705
0.221004
0.0954948
0.662
0.662
0.662
0.114269
0.173496
0.662
0.185921
0.132793
0.662
0.528693
0.0917459
0.400419
0.553697
0.415274
0.303902
0.290389
0.0415227
0.58416
0.131139
0.177172
0.20416
0.282118
0.043589
0.118653
0.5107
0.0910654
0.584777
0.662
0.114213
0.249697
0.380906
0.39283
0.464206
0.16893
0.662
0.150244
0.0439154
0.662
0.094194
0.662
0.146038
0.421546
0.050495
0.600325
0.233561
0.16294
0.218949
0.264265
0.58102
0.205992
0.0220646
0.426675
0.221637
0.100247
0.35623
0.237215
0.184716
0.29305
0.432441
0.413971
0.0686273
0.277252
0.402771
0.662
0.142175
0.202187
0.440618
0.19559
0.101762
0.214287
0.237134
0.0505018
0.18699
0.662
0.208521
0.123353
0.662
0.243252
0.211035
0.662
0.248664
0.379121
0.0601036
0.101602
0.145536
0.136732
0.0679863
0.267364
0.435505
0.059881
0.186756
0.194521
0.184749
0.452367
0.662
0.247177
0.662
0.61687
0.662
0.261368
0.662
0.285837
0.0486936
0.339619
0.113552
0.409871
0.492745
0.662
0.662
0.0757747
0.597288
0.218755
0.439815
0.0910335
0.392138
0.238999
0.0500827
0.662
0.662
0.498678
0.0229188
0.0998171
0.662
0.0633703
0.0485433
0.370253
0.229882
0.407269
0.259435
0.270517
0.510511
0.0352273
0.106755
0.0089602
0.1
0.662
0.657123
0.6438
0.047884
0.662
0.598823
0.662
0.426988
0.0808147
0.109557
0.010255
0.454661
0.0939513
0.207299
0.167293
0.662
0.267952
0.446208
0.0932348
0.0801144
0.623202
0.147432
0.387323
0.430606
0.157986
0.222079
0.214456
0.662
0.0230455
0.116291
0.181973
0.09944
0.153016
0.133907
0.245651
0.311041
0.218909
0.3489
0.601229
0.310303
0.265108
0.662
0.317672
0.21488
0.0360437
0.288329
0.162668
0.285067
0.0822754
0.109327
0.662
0.269905
0.453961
0.539717
0.218102
0.12997
0.662
0.459754
0.0198654
0.274978
0.0373387
0.00426719
0.662
0.465771
0.543052
0.662
0.662
0.662
0.117781
0.126097
0.206778
0.190191
0.101671
0.135494
0.133998
0.424274
0.0106643
0.237482
0.301361
0.226453
0.134305
0.253646
0.662
0.662
0.433374
0.223089
0.0924373
0.662
0.662
0.108876
0.058439
0.0295611
0.267924
0.299543
0.346893
0.0693558
0.0890828
0.357382
0.457759
0.251004
0.662
0.215112
0.308738
0.27086
0.135779
0.109713
0.414503
0.279403
0.0318604
0.248481
0.124985
0.109993
0.063032
0.141049
0.662
0.35788
0.656592
0.0906089
0.365211
0.279008
0.18604
0.242949
0.0709796
0.166236
0.246458
0.237551
0.662
0.208571
0.593774
0.287868
0.0741287
0.662
0.368546
0.221031
0.662
0.379543
0.662
0.350827
0.190809
0.662
0.403379
0.662
0.30569
0.662
0.148619
0.379137
0.10207
0.233813
0.307838
0.129795
0.32776
0.272817
0.0853841
0.180802
0.551416
0.0213266
0.662
0.0192504
0.31103
0.599746
0.662
0.634548
0.142312
0.14955
0.427434
0.662
0.447837
0.0585348
0.138601
0.0659794
0.084268
0.511771
0.662
0.289943
0.662
0.208466
0.318928
0.0671177
0.643857
0.662
0.242401
0.0749765
0.11672
0.59967
0.364846
0.397212
0.161794
0.109912
0.662
0.379704
0.450726
0.42623
0.662
0.24762
0.450319
0.181254
0.303671
0.232616
0.387686
0.129609
0.310268
0.204683
0.249375
0.470587
0.295009
0.00449576
0.662
0.662
0.175299
0.662
0.513183
0.213261
0.359766
0.302219
0.662
0.286865
0.289963
0.433133
0.393358
0.662
0.662
0.466414
0.46516
0.110136
0.147149
0.0765229
0.662
0.289994
0.388561
0.662
0.466443
0.517649
0.662
0.35973
0.274629
0.0363871
0.0724315
0.192719
0.105785
0.455376
0.123957
0.174595
0.0228991
0.117332
0.662
0.118748
0.116784
0.0991775
0.662
0.226756
0.086822
0.244291
0.219309
0.0419834
0.0838
0.142087
0.198142
0.00564141
0.241345
0.100015
0.236949
0.345792
0.208775
0.0792069
0.0682879
0.195577
0.127774
0.00837645
0.201821
0.662
0.146164
0.204452
0.215979
0.120092
0.130209
0.107138
0.242361
0.234154
0.662
0.172706
0.190409
0.561683
0.146005
0.261424
0.421603
0.228109
0.492577
0.662
0.27945
0.662
0.158312
0.464924
0.662
0.176865
0.662
0.0677378
0.662
0.128991
0.164809
0.0787191
0.19892
0.499195
0.0738318
0.259524
0.211038
0.202979
0.169377
0.367375
0.154488
0.117792
0.662
0.212736
0.0409882
0.324462
0.662
0.0713089
0.199751
0.236697
0.250213
0.0737095
0.467887
0.236253
0.662
0.662
0.107184
0.118919
0.12187
0.217592
0.430071
0.125814
0.368863
0.0921971
0.443845
0.374554
0.125987
0.126143
0.141849
0.184897
0.044918
0.464076
0.0763322
0.126741
0.219684
0.259776
0.662
0.204832
0.179835
0.577282
0.42311
0.662
0.0739049
0.137028
0.262977
0.147398
0.228178
0.5444
0.11315
0.0961085
0.278164
0.662
0.203994
0.662
0.0633541
0.662
0.64628
0.224657
0.12801
0.662
0.185048
0.593052
0.302425
0.178617
0.553461
0.138547
0.251783
0.221908
0.321758
0.152047
0.0869234
0.263606
0.462261
0.0887514
0.371756
0.139696
0.662
0.117383
0.662
0.45121
0.662
0.662
0.24123
0.00575183
0.0301769
0.0403814
0.303247
0.075006
0.244567
0.439899
0.372536
0.270905
0.293513
0.476764
0.583849
0.240911
0.320742
0.360357
0.645048
0.144466
0.662
0.20644
0.223456
0.174676
0.662
0.326582
0.091435
0.219593
0.453576
0.662
0.303977
0.127838
0.328094
0.454567
0.154918
0.0740404
0.292284
0.131685
0.260062
0.434444
0.384656
0.662
0.29941
0.662
0.662
0.127902
0.445301
0.369576
0.214767
0.307259
0.662
0.662
0.528042
0.662
0.174702
0.662
0.400999
0.0668069
0.166109
0.379437
0.151165
0.0718855
0.0722115
0.28021
0.208175
0.662
0.277162
0.383028
0.0385372
0.152078
0.0438814
0.27084
0.0212211
0.376028
0.0432838
0.340359
0.381912
0.187303
0.115759
0.170692
0.400118
0.662
0.266932
0.124581
0.525513
0.180483
0.144721
0.265801
0.633832
0.423714
0.48237
0.163325
0.640858
0.410122
0.198421
0.316435
0.456523
0.662
0.184424
0.217334
0.0651396
0.188768
0.291677
0.0794078
0.1941
0.360198
0.643034
0.662
0.0716643
0.662
0.186315
0.156997
0.0775107
0.63615
0.662
0.662
0.113611
0.662
0.028271
0.155205
0.491891
0.646514
0.0664188
0.104645
0.292933
0.108774
0.0967906
0.662
0.641257
0.141499
0.662
0.279272
0.210811
0.592472
0.573427
0.662
0.163403
0.0720002
0.302859
0.121796
0.190147
0.662
0.0291653
0.108852
0.605054
0.261387
0.662
0.0637614
0.0380828
0.322482
0.145294
0.383312
0.332195
0.435645
0.390776
0.184879
0.240855
0.662
0.116387
0.0725946
0.159589
0.165447
0.174801
0.378686
0.0238152
0.199583
0.182141
0.429116
0.338333
0.121956
0.137515
0.636632
0.652127
0.151811
0.0884339
0.662
0.258947
0.0761003
0.563183
0.116042
0.662
0.0525979
0.219283
0.358786
0.252156
0.602927
0.25795
0.0623524
0.0340542
0.112175
0.0957686
0.280963
0.261023
0.13311
0.196229
0.140571
0.11253
0.423027
0.116358
0.0605992
0.205466
0.447503
0.662
0.119241
0.475376
0.452416
0.0521175
0.0901925
0.524264
0.0616339
0.662
0.0272203
0.0810881
0.116097
0.109731
0.662
0.118535
0.273572
0.574681
0.110846
0.0275475
0.119325
0.600821
0.131091
0.0908631
0.662
0.0983045
0.362592
0.391096
0.156346
0.662
0.26625
0.228117
0.662
0.330266
0.25102
0.210502
0.187977
0.662
0.662
0.380012
0.219201
0.335959
0.279945
0.143241
0.203216
0.662
0.662
0.335207
0.269958
0.105921
0.255568
0.0748011
0.0462055
0.662
0.514097
0.439877
0.228093
0.28246
0.241523
0.475838
0.167481
0.662
0.177552
0.662
0.405799
0.211637
0.0324362
0.270821
0.174831
0.46945
0.662
0.223882
0.662
0.417155
0.28726
0.662
0.662
0.36139
0.64749
0.662
0.21406
0.0562163
0.290628
0.148038
0.439694
0.662
0.390132
0.3228
0.278771
0.653115
0.386512
0.536252
0.442164
0.58662
0.173558
0.237419
0.662
0.334212
0.153303
0.171607
0.0992035
0.428264
0.126853
0.65595
0.524906
0.384807
0.0581841
0.576853
0.325561
0.570644
0.258694
0.311526
0.438498
0.324788
0.0799627
0.073479
0.294911
0.367852
0.0402034
0.0303475
0.662
0.662
0.380166
0.662
0.17286
0.662
0.172793
0.155237
0.255686
0.635954
0.08986
0.662
0.189081
0.662
0.180941
0.245748
0.0615772
0.281319
0.637472
0.37954
0.286557
0.092154
0.248994
0.0553808
0.0272313
0.216403
0.0741515
0.134622
0.160982
0.162795
0.122388
0.445253
0.31127
0.456746
0.517026
0.3337
0.11062
0.255979
0.187379
0.141411
0.0838286
0.160268
0.0411336
0.662
0.19583
0.662
0.241028
0.0809037
0.48145
0.195542
0.269483
0.248321
0.0894046
0.284482
0.605178
0.169089
0.455439
0.193354
0.11557
0.372614
0.214882
0.14839
0.199637
0.662
0.0136808
0.662
0.623602
0.662
0.115236
0.21121
0.183604
0.0269219
0.662
0.2968
0.136375
0.662
0.0722862
0.662
0.662
0.342348
0.662
0.069147
0.216383
0.662
0.261851
0.299328
0.283091
0.306178
0.345977
0.662
0.253934
0.0635088
0.133138
0.0967692
0.0256231
0.525438
0.528068
0.662
0.386092
0.0615567
0.50074
0.152786
0.494247
0.274513
0.662
0.443142
0.257622
0.662
0.181464
0.256208
0.284901
0.662
0.662
0.136002
0.208058
0.662
0.118314
0.662
0.662
0.480713
0.160848
0.0829513
0.160037
0.662
0.249774
0.360438
0.436833
0.662
0.347563
0.303423
0.448435
0.609998
0.3021
0.277925
0.425798
0.662
0.246879
0.206615
0.155821
0.130061
0.241222
0.501891
0.0959696
0.260668
0.254778
0.251132
0.125706
0.0529583
0.309502
0.0285817
0.273969
0.123552
0.662
0.10154
0.159277
0.0443711
0.47046
0.122618
0.0847069
0.359537
0.448874
0.662
0.09862
0.133095
0.0930036
0.0941091
0.070784
0.662
0.463858
0.0913689
0.270995
0.44031
0.359952
0.662
0.181387
0.20014
0.210435
0.662
0.0978909
0.0962627
0.264086
0.254705
0.662
0.233447
0.485247
0.337522
0.181795
0.221096
0.01149
0.175726
0.0870379
0.0451867
0.662
0.180149
0.128027
0.265603
0.491358
0.231282
0.662
0.160348
0.0879641
0.662
0.662
0.239063
0.626891
0.662
0.662
0.363201
0.184745
0.0448961
0.287735
0.0282079
0.205026
0.0921917
0.662
0.314542
0.450611
0.195155
0.114045
0.46229
0.0566607
0.296771
0.662
0.243153
0.171881
0.662
0.662
0.214579
0.662
0.126101
0.201879
0.662
0.124155
0.662
0.093199
0.233113
0.0504689
0.662
0.105922
0.114613
0.216588
0.231806
0.383887
0.506402
0.247696
0.662
0.190567
0.451834
0.063411
0.458532
0.47128
0.218767
0.337671
0.0522951
0.259816
0.54583
0.662
0.0504718
0.0784014
0.240671
0.279506
0.127605
0.157895
0.17433
0.127887
0.169373
0.068406
0.662
0.662
0.375172
2.98879e-05
0.472328
0.662
0.463653
0.200896
0.662
0.00192824
0.0696437
0.291571
0.662
0.662
0.532068
0.0620207
0.0750568
0.290562
0.018687
0.112637
0.662
0.662
0.467391
0.248811
0.306498
0.0524876
0.29287
0.0814123
0.38848
0.198251
0.662
0.221351
0.135826
0.662
0.662
0.182476
0.662
0.239436
0.238244
0.378686
0.110971
0.225756
0.190363
0.432164
0.587283
0.219213
0.463011
0.244037
0.1371
0.498417
0.644993
0.297472
0.662
0.662
0.298685
0.242195
0.662
0.273632
0.0369471
0.316394
0.133654
0.399721
0.634966
0.552195
0.351342
0.0744892
0.0924119
0.662
0.2837
0.662
0.272583
0.0794109
0.0194053
0.275591
0.662
0.662
0.662
0.176723
0.662
0.0700446
0.0104389
0.662
0.327919
0.218684
0.165793
0.0896515
0.093345
0.662
0.330894
0.161123
0.147148
0.00203912
0.108772
0.614293
0.100701
0.662
0.0134643
0.662
0.662
0.662
0.172619
0.548258
0.257339
0.662
0.250416
0.662
0.662
0.662
0.404395
0.399463
0.662
0.265933
0.589451
0.468218
0.621543
0.462372
0.0960906
0.662
0.139417
0.662
0.122134
0.551289
0.206157
0.272124
0.662
0.340846
0.618546
0.339457
0.415063
0.0808226
0.160258
0.218142
0.557139
0.662
0.0509529
0.268646
0.0266085
0.245729
0.111632
0.0722169
0.393931
0.662
0.321106
0.257911
0.276509
0.146289
0.176979
0.146224
0.531302
0.145425
0.662
0.553527
0.217757
0.126158
0.309963
0.0583768
0.0974216
0.358068
0.116743
0.105457
0.0915615
0.22835
0.153937
0.285198
0.203766
0.274164
0.391271
0.205835
0.251171
0.108369
0.0939449
0.286899
0.129692
0.145785
0.134949
0.276474
0.152015
0.662
0.662
0.149227
0.268279
0.29023
0.00271897
0.51132
0.662
0.162324
0.662
0.271704
0.0456016
0.0780716
0.215203
0.126252
0.662
0.662
0.242972
0.348349
0.627338
0.662
0.662
0.26958
0.114288
0.662
0.151918
0.150535
0.174326
0.401178
0.11324
0.662
0.153319
0.232011
0.639443
0.0779443
0.299894
0.151534
0.114559
0.431711
0.319491
0.662
0.406885
0.662
0.128344
0.116165
0.662
0.186897
0.266935
0.662
0.194401
0.311559
0.662
0.338708
0.052335
0.442064
0.12586
0.0854704
0.129355
0.662
0.527526
0.608004
0.2512
0.250613
0.223298
0.376373
0.0141406
0.293834
0.193611
0.15696
0.296392
0.0312059
0.498178
0.5782
0.302221
0.662
0.231801
0.368842
0.134614
0.475939
0.468804
0.0913634
0.662
0.662
0.184448
0.508543
0.662
0.0594897
0.100982
0.358786
0.196742
0.0231968
0.152436
0.0575794
0.428328
0.0936584
0.395021
0.662
0.112822
0.45396
0.0989258
0.00243731
0.244742
0.196278
0.662
0.245972
0.110714
0.157009
0.130566
0.111728
0.662
0.317291
0.17645
0.639512
0.438943
0.230399
0.0569251
0.089381
0.0899599
0.662
0.439087
0.662
0.195525
0.278976
0.398947
0.31948
0.0370299
0.163333
0.662
0.0590925
0.185718
0.104575
0.662
0.259254
0.662
0.518272
0.026598
0.333455
0.239627
0.218546
0.123821
0.264678
0.126838
0.0299733
0.321192
0.662
0.124698
0.662
0.189306
0.116018
0.170901
0.0812104
0.385304
0.0796023
0.633694
0.662
0.106741
0.0803751
0.662
0.53614
0.206911
0.118278
0.274845
0.477476
0.133755
0.332002
0.177054
0.662
0.662
0.425993
0.662
0.00185282
0.0109646
0.141138
0.123508
0.321703
0.196849
0.662
0.636371
0.662
0.247668
0.312079
0.198834
0.385215
0.133952
0.0662071
0.104543
0.0642045
0.601237
0.217473
0.0681435
0.617286
0.662
0.18165
0.0719601
0.146741
0.0154774
0.256322
0.319503
0.021954
0.130164
0.0560398
0.150134
0.583553
0.207433
0.25441
0.103274
0.262892
0.0469993
0.0704191
0.242264
0.60062
0.0652692
0.202738
0.114594
0.662
0.263682
0.0710567
0.567921
0.346669
0.0422406
0.227461
0.361129
0.387385
0.129017
0.391703
0.662
0.662
0.321275
0.259497
0.662
0.0951973
0.0607792
0.517351
0.00703118
0.154536
0.189365
0.210344
0.209228
0.105163
0.662
0.203264
0.40449
0.662
0.220775
0.357594
0.662
0.358125
0.353742
0.0877803
0.384959
0.12775
0.158166
0.662
0.0892494
0.0213355
0.662
0.0388302
0.0731357
0.350992
0.0106898
0.216675
0.0244253
0.0729194
0.0830501
0.523368
0.12055
0.0897737
0.147322
0.320153
0.152717
0.040852
0.140786
0.266044
0.53808
0.403484
0.662
0.662
0.241563
0.194374
0.662
0.556769
0.635756
0.0977587
0.234415
0.253683
0.525899
0.146443
0.662
0.0534555
0.456662
0.394789
0.662
0.506579
0.388079
0.194487
0.231305
0.371842
0.662
0.221307
0.645613
0.662
0.662
0.194019
0.662
0.393972
0.526343
0.345986
0.375059
0.065122
0.428713
0.0963951
0.662
0.500088
0.662
0.191479
0.441896
0.395431
0.0611588
0.157798
0.256107
0.592434
0.402135
0.246162
0.339893
0.662
0.662
0.0890861
0.440672
0.0740735
0.42108
0.662
0.189982
0.217356
0.336832
0.317763
0.29181
0.208819
0.329607
0.191753
0.0906324
0.662
0.662
0.0791104
0.662
0.217815
0.662
0.357173
0.2299
0.0571744
0.425979
0.433065
0.101507
0.270105
0.407433
0.40431
0.554595
0.222296
0.662
0.13863
0.461269
0.378514
0.662
0.0272948
0.170401
0.0643435
0.321282
0.19534
0.484555
0.241223
0.0700087
0.0508471
0.191572
0.283454
0.297975
0.054976
0.313498
0.0674713
0.29168
0.235212
0.468464
0.524778
0.0933488
0.541367
0.662
0.277951
0.662
0.479349
0.662
0.662
0.662
0.392424
0.662
0.311206
0.371171
0.165097
0.0571486
0.419072
0.484922
0.244142
0.377872
0.662
0.390511
0.220917
0.166437
0.662
0.662
0.662
0.100395
0.142198
0.4636
0.215131
0.428281
0.180461
0.244928
0.203923
0.662
0.276014
0.0942176
0.0997148
0.662
0.662
0.662
0.329577
0.194255
0.415765
0.0329012
0.582265
0.204913
0.264828
0.662
0.0346552
0.266004
0.235365
0.0300907
0.662
0.662
0.0523361
0.662
0.122776
0.200231
0.662
0.144387
0.662
0.338089
0.662
0.21733
0.284356
0.0887037
0.372332
0.662
0.0145069
0.115041
0.147568
0.662
0.355536
0.232899
0.160198
0.398935
0.386517
0.200904
0.355471
0.429228
0.662
0.232366
0.0806674
0.107424
0.499295
0.155335
0.486668
0.116082
0.617961
0.0635919
0.0740054
0.205231
0.0992409
0.662
0.550689
0.0677835
0.112647
0.237728
0.179253
0.249787
0.421265
0.418589
0.339999
0.0592207
0.662
0.205619
0.206026
0.248923
0.662
0.2308
0.26217
0.142207
0.21565
0.0973936
0.268868
0.00822131
0.513512
0.229721
0.538384
0.662
0.111185
0.42315
0.0802669
0.113467
0.0928049
0.385631
0.469721
0.058846
0.502892
0.110387
0.384665
0.662
0.662
0.604047
0.185665
0.236865
0.662
0.135845
0.235467
0.0198494
0.300076
0.0650948
0.176915
0.153089
0.662
0.00502153
0.225952
0.662
0.232879
0.10087
0.274903
0.662
0.101929
0.662
0.269511
0.134737
0.087381
0.229059
0.0645617
0.120663
0.0750336
0.197569
0.662
0.551588
0.108268
0.662
0.0125698
0.145192
0.0894768
0.368668
0.244825
0.0845304
0.478711
0.206805
0.662
0.228165
0.275889
0.274291
0.0994878
0.224705
0.340168
0.153846
0.183789
0.362845
0.434406
0.161166
0.662
0.203072
0.199628
0.198566
0.117296
0.479085
0.662
0.240923
0.662
0.443831
0.662
0.662
0.662
0.266598
0.57393
0.0331655
0.169501
0.0428543
0.0902619
0.0552698
0.0337281
0.0898294
0.263393
0.175236
0.662
0.313228
0.154989
0.36465
0.131379
0.662
0.107246
0.204063
0.132833
0.662
0.090715
0.518613
0.337338
0.341574
0.479754
0.22089
0.311204
0.179079
0.662
0.0191663
0.182543
0.193895
0.632352
0.662
0.12485
0.0176486
0.282177
0.1717
0.169051
0.117526
0.0959165
0.150771
0.225261
0.0450205
0.351973
0.251242
0.157377
0.201432
0.0797234
0.196005
0.662
0.345963
0.501272
0.292671
0.0470018
0.0446917
0.662
0.662
0.0895726
0.0679209
0.217271
0.312978
0.226507
0.662
0.288473
0.662
0.440574
0.662
0.159911
0.0805294
0.662
0.662
0.22346
0.0906296
0.281135
0.530381
0.662
0.0241546
0.120117
0.244562
0.662
0.51026
0.149696
0.0726267
0.0791262
0.366609
0.152628
0.033943
0.428075
0.0775079
0.41357
0.0413401
0.271984
0.129871
0.127249
0.0823979
0.0977227
0.0455772
0.0808449
0.27306
0.182594
0.227149
0.125823
0.141287
0.204307
0.114418
0.466385
0.076528
0.662
0.128472
0.251415
0.662
0.662
0.170638
0.227274
0.18056
0.156118
0.290822
0.0590472
0.662
0.536014
0.365927
0.662
0.194406
0.419702
0.421543
0.209104
0.384587
0.23715
0.00895658
0.329563
0.488638
0.662
0.662
0.0598087
0.255361
0.248128
0.0616865
0.662
0.00129189
0.0199327
0.058662
0.055749
0.219529
0.237303
0.143944
0.127898
0.238534
0.403646
0.662
0.102123
0.304362
0.172857
0.021085
0.171301
0.662
0.113673
0.224268
0.115958
0.425012
0.662
0.452533
0.0955707
0.238458
0.166196
0.180247
0.136145
0.20707
0.206713
0.205929
0.572138
0.331607
0.182937
0.277499
0.0778008
0.474279
0.242677
0.122029
0.215424
0.229616
0.00650757
0.296243
0.662
0.126431
0.17148
0.258566
0.170246
0.108911
0.0514171
0.40349
0.221754
0.329011
0.186802
0.662
0.126412
0.339224
0.444364
0.0903691
0.383517
0.178795
0.36559
0.188312
0.287103
0.0937047
0.215848
0.212341
0.249256
0.662
0.0912207
0.145416
0.215138
0.0628783
0.376123
0.0780427
0.139696
0.0262143
0.0892057
0.291635
0.130179
0.109565
0.0988391
0.0913325
0.662
0.257837
0.180812
0.172693
0.230399
0.170861
0.0246568
0.662
0.662
0.662
0.195953
0.662
0.272565
0.150564
0.0670824
0.334732
0.662
0.138128
0.408679
0.230921
0.218412
0.0433684
0.662
0.125487
0.0986643
0.340457
0.067941
0.159296
0.657699
0.662
0.275792
0.11709
0.662
0.156418
0.172991
0.301821
0.662
0.23445
0.162357
0.0296431
0.175361
0.0944
0.182277
0.510414
0.10963
0.662
0.263946
0.254555
0.0985407
0.205357
0.586052
0.328045
0.0644329
0.60016
0.185973
0.0690974
0.0806305
0.415226
0.186426
0.662
0.126726
0.662
0.587837
0.662
0.158538
0.353428
0.233958
0.662
0.428149
0.101495
0.0047076
0.662
0.126601
0.341243
0.360166
0.342669
0.254746
0.0295599
0.0936444
0.662
0.298883
0.0494934
0.139099
0.144213
0.259856
0.0659246
0.10466
0.242982
0.232191
0.144548
0.11501
0.565599
0.417861
0.424282
0.662
0.0163383
0.309995
0.627227
0.100049
0.0672779
0.196749
0.662
0.0478378
0.115591
0.389357
0.0872185
0.142555
0.123717
0.662
0.345975
0.0832046
0.662
0.267168
0.0833352
0.193333
0.210372
0.119425
0.046605
0.366841
0.0931175
0.304737
0.230636
0.662
0.0646845
0.0962913
0.662
0.253719
0.434319
0.301174
0.530964
0.384965
0.155351
0.162276
0.456241
0.190211
0.275934
0.282045
0.19173
0.0950339
0.0641388
0.35118
0.0617916
0.186882
0.314234
0.0591171
0.12248
0.513465
0.136847
0.0759045
0.662
0.34612
0.0149899
0.199919
0.612632
0.662
0.187888
0.203215
0.443498
0.0531806
0.354373
0.375355
0.553431
0.218433
0.10488
0.662
0.327815
0.0874396
0.287567
0.18816
0.414116
0.333023
0.662
0.199944
0.197841
0.0359132
0.239252
0.313015
0.337715
0.180832
0.662
0.662
0.151955
0.199122
0.0418759
0.204624
0.200982
0.163823
0.0589553
0.0619377
0.205664
0.219469
0.662
0.332344
0.269258
0.289618
0.137286
0.0425531
0.662
0.566911
0.161254
0.253899
0.237034
0.471569
0.662
0.662
0.23765
0.207373
0.662
0.18392
0.203095
0.3175
0.0615384
0.119922
0.356788
0.219538
0.454296
0.17004
0.174224
0.300781
0.0160647
0.291646
0.312434
0.45346
0.0838591
0.0383836
0.343474
0.160764
0.360967
0.662
0.567126
0.0466404
0.41652
0.172674
0.662
0.113845
0.190032
0.342589
0.172195
0.188415
0.441109
0.0425703
0.55795
0.363766
0.134076
0.662
0.662
0.204683
0.228527
0.228078
0.427628
0.662
0.167247
0.102479
0.149184
0.662
0.662
0.63339
0.13276
0.372766
0.168625
0.0694895
0.254771
0.229906
0.299184
0.0581497
0.191531
0.194002
0.27134
0.0942001
0.533284
0.485986
0.108651
0.105454
0.179101
0.584705
0.092316
0.380723
0.174947
0.356639
0.145779
0.0833022
0.231233
0.601897
0.249003
0.114722
0.662
0.238352
0.662
0.367775
0.0904684
0.118285
0.662
0.318318
0.325503
0.662
0.368267
0.561741
0.323133
0.625051
0.257137
0.075434
0.143761
0.558055
0.401743
0.662
0.442066
0.133908
0.208661
0.125751
0.292583
0.662
0.662
0.141623
0.662
0.104226
0.0973659
0.185236
0.662
0.472611
0.228988
0.166727
0.53565
0.201487
0.206414
0.0379878
0.647161
0.531206
0.142251
0.662
0.0510702
0.662
0.344684
0.309191
0.0491439
0.358175
0.0292267
0.306756
0.14895
0.662
0.662
0.588775
0.233976
0.648052
0.327118
0.0879251
0.140056
0.107969
0.512356
0.0758732
0.662
0.662
0.0337079
0.0884738
0.131787
0.184449
0.0544685
0.230495
0.485509
0.329187
0.662
0.0725189
0.336051
0.662
0.0903035
0.102124
0.0550493
0.11512
0.454808
0.383924
0.099844
0.0658938
0.0466381
0.662
0.662
0.36519
0.201331
0.289972
0.662
0.539867
0.154506
0.182257
0.662
0.22815
0.0328813
0.13044
0.662
0.183157
0.0803361
0.0646559
0.283844
0.387752
0.0164816
0.242006
0.662
0.662
0.0615353
0.290656
0.662
0.121179
0.662
0.662
0.662
0.0610788
0.662
0.151437
0.268538
0.170327
0.366619
0.219522
0.156123
0.159679
0.142561
0.662
0.113737
0.662
0.378243
0.198796
0.154485
0.0777177
0.121696
0.466477
0.104407
0.127923
0.0382934
0.277881
0.0366275
0.307678
0.301853
0.25725
0.283462
0.442054
0.109942
0.0837008
0.108005
0.0986798
0.14572
0.207544
0.225005
0.152173
0.22574
0.41971
0.0992322
0.563914
0.661226
0.133571
0.0536957
0.558706
0.133642
0.129452
0.460848
0.0342874
0.125729
0.161803
0.662
0.316208
0.205458
0.417983
0.662
0.205332
0.0551259
0.346115
0.167632
0.274701
0.0487937
0.393792
0.096924
0.147492
0.186543
0.364597
0.588694
0.404813
0.662
0.0974051
0.177871
0.651217
0.326447
0.515437
0.255413
0.662
0.246234
0.387267
0.131809
0.390636
0.249883
0.451592
0.25709
0.114258
0.0773324
0.304656
0.0493467
0.662
0.170897
0.662
0.144678
0.063461
0.154742
0.22011
0.454797
0.231287
0.364378
0.0803847
0.372383
0.662
0.117575
0.156745
0.0299292
0.662
0.357034
0.388288
0.148716
0.313105
0.202642
0.0946851
0.211929
0.15032
0.380157
0.101467
0.197282
0.224985
0.662
0.202258
0.530802
0.662
0.182439
0.103402
0.662
0.00844292
0.662
0.119653
0.309859
0.176276
0.196297
0.516483
0.276708
0.0411729
0.237994
0.0723997
0.662
0.217504
0.239872
0.00341764
0.128837
0.0955604
0.423879
0.33814
0.0911538
0.264299
0.662
0.248303
0.100102
0.470877
0.662
0.0874046
0.0837911
0.662
0.119223
0.202661
0.0541278
0.0961086
0.122323
0.569615
0.594171
0.110655
0.278666
0.123567
0.0609461
0.070598
0.252639
0.00470409
0.24897
0.213749
0.281763
0.662
0.168334
0.132613
0.232295
0.662
0.304017
0.662
0.229022
0.199429
0.149803
0.662
0.297968
0.662
0.14101
0.0565581
0.0588178
0.613079
0.190878
0.455677
0.0951431
0.662
0.428444
0.109939
0.283855
0.346977
0.442029
0.0634735
0.143516
0.232835
0.238951
0.322312
0.243391
0.452499
0.225852
0.271099
0.140431
0.080246
0.247262
0.106709
0.661966
0.444963
0.122002
0.662
0.116526
0.139369
0.320099
0.145627
0.531735
0.662
0.662
0.0583558
0.197624
0.176803
0.0824623
0.662
0.224378
0.159911
0.662
0.343463
0.209091
0.00291534
0.136109
0.012623
0.109073
0.295829
0.019334
0.662
0.100093
0.42399
0.123052
0.137728
0.662
0.264307
0.447303
0.169586
0.178742
0.288141
0.20146
0.416607
0.18192
0.0624612
0.591148
0.662
0.242183
0.662
0.457494
0.556041
0.596111
0.332342
0.138088
0.244919
0.470211
0.662
0.662
0.121707
0.0960306
0.088113
0.36739
0.0762933
0.457346
0.437087
0.660043
0.662
0.122936
0.359782
0.4861
0.297523
0.241969
0.0961038
0.193188
0.553642
0.547404
0.0847921
0.662
0.12622
0.159779
0.662
0.180555
0.326886
0.134694
0.0591224
0.140998
0.662
0.29166
0.0912433
0.421336
0.662
0.268968
0.0685039
0.190324
0.662
0.662
0.662
0.111488
0.602113
0.262882
0.288437
0.245118
0.662
0.0696515
0.125126
0.0796057
0.0411934
0.148589
0.176095
0.114479
0.0819745
0.0683252
0.409891
0.215986
0.0790727
0.098059
0.0666026
0.121133
0.245495
0.662
0.371134
0.154956
0.0321369
0.662
0.151705
0.437697
0.451895
0.282855
0.0958922
0.662
0.4619
0.0977903
0.585109
0.436785
0.567148
0.0916494
0.235329
0.107058
0.662
0.0840534
0.236748
0.0495476
0.427241
0.659382
0.123367
0.662
0.294653
0.25295
0.412822
0.49115
0.198008
0.141433
0.176597
0.367601
0.113719
0.662
0.662
0.39628
0.603357
0.145845
0.147235
0.13084
0.287394
0.662
0.0890081
0.662
0.217871
0.662
0.432261
0.342
0.148663
0.302195
0.128683
0.138985
0.225116
0.119506
0.662
0.26645
0.662
0.614104
0.0750642
0.0132803
0.171526
0.42859
0.120712
0.319771
0.0499482
0.662
0.120087
0.162847
0.501599
0.24764
0.146124
0.307494
0.662
0.114993
0.349964
0.629281
0.212818
0.0576937
0.239755
0.108377
0.192952
0.282427
0.198722
0.285846
0.164821
0.0916818
0.662
0.205176
0.662
0.343002
0.114135
0.223775
0.42716
0.560483
0.200305
0.244435
0.0232511
0.662
0.662
0.124313
0.296797
0.00573034
0.162414
0.662
0.0488097
0.0114772
0.371883
0.111639
0.662
0.662
0.158097
0.0291564
0.662
0.0637186
0.083494
0.114814
0.116602
0.180727
0.662
0.209689
0.171332
0.276706
0.0995282
0.0691992
0.253655
0.224119
0.227057
0.662
0.171658
0.2993
0.341367
0.486841
0.188383
0.390354
0.414401
0.160742
0.165079
0.39106
0.662
0.0754756
0.080413
0.238785
0.322871
0.082877
0.662
0.662
0.24918
0.260918
0.437485
0.116635
0.176474
0.163164
0.662
0.535167
0.0784689
0.635317
0.211928
0.144837
0.516471
0.343795
0.662
0.214388
0.0725401
0.60374
0.662
0.662
0.210075
0.584283
0.178104
0.417784
0.119674
0.305499
0.0550759
0.0744925
0.0491535
0.192597
0.449466
0.165561
0.0661505
0.202891
0.0775128
0.114065
0.662
0.38872
0.35782
0.132794
0.578232
0.662
0.196322
0.253933
0.0661058
0.234804
0.475335
0.662
0.157029
0.0287116
0.444929
0.220704
0.662
0.163827
0.065906
0.662
0.276443
0.662
0.427982
0.105559
0.450728
0.197432
0.282035
0.239068
0.0725062
0.117552
0.427608
0.0807367
0.154532
0.402671
0.662
0.111414
0.662
0.662
0.170921
0.50994
0.607478
0.289911
0.178748
0.426072
0.27427
0.237286
0.139352
0.0745664
0.18732
0.307087
0.349485
0.111339
0.662
0.0754435
0.662
0.044131
0.442742
0.0866382
0.344459
0.108093
0.662
0.36852
0.19382
0.506408
0.170241
0.644284
0.662
0.662
0.662
0.21719
0.662
0.225384
0.0843739
0.115458
0.126231
0.195216
0.162857
0.106775
0.170478
0.0443231
0.662
0.0631509
0.410167
0.186456
0.650757
0.132327
0.0743128
0.662
0.110659
0.159334
0.662
0.148595
0.662
0.358967
0.026197
0.158669
0.662
0.158069
0.662
0.24679
0.280342
0.132318
0.104878
0.518716
0.662
0.336503
0.534927
0.662
0.0556701
0.152481
0.662
0.0927591
0.400266
0.326184
0.213694
0.107117
0.662
0.216888
0.105695
0.658859
0.413172
0.473587
0.156305
0.0359627
0.00651037
0.0628893
0.662
0.662
0.662
0.0455026
0.0633572
0.273895
0.366228
0.662
0.0876002
0.130135
0.0962035
0.047161
0.443692
0.662
0.121032
0.0610302
0.13592
0.329566
0.0806262
0.662
0.424148
0.441055
0.238609
0.514668
0.249354
0.239268
0.0562037
0.597819
0.17495
0.00530185
0.107123
0.662
0.662
0.455595
0.0701105
0.662
0.174941
0.220586
0.248333
0.172933
0.0738289
0.662
0.245078
0.201862
0.322019
0.662
0.12731
0.19831
0.662
0.662
0.345943
0.139517
0.156307
0.181239
0.258733
0.282591
0.504458
0.662
0.149165
0.20425
0.182031
0.262484
0.0810647
0.090685
0.662
0.133898
0.0967238
0.662
0.662
0.213247
0.262487
0.253335
0.118609
0.0902144
0.130168
0.210035
0.215231
0.43084
0.0620492
0.0525524
0.174172
0.103794
0.662
0.152607
0.173657
0.0482021
0.662
0.345812
0.121218
0.255656
0.662
0.120615
0.338684
0.0147732
0.470409
0.097356
0.662
0.262151
0.236033
0.662
0.312417
0.0202159
0.662
0.583997
0.155478
0.110501
0.373755
0.662
0.295084
0.307034
0.488585
0.336924
0.388641
0.126792
0.0671573
0.382838
0.00559002
0.189307
0.234017
0.277571
0.276312
0.53831
0.132373
0.145735
0.0894123
0.489378
0.0929999
0.0699733
0.450604
0.0685637
0.633209
0.324593
0.662
0.382644
0.662
0.662
0.242203
0.662
0.0241949
0.430928
0.118165
0.662
0.154722
0.351345
0.529455
0.0920579
0.352563
0.662
0.662
0.25415
0.662
0.164138
0.662
0.226162
0.0786159
0.628851
0.223532
0.662
0.662
0.310418
0.446463
0.197721
0.187225
0.0503548
0.0618558
0.643631
0.319452
0.179037
0.193177
0.662
0.0810998
0.158095
0.191424
0.306053
0.076196
0.662
0.662
0.154617
0.0572135
0.144528
0.662
0.183413
0.32863
0.0361431
0.581484
0.511494
0.39939
0.161884
0.457153
0.0250633
0.662
0.292591
0.473318
0.662
0.162201
0.514641
0.464647
