0.140446
0.112255
0.30208
0.295903
0.463346
0.187459
0.111132
0.0746692
0.290511
0.477504
0.0208579
0.0802758
0.0220059
0.118264
0.389329
0.13215
0.141627
0.287159
0.495932
0.380014
0.637081
0.275692
0.0961591
0.337879
0.133945
0.106434
0.362432
0.0602914
0.374874
0.0508971
0.455825
0.0850333
0.395739
0.0961336
0.468974
0.106932
0.277263
0.180634
0.070383
0.0920582
0.606024
0.155124
0.109718
0.129268
0.534181
0.282041
0.209126
0.324249
0.561964
0.364608
0.385324
0.233294
0.662
0.255234
0.110587
0.100117
0.082161
0.500075
0.473675
0.488191
0.146907
0.127687
0.625664
0.0788015
0.0888879
0.4392
0.381526
0.656558
0.662
0.10729
0.0127788
0.662
0.0109597
0.0984581
0.662
0.19808
0.338666
0.335707
0.110719
0.252087
0.240006
0.0313364
0.336575
0.0696069
0.0220546
0.122813
0.608006
0.375444
0.0658667
0.103311
0.161083
0.356167
0.339103
0.233214
0.48714
0.325791
0.48328
0.062939
0.162205
0.549508
0.149171
0.662
0.248683
0.116654
0.358401
0.323232
0.382612
0.585492
0.248801
0.356775
0.555023
0.662
0.0693982
0.207339
0.195316
0.17032
0.228551
0.0936599
0.0518716
0.32516
0.0716362
0.0673625
0.0812608
0.31523
0.662
0.508546
0.544016
0.311739
0.220787
0.0788235
0.148532
0.662
0.0804129
0.196986
0.607737
0.505212
0.181329
0.174831
0.263267
0.0479681
0.154721
0.651001
0.307939
0.205965
0.137946
0.106346
0.0542783
0.11934
0.0450093
0.169247
0.662
0.131322
0.423879
0.548202
0.225431
0.414069
0.611855
0.108229
0.297728
0.49672
0.368217
0.564953
0.221952
0.147327
0.425271
0.175966
0.249704
0.180767
0.483917
0.310448
0.662
0.151009
0.662
0.324667
0.608396
0.241256
