0.662
0.309054
0.662
0.662
0.115893
0.189472
0.662
0.0732874
0.363148
0.662
0.662
0.63703
0.132216
0.276405
0.662
0.416623
0.177895
0.461315
0.662
0.148657
0.190018
0.411311
0.197454
0.449218
0.209929
0.253697
0.170236
0.14819
0.350389
0.662
0.175151
0.416911
0.662
0.296143
0.369994
0.389294
0.662
0.594958
0.234811
0.662
0.662
0.662
0.662
0.662
0.662
0.31941
0.411412
0.322545
0.545844
0.373291
0.662
0.0368778
0.240634
0.421809
0.284247
0.127573
0.0465245
0.277711
0.389569
0.270294
0.279067
0.662
0.417805
0.150773
0.285624
0.211029
0.662
0.12952
0.662
0.121169
0.330015
0.662
0.662
0.0754592
0.301198
0.220379
0.662
0.276938
0.112873
0.107066
0.662
0.345151
0.18384
0.662
0.116588
0.662
0.0736112
0.518595
0.384218
0.662
0.0919454
0.0790456
0.198865
0.0553998
0.662
0.393484
0.662
0.662
0.233297
0.662
0.0594509
0.0042582
0.0167744
0.0667537
0.482276
0.180344
0.662
0.249329
0.402527
0.108285
0.662
0.132166
0.662
0.472658
0.15624
0.662
0.251098
0.186637
0.140403
0.562835
0.260983
0.0631367
0.059337
0.662
0.662
0.00525452
0.122302
0.662
0.0371614
0.00312416
0.26242
0.339277
0.662
0.280512
0.102616
0.662
0.201647
0.182683
0.634761
0.662
0.662
0.662
0.0566583
0.261112
0.01462
0.662
0.238756
0.662
0.145153
0.662
0.334501
0.662
0.363542
0.172277
0.131836
0.662
0.425256
0.662
0.182492
0.220904
0.0715661
0.342378
0.0425999
0.476743
0.263775
0.093552
0.0452949
0.0786719
0.662
0.662
0.662
0.137115
0.517914
0.662
0.127605
0.185199
0.239448
0.487108
0.194231
0.256143
0.373893
0.662
0.662
0.0936442
0.0365546
0.192852
0.647789
0.336514
0.662
0.662
0.662
0.0686696
0.18456
0.662
0.662
0.662
0.111512
0.662
0.662
0.662
0.302527
0.416445
0.439377
0.662
0.662
0.662
0.154455
0.18354
0.104643
0.662
0.467831
0.657911
0.0946362
0.189737
0.153307
0.0435671
0.15644
0.297009
0.662
0.662
0.243345
0.483237
0.662
0.141804
0.662
0.312497
0.662
0.268044
0.476525
0.149335
0.141872
0.366104
0.0451964
0.662
0.662
0.0205808
0.506634
0.0771421
0.0800419
0.536793
0.0768778
0.0445125
0.410047
0.258376
0.339616
0.550907
0.156862
0.16575
0.2694
0.277589
0.130603
0.37634
0.587322
0.268722
0.337433
0.662
0.662
0.0812885
0.0164943
0.269751
0.290936
0.418755
0.662
0.662
0.662
0.662
0.662
0.402162
0.0941467
0.662
0.662
0.287949
0.378832
0.662
0.662
0.114737
0.258023
0.27919
0.662
0.177982
0.662
0.227875
0.11113
0.662
0.367909
0.662
0.14185
0.384009
0.16608
0.106077
0.431374
0.662
0.396325
0.204862
0.662
0.662
0.321063
0.639584
0.606288
0.0947291
0.662
0.138499
0.318732
0.225176
0.156633
0.0623056
0.434996
0.662
0.379723
0.23278
0.354436
0.228058
0.338442
0.307912
0.636313
0.662
0.283438
0.253454
0.391832
0.364741
0.185057
0.662
0.222971
0.392532
0.662
0.136257
0.14584
0.440253
0.476043
0.2532
0.203607
0.0831122
0.662
0.290234
0.248766
0.399979
0.246589
0.188695
0.0485445
0.662
0.655172
0.0399424
0.662
0.591825
0.248516
0.662
0.662
0.178291
0.420468
0.397013
0.537826
0.662
0.662
0.31857
0.280801
0.351919
0.324734
0.0308401
0.662
0.662
0.481608
0.122996
0.514172
0.243954
0.662
0.662
0.203129
0.166476
0.662
0.408024
0.326275
0.135167
0.636253
0.247789
0.199857
0.408034
0.372638
0.00346951
0.121019
0.662
0.509513
0.374606
0.662
0.217811
0.276003
0.662
0.264587
0.193596
0.19932
0.112821
0.208822
0.070827
0.481832
0.0904296
0.462634
0.214583
0.0710459
0.315642
0.662
0.117301
0.158609
0.662
0.472306
0.662
0.662
0.150848
0.388273
0.662
0.255423
0.597166
0.547461
0.605907
0.0488016
0.662
0.287791
0.287392
0.662
0.358249
0.0621595
0.103597
0.0727518
0.447985
0.335033
0.361357
0.662
0.316728
0.245178
0.104919
0.120554
0.662
0.471349
0.281193
0.184231
0.327257
0.269423
0.317258
0.300335
0.597141
0.0490075
0.662
0.223024
0.225474
0.0735532
0.346464
0.141104
0.410932
0.247026
0.449696
0.0942519
0.0902669
0.131512
0.662
0.140868
0.29801
0.662
0.662
0.0274132
0.662
0.662
0.164612
0.662
0.473064
0.234946
0.177923
0.154765
0.589055
0.100603
0.514215
0.662
0.662
0.188678
0.174591
0.0732801
0.642512
0.399042
0.305654
0.662
0.153598
0.662
0.272325
0.41688
0.153452
0.258022
0.118216
0.231927
0.316919
0.120335
0.167673
0.662
0.215298
0.397836
0.662
0.662
0.433874
0.40888
0.4352
0.405975
0.107035
0.248805
0.486798
0.451344
0.662
0.500847
0.297096
0.122511
0.335915
0.135064
0.662
0.16529
0.650206
0.198099
0.274479
0.662
0.518077
0.56813
0.662
0.402709
0.662
0.560753
0.195188
0.511083
0.114803
0.662
0.476279
0.454177
0.190003
0.281676
0.222514
0.196101
0.161311
0.460466
0.0602193
0.131747
0.469225
0.662
0.662
0.248286
0.200609
0.0652798
0.662
0.189328
0.104228
0.233416
0.662
0.0230466
0.388678
0.294714
0.662
0.160612
0.228567
0.0649884
0.286178
0.0666015
0.140151
0.543584
0.254639
0.191316
0.662
0.662
0.119316
0.481365
0.276573
0.34673
0.153568
0.198307
0.441857
0.579466
0.100131
0.475972
0.662
0.662
0.662
0.662
0.662
0.623243
0.120423
0.111897
0.662
0.662
0.662
0.471234
0.495385
0.662
0.10981
0.516109
0.29345
0.208953
0.450632
0.0735727
0.475109
0.0341339
0.630182
0.662
0.252544
0.359424
0.20876
0.662
0.662
0.386141
0.609558
0.468363
0.0550159
0.215857
0.229668
0.230195
0.570867
0.662
0.427336
0.187889
0.662
0.0886005
0.662
0.566546
0.441193
0.605277
0.662
0.391117
0.09541
0.662
0.118258
0.18541
0.662
0.597451
0.165427
0.662
0.0682427
0.309744
0.320551
0.0214981
0.662
0.0365593
0.0272132
0.662
0.354467
0.0867763
0.662
0.612364
0.662
0.460453
0.286048
0.205384
0.600744
0.151622
0.297278
0.194552
0.204361
0.510737
0.577803
0.213696
0.123461
0.157695
0.0748505
0.115195
0.511915
0.507132
0.662
0.333664
0.112141
0.662
0.00930805
0.236275
0.44816
0.662
0.497496
0.662
0.284715
0.278567
0.662
0.260528
0.415158
0.662
0.0799924
0.639555
0.0601372
0.270917
0.197112
0.241714
0.662
0.396774
0.116656
0.410453
0.388019
0.145028
0.44913
0.385726
0.412084
0.258457
0.662
0.662
0.662
0.288901
0.294289
0.216066
0.115585
0.145154
0.0333164
0.235529
0.375536
0.121791
0.0336467
0.577801
0.102353
0.222724
0.158927
0.662
0.447237
0.413675
0.491007
0.662
0.662
0.166646
0.451607
0.229637
0.127356
0.513819
0.662
0.662
0.179787
0.345846
0.196213
0.172948
0.288878
0.662
0.100461
0.339049
0.338841
0.662
0.662
0.644931
0.19532
0.662
0.430562
0.199237
0.662
0.0821734
0.447283
0.662
0.662
0.141941
0.433513
0.154257
0.662
0.252705
0.662
0.199195
0.430473
0.114886
0.304024
0.141556
0.662
0.0624415
0.150655
0.152857
0.662
0.236427
0.662
0.00364703
0.662
0.644274
0.406654
0.0743833
0.662
0.295128
0.499034
0.0922964
0.662
0.367533
0.17985
0.117246
0.323888
0.662
0.662
0.322371
0.203508
0.125081
0.0599282
0.662
0.0571977
0.123072
0.143583
0.474141
0.637536
0.36169
0.662
0.214092
0.590708
0.467939
0.190422
0.654575
0.16144
0.662
0.39235
0.116639
0.662
0.168752
0.224173
0.379795
0.5384
0.662
0.645158
0.662
0.0155444
0.662
0.662
0.662
0.519249
0.346419
0.318018
0.228909
0.207962
0.662
0.507368
0.662
0.662
0.111121
0.662
0.144375
0.651166
0.0965982
0.387232
0.149758
0.554856
0.498595
0.662
0.0426573
0.206627
0.662
0.372624
0.662
0.186725
0.0579807
0.662
0.662
0.175598
0.187651
0.331002
0.142788
0.662
0.662
0.662
0.19912
0.662
0.40533
0.662
0.341
0.390398
0.18708
0.386737
0.164981
0.355009
0.545353
0.208584
0.662
0.198431
0.326642
0.614986
0.0908817
0.0463138
0.235675
0.662
0.275703
0.31617
0.517725
0.220689
0.662
0.201092
0.186423
0.0773569
0.385117
0.662
0.662
0.112077
0.308677
0.324472
0.238191
0.395914
0.220237
0.332262
0.23518
0.254616
0.14023
0.662
0.128348
0.662
0.175741
0.662
0.183008
0.119285
0.55002
0.662
0.140971
0.00965107
0.662
0.647603
0.662
0.224168
0.107587
0.332894
0.21702
0.126443
0.44533
0.234732
0.662
0.0434822
0.0544399
0.0780616
0.121203
0.376358
0.662
0.514322
0.0872477
0.0794428
0.662
0.139162
0.146084
0.662
0.214145
0.130508
0.465613
0.217901
0.662
0.662
0.579704
0.216019
0.170903
0.246237
0.263389
0.483208
0.29001
0.662
0.178988
0.621474
0.447127
0.0433874
0.662
0.443034
0.662
0.179799
0.206888
0.0526225
0.662
0.344561
0.662
0.114904
0.194327
0.156944
0.662
0.379806
0.662
0.354227
0.224396
0.662
0.377312
0.662
0.662
0.529673
0.347663
0.371344
0.156038
0.102261
0.344631
0.317024
0.218971
0.462173
0.195253
0.662
0.285471
0.662
0.502273
0.255975
0.0600307
0.474783
0.149569
0.662
0.662
0.231264
0.551864
0.603633
0.139417
0.662
0.193141
0.0881375
0.186048
0.462594
0.231681
0.149065
0.662
0.662
0.0913473
0.237485
0.574906
0.0260633
0.273623
0.175988
0.415241
0.244346
0.0168041
0.228638
0.662
0.662
0.294337
0.662
0.257227
0.662
0.113116
0.170524
0.236995
0.558618
0.662
0.0937099
0.181119
0.506072
0.662
0.217618
0.331416
0.430883
0.386986
0.662
0.530644
0.662
0.396338
0.379259
0.662
0.380314
0.457635
0.5724
0.0768682
0.208185
0.150163
0.105946
0.387681
0.662
0.423304
0.180118
0.615029
0.662
0.325055
0.105865
0.291681
0.269973
0.154616
0.0969219
0.432675
0.662
0.516961
0.662
0.662
0.13574
0.662
0.513832
0.293573
0.332187
0.095168
0.540403
0.37966
0.662
0.662
0.474815
0.662
0.193221
0.601485
0.0523384
0.0229304
0.29368
0.114926
0.662
0.634767
0.47275
0.0889858
0.138779
0.662
0.29371
0.662
0.00955093
0.662
0.662
0.514292
0.304429
0.188482
0.196478
0.0897084
0.0293869
0.411843
0.662
0.136044
0.129219
0.357706
0.0636232
0.387337
0.216773
0.662
0.469361
0.662
0.0436745
0.174286
0.338397
0.50752
0.461382
0.456503
0.13366
0.121047
0.662
0.19431
0.387481
0.662
0.376784
0.238256
0.320897
0.113335
0.440763
0.25552
0.218349
0.662
0.148268
0.0642688
0.198436
0.360507
0.0744217
0.450217
0.662
0.432766
0.472059
0.0989289
0.37601
0.274138
0.0676447
0.065825
0.104554
0.202251
0.662
0.662
0.342097
0.255719
0.662
0.662
0.08301
0.0804549
0.662
0.567596
0.511527
0.662
0.122354
0.0604183
0.132771
0.662
0.269254
0.061314
0.57738
0.211373
0.0269565
0.435819
0.264274
0.249162
0.559331
0.268588
0.0658619
0.220904
0.662
0.662
0.390491
0.301246
0.253729
0.633694
0.253157
0.341536
0.107175
0.662
0.662
0.662
0.662
0.370509
0.390273
0.348846
0.254479
0.644266
0.425889
0.662
0.662
0.085646
0.268911
0.662
0.244142
0.662
0.662
0.36092
0.331468
0.353444
0.207318
0.662
0.0299191
0.662
0.146215
0.662
0.662
0.0910365
0.0949955
0.662
0.534919
0.134632
0.509197
0.222068
0.14286
0.344433
0.618947
0.662
0.662
0.238863
0.159682
0.662
0.0292056
0.578875
0.0719949
0.662
0.377481
0.662
0.0614988
0.0309866
0.293179
0.203303
0.188951
0.109673
0.662
0.662
0.106242
0.370401
0.579275
0.0604714
0.0986344
0.662
0.234366
0.268241
0.097646
0.415568
0.469269
0.24529
0.373173
0.0543129
0.662
0.304341
0.445524
0.111551
0.211353
0.31764
0.196309
0.325193
0.282754
0.212377
0.131684
0.662
0.662
0.662
0.226572
0.185015
0.09379
0.580906
0.399557
0.355132
0.286843
0.326801
0.233103
0.0674308
0.235602
0.662
0.0612845
0.156778
0.452813
0.215481
0.143465
0.102204
0.0659601
0.286044
0.302162
0.573524
0.155721
0.662
0.662
0.652651
0.662
0.590383
0.227632
0.662
0.0846445
0.392677
0.162713
0.662
0.662
0.621383
0.343241
0.0708738
0.381362
0.12536
0.625202
0.662
0.371329
0.149359
0.224573
0.401287
0.655245
0.662
0.0843886
0.332603
0.313458
0.662
0.662
0.145529
0.662
0.662
0.17942
0.596782
0.662
0.464588
0.276974
0.250107
0.327499
0.310356
0.126284
0.132657
0.365451
0.336189
0.117817
0.662
0.0927236
0.662
0.298556
0.0185477
0.396028
0.0154093
0.583161
0.422438
0.3941
0.662
0.162698
0.662
0.111661
0.0207028
0.138444
0.662
0.662
0.662
0.662
0.662
0.382
0.662
0.187548
0.190283
0.163575
0.183294
0.662
0.553783
0.180218
0.197751
0.237543
0.662
0.662
0.61736
0.574804
0.140034
0.486935
0.290955
0.29706
0.192792
0.0122665
0.662
0.230494
0.662
0.309708
0.662
0.101161
0.198142
0.247545
0.29194
0.0504671
0.662
0.662
0.206262
0.662
0.662
0.662
0.270707
0.500563
0.138929
0.662
0.249803
0.477322
0.466751
0.109816
0.662
0.662
0.476247
0.0208253
0.230059
0.190768
0.0778188
0.662
0.133013
0.625129
0.662
0.0764049
0.45627
0.397888
0.315852
0.332491
0.207982
0.174909
0.0870196
0.386479
0.662
0.182486
0.224539
0.662
0.27019
0.644364
0.662
0.0719015
0.443131
0.32436
0.424215
0.662
0.166114
0.282086
0.220987
0.54578
0.567
0.0289854
0.238964
0.662
0.662
0.105664
0.518028
0.0919026
0.05686
0.248615
0.230694
0.662
0.357509
0.64519
0.0891632
0.296898
0.188051
0.532993
0.318181
0.662
0.132088
0.0736777
0.233237
0.261969
0.662
0.239107
0.106667
0.361661
0.357534
0.266177
0.119972
0.135362
0.289062
0.20046
0.662
0.133661
0.125949
0.261841
0.143746
0.0662541
0.117595
0.0953525
0.116457
0.0796702
0.345082
0.0950431
0.198946
0.185405
0.662
0.181521
0.41794
0.662
0.180889
0.662
0.0835123
0.250629
0.662
0.0485991
0.457507
0.134952
0.477343
0.154589
0.446724
0.30347
0.159454
0.662
0.658473
0.271054
0.0813382
0.296769
0.583661
0.471698
0.137069
0.351694
0.21823
0.239306
0.216385
0.662
0.186871
0.452113
0.0968525
0.662
0.0558851
0.0482975
0.524298
0.127755
0.662
0.0810963
0.662
0.185434
0.348771
0.662
0.125015
0.151576
0.532146
0.662
0.332378
0.662
0.170913
0.535421
0.629459
0.583672
0.44436
0.662
0.158532
0.4567
0.213276
0.292028
0.331607
0.469204
0.064458
0.134642
0.662
0.662
0.531619
0.662
0.369866
0.128182
0.450361
0.420615
0.100369
0.240012
0.355743
0.240397
0.662
0.662
0.141695
0.662
0.0823526
0.662
0.174496
0.662
0.192552
0.102
0.547154
0.482224
0.662
0.342559
0.0520246
0.662
0.662
0.311539
0.206898
0.662
0.226665
0.168736
0.662
0.662
0.63339
0.115696
0.345626
0.463767
0.511947
0.645929
0.132376
0.22351
0.0264365
0.305101
0.19745
0.0754942
0.160612
0.193948
0.0624832
0.0970962
0.289378
0.239947
0.119279
0.409371
0.662
0.493387
0.278615
0.177762
0.11484
0.662
0.0289885
0.662
0.389292
0.616124
0.11689
0.529732
0.0725851
0.0481203
0.15782
0.452666
0.504574
0.208943
0.268799
0.662
0.662
0.229046
0.662
0.0558463
0.301842
0.662
0.662
0.461825
0.360773
0.322269
0.0529394
0.275545
0.662
0.662
0.662
0.483406
0.175041
0.334462
0.0567043
0.0593024
0.500157
0.101343
0.425252
0.100293
0.22278
0.137983
0.455894
0.662
0.469354
0.662
0.139507
0.662
0.205669
0.170024
0.662
0.0925955
0.662
0.408414
0.189507
0.278658
0.254471
0.662
0.451728
0.192948
0.0529115
0.209309
0.225997
0.447337
0.662
0.421413
0.0953959
0.3929
0.355273
0.382524
0.0414321
0.0402809
0.644541
0.269505
0.277643
0.0608519
0.662
0.292103
0.537265
0.139494
0.275234
0.382847
0.521566
0.662
0.101664
0.395965
0.662
0.662
0.203956
0.286608
0.208566
0.271759
0.662
0.158489
0.159623
0.306599
0.282548
0.662
0.113608
0.469894
0.662
0.221286
0.0795422
0.229499
0.400278
0.662
0.124296
0.662
0.153113
0.306103
0.0899597
0.166998
0.114774
0.30765
0.052537
0.662
0.250685
0.425256
0.662
0.338524
0.00332749
0.104497
0.662
0.662
0.492339
0.662
0.148433
0.106116
0.124617
0.503896
0.572797
0.662
0.662
0.0980428
0.226676
0.329208
0.0619057
0.290778
0.252117
0.648386
0.662
0.296319
0.611099
0.475874
0.128965
0.22311
0.18927
0.226971
0.662
0.662
0.662
0.662
0.662
0.662
0.477531
0.662
0.341376
0.262235
0.662
0.0917924
0.127954
0.662
0.0255056
0.149649
0.265234
0.662
0.608139
0.609897
0.103142
0.662
0.662
0.268711
0.0918056
0.647196
0.662
0.160419
0.662
0.433068
0.662
0.453385
0.34497
0.206837
0.662
0.292942
0.211055
0.213233
0.62255
0.21637
0.662
0.172467
0.11427
0.165792
0.354859
0.279304
0.0187479
0.234793
0.444747
0.662
0.220425
0.188834
0.0818401
0.116022
0.63399
0.453217
0.0806127
0.131228
0.012821
0.0699545
0.100479
0.353418
0.124176
0.0697763
0.52656
0.0330869
0.662
0.194015
0.311636
0.15048
0.239308
0.662
0.19058
0.33326
0.211505
0.292052
0.230869
0.124015
0.249337
0.460902
0.298455
0.016304
0.252226
0.662
0.237111
0.252303
0.0482964
0.193185
0.520742
0.424832
0.662
0.271427
0.154981
0.295297
0.662
