0.195504
0.165266
0.662
0.305887
0.662
0.123333
0.662
0.662
0.533047
0.25994
0.105836
0.291337
0.39608
0.337209
0.480991
0.359587
0.662
0.662
0.551631
0.19839
0.662
0.662
0.0700425
0.327085
0.509918
0.0960531
0.323747
0.131291
0.662
0.0726352
0.662
0.142195
0.662
0.163163
0.498595
0.101045
0.115952
0.215015
0.0162133
0.0633385
0.165127
0.207789
0.222261
0.350963
0.498196
0.21042
0.662
0.662
0.352347
0.383203
0.169146
0.347855
0.362339
0.106194
0.023431
0.057547
0.264066
0.265868
0.662
0.235748
0.0857666
0.557113
0.206992
0.0242434
0.662
0.148126
0.662
0.662
0.141338
0.146281
0.304524
0.467645
0.130936
0.319013
0.159611
0.110408
0.136658
0.1569
0.0584912
0.0658304
0.114686
0.189994
0.0936381
0.354978
0.371755
0.00502865
0.219043
0.0833044
0.100452
0.102707
0.113944
0.442669
0.131366
0.11791
0.287017
0.662
0.642181
0.115903
0.0481241
0.161174
0.623215
0.505088
0.146743
0.336066
0.356667
0.662
0.0417629
0.641071
0.0726217
0.0962337
0.115408
0.277593
0.100164
0.365049
0.244629
0.416008
0.253698
0.110939
0.227913
0.662
0.0855773
0.144589
0.662
0.128923
0.132236
0.662
0.298619
0.379093
0.571809
0.240644
0.602072
0.367983
0.444668
0.662
0.506286
0.0737165
0.212761
0.0287956
0.62897
0.194804
0.178458
0.118866
0.237985
0.0582153
0.196738
0.314937
0.306336
0.580022
0.24559
0.0892733
0.0786025
0.662
0.288434
0.128861
0.662
0.662
0.202967
0.167212
0.598292
0.581471
0.0774266
0.472353
0.0839769
0.258098
0.662
0.1555
0.662
0.230941
0.662
0.203159
0.352751
0.209412
0.662
0.0552201
0.228191
0.662
0.662
0.0927242
0.154369
0.447004
0.580026
0.30976
0.662
0.193595
0.238651
0.338489
0.662
0.32567
0.305701
0.320768
0.0653348
0.10047
0.22591
0.263996
0.662
0.543624
0.226785
0.0934321
0.220444
0.62114
0.234955
0.662
0.19713
0.413308
0.310629
0.287465
0.138178
0.121604
0.141926
0.585111
0.212079
0.662
0.110533
0.662
0.662
0.165153
0.464909
0.0390158
0.115159
0.318491
0.262566
0.347481
0.200643
0.321158
0.112889
0.307146
0.169614
0.344874
0.585531
0.109389
0.662
0.12092
0.275752
0.126523
0.257273
0.662
0.389152
0.0803729
0.466999
0.495015
0.110634
0.249085
0.435083
0.0879021
0.158609
0.108693
0.382462
0.369024
0.0724763
0.662
0.31603
0.179181
0.226588
0.417328
0.0829893
0.0664199
0.550835
0.441141
0.662
0.33027
0.662
0.193746
0.0854328
0.129635
0.115605
0.662
0.109657
0.179005
0.235058
0.562343
0.11879
0.464661
0.197327
0.363554
0.00168916
0.1182
0.0712351
0.662
0.150709
0.188767
0.0456206
0.026377
0.158053
0.157613
0.0645641
0.131472
0.278627
0.129807
0.14895
0.662
0.662
0.0604451
0.636695
0.134011
0.233555
0.634587
0.662
0.225941
0.128002
0.0817652
0.0310961
0.105368
0.628863
0.426929
0.662
0.196284
0.370524
0.027738
0.576822
0.155977
0.384589
0.662
0.287496
0.351578
0.0586205
0.636284
0.296997
0.487995
0.42145
0.662
0.117814
0.12502
0.272426
0.662
0.352709
0.371625
0.584758
0.0703538
0.662
0.662
0.00757066
0.0239594
0.133803
0.600773
0.378024
0.0404901
0.317684
0.180378
0.0656766
0.662
0.662
0.477691
0.40155
0.118062
0.662
0.130819
0.148652
0.215306
0.437503
0.15255
0.134248
0.0634672
0.0643506
0.0335411
0.385965
0.662
0.662
0.186059
0.287348
0.231431
0.662
0.200231
0.0964973
0.302309
0.112861
0.129465
0.662
0.168194
0.173115
0.293627
0.320185
0.132243
0.662
0.185368
0.0681062
0.187215
0.662
0.582994
0.183303
0.162673
0.12945
0.121956
0.662
0.662
0.106096
0.00214559
0.49275
0.0123614
0.263269
0.295865
0.101251
0.267882
0.183772
0.354619
0.253989
0.117345
0.0701716
0.19898
0.662
0.0934319
0.206392
0.0931914
0.662
0.236707
0.0701569
0.227299
0.4489
0.662
0.147958
0.278336
0.662
0.0220719
0.212682
0.149911
0.465736
0.308795
0.536121
0.415738
0.144607
0.175061
0.552201
0.246779
0.276542
0.655169
0.440411
0.157154
0.662
0.116418
0.0288067
0.255943
0.176811
0.0863544
0.0351268
0.0532043
0.137594
0.35831
0.0894835
0.662
0.224772
0.0671075
0.502404
0.662
0.310689
0.21993
0.366297
0.542448
0.56456
0.662
0.254522
0.0762391
0.201762
0.662
0.662
0.147927
0.399403
0.584321
0.662
0.218669
0.629398
0.14242
0.10928
0.366115
0.662
0.0642361
0.465079
0.24086
0.0858142
0.419895
0.275711
0.159183
0.152492
0.419641
0.249455
0.257954
0.526502
0.307739
0.584685
0.662
0.238636
0.00564974
0.662
0.426186
0.281332
0.662
0.108456
0.283286
0.662
0.0521304
0.319519
0.381845
0.266507
0.662
0.105239
0.047557
0.334171
0.0600534
0.313631
0.473866
0.049146
0.662
0.365243
0.662
0.504738
0.0851405
0.295812
0.160572
0.157801
0.662
0.23862
0.0211658
0.106489
0.0579388
0.0940842
0.0766067
0.629081
0.662
0.0908007
0.0992512
0.484509
0.662
0.662
0.1907
0.370753
0.434906
0.158606
0.662
0.281737
0.0158441
0.303542
0.063582
0.430509
0.00253622
0.077655
0.0349487
0.224487
0.662
0.662
0.141171
0.110799
0.0954096
0.356204
0.0802133
0.662
0.14995
0.202746
0.190292
0.150987
0.0276525
0.662
0.0135482
0.236499
0.231402
0.126637
0.336353
0.187163
0.662
0.172492
0.40112
0.662
0.0516803
0.0208936
0.283507
0.0166309
0.0399148
0.183161
0.162089
0.227077
0.513823
0.485887
0.299228
0.214535
0.662
0.159057
0.52533
0.105285
0.143197
0.524301
0.249607
0.120632
0.662
0.578092
0.0487449
0.10422
0.138241
0.0520246
0.662
0.102001
0.662
0.0402136
0.662
0.34653
0.117426
0.126666
0.0520518
0.662
0.588936
0.090178
0.142955
0.332468
0.662
0.209402
0.252852
0.334205
0.662
0.662
0.104769
0.0721773
0.199908
0.0606738
0.271447
0.0495924
0.523292
0.285889
0.246447
0.266462
0.10195
0.662
0.0816357
0.179766
0.158461
0.411454
0.441198
0.398255
0.662
0.662
0.0179009
0.662
0.0943651
0.234377
0.477017
0.127444
0.662
0.662
0.267604
0.341866
0.426565
0.118988
0.251869
0.158256
0.186148
0.151084
0.195504
0.077337
0.662
0.54155
0.234618
0.339707
0.144734
0.278917
0.424202
0.662
0.24229
0.662
0.398496
0.231986
0.411201
0.629496
0.662
0.246801
0.443464
0.113709
0.297898
0.206413
0.566073
0.561902
0.156661
0.103312
0.662
0.275386
0.204325
0.150817
0.510892
0.0603962
0.662
0.315705
0.662
0.483282
0.210083
0.419897
0.662
0.662
0.662
0.205333
0.464156
0.662
0.662
0.603024
0.662
0.662
0.662
0.006604
0.352367
0.227382
0.328844
0.662
0.119162
0.163826
0.390081
0.263109
0.0646557
0.441563
0.103962
0.197792
0.122572
0.326554
0.55969
0.280252
0.567755
0.158251
0.0277769
0.662
0.139576
0.280719
0.636839
0.551811
0.182527
0.395333
0.377797
0.270418
0.662
0.186419
0.211064
0.0999916
0.662
0.0489759
0.662
0.257785
0.120607
0.132187
0.134035
0.368166
0.209138
0.120604
0.11828
0.202164
0.0981808
0.155506
0.588346
0.286123
0.281413
0.629612
0.366119
0.662
0.201836
0.662
0.662
0.184179
0.0797972
0.143973
0.662
0.0392183
0.108843
0.0215836
0.280872
0.474021
0.0881128
0.662
0.235472
0.0177973
0.053165
0.182533
0.461106
0.140925
0.561965
0.302513
0.662
0.351955
0.662
0.247572
0.351251
0.289349
0.162235
0.530699
0.588725
0.261333
0.662
0.0664884
0.199106
0.113427
0.0604057
0.101124
0.318181
0.662
0.134806
0.141984
0.568008
0.239944
0.564958
0.20954
0.542298
0.215404
0.132223
0.464186
0.13331
0.662
0.338193
0.103716
0.11272
0.450649
0.186514
0.102105
0.164995
0.591514
0.0915577
0.197136
0.14808
0.31568
0.201355
0.0944926
0.148138
0.312096
0.360209
0.332276
0.115349
0.0525313
0.0608634
0.662
0.263744
0.222658
0.0920865
0.26863
0.662
0.500879
0.662
0.0738628
0.153501
0.124289
0.204261
0.662
0.079399
0.102425
0.662
0.0498667
0.370324
0.253342
0.286381
0.662
0.071119
0.504613
0.662
0.561485
0.217129
0.0563033
0.200031
0.482548
0.662
0.468561
0.124612
0.272244
0.306525
0.662
0.662
0.0491148
0.28143
0.662
0.427889
0.266814
0.662
0.320153
0.0947182
0.662
0.0820563
0.361965
0.103051
0.362124
0.662
0.0612157
0.145125
0.305362
0.31173
0.61334
0.662
0.116645
0.050941
0.0825713
0.583196
0.102872
0.644263
0.189064
0.551456
0.209428
0.121481
0.057322
0.242607
0.613683
0.115082
0.38706
0.173613
0.662
0.229747
0.0950533
0.269944
0.20727
0.0347561
0.65097
0.180258
0.0999476
0.169055
0.0323602
0.662
0.034822
0.662
0.435602
0.12186
0.242091
0.105222
0.245196
0.480228
0.0586603
0.662
0.513155
0.151968
0.102242
0.10077
0.620348
0.105261
0.173553
0.662
0.329442
0.315184
0.0744421
0.662
0.253503
0.121021
0.119569
0.135889
0.246971
0.0847715
0.153426
0.512716
0.150105
0.141287
0.175853
0.18396
0.14953
0.662
0.662
0.239195
0.503518
0.19062
0.436562
0.662
0.615677
0.128443
0.202007
0.25338
0.551151
0.168102
0.662
0.331462
0.426503
0.308017
0.105033
0.0360693
0.173289
0.489277
0.222405
0.0659664
0.276292
0.0398845
0.215883
0.116878
0.286649
0.373036
0.316285
0.662
0.270344
0.224619
0.0872533
0.164838
0.292911
0.0612037
0.127561
0.114577
0.303541
0.251254
0.662
0.662
0.662
0.572852
0.13059
0.0320308
0.303254
0.0885232
0.244257
0.104104
0.161032
0.29619
0.2488
0.201818
0.662
0.149042
0.0602988
0.203126
0.165036
0.662
0.14647
0.397629
0.62928
0.477319
0.234159
0.59702
0.110481
0.545686
0.0855903
0.132088
0.662
0.231945
0.151244
0.141605
0.662
0.322582
0.257207
0.205126
0.662
0.086749
0.462275
0.247731
0.14715
0.611596
0.237783
0.662
0.0503768
0.662
0.662
0.662
0.662
0.464102
0.193974
0.18799
0.138025
0.662
0.229248
0.132545
0.384468
0.32157
0.0976929
0.22344
0.449701
0.0714891
0.614028
0.315758
0.399487
0.134635
0.359414
0.0465461
0.067613
0.160078
0.115475
0.471088
0.0639086
0.0432503
0.0653867
0.562966
0.263555
0.17484
0.0124459
0.117268
0.126715
0.362842
0.271105
0.325092
0.0924463
0.575774
0.13962
0.0992606
0.662
0.151798
0.0826285
0.174395
0.292645
0.0511224
0.300522
0.168114
0.0185268
0.515354
0.177948
0.196546
0.398637
0.0823278
0.662
0.662
0.103815
0.146674
0.166602
0.662
0.159495
0.147088
0.414538
0.0574351
0.104306
0.610177
0.186698
0.0852616
0.661436
0.662
0.0559503
0.590767
0.601497
0.109589
0.184682
0.662
0.438682
0.00329987
0.271327
0.105126
0.220246
0.524974
0.646814
0.662
0.2084
0.662
0.28932
0.429293
0.178634
0.0166497
0.118054
0.0180094
0.367452
0.366158
0.258756
0.178322
0.627026
0.662
0.300644
0.145085
0.0586247
0.368566
0.1707
0.662
0.662
0.391319
0.0766831
0.662
0.662
0.662
0.0892042
0.450366
0.435207
0.54392
0.662
0.156889
0.154482
0.395807
0.393695
0.634493
0.421665
0.0519686
0.17176
0.237872
0.0209577
0.27848
0.317953
0.311048
0.317341
0.142472
0.272484
0.255623
0.29436
0.206226
0.155517
0.294367
0.20378
0.200349
0.392106
0.192335
0.0519706
0.148991
0.157911
0.293981
0.150018
0.0911323
0.662
0.488376
0.26361
0.252811
0.16407
0.662
0.293072
0.662
0.204933
0.662
0.522012
0.0461075
0.0784793
0.373626
0.662
0.0342023
0.19683
0.111965
0.120056
0.462631
0.662
0.156459
0.15664
0.196905
0.0730501
0.104253
0.126276
0.140776
0.0719742
0.286382
0.267558
0.111323
0.662
0.186295
0.0745206
0.0605152
0.0916078
0.0757707
0.662
0.387215
0.0769052
0.418181
0.238185
0.483577
0.111558
0.417308
0.0648813
0.662
0.529408
0.417315
0.0713622
0.644931
0.0948599
0.0593499
0.189441
0.190212
0.366617
0.0621824
0.157237
0.158173
0.121169
0.238891
0.193584
0.0802539
0.164456
0.078945
0.165339
0.125184
0.0729139
0.662
0.132162
0.107611
0.502635
0.0799461
0.624393
0.195696
0.271028
0.089904
0.157499
0.0597534
0.0639941
0.166
0.662
0.140248
0.662
0.0319911
0.24659
0.176045
0.124902
0.0540577
0.222031
0.662
0.133149
0.208566
0.130041
0.189702
0.662
0.661727
0.317927
0.113335
0.184271
0.640998
0.00476229
0.138873
0.662
0.146725
0.190714
0.127904
0.127026
0.0528809
0.390807
0.364999
0.198666
0.579891
0.0607047
0.662
0.171994
0.391212
0.0475922
0.250634
0.523085
0.595133
0.662
0.221328
0.662
0.107757
0.662
0.518545
0.0494784
0.115583
0.460077
0.452786
0.32278
0.363969
0.460243
0.434334
0.262352
0.101821
0.662
0.187605
0.303026
0.439001
0.244013
0.32975
0.182122
0.188394
0.0971681
0.468556
0.219758
0.662
0.0525672
0.662
0.24943
0.173318
0.159449
0.0910959
0.0884298
0.0826465
0.662
0.180765
0.662
0.359997
0.04564
0.518304
0.599152
0.395363
0.249586
0.0896904
0.0425546
0.112975
0.308201
0.662
0.239963
0.662
0.0941328
0.19889
0.662
0.112377
0.363877
0.112846
0.211384
0.662
0.450517
0.148294
0.45992
0.1734
0.258003
0.168265
0.662
0.156963
0.349902
0.192527
0.14695
0.147969
0.0254847
0.451826
0.179223
0.232632
0.174763
0.248883
0.305363
0.209671
0.111377
0.335155
0.284114
0.662
0.275678
0.662
0.241291
0.662
0.178643
0.662
0.310523
0.662
0.505527
0.14297
0.382349
0.662
0.273702
0.0403252
0.0385777
0.257706
0.662
0.151666
0.384077
0.345468
0.158792
0.0678659
0.131661
0.204462
0.566395
0.15047
0.662
0.0830157
0.120445
0.119708
0.257557
0.436169
0.402046
0.178185
0.289746
0.260024
0.031638
0.662
0.662
0.0655674
0.243543
0.0898609
0.625615
0.662
0.017501
0.662
0.348923
0.364704
0.0945144
0.308621
0.662
0.274405
0.14054
0.0890289
0.376389
0.139844
0.477005
0.662
0.139253
0.330702
0.00714619
0.0709829
0.509908
0.146157
0.617657
0.557998
0.414031
0.179468
0.257059
0.662
0.132044
0.199365
0.1833
0.450762
0.14546
0.0757281
0.337047
0.393211
0.0716455
0.643782
0.0877724
0.0573208
0.331088
0.0970633
0.146951
0.662
0.662
0.494852
0.662
0.04821
0.254164
0.0564447
0.14482
0.250917
0.190941
0.156651
0.227995
0.0942711
0.26944
0.662
0.0164863
0.499948
0.351119
0.0718434
0.37831
0.258984
0.326224
0.044073
0.574735
0.662
0.0751868
0.188802
0.662
0.179403
0.662
0.254706
0.118443
0.318196
0.222576
0.626879
0.648111
0.19971
0.474729
0.233153
0.516977
0.662
0.09747
0.144757
0.0470489
0.35015
0.662
0.178042
0.21637
0.0883354
0.209708
0.199616
0.232243
0.405579
0.662
0.165175
0.307002
0.121954
0.635498
0.220887
0.086595
0.469553
0.0932749
0.114373
0.358505
0.544978
0.186698
0.662
0.662
0.662
0.605989
0.468482
0.065847
0.267887
0.403289
0.453782
0.551002
0.502002
0.0883687
0.146691
0.436905
0.662
0.474144
0.0518487
0.139716
0.0715674
0.531222
0.208764
0.148009
0.151733
0.662
0.160397
0.227301
0.237557
0.246979
0.381828
0.662
0.3727
0.297278
0.662
0.662
0.662
0.244279
0.662
0.137538
0.396464
0.460932
0.525348
0.419305
0.100298
0.0828983
0.278564
0.13474
0.113998
0.662
0.246583
0.662
0.662
0.249683
0.662
0.662
0.662
0.662
0.173637
0.492059
0.278574
0.662
0.52226
0.16198
0.662
0.0593206
0.578464
0.350559
0.0282872
0.123816
0.0397747
0.0552185
0.0837966
0.130002
0.0583804
0.662
0.662
0.313117
0.488012
0.60706
0.330014
0.0492516
0.221967
0.108206
0.660929
0.257387
0.274433
0.0199436
0.305207
0.662
0.662
0.545911
0.46943
0.209532
0.359251
0.332088
0.112234
0.0796649
0.486054
0.389887
0.326499
0.662
0.136003
0.194874
0.471061
0.224649
0.0934877
0.152031
0.590269
0.390925
0.473035
0.307698
0.662
0.129474
0.433877
0.105734
0.662
0.662
0.237748
0.588937
0.28869
0.662
0.262698
0.662
0.0825987
0.373595
0.156529
0.13355
0.433887
0.212669
0.413184
0.662
0.151442
0.0393006
0.510658
0.151821
0.427758
0.662
0.0555185
0.139595
0.39437
0.227347
0.0245348
0.311689
0.373365
0.662
0.154056
0.179524
0.40879
0.262631
0.0171502
0.44358
0.177936
0.449299
0.0475818
0.143242
0.196944
0.535854
0.293288
0.662
0.346502
0.0541757
0.126452
0.662
0.17551
0.662
0.090395
0.662
0.127583
0.400167
0.0231153
0.350372
0.175024
0.441768
0.165459
0.323145
0.208789
0.118292
0.0574532
0.303244
0.0821244
0.155648
0.496854
0.662
0.149393
0.116291
0.317502
0.0809648
0.549498
0.158389
0.142094
0.0161729
0.409104
0.14454
0.662
0.109518
0.269505
0.0662506
0.221882
0.0459085
0.192984
0.199831
0.31257
0.132964
0.424429
0.408872
0.662
0.0613017
0.328038
0.250736
0.0656401
0.10652
0.662
0.0686359
0.43346
0.453976
0.347059
0.384209
0.662
0.383192
0.136272
0.382365
0.458735
0.486599
0.4927
0.119821
0.402574
0.540753
0.422484
0.133047
0.298116
0.247866
0.0666903
0.622618
0.662
0.394241
0.105149
0.229566
0.607954
0.264377
0.264545
0.0452696
0.151319
0.358692
0.07753
0.520964
0.662
0.662
0.658741
0.469259
0.662
0.662
0.523526
0.662
0.20795
0.662
0.16331
0.202562
0.0446093
0.251148
0.308355
0.0471713
0.662
0.187045
0.245391
0.662
0.104965
0.217942
0.576125
0.396729
0.15906
0.662
0.42811
0.662
0.182079
0.114373
0.453739
0.440913
0.367679
0.173657
0.662
0.0606422
0.662
0.353416
0.539234
0.110339
0.114208
0.034052
0.0763047
0.0988453
0.485701
0.573856
0.383411
0.147527
0.252537
0.0755067
0.426955
0.0959569
0.662
0.295649
0.137689
0.662
0.0884444
0.136086
0.154939
0.531337
0.0921147
0.127131
0.217506
0.662
0.332619
0.511399
0.0805076
0.238735
0.662
0.662
0.104636
0.662
0.131555
0.00409167
0.381928
0.0458453
0.157773
0.2215
0.206213
0.168638
0.662
0.251283
0.0933626
0.196588
0.178493
0.265125
0.189412
0.662
0.219332
0.277563
0.188806
0.408425
0.662
0.662
0.349967
0.274868
0.553671
0.528711
0.499457
0.375693
0.0100062
0.662
0.204664
0.374657
0.304607
0.244449
0.262917
0.276599
0.464899
0.261161
0.296077
0.662
0.0285065
0.43595
0.31022
0.568592
0.217139
0.0629644
0.124905
0.505527
0.0817382
0.142227
0.0844217
0.373348
0.464951
0.445082
0.371633
0.105434
0.630461
0.39954
0.259974
0.0909208
0.111433
0.224236
0.182647
0.236431
0.442797
0.662
0.662
0.216063
0.177835
0.191248
0.34823
0.186048
0.146592
0.662
0.316909
0.212586
0.0582311
0.627156
0.340885
0.0206324
0.104396
0.662
0.374872
0.172051
0.396541
0.0701833
0.265139
0.299759
0.0590183
0.198162
0.230416
0.518656
0.472127
0.493775
0.0664652
0.307843
0.245156
0.074751
0.261903
0.510271
0.1087
0.0547299
0.0450167
0.164304
0.0922667
0.662
0.662
0.662
0.662
0.662
0.662
0.18858
0.647013
0.171657
0.1286
0.102189
0.292057
0.366646
0.218374
0.662
0.0953264
0.0611494
0.170616
0.162085
0.47269
0.383986
0.662
0.0990802
0.0727627
0.662
0.45021
0.250359
0.311277
0.193492
0.119293
0.288302
0.1334
0.662
0.128316
0.367558
0.417697
0.283258
0.0725662
0.0719297
0.229365
0.447402
0.228501
0.129555
0.142315
0.143756
0.00833241
0.395128
0.0729209
0.124975
0.247042
0.0607496
0.176
0.662
0.337227
0.468266
0.220295
0.27459
0.106671
0.112599
0.104758
0.42864
0.0728625
0.168694
0.169573
0.350214
0.155703
0.166813
0.662
0.087591
0.433078
0.0800391
0.662
0.662
0.464705
0.662
0.54248
0.37634
0.317371
0.662
0.337518
0.122503
0.337909
0.168547
0.15349
0.313889
0.157586
0.0513374
0.540323
0.16125
0.427387
0.435906
0.0540704
0.142474
0.1764
0.155465
0.0268284
0.248592
0.164113
0.384293
0.486179
0.46886
0.119105
0.605326
0.0621713
0.0819042
0.0608985
0.338829
0.357278
0.0557854
0.0502568
0.439448
0.662
0.106209
0.05179
0.622574
0.330811
0.0971972
0.167915
0.155751
0.310251
0.126292
0.216167
0.243074
0.424268
0.101263
0.662
0.355998
0.533395
0.146557
0.051287
0.105583
0.424578
0.438634
0.331272
0.491298
0.497685
0.573057
0.511935
0.662
0.0568397
0.173167
0.546476
0.612908
0.401017
0.610051
0.154703
0.19092
0.0935219
0.606863
0.00830411
0.299438
0.276654
0.10628
0.662
0.349758
0.141528
0.206494
0.0172806
0.662
0.662
0.171046
0.0776511
0.662
0.198316
0.528456
0.0803024
0.662
0.662
0.261793
0.0982896
0.157244
0.619264
0.0814039
0.366092
0.0826513
0.196704
0.262295
0.0971061
0.252464
0.358979
0.0621438
0.662
0.326701
0.38998
0.107869
0.662
0.120899
0.243407
0.662
0.0523683
0.303789
0.214716
0.662
0.182819
0.080601
0.662
0.263985
0.662
0.221813
0.533686
0.323712
0.183145
0.128129
0.276176
0.662
0.0648382
0.26442
0.389963
0.662
0.267774
0.130778
0.49319
0.017919
0.0563192
0.384234
0.133022
0.0916028
0.207138
0.379146
0.662
0.276371
0.662
0.258064
0.247019
0.347622
0.535812
0.662
0.185746
0.0919115
0.333241
0.148237
0.212656
0.662
0.127079
0.165767
0.0459852
0.438021
0.258265
0.276744
0.319471
0.151299
0.122517
0.481368
0.441172
0.276539
0.226177
0.503592
0.0482632
0.662
0.119917
0.662
0.158994
0.156053
0.241368
0.133397
0.542063
0.502548
0.197866
0.338018
0.119965
0.133824
0.162998
0.238997
0.296837
0.662
0.561417
0.653473
0.662
0.275511
0.210371
0.268743
0.0603157
0.319313
0.152267
0.551967
0.0768761
0.318353
0.231617
0.662
0.662
0.218299
0.186049
0.0773515
0.162559
0.0867241
0.586797
0.126971
0.058872
0.241647
0.0850881
0.340606
0.662
0.153101
0.0659271
0.47049
0.294379
0.213318
0.662
0.442765
0.114202
0.662
0.101884
0.101642
0.0557828
0.245246
0.153947
0.0879734
0.363283
0.0108151
0.249293
0.16168
0.252951
0.662
0.0781115
0.108953
0.0527363
0.263405
0.171111
0.335014
0.0215278
0.284169
0.329748
0.0573115
0.0772914
0.0698424
0.0752792
0.274906
0.25627
0.379883
0.416636
0.159113
0.0279019
0.374444
0.233102
0.61073
0.662
0.662
0.0861998
0.0744804
0.662
0.18782
0.272416
0.662
0.198419
0.083761
0.662
0.662
0.662
0.118906
0.287945
0.195714
0.205957
0.545343
0.506284
0.662
0.162275
0.662
0.307841
0.124393
0.348955
0.563697
0.662
0.0822232
0.0502227
0.496591
0.0805348
0.448723
0.354841
0.662
0.576969
0.160556
0.274182
0.157295
0.115295
0.522922
0.14023
0.0479229
0.594104
0.457688
0.364937
0.237415
0.0629616
0.662
0.155962
0.080932
0.240364
0.0619862
0.274995
0.662
0.0995777
0.662
0.662
0.365071
0.455574
0.639932
0.340031
0.107903
0.315448
0.662
0.127167
0.325023
0.0635253
0.213276
0.184411
0.129377
0.29267
0.662
0.0583481
0.207792
0.662
0.258655
0.272272
0.193478
0.19087
0.662
0.0540955
0.260375
0.209945
0.12565
0.0777892
0.133458
0.662
0.662
0.185464
0.252358
0.133693
0.320736
0.262115
0.291674
0.122381
0.439255
0.662
0.0747508
0.496306
0.352146
0.61558
0.212837
0.480025
0.268032
0.414133
0.0952601
0.178005
0.34683
0.589141
0.0848417
0.0678775
0.192299
0.123359
0.534154
0.443738
0.283161
0.460276
0.393134
0.662
0.432786
0.662
0.662
0.0678792
0.399995
0.435286
0.253703
0.612384
0.184707
0.662
0.662
0.402425
0.524897
0.209303
0.272076
0.0765424
0.216658
0.662
0.124549
0.662
0.264642
0.255271
0.156259
0.196945
0.0774129
0.00496002
0.361357
0.0862679
0.100308
0.112786
0.284662
0.156532
0.163952
0.374287
0.662
0.586241
0.27978
0.290922
0.649874
0.111821
0.370054
0.212723
0.606786
0.315573
0.180341
0.149247
0.0565479
0.407193
0.1684
0.662
0.307584
0.140862
0.138497
0.115472
0.0683866
0.35284
0.36945
0.0989593
0.237489
0.391061
0.258413
0.188418
0.208623
0.619576
0.0392554
0.413232
0.473644
0.270745
0.114119
0.662
0.0688411
0.206933
0.00559748
0.660168
0.175439
0.120641
0.13226
0.12269
0.662
0.244939
0.221096
0.662
0.662
0.240296
0.187475
0.494809
0.662
0.0717186
0.127586
0.662
0.139218
0.322199
0.249878
0.311618
0.154111
0.373572
0.197038
0.662
0.252927
0.581255
0.662
0.201771
0.194331
0.207586
0.182027
0.662
0.662
0.329148
0.662
0.653277
0.662
0.0620022
0.280581
0.187104
0.236788
0.0987276
0.192631
0.0047256
0.0447892
0.33716
0.440381
0.662
0.133009
0.179445
0.331372
0.662
0.330469
0.15818
0.299593
0.200207
0.132193
0.599138
0.367727
0.63339
0.360718
0.0430829
0.366738
0.0972538
0.230127
0.130505
0.252044
0.0531558
0.149447
0.662
0.662
0.662
0.121491
0.164049
0.0286558
0.451793
0.662
0.662
0.662
0.168457
0.174371
0.123756
0.662
0.231149
0.0731075
0.380973
0.0632105
0.628425
0.183178
0.231415
0.0735823
0.239941
0.438492
0.154582
0.184356
0.209428
0.374291
0.0188441
0.153895
0.662
0.43732
0.161954
0.662
0.39686
0.662
0.187175
0.196047
0.065712
0.538412
0.0960502
0.423187
0.431723
0.115881
0.412691
0.236519
0.662
0.222307
0.141971
0.0697147
0.551424
0.662
0.045184
0.431331
0.662
0.109583
0.202533
0.450928
0.162422
0.403149
0.499949
0.662
0.416692
0.0881218
0.0815829
0.35773
0.151987
0.0651319
0.531253
0.0866301
0.191959
0.133621
0.142981
0.08258
0.359956
0.662
0.233183
0.199647
0.0612769
0.662
0.199591
0.286839
0.42178
0.132158
0.455994
0.386471
0.620183
0.662
0.243257
0.122336
0.662
0.0433237
0.662
0.358757
0.0693266
0.170261
0.13978
0.255197
0.135667
0.537845
0.477346
0.161836
0.162516
0.624228
0.0714035
0.662
0.146856
0.22931
0.0406728
0.191672
0.0386945
0.106277
0.289107
0.0214115
0.41535
0.662
0.132472
0.0174266
0.202921
0.370092
0.15846
0.369058
0.194918
0.056561
0.662
0.464296
0.165002
0.00854894
0.342346
0.237939
0.342646
0.0202601
0.117324
0.275514
0.662
0.628204
0.300729
0.161454
0.0992502
0.555523
0.0061661
0.115992
0.454862
0.364652
0.300354
0.220768
0.0389913
0.14917
0.329609
0.186143
0.468649
0.662
0.662
0.149171
0.0985318
0.129459
0.133018
0.119196
0.236732
0.662
0.250341
0.400532
0.0875867
0.0855825
0.17638
0.222868
0.131546
0.267215
0.662
0.37282
0.2207
0.337359
0.249119
0.315721
0.461603
0.185594
0.151308
0.610503
0.339219
0.16453
0.371252
0.169904
0.588065
0.214924
0.642657
0.520218
0.662
0.144788
0.662
0.29958
0.348214
0.257646
0.0941115
0.609935
0.662
0.303214
0.18872
0.534989
0.554897
0.662
0.147951
0.0774861
0.436949
0.404052
0.207745
0.185107
0.662
0.0395717
0.199426
0.0803587
0.0711313
0.116956
0.276659
0.382947
0.215096
0.393049
0.472521
0.662
0.622898
0.0289504
0.0181841
0.145511
0.220516
0.0840515
0.661807
0.203
0.662
0.662
0.437802
0.0482361
0.646843
0.0512715
0.0488538
0.501797
0.100044
0.662
0.3902
0.211865
0.204974
0.521474
0.0510012
0.394128
0.353839
0.662
0.313057
0.112788
0.295649
0.0765627
0.43411
0.256824
0.521363
0.24227
0.662
0.0060045
0.662
0.619265
0.112465
0.57498
0.162772
0.135229
0.22398
0.0810773
0.00564313
0.144726
0.662
0.48782
0.648212
0.55126
0.37802
0.662
0.0162972
0.137307
0.278649
0.0687387
0.327298
0.173874
0.662
0.0254551
0.178229
0.296604
0.119007
0.207122
0.29585
0.176422
0.0857566
0.0960178
0.440392
0.255969
0.390672
0.157004
0.542373
0.208085
0.208247
0.343943
0.108227
0.208592
0.662
0.0398059
0.222849
0.287723
0.575795
0.662
0.259584
0.075622
0.243693
0.0400996
0.662
0.647603
0.148005
0.447165
0.662
0.0938447
0.0788642
0.0973122
0.0893016
0.375624
0.156424
0.102268
0.033877
0.662
0.485362
0.445978
0.240249
0.662
0.285502
0.184794
0.15524
0.575339
0.56952
0.106369
0.0699858
0.375642
3.07499e-05
0.344229
0.162566
0.166626
0.0891443
0.0496462
0.451362
0.0460973
0.662
0.0450682
0.424253
0.662
0.407837
0.314041
0.248365
0.330762
0.662
0.199321
0.562469
0.0907071
0.0250743
0.19936
0.178063
0.12676
0.0869339
0.424426
0.323023
0.0769822
0.232549
0.662
0.662
0.356352
0.298268
0.0867263
0.0784315
0.584117
0.123651
0.222323
0.367037
0.40211
0.142151
0.662
0.662
0.167027
0.271759
0.269766
0.371531
0.0796547
0.119458
0.1097
0.495322
0.245633
0.0963808
0.662
0.210228
0.292618
0.513655
0.662
0.106078
0.251038
0.5835
0.662
0.0778726
0.335304
0.036474
0.0533445
0.310589
0.131564
0.519962
0.104908
0.26538
0.443034
0.0912317
0.230548
0.182222
0.0441823
0.53198
0.0995601
0.333004
0.662
0.166212
0.0594955
0.0541561
0.659722
0.381359
0.0821243
0.546059
0.070214
0.142822
0.0666167
0.107673
0.156022
0.141128
0.0570389
0.397258
0.662
0.383736
0.0478956
0.116155
0.339637
0.662
0.475866
0.320483
0.662
0.662
0.194564
0.0365602
0.126942
0.243497
0.0649875
0.662
0.100087
0.0828262
0.463359
0.0584915
0.171333
0.296204
0.188926
0.0735386
0.393429
0.662
0.14472
0.637523
0.441234
0.341467
0.46892
0.00537845
0.486471
0.326299
0.281511
0.362238
0.0747474
0.298458
0.0709882
0.0641531
0.0577797
0.592645
0.662
0.359818
0.102074
0.150817
0.286621
0.189373
0.167629
0.232724
0.145867
0.0508811
0.405395
0.0881323
0.248576
0.102119
0.662
0.234503
0.180536
0.137875
0.19599
0.662
0.407007
0.230762
0.662
0.662
0.0645866
0.204457
0.405723
0.086432
0.237111
0.662
0.0972457
0.188343
0.180118
0.662
0.100505
0.0715104
0.0844037
0.167569
0.330182
0.161289
0.12498
0.602185
0.158114
0.662
0.316535
0.0857891
0.318552
0.360056
0.27774
0.132742
0.237513
0.158815
0.357098
0.254148
0.0526809
0.381214
0.237321
0.4526
0.0999239
0.120235
0.124375
0.106005
0.187197
0.662
0.170594
0.0841145
0.662
0.0542817
0.354892
0.0431621
0.662
0.423545
0.662
0.662
0.15024
0.166049
0.453387
0.29654
0.662
0.404792
0.397707
0.330549
0.0727241
0.124843
0.662
0.63351
0.183538
0.290089
0.381154
0.193864
0.662
0.063769
0.502284
0.595089
0.662
0.376384
0.662
0.103093
0.561591
0.20423
0.31042
0.0704716
0.662
0.0689852
0.00459952
0.120668
0.662
0.662
0.142544
0.0864535
0.415503
0.445182
0.0778446
0.463413
0.120801
0.194753
0.0732846
0.130686
0.151372
0.662
0.0815817
0.21592
0.0590235
0.158564
0.31971
0.0971567
0.662
0.0465458
0.524164
0.109475
0.423205
0.187166
0.108037
0.255048
0.0587957
0.0867718
0.662
0.136661
0.0319421
0.0613559
0.429137
0.387902
0.662
0.112083
0.209019
0.267742
0.121507
0.0438214
0.241603
0.207423
0.0787233
0.127037
0.225506
0.339511
0.186907
0.0936116
0.430275
0.662
0.19392
0.0565097
0.662
0.129937
0.164033
0.147055
0.230207
0.662
0.204155
0.0996862
0.662
0.098487
0.266309
0.463055
0.11511
0.662
0.101521
0.622164
0.662
0.0233563
0.585484
0.31734
0.376414
0.662
0.0476068
0.662
0.425448
0.338926
0.261937
0.443884
0.376097
0.158298
0.188216
0.0862191
0.153783
0.000339156
0.15611
0.110215
0.163436
0.0460556
0.132426
0.343719
0.566959
0.662
0.359007
0.662
0.369489
0.170228
0.499718
0.352865
0.220076
0.662
0.594892
0.471927
0.662
0.101627
0.165181
0.638769
0.662
0.0760636
0.0106862
0.137649
0.246877
0.0772098
0.662
0.0599764
0.0744706
0.00890481
0.662
0.0550923
0.662
0.0515842
0.0635462
0.343391
0.476587
0.109166
0.40329
0.398639
0.498006
0.337751
0.125554
0.586319
0.123624
0.186614
0.290372
0.0694396
0.0894691
0.245579
0.251022
0.289914
0.662
0.226525
0.0988888
0.141376
0.120618
0.190086
0.0552978
0.0843356
0.0442134
0.662
0.201205
0.0982864
0.208272
0.581302
0.0283285
0.209578
0.283832
0.0840035
0.30961
0.203276
0.185774
0.62355
0.475342
0.187357
0.662
0.472412
0.0512776
0.541635
0.662
0.284064
0.662
0.131768
0.169037
0.112683
0.0977626
0.338404
0.662
0.0921006
0.4444
0.662
0.662
0.0833214
0.138076
0.271242
0.113041
0.662
0.363188
0.0864824
0.298895
0.181812
0.207116
0.117932
0.662
0.0527913
0.0488733
0.162688
0.662
0.658571
0.181407
0.158824
0.195711
0.15658
0.662
0.662
0.406883
0.27831
0.662
0.304613
0.222925
0.662
0.462713
0.44046
0.344571
0.451568
0.0013357
0.0411731
0.662
0.0538169
0.645745
0.191171
0.131007
0.0602737
0.379036
0.662
0.168899
0.3066
0.232638
0.322006
0.113324
0.662
0.33677
0.0285751
0.19122
0.545788
0.202583
0.662
0.0643172
0.520499
0.296439
0.576132
0.662
0.142999
0.662
0.331319
0.662
0.28499
0.463413
0.247669
0.203615
0.0705089
0.131299
0.123584
0.255546
0.43341
0.220975
0.487581
0.176095
0.221581
0.070766
0.0624924
0.356734
0.662
0.466359
0.146513
0.662
0.662
0.285846
0.0717992
0.185237
0.335389
0.294158
0.245414
0.662
0.00975102
0.0962519
0.454826
0.149975
0.35377
0.309269
0.662
0.662
0.662
0.662
0.662
0.272292
0.662
0.0391494
0.114081
0.662
0.662
0.368767
0.162083
0.212537
0.193906
0.662
0.374612
0.160446
0.458205
0.328622
0.440228
0.147778
0.110295
0.0333211
0.290086
0.616027
0.207241
0.311967
0.245041
0.158341
0.197653
0.199542
0.220598
0.0786874
0.129821
0.248369
0.495086
0.662
0.284294
0.662
0.335757
0.47247
0.0041262
0.249745
0.662
0.0941697
0.662
0.0864484
0.200425
0.637758
0.501849
0.0289317
0.36225
0.662
0.1025
0.236588
0.185326
0.415199
0.216019
0.662
0.139644
0.245487
0.194572
0.153317
0.226739
0.0277917
0.307684
0.246928
0.204056
0.662
0.20877
0.125492
0.192122
0.662
0.662
0.16198
0.514343
0.146277
0.662
0.182979
0.236188
0.0931145
0.25817
0.454652
0.536253
0.163445
0.170182
0.0733023
0.662
0.0321583
0.225672
0.164523
0.108113
0.226477
0.330986
0.239161
0.121557
0.290524
0.662
0.316743
0.662
0.357948
0.437996
0.350342
0.662
0.281696
0.0365402
0.048386
0.0533837
0.370361
0.104108
0.662
0.662
0.581589
0.281682
0.166636
0.545342
0.139891
0.0864346
0.354601
0.662
0.111997
0.1754
0.0812785
0.0723247
0.180225
0.258785
0.662
0.204882
0.62349
0.198246
0.168441
0.662
0.119833
0.0835013
0.214007
0.0884879
0.19805
0.434673
0.662
0.223155
0.662
0.0247305
0.662
0.131248
0.199657
0.0231336
0.0746111
0.396191
0.501446
0.0842382
0.098312
0.513278
0.662
0.0563843
0.248897
0.42069
0.662
0.260945
0.662
0.0714273
0.613323
0.358636
0.251097
0.465401
0.0488832
0.180239
0.195898
0.190416
0.0741748
0.203416
0.0738811
0.662
0.555105
0.169814
0.464191
0.0362595
0.662
0.100386
0.351169
0.0485691
0.378627
0.188986
0.065749
0.167633
0.662
0.0113517
0.372988
0.139451
0.115734
0.219824
0.540705
0.582007
0.130988
0.232455
0.170744
0.276652
0.204173
0.228908
0.054206
0.131032
0.550748
0.0460563
0.117161
0.107033
0.509524
0.130672
0.230422
0.662
0.395192
0.284187
0.284708
0.662
0.178831
0.662
0.662
0.0508797
0.560737
0.039174
0.471059
0.310394
0.165894
0.162102
0.101781
0.338748
0.535421
0.204443
0.140095
0.662
0.496278
0.662
0.323697
0.1078
0.662
0.195897
0.636969
0.367253
0.0446905
0.205459
0.0511243
0.0589516
0.120019
0.244133
0.190618
0.239463
0.15276
0.132062
0.403311
0.139022
0.104044
0.105245
0.304383
0.343522
0.441476
0.253037
0.199794
0.662
0.215862
0.079555
0.437788
0.383445
0.0677904
0.160663
0.0975481
0.25621
0.38686
0.243273
0.354854
0.0491132
0.331495
0.662
0.106724
0.662
0.662
0.123879
0.215682
0.378773
0.254917
0.169596
0.615192
0.141867
0.487798
0.435382
0.0787968
0.662
0.277747
0.215859
0.207262
0.133002
0.292892
0.28409
0.212199
0.325996
0.209012
0.128885
0.294366
0.198938
0.0536154
0.230363
0.127521
0.0955287
0.27514
0.0776892
0.504501
0.158358
0.0934626
0.165196
0.274782
0.585535
0.208602
0.662
0.0453463
0.298723
0.112617
0.468287
0.287682
0.662
0.264545
0.286785
0.144451
0.278942
0.20918
0.226708
0.633694
0.273494
0.142203
0.662
0.577956
0.662
0.115687
0.217681
0.287536
0.662
0.431881
0.326893
0.662
0.0167613
0.0543946
0.662
0.0354949
0.123088
0.0456185
0.256274
0.42493
0.461548
0.344167
0.103725
0.150687
0.244643
0.544448
0.662
0.157945
0.0702308
0.662
0.568658
0.0854627
0.233597
0.662
0.100287
0.506392
0.15999
0.280589
0.00272728
0.662
0.215868
0.153989
0.46529
0.662
0.427519
0.149042
0.331033
0.436477
0.0680608
0.172893
0.0541316
0.343184
0.03117
0.140485
0.170178
0.183844
0.662
