0.27671
0.0698638
0.118492
0.0624772
0.0480853
0.0380254
0.467609
0.352709
0.656711
0.243071
0.367028
0.339036
0.662
0.662
0.621393
0.102736
0.0300343
0.662
0.226203
0.104045
0.405485
0.575969
0.385477
0.606024
0.428389
0.662
0.134359
0.514239
0.458393
0.226248
0.0439524
0.135996
0.431815
0.12527
0.0563874
0.304211
0.175575
0.605674
0.0749107
0.0738971
0.190526
0.0502333
0.230804
0.640356
0.0265498
0.662
0.312763
0.165119
0.662
0.305814
0.54498
0.618733
0.261059
0.155324
0.0588631
0.306463
0.515913
0.458305
0.119977
0.12072
0.154553
0.131591
0.229867
0.0821338
0.180783
0.136679
0.0685686
0.550024
0.0769652
0.392535
0.512593
0.557649
0.237272
0.0185339
0.065492
0.542139
0.322891
0.198081
0.326329
0.396461
0.152629
0.474901
0.299676
0.131581
0.160741
0.0437435
0.0737669
0.111277
0.18111
0.662
0.662
0.135035
0.308431
0.517051
0.148997
0.662
0.662
0.143863
0.278085
0.320839
0.467221
0.154825
0.068594
0.0744648
0.267652
0.486466
0.24682
0.662
0.392309
0.662
0.058635
0.453604
0.42266
0.266543
0.372784
0.027057
0.662
0.608006
0.250738
0.656829
0.261587
0.137696
0.510127
0.204849
0.335707
0.370674
0.0819481
0.222827
0.120536
0.205045
0.126311
0.121118
0.44416
0.0684134
0.0472399
0.211534
0.177373
0.662
0.634497
0.0651054
0.542045
0.12344
0.628129
0.287271
0.117269
0.180634
0.310222
0.403963
0.291426
0.0985478
0.082739
0.0779768
0.240457
0.170212
0.0830607
0.205683
0.412983
0.0515154
0.156782
0.148624
0.0394212
0.381373
0.05633
0.0982651
0.0127417
0.151217
0.662
0.0746951
0.168193
0.108701
0.232423
0.375974
0.194885
0.264109
0.299725
0.0419772
0.195611
0.179251
0.121018
0.157048
0.580867
0.662
0.0754844
0.188296
0.444093
0.332169
0.10529
0.242539
0.129238
0.0712726
0.662
0.316686
0.237921
0.330157
0.0820852
0.261273
0.565969
0.209399
0.00127828
0.386819
0.0605916
0.176408
0.662
0.662
0.0394209
0.35272
0.600505
0.445394
0.195896
0.122462
0.0927646
0.311269
0.0445317
0.197035
0.344121
0.370571
0.315041
0.356928
0.12416
0.475816
0.288142
0.112344
0.379428
0.662
0.267271
0.258809
0.238072
0.373901
0.568309
0.156276
0.186354
0.192556
0.107347
0.235034
0.335594
0.193775
0.0204584
0.662
0.310094
0.36783
0.0894012
0.241533
0.400353
0.112534
0.621038
0.123044
0.0349951
0.124253
0.164597
0.168072
0.508062
0.062954
0.305535
0.148737
0.662
0.355777
0.0395723
0.0360581
0.00600442
0.0121901
0.0737529
0.0848034
0.0627573
0.662
0.293557
0.0870835
0.662
0.145331
0.258366
0.215369
0.10939
0.154092
0.662
0.179866
0.0682896
0.373049
0.303913
0.391805
0.650086
0.186996
0.186393
0.0873241
0.0351848
0.662
0.338691
0.52786
0.662
0.155911
0.662
0.0615773
0.0840647
0.107207
0.132466
0.108988
0.192094
0.662
0.662
0.662
0.089936
0.203119
0.0937035
0.619915
0.443111
0.261024
0.662
0.235387
0.530042
0.585719
0.0776566
0.466471
0.230695
0.572181
0.372968
0.0955271
0.0969529
0.308262
0.0366969
0.0149748
0.408424
0.520819
0.352364
0.173706
0.158916
0.30208
0.581938
0.168214
0.363353
0.646847
0.16693
0.0713464
0.240958
0.22714
0.052088
0.061444
0.171446
0.110849
0.606278
0.310174
0.662
0.232447
0.124327
0.0611431
0.143477
0.117371
0.0576101
0.192817
0.0391199
0.17973
0.226866
0.0436058
0.526945
0.13076
0.337613
0.235589
0.662
0.131839
0.14107
0.0909409
0.0982845
0.185652
0.193835
0.446419
0.190073
0.0390659
0.290646
0.233294
0.618087
0.555798
0.0747412
0.662
0.0808155
0.238038
0.0762153
0.262968
0.0592076
0.00685589
0.211191
0.14453
0.347866
0.506586
0.107803
0.65195
0.157115
0.590951
0.662
0.662
0.662
0.0917538
0.0215009
0.269572
0.0637217
0.662
0.483917
0.332311
0.628301
0.0646735
0.133978
0.289681
0.246933
0.094324
0.177737
0.140281
0.574154
0.231784
0.174845
0.0394427
0.251768
0.139487
0.410877
0.213752
0.286046
0.427085
0.128497
0.336575
0.141538
0.214523
0.450241
0.137077
0.572686
0.305381
0.648211
0.525453
0.169643
0.431746
0.329387
0.114056
0.116706
0.228327
0.451689
0.162603
0.392385
0.200566
0.074234
0.0862168
0.102939
0.578789
0.0793493
0.142298
0.107089
0.341589
0.507083
0.0977588
0.455735
0.252615
0.0416352
0.505773
0.110126
0.529061
0.418361
0.0636606
0.235746
0.0347206
0.199463
0.222596
0.505369
0.201028
0.404493
0.0766572
0.219168
0.144974
0.430747
0.419855
0.0836576
0.354504
0.0935085
0.202693
0.324949
0.112252
0.421044
0.331572
0.209903
0.635557
0.202312
0.0882667
0.662
0.124444
0.0878494
0.0816899
0.100006
0.435808
0.0821836
0.490363
0.0594523
0.0903336
0.268717
0.557146
0.333738
0.662
0.0598546
0.0575829
0.205005
0.0197502
0.57981
0.109735
0.0278282
0.361802
0.0823421
0.0861904
0.0908166
0.308212
0.185618
0.110493
0.405504
0.216321
0.124979
0.336913
0.484714
0.154981
0.466064
0.0718612
0.0703734
0.662
0.175996
0.0993532
0.479745
0.21929
0.260504
0.324249
0.662
0.397469
0.658173
0.139485
0.186537
0.419645
0.486896
0.489573
0.377007
0.375608
0.0648274
0.662
0.0551116
0.15193
0.260984
0.66072
0.0198798
0.14451
0.503017
0.299515
0.432928
0.395457
0.662
0.211635
0.0283065
0.174145
0.0019887
0.6344
0.662
0.254717
0.0897946
0.0669877
0.376417
0.0707413
