0.0234583
0.0921578
0.662
0.077984
0.124371
0.232499
0.0552356
0.123754
0.472591
0.33687
0.293531
0.225142
0.0667073
0.375504
0.116684
0.480506
0.352259
0.041273
0.0989906
0.662
0.662
0.647215
0.251194
0.197014
0.476283
0.522913
0.662
0.388694
0.237774
0.608973
0.335411
0.127269
0.0692426
0.662
0.662
0.54503
0.464815
0.434069
0.662
0.178488
0.308796
0.134842
0.513982
0.175053
0.248479
0.270562
0.662
0.662
0.20748
0.287098
0.442114
0.639777
0.130362
0.460566
0.0999179
0.599669
0.555994
0.450796
0.662
0.662
0.178312
0.223108
0.662
0.629222
0.036644
0.433517
0.0819068
0.662
0.296113
0.0400199
0.21236
0.148637
0.153007
0.111506
0.460829
0.220473
0.662
0.337522
0.13605
0.49034
0.662
0.274358
0.183954
0.206129
0.051257
0.662
0.133989
0.171285
0.0573356
0.445587
0.204212
0.181589
0.626302
0.411412
0.222576
0.151854
0.0371172
0.0632558
0.360655
0.662
0.50072
0.404308
0.495658
0.482649
0.59625
0.354613
0.360672
0.145459
0.442127
0.114319
0.662
0.662
0.398687
0.662
0.662
0.0199421
0.212018
0.285754
0.662
0.227908
0.0409693
0.267121
0.252443
0.662
0.0908321
0.221869
0.0178226
0.206997
0.0929652
0.662
0.395571
0.128282
0.653765
0.633189
0.662
0.183541
0.631369
8.88343e-05
0.662
0.521377
0.322834
0.662
0.109721
0.662
0.222633
0.247134
0.662
0.00724677
0.249691
0.340552
0.32434
0.0581388
0.662
0.662
0.245903
0.185276
0.662
0.04951
0.0337574
0.234239
0.547348
0.452142
0.0493714
0.657871
0.662
0.662
0.513237
0.289775
0.662
0.312932
0.20442
0.662
0.517184
0.121012
0.212637
0.454643
0.662
0.527689
0.366337
0.662
0.662
0.447349
0.0543642
0.662
0.662
0.0122124
0.201482
0.0465503
0.19821
0.600744
0.55659
0.662
0.131228
0.119248
0.366274
0.662
0.370893
0.0337554
0.662
0.195964
0.191849
0.662
0.105865
0.518367
0.300315
0.0867763
0.662
0.0312913
0.634155
0.662
0.278901
0.125385
0.216411
0.0687179
0.288485
0.284967
0.324472
0.662
0.179967
0.194969
0.662
0.184545
0.26211
0.34282
0.416987
0.485332
0.27613
0.307731
0.0353185
0.611099
0.467757
0.0768022
0.0327297
0.662
0.662
0.351721
0.41977
0.643518
0.542634
0.637111
0.0590128
0.423475
0.239488
0.086001
0.438186
0.319014
0.208776
0.662
0.182587
0.662
0.326983
0.199925
0.131844
0.129664
0.313084
0.0554105
0.16874
0.32977
0.662
0.21299
0.541789
0.280164
0.123072
0.252668
0.200995
0.203649
0.0694068
0.206986
0.662
0.219754
0.662
0.0510063
0.148519
0.014823
0.578715
0.422982
0.152803
0.662
0.0973753
0.208639
0.185112
0.48258
0.662
0.0697581
0.0129589
0.426432
0.203538
0.171964
0.662
0.141929
0.198978
0.162024
0.38601
0.0125581
0.599619
0.175741
0.261427
0.250186
0.139991
0.662
0.457193
0.18846
0.55411
0.662
0.546908
0.256399
0.167608
0.337218
0.402033
0.662
0.187465
0.0320645
0.0457574
0.16206
0.662
0.409228
0.0430563
0.312092
0.251778
0.226047
0.0720677
0.647178
0.400885
0.158135
0.662
0.662
0.401222
0.258122
0.438739
0.469034
0.208928
0.662
0.662
0.323098
0.00493311
0.412348
0.232714
0.250606
0.216992
0.10414
0.160995
0.0814393
0.0734565
0.123461
0.662
0.491256
0.662
0.0629326
0.199418
0.662
0.272551
0.662
0.21751
0.662
0.431283
0.611916
0.262136
0.191183
0.186946
0.646801
0.3205
0.45597
0.662
0.128961
0.100712
0.0585519
0.191303
0.022732
0.662
0.481912
0.486539
0.475129
0.662
0.345962
0.0950412
0.0809345
0.309364
0.404165
0.662
0.430686
0.662
0.662
0.0466424
0.547154
0.275575
0.0634885
0.0955411
0.324498
0.662
0.100292
0.43272
0.230068
0.205927
0.300194
0.662
0.300532
0.0951954
0.159232
0.662
0.662
0.662
0.0391509
0.486357
0.443017
0.491965
0.124866
0.317015
0.238642
0.391178
0.662
0.419564
0.326686
0.214903
0.601372
0.590867
0.373163
0.400715
0.246801
0.110992
0.0453348
0.138078
0.177924
0.332593
0.662
0.303624
0.662
0.274814
0.256429
0.589868
0.662
0.335539
0.662
0.485059
0.00431674
0.593392
0.373405
0.590908
0.557052
0.405298
0.662
0.386986
0.574929
0.406425
0.662
0.0977532
0.261542
0.28265
0.187566
0.220988
0.0868437
0.327854
0.336204
0.472143
0.0657671
0.371692
0.629135
0.193948
0.23505
0.645099
0.44462
0.163555
0.0874454
0.208475
0.662
0.381488
0.662
0.662
0.183568
0.662
0.421323
0.281832
0.226806
0.199603
0.142339
0.200725
0.0839643
0.662
0.662
0.275699
0.205975
0.590991
0.348169
0.0454625
0.195123
0.471655
0.441013
0.662
0.0353478
0.662
0.20071
0.0953959
0.662
0.662
0.484475
0.662
0.0195538
0.24275
0.220529
0.34504
0.107175
0.662
0.577841
0.662
0.297886
0.63126
0.662
0.662
0.161011
0.473051
0.105145
0.593982
0.198056
0.426923
0.662
0.588033
0.619992
0.662
0.00770335
0.218853
0.662
0.589194
0.203183
0.631733
0.142051
0.662
0.599279
0.662
0.0544484
0.396378
0.661655
0.141294
0.662
0.646896
0.662
0.194139
