0.0993719
0.439544
0.217117
0.581406
0.396889
0.662
0.157723
0.529088
0.00992793
0.456234
0.298419
0.101479
0.073417
0.347551
0.117313
0.305384
0.408857
0.0380724
0.390636
0.0975991
0.662
0.539368
0.278343
0.320411
0.0320194
0.430704
0.0889797
0.0736429
0.148444
0.05188
0.190209
0.354081
0.134253
0.493939
0.141245
0.512024
0.150957
0.0569475
0.309859
0.166196
0.0259821
0.0299722
0.147971
0.304761
0.170191
0.133852
0.260693
0.102066
0.347154
0.125904
0.243015
0.457105
0.205794
0.620468
0.282367
0.591422
0.47029
0.0608522
0.566537
0.104596
0.659171
0.346621
0.506842
0.662
0.069768
0.285479
0.197801
0.0780631
0.608597
0.402301
0.0311724
0.146623
0.0488498
0.00641968
0.0527364
0.57758
0.340371
0.0470187
0.427671
0.662
0.662
0.191165
0.145223
0.0102448
0.173219
0.33938
0.183633
0.0751574
0.662
0.526225
0.0834453
0.360743
0.289294
0.339659
0.389681
0.0555195
0.254607
0.104939
0.156235
0.0741723
0.214608
0.226986
0.0720852
0.662
0.327251
0.101883
0.566227
0.203829
0.142117
0.117359
0.15475
0.369844
0.264395
0.0205367
0.341929
0.211479
0.374428
0.141841
0.223069
0.620948
0.0896536
0.197199
0.315776
0.145917
0.388823
0.662
0.422336
0.345348
0.301299
0.365937
0.444831
0.119235
0.618143
0.0233878
0.262699
0.180087
0.662
0.145106
0.0225983
0.105656
0.125898
0.434372
0.488773
0.430327
0.0429552
0.662
0.396782
0.104615
0.148968
0.11921
0.0779649
0.101841
0.236121
0.0686681
0.420597
0.627375
0.662
0.253448
0.40973
0.122277
0.0898031
0.414628
0.288864
0.506364
0.0382894
0.124654
0.193629
0.331207
0.231828
0.392445
0.18386
0.491942
0.265299
0.142005
0.662
0.38441
0.309964
0.112149
0.048011
0.48475
0.0997834
0.39939
0.542593
0.344148
0.201144
0.039443
0.645662
0.591309
0.285582
0.619753
0.166281
0.0775945
0.368021
0.296243
0.125845
0.0830266
0.512093
0.135895
0.116055
0.447614
0.447443
0.662
0.241951
0.662
0.662
0.0962072
0.0882074
0.0942896
0.662
0.208735
0.0744489
0.0863725
0.32379
0.371987
0.0462546
0.0897575
0.0989445
0.490696
0.458167
0.138544
0.184332
0.260537
0.301666
0.265578
0.111763
0.548097
0.149811
0.0437881
0.662
0.245349
0.658254
0.0893191
0.358883
0.231305
0.14572
0.38127
0.457777
0.29935
0.0796617
0.476996
0.0679502
0.571431
0.442926
0.662
0.609974
0.456336
0.287681
0.185087
0.318754
0.643343
0.104443
0.617758
0.146515
0.342037
0.0439931
0.539666
0.190058
0.159551
0.266973
0.141049
0.36457
0.0740478
0.262735
0.0851157
0.070114
0.167543
0.0899381
0.662
0.13703
0.639491
0.450942
0.59019
0.386556
0.241896
0.31142
0.149316
0.344195
0.399905
0.374073
0.0949408
0.196878
0.252039
0.102324
0.378717
0.270893
0.261216
0.333878
0.662
0.113768
0.0608545
0.126
0.332666
0.103951
0.16174
0.635885
0.284677
0.662
0.591319
0.220909
0.346557
0.183835
0.372837
0.662
0.180254
0.296884
0.662
0.467671
0.158336
0.130798
0.0444143
0.112082
0.0952983
0.250604
0.0428028
0.65747
0.38666
0.558326
0.662
0.0743304
0.281325
0.230043
0.283655
0.262418
0.379689
0.476575
0.256691
0.251253
0.566582
0.0406546
0.00620255
0.143812
0.12929
0.0143123
0.128397
0.209056
0.232994
0.115048
0.449573
0.268017
0.184639
0.0695624
0.62887
0.533291
0.446401
0.603957
0.110621
0.10291
0.0928517
0.211296
0.236384
0.642777
0.307765
0.196617
0.0896702
0.609562
0.396434
0.394039
0.495633
0.0440096
0.0931435
0.0604527
0.662
0.114072
0.662
0.0874899
0.169625
0.270034
0.0615302
0.648689
0.344066
0.372863
0.192398
0.662
0.662
0.296602
0.234868
0.0952568
0.187211
0.277322
0.654406
0.610427
0.156255
0.0790773
0.486989
0.162151
0.241444
0.613649
0.177685
0.0999723
0.662
0.534746
0.0795468
0.277893
0.157779
0.0235342
0.0395463
0.510735
0.18148
0.111337
0.464988
0.223073
0.647202
0.0929824
0.328919
0.0588907
0.304927
0.382114
0.299539
0.0888622
0.244791
0.197023
0.301598
0.211856
0.113758
0.662
0.161629
0.662
0.134816
0.228872
0.217798
0.123547
0.189405
0.395548
0.355079
0.339481
0.157822
0.119868
0.246465
0.176745
0.115489
0.320602
0.561809
0.159984
0.190869
0.28718
0.1596
0.645721
0.134171
0.662
0.0833756
0.170285
0.36942
0.662
0.1874
0.0526695
0.0959288
0.600846
0.0118361
0.521034
0.257778
0.109328
0.422735
0.132832
0.0645469
0.467751
0.0945146
0.33157
0.454808
0.064783
0.238001
0.100997
0.505492
0.662
