0.662
0.179051
0.131859
0.212847
0.138177
0.410865
0.609169
0.169432
0.390814
0.23858
0.050755
0.417384
0.0496932
0.153219
0.236644
0.233325
0.0700473
0.218756
0.0936934
0.220987
0.0450609
0.399854
0.148317
0.516809
0.250684
0.083039
0.137693
0.451112
0.344533
0.0592461
0.555015
0.429422
0.303226
0.349186
0.13978
0.094282
0.502884
0.238485
0.164346
0.152215
0.17128
0.662
0.531027
0.212882
0.103489
0.612732
0.14631
0.173641
0.18562
0.264914
0.571971
0.0415992
0.0783159
0.662
0.411798
0.00327722
0.406651
0.2851
0.662
0.662
0.0980422
0.459473
0.658689
0.542215
0.552031
0.662
0.156342
0.168606
0.279955
0.0946869
0.0564057
0.627219
0.133518
0.583963
0.488239
0.363573
0.0870844
0.103495
0.662
0.0634264
0.662
0.165432
0.266708
0.259836
0.152281
0.28079
0.312636
0.614228
0.662
0.104863
0.207729
0.251881
0.180165
0.15718
0.325221
0.662
0.0874811
0.34189
0.662
0.662
0.0892119
0.239905
0.0586295
0.342891
0.0613616
0.0235119
0.0796179
0.662
0.0628206
0.0913089
0.0751715
0.302
0.052579
0.485895
0.0946448
0.127162
0.210776
0.121009
0.0945879
0.111331
0.371274
0.287017
0.662
0.0652867
0.236779
0.0537051
0.574241
0.266641
0.26146
0.168321
0.662
0.136013
0.603106
0.48163
0.662
0.23182
0.22444
0.499034
0.662
0.156393
0.148989
0.0815562
0.176517
0.662
0.112189
0.416928
0.0497959
0.140333
0.438808
0.107484
0.662
0.592611
0.210974
0.655715
0.0218935
0.662
0.0956498
0.662
0.0479401
0.629706
0.116382
0.447532
0.355644
0.341449
0.13563
0.274077
0.474405
0.11761
0.371643
0.357286
0.125417
0.662
0.409524
0.113496
0.662
0.124932
0.293621
0.248256
0.248841
0.0859899
0.662
0.406673
0.615161
0.196884
0.120245
0.467895
0.0851886
0.224039
0.370215
0.482046
0.421678
0.290093
0.662
0.153014
0.164227
0.0963526
0.240121
0.662
0.0645384
0.4503
0.18168
0.357902
0.153651
0.254902
0.564005
0.146219
0.662
0.614891
0.288402
0.454036
0.484593
0.453109
0.550215
0.178135
0.64679
0.198249
0.428677
0.536134
0.0465432
0.364512
0.143373
0.0913491
0.568297
0.151138
0.265449
0.436007
0.450555
0.55944
0.662
0.302196
0.422559
0.500805
0.662
0.575288
0.0737302
0.0844359
0.548377
0.539587
0.0560411
0.158189
0.12905
0.360048
0.400846
0.4293
0.662
0.215419
0.0402029
0.102895
0.119348
0.662
0.221162
0.0463882
0.335121
0.338595
0.496738
0.077745
0.593287
0.0919234
0.0749834
0.104629
0.100128
0.662
0.131918
0.662
0.13139
0.378643
0.260986
0.0773959
0.662
0.193769
0.0599057
0.662
0.33042
0.209889
0.102808
0.114778
0.662
0.0956122
0.0445426
0.209899
0.0629895
0.302347
0.0939681
0.0476124
0.662
0.129026
0.0472335
0.0751231
0.4844
0.20029
0.0227049
0.404284
0.645806
0.429849
0.246769
0.585247
0.367348
0.133979
0.405652
0.194673
0.662
0.0425895
0.233941
0.463718
0.318989
0.124623
0.250167
0.0544903
0.227227
0.181243
0.0981346
0.323056
0.662
0.662
0.328113
0.608733
0.037944
0.644156
0.0200709
0.548498
0.446508
0.112397
0.645778
0.366852
0.133773
0.0635076
0.662
0.662
0.178154
0.662
0.160759
0.090707
0.662
0.286752
0.0745396
0.589113
0.662
0.44146
0.132268
0.0723424
0.361198
0.518346
0.111801
0.591468
0.0857537
0.00990208
0.139102
0.0904693
0.0781113
0.168955
0.024872
0.138226
0.662
0.0495575
0.0801914
0.0685479
0.098079
0.355347
0.429024
0.54921
0.662
0.441102
0.293054
0.427744
0.389584
0.21695
0.392754
0.225108
0.378431
0.186391
0.662
0.388305
0.284607
0.0864648
0.341162
0.521927
0.662
0.240133
0.336315
0.497178
0.248452
0.060842
0.0320948
0.351676
0.358907
0.662
0.288074
0.39275
0.212806
0.439589
0.188481
0.123753
0.0450352
0.635858
0.201852
0.662
0.0830992
0.144622
0.0851813
0.481896
0.0755809
0.139997
0.662
0.102188
0.175786
0.201734
0.201967
0.662
0.662
0.223811
0.662
0.235104
0.30376
0.178138
0.195567
0.0639686
0.261032
0.662
0.056338
0.428626
0.130629
0.662
0.210915
0.0339013
0.445136
0.0681048
0.149243
0.593469
0.153008
0.156031
0.647781
0.15831
0.246836
0.440993
0.662
0.265251
0.0416732
0.218806
0.662
0.542534
0.13323
0.115543
0.590603
0.662
0.0847231
0.372249
0.11268
0.0182255
0.0929412
0.309034
0.221088
0.0677568
0.662
0.254662
0.662
0.0800069
0.326676
0.223336
0.083938
0.0914029
0.429324
0.443203
0.204291
0.0838462
0.164703
0.148952
0.662
0.315909
0.12132
0.662
0.223834
0.662
0.205257
0.0290976
0.106766
0.137695
0.0718086
0.248998
0.501273
0.154886
0.662
0.0743882
0.0954642
0.281331
0.0755352
0.100642
0.662
0.444346
0.0671487
0.0544855
0.165469
0.188532
0.0350115
0.180824
0.315884
0.216251
0.374461
0.20654
0.606122
0.228013
0.403475
0.068707
0.662
0.25593
0.0736375
0.0223448
0.106645
0.109145
0.662
0.112564
0.462831
0.360824
0.042411
0.17356
0.0735271
0.200482
0.0887044
0.246146
0.479495
0.662
0.142599
0.662
0.0148453
0.0822655
0.662
0.0655606
0.112026
0.662
0.0969519
0.449656
0.387217
0.0916878
0.479738
0.0654732
0.662
0.190542
0.662
0.188529
0.010878
0.0741007
0.291372
0.0653198
0.386671
0.451694
0.336726
0.276475
0.0824957
0.355891
0.310021
0.0883902
0.109056
0.138256
0.552829
0.0702324
0.140585
0.053307
0.574353
0.0957473
0.121338
0.237349
0.168279
0.0823014
0.125766
0.152983
0.339934
0.0338248
0.162877
0.662
0.0566757
0.662
0.169368
0.541558
0.261371
0.536543
0.0794659
0.285217
0.0910005
0.0295197
0.386288
0.662
0.288207
0.240171
0.175448
0.324067
0.308918
0.662
0.217082
0.240125
0.545567
0.00593097
0.121515
0.186949
0.0594358
0.351537
0.057823
0.662
0.511212
0.268531
0.662
0.304005
0.14033
0.403478
0.625966
0.246566
0.236856
0.087582
0.0471495
0.662
0.0294126
0.638365
0.293151
0.362905
0.511887
0.452514
0.0638869
0.0472374
0.662
0.364443
0.575662
0.105109
0.388927
0.521266
0.662
0.662
0.451836
0.2497
0.0746824
0.0601447
0.47619
0.325454
0.116041
0.635827
0.661717
0.176385
0.0407301
0.0791083
0.0802956
0.260478
0.100226
0.207739
0.143854
0.243307
0.322317
0.155502
0.248242
0.425493
0.421038
0.662
0.00921217
0.155861
0.218212
0.236907
0.59637
0.662
0.662
0.200301
0.17626
0.455247
0.170239
0.277459
0.113035
0.512486
0.0735454
0.662
0.140936
0.276711
0.184546
0.349824
0.180725
0.662
0.0712391
0.0784317
0.106013
0.0882804
0.170486
0.0948551
0.100597
0.0469542
0.406576
0.059032
0.10322
0.258122
0.130599
0.122502
0.106986
0.498123
0.453589
0.269426
0.318741
0.480622
0.310461
0.114595
0.162401
0.3554
0.299905
0.0831914
0.0798607
0.181026
0.0395938
0.064728
0.146147
0.158143
0.662
0.0524797
0.157006
0.403152
0.06394
0.662
0.0755509
0.465221
0.208185
0.351468
0.0673274
0.0754351
0.0504689
0.115227
0.0512553
0.662
0.303624
0.660977
0.394149
0.171709
0.583445
0.245227
0.416428
0.184411
0.0555109
0.217503
0.454296
0.350593
0.499495
0.185513
0.494022
0.100307
0.603814
0.154267
0.256221
0.434447
0.662
0.109746
0.513556
0.132859
0.132456
0.400859
0.0558294
0.385485
0.349005
0.0371829
0.164668
0.242872
0.124813
0.282087
0.0928994
0.594945
0.180658
0.650976
0.163055
0.351217
0.0854988
0.175224
0.404474
0.212471
0.516639
0.662
0.0819099
0.196719
0.662
0.251867
0.228263
0.48058
0.314477
0.0142422
0.355635
0.0689055
0.209896
0.662
0.226401
0.16923
0.23938
0.0982178
0.419572
0.0744186
0.111772
0.662
0.065382
0.0403871
0.0684388
0.283919
0.145183
0.0754322
0.168453
0.0818918
0.112757
0.219863
0.118244
0.23193
0.662
0.115748
0.12837
0.662
0.0895704
0.0894894
0.598326
0.098379
0.0827569
0.132047
0.535581
0.442328
0.120661
0.425927
0.268405
0.286758
0.324636
0.0616937
0.217239
0.475016
0.10468
0.391616
0.0487023
0.0489327
0.0927176
0.135682
0.540038
0.662
0.163527
0.563372
0.0880283
0.488507
0.0542555
0.560579
0.438488
0.662
0.607588
0.0496768
0.00453984
0.449848
0.662
0.662
0.207136
0.211717
0.380594
0.120012
0.202767
0.0252984
0.0316149
0.123723
0.662
0.151195
0.655572
0.128022
0.000728508
0.0610949
0.0393255
0.111174
0.106906
0.442946
0.405243
0.57854
0.335389
0.484895
0.125888
0.179185
0.611869
0.100931
0.2058
0.598497
0.116093
0.0725818
0.37491
0.234001
0.450647
0.159973
0.662
0.181869
0.0864028
0.638742
0.662
0.218317
0.453316
0.480192
0.249939
0.0961419
0.37317
0.118459
0.253028
0.169062
0.04543
0.43077
0.291927
0.0928217
0.185278
0.334569
0.242592
0.227839
0.584976
0.170578
0.217653
0.662
0.412496
0.0394078
0.454384
0.209026
0.303369
0.0709219
0.0922234
0.318665
0.137497
0.152833
0.323696
0.187094
0.244273
0.662
0.110426
0.0658764
0.0286733
0.0242264
0.222797
0.0280919
0.0800803
0.145115
0.581418
0.662
0.013372
0.662
0.516009
0.149421
0.0855732
0.662
0.371247
0.324529
0.662
0.480753
0.345506
0.374394
0.0680091
0.599004
0.194638
0.662
0.347124
0.319409
0.338373
0.02418
0.0536867
0.599561
0.206758
0.632466
0.294459
0.360557
0.662
0.238451
0.0746579
0.64037
0.428405
0.498976
0.0788499
0.333288
0.103742
0.120764
0.0624013
0.662
0.269691
0.175364
0.274007
0.338229
0.1157
0.122529
0.161084
0.191238
0.340736
0.000143737
0.173545
0.0419248
0.196078
0.440877
0.147292
0.0632628
0.266211
0.424485
0.0687009
0.189275
0.431476
0.202394
0.662
0.361659
0.048097
0.536288
0.662
0.193114
0.662
0.662
0.142517
0.0940567
0.17375
0.662
0.0672302
0.129443
0.570241
0.460412
0.186732
0.297506
0.0499121
0.368495
0.320822
0.101313
0.0824812
0.0515967
0.0636177
0.0833692
0.204732
0.357344
0.662
0.279708
0.662
0.0938461
0.274507
0.0692719
0.15585
0.445542
0.190203
0.424775
0.0666236
0.0749466
0.129996
0.0871852
0.242165
0.07378
0.629813
0.110911
0.491985
0.662
0.354471
0.0154888
0.167193
0.438914
0.168085
0.0947363
0.0802873
0.236654
0.240885
0.165531
0.662
0.373726
0.145231
0.286864
0.102267
0.182268
0.526934
0.245266
0.662
0.211563
0.179887
0.156564
0.662
0.124529
0.0849719
0.0569656
0.0588516
0.606411
0.662
0.421066
0.662
0.345078
0.132657
0.143473
0.508762
0.147967
0.662
0.272964
0.459309
0.132971
0.662
0.180891
0.287355
0.164253
0.252883
0.058988
0.128257
0.34235
0.216597
0.662
0.00164234
0.0243108
0.03315
0.180473
0.246427
0.524894
0.662
0.061328
0.491596
0.0201595
0.532025
0.359563
0.0622853
0.0012262
0.662
0.297841
0.216467
0.101013
0.129007
0.170502
0.299193
0.662
0.56842
0.506902
0.0750298
0.474841
0.662
0.105579
0.332675
0.273061
0.662
0.662
0.14727
0.0813904
0.218297
0.449131
0.212295
0.662
0.662
0.662
0.435603
0.278872
0.25568
0.139504
0.337305
0.132173
0.0261504
0.121896
0.662
0.528528
0.662
0.0786855
0.0741426
0.218863
0.07258
0.100494
0.414256
0.0846085
0.0645021
0.138133
0.662
0.662
0.316448
0.662
0.363527
0.0497575
0.242599
0.0741608
0.0709975
0.342073
0.662
0.118657
0.662
0.184243
0.0324233
0.0992578
0.330081
0.213098
0.290089
0.501449
0.0400606
0.0177916
0.1979
0.0487087
0.0472568
0.0680969
0.488265
0.361743
0.0921721
0.136265
0.0800186
0.067505
0.241623
0.0197222
0.662
0.370542
0.433348
0.194747
0.110513
0.662
0.386481
0.347657
0.380786
0.194425
0.385667
0.662
0.471927
0.662
0.0805135
0.484138
0.083793
0.662
0.662
0.662
0.330522
0.228207
0.378906
0.510375
0.0505503
0.130464
0.492004
0.204598
0.0453975
0.662
0.662
0.0831293
0.104518
0.0183691
0.0470802
0.364645
0.625389
0.0697329
0.662
0.662
0.455744
0.0116058
0.250457
0.308217
0.215524
0.0403332
0.152338
0.475257
0.662
0.0892645
0.159876
0.239113
0.421592
0.042893
0.662
0.60742
0.662
0.0756794
0.465015
0.197793
0.170601
0.158908
0.0877811
0.30321
0.337138
0.252528
0.119854
0.219424
0.662
0.18809
0.378071
0.32497
0.0714359
0.0872311
0.0731004
0.296105
0.112999
0.640172
0.309487
0.566969
0.662
0.128354
0.662
0.398989
0.434707
0.24783
0.152029
0.040876
0.379866
0.0267947
0.24943
0.3127
0.662
0.137187
0.3446
0.571122
0.123135
0.405513
0.103129
0.142815
0.662
0.0710715
0.557513
0.655371
0.536937
0.392311
0.0987468
0.0980507
0.0307295
0.123372
0.418614
0.189249
0.269815
0.0757467
0.662
0.662
0.662
0.231181
0.235485
0.230528
0.572994
0.1742
0.323261
0.121531
0.213471
0.138285
0.383561
0.592438
0.0381984
0.270694
0.315354
0.090467
0.0418896
0.0957066
0.210734
0.174116
0.662
0.662
0.166389
0.434518
0.0907352
0.411938
0.330861
0.0964152
0.103352
0.108567
0.379486
0.27194
0.65258
0.115443
0.633793
0.0247772
0.0893935
0.662
0.102852
0.662
0.424948
0.251071
0.284967
0.366461
0.267711
0.600522
0.144317
0.0426408
0.12596
0.149148
0.0547851
0.169224
0.0721015
0.207067
0.0907817
0.662
0.32779
0.0957279
0.0757579
0.131335
0.140952
0.662
0.11066
0.662
0.380366
0.662
0.662
0.502028
0.208975
0.451602
0.662
0.446359
0.662
0.662
0.266974
0.259988
0.313424
0.14246
0.620253
0.660466
0.050774
0.0457202
0.167179
0.654511
0.141325
0.165745
0.389284
0.0530021
0.0613739
0.0035503
0.205259
0.591418
0.662
0.0666729
0.165277
0.155569
0.0988641
0.19003
0.158152
0.662
0.331767
0.127344
0.0894089
0.662
0.111084
0.451035
0.608955
0.662
0.0795503
0.102813
0.115302
0.594517
0.37368
0.506834
0.100434
0.443424
0.368973
0.0458603
0.32755
0.0583231
0.658814
0.0549509
0.235535
0.128646
0.23468
0.0298778
0.643061
0.0224794
0.0669012
0.662
0.076681
0.0873296
0.289436
0.0777453
0.296505
0.662
0.141421
0.652834
0.216901
0.163303
0.128622
0.0545879
0.0438525
0.662
0.0572177
0.589217
0.167114
0.221025
0.205589
0.025912
0.186857
0.662
0.0517412
0.394935
0.240635
0.208301
0.207129
0.0370481
0.662
0.41831
0.167101
0.147528
0.492195
0.208581
0.65891
0.662
0.112287
0.0851928
0.516232
0.256316
0.0276376
0.124897
0.00967381
0.344714
0.150908
0.271342
0.197981
0.0705991
0.0774822
0.406843
0.105711
0.0777602
0.19648
0.329363
0.37131
0.633391
0.391975
0.0575285
0.380189
0.299189
0.0964593
0.157873
0.172179
0.380586
0.110784
0.227224
0.0865708
0.662
0.12109
0.317832
0.0348361
0.478417
0.662
0.318177
0.0839409
0.154892
0.51079
0.0499224
0.441025
0.156282
0.0478585
0.191966
0.217822
0.322536
0.662
0.426113
0.34092
0.662
0.443977
0.343056
0.339727
0.17827
0.142633
0.598239
0.412456
0.532439
0.352714
0.170167
0.176459
0.662
0.372257
0.0895575
0.274511
0.24002
0.106068
0.115865
0.662
0.0971663
0.662
0.427166
0.199843
0.662
0.324782
0.0451605
0.127031
0.437149
0.105556
0.0685734
0.662
0.266998
0.096158
0.2838
0.549961
0.117781
0.0627666
0.123813
0.0925509
0.285131
0.0922685
0.209108
0.662
0.236667
0.0459424
0.234804
0.181157
0.662
0.297766
0.156803
0.261114
0.195041
0.365841
0.448173
0.12806
0.0905311
0.186966
0.00890482
0.633746
0.442673
0.172851
0.662
0.167661
0.158914
0.662
0.055623
0.501003
0.411136
0.191311
0.343904
0.143219
0.162914
0.589815
0.0815671
0.0293118
0.163286
0.662
0.0857883
0.0557496
0.250795
0.269206
0.32465
0.38678
0.623065
0.11787
0.444485
0.345406
0.0667552
0.314067
0.0592998
0.210625
0.359843
0.126194
0.470818
0.453447
0.188939
0.13573
0.519729
0.0747072
0.104867
0.417067
0.115076
0.0905013
0.0855431
0.0318574
0.0406604
0.123318
0.133668
0.179833
0.169959
0.111282
0.474037
0.117997
0.00839755
0.137339
0.662
0.194049
0.242988
0.211065
0.166094
0.215174
0.662
0.0815821
0.0728891
0.236045
0.444894
0.662
0.0693435
0.291184
0.150196
0.662
0.168832
0.662
0.115747
0.149537
0.0718497
0.662
0.662
0.234194
0.0141554
0.410956
0.0927004
0.596299
0.428373
0.0395468
0.432447
0.0749663
0.168813
0.0543493
0.293333
0.217895
0.37772
0.285285
0.662
0.662
0.397326
0.313404
0.662
0.0108222
0.195074
0.323461
0.611049
0.662
0.662
0.264982
0.300053
0.00460304
0.0496444
0.211225
0.345616
0.280782
0.495841
0.0728637
0.124093
0.207732
0.463938
0.45354
0.662
0.287611
0.219246
0.136828
0.662
0.322579
0.164686
0.0674585
0.636376
0.662
0.662
0.139322
0.0435558
0.543334
0.662
0.260743
0.341001
0.0726995
0.153946
0.489196
0.0713827
0.554217
0.601818
0.152339
0.115995
0.0750443
0.0684196
0.188454
0.0396853
0.0650632
0.103002
0.404805
0.100894
0.0136171
0.119724
0.400605
0.421718
0.330077
0.138151
0.360716
0.143288
0.245766
0.162039
0.120487
0.265688
0.193454
0.0559984
0.662
0.122409
0.190468
0.11204
0.662
0.313524
0.209521
0.2282
0.271061
0.543382
0.538391
0.0525267
0.662
0.0980404
0.34117
0.662
0.0709589
0.148259
0.237838
0.056923
0.230542
0.0939256
0.560374
0.496684
0.561613
0.662
0.342221
0.232095
0.113307
0.303334
0.182917
0.0686115
0.240287
0.662
0.0858769
0.662
0.273736
0.409406
0.389806
0.518027
0.0454526
0.0306564
0.266853
0.430293
0.508923
0.245896
0.662
0.114578
0.13064
0.385685
0.118533
0.395221
0.451131
0.395808
0.355541
0.449684
0.174098
0.128014
0.0761455
0.129006
0.0453663
0.0766317
0.495618
0.186525
0.453362
0.362467
0.0478341
0.43248
0.388886
0.662
0.662
0.0283399
0.183216
0.0550919
0.662
0.12131
0.151427
0.226461
0.353258
0.0920435
0.192922
0.123459
0.327567
0.117146
0.12684
0.298474
0.356434
0.662
0.662
0.254675
0.25774
0.629706
0.444054
0.0926063
0.662
0.409106
0.0626466
0.375009
0.0672315
0.168469
0.149046
0.0656721
0.129786
0.648278
0.0933001
0.195018
0.662
0.362397
0.142284
0.337493
0.421498
0.0584079
0.0403901
0.469345
0.432007
0.348727
0.109009
0.662
0.110839
0.130953
0.138383
0.281586
0.220587
0.0962151
0.186598
0.0113882
0.517212
0.0575466
0.403313
0.19881
0.662
0.334353
0.313509
0.421315
0.662
0.662
0.323797
0.662
0.0258405
0.0938125
0.420057
0.0267928
0.549666
0.367014
0.0606556
0.334808
0.516559
0.369636
0.36566
0.503599
0.662
0.662
0.312216
0.108996
0.258333
0.662
0.210483
0.385237
0.575283
0.165352
0.106538
0.210895
0.355466
0.162192
0.0458823
0.044886
0.244144
0.0905073
0.173172
0.100191
0.0272094
0.264189
0.251507
0.211601
0.46686
0.0638489
0.106025
0.560133
0.159456
0.23099
0.0670675
0.471229
0.0621019
0.662
0.0728524
0.526035
0.169689
0.447065
0.578057
0.0556111
0.114676
0.119752
0.662
0.662
0.115162
0.174119
0.662
0.109824
0.521679
0.0921653
0.662
0.662
0.315639
0.106238
0.31142
0.594929
0.535438
0.210028
0.222275
0.197901
0.0896829
0.122131
0.373552
0.216016
0.57434
0.517157
0.10964
0.662
0.0426317
0.163571
0.0740924
0.240477
0.325077
0.361116
0.425604
0.365756
0.0737939
0.22535
0.0579586
0.421537
0.34695
0.422357
0.0715633
0.238871
0.603342
0.370352
0.146653
0.150408
0.117484
0.150503
0.150176
0.0125466
0.0534458
0.332282
0.173684
0.347267
0.152037
0.120484
0.662
0.662
0.140424
0.0652057
0.225174
0.0071603
0.273061
0.125085
0.0664678
0.109503
0.0695163
0.138297
0.174213
0.402311
0.0986168
0.332013
0.440423
0.378759
0.470618
0.662
0.146324
0.490517
0.191514
0.218777
0.606627
0.662
0.161413
0.662
0.145801
0.102452
0.171074
0.662
0.542104
0.387064
0.449489
0.382374
0.597446
0.581906
0.328526
0.162662
0.121217
0.187362
0.0723444
0.427766
0.30539
0.322967
0.0839214
0.106818
0.306041
0.0953898
0.261851
0.241384
0.0358093
0.322914
0.203866
0.116772
0.398625
0.381795
0.197645
0.124371
0.143651
0.18427
0.323773
0.320188
0.329883
0.10633
0.0524176
0.255392
0.168311
0.0632706
0.141525
0.35987
0.218274
0.428163
0.260803
0.174543
0.15483
0.340847
0.413335
0.131649
0.163178
0.308039
0.0592741
0.378043
0.27445
0.186919
0.499845
0.0743676
0.0924882
0.493402
0.00377937
0.370703
0.0412464
0.0529137
0.431757
0.09015
0.0747889
0.662
0.13864
0.0820876
0.061507
0.153813
0.108114
0.0800098
0.267027
0.137055
0.112167
0.102323
0.662
0.0824271
0.238668
0.383489
0.288837
0.662
0.0578283
0.120727
0.132886
0.120017
0.157401
0.118494
0.349483
0.0611807
0.25072
0.354731
0.11619
0.514201
0.228165
0.154872
0.662
0.218515
0.0379757
0.455553
0.323924
0.560588
0.139333
0.134247
0.144436
0.662
0.262824
0.280357
0.18348
0.0910142
0.100781
0.046681
0.209833
0.13813
0.21639
0.662
0.0302354
0.460348
0.37779
0.0741357
0.068717
0.109571
0.662
0.662
0.286238
0.248393
0.155522
0.384764
0.541136
0.290848
0.446847
0.325116
0.153596
0.662
0.397796
0.078624
0.662
0.608737
0.163831
0.262901
0.0622717
0.396317
0.236558
0.162285
0.0711057
0.187518
0.160943
0.37347
0.164752
0.0719654
0.256806
0.662
0.140362
0.233968
0.143258
0.145715
0.161568
0.199199
0.662
0.10217
0.262829
0.195435
0.274023
0.123041
0.218579
0.210344
0.230293
0.123671
0.186685
0.0770926
0.662
0.193677
0.610792
0.662
0.310645
0.662
0.662
0.0261142
0.113408
0.149163
0.0506559
0.0808809
0.0943028
0.367655
0.52101
0.662
0.221113
0.0598883
0.39063
0.0618537
0.417954
0.209176
0.0470698
0.0709808
0.472035
0.662
0.151952
0.184245
0.427305
0.370169
0.269451
0.124309
0.662
0.662
0.51475
0.0957769
0.169581
0.0972935
0.662
0.368084
0.330299
0.352262
0.209571
0.23788
0.150762
0.662
0.0763161
0.254171
0.0717242
0.342501
0.204396
0.339629
0.662
0.0990359
0.379335
0.146296
0.114359
0.137691
0.242866
0.148689
0.312887
0.270975
0.127093
0.270894
0.0291031
0.0814829
0.118496
0.160753
0.186308
0.104291
0.0480159
0.101574
0.662
0.143891
0.193182
0.493505
0.189677
0.273226
0.000114501
0.113972
0.165512
0.148232
0.354992
0.102997
0.216172
0.104179
0.504853
0.393559
0.459323
0.171205
0.206808
0.417853
0.374946
0.0559914
0.105822
0.392001
0.0547068
0.0709289
0.528189
0.427294
0.203273
0.202836
0.0987749
0.520584
0.397155
0.393155
0.662
0.408888
0.279128
0.662
0.151845
0.208118
0.238025
0.130427
0.501801
0.0733761
0.534295
0.662
0.139293
0.0327874
0.169068
0.0622068
0.344904
0.184595
0.124149
0.374993
0.0702798
0.246683
0.0870684
0.144168
0.206833
0.17594
0.295192
0.094494
0.00864398
0.662
0.19442
0.294008
0.33884
0.662
0.362526
0.571531
0.0282901
0.102724
0.1319
0.151455
0.221287
0.134336
0.327491
0.100024
0.204342
0.0477074
0.345765
0.280432
0.0766988
0.136956
0.145291
0.204379
0.299454
0.582595
0.558531
0.0196777
0.240237
0.662
0.21099
0.126073
0.0526769
0.13779
0.247094
0.0258375
0.232121
0.575014
0.662
0.268659
0.36726
0.13665
0.105035
0.315843
0.152972
0.188932
0.570999
0.197086
0.284055
0.308587
0.0515399
0.179471
0.0723276
0.177866
0.238792
0.179332
0.252726
0.194115
0.662
0.499271
0.0733469
0.324536
0.107894
0.513209
0.412949
0.478452
0.107115
0.0938866
0.199079
0.120854
0.662
0.0626798
0.546729
0.138646
0.175532
0.516627
0.199193
0.139787
0.662
0.277636
0.0964976
0.280593
0.109914
0.609884
0.523227
0.278616
0.0690792
0.0666945
0.238798
0.101744
0.158716
0.662
0.00783328
0.18438
0.0877797
0.510507
0.00174851
0.023569
0.324362
0.126328
0.451192
0.538192
0.0994709
0.103267
0.191238
0.148962
0.0825379
0.662
0.0965546
0.408876
0.0918143
0.658884
0.195381
0.385547
0.607192
0.126157
0.061197
0.154245
0.392199
0.470825
0.371168
0.117437
0.103657
0.662
0.0988807
0.0643633
0.116482
0.153221
0.608803
0.0355569
0.0873249
0.167428
0.218412
0.354329
0.325057
0.163967
0.570604
0.368712
0.131168
0.0160087
0.335858
0.209655
0.178767
0.323216
0.0874407
0.255871
0.082313
0.103341
0.265595
0.293843
0.662
0.298389
0.101142
0.259748
0.18861
0.233167
0.662
0.594914
0.0556483
0.446603
0.662
0.0786004
0.464377
0.0492693
0.662
0.419
0.592232
0.0125956
0.0581043
0.135756
0.491258
0.327588
0.662
0.358114
0.0652624
0.133117
0.561559
0.147734
0.475425
0.213313
0.192081
0.235408
0.0663316
0.223609
0.662
0.185386
0.0923275
0.276461
0.0303879
0.269147
0.00470922
0.257755
0.0496892
0.0623422
0.262682
0.662
0.0767579
0.164196
0.0131124
0.662
0.236384
0.57427
0.145029
0.405132
0.299344
0.282351
0.340012
0.233784
0.187639
0.0175315
0.189296
0.0956544
0.0826688
0.144078
0.408255
0.39776
0.0915794
0.662
0.065696
0.0186756
0.662
0.130087
0.191618
0.141171
0.374328
0.104237
0.18015
0.662
0.115403
0.123754
0.0589878
0.623301
0.414147
0.141677
0.457239
0.0448069
0.173241
0.377733
0.0882308
0.107027
0.103208
0.0699697
0.21637
0.157874
0.595784
0.441403
0.306485
0.554154
0.541834
0.280897
0.275918
0.148207
0.116029
0.0819955
0.0790915
0.113366
0.662
0.241066
0.142995
0.550633
0.084219
0.0749195
0.594536
0.230194
0.110509
0.095366
0.170937
0.152232
0.269899
0.309582
0.24034
0.163126
0.286782
0.263952
0.0562409
0.526135
0.250287
0.0694428
0.456479
0.0794036
0.662
0.470507
0.492792
0.0549542
0.188707
0.662
0.279335
0.404901
0.10571
0.0751753
0.557728
0.201851
0.123903
0.290507
0.199813
0.650363
0.183303
0.662
0.142414
0.563419
0.129334
0.244649
0.0844916
0.163845
0.144778
0.0839154
0.116131
0.35306
0.0495681
0.249199
0.662
0.208746
0.58848
0.190624
0.308847
0.662
0.0486831
0.203341
0.212202
0.290999
0.129741
0.0440835
0.0988783
0.356322
0.0504597
0.0643465
0.112016
0.60803
0.0341083
0.548826
0.588221
0.22094
0.184467
0.323635
0.180801
0.282136
0.0869409
0.226572
0.0980972
0.40593
0.348743
0.0703736
0.303263
0.662
0.0582338
0.0921321
0.200549
0.144524
0.110079
0.109766
0.0113529
0.384591
0.662
0.12558
0.131906
0.151628
0.303695
0.148964
0.662
0.634065
0.316972
0.103077
0.0906049
0.134343
0.283113
0.0614772
0.250798
0.143804
0.662
0.113829
0.662
0.0679859
0.159059
0.245174
0.0730287
0.028326
0.0969112
0.342759
0.321513
0.196502
0.0791547
0.300286
0.407964
0.662
0.0628765
0.662
0.339016
0.0214825
0.062768
0.48671
0.185338
0.662
0.662
0.581715
0.0221986
0.118317
0.113179
0.42324
0.437879
0.170064
0.439191
0.359737
0.0698338
0.384311
0.21124
0.442456
0.271699
0.0678505
0.570924
0.0955826
0.662
0.0419387
0.662
0.251601
0.283612
0.180388
0.14723
0.0837794
0.0597034
0.150495
0.38366
0.260911
0.101088
0.238944
0.321774
0.330408
0.317594
0.64442
0.0902763
0.514568
0.662
0.233685
0.489083
0.662
0.424659
0.0501769
0.362082
0.131608
0.662
0.253457
0.292534
0.137062
0.064597
0.122952
0.0756276
0.218853
0.0266267
0.14465
0.662
0.149188
0.234784
0.151283
0.567118
0.522735
0.139817
0.125033
0.206771
0.00334652
0.340341
0.662
0.118606
0.348776
0.662
0.342726
0.115067
0.519428
0.344909
0.150605
0.0959499
0.081665
0.662
0.0986301
0.391042
0.361596
0.166799
0.0872965
0.430184
0.662
0.0920586
0.560603
0.298984
0.328243
0.662
0.335655
0.608352
0.290801
0.662
0.662
0.542899
0.138403
0.0700504
0.160489
0.298526
0.087968
0.662
0.0958448
0.195815
0.662
0.662
0.240316
0.127796
0.0716499
0.424128
0.638708
0.228911
0.165802
0.544562
0.426432
0.255229
0.336905
0.662
0.223466
0.091709
0.454008
0.236828
0.144345
0.139461
0.662
0.188042
0.0738579
0.400131
0.161445
0.662
0.124523
0.0954871
0.316123
0.072446
0.10512
0.0801759
0.0827757
0.662
0.6265
0.0874789
0.216885
0.09108
0.194037
0.0696647
0.642769
0.662
0.282491
0.139868
0.335596
0.149953
0.662
0.212874
0.249949
0.0759199
0.662
0.0327546
0.285501
0.662
0.186359
0.662
0.209572
0.0564372
0.0610638
0.283906
0.0254727
0.19987
0.647339
0.332232
0.140518
0.361676
0.1134
0.246561
0.451435
0.248909
0.246245
0.662
0.0841761
0.662
0.662
0.0969371
0.662
0.0870479
0.143418
0.143398
0.662
0.16256
0.530802
0.559759
0.198541
0.596682
0.662
0.151895
0.32747
0.104771
0.576401
0.226568
0.0696575
0.186793
0.338629
0.662
0.167477
0.662
0.217683
0.46879
0.457769
0.187648
0.228165
0.414593
0.242031
0.119722
0.114037
0.120844
0.0831148
0.09743
0.154301
0.223114
0.115185
0.194558
0.585183
0.386195
0.106803
0.239283
0.308163
0.0386526
0.163244
0.608483
0.516693
0.0172388
0.126115
0.0947664
0.662
0.143846
0.251751
0.28686
0.15178
0.482174
0.57967
0.234675
0.293649
0.0740216
0.37499
0.608087
0.662
0.0847694
0.209724
0.0909661
0.25908
0.545543
0.251645
0.343163
0.119607
0.0183396
0.471061
0.00733981
0.20975
0.301726
0.0717525
0.580211
0.630127
0.662
0.149571
0.130072
0.245281
0.432146
0.127073
0.135103
0.168253
0.398661
0.193862
0.10104
0.0505182
0.189494
0.248189
0.662
0.169021
0.0642348
0.195338
0.211684
0.14249
0.0674033
0.518313
0.0412424
0.662
0.504547
0.0658028
0.166456
0.129033
0.335276
0.0609464
0.662
0.224094
0.151608
0.100041
0.262883
0.316707
0.203584
0.662
0.465814
0.115625
0.0205361
0.364223
0.662
0.589772
0.374079
0.272159
0.105688
0.040718
0.0144167
0.138346
0.226951
0.662
0.412956
0.274559
0.662
0.320651
0.523867
0.160621
0.405382
0.281514
0.460426
0.104257
0.183006
0.120498
0.204279
0.126326
0.0726787
0.0505428
0.160833
0.117295
0.277317
0.140559
0.418468
0.0260645
0.662
0.347347
0.0501094
0.363726
0.00914308
0.0573841
0.283351
0.072869
0.39103
0.0744962
0.662
0.466718
0.441149
0.0605834
0.113186
0.097938
0.559389
0.662
0.0488128
0.322357
0.204268
0.237183
0.125979
0.635561
0.662
0.145422
0.192769
0.429147
0.263621
0.503309
0.241983
0.0507719
0.13538
0.347704
0.662
0.572962
0.258665
0.0121127
0.20286
0.662
0.180674
0.249736
0.0683087
0.355046
0.155035
0.225349
0.129868
0.569397
0.313943
0.662
0.442618
0.283015
0.46461
0.0745781
0.230749
0.158396
0.662
0.193686
0.151097
0.0423826
0.0732255
0.618262
0.174464
0.578942
0.229737
0.379694
0.110992
0.0551231
0.0464938
0.0550779
0.334928
0.0097148
0.391351
0.662
0.662
0.662
0.0100769
0.0520173
0.662
0.161895
0.0216956
0.558929
0.206971
0.121882
0.170482
0.0957633
0.0547993
0.12428
0.662
0.324818
0.140125
0.248765
0.561242
0.135933
0.662
0.200143
0.138337
0.152747
0.124582
0.255891
0.131689
0.391546
0.17924
0.526436
0.259714
0.0608804
0.504364
0.0716747
0.225245
0.307627
0.442824
0.0790052
0.662
0.25454
0.174136
0.329837
0.104047
0.122024
0.226153
0.0694878
0.102592
0.221005
0.41533
0.614371
0.608896
0.206635
0.460818
0.0609071
0.344193
0.0417443
0.579856
0.662
0.10534
0.0494943
0.0909723
0.111594
0.0548594
0.0558661
0.421875
0.633694
0.155172
0.224075
0.279015
0.299012
0.486331
0.360665
0.611516
0.149572
0.0419426
0.591268
0.165303
0.243837
0.220911
0.517407
0.359164
0.309856
0.0915371
0.157464
0.380311
0.066154
0.662
0.248902
0.310682
0.505338
0.187685
0.3425
0.248023
0.309858
0.481665
0.0556331
0.0432732
0.0529462
0.218935
0.314373
0.153046
0.128604
0.125715
0.0484886
0.179311
0.340655
0.616766
0.133353
0.493605
0.65357
0.167944
0.647376
0.185515
0.244586
0.102558
0.662
0.662
0.179269
0.360022
0.484963
0.53192
0.223272
0.0973546
0.0456639
0.451736
0.522366
0.066173
0.662
0.198684
0.662
0.1569
0.0416828
0.224221
0.496904
0.0876309
0.559004
0.662
0.189699
0.250333
0.080304
0.271236
0.211114
0.0949018
0.404491
0.136465
0.355151
0.0994743
0.054927
0.432054
0.115196
0.0360219
0.562652
0.24643
0.662
0.0508876
0.662
0.0856497
0.662
0.212595
0.125681
0.164577
0.472315
0.662
0.135068
0.177454
0.419075
0.0732678
0.662
0.114029
0.18255
0.190696
0.557607
0.662
0.160435
0.227201
0.00889105
0.571103
0.136052
0.0681297
0.662
0.0896487
0.346051
0.366113
0.662
0.442088
0.417128
0.159964
0.145869
0.662
0.15861
0.309494
0.0345691
0.104073
0.393135
0.370867
0.0772481
0.207084
0.0251205
0.0473252
0.18026
0.0781131
0.118178
0.176729
0.339746
0.557461
0.165901
0.637303
0.408326
0.515279
0.319312
0.163733
0.0570314
0.341799
0.662
0.151236
0.139601
0.0623264
0.612324
0.187602
0.132538
0.320742
0.303155
0.119445
0.0050209
0.00829041
0.131721
0.384761
0.177191
0.267852
0.0619172
0.227538
0.105944
0.404699
0.112137
0.249027
0.0376862
0.127308
0.18339
0.0357061
0.290538
0.184892
0.0750389
0.238151
0.0558015
0.139027
0.0591338
0.338836
0.662
0.218529
0.402361
0.540712
0.308637
0.0496003
0.35972
0.662
0.048985
0.0960817
0.410424
0.256933
0.192412
0.0697851
0.662
0.662
0.0675
0.104141
0.354806
0.349984
0.0161857
0.103199
0.662
0.662
0.082561
0.154863
0.167387
0.29072
0.0479218
0.457646
0.662
0.0891471
0.355509
0.0739973
0.662
0.662
0.00846508
0.568809
0.123182
0.662
0.278428
0.178603
0.462981
0.662
0.272781
0.280862
0.551638
0.23079
0.377773
0.0309115
0.425314
0.12741
0.662
0.398059
0.221154
0.113267
0.0746394
0.321726
0.662
0.315539
0.662
0.155819
0.0937259
0.0631593
0.532353
0.662
0.354373
0.0877437
0.321387
0.28621
0.225546
0.220788
0.274059
0.0373759
0.0583076
0.311197
0.0807699
0.153322
0.465205
0.110551
0.169153
0.662
0.620335
0.195084
0.21584
0.366402
0.105813
0.662
0.291852
0.472387
0.311093
0.0744402
0.0776535
0.662
0.662
0.119312
0.145233
0.141051
0.124049
0.0377529
0.405804
0.214377
0.085551
0.1736
0.515922
0.305677
0.128028
0.0852708
0.240031
0.225636
0.662
0.377705
0.258396
0.152204
0.103545
0.0112758
0.662
0.311652
0.662
0.465095
0.106181
0.128434
0.345782
0.0871558
0.0416992
0.11511
0.646264
0.0913491
0.317503
0.415272
0.285698
0.29309
0.00469498
0.0977895
0.138489
0.292584
0.131866
0.189752
0.224357
0.591451
0.662
0.209389
0.244397
0.215807
0.161605
0.544215
0.218948
0.662
0.13308
0.15926
0.222482
0.240474
0.399094
0.0704261
0.11459
0.115244
0.65835
0.662
0.358877
0.662
0.233876
0.134354
0.260571
0.507784
0.134413
0.662
0.0441731
0.123942
0.203349
0.330443
0.386439
0.548431
0.116416
0.662
0.128654
0.317312
0.637609
0.418314
0.662
0.662
0.139966
0.483709
0.476639
0.662
0.393778
0.327892
0.486693
0.0397274
0.0591808
0.220106
0.108031
0.116244
0.388754
0.435887
0.226487
0.0757544
0.217087
0.341879
0.168482
0.662
0.55196
0.090551
0.0888047
0.0398343
0.572864
0.177908
0.177212
0.349921
0.359028
0.230905
0.472032
0.662
0.541827
0.390916
0.0840146
0.662
0.156542
0.0147552
0.293163
0.100457
0.313155
0.662
0.287434
0.0987053
0.469918
0.486986
0.233048
0.662
0.023543
0.146294
0.359305
0.0999016
0.662
0.662
0.285161
0.0155312
0.109421
0.662
0.0947187
0.139496
0.117835
0.186453
0.314772
0.100386
0.441817
0.05455
0.662
0.169971
0.186441
0.662
0.0904366
0.604159
0.458578
0.162852
0.662
0.662
0.662
0.195701
0.0246971
0.662
0.428441
0.586336
0.410006
0.052654
0.0506298
0.442369
0.116273
0.180303
0.662
0.14237
0.344755
0.090085
0.0481225
0.452493
0.180507
0.114367
0.295112
0.421972
0.357478
0.272317
0.192013
0.136991
0.0289833
0.235513
0.662
0.0745232
0.477891
0.206324
0.242139
0.157806
0.0937323
0.270104
0.141997
0.0926541
0.158293
0.32512
0.488052
0.662
0.333492
0.250581
0.434976
0.299041
0.169823
0.374869
0.0824055
0.609213
0.131013
0.126321
0.305336
0.0380866
0.662
0.11184
0.662
0.432571
0.0841284
0.200095
0.117963
0.662
0.274727
0.0675337
0.0201928
0.210375
0.662
0.35229
0.231898
0.413927
0.662
0.13205
0.336125
0.662
0.131653
0.509858
0.115913
0.0613189
0.236797
0.240299
0.329637
0.662
0.156521
0.320961
0.384758
0.0838587
0.0610147
0.662
0.209404
0.0751696
0.47157
0.662
0.107305
0.278541
0.304073
0.103799
0.347002
0.470797
0.385264
0.579058
0.0749682
0.252894
0.00977685
0.662
0.056403
0.662
0.440071
0.28055
0.0749436
0.000837146
0.101827
0.27218
0.308295
0.218548
0.196942
0.0749221
0.108179
0.102355
0.0121123
0.662
0.382133
0.0352447
0.17278
0.115393
0.151626
0.610317
0.520506
0.246255
0.393495
0.0949335
0.229567
0.0463253
0.0685214
0.149075
0.340881
0.662
0.226247
0.0951749
0.409706
0.301373
0.0970115
0.129723
0.241043
0.428467
0.0439759
0.274971
0.0521834
0.0471122
0.319044
0.356681
0.145282
0.147312
0.473357
0.0893254
0.0250677
0.0878646
0.141567
0.583545
0.106107
0.662
0.315087
0.0370007
0.371531
0.11234
0.054112
0.297177
0.0136189
0.452499
0.458106
0.238335
0.266899
0.324879
0.406416
0.662
0.149135
0.0356355
0.214556
0.379497
0.662
0.537864
0.346137
0.662
0.0785181
0.0954202
0.0525294
0.0341541
0.189371
0.336181
0.662
0.36713
0.412352
0.0959732
0.114434
0.494151
0.662
0.622422
0.548974
0.662
0.287995
0.487309
0.381138
0.116514
0.391262
0.0847247
0.552294
0.662
0.122317
0.0568539
0.16859
0.0285552
0.304907
0.213185
0.555598
0.110543
0.339279
0.213795
0.354458
0.170452
0.26962
0.517714
0.0848418
0.0691772
0.0868419
0.0880109
0.24555
0.615939
0.0655606
0.0879206
0.203385
0.0193496
0.445061
0.0811199
0.491157
0.662
0.334041
0.662
0.0931503
0.662
0.662
0.245922
0.180108
0.257477
0.53497
0.151416
0.34264
0.457081
0.34076
0.0734947
0.31603
0.194361
0.10075
0.43151
0.169638
0.304829
0.0453728
0.0714478
0.662
0.31006
0.197515
0.078069
0.499097
0.0590659
0.181113
0.447516
0.273418
0.182101
0.646287
0.229366
0.0934141
0.261549
0.20582
0.105429
0.0673818
0.062072
0.129092
0.629814
0.442977
0.135596
0.596135
0.0302284
0.607032
0.378145
0.223998
0.174123
0.337577
0.662
0.170677
0.109939
0.159125
0.167138
0.44328
0.338405
0.159532
0.662
0.655637
0.217
0.131496
0.0752255
0.660823
0.662
0.193374
0.521219
0.494066
0.223403
0.0594185
0.259902
0.662
0.131719
0.0766192
0.484651
0.0580318
0.662
0.0478957
0.425131
0.606995
0.269987
0.662
0.160709
0.305937
0.341694
0.169627
0.120966
0.179477
0.337163
0.0308491
0.0475665
0.389139
0.0873891
0.162603
0.140489
0.247988
0.19622
0.662
0.164036
0.0334139
0.371031
0.302167
0.201304
0.248267
0.281616
0.177782
0.462499
0.0726714
0.199102
0.121311
0.533962
0.627211
0.251165
0.662
0.117448
0.228862
0.22103
0.0608811
0.0266538
