0.476924
0.45491
0.119162
0.0330238
0.0744521
0.446254
0.662
0.143628
0.0725266
0.293981
0.366692
0.594449
0.292813
0.554295
0.62713
0.323702
0.273056
0.0587803
0.189883
0.163146
0.119028
0.662
0.662
0.213373
0.237213
0.290698
0.257563
0.150487
0.243304
0.501373
0.569873
0.0813754
0.067037
0.285628
0.122758
0.0767962
0.398713
0.419464
0.0514186
0.148454
0.157217
0.123734
0.0697917
0.186785
0.0775297
0.22388
0.369203
0.137613
0.662
0.0698429
0.0953081
0.422125
0.182158
0.208589
0.174158
0.247168
0.350694
0.259574
0.0718785
0.0590976
0.618479
0.11943
0.662
0.081357
0.106037
0.207725
0.0640222
0.364667
0.396628
0.332042
0.108055
0.277817
0.132715
0.25136
0.534569
0.477639
0.368932
0.406432
0.176487
0.168994
0.576179
0.397128
0.494766
0.161646
0.598864
0.502002
0.176548
0.198044
0.383274
0.413051
0.428841
0.358937
0.281135
0.662
0.229912
0.662
0.0759853
0.0877881
0.205757
0.25801
0.662
0.488682
0.162234
0.107739
0.662
0.20879
0.662
0.129635
0.0372381
0.137479
0.0786054
0.390169
0.317108
0.279332
0.288863
0.488569
0.385178
0.446081
0.121927
0.109729
0.0835516
0.356856
0.414503
0.0737374
0.488757
0.113146
0.662
0.243407
0.101267
0.55475
0.0758391
0.304579
0.630651
0.376882
0.113778
0.405703
0.113267
0.339931
0.0101906
0.332457
0.220685
0.662
0.220813
0.0681328
0.217981
0.131009
0.274918
0.196016
0.0385978
0.576225
0.134924
0.00600258
0.183178
0.293696
0.205283
0.031534
0.233745
0.410817
0.662
0.457667
0.0386672
0.644872
0.195686
0.0526613
0.214732
0.0964474
0.0890191
0.418901
0.141388
0.354137
0.0502834
0.175024
0.661522
0.407373
0.276582
0.130796
0.0333521
0.465384
0.0787293
0.310532
0.306686
0.662
0.0724984
0.168467
0.357882
0.285836
0.662
0.356646
0.0601679
0.644271
0.528114
0.0610905
0.410375
0.317803
0.409916
0.206166
0.161475
0.283482
0.365522
0.154178
0.120535
0.462916
0.13166
0.324591
0.177479
0.13904
0.09977
0.415434
0.122362
0.0590032
0.239549
0.217631
0.400532
0.662
0.335437
0.603376
0.166252
0.0674752
0.142015
0.0976702
0.148105
0.468819
0.662
0.104126
0.384127
0.176546
0.0272488
0.403194
0.127651
0.292716
0.171216
0.472789
0.662
0.254917
0.381969
0.223999
0.222307
0.186627
0.0903532
0.038995
0.354418
0.137436
0.378087
0.127545
0.662
0.120235
0.0828459
0.16889
0.136768
0.0917904
0.0888271
0.228195
0.115727
0.662
0.1809
0.633171
0.606661
0.48143
0.489771
0.10948
0.538694
0.171535
0.10293
0.283025
0.0981145
0.647088
0.169645
0.155082
0.401912
0.0628784
0.266783
0.248897
0.294577
0.0564299
0.327311
0.0494968
0.341053
0.662
0.0715377
0.0670364
0.196372
0.532266
0.0846775
0.662
0.0789686
0.662
0.439923
0.0545877
0.153791
0.490151
0.229258
0.185347
0.369846
0.0980299
0.428861
0.462491
0.093193
0.460337
0.552242
0.220482
0.46892
0.0392489
0.115602
0.280915
0.119852
0.100743
0.186682
0.662
0.571565
0.218678
0.0481357
0.149655
0.628485
0.110076
0.523558
0.197501
0.0212944
0.662
0.368298
0.662
0.129037
0.580224
0.157016
0.0350248
0.117112
0.353839
0.155761
0.16341
0.621562
0.192685
0.0549126
0.176128
0.00563756
0.142822
0.0748575
0.228951
0.156261
0.213062
0.344245
0.388537
0.510791
0.249817
0.111915
0.401115
0.203617
0.0569659
0.662
0.0928236
0.662
0.0133755
0.0669249
0.501797
0.194485
0.0859155
0.350197
0.640995
0.662
0.169938
0.390925
0.0195471
0.246669
0.496793
0.143386
0.423504
0.160167
0.117199
0.0660367
0.400839
0.0834814
0.183008
0.63723
0.0989769
0.0932749
0.220769
0.292835
0.30048
0.268572
0.0482085
0.220556
0.0392289
0.662
0.0919461
0.148768
0.662
0.662
0.212568
0.348477
0.0804657
0.0703441
0.154811
0.137229
0.321927
0.440006
0.0882406
0.0555113
0.662
0.466649
0.324838
0.0872311
0.0897943
0.152497
0.0674969
0.209224
0.105707
0.247935
0.112153
0.171413
0.0825885
0.0661838
0.339304
0.298125
0.15315
0.662
0.127052
0.0746457
0.164671
0.373667
0.662
0.14373
0.163228
0.400076
0.662
0.662
0.33375
0.522241
0.506043
0.182293
0.0583186
0.339756
0.202941
0.364763
0.229809
0.442016
0.10834
0.0182605
0.418312
0.662
0.249069
0.170572
0.577739
0.464289
0.340868
0.214704
0.315285
0.570169
0.662
0.193464
0.662
0.209407
0.0446538
0.0860911
0.359055
0.572139
0.533291
0.12683
0.449388
0.2818
0.336773
0.2095
0.0519151
0.0531439
0.0665039
0.662
0.0635257
0.272546
0.470406
0.336088
0.204983
0.277503
0.317272
0.017488
0.100015
0.0695215
0.107823
0.662
0.251754
0.0348858
0.0872406
0.329751
0.662
0.0464334
0.299908
0.642577
0.0798233
0.622249
0.0986409
0.133229
0.200239
0.265033
0.180194
0.0648813
0.132647
0.218806
0.310248
0.662
0.662
0.428567
0.662
0.118112
0.116032
0.27696
0.232441
0.639033
0.0877595
0.596143
0.0889052
0.204679
0.139297
0.0705389
0.46206
0.306951
0.0478082
0.207498
0.111224
0.458539
0.247853
0.605557
0.151548
0.621507
0.0932921
0.108067
0.165673
0.0737327
0.467738
0.0732253
0.268791
0.202346
0.0237043
0.343135
0.2838
0.500798
0.167698
0.167916
0.318773
0.133239
0.351981
0.117555
0.0851611
0.15838
0.244643
0.64754
0.119454
0.291537
0.662
0.0573115
0.0229337
0.119603
0.041936
0.0648186
0.523823
0.662
0.208909
0.556077
0.633395
0.4979
0.0843553
0.380541
0.310494
0.0600947
0.06456
0.169028
0.590537
0.155867
0.531986
0.466364
0.662
0.0982866
0.442558
0.0690052
0.0956213
0.189903
0.320608
0.237111
0.0691563
0.662
0.310689
0.151948
0.155193
0.439389
0.117316
0.251963
0.204592
0.191542
0.0613533
0.104797
0.447854
0.642329
0.104127
0.0911393
0.409514
0.662
0.0506176
0.382873
0.225818
0.142016
0.370953
0.124392
0.295032
0.10316
0.597721
0.334069
0.173166
0.141996
0.0314877
0.0751164
0.0323219
0.14646
0.316243
0.295263
0.0466006
0.135512
0.206946
0.370084
0.232033
0.184694
0.0586248
0.207134
0.662
0.184433
0.207405
0.220437
0.211096
0.0932108
0.448093
0.374725
0.00700922
0.131109
0.0623495
0.606616
0.146554
0.276045
0.662
0.149786
0.453972
0.385487
0.546469
0.174969
0.123615
0.0363715
0.258124
0.306996
0.0574879
0.140342
0.0589878
0.483335
0.205757
0.198734
0.416752
0.638131
0.38457
0.0982681
0.535328
0.351991
0.40717
0.536211
0.16331
0.662
0.662
0.283827
0.528617
0.275065
0.152002
0.29719
0.474021
0.120623
0.295299
0.338882
0.0810841
0.509787
0.168274
0.131414
0.363658
0.189597
0.215293
0.082036
0.17009
0.662
0.273134
0.0514616
0.127451
0.442949
0.275511
0.112666
0.662
0.0878486
0.218154
0.332345
0.0578773
0.113505
0.100884
0.0498265
0.228054
0.226352
0.662
0.334847
0.417816
0.127847
0.0360302
0.0663897
0.462901
0.122348
0.176716
0.337764
0.662
0.636545
0.134493
0.153899
0.236157
0.186738
0.662
0.0808416
0.103997
0.653712
0.302921
0.530571
0.662
0.323577
0.329228
0.465456
0.182456
0.247541
0.151757
0.662
0.0926099
0.597649
0.662
0.530278
0.161684
0.242904
0.0741748
0.138317
0.411859
0.0615537
0.11878
0.0825713
0.195899
0.0930848
0.167487
0.168288
0.0153513
0.41708
0.662
0.125913
0.417979
0.036088
0.139844
0.245487
0.189993
0.240979
0.0706941
0.170639
0.0782541
0.080005
0.417814
0.119174
0.228251
0.0829976
0.3311
0.662
0.32003
0.0942641
0.0555615
0.017516
0.109738
0.0513154
0.0511342
0.579477
0.138724
0.222658
0.0176262
0.149651
0.512987
0.662
0.11247
0.348482
0.500495
0.0572568
0.135989
0.194258
0.13543
0.178188
0.0605152
0.189245
0.0707809
0.496197
0.330131
0.544662
0.230704
0.662
0.114281
0.10291
0.662
0.0123907
0.0690101
0.433071
0.192554
0.288547
0.662
0.104053
0.212256
0.632276
0.662
0.132163
0.131184
0.348437
0.126042
0.151605
0.261858
0.145336
0.132929
0.0385115
0.326931
0.0294435
0.662
0.127198
0.130355
0.626204
0.0798269
0.255171
0.207426
0.288019
0.0485354
0.0955317
0.416139
0.0880523
0.662
0.662
0.191351
0.246655
0.205176
0.0976965
0.662
0.158038
0.190294
0.0744509
0.662
0.551695
0.237396
0.320435
0.564497
0.322891
0.42501
0.195527
0.187723
0.0525391
0.662
0.0457391
0.0748429
0.164878
0.0382854
0.183843
0.0774095
0.226995
0.100546
0.0961529
0.350191
0.318159
0.149586
0.591454
0.560601
0.273499
0.259282
0.565182
0.471521
0.174641
0.124033
0.662
0.458238
0.0526213
0.372482
0.445001
0.0912397
0.0434085
0.174713
0.202094
0.0648251
0.299918
0.115688
0.476913
0.0959569
0.239366
0.662
0.662
0.303938
0.0838981
0.462671
0.0970352
0.381939
0.114744
0.338627
0.178597
0.0849369
0.0918511
0.168209
0.0522993
0.175842
0.189168
0.449427
0.0836843
0.0912098
0.210645
0.152008
0.11246
0.631005
0.0567842
0.385971
0.0463384
0.162491
0.403151
0.335444
0.241462
0.331809
0.240662
0.0748355
0.189435
0.239391
0.0759077
0.237645
0.215782
0.204559
0.163445
0.662
0.227827
0.388831
0.396771
0.21461
0.27831
0.418291
0.075549
0.153239
0.309066
0.502975
0.561002
0.508831
0.341855
0.444371
0.159043
0.171679
0.104538
0.0524301
0.586846
0.340692
0.558538
0.184505
0.573968
0.303563
0.337679
0.280242
0.197279
0.111046
0.415247
0.358018
0.441042
0.243313
0.364321
0.615713
0.238706
0.240851
0.0686514
0.0178107
0.0765305
0.124925
0.662
0.662
0.414698
0.518463
0.399932
0.599349
0.330152
0.288801
0.447796
0.183652
0.662
0.162509
0.0626016
0.398958
0.135217
0.0908321
0.173582
0.15149
0.151125
0.39455
0.153332
0.0506026
0.198551
0.180388
0.0877207
0.0272966
0.246173
0.157502
0.10337
0.541153
0.339604
0.662
0.224403
0.120918
0.662
0.114543
0.0758679
0.169045
0.26847
0.0670288
0.127822
0.088532
0.015546
0.139758
0.0772461
0.111404
0.0735162
0.662
0.662
0.0984966
0.0331641
0.0970335
0.228734
0.0259476
0.0623489
0.412111
0.0625603
0.304909
0.483309
0.209764
0.662
0.321692
0.152872
0.662
0.433163
0.0540088
0.135104
0.185368
0.157154
0.191367
0.323631
0.292004
0.33322
0.29542
0.159389
0.220672
0.0481991
0.385156
0.28904
0.0603845
0.456738
0.151873
0.250177
0.362122
0.596141
0.203119
0.292819
0.129465
0.169911
0.606878
0.17414
0.0791513
0.333099
0.372081
0.111878
0.518777
0.081386
0.0957492
0.514289
0.0100672
0.402075
0.098232
0.0760539
0.068265
0.0709501
0.546374
0.105468
0.660251
0.472691
0.225705
0.100273
0.662
0.0976498
0.605443
0.521509
0.406419
0.33131
0.201065
0.355353
0.245771
0.296399
0.662
0.152426
0.252215
0.462084
0.437992
0.424409
0.179737
0.0977352
0.311817
0.300888
0.0780777
0.410866
0.0311506
0.42077
0.210365
0.476599
0.624254
0.441228
0.0756281
0.220833
0.0808972
0.160642
0.109868
0.329157
0.201732
0.454018
0.266273
0.0723976
0.662
0.175167
0.662
0.508993
0.268718
0.0882378
0.103888
0.0921888
0.058542
0.229738
0.0726184
0.662
0.128051
0.283485
0.365071
0.662
0.267253
0.235123
0.155099
0.495999
0.439815
0.271028
0.0797741
0.509302
0.380755
0.246858
0.17733
0.21558
0.413368
0.0953003
0.0431662
0.470949
0.115354
0.0698096
0.411201
0.206112
0.189622
0.00917791
0.17424
0.217472
0.03981
0.650844
0.104056
0.662
0.306239
0.121966
0.0659495
0.281158
0.662
0.0589018
0.0494401
0.662
0.188157
0.118686
0.200528
0.277687
0.349176
0.0861597
0.517438
0.118525
0.653187
0.0240981
0.0517942
0.039531
0.289217
0.0302134
0.662
0.287188
0.0352478
0.0641891
0.12648
0.662
0.447592
0.257913
0.662
0.0999241
0.450757
0.134826
0.211916
0.221323
0.662
0.0412076
0.173063
0.137502
0.101779
0.374147
0.164038
0.11953
0.381315
0.131668
0.662
0.504622
0.252682
0.35172
0.0706294
0.628888
0.229154
0.252315
0.318276
0.483352
0.215078
0.141271
0.150943
0.44612
0.319666
0.662
0.252096
0.227759
0.201871
0.407199
0.239006
0.0363809
0.459247
0.140205
0.324611
0.0999008
0.0760603
0.662
0.160489
0.182591
0.128232
0.220109
0.211107
0.408076
0.0977022
0.0770157
0.203732
0.118105
0.125437
0.662
0.157188
0.0971714
0.216081
0.662
0.180913
0.109769
0.420983
0.212656
0.305816
0.0402136
0.219903
0.662
0.250529
0.0184363
0.589378
0.143913
0.662
0.139913
0.1067
0.335059
0.219757
0.662
0.229747
0.0586951
0.596348
0.219603
0.0463292
0.662
0.662
0.181812
0.651178
0.250344
0.330913
0.0504327
0.174171
0.12106
0.662
0.662
0.13665
0.322977
0.655689
0.0581948
0.0938535
0.319461
0.0885045
0.397629
0.134812
0.338572
0.217099
0.402396
0.184683
0.10624
0.573214
0.367726
0.578654
0.0481987
0.161259
0.205383
0.275565
0.530049
0.00984144
0.332728
0.0193662
0.138282
0.662
0.145367
0.0887271
0.47945
0.228199
0.0927624
0.252898
0.165749
0.0640899
0.126704
0.378029
0.18455
0.662
0.662
0.300059
0.190573
0.418909
0.595677
0.487115
0.478472
0.10294
0.0640985
0.275675
0.137691
0.662
0.0842796
0.0335207
0.104566
0.159596
0.139232
0.381759
0.168442
0.381815
0.325456
0.19366
0.112903
0.637037
0.451797
0.575502
0.398441
0.16227
0.394823
0.132561
0.337634
0.231086
0.350372
0.465877
0.455245
0.541771
0.215974
0.0320201
0.662
0.395263
0.25564
0.203488
0.519843
0.156218
0.204816
0.357121
0.133877
0.166364
0.216483
0.296917
0.115048
0.662
0.662
0.0843395
0.522637
0.165112
0.204813
0.334396
0.563249
0.461567
0.104899
0.269378
0.41247
0.208786
0.0729708
0.104359
0.153577
0.0579318
0.662
0.662
0.0994312
0.310584
0.0985639
0.101768
0.157024
0.163952
0.37904
0.436301
0.0743445
0.103211
0.317453
0.0088693
0.130322
0.0481456
0.140694
0.163508
0.272593
0.191044
0.502978
0.653249
0.260316
0.612966
0.456897
0.460833
0.245869
0.0707168
0.492059
0.239057
0.128596
0.182385
0.108901
0.363549
0.167857
0.211264
0.1587
0.49288
0.658819
0.423399
0.662
0.315883
0.00473071
0.0672807
0.14759
0.0905265
0.329831
0.255574
0.543936
0.426483
0.662
0.265943
0.358276
0.176464
0.192499
0.0666449
0.066579
0.233028
0.0814193
0.325314
0.0556054
0.351591
0.0174374
0.0989409
0.0890157
0.662
0.154351
0.662
0.406332
0.662
0.337301
0.249006
0.203339
0.288879
0.0295739
0.357544
0.457788
0.0977012
0.176737
0.017239
0.662
0.362842
0.1215
0.603024
0.426415
0.108404
0.177675
0.633923
0.233693
0.0372765
0.242648
0.52195
0.0878828
0.48356
0.194618
0.106086
0.134848
0.299768
0.0681796
0.268292
0.406813
0.236873
0.65881
0.250063
0.180738
0.382662
0.0867426
0.272336
0.164732
0.133178
0.44358
0.19394
0.19242
0.433155
0.184631
0.662
0.662
0.282682
0.151596
0.192736
0.216411
0.142506
0.662
0.0867728
0.0509681
0.0751911
0.662
0.433665
0.390324
0.0593964
0.257036
0.392235
0.547961
0.0718604
0.144641
0.56084
0.344819
0.662
0.439968
0.513038
0.495258
0.139557
0.298457
0.370259
0.479608
0.0451196
0.486423
0.0624393
0.0221404
0.662
0.135665
0.361449
0.513238
0.365211
0.378994
0.302868
0.203186
0.201627
0.19245
0.228679
0.532597
0.255606
0.0875833
0.662
0.0469992
0.149804
0.469962
0.653324
0.662
0.056166
0.260725
0.107916
0.072807
0.441302
0.662
0.0888175
0.070305
0.309008
0.297973
0.0666044
0.167466
0.662
0.141255
0.398996
0.38087
0.189382
0.235355
0.343038
0.662
0.0189647
0.662
0.175423
0.374928
0.0427205
0.0815078
0.268624
0.0622211
0.266507
0.224632
0.310897
0.662
0.0816056
0.293015
0.558834
0.358214
0.0263456
0.132907
0.00248485
0.0597503
0.177342
0.0671431
0.151907
0.662
0.254255
0.0382896
0.484751
0.137428
0.0677773
0.0761132
0.126252
0.423627
0.662
0.662
0.0908092
0.561964
0.137281
0.219762
0.00451219
0.299953
0.297566
0.0915497
0.173036
0.297194
0.167594
0.0829328
0.662
0.172208
0.304537
0.148363
0.15628
0.193794
0.662
0.260257
0.129317
0.136465
0.116413
0.662
0.144924
0.0145163
0.222819
0.315846
0.487461
0.626742
0.367687
0.165858
0.109283
0.188651
0.157971
0.205317
0.263712
0.41535
0.0468537
0.194719
0.147776
0.0175437
0.222524
0.418371
0.0704251
0.0970876
0.0158281
0.65084
0.436342
0.185228
0.387348
0.632116
0.380151
0.277613
0.236626
0.0541996
0.104915
0.0414188
0.409875
0.0673656
0.469573
0.211093
0.444127
0.486589
0.242996
0.133503
0.500637
0.0977964
0.475726
0.211257
0.662
0.185152
0.185334
0.432616
0.37561
0.575143
0.169041
0.0637177
0.0559529
0.109225
0.22422
0.233644
0.209138
0.0432515
0.00908966
0.0734799
0.264316
0.0765862
0.0809624
0.0982379
0.463785
0.328264
0.108982
0.0677291
0.167213
0.0677683
0.662
0.662
0.478745
0.602233
0.662
0.171211
0.472894
0.0836738
0.662
0.513558
0.342624
0.662
0.327506
0.393971
0.215887
0.271187
0.311483
0.662
0.0973744
0.20053
0.068472
0.340456
0.146704
0.336168
0.335238
0.341802
0.0738241
0.436593
0.222244
0.222489
0.0620589
0.393588
0.25155
0.393055
0.204029
0.355426
0.662
0.125244
0.572124
0.12203
0.154657
0.188349
0.00841201
0.193585
0.119071
0.265202
0.240631
0.47069
0.336014
0.662
0.06773
0.196501
0.141225
0.662
0.662
0.0282872
0.108632
0.325797
0.37898
0.241225
0.190175
0.233972
0.662
0.231966
0.402664
0.296224
0.662
0.334866
0.186861
0.217166
0.157279
0.0971996
0.0369548
0.135578
0.476285
0.32282
0.552604
0.368282
0.105618
0.231813
0.059495
0.175478
0.0739557
0.215703
0.072452
0.223962
0.0664652
0.0957201
0.382947
0.0756932
0.158252
0.114331
0.622322
0.193114
0.393233
0.00505136
0.377116
0.0486746
0.380799
0.137519
0.122443
0.424627
0.0799171
0.201547
0.239306
