0.384009
0.396524
0.114744
0.4667
0.541497
0.113038
0.269658
0.475261
0.30629
0.0506892
0.249691
0.0804251
0.143294
0.662
0.0317844
0.30178
0.272586
0.154971
0.249005
0.662
0.662
0.0791086
0.263955
0.142973
0.287359
0.662
0.662
0.226216
0.168045
0.323411
0.0272388
0.463772
0.000993028
0.0590472
0.119833
0.057282
0.177153
0.244318
0.092047
0.089229
0.470966
0.046134
0.167841
0.166813
0.184586
0.147533
0.379393
0.309653
0.338571
0.190935
0.469038
0.0731856
0.450014
0.662
0.0828731
0.13272
0.211257
0.23459
0.588851
0.046707
0.545071
0.459247
0.0589983
0.229492
0.0616294
0.141676
0.059068
0.137114
0.150471
0.662
0.173686
0.662
0.662
0.0881218
0.283436
0.329656
0.011764
0.622496
0.142084
0.662
0.020474
0.662
0.248114
0.21173
0.0617259
0.662
0.404158
0.17325
0.147139
0.268173
0.5023
0.577118
0.0641891
0.662
0.350889
0.462139
0.504661
0.457667
0.662
0.0618257
0.193647
0.0519524
0.0803203
0.0243142
0.662
0.123831
0.222212
0.0629079
0.172772
0.662
0.0777484
0.662
0.586846
0.150487
0.0195026
0.232705
0.227827
0.0192098
0.662
0.162243
0.118818
0.190709
0.0768327
0.0850621
0.453694
0.00423555
0.105851
0.185118
0.09605
0.417132
0.286509
0.662
0.621234
0.211809
0.149565
0.286283
0.662
0.188111
0.120408
0.481493
0.109122
0.662
0.176469
0.409015
0.662
0.221669
0.104124
0.124606
0.56036
0.65164
0.642826
0.243483
0.209226
0.0384269
0.662
0.633805
0.132148
0.138399
0.165681
0.167896
0.117315
0.0188969
0.115294
0.662
0.0948218
0.245923
0.612346
0.378029
0.419746
0.52259
0.10337
0.0564595
0.129317
0.0799727
0.0530709
0.530625
0.119733
0.385971
0.0430244
0.393484
0.554882
0.0855532
0.662
0.178188
0.662
0.222928
0.0271802
0.00121817
0.662
0.228195
0.112398
0.257646
0.212295
0.0480737
0.364705
0.513478
0.0486746
0.271837
0.296815
0.213853
0.137357
0.20448
0.1686
0.0444343
0.662
0.329418
0.103799
0.422202
0.0827684
0.149074
0.113958
0.222047
0.472467
0.150038
0.125065
0.071615
0.13406
0.0372765
0.662
0.298371
0.260403
0.0254498
0.400386
0.200499
0.169457
0.662
0.662
0.0643241
0.662
0.0872206
0.483352
0.227591
0.183683
0.662
0.492898
0.148555
0.309032
0.167019
0.561964
0.0472849
0.0554895
0.519194
0.101899
0.211558
0.0761292
0.0544301
0.662
0.337425
0.169387
0.662
0.480818
0.135578
0.0588505
0.346175
0.173406
0.0941044
0.570954
0.125109
0.269378
0.261652
0.120843
0.189169
0.662
0.213437
0.153685
0.535838
0.0502449
0.291056
0.106398
0.248836
0.384927
0.191526
0.194333
0.350342
0.290653
0.386416
0.138529
0.296166
0.188477
0.273869
0.175975
0.0683985
0.151825
0.104241
0.662
0.138326
0.14148
0.205383
0.40359
0.566022
0.013264
0.248225
0.174147
0.0436922
0.102903
0.3974
0.398014
0.168407
0.331982
0.108356
0.615639
0.0133576
0.662
0.047697
0.605623
0.295301
0.087617
0.161719
0.365642
0.17385
0.647936
0.0984166
0.0949593
0.469653
0.662
0.662
0.662
0.155463
0.369078
0.44612
0.662
0.662
0.157038
0.189883
0.112448
0.0436632
0.208495
0.477914
0.340748
0.17101
0.662
0.0891655
0.662
0.0703256
0.662
0.223962
0.414683
0.0866439
0.373775
0.200796
0.611751
0.344029
0.341798
0.662
0.0785489
0.503153
0.0823165
0.29651
0.590028
0.662
0.154736
0.0895353
0.16639
0.033075
0.357882
0.0698983
0.068384
0.197534
0.37523
0.327225
0.126066
0.0913669
0.218922
0.309197
0.338162
0.116539
0.0324352
0.530321
0.4964
0.662
0.208507
0.072807
0.259529
0.0560808
0.476924
0.154025
0.0790758
0.315846
0.194046
0.27729
0.200773
0.481184
0.560404
0.224393
0.289529
0.236643
0.177479
0.662
0.285898
0.273215
0.662
0.00716692
0.242091
0.198428
0.0534402
0.38205
0.173381
0.662
0.662
0.662
0.061347
0.448401
0.0987479
0.155973
0.163703
0.662
0.170613
0.662
0.0365168
0.365272
0.155411
0.379374
0.152445
0.270778
0.0259476
0.343323
0.579169
0.252369
0.0731949
0.18936
0.127997
0.131557
0.124393
0.125334
0.341699
0.490972
0.203379
0.104463
0.592967
0.124392
0.662
0.083799
0.415974
0.10854
0.115996
0.631157
0.0402819
0.341986
0.0744679
0.053112
0.195063
0.176225
0.131414
0.0640598
0.478285
0.24107
0.0901478
0.453848
0.386553
0.280375
0.158038
0.662
0.529058
0.0382287
0.136136
0.0503843
0.0865717
0.163571
0.460276
0.170258
0.662
0.083727
0.22996
0.337375
0.662
0.212256
0.194548
0.328365
0.156422
0.122507
0.193333
0.662
0.12112
0.176843
0.338316
0.662
0.096982
0.0747031
0.47494
0.0939105
0.0404049
0.064992
0.530361
0.118721
0.0943451
0.662
0.161741
0.454444
0.0462637
0.243592
0.101988
0.0190781
0.135635
0.210663
0.468622
0.196494
0.0615551
0.0690832
0.119209
0.160721
0.662
0.400577
0.249472
0.0348858
0.588781
0.264716
0.0872311
0.146541
0.325691
0.303713
0.662
0.624481
0.625756
0.422273
0.0689436
0.267399
0.101246
0.662
0.070843
0.0900842
0.231069
0.113804
0.23004
0.0645416
0.017918
0.0790962
0.100593
0.0357612
0.107573
0.457256
0.253738
0.105866
0.229273
0.135983
0.662
0.662
0.157414
0.126077
0.326238
0.501439
0.662
0.298457
0.662
0.143085
0.293815
0.0457677
0.0692836
0.170266
0.0680185
0.229859
0.0242884
0.311483
0.226949
0.504902
0.0545877
0.136496
0.192061
0.174538
0.662
0.360371
0.240777
0.233439
0.207323
0.164805
0.00732106
0.662
0.102113
0.185872
0.103738
0.253477
0.140822
0.225818
0.601391
0.0807613
0.0445706
0.042493
0.21484
0.110922
0.23078
0.0421993
0.0058441
0.0678859
0.662
0.0782428
0.0512979
0.205281
0.0848775
0.260296
0.423365
0.107448
0.0667662
0.601077
0.285128
0.658819
0.662
0.116716
0.413092
0.133308
0.184864
0.0903533
0.073787
0.427961
0.249935
0.0914007
0.103997
0.187229
0.0654021
0.245782
0.106115
0.162876
0.549368
0.296996
0.547017
0.0860651
0.467027
0.662
0.113362
0.236054
0.662
0.071817
0.0600947
0.0228764
0.622573
0.173751
0.132203
0.0836725
0.107961
0.154139
0.110538
0.0738484
0.162711
0.161106
0.259282
0.208334
0.359246
0.0199874
0.29102
0.205853
0.194209
0.0795158
0.662
0.213395
0.256816
0.0088435
0.542117
0.00844059
0.141433
0.616849
0.165725
0.629787
0.50866
0.210056
0.0409226
0.0480501
0.007432
0.156672
0.149417
0.662
0.309717
0.397833
0.110656
0.36613
0.356856
0.245755
0.138388
0.123852
0.322409
0.3032
0.0921997
0.236945
0.117652
0.329644
0.115686
0.0785483
0.423834
0.224563
0.235847
0.0161125
0.0785746
0.513379
0.41271
0.176113
0.553416
0.662
0.355847
0.139323
0.487814
0.662
0.239733
0.0696149
0.097297
0.138282
0.234043
0.364239
0.562244
0.233876
0.210994
0.135626
0.461693
0.662
0.242649
0.423846
0.315795
0.544351
0.180662
0.153114
0.21053
0.22282
0.0810841
0.314803
0.058843
0.402075
0.186634
0.187679
0.662
0.294328
0.3667
0.45704
0.206054
0.14153
0.569111
0.287431
0.286489
0.0324283
0.145948
0.150956
0.0245201
0.217105
0.341071
0.443605
0.662
0.362464
0.532776
0.100132
0.229151
0.148572
0.385473
0.441934
0.0725266
0.128786
0.513238
0.232624
0.152192
0.179594
0.0558838
0.531427
0.0944297
0.0931257
0.0397716
0.0567821
0.26523
0.169809
0.116364
0.180913
0.569536
0.319332
0.662
0.239006
0.147381
0.0382344
0.118112
0.0501979
0.145868
0.662
0.0638759
0.202204
0.119276
0.0936675
0.0853127
0.107328
0.513205
0.00859544
0.0990031
0.0955201
0.336701
0.662
0.662
0.154237
0.190055
0.115133
0.343038
0.466499
0.113313
0.143505
0.237304
0.089345
0.662
0.188258
0.474169
0.192499
0.3079
0.130181
0.192503
0.398713
0.324296
0.0950468
0.177675
0.309896
0.016659
0.0303923
0.128518
0.0545866
0.104213
0.56493
0.0290377
0.360052
0.307944
0.204721
0.436374
0.230308
0.17833
0.411622
0.107582
0.102274
0.318994
0.0887271
0.662
0.0911726
0.156836
0.199589
0.536063
0.479714
0.662
0.40927
0.272517
0.30035
0.0906749
0.145148
0.11172
0.17195
0.197775
0.662
0.18241
0.163088
0.106228
0.106713
0.229916
0.105396
0.0749567
0.141175
0.319677
0.576747
0.187143
0.621266
0.240298
0.0976111
0.454866
0.0309413
0.202941
0.264423
0.174334
0.446594
0.0382258
0.516232
0.633391
0.609706
0.635437
0.179954
0.254559
0.566457
0.138535
0.135811
0.189168
0.285337
0.662
0.557818
0.356574
0.661491
0.532815
0.0439857
0.207005
0.339418
0.346036
0.231264
0.113728
0.662
0.50217
0.31579
0.662
0.662
0.163813
0.175658
0.0312183
0.585954
0.361436
0.472789
0.662
0.551381
0.0569586
0.0952467
0.662
0.121678
0.576633
0.191078
0.252535
0.0537253
0.0121367
0.0629791
0.0483387
0.220499
0.662
0.113894
0.323868
0.662
0.209735
0.15847
0.662
0.140914
0.0586086
0.04955
0.15838
0.0432809
0.183821
0.194485
0.113998
0.142621
0.470616
0.380215
0.0695215
0.304073
0.291749
0.127252
0.0448661
0.458773
0.424561
0.163445
0.63776
0.336397
0.151429
0.3572
0.124055
0.411548
0.0717598
0.662
0.0720974
0.141573
0.10489
0.660112
0.105339
0.257909
0.662
0.0664221
0.0147715
0.101138
0.41211
0.385845
0.662
0.107695
0.0813001
0.0865491
0.662
0.37663
0.662
0.222571
0.423378
0.0922712
0.137919
0.204135
0.149939
0.311314
0.397573
0.453489
0.214513
0.00510575
0.336195
0.607258
0.275542
0.144312
0.249817
0.150068
0.12203
0.0952017
0.138197
0.0856387
0.0547822
0.0164308
0.0639477
0.0143639
0.174938
0.662
0.427853
0.0829754
0.161573
0.198593
0.633538
0.0455872
0.184433
0.196501
0.233474
0.236851
0.659821
0.0683901
0.0423186
0.085492
0.449343
0.591126
0.154351
0.204926
0.211909
0.662
0.00962042
0.241963
0.114562
0.234664
0.662
0.163706
0.189435
0.071641
0.0388148
0.571203
0.0732052
0.599848
0.410353
0.126929
0.367906
0.412159
0.322213
0.313861
0.0917763
0.281889
0.0325802
0.117185
0.662
0.111078
0.100786
0.374653
0.0732509
0.228769
0.11489
0.102235
0.334878
0.132457
0.100897
0.662
0.662
0.662
0.0240149
0.32423
0.48655
0.662
0.662
0.662
0.199131
0.0621495
0.272513
0.39895
0.662
0.397209
0.332957
0.437092
0.120281
0.402534
0.170295
0.517971
0.0664524
0.0391196
0.132715
0.172829
0.319057
0.0301407
0.391614
0.501229
0.501134
0.0729708
0.372482
0.0963127
0.0579549
0.178784
0.0972383
0.252793
0.0770602
0.232994
0.149586
0.120997
0.321659
0.0554113
0.0927206
0.509898
0.60247
0.179531
0.0806648
0.211611
0.0922015
0.108297
0.16873
0.181042
0.0312609
0.0982734
0.662
0.662
0.662
0.165246
0.089462
0.165944
0.1215
0.456687
0.585851
0.662
0.564103
0.300512
0.135738
0.269086
0.201493
0.543198
0.275362
0.23243
0.0587841
0.457961
0.0957143
0.571047
0.376275
0.662
0.094963
0.53953
0.082113
0.029015
0.211217
0.346151
0.123406
0.293015
0.218238
0.502648
0.101642
0.476629
0.662
0.352472
0.308826
0.339301
0.193578
0.662
0.20469
0.18983
0.399636
0.662
0.662
0.198745
0.662
0.0923442
0.161259
0.160802
0.466981
0.662
0.0240371
0.0517484
0.0903423
0.156841
0.0541717
0.0424745
0.0521571
0.308355
0.263729
0.0613423
0.0714213
0.205618
0.436733
0.277783
0.187079
0.662
0.0266386
0.662
0.0979299
0.036716
0.517325
0.662
0.102301
0.181199
0.343129
0.366317
0.0876775
0.662
0.201296
0.494999
0.577577
0.400943
0.283487
0.0788404
0.388944
0.662
0.612328
0.365213
0.599053
0.0263456
0.0401818
0.246222
0.399764
0.133912
0.0358386
0.662
0.0880864
0.309245
0.184689
0.110798
0.598919
0.374147
0.192451
0.0911393
0.0552409
0.0974135
0.0873974
0.199683
0.250311
0.109341
0.221291
0.0759511
0.0246779
0.171276
0.323372
0.048418
0.216657
0.264111
0.246147
0.078386
0.0685534
0.662
0.100044
0.24227
0.128531
0.0982895
0.319276
0.0746928
0.169713
0.662
0.163813
0.0527318
0.662
0.662
0.0910706
0.139665
0.211508
0.130514
0.118755
0.414564
0.662
0.153637
0.033651
0.252792
0.662
0.0749462
0.0774133
0.00530458
0.662
0.13937
0.264845
0.0747548
0.0556984
0.259416
0.0836085
0.185479
0.206848
0.184734
0.171504
0.131035
0.125336
0.0833561
0.143531
0.13013
0.0949747
0.625145
0.179728
0.662
0.471268
0.312293
0.0673656
0.237667
0.281302
0.0873985
0.177153
0.0413168
0.211107
0.662
0.346589
0.626833
0.38646
0.189622
0.258149
0.401849
0.350705
0.264658
0.271121
0.071916
0.0907189
0.0544605
0.10163
0.180479
0.509947
0.662
0.441659
0.662
0.393723
0.0931662
0.202856
0.0480769
0.0585644
0.125903
0.0721005
0.189904
0.0794093
0.111915
0.662
0.0788896
0.0549188
0.612215
0.662
0.620647
0.043058
0.471117
0.189344
0.241247
0.618193
0.0567842
0.404255
0.359205
0.662
0.101839
0.139456
0.27397
0.0933694
0.22528
0.358938
0.248031
0.0504061
0.147742
0.131118
0.538161
0.594713
0.381759
0.662
0.537542
0.49465
0.0912397
0.121077
0.476443
0.195877
0.195321
0.604403
0.110303
0.0579244
0.133019
0.44785
0.143745
0.662
0.280323
0.527042
0.245895
0.351874
0.118732
0.662
0.339654
0.050196
0.19234
0.176548
0.408268
0.0616408
0.148414
0.15188
0.662
0.088019
0.223802
0.154922
0.274685
0.357544
0.146958
0.194731
0.293573
0.0421793
0.328524
0.567067
0.108324
0.662
0.394626
0.31947
0.662
0.435871
0.0269698
0.200997
0.0740723
0.662
0.369684
0.0578942
0.11475
0.209684
0.218368
0.0843727
0.0794204
0.447013
0.42763
0.184015
0.295659
0.0557994
0.441936
0.0919888
0.0393849
0.0707204
0.507388
0.173881
0.252404
0.660152
0.38762
0.0686514
0.0439363
0.662
0.395294
0.134662
0.481898
0.0983455
0.0835977
0.138728
0.0562173
0.215974
0.329536
0.0970538
0.0441361
0.476664
0.095043
0.174969
0.333201
0.017239
0.111457
0.2012
0.381726
0.101115
0.134648
0.338344
0.096004
0.389852
0.662
0.463743
0.176476
0.586862
0.0388412
0.150354
0.662
0.326675
0.162254
0.0668484
0.662
0.533367
0.355762
0.612598
0.230856
0.0635397
0.457285
0.0429113
0.662
0.0659101
0.0546335
0.0245097
0.378954
0.662
0.188325
0.532697
0.25155
0.460521
0.0777829
0.413157
0.0961739
0.206464
0.0768099
0.290241
0.0802216
0.0667795
0.0105057
0.158944
0.11056
0.0243034
0.110635
0.112072
0.172799
0.444371
0.026637
0.321319
0.531156
0.300623
0.445338
0.531645
0.359618
0.16309
0.21538
0.431422
0.140826
0.0911528
0.369748
0.459192
0.213422
0.098068
0.36431
0.122344
0.185986
0.55699
0.556143
0.100278
0.662
0.443841
0.0417282
0.124446
0.302173
0.0765862
0.246652
0.20053
0.662
0.228251
0.000113152
0.396357
0.053479
0.201671
0.223034
0.0664255
0.126809
0.288232
0.227742
0.0726071
0.536293
0.361081
0.0863293
0.359671
0.345645
0.275856
0.217712
0.354742
0.0777928
0.184505
0.0408902
0.662
0.172208
0.147366
0.408222
0.176226
0.218806
0.316569
0.236739
0.0610905
0.0561897
0.100207
0.327182
0.295032
0.662
0.402096
0.303416
0.598379
0.338288
0.185076
0.228542
0.29677
0.597309
0.120287
0.0440159
0.662
0.488477
0.635844
0.106819
0.0924581
0.0888784
0.295608
0.52195
0.0912373
0.0758679
0.0913473
0.228304
0.0579464
0.662
0.129305
0.507127
0.252901
0.0989716
0.0807337
0.662
0.16101
0.111715
0.662
0.171145
0.222478
0.346668
0.580071
0.174711
0.223472
0.121237
0.0936982
0.0198239
0.0810984
0.378733
0.208789
0.662
0.413671
0.118633
0.181995
0.662
0.0598265
0.620349
0.102412
0.0457416
0.514854
0.208272
0.662
0.209885
0.325505
0.662
0.377542
0.132163
0.358937
0.234276
0.0783025
0.191207
0.465877
0.0698502
0.253495
0.0728908
0.20781
0.531236
0.103971
0.662
0.258339
0.603913
0.662
0.0821766
0.662
0.0421176
0.662
0.194851
0.327504
0.17788
0.0434527
0.524118
0.0737327
0.156445
0.473616
0.0860381
0.104127
0.390061
0.321472
0.0931348
0.378089
0.662
0.662
0.549131
0.355235
0.187198
0.662
0.63769
0.188503
0.226767
0.539916
0.662
0.0812256
0.0622099
0.0336643
0.110178
0.335444
0.662
0.0907018
0.142757
0.0882535
0.268373
0.395333
0.25564
0.533604
0.247266
0.167987
0.269149
0.249395
0.162486
0.315416
0.225518
0.207589
0.0888175
0.15363
0.178466
0.158792
0.662
0.355646
0.102755
0.234605
0.0977012
0.164746
0.188651
0.11391
0.449899
0.662
0.662
0.13811
0.25086
0.662
0.390259
0.0497138
0.662
0.62845
0.530278
0.172546
0.10976
0.139161
0.303094
0.536555
0.0540702
0.589717
0.344983
0.662
0.486521
0.251711
0.179929
0.662
0.259023
0.134838
0.468804
0.238273
0.0607278
0.179062
0.152161
0.480935
0.114731
0.207405
0.0461002
0.0892112
0.366692
0.393798
0.132872
0.203275
0.250779
0.299801
0.242802
0.662
0.145949
0.0539802
0.662
0.078939
0.114705
0.0538432
0.596045
0.0718357
0.224237
0.0407939
0.355942
0.37098
0.0991143
0.121242
0.211093
0.161756
0.161121
0.272316
0.512808
0.0183028
0.157686
0.246364
0.662
0.281977
0.362084
0.0559753
0.033315
0.121283
0.662
0.0682555
0.26414
0.16645
0.662
0.223276
0.162348
0.429768
0.568662
0.0842082
0.499209
0.245192
0.211264
0.583771
0.204592
0.662
0.0475814
0.24399
0.274018
0.662
0.267268
0.0801884
0.0633875
0.182293
0.0380044
0.303351
0.662
0.381214
0.0186759
0.308594
0.231822
0.127054
0.4677
0.0699041
0.0661189
0.193241
0.662
0.247288
0.361298
0.505909
0.0611199
0.486583
0.249741
0.662
0.0857065
0.662
0.116488
0.0504259
0.140051
0.205203
0.579374
0.0600694
0.543291
0.658616
0.363392
0.317272
0.274293
0.279282
0.0512674
0.034155
0.540154
0.175478
0.647975
0.452113
0.0126067
0.0555675
0.0856752
0.201794
0.662
0.137787
0.123175
0.296694
0.32952
0.548784
0.240462
0.476952
0.0925376
0.513225
0.662
0.0481991
0.614103
0.18661
0.209733
0.175052
0.11203
0.212475
0.662
0.0843553
0.0962607
0.0476145
0.289229
0.572449
0.127239
0.54422
0.571743
0.106086
0.662
0.076035
0.062775
0.216477
0.0952206
0.356815
0.0940381
0.053856
0.292819
0.189197
0.638811
0.109557
0.181286
0.0888005
0.0717296
0.0867426
0.23051
0.180752
0.662
0.21196
0.662
0.193639
0.662
0.537715
0.130494
0.662
0.262936
0.403767
0.361099
0.260142
0.00530504
0.117555
0.607023
0.357807
0.099534
0.662
0.125792
0.22761
0.0532558
0.0338322
0.32073
0.315046
0.662
0.173737
0.662
0.187224
0.112023
0.0197206
0.46589
0.35997
0.446631
0.299966
0.431688
0.191562
0.453387
0.282651
0.200528
0.24835
0.384852
0.300442
0.212763
0.447702
0.329963
0.0806064
0.662
0.318416
0.23339
0.102875
0.148239
0.20385
0.342611
0.0528142
0.0655794
0.042018
0.238841
0.123615
0.34589
0.217158
0.0690104
0.302126
0.10246
0.577074
0.128899
0.214392
0.558257
0.193651
0.142218
0.138507
0.134707
0.0932828
0.0660481
0.196023
0.432752
0.398085
0.662
0.662
0.0460477
0.0423748
0.389454
0.0610193
0.440689
0.0495853
0.157971
0.16272
0.0532888
0.488573
0.374247
0.354949
0.662
0.172243
0.164249
0.0827658
0.0504134
0.198159
0.205757
0.282029
0.218539
0.662
0.137613
0.121998
0.152904
0.16599
0.32557
0.178499
0.662
0.387956
0.0225143
0.574062
0.109452
0.662
0.110237
0.370853
0.655112
0.0826371
0.101187
0.106458
0.413683
0.662
0.510798
0.380433
0.310907
0.156157
0.549601
0.0616834
0.518258
0.0836092
0.662
0.512857
0.619766
0.0783515
0.176529
0.0752695
0.0661671
0.285761
0.662
0.110061
0.0645347
0.662
0.0823799
0.187633
0.481424
0.343773
0.572557
0.114926
0.345721
0.400092
0.199
0.404082
0.142276
0.0518449
0.618895
0.401263
0.0843135
0.228741
0.243904
0.431185
0.625428
0.662
0.399719
0.0838717
0.163175
0.116048
0.0272352
0.280281
0.236151
0.662
0.152904
0.174639
0.0210156
0.0412903
0.533202
0.0690107
0.426668
0.33782
0.00588597
0.521691
0.112922
0.27358
0.629244
0.662
0.662
0.456945
0.0437349
0.662
0.434303
0.0837155
0.662
0.474981
0.393682
0.263435
0.662
0.0953361
0.373896
0.260362
0.662
0.0867074
0.101099
0.37904
0.227925
0.662
0.189124
0.289693
0.662
0.120551
0.289312
0.095887
0.369625
0.103452
0.662
0.0945794
0.0949366
0.452955
0.0982681
0.662
0.0730181
0.145859
0.156875
0.106593
0.279614
0.0935083
0.189613
0.277908
0.00111206
0.0670981
0.246439
0.0739557
0.342601
0.0855552
0.267431
0.429715
0.239548
0.00854529
0.481961
0.213549
0.662
0.628485
0.350938
0.13981
0.0672997
0.202461
0.447741
0.0350571
0.117014
0.219757
0.25751
0.0889052
0.316463
0.313762
0.138568
0.0672033
0.314895
0.662
0.662
0.485163
0.453277
0.283119
0.354463
0.0944403
0.201921
0.0409878
0.103821
0.133359
0.0557929
0.124015
0.0655159
0.098087
0.0103729
0.222056
0.662
0.45719
0.348866
0.0335735
0.000650235
0.0425855
0.381147
0.173288
0.501088
0.141021
0.164889
0.150008
0.0885197
0.0749257
0.662
0.515122
0.201568
0.013045
0.172571
0.146006
0.166695
0.176632
0.109482
0.355935
0.0518573
0.401247
0.136519
0.081047
0.236225
0.0621736
0.662
0.246255
0.286418
0.245234
0.115071
0.662
0.298908
0.114137
0.321927
0.43885
0.075312
0.176629
0.300616
0.662
0.564879
0.143798
0.180667
0.131953
0.293893
0.0814193
0.061132
0.587134
0.593728
0.097235
0.222962
0.662
0.0916503
0.369809
0.0996638
0.162598
0.662
0.150363
0.202324
0.289198
0.325182
0.0299993
0.123456
0.203314
0.199449
0.184476
0.583165
0.367305
0.0837319
0.662
0.373949
0.662
0.662
0.0439742
0.146584
0.0456527
0.0635257
0.638041
0.662
0.0887888
0.0173352
0.265744
0.379298
0.502341
0.0999577
0.662
0.101779
0.179256
0.124068
0.235446
0.0999042
0.0606699
0.638911
0.0878964
0.418067
0.048945
0.529517
0.231086
0.199944
0.153114
0.0215975
0.318619
0.379302
0.366214
0.146544
0.415942
0.0718785
0.298416
0.14357
0.177025
0.0965171
0.224718
0.157111
0.576408
0.0684695
0.172415
0.109842
0.341678
0.0457189
0.139994
0.202872
0.101736
0.662
0.428929
0.174313
0.662
0.075549
0.130579
0.538406
0.22544
0.0401936
0.0721305
0.546383
0.113529
0.27895
0.162509
0.662
0.16788
0.147776
0.227151
0.102486
0.147073
0.223825
0.304763
0.0822628
0.662
0.0672282
0.203498
0.139292
0.288019
0.450399
0.279084
0.108982
0.128096
0.432088
0.1443
0.501674
0.662
0.15618
0.427292
0.171581
0.125721
0.662
0.0869067
0.0797501
0.662
0.2095
0.662
0.662
0.098232
0.287304
0.00872406
0.240979
0.459408
0.442964
0.152643
0.662
0.662
0.15311
0.662
0.161981
0.662
0.0636817
0.22283
0.13799
0.0822713
0.0824601
0.50963
0.12126
0.384002
0.173655
0.139481
0.433144
0.250816
0.0558949
0.166515
0.186046
0.0802574
0.0797741
0.336012
0.42999
0.102763
0.344245
0.624086
0.239509
0.211321
0.10561
0.114905
0.00282142
0.234529
0.305623
0.0153453
0.156309
0.662
0.0709354
0.471328
0.175304
0.302649
0.559358
0.623628
0.0186619
0.066579
0.662
0.089215
0.395199
0.225315
0.412398
0.208539
0.150175
0.174158
0.365264
0.125446
0.0885045
0.379575
0.544175
0.362179
0.0292757
0.143628
0.0764758
0.662
0.222762
0.106921
0.134169
0.662
0.662
0.649818
0.185573
0.662
0.191111
0.444896
0.0903733
0.298726
0.257151
0.326344
0.662
0.208668
0.662
0.437624
0.0788295
0.0703371
0.10166
0.0705654
0.336335
0.379969
0.126176
0.135967
0.187571
0.662
0.261086
0.0818521
0.155074
0.0495618
0.117694
0.304909
0.483309
0.502601
0.218261
0.662
0.642649
0.212568
0.200968
0.0744952
0.157044
0.369632
0.100936
0.0147605
0.31055
0.0493195
0.662
0.662
0.155126
0.111695
0.0734968
0.196853
0.386734
0.12648
0.0804569
0.200688
0.116032
0.662
0.0904833
0.0573124
0.611333
0.0899532
0.178564
0.384514
0.0625332
0.314164
0.0528746
0.662
0.396708
0.186842
0.247125
0.595923
0.0640166
0.556864
0.258483
0.255369
0.0640169
0.0538105
0.0620135
0.31813
0.102503
0.662
0.269508
0.092176
0.256232
0.30976
0.152229
0.411369
0.244148
0.4543
0.662
0.479762
0.488186
0.0661838
0.289127
0.662
0.485328
0.397893
0.223564
0.108478
0.473643
0.434834
0.284187
0.662
0.065994
0.0558599
0.236798
0.49057
0.656896
0.173582
0.257682
0.0940771
0.368631
0.435924
0.435445
0.422376
0.348086
0.547138
0.220482
0.229972
0.206057
0.30021
0.124269
0.570721
0.129037
0.56636
0.13582
0.272462
0.662
0.0852669
0.482321
0.225651
0.0678782
0.118121
0.0339053
0.23574
0.662
0.00161105
0.292849
0.662
0.524202
0.426501
0.278853
0.198844
0.335059
0.076901
0.167514
0.662
0.311402
0.482407
0.662
0.139026
0.662
0.165801
0.662
0.662
0.569701
0.497156
0.109469
0.1985
0.0207986
0.0548879
0.256697
0.0776062
0.292132
0.662
0.0719077
0.299649
0.139788
0.645803
0.218817
0.417421
0.19514
0.262969
0.113396
0.15534
0.662
0.0491743
0.0397876
0.18885
0.210173
0.662
0.631921
0.662
0.503091
0.662
0.0822469
0.0779491
0.0818092
0.075439
0.195581
0.145671
0.0631386
0.0773462
0.267447
0.0927624
0.0520479
0.47306
0.511337
0.37289
0.0250326
0.445298
0.299808
0.439779
0.246939
0.0224854
0.56383
0.544479
0.12822
0.198227
0.166184
0.0714531
0.280595
0.195439
0.215782
0.166252
0.279834
0.662
0.358196
0.485219
0.154906
0.493825
0.0909416
0.0108215
0.053499
0.0998302
0.0458788
0.120595
0.202864
0.153565
0.0955452
0.343541
0.134982
0.0701052
0.105804
0.250768
0.127857
0.0656812
0.165749
0.0856718
0.0803941
0.0206374
0.229888
0.0202174
0.0352478
0.129124
0.0394865
0.293455
0.166453
0.384174
0.174254
0.158226
0.13519
0.082036
0.153323
0.472403
0.235701
0.42619
0.147954
0.0806578
0.243342
0.38495
0.194507
0.224508
0.134888
0.170685
0.0429238
0.187434
0.556236
0.446081
0.398996
0.0319872
0.0915905
0.267587
0.0295192
0.077255
0.154719
0.353756
0.151673
0.662
0.662
0.426719
0.164126
0.215915
0.406309
0.607085
0.107916
0.0408761
0.103397
0.145445
0.060605
0.405883
0.334297
0.662
0.513909
0.662
0.46789
0.20198
0.335112
0.138986
0.300701
0.228416
0.0445382
0.480575
0.105632
0.0608947
0.662
0.176991
0.00551135
0.662
0.459216
0.168442
0.0793406
0.0771366
0.203551
0.231708
0.0535256
0.209209
0.177162
0.662
0.0524085
0.00802683
0.289497
0.234491
0.316669
0.342115
0.243313
0.503032
0.204559
0.232136
0.191367
0.112154
0.662
0.0607263
0.662
0.333052
0.662
0.202318
0.439856
0.171125
0.092625
0.131669
0.48749
0.355003
0.21716
0.293928
0.251582
0.0784324
0.662
0.237329
0.390486
0.0620703
0.662
0.662
0.0550849
0.662
0.557829
0.325107
0.662
0.662
0.263428
0.305994
0.194394
0.328741
0.309744
0.217874
0.470833
0.557148
0.189597
0.361971
0.0539108
0.067037
0.10755
0.661076
0.29095
0.0718181
0.0720741
0.0809052
0.497513
0.26148
0.416034
0.0139833
0.253939
0.448093
0.0972742
0.662
0.1934
0.662
0.0678025
0.214661
0.662
0.0839708
0.075343
0.26694
0.662
0.0606095
0.662
0.662
0.173686
0.643925
0.662
0.250947
0.242904
0.662
0.662
0.468703
0.221525
0.252574
0.0564351
0.481756
0.00577952
0.11329
0.00399265
0.587632
0.416201
0.361232
0.212824
0.308796
0.242467
0.662
0.662
0.271217
0.225005
0.436375
0.146752
0.611779
0.356559
0.100348
0.194895
0.275044
0.144089
0.400186
0.176661
0.0641241
0.662
0.324095
0.00707168
0.0734128
0.258126
0.662
0.0772472
0.327458
0.262725
0.0350248
0.0759328
0.0359127
0.535084
0.236157
0.174827
0.119973
0.313296
0.324838
0.0985157
0.260808
0.222292
0.102611
0.489077
0.45532
0.512716
0.0959903
0.44749
0.662
0.0668143
0.384127
0.176546
0.662
0.0822819
0.315439
0.171931
0.0165562
0.114586
0.097985
0.310393
0.271102
0.630554
0.0592492
0.139833
0.242267
0.161884
0.662
0.246802
0.662
0.0983558
0.0835178
0.287927
0.662
0.00286496
0.285477
0.0555
0.261946
0.28454
0.152055
0.208294
0.408794
0.0306202
0.442344
0.203989
0.662
0.662
0.426532
0.0272757
0.0727098
0.662
0.08029
0.145269
0.0703987
0.159221
0.662
0.311562
0.210129
0.236859
0.149392
0.0858122
0.143629
0.283367
0.662
0.378331
0.225836
0.370326
0.00248485
0.0615221
0.367171
0.163499
0.0181988
0.325444
0.39067
0.110374
0.091238
0.348437
0.264839
0.256542
0.213875
0.173213
0.30326
0.233592
0.579777
0.372116
0.0760603
0.193126
0.487836
0.0658253
0.202249
0.460496
0.375031
0.0119443
0.0444895
0.184695
0.0684519
0.117699
0.167235
0.0577118
0.260316
0.046131
0.662
0.370513
0.290316
0.0416797
0.0625995
0.283025
0.155217
0.662
0.105734
0.3079
0.523558
0.108842
0.0432714
0.134826
0.0713604
0.321751
0.0390529
0.662
0.0893787
0.0497221
0.45698
0.091418
0.662
0.417391
0.653886
0.156466
0.101136
0.0556037
0.0713265
0.0523382
0.109371
0.662
0.0825705
0.235468
0.333978
0.112759
0.403389
0.0413814
0.314521
0.183652
0.248616
0.150175
0.0679386
0.551129
0.460883
0.333703
0.487146
0.41394
0.628789
0.465464
0.645521
0.100035
0.361854
0.662
0.335
0.0953966
0.0714779
0.261649
0.0573405
0.196333
0.107235
0.0386364
0.662
0.427297
0.0558372
0.0592326
0.114331
0.466177
0.165858
0.0409052
0.0896033
0.415383
0.0745029
0.168039
0.0754152
0.199624
0.182242
0.146612
0.0582756
0.458503
0.0663636
0.0811174
0.662
0.0530469
0.21558
0.220711
0.181848
0.0686161
0.224396
0.490825
0.193495
0.142862
0.111047
0.204321
0.361667
0.154882
0.170726
0.187346
0.0846693
0.0475792
0.304042
0.175886
0.361741
0.0344111
0.229824
0.284087
0.211763
0.0786689
0.662
0.308429
0.662
0.580817
0.303369
0.551533
0.327606
0.438078
0.118332
0.662
0.0726468
0.107085
0.406432
0.662
0.662
0.03981
0.26206
0.0730278
0.111531
0.0513569
0.404551
0.258118
0.122317
0.0791031
0.201325
0.0735471
0.374639
0.118123
0.300494
0.171545
0.123221
0.041936
0.178259
0.0228433
0.155893
0.223076
0.0844534
0.00531397
0.521431
0.410647
0.250518
0.196454
0.363549
0.178599
0.170572
0.0850403
0.131614
0.0682606
0.254777
0.443754
0.278778
0.18416
0.0951676
0.540974
0.301086
0.225273
0.662
0.134439
0.530789
0.08957
0.085171
0.137462
0.0992659
0.0626073
0.662
0.0980292
0.445251
0.244742
0.206426
0.289905
0.0882378
0.17039
0.306064
0.218157
0.58529
0.0510088
0.175635
0.129442
0.0681594
0.22898
0.18861
0.0400703
0.0758391
0.109452
0.469817
0.662
0.117978
0.346276
0.22813
0.323485
0.358648
0.303269
0.213704
0.115283
0.239893
0.228623
0.662
0.115784
0.167857
0.194533
0.0582566
0.408185
0.113684
0.117886
0.143436
0.662
0.147822
0.189853
0.350901
0.0256924
0.161634
0.121246
0.581542
0.183801
0.0568504
0.253809
0.662
0.662
0.662
0.130904
0.237845
0.204611
0.0658783
0.662
0.047229
0.41125
0.46422
0.641262
0.662
0.117886
0.107799
0.467687
0.179058
0.445019
0.460377
0.055753
0.198777
0.662
0.662
0.413053
0.165593
0.103408
0.237111
0.163461
0.0959644
0.104365
0.126352
0.124393
0.282068
0.0412005
0.155594
0.115602
0.482419
0.204029
0.662
0.111677
0.128403
0.119852
0.121543
0.322935
0.0832459
0.662
0.241907
0.267543
0.119963
0.286243
0.151017
0.230538
0.299666
0.417814
0.446046
0.15593
0.0887544
0.326613
0.448731
0.130645
0.314389
0.662
0.170039
0.0687138
0.499144
0.296254
0.187932
0.116654
0.133097
0.493088
0.437809
0.33407
0.662
0.662
0.628888
0.301502
0.134924
0.412134
0.28405
0.662
0.30897
0.177216
0.662
0.0627837
0.074705
0.348312
0.0580788
0.0799296
0.514289
0.0383737
0.0590412
0.514701
0.216725
0.388309
0.291862
0.123182
0.0986569
0.170079
0.51004
0.662
0.614362
0.534654
0.325917
0.588718
0.156851
0.640517
0.0928431
0.360239
0.029005
0.59065
0.0701655
0.653187
0.662
0.276638
0.231136
0.145717
0.0826705
0.0941476
0.662
0.123533
0.327894
0.338505
0.212719
0.479976
0.290423
0.454407
0.358276
0.195963
0.337854
0.315285
0.210498
0.15198
0.0353415
0.206776
0.270742
0.296216
0.482381
0.0734025
0.0587046
0.501182
0.220445
0.077701
0.0992528
0.189994
0.0397826
0.465614
0.148896
0.0248002
0.247942
0.109859
0.282468
0.0828934
0.263361
0.231337
0.291751
0.114011
0.411785
0.145051
0.0709148
0.158044
0.112983
0.153577
0.162855
0.133322
0.446822
0.458655
0.206745
0.0771377
0.0562088
0.335443
0.24529
0.151034
0.328402
0.118894
0.428367
0.450403
0.109799
0.142131
0.662
0.000744069
0.310491
0.143433
0.662
0.124033
0.662
0.505394
0.152227
0.0530074
0.0987395
0.662
0.216608
0.58366
0.30061
0.179017
0.0785888
0.212557
0.47549
0.204779
0.378994
0.112588
0.213062
0.109496
0.196372
0.0723379
0.260277
0.26444
0.181729
0.431833
0.662
0.12109
0.390342
0.662
0.0166235
0.662
0.150851
0.0563128
0.155206
0.466364
0.157285
0.303994
0.24052
0.0689078
0.378072
0.152153
0.162039
0.302507
0.116955
0.14012
0.0582488
0.112494
0.174098
0.260543
0.412494
0.244742
0.662
0.280328
0.060674
0.100679
0.0396425
0.516665
0.237149
0.386061
0.133805
0.197319
0.294387
0.5264
0.662
0.0590032
0.662
0.0624777
0.240241
0.00266678
0.314639
0.140224
0.1791
0.112234
0.647615
0.662
0.538165
0.662
0.268663
0.129501
0.0376856
0.165112
0.0850182
0.40769
0.384387
0.422285
0.662
0.0774321
0.245731
0.205405
0.0349633
0.109738
0.246782
0.353508
0.298187
0.493115
0.296643
0.0128151
0.0206863
0.130322
0.13621
0.450022
0.125219
0.394391
0.412689
0.541643
0.153801
0.377487
0.525614
0.530979
0.0277181
0.228679
0.405718
0.0583856
0.130774
0.208966
0.126221
0.309569
0.261119
0.506043
0.209663
0.662
0.0262193
0.132348
0.0145994
0.171062
0.105263
0.137177
0.274364
0.10059
0.469746
0.126252
0.192343
0.158143
0.0646994
0.513569
0.263445
0.251963
0.266048
0.0897192
0.544937
0.308771
0.143356
0.585937
0.111841
0.136948
0.397128
0.614899
0.113871
0.111011
0.0404939
0.0779411
0.377047
0.105871
0.188175
0.30572
0.0181606
0.13662
0.0433902
0.125327
0.662
0.0826358
0.662
0.255574
0.0811422
0.0833233
0.200981
0.278973
0.220182
0.0850727
0.248744
0.185108
0.0600096
0.17308
0.662
0.366595
0.662
0.140381
0.214667
0.0775297
0.662
0.399095
0.265017
0.26149
0.142906
0.143548
0.304708
0.207897
0.111715
0.140425
0.119006
0.173175
0.20625
0.6128
0.15395
0.0669726
0.0844301
0.264943
0.0782541
0.6545
0.187131
0.109404
0.643047
0.449163
0.101118
0.662
0.364035
0.106198
0.125562
0.0795791
0.412917
0.0555615
0.065394
0.446254
0.204983
0.0613645
0.298672
0.0769577
0.30707
0.0833075
0.193706
0.266273
0.153261
0.151656
0.0724211
0.662
0.0593533
0.352247
0.578654
0.430591
0.0400379
0.0159988
0.186492
0.0565726
0.431534
0.22625
0.184798
0.109013
0.153238
0.199641
0.140233
0.248444
0.462343
0.109353
0.00732357
0.242284
0.0400902
0.00898474
0.105257
0.159098
0.0922032
0.0713844
0.558538
0.662
0.0604998
0.113362
0.576628
0.580417
0.662
0.190787
0.154233
0.662
0.145999
0.0931254
0.279338
0.2095
0.357943
0.0694715
0.0825885
0.662
0.244597
0.184497
0.347971
0.100417
0.0654909
0.207306
0.0863168
0.0390527
0.662
0.0554676
0.291984
0.553344
0.213625
0.387659
0.0879579
0.336088
0.477822
0.0922229
0.0240518
0.180348
0.209617
0.119524
0.381692
0.159576
0.380762
0.662
0.0380943
0.0556507
0.558887
0.0661257
0.165884
0.109058
0.132834
0.336773
0.662
0.152763
0.0860048
0.29339
0.159377
0.162222
0.249905
0.0578773
0.662
0.558165
0.0725326
0.274918
0.222274
0.134228
0.26652
0.0579674
0.339946
0.0745885
0.133229
0.224996
0.568582
0.304069
0.0789128
0.638131
0.0593128
0.193843
0.316383
0.0497269
0.213282
0.130549
0.148363
0.409516
0.138263
0.118198
0.341008
0.188259
0.141237
0.334866
0.242316
0.130881
0.216201
0.662
0.201571
0.309442
0.369835
0.220327
0.512219
0.26252
0.221244
0.166503
0.080022
0.359709
0.317374
0.121317
0.662
0.0942641
0.0456968
0.527285
0.0677773
0.0763673
0.242017
0.403503
0.324611
0.286959
0.327121
0.475259
0.201164
0.114642
0.662
0.109917
0.662
0.270771
0.114638
0.105603
0.175373
0.234607
0.375664
0.350279
0.21252
0.241341
0.662
0.308307
0.662
0.585571
0.127802
0.121509
0.318795
0.0683987
0.319622
0.608483
0.662
0.103071
0.154367
0.112828
0.24765
0.179488
0.15852
0.114315
0.0510866
0.662
0.328042
0.116032
0.0403378
0.132718
0.0524078
0.118915
0.132974
0.292115
0.203732
0.0756868
0.0982023
0.120797
0.0678321
0.208912
0.620252
0.0123001
0.381572
0.295973
0.443206
0.462084
0.0695694
0.125189
0.0676554
0.0481893
0.0494916
0.100145
0.36858
0.0171935
0.165639
0.662
0.537703
0.114276
0.0336313
0.205487
0.508614
0.662
0.0933751
0.0752102
0.172756
0.451896
0.409608
0.156301
0.407783
0.213656
0.221035
0.595618
0.00521111
0.439542
0.000987744
0.0846775
0.662
0.0650806
0.662
0.236019
0.125688
0.662
0.662
0.109161
0.662
0.662
0.341914
0.0984979
0.662
0.103888
0.158461
0.454765
0.662
0.662
0.0746366
0.202475
0.662
0.0645763
0.0269178
0.351947
0.0780478
0.04872
0.0832983
0.573655
0.0977022
0.295299
0.234472
0.147618
0.260716
0.139603
0.0879527
0.662
0.0132296
0.228674
0.0993832
0.190257
0.260277
0.0629513
0.456829
0.421612
0.173212
0.225136
0.662
0.211903
0.0911098
0.401329
0.136085
0.216621
0.61168
0.333989
0.119504
0.0844928
0.154185
0.16494
0.21205
0.0982711
0.271285
0.662
0.315801
0.423382
0.662
0.0829976
0.103968
0.388078
0.191961
0.352079
0.530082
0.341802
0.654114
0.357088
0.662
0.662
0.235123
0.172704
0.30772
0.172286
0.13915
0.309163
0.0671342
0.479228
0.106355
0.0699121
0.371331
0.396135
0.0114433
0.180308
0.493448
0.662
0.106592
0.255296
0.589118
0.579722
0.186861
0.0719061
0.662
0.662
0.317783
0.374195
0.0701846
0.662
0.113505
0.57507
0.189686
0.220161
0.285854
0.0872463
0.120694
0.662
0.102906
0.101203
0.529746
0.611243
0.545032
0.119021
0.662
0.602784
0.0397399
0.156112
0.662
0.114109
0.229356
0.542508
0.184373
0.175197
0.0955339
0.387537
0.171564
0.186502
0.366133
0.232893
0.412871
0.370595
0.235164
0.593375
0.0631182
0.531441
0.064683
0.662
0.612811
0.662
0.662
0.356487
0.328734
0.162847
0.104509
0.662
0.360235
0.662
0.352008
0.0736289
0.662
0.319811
0.0737565
0.662
0.359704
0.662
0.200323
0.157333
0.662
0.17424
0.122281
0.658381
0.157551
0.33877
0.662
0.159306
0.169727
0.621392
0.057805
0.185536
0.0413597
0.640238
0.662
0.662
0.120425
0.134459
0.315729
0.662
0.358214
0.199226
0.20281
0.150247
0.0686613
0.256134
0.12411
0.204353
0.0976604
0.170892
0.063874
0.176128
0.662
0.199506
0.158636
0.0258067
0.260623
0.269543
0.449061
0.132929
0.307816
0.181084
0.0698245
0.27695
0.326931
0.581689
0.0379715
0.344309
0.0614631
0.383285
0.0736302
0.084768
0.0570714
0.662
0.109557
0.31713
0.00862122
0.276479
0.146691
0.226181
0.662
0.275298
0.0495573
0.662
0.431024
0.104834
0.641936
0.31661
0.476342
0.162853
0.42501
0.662
0.434082
0.123184
0.0973657
0.628983
0.0727349
0.199632
0.0993405
0.248493
0.212962
0.140062
0.0531179
0.140216
0.406813
0.365939
0.662
0.186518
0.20703
0.242996
0.0678489
0.228199
0.662
0.1129
0.16341
0.621562
0.0790813
0.526099
0.565748
0.662
0.086911
0.228242
0.662
0.162603
0.326627
0.269103
0.608277
0.287355
0.0301339
0.37898
0.19081
0.131502
0.264629
0.0529559
0.176463
0.0646936
0.108921
0.427803
0.164113
0.129292
0.215285
0.662
0.224669
0.365875
0.0926776
0.662
0.272713
0.0556483
0.201865
0.223466
0.186811
0.121711
0.0857239
