0.0681124
0.117324
0.213408
0.23372
0.27005
0.662
0.0647361
0.442924
0.527624
0.0826544
0.0735356
0.255781
0.279823
0.100699
0.011542
0.463693
0.0267453
0.25612
0.124798
0.274474
0.19923
0.0743804
0.160789
0.052883
0.218569
0.455632
0.598269
0.111712
0.263104
0.213708
0.354372
0.189041
0.280165
0.573772
0.0901925
0.0581782
0.0630355
0.339593
0.289597
0.389935
0.662
0.442924
0.209364
0.0213534
0.213348
0.662
0.120967
0.423627
0.144233
0.215796
0.105488
0.662
0.0583648
0.632067
0.504549
0.506479
0.177802
0.00670051
0.135476
0.0721444
0.106123
0.113137
0.137841
0.632539
0.471707
0.162965
0.152765
0.122149
0.0762138
0.311645
0.146622
0.256786
0.662
0.0711472
0.662
0.277349
0.148218
0.460198
0.408821
0.185806
0.14076
0.0959085
0.313919
0.384329
0.182342
0.466093
0.127625
0.174124
0.10587
0.148288
0.212288
0.1543
0.21758
0.319257
0.662
0.239412
0.272041
0.0833281
0.0827235
0.441992
0.00731674
0.20308
0.0216889
0.193459
0.170486
0.0530898
0.662
0.255069
0.141226
0.564807
0.154265
0.56591
0.182931
0.251952
0.227013
0.454905
0.278512
0.416986
0.0611179
0.104017
0.108415
0.233196
0.191076
0.394823
0.168216
0.187124
0.180476
0.616501
0.662
0.114697
0.633775
0.420733
0.181858
0.240977
0.0472826
0.516848
0.36598
0.472431
0.179586
0.662
0.259819
0.178111
0.282321
0.249566
0.517115
0.541768
0.108958
0.165528
0.548635
0.237253
0.0830032
0.190665
0.364391
0.389743
0.0657822
0.147541
0.662
0.662
0.0317413
0.66022
0.457668
0.233734
0.0527226
0.583104
0.625814
0.567486
0.44578
0.0494027
0.190661
0.261679
0.192279
0.127286
0.644192
0.24034
0.662
0.266073
0.662
0.411891
0.0495455
0.584291
0.0910447
0.241305
0.662
0.133641
0.337641
0.488242
0.604421
0.415335
0.28111
0.657701
0.169759
0.131724
0.662
0.17217
0.43211
0.335837
0.662
0.634854
0.131271
0.0290985
0.187622
0.315777
0.32696
0.153817
0.308552
0.418057
0.167904
0.490364
0.203957
0.173068
0.0613999
0.0126906
0.0909789
0.662
0.662
0.305373
0.354418
0.079195
0.0928009
0.458974
0.261415
0.662
0.140696
0.662
0.319451
0.559278
0.0643092
0.214131
0.0957437
0.156357
0.142111
0.426071
0.0538782
0.662
0.0705218
0.328638
0.662
0.188214
0.0355575
0.596723
0.486005
0.242244
0.62802
0.182825
0.13329
0.662
0.388997
0.662
0.0415483
0.662
0.0109692
0.276289
0.416339
0.533605
0.0874657
0.124126
0.479974
0.395579
0.222309
0.136438
0.331919
0.0900588
0.10703
0.242939
0.211751
0.662
0.393163
0.162003
0.166223
0.111178
0.215483
0.662
0.50168
0.119042
0.174434
0.199551
0.183056
0.112077
0.154083
0.178156
0.662
0.387818
0.122243
0.180141
0.662
0.0662018
0.0753437
0.270662
0.101317
0.251196
0.203438
0.022254
0.0171851
0.223672
0.0345584
0.0630191
0.119628
0.258
0.0801794
0.0162051
0.235002
0.351054
0.662
0.0548876
0.621373
0.168913
0.0895931
0.29121
0.262512
0.305037
0.486339
0.089435
0.180768
0.102461
0.592891
0.232615
0.297812
0.287302
0.159677
0.233548
0.0838624
0.057748
0.0825969
0.0484705
0.343346
0.0766123
0.252204
0.631145
0.0445662
0.253356
0.0230172
0.662
0.293212
0.662
0.14514
0.27292
0.0155651
0.337884
0.662
0.18687
0.662
0.0326335
0.34656
0.0209213
0.662
0.274144
0.32556
0.38118
0.149234
0.0788424
0.662
0.188292
0.184784
0.386144
0.150215
0.0167894
0.0997297
0.124341
0.228076
0.459291
0.173043
0.393482
0.103544
0.443855
0.0847585
0.225857
0.127083
0.103027
0.343301
0.309235
0.232896
0.0452018
0.0653035
0.462029
0.344155
0.363309
0.433393
0.261101
0.0438125
0.0878027
0.368875
0.176881
0.0126677
0.454004
0.392905
0.0840122
0.595468
0.0764589
0.118571
0.297094
0.644955
0.327113
0.162858
0.662
0.136384
0.5048
0.223941
0.662
0.52433
0.20447
0.441898
0.153108
0.0994709
0.0426775
0.549713
0.290537
0.662
0.193446
0.101453
0.662
0.058576
0.34516
0.188592
0.142781
0.061038
0.0897255
0.272502
0.511223
0.593711
0.284395
0.0117403
0.244085
0.124103
0.397307
0.351242
0.113226
0.0776478
0.343303
0.077739
0.262667
0.128043
0.409365
0.0930968
0.631761
0.127231
0.0530344
0.170458
0.136816
0.160243
0.411861
0.662
0.0694494
0.347863
0.519857
0.125362
0.0871689
0.329936
0.483788
0.201423
0.464751
0.0167474
0.102983
0.446761
0.0297029
0.184304
0.662
0.142439
0.105782
0.0733733
0.0203288
0.173092
0.092877
0.524498
0.104268
0.662
0.231914
0.139751
0.07033
0.117289
0.0600732
0.33566
0.554066
0.182585
0.225432
0.106058
0.28244
0.0896543
0.0180371
0.249848
0.165003
0.321731
0.250543
0.563842
0.0710912
0.223417
0.536569
0.656195
0.662
0.300661
0.0713533
0.662
0.0668356
0.25806
0.434315
0.305591
0.358712
0.178335
0.399703
0.0560108
0.628091
0.13269
0.200255
0.141854
0.465946
0.336609
0.258792
0.129928
0.662
0.218639
0.0706663
0.200241
0.275977
0.0956652
0.540728
0.34774
0.0609645
0.309955
0.526553
0.15816
0.135956
0.608504
0.662
0.460256
0.662
0.336073
0.563917
0.0685262
0.103939
0.0832193
0.645342
0.587171
0.164171
0.13327
0.409358
0.126219
0.0513942
0.662
0.157512
0.0188857
0.186744
0.191899
0.0734594
0.376052
0.0396231
0.662
0.359541
0.170978
0.500086
0.211875
0.586956
0.445124
0.0982209
0.104424
0.160597
0.173065
0.193926
0.130329
0.16015
0.420967
0.655146
0.0753498
0.662
0.166718
0.662
0.114927
0.161697
0.133805
0.0877386
0.317007
0.0110448
0.250636
0.26606
0.288383
0.584585
0.140264
0.441356
0.662
0.662
0.328108
0.262084
0.382196
0.514493
0.331615
0.115434
0.106068
0.274419
0.213585
0.0831876
0.266609
0.10035
0.0620824
0.0937277
0.0577035
0.0677993
0.4106
0.0276233
0.244255
0.48249
0.191289
0.04801
0.662
0.07724
0.049974
0.1176
0.0554222
0.29255
0.143247
0.44143
0.156527
0.391908
0.190581
0.0979486
0.203761
0.0950982
0.2915
0.10107
0.470264
0.199957
0.49325
0.13205
0.154832
0.0169041
0.0869018
0.428513
0.113491
0.400195
0.662
0.1934
0.0734996
0.139059
0.15866
0.158554
0.34217
0.234672
0.185229
0.111668
0.125003
0.376478
0.335264
0.313084
0.325297
0.343936
0.621209
0.335965
0.108954
0.149071
0.149339
0.0617985
0.477455
0.0994898
0.662
0.166829
0.486834
0.0575432
0.143253
0.175154
0.399114
0.448623
0.142464
0.395119
0.420537
0.18908
0.225598
0.170339
0.0396541
0.300778
0.26994
0.662
0.287799
0.242891
0.0231413
0.1476
0.0127053
0.0484619
0.625646
0.325659
0.478521
0.139685
0.25268
0.141972
0.111468
0.662
0.0685957
0.342158
0.25258
0.662
0.0992168
0.134269
0.174666
0.253166
0.122348
0.371375
0.208457
0.068965
0.181089
0.198621
0.11743
0.140481
0.377952
0.0593994
0.216502
0.662
0.181723
0.662
0.286371
0.0827243
0.0102819
0.207105
0.10111
0.662
0.162903
0.662
0.178375
0.662
0.340705
0.102827
0.662
0.156797
0.103687
0.22115
0.344643
0.160478
0.554206
0.23442
0.057396
0.0439118
0.216656
0.0870023
0.164908
0.181921
0.078778
0.446328
0.629685
0.248427
0.579996
0.0417251
0.405645
0.102694
0.599194
0.233564
0.662
0.662
0.177444
0.217611
0.314696
0.323126
0.115868
0.469585
0.150154
0.325631
0.180679
0.0968831
0.405774
0.076094
0.298724
0.40074
0.467495
0.156403
0.662
0.641783
0.558622
0.256618
0.0639126
0.0463448
0.617138
0.266595
0.12471
0.103116
0.662
0.300238
0.173289
0.138757
0.210459
0.471341
0.504721
0.0602374
0.119007
0.256687
0.507189
0.0157686
0.379456
0.114644
0.126912
0.132115
0.416155
0.587183
0.367222
0.354037
0.288323
0.0523199
0.16778
0.149251
0.0527382
0.662
0.0726543
0.111007
0.388531
0.0997207
0.19271
0.0441532
0.2739
0.252962
0.225818
0.154962
0.418286
0.138678
0.105505
0.0696105
0.106294
0.425124
0.0736445
0.662
0.662
0.231665
0.508695
0.662
0.662
0.246153
0.0971365
0.142269
0.662
0.0507053
0.662
0.215984
0.1779
0.404148
0.226838
0.0724168
0.276014
0.150804
0.0984226
0.332926
0.625537
0.232419
0.0965145
0.518973
0.029615
0.343657
0.413636
0.388675
0.662
0.3222
0.662
0.133661
0.0708408
0.280624
0.259277
0.0288668
0.0770052
0.189049
0.358281
0.151966
0.21997
0.240565
0.150864
0.186681
0.176625
0.140943
0.0726297
0.662
0.191956
0.243976
0.259216
0.195628
0.10385
0.485644
0.480459
0.582928
0.213074
0.160535
0.0346182
0.264204
0.0743163
0.662
0.151003
0.210445
0.0741052
0.616978
0.170955
0.110992
0.16769
0.662
0.0593955
0.201507
0.662
0.104605
0.414409
0.0622842
0.146684
0.269315
0.28376
0.499481
0.662
0.21068
0.12765
0.109258
0.040555
0.48209
0.662
0.398649
0.362569
0.316489
0.0528451
0.0667176
0.0414649
0.0524519
0.593111
0.400284
0.169579
0.0679318
0.0661415
0.240906
0.662
0.0525294
0.0618011
0.0658425
0.392165
0.662
0.469595
0.219313
0.20529
0.159859
0.283182
0.662
0.0125245
0.425297
0.086273
0.0874626
0.0489957
0.070613
0.448206
0.570763
0.662
0.117013
0.100756
0.647554
0.395839
0.0128895
0.0681463
0.0620591
0.145077
0.662
0.268903
0.662
0.0495403
0.662
0.139993
0.240011
0.227957
0.293786
0.662
0.342159
0.101293
0.440989
0.662
0.0768691
0.212733
0.221646
0.528765
0.662
0.141101
0.00938935
0.116391
0.300378
0.0990441
0.125141
0.116615
0.374145
0.540491
0.256456
0.612678
0.20574
0.0518188
0.171512
0.0997155
0.662
0.234283
0.214693
0.612878
0.0349001
0.144186
0.335874
0.0159658
0.358357
0.0672212
0.277882
0.662
0.192673
0.0573644
0.164826
0.35461
0.159047
0.0425839
0.662
0.662
0.153997
0.204234
0.370935
0.50081
0.195586
0.0818652
0.55852
0.299951
0.662
0.48593
0.0105371
0.288082
0.47861
0.207969
0.456168
0.430113
0.011775
0.246339
0.0902872
0.424034
0.507288
0.138501
0.0949865
0.26092
0.319026
0.169353
0.0745041
0.111183
0.251316
0.220405
0.0526831
0.426842
0.0782634
0.0684098
0.662
0.0880195
0.173109
0.389924
0.522964
0.357572
0.118014
0.158148
0.121758
0.269707
0.662
0.127583
0.397792
0.168957
0.239647
0.146044
0.120815
0.0749612
0.21209
0.479281
0.655116
0.567357
0.0895619
0.662
0.357446
0.0867211
0.420768
0.0981246
0.0632549
0.130942
0.529931
0.404082
0.639347
0.0554766
0.126774
0.0706367
0.466439
0.437597
0.0865124
0.052913
0.0863845
0.085903
0.353805
0.0664054
0.662
0.25935
0.357412
0.293798
0.611102
0.662
0.372513
0.362303
0.0649327
0.662
0.662
0.185173
0.118763
0.207555
0.662
0.236916
0.475062
0.0448926
0.662
0.448792
0.375113
0.106656
0.0689778
0.140007
0.662
0.265965
0.218146
0.0573693
0.384488
0.174024
0.279414
0.21462
0.662
0.662
0.429277
0.211807
0.044124
0.189163
0.0806301
0.0880125
0.0342702
0.636795
0.103183
0.242158
0.0997856
0.207534
0.600129
0.625919
0.253443
0.12579
0.360598
0.122343
0.539681
0.25271
0.136713
0.0203017
0.285244
0.643915
0.318042
0.239647
0.183702
0.0155176
0.219867
0.0584707
0.149297
0.662
0.124219
0.0930323
0.0144011
0.071438
0.236679
0.662
0.0612722
0.550486
0.60155
0.353223
0.53592
0.20014
0.199371
0.0869612
0.401953
0.283795
0.0847021
0.512822
0.121893
0.448089
0.472585
0.415551
0.0966554
0.174296
0.139057
0.263608
0.283817
0.336797
0.662
0.170858
0.605016
0.131783
0.191309
0.559881
0.113459
0.459796
0.350852
0.662
0.0974941
0.441058
0.205707
0.172657
0.210125
0.0777911
0.283452
0.662
0.0730118
0.306074
0.223463
0.176688
0.349731
0.153957
0.662
0.391341
0.107989
0.662
0.0619462
0.339312
0.0960755
0.152027
0.16128
0.662
0.242713
0.207136
0.662
0.315813
0.186587
0.0427672
0.0638753
0.662
0.165104
0.278589
0.361651
0.40713
0.662
0.662
0.634431
0.649174
0.503426
0.00891233
0.0793516
0.0767872
0.134403
0.176541
0.216768
0.00866404
0.107815
0.285545
0.607432
0.159018
0.254214
0.0489223
0.149933
0.662
0.597869
0.0730405
0.243454
0.509012
0.240216
0.662
0.662
0.662
0.662
0.160633
0.221066
0.662
0.0978337
0.0677203
0.662
0.324362
0.231293
0.505245
0.662
0.19596
0.0362752
0.113362
0.376556
0.0368571
0.122032
0.662
0.382781
0.559787
0.201247
0.569758
0.230639
0.117374
0.120841
0.136488
0.662
0.662
0.491422
0.247901
0.662
0.122413
0.280259
0.662
0.213147
0.162003
0.0619509
0.203754
0.10099
0.483705
0.0877286
0.304451
0.312519
0.200979
0.466332
0.270897
0.14887
0.132805
0.050461
0.185963
0.252074
0.171405
0.467547
0.60709
0.573699
0.136487
0.142988
0.467005
0.193905
0.662
0.586757
0.0731559
0.395261
0.198078
0.343612
0.222429
0.360646
0.256093
0.100145
0.150005
0.139603
0.185645
0.0662688
0.185505
