0.662
0.595228
0.0359647
0.662
0.662
0.0116751
0.662
0.198383
0.10937
0.535673
0.300194
0.662
0.100358
0.422307
0.181045
0.662
0.227593
0.0453348
0.581536
0.408656
0.44454
0.131332
0.0204433
0.662
0.485467
0.662
0.494091
0.662
0.222608
0.152567
0.662
0.12406
0.662
0.223121
0.510822
0.383501
0.063567
0.541959
0.423418
0.662
0.359589
0.662
0.326686
0.662
0.662
0.514815
0.662
0.384221
0.662
0.477498
0.662
0.662
0.662
0.121638
0.01394
0.231811
0.296454
0.0619843
0.662
0.024791
0.662
0.258757
0.472591
0.662
0.0609919
0.144046
0.438739
0.524105
0.662
0.653095
0.0104759
0.662
0.149067
0.662
0.662
0.403235
0.662
0.662
0.662
0.410634
0.212246
0.014897
0.662
0.662
0.0776284
0.662
0.114088
0.662
0.189391
0.662
0.662
0.260525
0.177408
0.662
0.373198
0.0171085
0.0585778
0.401575
0.355237
0.144744
0.444703
0.662
0.662
0.662
0.662
0.662
0.566604
0.3887
0.00992144
0.13109
0.227172
0.190745
0.151104
0.0887273
0.223291
0.662
0.116398
0.662
0.235652
0.263535
0.189141
0.0184817
0.662
0.0766448
0.0806697
0.179053
0.1112
0.645857
0.662
0.323748
0.132556
0.243481
0.559981
0.55411
0.499554
0.645596
0.662
0.462508
0.662
0.0912094
0.297704
0.0959367
0.225142
0.662
0.411023
0.205396
0.27183
0.246364
0.0358172
0.399581
0.662
0.662
0.662
0.303291
0.662
0.662
0.662
0.662
0.0870006
0.662
0.132161
0.320209
0.275845
0.662
0.232798
0.616149
0.203373
0.662
0.592214
0.491547
0.18846
0.0909023
0.190309
0.433987
0.662
0.203649
0.154937
0.36301
0.0934937
0.662
0.444998
0.302138
0.0938854
0.662
0.176786
0.334245
0.0899897
0.662
0.146922
0.124095
0.612104
0.662
0.662
0.117701
0.285035
0.191346
0.153481
0.332315
0.592459
0.662
0.371692
0.635458
0.27897
0.252332
0.332792
0.452978
0.662
0.488828
0.662
0.191227
0.662
0.545695
0.253141
0.212667
0.0466674
0.222441
0.662
0.21751
0.415802
0.129473
0.221689
0.404248
0.662
0.391252
0.421868
0.082384
0.316971
0.39621
0.590991
0.199325
0.662
0.0258203
0.439039
0.662
0.222576
0.0764414
0.637111
0.29442
0.662
0.662
0.315014
0.662
0.307001
0.662
0.491965
0.662
0.662
0.153535
0.662
0.433517
0.429503
0.056682
0.183554
0.155853
0.662
0.662
0.662
0.521377
0.240735
0.076351
0.227978
0.662
0.662
0.564262
0.573688
0.167847
0.394891
0.662
0.287098
0.10485
0.110467
0.662
0.228833
0.340099
0.662
0.397299
0.492395
0.185276
0.662
0.171032
0.09996
0.662
0.264254
0.191982
0.406332
0.662
0.662
0.50072
0.538149
0.124604
0.224539
0.662
0.662
0.127965
0.139029
0.662
0.662
0.275575
0.220474
0.662
0.0555609
0.38132
0.215576
0.232657
0.189784
0.662
0.662
0.257712
0.0674971
0.386769
0.345203
0.662
0.441598
0.0107831
0.662
0.448315
0.384764
0.662
0.288225
0.247201
0.208292
0.463424
0.231834
0.220301
0.662
0.662
0.0852235
0.0581388
0.47497
0.364675
0.101314
0.272138
0.483271
0.662
0.08276
0.662
0.278225
0.662
0.358919
0.117907
0.0301976
0.352324
0.0486766
0.0763232
0.188958
0.445797
0.157875
0.27968
0.263961
0.662
0.343991
0.662
0.0224461
0.203183
0.403656
0.267557
0.662
0.662
0.662
0.175946
0.0108588
0.662
0.0371172
0.0712707
0.662
0.0196959
0.662
0.268426
0.241247
0.662
0.133755
0.343067
0.290713
0.231685
0.253673
0.233269
0.251778
0.322834
0.662
0.662
0.662
0.185563
0.662
0.662
0.662
0.467982
0.0298118
0.495822
0.461575
0.13605
0.476508
0.662
0.377544
0.332381
0.252377
0.207545
0.376581
0.662
0.336204
0.357734
0.188347
0.662
0.0235853
0.662
0.626417
0.662
0.0814725
0.3821
0.175585
0.406235
0.175495
0.381687
0.205713
0.04023
0.31758
0.0929113
0.268814
0.508917
0.662
0.452203
0.662
0.662
0.0780369
0.234554
0.662
0.138078
0.109977
0.273686
0.662
0.662
0.294106
0.662
0.0244787
0.662
0.662
0.662
0.662
0.662
0.251165
0.286247
0.662
0.660676
0.432953
0.207297
0.281663
0.318777
0.662
0.662
0.662
0.662
0.191911
0.321804
0.359022
0.662
0.662
0.662
0.662
0.507072
0.388859
0.179351
0.377908
0.279246
0.662
0.308274
0.0852053
0.662
0.22714
0.209221
0.0917982
0.252464
0.662
0.662
0.662
0.662
0.662
0.212549
0.11299
0.0353478
0.532564
0.445278
0.662
0.188031
0.284577
0.480506
0.240307
0.505169
0.38201
0.662
0.662
0.352082
0.662
0.289884
0.662
0.0907666
0.662
0.231583
0.662
0.315141
0.618024
0.0676872
0.0805946
0.662
0.194139
0.662
0.523679
0.256745
0.312845
0.615789
0.662
0.662
0.541714
0.424846
0.205226
0.19936
0.600745
0.259602
0.181527
0.662
0.662
0.372626
0.207035
0.662
0.247134
0.662
0.662
0.662
0.120416
0.662
0.19574
0.662
0.285416
0.441969
0.662
0.662
0.0983172
0.662
0.365801
0.406847
0.370348
0.578626
0.266748
0.435948
0.662
0.411156
0.293386
0.264371
0.286305
0.662
0.662
0.119709
0.203636
0.261145
0.0156555
0.662
0.662
0.00700164
0.662
0.46106
0.590782
0.25638
0.477959
0.433134
0.662
0.662
0.241468
0.662
0.207256
0.662
0.114743
0.0894776
0.0842699
0.662
0.613611
0.423407
0.327513
0.161906
0.662
0.288242
0.662
0.662
0.112178
0.662
0.662
0.662
0.662
0.520053
0.214722
0.662
0.662
0.312392
0.150557
0.662
0.189242
0.662
0.128415
0.567778
0.662
0.662
0.43511
0.390382
0.662
0.662
0.662
0.384088
0.662
0.662
0.662
0.592809
0.388861
0.16318
0.167675
0.0494795
0.662
0.271241
0.0969157
0.426912
0.662
0.662
0.628428
0.444874
0.0143967
0.662
0.662
0.0530366
0.248261
0.662
0.133872
0.388206
0.153058
0.454077
0.662
0.662
0.351264
0.25945
0.662
0.34957
0.662
0.344383
0.662
0.662
0.57914
0.635926
0.455256
0.427533
0.27613
0.262136
0.662
0.24275
0.662
0.104813
0.20442
0.662
0.194165
0.662
0.396652
0.662
0.195367
0.662
0.662
0.261557
0.325207
0.662
0.662
0.090635
0.194355
0.412561
0.401395
0.662
0.662
0.447337
0.240374
0.46306
0.0480882
0.200508
0.662
0.662
0.17839
0.662
0.662
0.410605
0.472225
0.647178
0.107175
0.477076
0.109033
0.332015
0.599279
0.662
0.0683044
0.0455225
0.609648
0.0354377
0.633694
0.481913
0.662
0.310116
0.122371
0.330494
0.662
0.580097
0.220473
0.662
0.662
0.141472
0.237726
0.365594
0.662
0.39314
0.205927
0.191849
0.01016
0.111506
0.498907
0.662
0.662
0.21236
0.574874
0.455008
0.398206
0.662
0.252317
0.586246
0.456652
0.662
0.662
0.662
0.662
0.430531
0.662
0.216931
0.662
0.562683
0.386986
0.418996
0.662
0.420431
0.13296
0.0763844
0.0273256
0.204436
0.662
0.356927
0.357073
0.662
0.38419
0.662
0.662
0.0851153
0.171964
0.646801
0.662
0.43354
0.283168
0.272551
0.0728316
0.0911669
0.662
0.662
0.165959
0.0271854
0.606762
0.662
0.0433273
0.373405
0.444035
0.662
0.662
0.0421419
0.432687
0.200807
0.379303
0.149479
0.161011
0.662
0.662
0.0758424
0.49357
0.662
0.270052
0.151321
0.429511
0.662
0.662
0.282933
0.297811
0.199925
0.662
0.190552
0.24618
0.662
0.0837286
0.430962
0.309911
0.220499
0.53618
0.00791753
0.662
0.181273
0.0758512
0.0937137
0.662
0.0954643
0.466215
0.0431882
0.275486
0.662
0.0243464
0.55659
0.32962
0.369303
0.287846
0.329834
0.511527
0.662
0.226806
0.0407494
0.662
0.662
0.455286
0.0302959
0.589104
0.662
0.5707
0.333517
0.662
0.662
0.524583
0.548933
0.662
0.31468
0.199055
0.117982
0.662
0.224527
0.346963
0.109318
0.662
0.103486
0.148858
0.208475
0.635534
0.662
0.218398
0.662
0.052834
0.0111429
0.662
0.12675
0.662
0.338091
0.494514
0.352259
0.662
0.20847
0.368343
0.157103
0.130362
0.258639
0.326983
0.469774
0.662
0.0933821
0.662
0.460762
0.249691
0.15638
0.662
0.469785
0.662
0.0470665
0.662
0.536528
0.421458
0.439187
0.173621
0.188916
0.230993
0.0204893
0.202785
0.144489
0.188207
0.134146
0.662
0.17593
0.455152
0.662
0.0030205
0.0807921
0.46314
0.49034
0.358997
0.662
0.662
0.662
0.0271323
0.030139
0.374927
0.662
0.436634
0.370732
0.437581
0.662
0.662
0.391207
0.638982
0.576161
0.313192
0.419439
0.116212
0.662
0.662
0.22415
0.662
0.597115
0.3578
0.662
0.17522
0.250509
0.337522
0.662
0.245927
0.466305
0.189497
0.662
0.507914
0.424858
0.662
0.154805
0.662
0.0809403
0.662
0.0242819
0.355766
0.662
0.1934
0.154215
0.081358
0.28987
0.337294
0.662
0.647789
0.662
0.499738
0.326438
0.662
0.662
0.425158
0.313084
0.190474
0.199732
0.514283
0.662
0.662
0.139991
0.662
0.662
0.610734
0.309612
0.662
0.113087
0.188298
0.403858
0.493498
0.442516
0.236764
0.00869079
0.662
0.662
0.0454625
0.531633
0.662
0.0784692
0.165658
0.352645
0.662
0.404949
0.662
0.662
0.662
0.662
0.553044
0.0828058
0.22673
0.662
0.662
0.385262
0.101996
0.454643
0.662
0.239559
0.662
0.106069
0.124244
0.21675
0.0727461
0.662
0.192756
0.662
0.179453
0.176664
0.0199421
0.393743
0.662
0.662
0.593161
0.662
0.350972
0.662
0.662
0.662
0.662
0.0655629
0.662
0.140112
0.662
0.247852
0.662
0.662
0.187556
0.0405518
0.0618175
0.581873
0.588778
0.277097
0.352093
0.472018
0.15806
0.191958
0.662
0.662
0.396701
0.662
0.169652
0.0122124
0.134548
0.261089
0.25527
0.210713
0.161321
0.416246
0.185533
0.136013
0.662
0.662
0.662
0.662
0.162636
0.662
0.662
0.233175
0.364673
0.465612
0.161631
0.184987
0.662
0.395545
0.0841714
0.662
0.187601
0.0349736
0.156963
0.662
0.662
0.662
0.662
0.476482
0.662
0.135092
0.662
0.141938
0.371163
0.0829513
0.0328373
0.12343
0.415483
0.108051
0.131443
0.662
0.662
0.662
0.3134
0.662
0.280164
0.626302
0.662
0.0947742
0.662
0.18824
0.662
0.440008
0.243337
0.662
0.662
0.439255
0.300844
0.41109
0.0687179
0.662
0.503032
0.662
0.16747
0.662
0.662
0.347799
0.181987
0.239957
0.662
0.557052
0.662
0.662
0.589085
0.11713
0.556221
0.662
0.662
0.625996
0.662
0.00873532
0.570079
0.106115
0.662
0.0363685
0.266456
0.476283
0.43626
0.600321
0.41304
0.460365
0.662
0.633694
0.425073
0.197112
0.099756
0.251391
0.429629
0.662
0.026681
0.662
0.207466
0.0391509
0.662
0.0971533
0.662
0.662
0.500317
0.498882
0.186869
0.128961
0.589194
0.0485083
0.413951
0.398854
0.662
0.27315
0.351853
0.16079
0.642606
0.38601
0.662
0.252217
0.128062
0.662
0.058761
0.207858
0.467626
0.171674
0.589868
0.547348
0.662
0.361212
0.376219
0.662
0.238329
0.662
0.662
0.314938
0.662
0.0850102
0.333445
0.662
0.662
0.188261
0.662
0.662
0.455723
0.608973
0.409871
0.165751
0.223483
0.190741
0.0374936
0.460566
0.14655
0.36209
0.463243
0.151983
0.238153
0.662
0.301698
0.336507
0.662
0.662
0.470506
0.662
0.124465
0.662
0.203274
0.507964
0.200937
0.204169
0.575804
0.103071
0.194649
0.662
0.620576
0.229647
0.662
0.331331
0.178658
0.176093
0.430053
0.212297
0.0326696
0.370236
0.540864
0.126494
0.0837634
0.662
0.662
0.662
0.363081
0.662
0.662
0.350578
0.234657
0.246717
0.662
0.201362
0.0826436
0.0256086
0.662
0.0353185
0.189798
0.662
0.464815
0.662
0.226329
0.662
0.199418
0.218467
0.662
0.662
0.223656
0.662
0.662
0.544134
0.662
