0.233283
0.314587
0.137981
0.258411
0.311978
0.0396147
0.487166
0.145262
0.188009
0.0590522
0.151634
0.322273
0.206312
0.106642
0.220699
0.600674
0.0104313
0.275136
0.311938
0.247583
0.662
0.155879
0.532622
0.45652
0.0632608
0.418043
0.159101
0.0184768
0.0934109
0.0563645
0.55285
0.453329
0.662
0.244628
0.638751
0.329356
0.051675
0.199134
0.472591
0.0373651
0.260871
0.101251
0.382991
0.572658
0.662
0.194466
0.523474
0.195786
0.0672744
0.131521
0.25366
0.0895071
0.27317
0.662
0.204029
0.359417
0.359461
0.662
0.206433
0.244008
0.444517
0.118818
0.177456
0.259685
0.174239
0.662
0.175724
0.0174024
0.587912
0.536582
0.108865
0.110698
0.393214
0.569161
0.522625
0.628063
0.631341
0.198983
0.071496
0.197636
0.065213
0.662
0.118043
0.219975
0.111917
0.220069
0.380622
0.662
0.551167
0.259378
0.662
0.093706
0.278827
0.137101
0.536985
0.662
0.571575
0.508834
0.0832328
0.0459759
0.662
0.179689
0.32845
0.414538
0.193686
0.173231
0.398741
0.37431
0.161491
0.370376
0.135265
0.142319
0.151035
0.662
0.152383
0.0918209
0.267942
0.662
0.166335
0.573714
0.198171
0.0630383
0.088687
0.0134695
0.536653
0.0393293
0.105123
0.0328073
0.583941
0.558136
0.662
0.177828
0.662
0.276293
0.00513191
0.203033
0.155864
0.581343
0.662
0.399805
0.220949
0.291532
0.245549
0.622887
0.137342
0.333224
0.0705356
0.236418
0.243428
0.662
0.05349
0.558513
0.0822911
0.0591547
0.171773
0.117986
0.163912
0.662
0.0592537
0.367047
0.193121
0.299929
0.408287
0.0428247
0.0762742
0.414423
0.405553
0.207507
0.139224
0.0209814
0.662
0.157723
0.662
0.249103
0.662
0.653207
0.602054
0.352618
0.0877553
0.535556
0.144408
0.354675
0.252232
0.056098
0.201878
0.106917
0.662
0.496424
0.662
0.106921
0.193734
0.404465
0.316157
0.177935
0.283114
0.662
0.111516
0.0655401
0.275899
0.359042
0.662
0.111308
0.0718458
0.0556054
0.232412
0.0609845
0.184481
0.565746
0.0539113
0.22081
0.118639
0.458491
0.0405999
0.0485259
0.662
0.290252
0.0129227
0.18703
0.334079
0.182891
0.12435
0.150817
0.452509
0.281179
0.0653135
0.285188
0.246858
0.662
0.263669
0.501386
0.115203
0.142562
0.00575171
0.211057
0.464592
0.0161218
0.171793
0.213972
0.240302
0.153332
0.419044
0.286597
0.528595
0.574265
0.659406
0.203505
0.0771845
0.274808
0.493842
0.0515408
0.308446
0.204394
0.301198
0.021491
0.475993
0.419871
0.16086
0.0478144
0.427997
0.270526
0.220285
0.0253625
0.21574
0.207295
0.503336
0.35269
0.304067
0.466548
0.239702
0.295592
0.383506
0.0169989
0.430004
0.18184
0.248447
0.136053
0.131459
0.0261845
0.109085
0.135337
0.614252
0.216476
0.658532
0.121312
0.321269
0.168105
0.277977
0.0911063
0.138339
0.186954
0.662
0.105297
0.0979229
0.20464
0.157555
0.29271
0.145801
0.244449
0.444308
0.0770076
0.383914
0.323507
0.448137
0.0811089
0.197167
0.321751
0.0943973
0.662
0.236927
0.421197
0.635774
0.1481
0.264676
0.373413
0.662
0.129569
0.269391
0.150002
0.25385
0.153702
0.277561
0.2086
0.17635
0.132082
0.662
0.463665
0.025924
0.245208
0.24393
0.330043
0.598225
0.0319673
0.585079
0.202616
0.305519
0.302507
0.233773
0.595948
0.181163
0.0784
0.24243
0.509745
0.0107156
0.468375
0.467426
0.399181
0.116551
0.34136
0.406572
0.662
0.0810017
0.064314
0.166609
0.23931
0.0806455
0.350157
0.126659
0.0733778
0.0846517
0.214161
0.272324
0.339605
0.176295
0.0469896
0.0661878
0.662
0.636465
0.135767
0.662
0.106576
0.254562
0.536896
0.119266
0.189564
0.0279608
0.163434
0.0549442
0.662
0.292359
0.39804
0.100024
0.412166
0.155399
0.229133
0.0795729
0.095875
0.208123
0.0685887
0.128974
0.174731
0.662
0.417252
0.0853589
0.122553
0.308772
0.662
0.194427
0.0509923
0.0444123
0.45027
0.6252
0.109711
0.0633914
0.238771
0.147288
0.662
0.0313767
0.448296
0.0932647
0.155602
0.39052
0.662
0.00919404
0.0300031
0.443447
0.662
0.158688
0.16168
0.455404
0.662
0.424098
0.224462
0.144002
0.0829274
0.441006
