0.1207
0.102443
0.438547
0.355877
0.116048
0.0110356
0.28134
0.530327
0.523429
0.662
0.0856186
0.192513
0.0859884
0.498751
0.16249
0.591192
0.602873
0.391149
0.453383
0.0777341
0.413628
0.285147
0.229127
0.662
0.497399
0.322267
0.258055
0.0858978
0.617214
0.137872
0.115685
0.623207
0.0325629
0.239346
0.250944
0.415684
0.662
0.260325
0.306284
0.0385783
0.0307729
0.121049
0.357519
0.30014
0.138999
0.564833
0.157503
0.554059
0.386124
0.322849
0.236944
0.0399689
0.0988303
0.263621
0.266755
0.451172
0.37525
0.0768917
0.655479
0.0599283
0.18196
0.11527
0.38899
0.104435
0.442231
0.250893
0.130341
0.340285
0.604669
0.146403
0.113813
0.216764
0.568764
0.193679
0.662
0.318987
0.662
0.446604
0.165009
0.117651
0.395831
0.206533
0.122243
0.16173
0.502656
0.477741
0.362398
0.650431
0.228259
0.421536
0.136585
0.252313
0.0257633
0.054183
0.133141
0.662
0.0463077
0.0944801
0.205692
0.662
0.279963
0.0513405
0.402989
0.37705
0.469555
0.339484
0.148178
0.0863399
0.552575
0.137049
0.146209
0.142439
0.463863
0.662
0.303376
0.324792
0.428809
0.638765
0.384604
0.662
0.588609
0.376813
0.376817
0.662
0.379712
0.18981
0.0780684
0.103155
0.274612
0.379585
0.614256
0.268408
0.343967
0.508419
0.662
0.575561
0.0753843
0.0196729
0.125359
0.0599764
0.349475
0.662
0.662
0.553365
0.450664
0.40307
0.00773224
0.102544
0.135212
0.307856
0.205468
0.141528
0.578284
0.181282
0.584687
0.431848
0.483517
0.0844323
0.662
0.657606
0.36865
0.427851
0.557649
0.112284
0.662
0.432246
0.477295
0.432932
0.116525
0.51685
0.0523364
0.134596
0.0681253
0.502109
0.152985
0.131849
0.124307
0.156205
0.662
0.531336
0.0849641
0.215559
0.0576319
0.0666977
0.0451983
0.658641
0.16321
0.254604
0.662
0.252621
0.359748
0.232196
0.662
0.0229695
0.10175
0.0648794
0.0728017
0.0577265
0.189234
0.421563
0.392188
0.380097
0.175161
0.464166
0.545988
0.662
0.277313
0.662
0.144045
0.619225
0.523797
0.662
0.0312755
0.0774684
0.0714256
0.37047
0.0437012
0.662
0.632926
0.349429
0.101018
0.40686
0.0686823
0.144063
0.097787
0.227813
0.313248
0.382935
0.406782
0.207157
0.662
0.258879
0.101587
0.234116
0.105677
0.189165
0.0142714
0.0544853
0.512398
0.645214
0.0507857
0.1242
0.184933
0.213458
0.0608341
0.495397
0.662
0.662
0.344839
0.0864196
0.39997
0.0719432
0.0741552
0.271118
0.146679
0.662
0.662
0.0627846
0.192084
0.0427233
0.266647
0.662
0.135083
0.247601
0.153772
0.376967
0.0720542
0.497112
0.113193
0.0246909
0.218491
0.0988095
0.220632
0.110035
0.468447
0.250443
0.479702
0.326672
0.104142
0.250366
0.662
0.455225
0.181711
0.475293
0.187144
0.434264
0.662
0.256956
0.242187
0.458443
0.111155
0.662
0.480523
0.132476
0.108979
0.150259
0.216426
0.384504
0.662
0.0779651
0.662
0.0465454
0.44643
0.662
0.115649
0.235387
0.218876
0.00935516
0.517343
0.203765
0.662
0.145711
0.110044
0.553011
0.38615
0.585736
0.0730785
0.544522
0.173329
0.573745
0.258988
0.0574942
0.115322
0.353826
0.209705
0.152064
0.662
0.114095
0.350028
0.519466
0.085632
0.149988
0.185308
0.226339
0.211167
0.662
0.103842
0.456007
0.0629038
0.0928492
0.374904
0.662
0.662
0.277573
0.173672
0.36659
0.0580054
0.437052
0.348881
0.259233
0.510685
0.269589
0.662
0.0279255
0.372979
0.365707
0.0837652
0.0761482
0.325544
0.154872
0.167504
0.0874584
0.221551
0.517268
0.0803695
0.115184
0.045232
0.234576
0.203298
0.0911164
0.380599
0.148796
0.662
0.0276403
0.183639
0.25719
0.0723449
0.0628525
0.212476
0.0729492
0.134759
0.205871
0.58608
0.11017
0.0986271
0.129441
0.184049
0.0774897
0.087154
0.0700752
0.227517
0.381771
0.313031
0.204879
0.0399096
0.286139
0.0794655
0.100992
0.300489
0.212787
0.00230193
0.232018
0.0396634
0.0929547
0.127285
0.0235467
0.0622356
0.0118648
0.196813
0.662
0.0597255
0.185485
0.662
0.0933177
0.0561945
0.292655
0.301188
0.0602894
0.0483538
0.660344
0.662
0.185394
0.662
0.187013
0.621423
0.206546
0.429325
0.0678907
0.120162
0.662
0.0814665
0.0548251
0.0738858
0.0577373
0.146029
0.662
0.124569
0.650121
0.211304
0.3798
0.607318
0.662
0.14842
0.0652633
0.34659
0.226779
0.125504
0.0463707
0.166203
0.662
0.662
0.662
0.362204
0.116757
0.662
0.123842
0.097196
0.301117
0.218398
0.183789
0.13824
0.660325
0.214204
0.059358
0.254074
0.166428
0.662
0.0617173
0.662
0.0449687
0.199874
0.421165
0.109028
0.623557
0.131672
0.0817398
0.662
0.311599
0.662
0.0454602
0.190931
0.1335
0.0899636
0.362876
0.333434
0.22107
0.234417
0.170941
0.536826
0.0250332
0.0386709
0.272518
0.546394
0.662
0.647056
0.47174
0.501732
0.171397
0.256393
0.484021
0.0547291
0.0754844
0.257346
0.66008
0.187704
0.135728
0.461658
0.21423
0.0670981
0.662
0.128919
0.264761
0.199101
0.296647
0.661498
0.286023
0.662
0.316818
0.0752794
0.260949
0.541552
0.052947
0.045817
0.662
0.0928248
0.324018
0.27033
0.348225
0.120447
0.640706
0.118291
0.186758
0.662
0.14432
0.662
0.0947553
0.292769
0.20398
0.408261
0.238719
0.0625163
0.140819
0.573202
0.361762
0.163593
0.317621
0.164777
0.662
0.646676
0.168686
0.182675
0.0413813
0.404251
0.0875209
0.380621
0.662
0.238086
0.286425
0.662
0.662
0.154323
0.428959
0.349402
0.551435
0.662
0.0379508
0.202786
0.446318
0.0356819
0.17349
0.165442
0.211389
0.213714
0.662
0.102286
0.554512
0.140386
0.051893
0.0444227
0.221726
0.662
0.397587
0.662
0.00275687
0.171449
0.662
0.169026
0.244294
0.258326
0.235064
0.23439
0.213845
0.662
0.522271
0.523774
0.229471
0.0379075
0.0806557
0.0865493
0.224564
0.454562
0.487889
0.405052
0.662
0.204511
0.16924
0.554123
0.233174
0.369587
0.301257
0.271328
0.370891
0.0718644
0.138804
0.640845
0.00634561
0.23998
0.368029
0.123698
0.658416
0.466096
0.256217
0.659174
0.294606
0.076286
0.0914651
0.0744235
0.19376
0.166061
0.662
0.280719
0.054165
0.416473
0.33057
0.251768
0.21171
0.0387458
0.311975
0.260509
0.239243
0.662
0.361939
0.148816
0.185346
0.457254
0.404047
0.19292
0.131142
0.117891
0.124212
0.160374
0.400636
0.136895
0.0800909
0.0742477
0.623168
0.140741
0.236643
0.199519
0.27743
0.179113
0.386506
0.566634
0.662
0.0902515
0.012406
0.484723
0.662
0.258173
0.194148
0.194466
0.350486
0.662
0.110033
0.50161
0.415513
0.662
0.173978
0.662
0.475078
0.282749
0.563739
0.662
0.372038
0.464227
0.662
0.155687
0.0486052
0.238343
0.115656
0.402134
0.334577
0.230263
0.43298
0.120924
0.0809059
0.598607
0.147036
0.080286
0.340603
0.0689242
0.168193
0.567478
0.236386
0.662
