0.0104388
0.291265
0.0714207
0.0979996
0.145768
0.662
0.0765084
0.121611
0.120705
0.237361
0.0923939
0.632485
0.488785
0.216126
0.234459
0.0627734
0.0789754
0.229418
0.361796
0.662
0.481949
0.0568891
0.195526
0.0286656
0.415212
0.554756
0.448701
0.130678
0.0841089
0.662
0.252691
0.0938579
0.120691
0.662
0.232587
0.117502
0.601608
0.0775535
0.176046
0.453931
0.554084
0.232328
0.0548412
0.534961
0.405214
0.130053
0.241559
0.662
0.662
0.394113
0.0836526
0.0935463
0.0714851
0.636504
0.101483
0.322994
0.638373
0.405235
0.377183
0.662
0.392596
0.450429
0.662
0.0418622
0.502995
0.0817006
0.463195
0.439208
0.662
0.137437
0.35366
0.060122
0.200162
0.198768
0.186972
0.489085
0.143267
0.183589
0.356993
0.133157
0.14525
0.413149
0.662
0.0901096
0.662
0.0509337
0.0461983
0.499555
0.106066
0.236498
0.288349
0.197988
0.429187
0.210883
0.116662
0.147912
0.0898954
0.292981
0.611737
0.110247
0.0119135
0.276757
0.112839
0.453664
0.161176
0.0493992
0.662
0.662
0.106361
0.245618
0.350617
0.0764246
0.128807
0.146112
0.646008
0.662
0.267981
0.55354
0.241691
0.172732
0.662
0.259902
0.109538
0.474276
0.151858
0.662
0.462169
0.412579
0.543921
0.0783969
0.294636
0.348395
0.141886
0.662
0.242178
0.488136
0.0876299
0.0693555
0.621961
0.471221
0.136596
0.0859151
0.0920314
0.491759
0.202081
0.432294
0.462943
0.285968
0.0451166
0.461183
0.302481
0.067029
0.135987
0.639328
0.14027
0.614232
0.662
0.507663
0.0962043
0.599959
0.539622
0.281374
0.0820179
0.662
0.0876481
0.424624
0.662
0.286312
0.08916
0.0793459
0.348757
0.228878
0.522802
0.0326924
0.256141
0.168091
0.174192
0.372853
0.0363664
0.279804
0.0831586
0.0738925
0.460918
0.507951
0.58709
0.289756
0.142767
0.214382
0.222512
0.210595
0.562131
0.0677184
0.134549
0.652581
0.64974
0.0517931
0.613422
0.134985
0.133508
0.527022
0.337336
0.0697922
0.443202
0.315738
0.0529925
0.064717
0.0673834
0.21394
0.245476
0.0889398
0.451578
0.0924697
0.126223
0.127612
0.158537
0.15113
0.662
0.108002
0.0716639
0.355398
0.662
0.204386
0.662
0.0788949
0.53131
0.662
0.257061
0.309511
0.0838857
0.433024
0.209363
0.139115
0.0676597
0.407876
0.360838
0.173212
0.662
0.368627
0.135327
0.24878
0.662
0.257309
0.454796
0.0690505
0.404895
0.048693
0.20763
0.222029
0.192758
0.662
0.156009
0.361644
0.275522
0.153903
0.303169
0.0487907
0.0863875
0.232685
0.306041
0.23722
0.23079
0.11793
0.308675
0.604729
0.153601
0.483476
0.132225
0.302816
0.232714
0.294262
0.186824
0.271099
0.129786
0.575052
0.662
0.119525
0.0666513
0.280128
0.240046
0.212503
0.168557
0.0769997
0.50774
0.0796573
0.204058
0.653405
0.297071
0.423373
0.173929
0.61235
0.114268
0.0876234
0.0900392
0.534578
0.330042
0.0360186
0.662
0.662
0.295502
0.574051
0.295673
0.662
0.115778
0.111659
0.158942
0.205231
0.0902904
0.340616
0.519541
0.192717
0.145744
0.189915
0.232426
0.34526
0.0876816
0.0961726
0.193797
0.315673
0.249685
0.125136
0.107747
0.0830505
0.0551032
0.662
0.195848
0.133017
0.390864
0.228467
0.011907
0.0988487
0.382143
0.266464
0.0918473
0.197148
0.0308193
0.248333
0.143624
0.117123
0.0995585
0.0430832
0.158473
0.45202
0.513326
0.0386606
0.237845
0.113877
0.321284
0.020086
0.31473
0.625313
0.114115
0.4739
0.662
0.207738
0.20947
0.068244
0.18705
0.194321
0.061748
0.27102
0.0937206
0.114237
0.584071
0.163797
0.317683
0.575293
0.108874
0.15096
0.119747
0.293794
0.662
0.662
0.294771
0.55545
0.138634
0.085995
0.0747248
0.564585
0.662
0.319018
0.107207
0.368141
0.416416
0.0390326
0.0983183
0.270146
0.126448
0.0284916
0.0588611
0.662
0.657652
0.042869
0.379589
0.143076
0.342008
0.591604
0.00697181
0.662
0.222691
0.00443161
0.329391
0.661663
0.458801
0.158719
0.455274
0.529407
0.662
0.324319
0.662
0.0753616
0.319926
0.662
0.645072
0.276637
0.316525
0.0959278
0.123774
0.0886994
0.388201
0.471152
0.308136
0.366089
0.0862321
0.215981
0.662
0.00602805
0.662
0.323219
0.168664
0.300346
0.0679318
0.185974
0.662
0.480851
0.271584
0.662
0.172652
0.177351
0.336998
0.130303
0.258573
0.125161
0.292693
0.460339
0.569651
0.375504
0.0777672
0.662
0.190366
0.19666
0.112974
0.139522
0.189019
0.12581
0.567428
0.430845
0.0726083
0.344514
0.187055
0.300449
0.318546
0.145579
0.662
0.662
0.354084
0.494793
0.0733881
0.333488
0.471085
0.0875497
0.152887
0.492453
0.521042
0.305222
0.0716966
0.184425
0.142518
0.213992
0.376216
0.0555131
0.280867
0.335891
0.240902
0.559015
0.575315
0.090185
0.641818
0.107564
0.398479
0.0999091
0.224491
0.486429
0.0768108
0.198674
0.471639
0.0663948
0.12375
0.00059861
0.263481
0.0305392
0.231574
0.120662
0.130165
0.0855417
0.662
0.536275
0.112229
0.379195
0.236917
0.106254
0.662
0.268247
0.662
0.324883
0.662
0.0554285
0.303821
0.45249
0.122931
0.122617
0.391793
0.662
0.00231613
0.624247
0.0885176
0.5464
0.353967
0.0791576
0.662
0.0527733
0.285088
0.120072
0.166488
0.152594
0.460298
0.280243
0.159718
0.316048
0.540004
0.129571
0.307257
0.149146
0.0681431
0.194537
0.189787
0.43232
0.259497
0.126988
0.110518
0.160421
0.31173
0.0895363
0.43446
0.649886
0.662
0.0745508
0.527041
0.218536
0.149153
0.167767
0.0289457
0.0956711
0.155954
0.662
0.203119
0.0581119
0.192564
0.186829
0.0935656
0.199742
0.114597
0.662
0.198531
0.103975
0.0638447
0.346415
0.38251
0.427501
0.267038
0.163985
0.662
0.288204
0.362544
0.452059
0.501089
0.189663
0.278666
0.157144
0.173179
0.208487
0.294129
0.28751
0.218147
0.230351
0.0548678
0.06929
0.0485264
0.0363426
0.159623
0.186993
0.18322
0.0968347
0.114212
0.318805
0.226176
0.128703
0.199935
0.198916
0.662
0.145551
0.64141
0.118179
0.662
0.0646045
0.155228
0.166401
0.513882
0.460519
0.0656823
0.0895742
0.662
0.0369091
0.13087
0.284281
0.1247
0.253572
0.0602304
0.282668
0.124374
0.186164
0.185385
0.111102
0.367936
0.449746
0.0623279
0.349143
0.0497017
0.0317866
0.382515
0.0466361
0.315945
0.246606
0.197916
0.118774
0.643235
0.388881
0.49021
0.212453
0.157734
0.268356
0.295481
0.375478
0.0114412
0.152882
0.395822
0.0819828
0.123727
0.0642937
0.586354
0.103043
0.080968
0.426997
0.385269
0.130873
0.239914
0.21894
0.0323637
0.152608
0.303393
0.50218
0.662
0.619132
0.118177
0.0794134
0.246124
0.120952
0.10281
0.108022
0.502127
0.46822
0.662
0.596251
0.00587273
0.135773
0.301803
0.584382
0.496574
0.287304
0.449628
0.604407
0.0666196
0.0939305
0.122878
0.0960043
0.049334
0.0934263
0.524427
0.328429
0.662
0.109549
0.487461
0.162111
0.342928
0.139567
0.464009
0.0391523
0.169807
0.0400939
0.662
0.103062
0.570732
0.108642
0.470587
0.662
0.208011
0.1615
0.416333
0.0475208
0.112685
0.322378
0.662
0.575291
0.352145
0.11862
0.307138
0.431052
0.144291
0.485563
0.360932
0.195484
0.264441
0.154536
0.147151
0.383511
0.181533
0.0749333
0.204653
0.125291
0.145436
0.662
0.233332
0.161056
0.61688
0.438129
0.662
0.125176
0.478396
0.371908
0.662
0.662
0.662
0.173081
0.444561
0.246512
0.184707
0.662
0.117603
0.13922
0.0606414
0.402612
0.263922
0.274575
0.0974083
0.449353
0.308713
0.528104
0.126228
0.041968
0.176871
0.236482
0.662
0.434635
0.188403
0.0809594
0.145565
0.226516
0.0478817
0.150519
0.233147
0.606818
0.188954
0.0686579
0.316634
0.204098
0.0553763
0.314367
0.125761
0.503438
0.662
0.169459
0.443356
0.292223
0.617813
0.243227
0.106622
0.483477
0.42048
0.0654518
0.151058
0.662
0.413787
0.662
0.662
0.662
0.299218
0.21776
0.275738
0.0913438
0.117312
0.271418
0.0663006
0.108771
0.377194
0.22209
0.062917
0.0807365
0.0845656
0.0836419
0.111188
0.0323585
0.259703
0.250089
0.256099
0.00843088
0.662
0.662
0.662
0.606036
0.360752
0.338546
0.183723
0.662
0.662
0.0945312
0.0580798
0.662
0.198255
0.479539
0.0658749
0.662
0.0435991
0.464865
0.0213202
0.297709
0.606473
0.450882
0.179788
0.381631
0.185414
0.111348
0.25753
0.0212208
0.282026
0.0234055
0.662
0.34893
0.18439
0.313301
0.475138
0.373319
0.478932
0.0906546
0.339396
0.263969
0.662
0.22602
0.125782
0.447668
0.0842979
0.499282
0.633332
0.662
0.490083
0.191789
0.0919688
0.329343
0.232812
0.509827
0.650826
0.191355
0.662
0.3713
0.0548639
0.232751
0.141267
0.244721
0.096731
0.280784
0.235134
0.217914
0.0634768
0.477675
0.1408
0.403592
0.190829
0.165975
0.304622
0.662
0.662
0.107642
0.218061
0.504877
0.0584808
0.222466
0.662
0.123243
0.148344
0.282597
0.566653
0.653304
0.117943
0.31318
0.0644791
0.0255299
0.149678
0.200338
0.662
0.213243
0.446188
0.0114221
0.070891
0.152113
0.256495
0.408064
0.638127
0.141421
0.0562442
0.324268
0.0686164
0.662
0.329095
0.203619
0.662
0.173165
0.362801
0.103365
0.216586
0.298655
0.255168
0.355005
0.0760984
0.189808
0.240853
0.240538
0.22391
0.131422
0.475903
0.175086
0.576968
0.0662852
0.1185
0.0476189
0.0898566
0.396356
0.237487
0.584059
0.29644
0.450191
0.137084
0.224123
0.0936201
0.0691209
0.203964
0.184138
0.146512
0.174998
0.131727
0.113546
0.189238
0.662
0.662
0.653419
0.522206
0.0125045
0.33788
0.62668
0.0810095
0.391636
0.569241
0.080557
0.206521
0.400453
0.458926
0.649067
0.201215
0.465344
0.628453
0.662
0.139508
0.149133
0.40527
0.0614556
0.0540144
0.156045
0.616108
0.103389
0.179805
0.166342
0.467713
0.151455
0.104204
0.611897
0.662
0.639026
0.303306
0.186694
0.102301
0.0628304
0.105921
0.36122
0.183101
0.200162
0.58828
0.662
0.399275
0.490894
0.363423
0.342492
0.154426
0.0759377
0.414486
0.214328
0.112051
0.204696
0.139565
0.0797244
0.0637556
0.0648253
0.441613
0.328913
0.245793
0.0410277
0.0528343
0.354
0.418068
0.0929487
0.174245
0.204588
0.229743
0.662
0.303052
0.0719086
0.0732418
0.662
0.124967
0.116796
0.568629
0.126465
0.662
0.615805
0.311961
0.291935
0.523858
0.103211
0.662
0.167893
0.076131
0.229111
0.141731
0.210205
0.662
0.2134
0.150438
0.0120838
0.238219
0.0986478
0.400532
0.662
0.288521
0.118605
0.569458
0.29877
0.0530237
0.657825
0.354606
0.49904
0.339788
0.662
0.531361
0.260446
0.075928
0.474595
0.403776
0.620372
0.105759
0.662
0.313473
0.107984
0.267365
0.369645
0.662
0.122842
0.483968
0.0149807
0.662
0.480878
0.422792
0.662
0.217546
0.126777
0.115405
0.662
0.0662579
0.0825936
0.222408
0.0681074
0.564791
0.662
0.169744
0.153297
0.423759
0.127437
0.0497368
0.561087
0.353377
0.53762
0.110091
0.0926146
0.484984
0.056013
0.35121
0.662
0.0427071
0.0444017
0.0593606
0.118007
0.22173
0.195081
0.0321007
0.121203
0.167514
0.398606
0.0502908
0.492149
0.0819207
0.181708
0.450728
0.0768149
0.192384
0.16294
0.221973
0.230338
0.0567002
0.215374
0.521171
0.662
0.115667
0.154204
0.406551
0.0640576
0.0133634
0.58178
0.25514
0.0653442
0.180861
0.662
0.23
0.273829
0.106063
0.0687539
0.178809
0.101219
0.137669
0.662
0.0959169
0.662
0.117083
0.0473681
0.0426584
0.107598
0.13912
0.316626
0.16512
0.262567
0.162975
0.0924235
0.0797053
0.0543524
0.118939
0.379483
0.355919
0.0135708
0.0671645
0.307024
0.265849
0.662
0.215942
0.474437
0.139872
0.258927
0.00478949
0.2452
0.108736
0.528501
0.132982
0.662
0.19948
0.145468
0.421788
0.229703
0.662
0.403549
0.118356
0.216501
0.190203
0.395873
0.662
0.227696
0.416171
0.283051
0.662
0.281632
0.541581
0.106821
0.233899
0.393648
0.498901
0.662
0.272629
0.135481
0.662
0.134478
0.180353
0.662
0.226017
0.411144
0.17299
0.0709408
0.261006
0.284155
0.0876974
0.662
0.299997
0.122819
0.527967
0.497991
0.0637326
0.00564296
0.409402
0.369305
0.415566
0.0961643
0.158064
0.662
0.507397
0.639723
0.114422
0.276081
0.305222
0.100992
0.117627
0.296893
0.544217
0.251401
0.468825
0.512886
0.662
0.497443
0.147206
0.192044
0.160979
0.100076
0.439896
0.159921
0.0585899
0.207661
0.293555
0.662
0.505616
0.0347262
0.0652101
0.609902
0.372228
0.247753
0.111994
0.144249
0.662
0.448375
0.440396
0.140309
0.187382
0.244193
0.178987
0.662
0.0277683
0.034795
0.0727838
0.227098
0.0659997
0.404392
0.110057
0.347705
0.377513
0.0518231
0.411781
0.392074
0.4722
0.134555
0.0542453
0.110464
0.282621
0.662
0.159903
0.662
0.140242
0.42564
0.288895
0.662
0.179081
0.0897145
0.235446
0.1885
0.337802
0.168068
0.518544
0.0719026
0.248605
0.662
0.662
0.496262
0.662
0.662
0.120955
0.662
0.368433
0.088658
0.662
0.214449
0.539173
0.018957
0.662
0.0725598
0.224821
0.0593649
0.0826658
0.0466053
0.662
0.0799754
0.0869284
0.477374
0.35362
0.203664
0.662
0.317741
0.189255
0.0751516
0.143669
0.239706
0.11588
0.0973996
0.0911676
0.10836
0.127782
0.463475
0.345738
0.288722
0.399233
0.496519
0.662
0.300213
0.102722
0.230765
0.472969
0.662
0.211594
0.108845
0.182574
0.384071
0.662
0.398826
0.541964
0.423438
0.263953
0.140794
0.0647573
0.150309
0.408187
0.61879
0.358978
0.365966
0.0939536
0.10985
0.192908
0.48555
0.216079
0.243491
0.0115469
0.0802828
0.0840927
0.662
0.418903
0.266213
0.662
0.648608
0.0578218
0.153872
0.153988
0.338422
0.463708
0.284638
0.141313
0.0906729
0.360485
0.655045
0.203174
0.135643
0.662
0.0601148
0.284725
0.614592
0.300886
0.217455
0.350408
0.0903927
0.18605
0.015274
0.0905469
0.195541
0.120139
0.10576
0.0961021
0.108502
0.0504036
0.365655
0.052072
0.349497
0.443217
0.342295
0.0943866
0.229159
0.492528
0.0639457
0.662
0.662
0.193902
0.659826
0.112995
0.360297
0.238637
0.518752
0.413591
0.0542798
0.358084
0.0599694
0.662
0.133536
0.662
0.662
0.0483639
0.662
0.0271336
0.662
0.662
0.246098
0.595411
0.394246
0.662
0.156565
0.0739213
0.10807
0.662
0.0886924
0.096608
0.240514
0.136517
0.617656
0.0883667
0.417925
0.454186
0.061104
0.144365
0.478085
0.0918226
0.358648
0.560902
0.24979
0.0566848
0.0238351
0.14901
0.301055
0.0608943
0.0532737
0.453425
0.123746
0.479829
0.0884914
0.662
0.379965
0.0797472
0.279728
0.0468778
0.10522
0.374606
0.0870473
0.440183
0.655918
0.0878384
0.386852
0.205173
0.326787
0.468725
0.194715
0.402189
0.0956549
0.649055
0.345146
0.216255
0.20914
0.662
0.239088
0.662
0.324178
0.234597
0.662
0.186117
0.100445
0.108683
0.574566
0.608285
0.388907
0.135792
0.321401
0.662
0.440859
0.294613
0.0619114
0.0489119
0.115673
0.115093
0.0708559
0.232081
0.164018
0.293646
0.162984
0.106428
0.662
0.400322
0.330289
0.0985381
0.180562
0.242713
0.437927
0.662
0.197505
0.293599
0.106823
0.174648
0.617042
0.397247
0.0691507
0.146914
0.201268
0.346478
0.662
0.587882
0.0420127
0.59706
0.637572
0.581682
0.22276
0.0539044
0.0947674
0.236363
0.516531
0.356979
0.0807048
0.0593726
0.537467
0.0446349
0.0269881
0.326192
0.351477
0.662
0.207884
0.243778
0.270312
0.307831
0.0675953
0.3306
0.274559
0.356338
0.655024
0.072971
0.107066
0.144685
0.399371
0.130991
0.127935
0.622424
0.14959
0.311378
0.0602555
0.0391696
0.093311
0.0659726
0.262025
0.662
0.662
0.144517
0.662
0.417796
0.320887
0.659819
0.246775
0.18463
0.265805
0.399328
0.224145
0.31359
0.596786
0.0441265
0.592329
0.398831
0.0444872
0.220701
0.240992
0.41548
0.127903
0.0764268
0.202772
0.104879
0.22514
0.116051
0.0883119
0.154022
0.0274805
0.00599008
0.314693
0.425502
0.492387
0.0646534
0.527681
0.382611
0.498051
0.543837
0.173051
0.662
0.0363099
0.263127
0.120209
0.140564
0.269001
0.313896
0.363084
0.206026
0.110855
0.309953
0.431535
0.104458
0.162866
0.058741
0.166847
0.162701
0.662
0.00584288
0.662
0.102151
0.320522
0.16955
0.045433
0.115128
0.123077
0.389886
0.422068
0.662
0.0460502
0.208224
0.0256774
0.215564
0.662
0.253458
0.532439
0.366721
0.165987
0.196422
0.662
0.103964
0.102668
0.326571
0.193598
0.156285
0.662
0.549118
0.171824
0.340847
0.662
0.662
0.662
0.220612
0.093006
0.191551
0.102537
0.145946
0.596814
0.232698
0.442243
0.218648
0.44805
0.199704
0.488032
0.352521
0.19012
0.469199
0.129501
0.0823387
0.179482
0.662
0.591282
0.264204
0.252434
0.0955366
0.333502
0.28917
0.072926
0.195944
0.152123
0.220633
0.4365
0.433111
0.0878556
0.255279
0.185144
0.662
0.662
0.330082
0.00984611
0.397135
0.470327
0.383865
0.662
0.662
0.277076
0.196082
0.358113
0.662
0.43994
0.584327
0.100483
0.241704
0.110332
0.305151
0.415535
0.216105
0.133681
0.662
0.478527
0.316446
0.564967
0.0793487
0.662
0.239479
0.108875
0.245425
0.662
0.117221
0.169963
0.174046
0.156457
0.134433
0.128368
0.200581
0.133896
0.0638353
0.299441
0.321934
0.53997
0.272428
0.396123
0.255701
0.158094
0.142548
0.223555
0.411855
0.662
0.346299
0.286774
0.0983667
0.399554
0.148229
0.236521
0.662
0.248612
0.56305
0.0899165
0.144592
0.662
0.159654
0.345612
0.0972249
0.437372
0.638383
0.0516102
0.0137677
0.33781
0.281447
0.080254
0.0926778
0.378394
0.662
0.662
0.222852
0.203725
0.612261
0.662
0.372798
0.171391
0.165326
0.143016
0.662
0.662
0.220583
0.213625
0.662
0.377417
0.248166
0.08771
0.0643729
0.134248
0.126028
0.0914489
0.607688
0.662
0.108129
0.0518952
0.033849
0.662
0.0540553
0.301455
0.479222
0.235248
0.485996
0.0972111
0.636228
0.537632
0.491082
0.21477
0.171493
0.416483
0.311677
0.12374
0.148917
0.16343
0.30874
0.0232042
0.342547
0.410619
0.0850981
0.252755
0.153258
0.342908
0.524328
0.276093
0.325077
0.34419
0.375267
0.662
0.225453
0.452397
0.662
0.0631451
0.346547
0.282686
0.540023
0.224286
0.0839378
0.258234
0.271147
0.393349
0.533836
0.205115
0.0575146
0.662
0.0795231
0.268669
0.0599025
0.0861662
0.258594
0.122756
0.184064
0.278292
0.335745
0.662
0.30258
0.223759
0.433714
0.185013
0.237088
0.280524
0.0814059
0.119561
0.662
0.662
0.208743
0.285987
0.128607
0.244096
0.224974
0.0971078
0.150004
0.311338
0.662
0.323613
0.506704
0.00594681
0.353666
0.103465
0.554453
0.375945
0.662
0.26068
0.0341547
0.156466
0.662
0.586192
0.248663
0.617945
0.342156
0.662
0.340321
0.053739
0.265902
0.0163864
0.119396
0.0399558
0.307311
0.056855
0.248117
0.0932233
0.158175
0.0851348
0.0267925
0.48989
0.582948
0.501735
0.15355
0.192032
0.431104
0.0110424
0.0916484
0.124878
0.0963032
0.161255
0.0522606
0.185053
0.662
0.0696636
0.62015
0.146411
0.54404
0.0507877
0.105326
0.417664
0.197616
0.112883
0.0189723
0.487976
0.662
0.347483
0.0463562
0.271355
0.408868
0.377593
0.0427716
0.114578
0.556205
0.398199
0.0856669
0.319491
0.0582221
0.159929
0.0967091
0.0516572
0.291537
0.662
0.230702
0.083685
0.421646
0.142566
0.389863
0.0762871
0.111021
0.286942
0.185554
0.662
0.65132
0.212014
0.118979
0.279987
0.220935
0.0636779
0.211799
0.175015
0.178108
0.103007
0.240967
0.0719733
0.370446
0.662
0.508311
0.63313
0.459377
0.220053
0.0630243
0.0630773
0.662
0.643381
0.0542377
0.662
0.0677794
0.0707551
0.0645977
0.285154
0.662
0.662
0.103418
0.0792255
0.242137
0.0982237
0.255269
0.261131
0.639601
0.662
0.399695
0.617567
0.437895
0.662
0.455293
0.0343189
0.327439
0.146941
0.374627
0.0653757
0.239284
0.0450357
0.0730119
0.662
0.00350935
0.046871
0.0818174
0.00316732
0.315107
0.521826
0.214586
0.415176
0.0325566
0.204745
0.0826085
0.0673638
0.580994
0.140482
0.263122
0.357059
0.208429
0.155846
0.523563
0.434443
0.0594403
0.277299
0.662
0.058631
0.218563
0.480211
0.334361
0.0441154
0.408128
0.646205
0.2301
0.368335
0.289651
0.662
0.0858305
0.507463
0.0381605
0.662
0.338821
0.0751441
0.263421
0.315993
0.0666578
0.202474
0.0608376
0.184351
0.137542
0.217743
0.181068
0.39837
0.662
0.170548
0.662
0.662
0.133997
0.334923
0.27503
0.324996
0.246974
0.0580846
0.470861
0.662
0.179717
0.55628
0.370444
0.381983
0.243169
0.405316
0.252397
0.336129
0.0277103
0.662
0.105538
0.17419
0.43086
0.054404
0.276508
0.325312
0.662
0.662
0.662
0.0075394
0.183262
0.270205
0.175571
0.154552
0.351371
0.469729
0.169854
0.662
0.122727
0.575393
0.335961
0.104414
0.662
0.0503623
0.662
0.550142
0.360915
0.419057
0.251875
0.612659
0.0937689
0.0976916
0.0888069
0.207924
0.112333
0.0956506
0.117069
0.376679
0.165418
0.0969272
0.136442
0.136597
0.206507
0.391392
0.26455
0.662
0.204381
0.102551
0.319535
0.650479
0.201833
0.0690545
0.308687
0.662
0.169028
0.662
0.122244
0.662
0.662
0.212977
0.146719
0.335257
0.196328
0.36852
0.482327
0.21683
0.215898
0.296859
0.662
0.060986
0.662
0.289948
0.379006
0.591861
0.0709988
0.486163
0.321533
0.02246
0.396261
0.530676
0.22211
0.662
0.0875731
0.0846996
0.662
0.561434
0.0299831
0.104566
0.167375
0.662
0.40293
0.115042
0.389406
0.236425
0.0303126
0.125979
0.134906
0.0742301
0.104889
0.154154
0.314268
0.662
0.245753
0.10339
0.435158
0.181336
0.293485
0.0615271
0.0985347
0.099974
0.072756
0.540853
0.662
0.0832176
0.0947244
0.256521
0.176237
0.662
0.389139
0.117733
0.462763
0.0752939
0.659813
0.429608
0.0469956
0.0854486
0.217257
0.186231
0.60716
0.0831693
0.0834281
0.662
0.415064
0.462673
0.441655
0.119107
0.336074
0.662
0.333126
0.386438
0.299429
0.151424
0.230327
0.288637
0.317863
0.296059
0.662
0.662
0.438113
0.221903
0.0310334
0.112535
0.103609
0.200539
0.22577
0.116101
0.197769
0.0667646
0.164847
0.601987
0.146614
0.350974
0.662
0.119732
0.662
0.350489
0.205803
0.47413
0.625427
0.114333
0.0419917
0.0572595
0.225313
0.266433
0.187864
0.560707
0.1865
0.0383513
0.239772
0.165477
0.208619
0.377975
0.049101
0.290775
0.64584
0.402847
0.631939
0.0727599
0.272635
0.107143
0.162778
0.313064
0.0636645
0.580648
0.214279
0.172384
0.0504289
0.546395
0.30832
0.204277
0.416346
0.0556872
0.469416
0.38226
0.196902
0.592122
0.19178
0.14338
0.231779
0.145597
0.126397
0.173249
0.662
0.483807
0.391786
0.243453
0.219843
0.662
0.0517719
0.0789532
0.423262
0.0628201
0.083396
0.361468
0.234533
0.406172
0.582473
0.025267
0.49056
0.226142
0.315537
0.149209
0.118236
0.358228
0.662
0.133215
0.448911
0.439021
0.345283
0.136137
0.211855
0.200561
0.230982
0.0403624
0.0396884
0.57558
0.2534
0.173417
0.662
0.101857
0.113017
0.154088
0.662
0.662
0.239135
0.603564
0.0600221
0.0870448
0.409268
0.662
0.0524933
0.11929
0.46577
0.0609186
0.194018
0.282546
0.493951
0.120055
0.146493
0.240978
0.135916
0.540108
0.662
0.174536
0.104625
0.388494
0.0330745
0.179588
0.0616998
0.449875
0.240197
0.0686772
0.325459
0.0494959
0.2365
0.471125
0.114357
0.0574576
0.463629
0.0976582
0.662
0.662
0.103731
0.662
0.662
0.226088
0.0619084
0.0492355
0.29708
0.150613
0.101779
0.568872
0.0959787
0.0812951
0.662
0.27789
0.00281263
0.256881
0.329142
0.321282
0.0744263
0.511742
0.139029
0.0863504
0.359281
0.215038
0.662
0.168434
0.499227
0.486127
0.662
0.431406
0.258426
0.0950496
0.152582
0.13536
0.592896
0.302435
0.0354849
0.662
0.0494637
0.0619848
0.439104
0.114534
0.568969
0.190863
0.0712486
0.24786
0.228696
0.286224
0.662
0.305532
0.230961
0.106353
0.662
0.0699679
0.463616
0.57841
0.0178527
0.609888
0.406054
0.538598
0.603384
0.294611
0.200429
0.100554
0.301607
0.247485
0.468564
0.165472
0.417358
0.148594
0.450558
0.662
0.22687
0.655379
0.19198
0.433356
0.096133
0.457237
0.101327
0.565792
0.116648
0.0960337
0.662
0.557554
0.101948
0.132189
0.173339
0.143012
0.393591
0.292684
0.0757297
0.0996021
0.160107
0.312122
0.0847841
0.0607943
0.131055
0.266965
0.354914
0.410063
0.12066
0.0933209
0.456044
0.223829
0.0579427
0.305323
0.0236775
0.407621
0.662
0.311438
0.118496
0.0994409
0.116863
0.0755857
0.272857
0.474188
0.239082
0.15594
0.26164
0.0878929
0.25441
0.396412
0.394043
0.493883
0.257973
0.303542
0.276976
0.361245
0.144483
0.0727857
0.0482617
0.662
0.0744285
0.125589
0.0932862
0.244991
0.410125
0.0882921
0.201309
0.180694
0.160127
0.662
0.238426
0.310366
0.134374
0.319145
0.494571
0.514711
0.127104
0.425049
0.213176
0.127997
0.384728
0.662
0.137388
0.122467
0.0943034
0.298521
0.0532426
0.284893
0.192175
0.662
0.124308
0.0425691
0.450108
0.404802
0.352467
0.146901
0.662
0.410838
0.662
0.379937
0.299748
0.127561
0.0715425
0.662
0.247483
0.662
0.298681
0.251748
0.136419
0.112677
0.121696
0.143393
0.273761
0.21373
0.662
0.068477
0.0545701
0.169047
0.194399
0.361879
0.152182
0.187957
0.0549853
0.389968
0.0881614
0.0421048
0.662
0.0434888
0.662
0.0831846
0.662
0.662
0.224694
0.474173
0.186351
0.064402
0.391253
0.271779
0.662
0.550072
0.0115893
0.602945
0.0351715
0.235269
0.09556
0.662
0.662
0.160994
0.419136
0.491099
0.20153
0.0706887
0.130949
0.662
0.0821
0.225767
0.279427
0.207484
0.662
0.13818
0.066875
0.662
0.30141
0.071004
0.292134
0.110138
0.256859
0.393909
0.0907402
0.218163
0.620608
0.480823
0.13695
0.21635
0.242473
0.29045
0.414033
0.242445
0.049786
0.0567811
0.220615
0.662
0.0590433
0.345814
0.0608985
0.516527
0.110178
0.188816
0.189946
0.0482175
0.103731
0.294836
0.158833
0.186068
0.115439
0.662
0.0988021
0.0891562
0.176253
0.302388
0.340088
0.499217
0.578033
0.449542
0.125525
0.279006
0.0347759
0.364729
0.662
0.662
0.283809
0.399866
0.528678
0.0718731
0.234775
0.527535
0.377334
0.0693157
0.419089
0.066427
0.390093
0.495825
0.491421
0.0608845
0.406169
0.132306
0.351082
0.46074
0.0659315
0.06499
0.266742
0.192205
0.17809
0.288769
0.071268
0.38714
0.218424
0.0318747
0.427235
0.489825
0.118964
0.0943906
0.327768
0.662
0.535781
0.114922
0.662
0.189988
0.10632
0.130572
0.491746
0.0819723
0.29573
0.256329
0.144666
0.549776
0.0561695
0.269929
0.470396
0.199172
0.148694
0.130347
0.662
0.0748803
0.372614
0.163485
0.317078
0.0995689
0.662
0.0966596
0.101092
0.132159
0.0783356
0.106518
0.071766
0.379737
0.0518545
0.452279
0.124496
0.0714156
0.427563
0.244395
0.598278
0.323379
0.248987
0.360097
0.384774
0.104239
0.662
0.465238
0.293459
0.662
0.295348
0.00777106
0.662
0.351207
0.18739
0.0909943
0.278621
0.119262
0.309557
0.2732
0.0961138
0.229061
0.147451
0.291872
0.0592325
0.23745
0.35662
0.0842088
0.0305223
0.125851
0.254479
0.603233
0.280734
0.383423
0.0428017
0.226883
0.662
0.155346
0.0701101
0.0570816
0.497182
0.325246
0.0934154
0.211702
0.0306832
0.245596
0.436048
0.378279
0.559963
0.0722947
0.378527
0.0812148
0.398242
0.12414
0.290725
0.147301
0.662
0.451357
0.662
0.105962
0.162797
0.611594
0.429369
0.414309
0.31319
0.282587
0.0585656
0.662
0.224856
0.223506
0.225733
0.0528451
0.303161
0.0806088
0.159132
0.38812
0.21687
0.634631
0.344466
0.156
0.206488
0.23013
0.631009
0.450116
0.00786538
0.150362
0.112148
0.135117
0.199237
0.517453
0.0815495
0.15519
0.662
0.368661
0.236671
0.0546874
0.231975
0.263075
0.662
0.308081
0.035208
0.200222
0.662
0.0889464
0.0767538
0.0214664
0.351475
0.662
0.165401
0.229575
0.17142
0.268683
0.353191
0.662
0.0908579
0.0766918
0.373528
0.413898
0.407008
0.155363
0.237065
0.241598
0.643861
0.662
0.662
0.133115
0.662
0.0600371
0.363562
0.0160093
0.301899
0.428366
0.0942741
0.147684
0.125765
0.0723164
0.0318155
0.102047
0.44997
0.662
0.131499
0.662
0.322028
0.0697232
0.345194
0.662
0.180982
0.161108
0.375164
0.257357
0.263989
0.662
0.662
0.0544924
0.512287
0.315013
0.209862
0.404876
0.161499
0.112174
0.110307
0.0626489
0.0620377
0.432463
0.0482624
0.336556
0.154794
0.0731874
0.118174
0.0694597
0.55523
0.131492
0.232512
0.0622913
0.0725506
0.662
0.364044
0.207551
0.0996322
0.595159
0.18041
0.0909546
0.0664963
0.0750065
0.662
0.12876
0.139088
0.038965
0.0330765
0.126664
0.0536288
0.541476
0.17886
0.410176
0.179858
0.0523051
0.333708
0.0962172
0.393175
0.117385
0.114586
0.646522
0.515476
0.310035
0.158718
0.0877816
0.662
0.62304
0.109189
0.662
0.138326
0.159105
0.192721
0.0892823
0.662
0.3208
0.309951
0.17631
0.662
0.140168
0.0449296
0.189121
0.0799905
0.662
0.0496079
0.508505
0.0693336
0.578786
0.440633
0.0667887
0.222912
0.00669506
0.0527687
0.662
0.197752
0.659269
0.609674
0.218705
0.301636
0.157494
0.354979
0.3651
0.196211
0.0496111
0.662
0.0861403
0.120293
0.528961
0.195253
0.356723
0.0151041
0.662
0.0725095
0.601428
0.068877
0.0732203
0.0733847
0.0678317
0.119028
0.108549
0.662
0.0845464
0.425698
0.0565811
0.0706481
0.396808
0.208868
0.14508
0.154394
0.121481
0.274154
0.243627
0.295742
0.113194
0.208682
0.258471
0.345191
0.10027
0.0853554
0.578448
0.258993
0.189698
0.284248
0.470432
0.20333
0.090494
0.201412
0.121322
0.662
0.190396
0.662
0.0940817
0.504956
0.0718662
0.454319
0.251176
0.662
0.472497
0.662
0.180243
0.0776392
0.18085
0.122814
0.0723973
0.237951
0.120837
0.299475
0.209533
0.353018
0.63423
0.489434
0.520653
0.108104
0.320204
0.154435
0.662
0.55849
0.158288
0.0857117
0.274438
0.172673
0.662
0.662
0.662
0.350385
0.343695
0.662
0.378153
0.0504631
0.134673
0.662
0.36746
0.289692
0.655524
0.29271
0.107613
0.662
0.662
0.505928
0.639718
0.482027
0.0882266
0.0562581
0.49038
0.106993
0.23588
0.169385
0.14542
0.0729561
0.312023
0.241481
0.19248
0.440561
0.0808461
0.0197293
0.593906
0.551485
0.614019
0.130935
0.0746732
0.341999
0.619988
0.27075
0.172458
0.0645381
0.519989
0.630399
0.158904
0.289522
0.633361
0.286082
0.632506
0.219206
0.0707259
0.425086
0.483735
0.0391099
0.662
0.256944
0.0242092
0.0529836
0.469458
0.635005
0.662
0.163153
0.34399
0.662
0.137351
0.246924
0.272074
0.373122
0.11532
0.0852534
0.0603555
0.00115076
0.195686
0.254871
0.483143
0.115005
0.28762
0.183157
0.401715
0.281107
0.0623527
0.254304
0.107606
0.36809
0.370704
0.188458
0.4002
0.0843619
0.662
0.135721
0.554732
0.113492
0.24816
0.380943
0.265022
0.0728933
0.244997
0.662
0.163685
0.247608
0.367655
0.507979
0.089989
0.164493
0.306973
0.223733
0.0508538
0.448919
0.662
0.537583
0.422726
0.0563155
0.352174
0.0395904
0.198038
0.205533
0.194971
0.154265
0.214322
0.649621
0.662
0.566584
0.449646
0.450459
0.338149
0.169986
0.0408525
0.325709
0.110165
0.249719
0.49641
0.32173
0.184613
0.460937
0.182474
0.0845659
0.350452
0.212087
0.185914
0.428987
0.633883
0.188666
0.385004
0.190231
0.662
0.244811
0.0968149
0.0797105
0.278661
0.642871
0.365031
0.282186
0.200742
0.504631
0.662
0.0497758
0.255457
0.103383
0.100907
0.0845688
0.0686908
0.0446779
0.662
0.662
0.662
0.206346
0.53073
0.396087
0.126907
0.293155
0.0380148
0.0607167
0.0201305
0.298954
0.662
0.641028
0.0590336
0.155386
0.279721
0.296846
0.325191
0.238765
0.147006
0.443598
0.662
0.607658
0.247857
0.0177543
0.175903
0.0993688
0.0110355
0.342034
0.0520576
0.154139
0.157187
0.662
0.161989
0.165794
0.0991739
0.207014
0.143001
0.245723
0.0776849
0.448446
0.0642386
0.087215
0.662
0.268298
0.662
0.117424
0.637744
0.228575
0.534297
0.158398
0.647905
0.379585
0.637079
0.0554813
0.257948
0.283927
0.0760655
0.209515
0.0933536
0.494547
0.134005
0.264367
0.273286
0.384466
0.285829
0.202292
0.472172
0.0660938
0.641699
0.529987
0.197071
0.11947
0.196881
0.123142
0.486297
0.311084
0.106241
0.264636
0.371676
0.356464
0.662
0.211019
0.049652
0.365169
0.193487
0.110367
0.152705
0.255577
0.0907766
0.13424
0.158937
0.081591
0.260861
0.0469217
0.209396
0.326637
0.215761
0.190353
0.373259
0.508022
0.0831168
0.14562
0.552143
0.10971
0.159438
0.0764576
0.204247
0.242707
0.162279
0.25365
0.0530378
0.218092
0.288516
0.126178
0.248929
0.309197
0.302951
0.0734164
0.140621
0.370257
0.598993
0.16801
0.316467
0.662
0.0976003
0.238124
0.0668026
0.0585582
0.662
0.260949
0.166139
0.217111
0.662
0.143436
0.0845166
0.147956
0.165144
0.396166
0.218627
0.100163
0.1527
0.612454
0.131021
0.504569
0.0883787
0.662
0.612838
0.153675
0.306219
0.539412
0.487285
0.662
0.662
0.153696
0.0665066
0.110747
0.124366
0.0648483
0.0787651
0.0548766
0.298561
0.662
0.238637
0.312931
0.308273
0.242016
0.347322
0.0612911
0.159436
0.302672
0.0693865
0.107093
0.321126
0.467637
0.153306
0.381081
0.190335
0.414284
0.224399
0.389154
0.107515
0.169153
0.175872
0.451856
0.350474
0.182883
0.0240472
0.409805
0.0569866
0.0591867
0.287304
0.662
0.342626
0.603212
0.112759
0.414314
0.138713
0.301699
0.0960533
0.227507
0.310596
0.0972281
0.519128
0.122653
0.185366
0.278547
0.168307
0.643616
0.0754469
0.230737
0.662
0.266879
0.662
0.202923
0.662
0.227608
0.56548
0.0601659
0.351055
0.379538
0.353774
0.579361
0.0539465
0.0861322
0.215473
0.0614447
0.3544
0.542869
0.462259
0.1887
0.454982
0.0817563
0.190653
0.662
0.0734758
0.662
0.0262394
0.491324
0.0908314
0.188344
0.204926
0.662
0.218715
0.0983976
0.238179
0.267824
0.662
0.282482
0.184324
0.411235
0.662
0.237202
0.307244
0.123649
0.170757
0.0414178
0.460117
0.244076
0.283598
0.443619
0.285766
0.197513
0.260229
0.0515706
0.0568697
0.662
0.12691
0.550331
0.283853
0.145725
0.486978
0.00280248
0.502136
0.546011
0.284814
0.646063
0.068076
0.372573
0.553194
0.518514
0.239059
0.337845
0.222112
0.416348
