0.647549
0.270947
0.286003
0.0883806
0.132986
0.410145
0.631786
0.0148868
0.12663
0.0796263
0.0139857
0.662
0.356214
0.353907
0.11692
0.662
0.662
0.662
0.256043
0.229824
0.248018
0.216407
0.662
0.467334
0.606024
0.662
0.181014
0.318821
0.160452
0.153201
0.0638016
0.0843688
0.607183
0.1957
0.0788702
0.0616613
0.0776788
0.199451
0.113714
0.0995987
0.163357
0.278253
0.655653
0.0667688
0.0672065
0.662
0.138513
0.1128
0.343785
0.614066
0.107686
0.325791
0.133618
0.20714
0.190098
0.381725
0.498676
0.218583
0.501367
0.480653
0.447655
0.32238
0.226891
0.579226
0.101444
0.119922
0.350215
0.393532
0.611062
0.645456
0.538452
0.226443
0.48302
0.191413
0.0378208
0.0919416
0.0877684
0.662
0.178544
0.518791
0.368276
0.520067
0.233421
0.147975
0.111761
0.264991
0.662
0.0735652
0.262274
0.220922
0.523365
0.342297
0.348451
0.617536
0.180783
0.0711486
0.488668
0.38658
0.112747
0.0558835
0.257979
0.662
0.013326
0.142512
0.401919
0.0208579
0.580867
0.491233
0.585954
0.662
0.145059
0.26624
0.0408733
0.218057
0.100315
0.12977
0.327072
0.55334
0.411607
0.226386
0.141408
0.662
0.214551
0.662
0.222395
0.508546
0.209148
0.483917
0.283982
0.510364
0.190414
0.302261
0.247293
0.361634
0.38286
0.0931275
0.0169504
0.416175
0.187747
0.404493
0.533821
0.662
0.251786
0.209258
0.364561
0.635044
0.166022
0.401357
0.599849
0.10316
0.662
0.662
0.269545
0.341268
0.199383
0.0946539
0.559055
0.0935778
0.436797
0.388046
0.542546
0.662
0.545528
0.240513
0.169461
0.431799
0.0559443
0.432346
0.160786
0.314762
0.430384
0.191474
0.22101
0.662
0.662
0.287521
0.579053
0.662
0.145608
0.220639
0.013573
0.29686
0.132358
0.448555
0.596553
0.374874
0.0572375
0.299545
0.552272
0.0855106
0.219382
0.0878575
0.120302
0.078328
0.357471
