0.662
0.662
0.662
0.662
0.00951985
0.457581
0.341706
0.662
0.166315
0.662
0.662
0.315054
0.662
0.435843
0.200409
0.662
0.330857
0.0658653
0.418853
0.126279
0.586091
0.189691
0.402694
0.188046
0.0747229
0.284762
0.662
0.662
0.0661708
0.336458
0.17686
0.662
0.0018314
0.138968
0.662
0.251143
0.0881328
0.183738
0.244101
0.157955
0.662
0.23913
0.40044
0.497008
0.62358
0.390155
0.0323364
0.267607
0.662
0.45213
0.0736038
0.158122
0.431911
0.159203
0.0968391
0.44144
0.662
0.11197
0.662
0.186425
0.662
0.597583
0.662
0.138268
0.245758
0.173993
0.662
0.662
0.662
0.112769
0.33703
0.290406
0.662
0.152642
0.662
0.0444352
0.0720741
0.143164
0.303811
0.170254
0.130478
0.0830769
0.376439
0.154068
0.150645
0.0694738
0.283722
0.125437
0.332458
0.185561
0.540896
0.472831
0.124334
0.203389
0.484391
0.204599
0.0733951
0.662
0.263444
0.21685
0.662
0.662
0.198936
0.662
0.444005
0.322484
0.417979
0.662
0.3636
0.206804
0.278422
0.662
0.104501
0.662
0.662
0.662
0.431916
0.201617
0.477418
0.375026
0.240544
0.166479
0.662
0.177887
0.102983
0.276162
0.152072
0.633391
0.239578
0.249385
0.643577
0.105257
0.0901595
0.052277
0.078696
0.0613074
0.083007
0.0794068
0.0452109
0.662
0.237975
0.141334
0.172157
0.662
0.00358265
0.349525
0.662
0.352134
0.662
0.0628711
0.662
0.0630226
0.662
0.662
0.662
0.204863
0.662
0.662
0.19689
0.205551
0.110025
0.12066
0.126561
0.0676402
0.181564
0.330208
0.0843359
0.173734
0.662
0.662
0.662
0.0771697
0.662
0.662
0.45388
0.662
0.662
0.662
0.662
0.0693993
0.20367
0.227893
0.345238
0.662
0.196261
0.662
0.134637
0.394802
0.201076
0.109523
0.283875
0.662
0.320711
0.494973
0.662
0.662
0.0155237
0.150625
0.271044
0.487119
0.662
0.403866
0.349364
0.662
0.15026
0.662
0.662
0.0549552
0.145107
0.17473
0.662
0.360021
0.198924
0.438822
0.662
0.196909
0.372527
0.129939
0.394856
0.662
0.245842
0.184719
0.182127
0.662
0.662
0.262405
0.662
0.662
0.662
0.662
0.662
0.426707
0.662
0.662
0.662
0.662
0.662
0.140165
0.662
0.444002
0.340299
0.371757
0.168616
0.142278
0.222738
0.662
0.116958
0.0977867
0.206578
0.662
0.132664
0.193616
0.662
0.293263
0.160544
0.662
0.662
0.662
0.369725
0.300158
0.0356105
0.0729967
0.662
0.556995
0.662
0.662
0.662
0.0442788
0.253977
0.662
0.662
0.322521
0.662
0.662
0.276121
0.662
0.240284
0.156129
0.215052
0.662
0.662
0.254363
0.135771
0.250796
0.379776
0.662
0.0973628
0.423722
0.101841
0.662
0.18154
0.435318
0.662
0.662
0.662
0.425754
0.27658
0.440358
0.662
0.662
0.310966
0.662
0.095293
0.662
0.662
0.0715833
0.662
0.662
0.425265
0.662
0.662
0.255789
0.455621
0.147026
0.19324
0.662
0.311204
0.193459
0.662
0.184863
0.633693
0.307689
0.170624
0.386485
0.222209
0.591475
0.0531366
0.662
0.139905
0.107087
0.662
0.662
0.325961
0.135707
0.662
0.473229
0.016814
0.662
0.662
0.40761
0.662
0.576834
0.0436673
0.0805111
0.436898
0.662
0.24888
0.474375
0.662
0.662
0.416971
0.662
0.507779
0.370632
0.172579
0.171424
0.393601
0.662
0.0969618
0.483435
0.0752845
0.244659
0.0472497
0.584856
0.662
0.0739649
0.346658
0.17883
0.662
0.419515
0.179771
0.267074
0.662
0.662
0.207123
0.662
0.662
0.145837
0.0692875
0.10221
0.662
0.0482846
0.177116
0.311185
0.169713
0.592129
0.662
0.205843
0.306147
0.662
0.302712
0.662
0.214088
0.662
0.662
0.200581
0.0487177
0.034581
0.356305
0.163628
0.331789
0.662
0.662
0.462099
0.662
0.00623461
0.548463
0.662
0.189875
0.662
0.662
0.326766
0.182175
0.662
0.360561
0.662
0.413684
0.662
0.458901
0.0182614
0.271277
0.662
0.176422
0.662
0.662
0.196777
0.00157453
0.162053
0.662
0.271096
0.0368353
0.507241
0.347506
0.150932
0.662
0.165461
0.662
0.154397
0.16565
0.662
0.377057
0.183546
0.309908
0.238866
0.238989
0.662
0.476461
0.662
0.0909962
0.662
0.247213
0.662
0.662
0.1914
0.0773068
0.662
0.196118
0.275987
0.662
0.250835
0.662
0.662
0.431104
0.146103
0.662
0.146342
0.662
0.662
0.227525
0.0766881
0.470279
0.319551
0.249693
0.484131
0.428832
0.101472
0.662
0.194898
0.0050583
0.531015
0.0993036
0.317493
0.662
0.662
0.187414
0.0494816
0.161133
0.0998641
0.662
0.0560548
0.117841
0.541533
0.134371
0.597096
0.391713
0.346633
0.366209
0.0995921
0.310766
0.662
0.662
0.662
0.158297
0.662
0.0969715
0.662
0.662
0.176463
0.317641
0.662
0.401451
0.41166
0.318926
0.234293
0.165412
0.403383
0.474667
0.0778458
0.103814
0.662
0.0934773
0.434364
0.554332
0.662
0.662
0.265603
0.662
0.0216733
0.662
0.662
0.152083
0.13573
0.222017
0.155112
0.202318
0.148497
0.662
0.407845
0.662
0.662
0.352805
0.662
0.662
0.662
0.243126
0.514778
0.168139
0.284667
0.0471002
0.0491019
0.121784
0.403956
0.398767
0.519595
0.662
0.276638
0.662
0.662
0.33282
0.147644
0.165631
0.281073
0.662
0.585185
0.192638
0.272813
0.662
0.662
0.154757
0.662
0.662
0.122663
0.115989
0.298181
0.662
0.178161
0.162181
0.177982
0.390058
0.662
0.0401497
0.30594
0.420205
0.118735
0.662
0.662
0.662
0.0715155
0.471499
0.114903
0.662
0.662
0.297286
0.662
0.396394
0.448598
0.0969381
0.162676
0.516182
0.662
0.662
0.0104488
0.207163
0.152972
0.144216
0.400643
0.425288
0.662
0.662
0.393971
0.662
0.449536
0.662
0.192442
0.662
0.662
0.0576596
0.662
0.662
0.315276
0.265039
0.662
0.362411
0.285484
0.273576
0.475575
0.197443
0.662
0.459488
0.364863
0.453653
0.662
0.110353
0.371167
0.662
0.193276
0.0146588
0.252101
0.362768
0.662
0.387299
0.662
0.184433
0.662
0.292495
0.146418
0.247647
0.103931
0.0253663
0.209673
0.189199
0.103536
0.662
0.182262
0.427363
0.620741
0.662
0.347904
0.124674
0.0158452
0.662
0.297947
0.185296
0.218758
0.218087
0.469952
0.662
0.104709
0.662
0.083794
0.331976
0.662
0.662
0.181383
0.0940166
0.186895
0.662
0.108487
0.213808
0.0375182
0.405346
0.662
0.341763
0.183417
0.110973
0.662
0.424271
0.398898
0.662
0.528961
0.224097
0.662
0.528547
0.662
0.08552
0.194635
0.157356
0.113338
0.244331
0.11133
0.304076
0.662
0.41612
0.662
0.140216
0.662
0.662
0.488099
0.0209407
0.106832
0.662
0.350033
0.662
0.134709
0.183469
0.121973
0.345379
0.662
0.308897
0.662
0.218931
0.0676975
0.436734
0.662
0.662
0.629224
0.130005
0.662
0.662
0.662
0.662
0.0247079
0.0240817
0.416444
0.662
0.182984
0.150489
0.662
0.259687
0.116416
0.156162
0.662
0.00940709
0.0164288
0.367609
0.0163431
0.194225
0.662
0.200078
0.432134
0.129527
0.159986
0.662
0.598288
0.662
0.11575
0.375004
0.196192
0.480017
0.662
0.46863
0.211098
0.0396588
0.662
0.195368
0.244042
0.0674453
0.182076
0.103624
0.662
0.470745
0.379912
0.249722
0.125821
0.151241
0.662
0.361687
0.662
0.475798
0.22156
0.372643
0.467538
0.662
0.346355
0.0877799
0.313293
0.662
0.147196
0.662
0.273534
0.662
0.662
0.0266968
0.502736
0.662
0.647639
0.304625
0.662
0.318834
0.240046
0.662
0.102684
0.200009
0.634536
0.187335
0.470827
0.0612562
0.145713
0.119374
0.439945
0.0471796
0.262834
0.259679
0.227978
0.587755
0.206108
0.212377
0.412184
0.268615
0.662
0.662
0.540024
0.662
0.292504
0.0250745
0.199335
0.352701
0.467342
0.130416
0.0357008
0.124467
0.433238
0.662
0.662
0.662
0.270705
0.662
0.0165399
0.267488
0.220288
0.662
0.0637336
0.276257
0.405408
0.418898
0.662
0.662
0.662
0.457671
0.0645826
0.662
0.229723
0.662
0.470504
0.662
0.205652
0.662
0.0774149
0.304002
0.662
0.362123
0.334114
0.214278
0.33817
0.662
0.662
0.425686
0.396236
0.301296
0.662
0.268415
0.609529
0.662
0.370344
0.607207
0.00546783
0.662
0.662
0.662
0.38819
0.0658844
0.0501488
0.111777
0.662
0.662
0.176988
0.546306
0.662
0.098368
0.0969978
0.20288
0.662
0.28181
0.662
0.0382271
0.469373
0.662
0.332213
0.662
0.252864
0.276199
0.1767
0.662
0.174693
0.662
0.662
0.302032
0.662
0.00433315
0.101987
0.051399
0.319419
0.662
0.0633112
0.662
0.662
0.662
0.211555
0.662
0.0732686
0.662
0.291308
0.662
0.662
0.348504
0.662
0.662
0.0348612
0.26999
0.662
0.384172
0.243857
0.178067
0.662
0.102566
0.558173
0.193242
0.150656
0.662
0.662
0.662
0.378299
0.289055
0.287849
0.662
0.662
0.662
0.149091
0.662
0.107184
0.000516055
0.0881974
0.0285997
0.662
0.184726
0.662
0.176046
0.134159
0.455658
0.662
0.662
0.662
0.272724
0.246442
0.306169
0.467593
0.232639
0.124472
0.42716
0.165461
0.460368
0.662
0.52142
0.310759
0.443521
0.153501
0.188672
0.0340345
0.199736
0.224172
0.319574
0.213684
0.662
0.662
0.211717
0.0977909
0.662
0.215549
0.662
0.0650944
0.389859
0.662
0.319382
0.097882
0.349947
0.662
0.349536
0.662
0.662
0.599293
0.14959
0.399044
0.200248
0.662
0.483809
0.127774
0.246821
0.478148
0.366735
0.662
0.149704
0.457926
0.662
0.306393
0.662
0.447518
0.662
0.0830164
0.662
0.205772
0.491803
0.662
0.28247
0.356862
0.646798
0.310366
0.662
0.662
0.662
0.0415002
0.132004
0.662
0.662
0.662
0.196492
0.00562349
0.353165
0.208053
0.222387
0.020756
0.359813
0.662
0.256199
0.662
0.662
0.105143
0.662
0.662
0.372453
0.489694
0.042156
0.662
0.662
0.125114
0.312339
0.662
0.19217
0.226082
0.489856
0.662
0.460272
0.262742
0.662
0.127265
0.540962
0.662
0.351093
0.0981632
0.392071
0.657574
0.323588
0.202431
0.662
0.0321242
0.228467
0.662
0.247704
0.0784786
0.662
0.662
0.421059
0.662
0.662
0.163621
0.284384
0.0824392
0.0258147
0.352953
0.662
0.177391
0.280331
0.0592743
0.284588
0.416558
0.662
0.0878608
0.415571
0.662
0.28178
0.000617149
0.105951
0.218051
0.662
0.38113
0.106997
0.33616
0.306318
0.163309
0.406912
0.662
0.662
0.662
0.0479588
0.028492
0.226473
0.662
0.662
0.250875
0.436741
0.50882
0.662
0.662
0.409377
0.146921
0.353076
0.073566
0.662
0.662
0.662
0.152003
0.208292
0.662
0.662
0.074683
0.401716
0.662
0.222747
0.662
0.360383
0.157391
0.15852
0.22802
0.662
0.193106
0.662
0.424184
0.662
0.662
0.662
0.475475
0.662
0.194067
0.0323337
0.662
0.662
0.227786
0.662
0.209193
0.338189
0.348988
0.0633209
0.662
0.35451
0.662
0.255624
0.662
0.122601
0.662
0.00511692
0.662
0.662
0.298381
0.420193
0.245324
0.192315
0.311606
0.184268
0.341535
0.662
0.0973655
0.436913
0.662
0.662
0.662
0.662
0.307163
0.224398
0.266267
0.10278
0.662
0.0870962
0.425084
0.662
0.662
0.662
0.662
0.662
0.0268729
0.662
0.247766
0.662
0.230699
0.437064
0.662
0.243307
0.218664
0.142865
0.181649
0.16914
0.310569
0.662
0.662
0.662
0.662
0.196638
0.128245
0.662
0.662
0.203637
0.662
0.266976
0.150265
0.471963
0.276054
0.662
0.662
0.297479
0.196905
0.54989
0.0573474
0.318884
0.171589
0.391089
0.233712
0.157391
0.662
0.0426962
0.404035
0.199816
0.342388
0.021741
0.270181
0.662
0.0861116
0.0376096
0.662
0.662
0.195084
0.261194
0.662
0.243006
0.662
0.368595
0.23775
0.662
0.123186
0.0364242
0.662
0.221043
0.0860219
0.559254
0.16721
0.662
0.662
0.662
0.662
0.2998
0.253685
0.0810143
0.160651
0.0775172
0.583636
0.195798
0.662
0.162642
0.136584
0.190377
0.020626
0.356261
0.39711
0.214725
0.606936
0.145796
0.320439
0.493089
0.662
0.662
0.0373709
0.662
0.284874
0.496283
0.158513
0.437601
0.388702
0.188677
0.0987515
0.0665964
0.662
0.662
0.120009
0.113032
0.662
0.662
0.662
0.389225
0.356175
0.069689
0.662
0.662
0.356107
0.662
0.162783
0.521248
0.662
0.350792
0.662
0.346317
0.411096
0.662
0.014623
0.506127
0.662
0.662
0.203538
0.662
0.191347
0.439897
0.423992
0.440485
0.208525
0.397953
0.662
0.41175
0.175499
0.662
0.411214
0.662
0.662
0.192916
0.662
0.145978
0.662
0.662
0.131126
0.488989
0.217857
0.119483
0.574065
0.460384
0.135755
0.662
0.265799
0.0437121
0.136164
0.466476
0.662
0.235878
0.392983
0.662
0.196158
0.16552
0.216954
0.315444
0.662
0.274018
0.220356
0.662
0.508084
0.451129
0.0255423
0.662
0.662
0.323626
0.662
0.0844208
0.298301
0.662
0.042362
0.226419
0.167205
0.32252
0.32402
0.324449
0.108889
0.620202
0.662
0.0703907
0.131922
0.208779
0.103625
0.37529
0.662
0.106736
0.27282
0.662
0.661002
0.662
0.305921
0.047702
0.662
0.222169
0.363974
0.338375
0.419639
0.182675
0.432517
0.662
0.298071
0.530028
0.662
0.662
0.265625
0.391087
0.662
0.0666104
0.662
0.662
0.284964
0.662
0.314478
0.177561
0.136902
0.662
0.474687
0.201454
0.662
0.188423
0.41731
0.100272
0.367761
0.13068
0.662
0.662
0.0981355
0.662
0.110905
0.102701
0.473124
0.662
0.662
0.148851
0.374208
0.662
0.545434
0.0643632
0.472846
0.0910725
0.416504
0.662
0.228408
0.0965389
0.662
0.467329
0.196531
0.322098
0.411914
0.662
0.00034194
0.662
0.662
0.247261
0.251216
0.440317
0.0762854
0.251247
0.253938
0.662
0.172871
0.287506
0.273095
0.325574
0.662
0.662
0.256188
0.241953
0.116372
0.662
0.309841
0.662
0.193951
0.275059
0.662
0.437856
0.0778245
0.078328
0.662
0.253517
0.662
0.662
0.565631
0.662
0.177636
0.125053
0.251569
0.662
0.662
0.662
0.455932
0.136522
0.159724
0.662
0.122171
0.139781
0.662
0.662
0.662
0.662
0.662
0.375025
0.662
0.662
0.454055
0.158767
0.385562
0.662
0.662
0.510972
0.0232764
0.662
0.662
0.167517
0.16976
0.218768
0.405156
0.114156
0.662
0.662
0.291194
0.205986
0.331212
0.662
0.662
0.662
0.256801
0.125708
0.662
0.662
0.238075
0.262184
0.404295
0.662
0.124475
0.662
0.0316356
0.31357
0.0752196
0.31886
0.345282
0.25155
0.464829
0.662
0.306571
0.094997
0.387721
0.142459
0.35051
0.662
0.224983
0.0448693
0.358717
0.382732
0.172588
0.662
0.332227
0.321605
0.662
0.223486
0.429176
0.0355804
0.209964
0.0435978
0.421522
0.662
0.662
0.199727
0.608982
0.215471
0.662
0.243759
0.408226
0.227382
0.11276
0.0606877
0.662
0.063543
0.662
0.215542
0.662
0.309069
0.00602106
0.662
0.116593
0.0818517
0.234691
0.662
0.662
0.250248
0.453314
0.0174395
0.31113
0.662
0.662
0.662
0.166776
0.410453
0.0330841
0.409896
0.164056
0.662
0.662
0.334634
0.662
0.662
0.372521
0.15534
0.249621
0.483448
0.295139
0.662
0.662
0.421929
0.193377
0.662
0.266445
0.564015
0.134292
0.19449
0.662
0.128889
0.662
0.420167
0.354064
0.611352
0.233361
0.662
0.108733
0.214395
0.2503
0.662
0.662
0.0454992
0.610021
0.255687
0.276066
0.178036
0.662
0.211982
0.662
0.130702
0.383214
0.662
0.109125
0.297382
0.195221
0.662
0.282696
0.662
0.662
0.2729
0.324009
0.344719
0.389403
0.662
0.233713
0.37499
0.187648
0.328732
0.186221
0.662
0.662
0.662
0.161634
0.455926
0.214025
0.662
0.662
0.376032
0.662
0.395286
0.0809048
0.156501
0.106663
0.662
0.135394
0.210686
0.202416
0.313753
0.662
0.212724
0.0171872
0.662
0.353995
0.191513
0.221757
0.158771
0.269506
0.361849
0.573916
0.662
0.156803
0.662
0.662
0.662
0.662
0.662
0.662
0.662
0.29408
0.0288282
0.404293
0.120154
0.339465
0.276305
0.204866
0.0552884
0.662
0.0466333
0.315629
0.307712
0.135975
0.111359
0.25229
0.662
0.662
0.18879
0.0711696
0.00931778
0.662
0.662
0.358646
0.1974
0.419426
0.662
0.356013
0.662
0.662
0.662
0.479046
0.17514
0.341144
0.284875
0.662
0.662
0.662
0.442826
0.662
0.662
0.0165819
0.662
0.0675668
0.662
0.0609057
0.4583
0.190922
0.662
0.00975171
0.662
0.662
0.12993
0.47112
0.0726586
0.268621
0.414533
0.662
0.662
0.662
0.138832
0.211738
0.129861
0.662
0.662
0.662
0.232692
0.662
0.0169616
0.662
0.207859
0.290494
0.175709
0.0189251
0.367593
0.224481
0.662
0.662
0.293837
0.662
0.662
0.613864
0.662
0.662
0.111543
0.662
0.662
0.192591
0.0651655
0.0939096
0.0887041
0.144748
0.0977005
0.0913532
0.053733
0.157193
0.0781979
0.202855
0.521785
0.337257
0.471994
0.0436014
0.662
0.465796
0.122994
0.662
0.662
0.354709
0.11343
0.0235756
0.47599
0.0662735
0.197535
0.266386
0.662
0.23231
0.662
0.298334
0.662
0.0198362
0.314134
0.662
0.496346
0.115531
0.271215
0.147045
0.0228202
0.238469
0.33862
0.139971
0.662
0.662
0.662
0.662
0.0658976
0.191539
0.264992
0.0451378
0.662
0.662
0.31105
0.281009
0.192269
0.115529
0.16224
0.0563991
0.662
0.378315
0.662
0.662
0.0862675
0.0592085
0.662
0.179981
0.180204
0.40518
0.662
0.168894
0.662
0.351482
0.235805
0.662
0.0775611
0.662
0.0739188
0.662
0.105083
0.662
0.370713
0.662
0.292859
0.336661
0.436376
0.191398
0.662
0.0176031
0.117881
0.0528941
0.118916
0.194179
0.662
0.328429
0.662
0.306092
0.39519
0.0724534
0.662
0.0329124
0.0215925
0.662
0.267487
0.638404
0.526342
0.662
0.115705
0.662
0.238287
0.171933
0.192184
0.662
0.662
0.407317
0.445976
0.517953
0.662
0.366372
0.662
0.466896
0.662
0.115933
0.41244
0.219482
0.662
0.0727889
0.662
0.0112619
0.156612
0.380919
0.662
0.293304
0.0869823
0.662
0.0611836
0.286914
0.662
0.358667
0.287473
0.662
0.662
0.210957
0.184376
0.290415
0.662
0.662
0.475511
0.299804
0.462617
0.662
0.397681
0.662
0.18902
0.230516
0.662
0.517363
0.188851
0.0954974
0.0784506
0.194851
0.158231
0.170496
0.0922279
0.662
0.662
0.176669
0.261474
0.254122
0.167254
0.0795151
0.121784
0.162462
0.0815087
0.662
0.662
0.312037
0.662
0.662
0.662
0.16237
0.36811
0.264971
0.662
0.0752503
0.239473
0.348104
0.269803
0.379017
0.00682797
0.44384
0.469833
0.662
0.0180829
0.270289
0.359593
0.662
0.134722
0.264835
0.128891
0.0431461
0.662
0.476711
0.388048
0.448055
0.149406
0.242011
0.298451
0.0844346
0.662
0.301281
0.194038
0.049814
0.63514
0.215069
0.14898
0.662
0.662
0.397179
0.386179
0.444891
0.662
0.662
0.662
0.662
0.662
0.289832
0.0596707
0.347464
0.0556139
0.566892
0.123032
0.662
0.184327
0.121289
0.0872289
0.662
0.662
0.662
0.662
0.124699
0.154838
0.343947
0.188031
0.0186678
0.316159
0.0778029
0.209097
0.354618
0.225603
0.478959
0.212449
0.488243
0.0590586
0.662
0.38823
0.0899508
0.0738483
0.306112
0.106739
0.310176
0.2236
0.316367
0.662
0.662
0.204023
0.662
0.105195
0.558837
0.198381
0.069113
0.243631
0.662
0.26891
0.51098
0.0274146
0.662
0.0689759
0.662
0.662
0.509518
0.662
0.154047
0.119953
0.340272
0.662
0.662
0.662
0.317853
0.662
0.0431487
0.389785
0.396381
0.662
0.662
0.191102
0.16928
0.00622647
0.662
0.357918
0.662
0.662
0.662
0.662
0.513345
0.662
0.25861
0.386513
0.374208
0.662
0.662
0.237632
0.662
0.129687
0.662
0.468567
0.662
0.365715
0.556001
0.333767
0.143514
0.279749
0.481269
0.662
0.020571
0.662
0.0990874
0.662
0.662
0.0893052
0.662
0.083996
0.482722
0.398112
0.662
0.143324
0.224747
0.0565222
0.662
0.662
0.261657
0.0643077
0.662
0.460704
0.115709
0.579502
0.662
0.662
0.20015
0.271927
0.662
0.384994
0.177686
0.287764
0.0557167
0.662
0.0662945
0.211109
0.253489
0.092029
0.367468
0.644524
0.325293
0.507512
0.305615
0.208307
0.271253
0.141408
0.120756
0.662
0.345526
0.0618681
0.0980996
0.158888
0.143947
0.0330613
0.662
0.230278
0.395126
0.112235
0.259112
0.369347
0.342452
0.240889
0.0787883
0.46054
0.191287
0.662
0.224535
0.376625
0.364941
0.129888
0.662
0.662
0.662
0.662
0.662
0.662
0.662
0.662
0.192066
0.11153
0.414118
0.320862
0.210804
0.461393
0.0350044
0.662
0.11298
0.297907
0.662
0.0842128
0.662
0.189996
0.203049
0.463022
0.662
0.662
0.0859748
0.146833
0.242527
0.0679288
0.0881203
0.0986727
0.662
0.662
0.21835
0.194614
0.123238
0.662
0.423928
0.198362
0.133635
0.0966312
0.45396
0.662
0.0580716
0.467858
0.215298
0.222655
0.662
0.270983
0.298938
0.0259613
0.341464
0.206206
0.662
0.374498
0.662
0.141503
0.140502
0.662
0.662
0.662
0.662
0.250815
0.154589
0.39575
0.662
0.274279
0.662
0.171136
0.194015
0.168121
0.59362
0.113885
0.662
0.280245
0.662
0.662
0.662
0.156201
0.155273
0.343363
0.30904
0.662
0.0990836
0.101659
0.662
0.227381
0.170212
0.662
0.260502
0.181178
0.252162
0.662
0.216542
0.267977
0.374045
0.662
0.662
0.333341
0.449591
0.460098
0.662
0.662
0.178453
0.147287
0.662
0.277593
0.236469
0.517678
0.477111
0.184932
0.233178
0.126123
0.662
0.45408
0.662
0.277706
0.234077
0.0887394
0.662
0.662
0.544296
0.402435
0.0194402
0.0709787
0.662
0.662
0.662
0.285693
0.630179
0.662
0.196827
0.326257
0.662
0.662
0.177413
0.302159
0.662
0.383194
0.339255
0.662
0.662
0.0285202
0.0189395
0.580878
0.116114
0.127263
0.344501
0.497753
0.160465
0.662
0.367149
0.200922
0.662
0.662
0.402344
0.210618
0.400842
0.265348
0.0865942
0.225618
0.662
0.422952
0.123508
0.222985
0.263465
0.420645
0.221309
0.135047
0.662
0.308809
0.311153
0.0458754
0.326513
0.0891921
0.31368
0.662
0.250635
0.662
0.263061
0.662
0.662
0.103578
0.433975
0.662
0.359724
0.0658981
0.662
0.0751556
0.662
0.448085
0.165458
0.122352
0.662
0.175451
0.163052
0.662
0.0093659
0.250655
0.185346
0.336206
0.0819798
0.164016
0.268156
0.280443
0.369239
0.125768
0.662
0.205275
0.139335
0.41764
0.662
0.0817576
0.345168
0.260587
0.125037
0.662
0.218879
0.662
0.40485
0.662
0.226553
0.490338
0.278621
0.127392
0.163727
0.215717
0.328838
0.181415
0.0352239
0.293356
0.227618
0.0186343
0.18948
0.347243
0.264551
0.662
0.320679
0.662
0.47391
0.662
0.155506
0.433837
0.187331
0.662
0.662
0.662
0.311012
0.133272
0.491565
0.662
0.196788
0.662
0.261592
0.0207663
0.662
0.318438
0.154643
0.210621
0.228519
0.110078
0.0564535
0.035036
0.662
0.151725
0.230968
0.117043
0.0330943
0.294723
0.662
0.662
0.662
0.662
0.662
0.310742
0.118823
0.662
0.662
0.402685
0.0525636
0.259269
0.662
0.154572
0.156476
0.0766546
0.172061
0.24155
0.172935
0.662
0.662
0.138945
0.298531
0.357446
0.11286
0.148833
0.662
0.210632
0.188482
0.662
0.0886454
0.662
0.393655
0.662
0.549314
0.233083
0.342107
0.144328
0.662
0.662
0.21848
0.445789
0.0605881
0.357813
0.237273
0.0760936
0.200237
0.193283
0.441728
0.13779
0.420425
0.218144
0.511519
0.395848
0.338948
0.142865
0.355898
0.662
0.166439
0.575423
0.572629
0.276276
0.241821
0.662
0.436122
0.429078
0.121819
0.431208
0.313441
0.662
0.662
0.662
0.324037
0.186983
0.259819
0.398879
0.662
0.177475
0.0219109
0.090878
0.32819
0.300612
0.122958
0.386455
0.662
0.171488
0.17934
0.297364
0.662
0.320688
0.662
0.113375
0.662
0.208387
0.190195
0.00975003
0.502981
0.236262
0.270688
0.08724
0.662
0.081018
0.310266
0.230767
0.16399
0.183965
0.346036
0.230281
0.140279
0.197056
0.0657009
0.387939
0.481842
0.135512
0.184018
0.238395
0.662
0.0670415
0.423612
0.662
0.152868
0.369851
0.16652
0.662
0.577354
0.409238
0.662
0.662
0.0850017
0.662
0.21221
0.662
0.662
0.318897
0.662
0.244238
0.252812
0.415472
0.404647
0.662
0.662
0.0742312
0.662
0.188877
0.238601
0.662
0.0738051
0.188762
0.662
0.662
0.277748
0.186399
0.131312
0.415423
0.431763
0.312828
0.517653
0.340682
0.351495
0.122305
0.087839
0.0143339
0.662
0.444803
0.436519
0.287846
0.662
0.662
0.116882
0.18717
0.313057
0.265454
0.662
0.662
0.163839
0.662
0.662
0.662
0.484081
0.552829
0.31963
0.662
0.0958975
0.662
0.662
0.180834
0.00169349
0.662
0.303318
0.107579
0.450622
0.284393
0.502048
0.249594
0.662
0.288193
0.0823303
0.30034
0.183602
0.0218771
0.105048
0.662
0.662
0.165894
0.458029
0.617328
0.662
0.0414494
0.330567
0.662
0.294305
0.662
0.662
0.662
0.14013
0.0318614
0.218651
0.582615
0.0503874
0.662
0.316917
0.18356
0.458942
0.662
0.292919
0.23264
0.208427
0.303682
0.662
0.325923
0.455552
0.0401566
0.662
0.412943
0.0889487
0.158273
0.662
0.219642
0.662
0.176273
0.662
0.662
0.153732
0.442913
0.34791
0.170596
0.662
0.662
0.662
0.662
0.662
0.662
0.00559902
0.662
0.138215
0.662
0.414208
0.55366
0.178744
0.514116
0.118943
0.0169507
0.279839
0.608481
0.453447
0.248218
0.662
0.662
0.119708
0.662
0.194493
0.662
0.370726
0.452662
0.163256
0.662
0.662
0.300511
0.232818
0.203205
0.445159
0.662
0.662
0.225119
0.174251
0.288104
0.494467
0.218007
0.48692
0.662
0.522874
0.195738
0.63759
0.485073
0.198567
0.426429
0.662
0.551827
0.0797581
0.0698101
0.0115711
0.662
0.662
0.662
0.112821
0.00158921
0.2618
0.662
0.215054
0.20241
0.0515314
0.662
0.662
0.206486
0.24485
0.662
0.276822
0.26376
0.0860942
0.189823
0.662
0.662
0.286425
0.662
0.662
0.271354
0.194082
0.662
0.0219046
0.042589
0.273515
0.298027
0.199955
0.662
0.662
0.662
0.662
0.219985
0.0655926
0.188832
0.458603
0.662
0.662
0.272282
0.662
0.662
0.662
0.000692644
0.393857
0.662
0.41529
0.662
0.662
0.369295
0.358552
0.365524
0.237488
0.0607522
0.184434
0.557193
0.461806
0.270923
0.662
0.662
0.26048
0.662
0.214301
0.662
0.662
0.236292
0.443165
0.440269
0.26553
0.0354088
0.480057
0.1703
0.0556612
0.662
0.662
0.0176097
0.145951
0.662
0.481722
0.368353
0.662
0.135044
0.150031
0.38654
0.473886
0.325285
0.662
0.196674
0.248767
0.080453
0.0524545
0.149592
0.662
0.105823
0.662
0.522296
0.54427
0.662
0.462822
0.105627
0.170514
0.0785064
0.0859857
0.59465
0.0378006
0.113105
0.327209
0.662
0.456058
0.662
0.102157
0.108842
0.662
0.326411
0.21484
0.662
0.188655
0.0739782
0.0694122
0.365084
0.662
0.375159
0.662
0.224842
0.662
0.662
0.205086
0.523775
0.662
0.0529721
0.223566
0.11583
0.113772
0.1535
0.313809
0.215046
0.363931
0.425015
0.0371391
0.662
0.0883013
0.19425
0.250243
0.270882
0.662
0.662
0.662
0.662
0.662
0.662
0.662
0.171997
0.223716
0.662
0.662
0.153676
0.236859
0.662
0.215348
0.662
0.411079
0.0992458
0.662
0.0658553
0.150067
0.662
0.216392
0.662
0.0100707
0.0708403
0.662
0.096633
0.322312
0.662
0.662
0.1661
0.420517
0.10993
0.324947
0.336961
0.142722
0.217143
0.312376
0.662
0.662
0.346058
0.403179
0.662
0.662
0.662
0.216219
0.132473
0.662
0.345165
0.662
0.471226
0.662
0.662
0.217904
0.252626
0.662
0.572069
0.245272
0.162344
0.0410918
0.440147
0.160555
0.214869
0.368208
0.662
0.662
0.662
0.19706
0.279369
0.195869
0.419061
0.662
0.0224058
0.662
0.176403
0.196943
0.662
0.18297
0.412748
0.156154
0.133263
0.218686
0.276715
0.173387
0.274987
0.662
0.662
0.662
0.662
0.0100319
0.197902
0.118434
0.10025
0.662
0.209309
0.286738
0.662
0.662
0.635423
0.662
0.262917
0.472067
0.451171
0.083597
0.516597
0.177527
0.513241
0.662
0.662
0.153501
0.333021
0.202155
0.440559
0.662
0.477106
0.662
0.479947
0.013999
0.662
0.112977
0.662
0.243424
0.662
0.462307
0.377237
0.032126
0.662
0.0943629
0.574427
0.662
0.662
0.0693982
0.460961
0.662
0.110796
0.284305
0.662
0.662
0.662
0.662
0.662
0.463377
0.649684
0.388514
0.0985301
0.662
0.267469
0.662
0.42265
0.182267
0.221548
0.071808
0.247363
0.115328
0.662
0.342602
0.436959
0.662
0.213375
0.272864
0.662
0.662
0.060423
0.560472
0.324411
0.0321907
0.662
0.662
0.479122
0.160169
0.39653
0.662
0.305382
0.222508
0.13029
0.34693
0.264658
0.662
0.395772
0.0432943
0.113426
0.662
0.434065
0.662
0.137064
0.413983
0.446046
0.389797
0.537947
0.179748
0.57191
0.383778
0.108093
0.18791
0.180211
0.451554
0.225822
0.662
0.275683
0.252073
0.122481
0.163662
0.662
0.458036
0.182605
0.341238
0.409374
0.0731602
0.221365
0.662
0.470516
0.662
0.00571168
0.208676
0.0562211
0.662
0.47267
0.46328
0.662
0.263633
0.387023
0.662
0.662
0.204257
0.164216
0.116283
0.261828
0.662
0.339817
0.0804587
0.543956
0.662
0.182469
0.206073
0.662
0.208779
0.662
0.662
0.150433
0.267973
0.263492
0.271027
0.283835
0.662
0.1147
0.565324
0.189092
0.662
0.115395
0.456905
0.194132
0.500981
0.124154
0.0742295
0.662
0.399924
0.18312
0.229268
0.0336394
0.487594
0.662
0.418439
0.440586
0.384425
0.458502
0.662
0.115557
0.155757
0.054857
0.0525668
0.03849
0.261475
0.542318
0.662
0.134346
0.326157
0.456339
0.662
0.476306
0.443453
0.662
0.0741002
0.662
0.171398
0.242331
0.334612
0.25788
0.274182
0.255327
0.662
0.105092
0.210953
0.231146
0.177156
0.381789
0.196794
0.329047
0.358801
0.282892
0.416881
0.491043
0.662
0.139973
0.662
0.662
0.662
0.466158
0.662
0.0718418
0.517803
0.185276
0.292942
0.662
0.662
0.331206
0.442202
0.662
0.662
0.586128
0.662
0.432031
0.662
0.174904
0.338211
0.273021
0.662
0.662
0.371462
0.662
0.322399
0.46202
0.662
0.662
0.200389
0.507045
0.0464437
0.211606
0.461939
0.018767
0.429581
0.662
0.662
0.21692
0.533061
0.106145
0.194864
0.504945
0.0113666
0.334226
0.662
0.192659
0.662
0.662
0.194377
0.45745
0.662
0.323685
0.476609
0.0778854
0.662
0.557621
0.347999
0.483338
0.123379
0.241656
0.0744615
0.662
0.0339805
0.662
0.177019
0.0878205
0.125545
0.209532
0.662
0.662
0.101927
0.662
0.662
0.575113
0.662
0.55372
0.188667
0.375903
0.0481807
0.662
0.390414
0.0793032
0.488182
0.662
0.0253586
0.280804
0.11826
0.289012
0.0669127
0.234965
0.34344
0.126757
0.662
0.662
0.467601
0.662
0.662
0.662
0.204985
0.662
0.200255
0.662
0.0111107
0.151443
0.350116
0.0591109
0.662
0.662
0.662
0.0911186
0.332467
0.662
0.247649
0.662
0.216782
0.31256
0.248826
0.424708
0.00290199
0.662
0.662
0.662
0.0883393
0.662
0.662
0.499153
0.0873953
0.399176
0.0857781
0.349731
0.0932756
0.422459
0.0876267
0.662
0.662
0.189679
0.354
0.0898875
0.302469
0.662
0.662
0.0192495
0.404175
0.292174
0.662
0.662
0.662
0.429806
0.662
0.103117
0.115391
0.280581
0.662
0.662
0.320978
0.242151
0.662
0.215274
0.329912
0.192854
0.585917
0.190823
0.662
0.376554
0.12198
0.292247
0.250235
0.662
0.0678782
0.0718176
0.662
0.552905
0.013805
0.479626
0.135453
0.662
0.662
0.662
0.662
0.0213964
0.115405
0.662
0.344351
0.068497
0.662
0.441458
0.0548894
0.0761935
0.358249
0.401318
0.193476
0.32599
0.662
0.249438
0.662
0.662
0.0817654
0.475091
0.662
0.662
0.662
0.490047
0.186735
0.0482642
0.406935
0.191057
0.282947
0.153502
0.662
0.188729
0.161497
0.446186
0.662
0.448362
0.181562
0.662
0.40525
0.662
0.188752
0.662
0.108504
0.662
0.3922
0.0762915
0.662
0.0562104
0.519474
0.0908699
0.264238
0.527902
0.662
0.620639
0.662
0.0486542
0.0859275
0.0854249
0.397991
0.203197
0.192958
0.332926
0.268362
0.662
0.255679
0.662
0.662
0.662
0.127515
0.221423
0.00371975
0.133667
0.139934
0.662
0.662
0.0694569
0.293176
0.205615
0.0532206
0.176684
0.662
0.273838
0.491218
0.19552
0.443754
0.182481
0.121789
0.662
0.212451
0.151909
0.40662
0.662
0.662
0.399664
0.387195
0.0569466
0.354365
0.0391987
0.34333
0.170875
0.662
0.662
0.332495
0.281716
0.209971
0.435341
0.425024
0.475533
0.182268
0.454284
0.577243
0.330056
0.485156
0.477019
0.662
0.124061
0.662
0.479322
0.397505
0.662
0.662
0.475121
0.29605
0.391259
0.662
0.276453
0.120139
0.169382
0.662
0.148866
0.217198
0.136325
0.294149
0.662
0.274891
0.0980085
0.662
0.662
0.163301
0.571938
0.662
0.662
0.662
0.105578
0.662
0.348761
0.330772
0.662
0.662
0.09391
0.662
0.207162
0.00591116
0.18102
0.240749
0.0267152
0.662
0.662
0.187124
0.189651
0.203898
0.662
0.162806
0.662
0.662
0.271576
0.280285
0.0301326
0.662
0.662
0.193828
0.160977
0.287696
0.662
0.257634
0.373106
0.176281
0.662
0.662
0.0797663
0.0145114
0.186637
0.662
0.662
0.243295
0.0937268
0.662
0.0839465
0.429737
0.125092
0.461451
0.133571
0.600304
0.662
0.198929
0.662
0.0674937
0.662
0.662
0.0915132
0.333147
0.662
0.49983
0.662
0.227522
0.192367
0.0438661
0.662
0.177632
0.192851
0.662
0.01927
0.223596
0.0301413
0.382392
0.662
0.476594
0.0401774
0.120764
0.434388
0.0256439
0.134569
0.662
0.140698
0.450737
0.662
0.0940237
0.337647
0.464756
0.0434439
0.122237
0.153816
0.398756
0.152748
0.342969
0.260097
0.193229
0.220856
0.51702
0.662
0.436668
0.662
0.662
0.662
0.662
0.313727
0.18339
0.160272
0.246792
0.0987512
0.101809
0.129729
0.248274
0.662
0.038814
0.662
0.662
0.633391
0.243737
0.361733
0.584185
0.662
0.354225
0.431418
0.662
0.378705
0.662
0.0866037
0.0656494
0.662
0.0699397
0.405974
0.436586
0.662
0.662
0.165726
0.662
0.0178509
0.437009
0.0366098
0.187432
0.429571
0.0474775
0.0935308
0.662
0.137451
0.662
0.0762633
0.231635
0.662
0.124138
0.662
0.452207
0.241349
0.469573
0.469317
0.0792757
0.0359659
0.199571
0.414949
0.185036
0.662
0.662
0.662
0.25688
0.120429
0.662
0.344437
0.207166
0.662
0.243263
0.662
0.179904
0.395922
0.0795016
0.662
0.0809325
0.389796
0.42399
0.522172
0.662
0.271714
0.336648
0.0565005
0.276773
0.662
0.44635
0.662
0.20916
0.0895584
0.662
0.662
0.266761
0.662
0.454764
0.395616
0.350457
0.186186
0.662
0.103889
0.40336
0.241076
0.0573151
0.319633
0.121024
0.662
0.490675
0.662
0.1742
0.662
0.281831
0.662
0.0531929
0.318913
0.662
0.347669
0.471585
0.150924
0.662
0.662
0.662
0.662
0.662
0.662
0.23388
0.0532344
0.662
0.662
0.0375535
0.45673
0.367772
0.178793
0.177224
0.662
0.364383
0.135542
0.283026
0.346573
0.579977
0.162737
0.0699874
0.112006
0.263089
0.380676
0.662
0.11065
0.662
0.236894
0.262648
0.187516
0.456619
0.662
0.0215627
0.662
0.19998
0.259929
0.092524
0.662
0.170768
0.662
0.0559771
0.662
0.524697
0.423379
0.215882
0.662
0.217233
0.276057
0.510526
0.513304
0.662
0.109269
0.662
0.619296
0.394437
0.196529
0.662
0.184523
0.662
0.662
0.475053
0.186507
0.193123
0.662
0.145037
0.0854205
0.170033
0.662
0.443838
0.422071
0.242861
0.662
0.237613
0.12995
0.159331
0.457239
0.397364
0.299253
0.662
0.662
0.0375716
0.662
0.328015
0.204907
0.271767
0.662
0.0593179
0.662
0.0423865
0.103783
0.161323
0.109512
0.144966
0.338259
0.223975
0.481221
0.229495
0.662
0.662
0.23144
0.234059
0.0393407
0.410734
0.248828
0.237165
0.44512
0.246483
0.189595
0.0859257
0.160655
0.0194654
0.662
0.18196
0.193576
0.662
0.0903131
0.662
0.103697
0.329847
0.239949
0.353937
0.0722956
0.662
0.47626
0.49843
0.662
0.662
0.662
0.662
0.662
0.662
0.274671
0.662
0.368337
0.240675
0.662
0.450834
0.0721407
0.104428
0.0243728
0.425433
0.181452
0.129911
0.662
0.662
0.662
0.185236
0.662
0.662
0.0994733
0.0786275
0.462384
0.209187
0.0975922
0.662
0.0758876
0.114735
0.662
0.184596
0.126274
0.662
0.198892
0.0958411
0.331178
0.363214
0.0707041
0.340348
0.156337
0.592325
0.662
0.488474
0.435164
0.0873688
0.181148
0.123816
0.0811785
0.439034
0.662
0.662
0.294559
0.177628
0.0252253
0.162119
0.401373
0.124489
0.662
0.307651
0.662
0.0940386
0.275861
0.430639
0.555607
0.0706926
0.083231
0.662
0.0573621
0.361298
0.205344
0.0469892
0.0639147
0.662
0.149455
0.202887
0.19838
0.662
0.260396
0.662
0.283674
0.662
0.662
0.056788
0.342653
0.509282
0.0531453
0.264057
0.0743847
0.526643
0.00457924
0.010365
0.12493
0.180647
0.662
0.0680963
0.45269
0.303473
0.662
0.662
0.059669
0.405809
0.662
0.272352
0.30522
0.332613
0.132705
0.151585
0.442423
0.662
0.368337
0.182764
0.0750715
0.662
0.662
0.0962242
0.217991
0.662
0.487358
0.0342824
0.136764
0.062444
0.268055
0.134566
0.453335
0.416856
0.268848
0.193416
0.662
0.0591166
0.451104
0.0687157
0.194194
0.217373
0.662
0.343573
0.280805
0.0349707
0.449461
0.333753
0.402823
0.662
0.662
0.662
0.0500375
0.662
0.662
0.177018
0.662
0.383659
0.0898503
0.436342
0.302003
0.10391
0.402158
0.0139243
0.662
0.662
0.479361
0.380864
0.662
0.259035
0.662
0.662
0.355632
0.662
0.495545
0.0726859
0.438241
0.195139
0.662
0.222541
0.662
0.32035
0.372799
0.662
0.662
0.662
0.121717
0.200656
0.662
0.198936
0.662
0.201814
0.244887
0.184827
0.505483
0.230491
0.662
0.662
0.662
0.0737594
0.199335
0.426419
0.662
0.662
0.662
0.662
0.115524
0.17863
0.151067
0.662
0.437892
0.662
0.662
0.222404
0.0644795
0.0313588
0.4731
0.284579
0.141896
0.20353
0.662
0.662
0.0261547
0.662
0.185484
0.662
0.256257
0.662
0.142561
0.120293
0.133727
0.662
0.289145
0.368829
0.662
0.0573438
0.15049
0.662
0.662
0.305157
0.591431
0.110886
0.662
0.496389
0.662
0.494324
0.10519
7.30064e-05
0.662
0.662
0.662
0.662
0.380699
0.213684
0.662
0.448835
0.45789
0.255846
0.140241
0.207007
0.662
0.662
0.158678
0.662
0.116285
0.662
0.394891
0.466288
0.662
0.662
0.662
0.0131986
0.0868252
0.0564754
0.0397997
0.0259462
0.499267
0.662
0.662
0.437241
0.662
0.19712
0.662
0.662
0.195676
0.110293
0.342956
0.156946
0.0604878
0.662
0.201614
0.0450444
0.308878
0.252429
0.351601
0.0859123
0.205447
0.662
0.224472
0.253994
0.662
0.191975
0.162197
0.662
0.259572
0.174325
0.662
0.125758
0.570616
0.202187
0.37769
0.662
0.102416
0.563557
0.662
0.126922
0.662
0.110075
0.662
0.340523
0.0774727
0.111349
0.662
0.662
0.109145
0.52568
0.280363
0.662
0.0183795
0.181333
0.273635
0.237012
0.058845
0.284769
0.345124
0.0654217
0.255624
0.662
0.104375
0.0418511
0.229738
0.0414739
0.184634
0.662
0.168777
0.250675
0.431327
0.399559
0.267903
0.371955
0.457944
0.238119
0.110682
0.193758
0.289196
0.0436953
0.662
0.358159
0.662
0.153714
0.283517
0.197137
0.230036
0.512884
0.450383
0.662
0.205448
0.248017
0.0288995
0.662
0.196254
0.412735
0.282574
0.257563
0.180937
0.662
0.212689
0.662
0.0303725
0.662
0.418782
0.30484
0.207572
0.347983
0.202921
0.191705
0.662
0.130226
0.662
0.25631
0.662
0.327164
0.129806
0.11563
0.662
0.097198
0.206869
0.210255
0.209239
0.662
0.0325756
0.112635
0.662
0.452855
0.454751
0.23411
0.662
0.3927
0.662
0.662
0.347202
0.21747
0.389355
0.257031
0.3386
0.662
0.439175
0.577878
0.438432
0.662
0.179408
0.0891693
0.662
0.662
0.0120369
0.662
0.662
0.330698
0.662
0.662
0.14721
0.145057
0.295122
0.226405
0.185567
0.662
0.217777
0.131823
0.492078
0.662
0.407619
0.61228
0.430136
0.625067
0.420718
0.662
0.190479
0.0865464
0.474444
0.442393
0.38207
0.662
0.0843075
0.239038
0.309361
0.493502
0.662
0.344957
0.662
0.222443
0.470476
0.364906
0.0771152
0.662
0.463261
0.150893
0.0836486
0.235175
0.0545011
0.170574
0.312431
0.187644
0.477068
0.620822
0.282846
0.13
0.109983
0.662
0.4301
0.186305
0.105896
0.157069
0.0514065
0.0559678
0.600842
0.397651
0.662
0.199539
0.60054
0.248635
0.419708
0.329028
0.241416
0.270965
0.114764
0.662
0.126603
0.194135
0.346177
0.0531235
0.662
0.0881709
0.212117
0.18895
0.662
0.662
0.662
0.293207
0.662
0.208663
0.140058
0.296201
0.0761115
0.662
0.248226
0.342277
0.662
0.0576883
0.397401
0.108014
0.662
0.139896
0.662
0.239558
0.0359224
0.186529
0.662
0.662
0.0444205
0.463251
0.662
0.662
0.662
0.662
0.662
0.09159
0.662
0.373054
0.468564
0.409066
0.0655981
0.210504
0.579478
0.662
0.662
0.18223
0.267074
0.0504435
0.662
0.269992
0.662
0.662
0.190592
0.662
0.131521
0.364609
0.662
0.254519
0.0531136
0.376584
0.450536
0.662
0.662
0.662
0.533944
0.294347
0.402609
0.252696
0.257383
0.662
0.662
0.194791
0.101114
0.117743
0.555076
0.662
0.133715
0.662
0.262202
0.662
0.662
0.463246
0.371372
0.662
0.536608
0.662
0.662
0.068284
0.355104
0.487608
0.158426
0.1161
0.19604
0.662
0.662
0.320866
0.0468553
0.662
0.625788
0.243472
0.662
0.218472
0.34756
0.0565007
0.477258
0.662
0.455484
0.104556
0.662
0.247478
0.662
0.662
0.662
0.662
0.662
0.0122384
0.662
0.662
0.246742
0.662
0.391671
0.10219
0.662
0.662
0.57008
0.288788
0.131933
0.662
0.20647
0.0859809
0.261784
0.140811
0.17915
0.402342
0.19586
0.455506
0.355802
0.662
0.662
0.14828
0.126244
0.662
0.175643
0.662
0.18114
0.0129308
0.126012
0.662
0.0845629
0.662
0.14079
0.662
0.0470324
0.0287882
0.0185081
0.186913
0.158656
0.0600122
0.231224
0.662
0.662
0.354852
0.662
0.112859
0.447344
0.300805
0.236672
0.311745
0.662
0.662
0.127228
0.208535
0.662
0.662
0.662
0.485922
0.0421638
0.662
0.662
0.190574
0.351327
0.282174
0.453742
0.272744
0.662
0.129759
0.373489
0.0304015
0.662
0.120161
0.39537
0.184334
0.43178
0.662
0.264445
0.420423
0.020889
0.662
0.662
0.11665
0.137045
0.225725
0.238592
0.136223
0.193954
0.662
0.152944
0.189805
0.662
0.452788
0.194074
0.298098
0.270494
0.400458
0.134759
0.469738
0.37764
0.0548661
0.227701
0.662
0.662
0.170715
0.167865
0.163678
0.662
0.135871
0.261347
0.0900274
0.662
0.461373
0.662
0.114966
0.662
0.42776
0.42175
0.0483726
0.197849
0.662
0.50434
0.662
0.0458977
0.662
0.443402
0.208939
0.662
0.305512
0.12643
0.375889
0.662
0.0950796
0.260518
0.349137
0.285927
0.662
0.662
0.662
0.0865113
0.662
0.398035
0.0909969
0.137205
0.0700067
0.662
0.662
0.662
0.662
0.15568
0.662
0.125112
0.662
0.662
0.662
0.662
0.662
0.374503
0.662
0.662
0.140804
0.662
0.203256
0.662
0.662
0.226143
0.0917343
0.662
0.662
0.464974
0.662
0.210943
0.109029
0.662
0.130117
0.0250392
0.209348
0.662
0.425414
0.662
0.369494
0.662
0.662
0.662
0.0866109
0.457072
0.208468
0.125544
0.624217
0.662
0.254791
0.27333
0.662
0.2988
0.662
0.525942
0.147667
0.62897
0.358414
0.662
0.220626
0.14048
0.662
0.117724
0.413885
0.367688
0.205159
0.662
0.366379
0.662
0.280882
0.0936937
0.264181
0.210261
0.0397944
0.0475045
0.662
0.11454
0.662
0.195589
0.0639675
0.662
0.662
0.625689
0.0370507
0.662
0.256869
0.105145
0.390785
0.194588
0.245859
0.662
0.662
0.215683
0.36287
0.263866
0.662
0.324717
0.471683
0.255527
0.308839
0.296862
0.662
0.277119
0.291678
0.281173
0.493828
0.662
0.662
0.662
0.305312
0.277883
0.377204
0.36294
0.662
0.153267
0.175343
0.662
0.335359
0.662
0.662
0.320583
0.177576
0.178806
0.151555
0.36561
0.232057
0.065025
0.18795
0.0795545
0.613611
0.550953
0.662
0.41544
0.662
0.0416547
0.662
0.662
0.0718291
0.216002
0.102335
0.298684
0.0744717
0.156143
0.662
0.0874844
0.498587
0.0542897
0.662
0.0948392
0.0869772
0.662
0.502973
0.662
0.178356
0.174248
0.410635
0.184757
0.246231
0.0824978
0.662
0.17012
0.438692
0.174512
0.662
0.243104
0.662
0.0538216
0.662
0.134086
0.662
0.662
0.45031
0.662
0.29201
0.633391
0.662
0.662
0.197352
0.662
0.662
0.662
0.0244247
0.662
0.31295
0.122878
0.662
0.662
0.662
0.662
0.662
0.356003
0.662
0.662
0.541834
0.00701393
0.662
0.662
0.0871445
0.114779
0.205915
0.405814
0.662
0.00601315
0.100255
0.662
0.662
0.349262
0.662
0.385819
0.662
0.129506
0.0833784
0.125244
0.404132
0.0849141
0.111054
0.662
0.152448
0.662
0.341043
0.330524
0.00592844
0.662
0.662
0.436575
0.446287
0.378955
0.475171
0.545135
0.0446928
0.662
0.662
0.491938
0.384838
0.375727
0.0641269
0.340155
0.268691
0.662
0.662
0.0622563
0.0436291
0.0325319
0.306707
0.171782
0.662
0.319219
0.00232637
0.245853
0.662
0.0640217
0.350229
0.662
0.662
0.155393
0.0179117
0.662
0.662
0.422414
0.228383
0.662
0.25491
0.341199
0.0872276
0.108754
0.048111
0.558779
0.222304
0.157261
0.204348
0.087222
0.120581
0.310134
0.105522
0.214504
0.169001
0.0435175
0.662
0.0231353
0.184888
0.464872
0.63686
0.662
0.367425
0.198587
0.216049
0.232355
0.662
0.662
0.662
0.0366717
0.0768873
0.662
0.662
0.16511
0.41349
0.662
0.0341808
0.271435
0.160305
0.662
0.183611
0.662
0.662
0.0851791
0.412538
0.139691
0.0777622
0.161442
0.0154158
0.391805
0.345517
0.0469029
0.662
0.246928
0.275119
0.662
0.662
0.472809
0.131033
0.662
0.125599
0.274394
0.319701
0.373277
0.0590197
0.0529536
0.662
0.410564
0.354823
0.662
0.662
0.184122
0.0589973
0.662
0.662
0.321904
0.662
0.662
0.0338557
0.662
0.451289
0.302134
0.662
0.662
0.662
0.36353
0.178067
0.209481
0.0918403
0.662
0.165403
0.662
0.272849
0.115986
0.662
0.155073
0.662
0.0935119
0.440748
0.0770427
0.0845875
0.0153382
0.107177
0.202878
0.520415
0.298195
0.145687
0.198964
0.308278
0.344169
0.662
0.0417019
0.237323
0.0214693
0.313991
0.230811
0.196807
0.662
0.662
0.662
0.662
0.662
0.662
0.201909
0.662
0.132267
0.662
0.1913
0.0651086
0.0194618
0.140397
0.662
0.662
0.338429
0.424968
0.662
0.0354679
0.662
0.662
0.662
0.662
0.662
0.662
0.662
0.319892
0.073189
0.662
0.584603
0.662
0.129157
0.662
0.510105
0.118955
0.662
0.00539791
0.169449
0.54318
0.357771
0.662
0.239903
0.48108
0.105478
0.195592
0.662
0.662
0.238359
0.26595
0.277634
0.389834
0.435917
0.149729
0.196362
0.662
0.422084
0.124208
0.0958124
0.240674
0.594056
0.1676
0.467086
0.662
0.390122
0.252582
0.662
0.248864
0.182704
0.662
0.171862
0.409091
0.476679
0.111713
0.116768
0.0491015
0.126674
0.662
0.662
0.0762675
0.662
0.270714
0.238466
0.592677
0.662
0.397969
0.442514
0.174592
0.222228
0.0351181
0.662
0.202031
0.662
0.662
0.157002
0.19418
0.662
0.662
0.120481
0.449859
0.221065
0.450095
0.662
0.114121
0.0695127
0.662
0.662
0.662
0.662
0.330512
0.232132
0.662
0.662
0.662
0.208106
0.358523
0.396286
0.448992
0.25522
0.662
0.662
0.662
0.109071
0.662
0.662
0.129093
0.0438443
0.662
0.662
0.0589426
0.186434
0.0274783
0.354045
0.358636
0.125607
0.379503
0.139326
0.662
0.0160978
0.425813
0.184698
0.211093
0.662
0.143794
0.129667
0.101818
0.268472
0.662
0.226084
0.26453
0.662
0.117373
0.304898
0.356668
0.242772
0.662
0.0462452
0.662
0.662
0.136797
0.194062
0.149397
0.0835119
0.0656055
0.455083
0.172974
0.0531233
0.316654
0.215379
0.174426
0.662
0.131883
0.119497
0.0685937
0.466578
0.203036
0.103846
0.662
0.662
0.662
0.479141
0.158551
0.662
0.337828
0.30958
0.255685
0.204621
0.662
0.40731
0.457663
0.662
0.398517
0.662
0.195351
0.0467985
0.43918
0.662
0.662
0.0176897
0.194507
0.662
0.662
0.158301
0.419522
0.0577376
0.181154
0.291361
0.215378
0.4449
0.130078
0.662
0.0505606
0.662
0.226211
0.662
0.662
0.334316
0.0156699
0.0572002
0.140489
0.196397
0.393491
0.153775
0.662
0.0276622
0.662
0.662
0.662
0.662
0.662
0.374795
0.047908
0.198964
0.662
0.662
0.107373
0.662
0.170925
0.662
0.662
0.191999
0.333167
0.662
0.0261184
0.412958
0.434167
0.280294
0.124614
0.526109
0.308904
0.662
0.475025
0.662
0.238191
0.43432
0.0948043
0.220263
0.662
0.281262
0.662
0.116577
0.662
0.662
0.326546
0.662
0.662
0.662
0.218359
0.561326
0.507552
0.221829
0.662
0.172827
0.245887
0.501995
0.443464
0.662
0.0821998
0.46921
0.662
0.0937438
0.0145501
0.416019
0.662
0.197424
0.662
0.322931
0.0639435
0.268408
0.274555
0.662
0.662
0.662
0.619038
0.286167
0.0736641
0.662
0.0314148
0.662
0.370273
0.27195
0.397166
0.662
0.662
0.662
0.239093
0.442397
0.112405
0.345066
0.662
0.662
0.133501
0.662
0.510918
0.361918
0.229749
0.185629
0.553244
0.662
0.10047
0.317963
0.442451
0.662
0.662
0.23
0.164527
0.662
0.662
0.184566
0.316425
0.662
0.233987
0.0944372
0.158514
0.662
0.662
0.152864
0.662
0.182528
0.305397
0.134935
0.662
0.662
0.662
0.159933
0.138239
0.320194
0.201504
0.182258
0.662
0.455513
0.00590812
0.330514
0.662
0.662
0.662
0.0831734
0.239387
0.662
0.10692
0.49274
0.200084
0.0992807
0.466527
0.190103
0.153409
0.116622
0.662
0.502413
0.157244
0.662
0.662
0.337986
0.0456945
0.17909
0.662
0.190353
0.107651
0.662
0.128976
0.201521
0.427485
0.209239
0.662
0.662
0.245086
0.450094
0.0627721
0.350146
0.662
0.662
0.222111
0.662
0.662
0.197676
0.662
0.296191
0.244305
0.496519
0.279084
0.662
0.476869
0.662
0.662
0.359445
0.662
0.310043
0.662
0.0947189
0.662
0.662
0.662
0.662
0.662
0.274991
0.302659
0.256939
0.129429
0.0404205
0.662
0.186007
0.379695
0.370132
0.398826
0.117279
0.629757
0.169116
0.485363
0.662
0.0721029
0.662
0.0283468
0.183156
0.389597
0.662
0.24563
0.0436496
0.453263
0.200099
0.0983813
0.662
0.662
0.662
0.662
0.662
0.116084
0.662
0.0337245
0.662
0.662
0.662
0.662
0.193726
0.191823
0.290955
0.190035
0.586045
0.433813
0.376761
0.662
0.116141
0.0443886
0.163065
0.662
0.662
0.662
0.260225
0.00557416
0.211493
0.662
0.00910091
0.305162
0.16245
0.662
0.662
0.188272
0.662
0.169702
0.662
0.0478171
0.0805746
0.167809
0.167936
0.662
0.121752
0.662
0.2364
0.338748
0.105208
0.662
0.471746
0.3307
0.269264
0.00842417
0.191654
0.662
0.662
0.240688
0.294783
0.300864
0.109224
0.244395
0.297038
0.184771
0.662
0.113186
0.662
0.143767
0.0054212
0.0596547
0.662
0.345094
0.12075
0.662
0.381464
0.194457
0.662
0.289062
0.211536
0.662
0.3524
0.190427
0.662
0.662
0.134685
0.662
0.375024
0.662
0.662
0.145239
0.196439
0.233364
0.662
0.536169
0.662
0.165811
0.19605
0.662
0.0958498
0.662
0.262527
0.121732
0.662
0.662
0.206456
0.662
0.662
0.46033
0.152447
0.662
0.285939
0.0510391
0.320963
0.417927
0.106663
0.261243
0.419754
0.662
0.0459831
0.102469
0.662
0.260136
0.335252
0.41835
0.10892
0.662
0.553882
0.375444
0.0765264
0.345852
0.554955
0.662
0.662
0.0528801
0.204871
0.200856
0.662
0.662
0.662
0.452524
0.197151
0.662
0.662
0.662
0.29991
0.237318
0.662
0.234848
0.451188
0.662
0.0330153
0.177053
0.433011
0.199649
0.118939
0.662
0.28835
0.101176
0.215482
0.662
0.13107
0.121582
0.662
0.662
0.662
0.256271
0.382298
0.206969
0.662
0.650135
0.662
0.662
0.161287
0.662
0.0128221
0.363026
0.116522
0.662
0.0726011
0.228655
0.175037
0.662
0.106748
0.384481
0.662
0.154326
0.112889
0.445791
0.450869
0.662
0.662
0.436606
0.662
0.472174
0.207345
0.223645
0.0276441
0.271336
0.187986
0.373651
0.662
0.00433567
0.0852146
0.123654
0.662
0.251118
0.246624
0.662
0.14054
0.122748
0.662
0.102061
0.662
0.141877
0.277195
0.335139
0.207811
0.662
0.490475
0.342647
0.131249
0.662
0.272303
0.662
0.0853512
0.662
0.242103
0.662
0.218014
0.328519
0.38471
0.0648267
0.28054
0.0747775
0.0681434
0.158145
0.222654
0.662
0.662
0.156982
0.662
0.416433
0.0504336
0.0463925
0.0774203
0.220134
0.198829
0.447014
0.483701
0.144435
0.662
0.070896
0.0750948
0.662
0.662
0.662
0.662
0.1599
0.662
0.662
0.135808
0.662
0.403431
0.172605
0.117012
0.326738
0.536482
0.662
0.140249
0.0843055
0.237786
0.343929
0.239286
0.464105
0.662
0.0955748
0.524263
0.530409
0.662
0.0552524
0.662
0.662
0.662
0.402329
0.214945
0.662
0.292218
0.0981906
0.0578434
0.662
0.662
0.662
