0.662
0.1002
0.0291499
0.0913969
0.133552
0.306226
0.34292
0.55852
0.124612
0.566355
0.139257
0.261196
0.662
0.61529
0.158554
0.178375
0.0427994
0.467495
0.318295
0.0104638
0.296678
0.348837
0.081837
0.0825533
0.24142
0.662
0.104688
0.00299438
0.170458
0.216307
0.345894
0.00615245
0.0203135
0.239412
0.0883543
0.332498
0.184698
0.152035
0.109318
0.163811
0.175292
0.226571
0.0531227
0.390747
0.662
0.237368
0.261991
0.180768
0.095265
0.0553425
0.569934
0.459942
0.0854136
0.250794
0.104605
0.662
0.412806
0.285545
0.0574431
0.27584
0.495425
0.662
0.583104
0.0102295
0.124506
0.251271
0.111544
0.633477
0.0803571
0.367772
0.0635828
0.345329
0.120548
0.662
0.255435
0.0700766
0.344578
0.0971365
0.397307
0.151003
0.227699
0.21068
0.0522198
0.223672
0.0583112
0.239377
0.404166
0.496207
0.190418
0.527045
0.480198
0.203957
0.358586
0.662
0.514493
0.540409
0.124126
0.184548
0.23372
0.20973
0.111712
0.0934465
0.0264949
0.300225
0.662
0.254614
0.105835
0.105953
0.530672
0.662
0.151966
0.43182
0.600129
0.0381681
0.662
0.0412377
0.00838738
0.0346459
0.121172
0.0379346
0.402271
0.325879
0.195309
0.143708
0.405841
0.131848
0.188325
0.169579
0.216643
0.392905
0.281807
0.607066
0.142111
0.0783022
0.0342115
0.0774784
0.105738
0.119007
0.113226
0.0988714
0.204018
0.34182
0.25271
0.368787
0.399703
0.0688499
0.114378
0.157979
0.51642
0.178288
0.662
0.216768
0.211198
0.0865766
0.0874527
0.411296
0.194729
0.594635
0.609415
0.208102
0.343968
0.473052
0.0525128
0.0859143
0.463381
0.199957
0.235383
0.522964
0.573931
0.170792
0.509742
0.462343
0.141438
0.536642
0.568577
0.149339
0.166882
0.1971
0.210484
0.607432
0.0126906
0.662
0.133661
0.587143
0.662
0.0794005
0.0492278
0.368875
0.362173
0.040551
0.0997856
0.0901431
0.361651
0.194817
0.126494
0.662
0.172493
0.564807
0.440291
0.158148
0.341327
0.226655
0.151983
0.43042
0.266639
0.0642581
0.358503
0.153822
0.0743163
0.321445
0.228663
0.400284
0.662
0.662
0.404148
0.276289
0.378147
0.0479839
0.052883
0.00687622
0.0347007
0.275052
0.662
0.0690557
0.0572604
0.0830032
0.0499842
0.155697
0.166718
0.316409
0.476597
0.108582
0.0604629
0.207381
0.00764474
0.10634
0.0323727
0.662
0.151442
0.273061
0.130949
0.104249
0.145378
0.12579
0.466812
0.232419
0.010157
0.662
0.085266
0.064754
0.265159
0.255069
0.652794
0.3834
0.466281
0.447905
0.150418
0.269422
0.335965
0.299628
0.0350314
0.662
0.391908
0.590905
0.0721366
0.0856115
0.231914
0.122813
0.0766123
0.662
0.227536
0.00891233
0.119345
0.25524
0.127385
0.0874657
0.166223
0.0895405
0.138282
0.314696
0.0355575
0.218905
0.133249
0.112552
0.0799563
0.109258
0.236231
0.0953134
0.259067
0.278745
0.0602374
0.467648
0.139685
0.222375
0.273268
0.10217
0.388545
0.124219
0.354992
0.32126
0.19596
0.0472826
0.285207
0.0125212
0.036997
0.136836
0.309955
0.182101
0.625919
0.0389224
0.662
0.0583985
0.490358
0.288082
0.282418
0.662
0.314227
0.33912
0.160789
0.0385504
0.347437
0.111183
0.554206
0.325532
0.0924642
0.353223
0.00521411
0.336406
0.662
0.497292
0.0394935
0.662
0.591601
0.0712024
0.0505325
0.398434
0.260292
0.575662
0.662
0.283334
0.202444
0.20956
0.237361
0.439291
0.17759
0.241983
0.662
0.501449
0.662
0.148897
0.662
0.259216
0.344718
0.117013
0.083039
0.232169
0.442924
0.662
0.422788
0.272857
0.176864
0.419864
0.118571
0.0811083
0.461961
0.650396
0.232896
0.0943621
0.0879237
0.256401
0.116391
0.521261
0.121544
0.18927
0.662
0.662
0.19098
0.185963
0.439731
0.662
0.630079
0.138501
0.125618
0.0870332
0.456032
0.280259
0.0458189
0.0680443
0.242931
0.0609807
0.235751
0.115252
0.0456759
0.0501306
0.389743
0.0776802
0.0877386
0.359406
0.541768
0.165528
0.0652209
0.00572483
0.22751
0.200979
0.162003
0.211684
0.535455
0.342158
0.0634288
0.181479
0.139567
0.255272
0.0838823
0.0912286
0.0905746
0.0881542
0.321731
0.100361
0.180802
0.597869
0.115268
0.256093
0.0295569
0.493817
0.18059
0.00620352
0.124341
0.257136
0.649174
0.232908
0.201118
0.31975
0.126688
0.134249
0.203581
0.167212
0.19846
0.358963
0.182429
0.101289
0.662
0.127984
0.563842
0.428466
0.18562
0.303544
0.662
0.0559854
0.422655
0.167904
0.329954
0.416155
0.354418
0.662
0.662
0.149885
0.0731516
0.625646
0.325659
0.1779
0.0753294
0.124579
0.310112
0.28199
0.242399
0.584291
0.374122
0.662
0.200809
0.141981
0.252074
0.425423
0.327022
0.353486
0.662
0.128865
0.25258
0.419002
0.487736
0.491241
0.152765
0.288306
0.0525294
0.0598233
0.108834
0.0659134
0.125559
0.319362
0.20639
0.594589
0.414275
0.113491
0.0956139
0.336387
0.0889544
0.662
0.0880266
0.662
0.423973
0.225598
0.0766514
0.10588
0.0556186
0.211485
0.162088
0.373871
0.173068
0.662
0.662
0.0838437
0.128164
0.17361
0.357784
0.0981773
0.177872
0.587321
0.114697
0.42743
0.148077
0.381268
0.057396
0.0679318
0.106294
0.306863
0.604421
0.0315345
0.0749612
0.123736
0.302693
0.154816
0.237253
0.346469
0.0561047
0.105858
0.662
0.191554
0.297094
0.149142
0.358767
0.160478
0.275977
0.0319827
0.662
0.662
0.171648
0.0989395
0.102637
0.0862641
0.174024
0.0509407
0.06992
0.59081
0.274144
0.0782155
0.160563
0.0432097
0.0449771
0.00261137
0.587771
0.354452
0.0464789
0.0948456
0.0270096
0.244085
0.0873146
0.367222
0.217167
0.329437
0.662
0.331615
0.120436
0.13075
0.0625187
0.100593
0.184253
0.0776523
0.43211
0.420768
0.176688
0.00638691
0.256786
0.662
0.644955
0.355727
0.103073
0.330576
0.176369
0.37754
0.135929
0.1028
0.295417
0.291433
0.0469334
0.050687
0.184784
0.12501
0.279588
0.0880125
0.290039
0.411382
0.355602
0.225818
0.400195
0.115261
0.388675
0.116787
0.188592
0.273222
0.662
0.219215
0.206343
0.11743
0.416339
0.662
0.144996
0.106422
0.170339
0.662
0.236703
0.213708
0.119628
0.207995
0.319228
0.411891
0.54707
0.662
0.170596
0.454436
0.140007
0.662
0.190779
0.662
0.438899
0.0656163
0.0746726
0.126774
0.145851
0.0666773
0.127045
0.0528077
0.165586
0.215689
0.0518188
0.505245
0.295648
0.472431
0.476987
0.289516
0.347167
0.225861
0.156456
0.441942
0.230094
0.0631684
0.662
0.0591034
0.0877907
0.0960755
0.489672
0.474654
0.258792
0.255781
0.193905
0.213585
0.0656978
0.190856
0.190623
0.593711
0.0557699
0.457266
0.662
0.0690205
0.222309
0.063893
0.576398
0.0186109
0.621964
0.188932
0.135888
0.0655768
0.178466
0.336073
0.662
0.0826829
0.408821
0.183291
0.27292
0.148083
0.662
0.160408
0.632067
0.230932
0.484743
0.397792
0.516827
0.171405
0.0529823
0.662
0.192279
0.662
0.247505
0.221275
0.662
0.335382
0.569197
0.0465977
0.109236
0.0694606
0.137742
0.400092
0.279823
0.374963
0.270249
0.0240643
0.66022
0.233734
0.0918933
0.0593955
0.336171
0.168229
0.662
0.662
0.075145
0.153211
0.662
0.0108618
0.307538
0.0558162
0.0818908
0.471598
0.246339
0.0840322
0.0850664
0.0213534
0.108566
0.662
0.662
0.176684
0.662
0.118593
0.299897
0.0552649
0.477922
0.370957
0.0607562
0.496235
0.111668
0.159686
0.212733
0.113635
0.129547
0.183789
0.103513
0.212237
0.662
0.0726297
0.245081
0.0177282
0.592558
0.1766
0.377667
0.469511
0.0635665
0.209139
0.0695882
0.044087
0.191289
0.540491
0.0497258
0.169759
0.372626
0.129758
0.0528393
0.282176
0.104831
0.571971
0.240926
0.662
0.467919
0.343612
0.326342
0.159047
0.416832
0.0139805
0.176426
0.294086
0.536408
0.0976292
0.310575
0.128174
0.612678
0.273796
0.12611
0.282904
0.343346
0.468803
0.17119
0.116963
0.470264
0.377773
0.218476
0.61962
0.122445
0.0710293
0.160163
0.354372
0.33665
0.0978337
0.0939264
0.0478817
0.0751838
0.351569
0.327113
0.00828071
0.224839
0.0709633
0.0398485
0.320432
0.662
0.105491
0.14589
0.100559
0.277244
0.060218
0.320585
0.662
0.628091
0.514311
0.662
0.575161
0.599908
0.136716
0.379456
0.0904219
0.0941536
0.470331
0.384385
0.126925
0.0928285
0.0289809
0.215265
0.127972
0.0571359
0.143891
0.0655379
0.152709
0.662
0.662
0.0506189
0.0333086
0.466093
0.108489
0.178111
0.573699
0.176268
0.0871689
0.0253528
0.383663
0.130329
0.0753744
0.32547
0.161273
0.0882665
0.193336
0.120967
0.453754
0.447142
0.26594
0.118128
0.309127
0.662
0.230915
0.172216
0.206678
0.136726
0.110159
0.11234
0.0777911
0.469218
0.20929
0.0629874
0.166055
0.46645
0.0868909
0.103517
0.48593
0.474943
0.0825919
0.16122
0.0619479
0.0825969
0.0555941
0.106389
0.067921
0.174854
0.255708
0.662
0.259448
0.662
0.144106
0.297144
0.21866
0.381732
0.0772404
0.662
0.145218
0.662
0.436393
0.0393626
0.421853
0.123586
0.0426775
0.25008
0.0258258
0.0799878
0.222899
0.107879
0.0355369
0.662
0.0961024
0.17217
0.335264
0.358281
0.495766
0.0999043
0.0856668
0.328634
0.0463454
0.0696645
0.480459
0.408019
0.331098
0.315645
0.312263
0.152536
0.185173
0.443855
0.559531
0.26783
0.0703654
0.274166
0.662
0.103896
0.0330182
0.386952
0.11814
0.379993
0.180388
