0.033755
0.117355
0.560592
0.662
0.110646
0.233368
0.226386
0.191441
0.0711802
0.368037
0.29996
0.662
0.395153
0.523135
0.347716
0.223376
0.114132
0.662
0.662
0.372692
0.269545
0.647549
0.0705743
0.222254
0.454264
0.0421251
0.286203
0.388453
0.00707823
0.053907
0.136087
0.171889
0.315796
0.0452712
0.0641615
0.662
0.214551
0.662
0.103626
0.512448
0.502532
0.12902
0.00702231
0.0794654
0.257079
0.611952
0.1671
0.662
0.662
0.593558
0.454244
0.637144
0.186086
0.508674
0.545528
0.259744
0.0460041
0.0638933
0.290474
0.468593
0.189282
0.149583
0.183919
0.662
0.118044
0.251185
0.120107
0.00153278
0.339567
0.441529
0.207663
0.153159
0.13012
0.156015
0.219376
0.625888
0.419814
0.0651933
0.662
0.662
0.23566
0.0415527
0.545966
0.0908454
0.128435
0.230311
0.170571
0.0899679
0.0734308
0.366568
0.662
0.662
0.121472
0.602184
0.111443
0.442577
0.662
0.0488043
0.152372
0.281283
0.299503
0.662
0.223211
0.158556
0.203951
0.0807621
0.518542
0.598273
0.0510263
0.235398
0.097501
0.132917
0.115513
0.0712565
0.0430968
0.0880631
0.0717715
0.662
0.108773
0.343762
0.000224521
0.459358
0.129224
0.264913
0.348706
0.349615
0.474714
0.155149
0.297292
0.0459848
0.359825
0.123849
0.382147
0.194422
0.30994
0.273368
0.232227
0.365314
0.012213
0.112658
0.320575
0.318271
0.215205
0.0781935
0.273861
0.153002
0.522648
0.376913
0.500584
0.150191
0.372845
0.361006
0.0111949
0.111643
0.24623
0.545582
0.0473301
0.662
0.349576
0.0696886
0.318469
0.0539359
0.34734
0.489634
0.662
0.329445
0.128891
0.145639
0.192458
0.572302
0.466601
0.106526
0.161461
0.339024
0.375323
0.451331
0.415464
0.138325
0.105075
0.382327
0.398097
0.214659
0.141395
0.376215
0.270193
0.0794765
0.310557
0.359697
0.156552
0.104922
0.323412
0.662
0.0670886
0.196449
0.533821
0.144722
0.114897
0.116862
0.124264
0.615001
0.207975
0.151723
0.160452
0.575343
0.128114
0.494798
0.24463
0.0589665
0.232925
0.351431
0.44038
0.106783
0.0712562
0.0731119
0.234004
0.302175
0.361668
0.174051
0.324792
0.239834
0.2884
0.662
0.662
0.0940608
0.0574113
0.195723
0.121316
0.121433
0.249746
0.313114
0.443151
0.468608
0.662
0.297262
0.0774926
0.106778
0.261583
0.430008
0.117271
0.112016
0.22934
0.388627
0.119066
0.662
0.277
0.662
0.0450803
0.150343
0.127579
0.219334
0.662
0.284898
0.320199
0.578906
0.210452
0.249559
0.279252
0.0720107
0.171219
0.662
0.128362
0.0770697
0.116035
0.280933
0.519729
0.662
0.182126
0.170438
0.0846669
0.577888
0.160775
0.222868
0.662
0.465309
0.0570479
0.662
0.104366
0.314364
0.0100815
0.124215
0.147975
0.0576632
0.0948489
0.192936
0.0840811
0.577874
0.103178
0.0803605
0.662
0.214804
0.248036
0.192973
0.244444
0.235739
0.198187
0.158522
0.184204
0.662
0.0677772
0.358914
0.317351
0.49399
0.246117
0.230481
0.662
0.396658
0.0393512
0.185733
0.481399
0.469371
0.30855
0.413301
0.15816
0.00232692
0.454505
0.193104
0.0452372
0.107729
0.650882
0.0401026
0.127352
0.0795597
