0.0426196
0.0435937
0.104827
0.599637
0.0158702
0.000161873
0.198008
0.143377
0.295133
0.171704
0.662
0.662
0.106416
0.102096
0.498619
0.0248138
0.277751
0.411611
0.115649
0.0286543
0.0616902
0.06534
0.0971389
0.148713
0.597284
0.0865493
0.0192433
0.0812701
0.0637951
0.0853649
0.639048
0.337684
0.349475
0.38558
0.436632
0.662
0.351265
0.032444
0.2037
0.322267
0.0448973
0.389229
0.0708073
0.152051
0.320056
0.336578
0.462149
0.387061
0.158941
0.0301937
0.408937
0.512433
0.537356
0.311233
0.331722
0.13871
0.662
0.0536986
0.344625
0.662
0.298688
0.163706
0.662
0.123109
0.662
0.0797585
0.0495561
0.511554
0.462319
0.393394
0.662
0.420871
0.662
0.0829523
0.195004
0.25241
0.662
0.452319
0.581953
0.662
0.662
0.139046
0.399855
0.0558737
0.457321
0.140403
0.080094
0.248771
0.449467
0.043069
0.268982
0.662
0.022196
0.0219083
0.0826077
0.312954
0.556697
0.317312
0.437704
0.12205
0.341614
0.110221
0.636493
0.662
0.578695
0.163263
0.130465
0.0168643
0.313323
0.662
0.239135
0.27113
0.399683
0.348632
0.123179
0.0966338
0.0577265
0.153482
0.29802
0.64022
0.122994
0.53159
0.660325
0.490256
0.149797
0.0417064
0.0751934
0.310477
0.0485896
0.062683
0.6331
0.553011
0.216116
0.651876
0.0688766
0.35099
0.0755792
0.662
0.0926895
0.284765
0.2056
0.14461
0.205692
0.0956518
0.299414
0.279963
0.662
0.345404
0.198739
0.307368
0.366715
0.0411854
0.662
0.376097
0.474809
0.228538
0.235064
0.110731
0.090031
0.186958
0.212501
0.0806143
0.295526
0.634565
0.182957
0.107546
0.306104
0.2384
0.149949
0.271776
0.662
0.260055
0.649531
0.0425287
0.662
0.175928
0.662
0.662
0.5458
0.193726
0.154323
0.405106
0.0761204
0.178896
0.253239
0.0596486
0.350696
0.366179
0.148999
0.00160125
0.221644
0.300852
0.320929
0.212975
0.116048
0.662
0.476649
0.259001
0.271935
0.17331
0.50544
0.109425
0.662
0.0948488
0.0571927
0.120554
0.0836068
0.536771
0.461752
0.223912
0.515445
0.159449
0.162533
0.230407
0.0495549
0.662
0.332171
0.619614
0.283287
0.211661
0.458656
0.662
0.371755
0.0324039
0.662
0.435125
0.321488
0.143863
0.347228
0.138225
0.658641
0.0315427
0.504302
0.0243352
0.244381
0.621491
0.662
0.182343
0.104026
0.31715
0.0787422
0.662
0.499712
0.187211
0.493622
0.126614
0.108966
0.662
0.0547723
0.662
0.178637
0.592942
0.662
0.662
0.243112
0.619484
0.495093
0.0746792
0.203831
0.163362
0.320955
0.339364
0.253745
0.388672
0.46696
0.647298
0.349104
0.306599
0.0724332
0.662
0.174349
0.438568
0.662
0.662
0.168872
0.662
0.143431
0.662
0.233095
0.642367
0.111156
0.235168
0.313248
0.437892
0.146403
0.168193
0.597795
0.415464
0.117486
0.196813
0.214462
0.212707
0.41416
0.0891735
0.21171
0.399198
0.121655
0.0844436
0.1049
0.507699
0.624456
0.215704
0.0684222
0.131728
0.378238
0.104316
0.0500651
0.337207
0.662
0.475255
0.662
0.523875
0.149247
0.0936395
0.231991
0.49294
0.0211717
0.477241
0.0227912
0.138297
0.121931
0.280466
0.299226
0.534958
0.446604
0.166077
0.662
0.142797
0.202152
0.202943
0.308588
0.662
0.443302
0.315048
0.329166
0.0661339
0.662
0.662
0.137697
0.369733
0.209174
0.233847
0.126032
0.0675488
0.662
0.393586
0.202145
0.0670345
0.392188
0.384886
0.395725
0.662
0.312303
0.234605
0.356079
0.546734
0.159256
0.662
0.0606303
0.00290707
0.0495027
0.0859767
0.385821
0.435058
0.168368
0.352112
0.231903
0.662
0.12708
0.662
0.316799
0.581364
0.101018
0.376726
0.198202
0.0301572
0.43298
0.363966
0.657537
0.662
0.0960206
0.0621627
0.110178
0.54547
0.662
0.408687
0.607018
0.174855
0.178579
0.163467
0.662
0.29358
0.341338
0.154799
0.173585
0.662
0.130341
0.187436
0.146456
0.0712011
0.662
0.416398
0.0169824
0.0627846
0.662
0.14116
0.283996
0.662
0.362204
0.172036
0.168641
0.0607992
0.318262
0.501927
0.0928556
0.629434
0.662
0.476228
0.0526751
0.348049
0.662
0.257547
0.157309
0.103126
0.403394
0.469301
0.286016
0.251474
0.662
0.554512
0.305541
0.0834901
0.10019
0.56672
0.231788
0.499246
0.207325
0.391826
0.237636
0.662
0.0881944
0.421536
0.380654
0.200115
0.176255
0.0994643
0.662
0.0996236
0.662
0.175149
0.563343
0.488871
0.213998
0.529421
0.380938
0.332588
0.159993
0.394567
0.175435
0.0127982
0.645328
0.662
0.111623
0.342464
0.662
0.297248
0.507602
0.458944
0.122999
0.070045
0.307361
0.329927
0.205209
0.0421556
0.0667981
0.148611
0.397817
0.0573739
0.0951949
0.0203583
0.650553
0.219628
0.368768
0.388801
0.662
0.290221
0.193317
0.401176
0.0848684
0.0245894
0.428853
0.481923
0.385443
0.0778575
0.285
0.0421561
0.151461
0.128431
0.662
0.276487
0.0834416
0.0970925
0.544014
0.196563
0.0706023
0.662
0.0700299
0.497257
0.127541
0.662
0.260326
0.421918
0.310091
0.662
0.164574
0.112291
0.662
0.662
0.516279
0.0391199
0.173325
0.235579
0.137135
0.20906
0.477596
0.453557
0.0740905
0.662
0.350028
0.114671
0.10175
0.193893
0.0773134
0.268067
0.0352747
0.277313
0.344609
0.226779
0.555642
0.221726
0.204739
0.041466
0.216803
0.16639
0.462389
0.409683
0.221662
0.577596
0.374086
0.0894538
0.0269137
0.360458
0.0828658
0.520036
0.329211
0.437407
0.140415
0.107195
0.446253
0.0877187
0.313031
0.0401652
0.244003
0.662
0.0811257
0.662
0.431878
0.392909
0.662
0.662
0.234867
0.130659
0.15024
0.662
0.066005
0.0216439
0.0697324
0.662
0.1189
0.662
0.119871
0.0645935
0.0813481
0.0739708
0.662
0.264929
0.111367
0.315063
0.263621
0.0933006
0.0749685
0.0867776
0.155577
0.0800697
0.64133
0.359468
0.283342
0.575407
0.0841794
0.238851
0.612768
0.132103
0.662
0.662
0.519974
0.135083
0.318397
0.662
0.500612
0.421565
0.662
0.291096
0.0471004
0.662
0.515954
0.0609961
0.662
0.168033
0.380621
0.130527
0.141638
0.52928
0.516218
0.0901169
0.120947
0.662
0.300747
0.662
0.108995
0.397191
0.662
0.196401
0.600248
0.284033
0.156603
0.662
0.0585174
0.501491
0.372028
0.117245
0.0847116
0.55571
0.224662
0.662
0.26976
0.3592
0.28785
0.258197
0.159587
0.370656
0.187168
0.491865
0.137787
0.160103
0.662
0.429325
0.197248
0.519635
0.662
0.114019
0.199608
0.216961
0.00191991
0.0845403
0.111934
0.0430646
0.163572
0.662
0.16502
0.0394771
0.462816
0.662
0.124212
0.225939
0.0886869
0.467939
0.253216
0.502656
0.611208
0.167814
0.173978
0.14845
0.122557
0.427187
0.0647717
0.205166
0.250443
0.360395
0.201527
0.345871
0.662
0.129541
0.112921
0.0434918
0.597724
0.640958
0.0728713
0.168573
0.0884713
0.450664
0.662
0.0179786
0.155827
0.36471
0.0566309
0.22329
0.394881
0.19246
0.193509
0.213863
0.404002
0.662
0.567738
0.662
0.0754844
0.126044
0.221771
0.073055
0.143722
0.61799
0.662
0.153814
0.189679
0.149486
0.250878
0.662
0.176411
0.093745
0.662
0.138663
0.187651
0.0913383
0.0751549
0.0768985
0.148098
0.0982088
0.138203
0.376025
0.435797
0.497474
0.42384
0.351288
0.310932
0.236147
0.662
0.0907522
0.303521
0.0861179
0.123119
0.494738
0.302953
0.411151
0.0602799
0.58345
0.101378
0.467384
0.205246
0.662
0.662
0.143374
0.063513
0.461788
0.110647
0.22447
0.282136
0.069891
0.115948
0.0592742
0.172454
0.0706012
0.275953
0.206778
0.592736
0.331958
0.125504
0.0177216
0.662
0.0713657
0.0990321
0.111206
0.411881
0.0915044
0.105532
0.0528109
0.662
0.31821
0.143999
0.312952
0.110926
0.662
0.0279861
0.0987997
0.198988
0.577766
0.242277
0.0812468
0.662
0.360062
0.119442
0.16321
0.588847
0.252621
0.662
0.212258
0.367762
0.43059
0.277573
0.303625
0.0700848
0.604232
0.477982
0.0618131
0.0685246
0.158843
0.394049
0.0693236
0.662
0.0741958
0.583431
0.0105287
0.313858
0.634458
0.662
0.177835
0.367466
0.0268301
0.363717
0.282414
0.0632344
0.134461
0.316436
0.662
0.212938
0.0719544
0.491159
0.246788
0.618937
0.0586363
0.662
0.479907
0.662
0.160876
0.578225
0.173978
0.302784
0.444767
0.151412
0.2041
0.0968082
0.662
0.342678
0.249781
0.211199
0.453553
0.373748
0.662
0.0612584
0.662
0.195424
0.234059
0.662
0.1572
0.662
0.0708449
0.112185
0.662
0.662
0.116127
0.229471
0.214863
0.201806
0.240468
0.639028
0.0476548
0.662
0.591219
0.455196
0.0607103
0.524925
0.662
0.284171
0.662
0.271418
0.638351
0.0256391
0.325951
0.266502
0.275978
0.0856295
0.1432
0.0739825
0.36783
0.0475252
0.486435
0.555332
0.277212
0.0501598
0.301971
0.123532
0.662
0.395829
0.12619
0.339913
0.662
0.233255
0.18613
0.241532
0.121425
0.178982
0.406522
0.608441
0.103121
0.0702802
0.662
0.394521
0.386323
0.474325
0.587026
0.662
0.505199
0.285147
0.400064
0.0389204
0.36389
0.254845
0.0687248
0.0238238
0.653486
0.116566
0.302288
0.662
0.295281
0.0361715
0.438715
0.618651
0.0966176
0.662
0.255897
0.541552
0.451346
0.0697621
0.419426
0.421066
0.37525
0.0683752
0.224021
0.356241
0.383991
0.499258
0.260823
0.433559
0.057643
0.374167
0.167145
0.280362
0.180555
0.137723
0.485017
0.166061
0.0419652
0.20768
0.662
0.146635
0.56287
0.12584
0.40654
0.0222851
0.0808789
0.159543
0.0553312
0.631267
0.346001
0.155939
0.257042
0.237126
0.250893
0.496166
0.188507
0.120041
0.0195116
0.274612
0.0949191
0.205124
0.662
0.0633842
0.662
0.633694
0.659144
0.166428
0.158404
0.165229
0.165009
0.023175
0.319733
0.500948
0.662
0.321513
0.40122
0.662
0.23573
0.293899
0.662
0.169201
0.121458
0.0993105
0.0633933
0.212369
0.524818
0.0795003
0.244294
0.415811
0.590337
0.100006
0.175018
0.49698
0.454162
0.607176
0.134398
0.400102
0.0678119
0.140741
0.662
0.276928
0.213531
0.662
0.436573
0.0845241
0.662
0.616639
0.231415
0.0618861
0.263813
0.585611
0.662
0.00933521
0.0408051
0.152957
0.115184
0.162532
0.411663
0.431226
0.247032
0.0867176
0.278418
0.114289
0.368492
0.564881
0.109028
0.223572
0.250622
0.128341
0.564097
0.054434
0.262891
0.662
0.128489
0.469375
0.162549
0.209789
0.31582
0.307288
0.659742
0.102443
0.175421
0.356939
0.126526
0.190123
0.0687858
0.154385
0.372489
0.356423
0.497227
0.383978
0.260177
0.311472
0.662
0.30941
0.110127
0.46197
0.632295
0.610459
0.662
0.15307
0.662
0.0306138
0.348349
0.327507
0.140681
0.0445037
0.213964
0.102286
0.105098
0.26701
0.31903
0.0509774
0.218056
0.662
0.629784
0.662
0.499782
0.035494
0.0970054
0.219541
0.577888
0.662
0.32318
0.218491
0.287549
0.174668
0.657051
0.658706
0.0477045
0.213567
0.507722
0.662
0.464839
0.0729492
0.0577473
0.0571456
0.279186
0.651725
0.290695
0.224542
0.639217
0.206035
0.211942
0.662
0.662
0.455138
0.229616
0.159037
0.364473
0.101979
0.0294129
0.386149
0.438597
0.206845
0.662
0.453389
0.0759381
0.19045
0.0691265
0.108979
0.075653
0.105414
0.375433
0.662
0.383136
0.0545315
0.448417
0.235166
0.293091
0.205429
0.437818
0.662
0.41011
0.590073
0.420365
0.105762
0.662
0.0771427
0.187146
0.300186
0.219267
0.357432
0.206474
0.416355
0.263144
0.139831
0.627077
0.0802518
0.236975
0.154984
0.106355
0.380408
0.0690612
0.457789
0.101502
0.0705246
0.073202
0.069464
0.115004
0.620125
0.226056
0.662
0.496754
0.211231
0.0648794
0.662
0.1207
0.631696
0.145577
0.583854
0.145261
0.140173
0.547638
0.130052
0.509458
0.264033
0.0491032
0.574822
0.455586
0.483994
0.100595
0.472572
0.221219
0.487621
0.0855555
0.31249
0.235387
0.107114
0.662
0.662
0.662
0.113429
0.232989
0.492982
0.596143
0.662
0.262357
0.0508404
0.110494
0.0237136
0.146679
0.319182
0.214537
0.662
0.662
0.654525
0.298285
0.144484
0.0580027
0.153637
0.15308
0.364224
0.240592
0.269354
0.302509
0.414927
0.0977266
0.0641383
0.25264
0.495561
0.112106
0.472193
0.662
0.662
0.425911
0.662
0.400051
0.236022
0.509852
0.177006
