0.449386
0.130207
0.128993
0.296816
0.20554
0.489216
0.19295
0.625789
0.242308
0.381509
0.110756
0.0609464
0.254654
0.035801
0.447461
0.320594
0.117738
0.432876
0.212499
0.0867135
0.291886
0.0147837
0.210383
0.16941
0.579985
0.0640457
0.662
0.0167789
0.0965777
0.333269
0.118608
0.462007
0.00699845
0.427316
0.0599778
0.155616
0.0855454
0.0872129
0.225593
0.662
0.0758598
0.00352226
0.662
0.166221
0.0915016
0.635077
0.524336
0.198142
0.0388472
0.289644
0.14879
0.177484
0.662
0.2539
0.0821617
0.346703
0.662
0.0933595
0.432507
0.662
0.204418
0.257174
0.613299
0.197566
0.191069
0.406614
0.626439
0.17251
0.0789876
0.662
0.645392
0.279104
0.0902785
0.662
0.0988916
0.662
0.662
0.3056
0.200241
0.140056
0.189915
0.263169
0.590802
0.143534
0.373535
0.0669805
0.662
0.662
0.289528
0.24942
0.60286
0.662
0.521853
0.0544939
0.0652053
0.54308
0.331315
0.0508196
0.103368
0.0927623
0.390321
0.14468
0.390297
0.662
0.437166
0.544005
0.662
0.662
0.0697446
0.244375
0.206124
0.522779
0.431631
0.300189
0.377032
0.148363
0.0564218
0.171238
0.662
0.514652
0.145412
0.514853
0.420269
0.198789
0.0353627
0.341977
0.301668
0.128882
0.166636
0.451656
0.641434
0.400724
0.662
0.348015
0.0334834
0.287364
0.131835
0.367915
0.662
0.12124
0.0821872
0.208561
0.14919
0.079456
0.362431
0.211111
0.0351087
0.633094
0.636978
0.0796133
0.662
0.0128967
0.114438
0.391691
0.0908177
0.161397
0.200421
0.316886
0.0726846
0.224582
0.065896
0.662
0.0317872
0.479051
0.121624
0.150223
0.224395
0.161752
0.182451
0.101568
0.162922
0.356671
0.0118839
0.447702
0.209933
0.418917
0.129786
0.451235
0.505156
0.121235
0.184897
0.072029
0.524559
0.335626
0.108868
0.137786
0.065042
0.131871
0.200377
0.0943581
0.134892
0.102418
0.43238
0.143749
0.074399
0.217724
0.143257
0.1797
0.124217
0.141211
0.406844
0.178431
0.662
0.662
0.123008
0.272089
0.430574
0.662
0.124347
0.541105
0.531163
0.213726
0.626999
0.253789
0.0668031
0.369475
0.384943
0.662
0.0112048
0.0621664
0.286174
0.153333
0.0110655
0.0184817
0.285909
0.148981
0.662
0.559909
0.0206925
0.0711111
0.250077
0.0812507
0.420818
0.662
0.424643
0.439306
0.178673
0.598313
0.325081
0.528717
0.100335
0.662
0.325803
0.300388
0.0399899
0.116074
0.662
0.432884
0.0298085
0.0982232
0.0872575
0.0633342
0.401429
0.276764
0.662
0.251466
0.116416
0.31143
0.662
0.124391
0.130982
0.0889963
0.183986
0.173318
0.285668
0.177024
0.312725
0.18837
0.0622563
0.634353
0.520626
0.172368
0.662
0.127071
0.10133
0.244123
0.239476
0.662
0.662
0.179259
0.41503
0.102439
0.16961
0.145308
0.121987
0.662
0.662
0.417499
0.245416
0.0908032
0.47311
0.100199
0.298455
0.230035
0.2384
0.448692
0.0654686
0.130572
0.128006
0.101136
0.262238
0.662
0.0991199
0.662
0.0486605
0.338606
0.662
0.276555
0.22295
0.0377263
0.0636524
0.176987
0.139573
0.0181598
0.662
0.146095
0.0603296
0.0822926
0.203122
0.38471
0.662
0.257702
0.226631
0.662
0.118537
0.093551
0.0758849
0.160559
0.662
0.662
0.131771
0.334617
0.31834
0.22923
0.0997056
0.398314
0.478037
0.172127
0.048942
0.125044
0.00396756
0.0589409
0.662
0.662
0.0703189
0.0764304
0.0846993
0.25602
0.162877
0.153671
0.0768429
0.572542
0.600439
0.192489
0.0965182
0.572987
0.0918003
0.422692
0.421751
0.391688
0.284362
0.18424
0.150871
0.538603
0.662
0.111285
0.13189
0.145727
0.229458
0.0239052
0.0854108
0.545115
0.662
0.329174
0.229632
0.0733196
0.106553
0.0772594
0.3275
0.0602578
0.662
0.170748
0.0489326
0.662
0.107202
0.169128
0.375304
0.242086
0.509002
0.33949
0.427817
0.396252
0.252954
0.232186
0.0526239
0.329179
0.10277
0.454111
0.231267
0.277917
0.156279
0.225608
0.139764
0.0798922
0.662
0.242508
0.0828053
0.0818928
0.274538
0.60629
0.0355943
0.0768625
0.158754
0.549205
0.662
0.0643295
0.662
0.32281
0.0866686
0.612582
0.251798
0.0329532
0.203229
0.465242
0.098873
0.406876
0.486564
0.236495
0.37293
0.509597
0.126854
0.057433
0.589622
0.0448198
0.473208
0.662
0.346551
0.352003
0.0615708
0.143227
0.0613805
0.165992
0.150979
0.662
0.218761
0.564508
0.15707
0.114035
0.13088
0.220556
0.112817
0.457356
0.662
0.022753
0.107818
0.134738
0.235162
0.662
0.0461585
0.310555
0.662
0.12066
0.662
0.243005
0.118601
0.0979306
0.662
0.225466
0.646509
0.26487
0.159453
0.303584
0.156482
0.616589
0.0918265
0.622782
0.662
0.253458
0.361371
0.191753
0.369528
0.438664
0.3609
0.466345
0.0775218
0.0799425
0.132372
0.0683219
0.108703
0.205926
0.0982629
0.614447
0.450086
0.538351
0.0928
0.612463
0.0882604
0.0744948
0.238907
0.547324
0.138187
0.221627
0.564537
0.577626
0.429827
0.0692473
0.614741
0.553719
0.0979421
0.0303037
0.263213
0.662
0.254619
0.14131
0.13792
0.0141657
0.119285
0.117148
0.235158
0.267692
0.40271
0.441298
0.222757
0.0671479
0.118194
0.17948
0.107595
0.662
0.662
0.139652
0.328427
0.64968
0.283813
0.311113
0.167149
0.100562
0.17925
0.29589
0.104495
0.662
0.592975
0.138424
0.147188
0.294334
0.512197
0.163871
0.662
0.196991
0.205612
0.0901244
0.154158
0.425526
0.11419
0.153292
0.662
0.0746756
0.303668
0.662
0.112938
0.132059
0.662
0.422541
0.131225
0.379923
0.234249
0.319135
0.357324
0.0362315
0.355276
0.55634
0.304661
0.0715553
0.351302
0.393691
0.185416
0.662
0.333455
0.441014
0.191894
0.121549
0.662
0.662
0.662
0.100802
0.19497
0.438647
0.226284
0.424069
0.303068
0.662
0.468222
0.141095
0.141155
0.384393
0.143059
0.550902
0.0527981
0.662
0.379053
0.183316
0.0576278
0.0893619
0.395408
0.0949315
0.137828
0.0595649
0.26817
0.662
0.0644273
0.111844
0.0236659
0.0744156
0.11853
0.662
0.0446877
0.154473
0.0961758
0.37425
0.607547
0.662
0.178218
0.359001
0.193575
0.0573945
0.0818866
0.23931
0.0658678
0.344012
0.527009
0.384236
0.0848525
0.390853
0.144845
0.283942
0.373052
0.120961
0.662
0.0802847
0.646475
0.215673
0.574466
0.277264
0.13118
0.165193
0.101391
0.172666
0.1728
0.127447
0.276809
0.122836
0.310072
0.662
0.380335
0.245511
0.475231
0.2792
0.150676
0.185496
0.236958
0.19781
0.119528
0.0654471
0.186969
0.136917
0.662
0.104793
0.425483
0.662
0.168458
0.24481
0.309633
0.108764
0.0933018
0.0757627
0.386388
0.662
0.662
0.0574023
0.453327
0.205113
0.596541
0.202497
0.192482
0.116618
0.0588205
0.0801939
0.417381
0.223728
0.0124167
0.119016
0.146111
0.0880985
0.131948
0.612545
0.481116
0.09134
0.554057
0.466343
0.0366989
0.393779
0.364934
0.662
0.216504
0.352748
0.0694602
0.155801
0.252355
0.662
0.110914
0.124448
0.105017
0.121744
0.394347
0.662
0.13841
0.450843
0.502779
0.195632
0.18367
0.221212
0.239168
0.0824543
0.140481
0.130947
0.203755
0.0839236
0.0992726
0.207194
0.618443
0.242316
0.624679
0.320293
0.0731679
0.0158323
0.259287
0.662
0.17056
0.284234
0.0941639
0.0945502
0.369409
0.152283
0.24748
0.15455
0.0488351
0.224196
0.662
0.484897
0.567248
0.0877008
0.260774
0.393788
0.165818
0.401673
0.0810831
0.100148
0.300244
0.377931
0.0189766
0.662
0.406952
0.596048
0.0500601
0.614379
0.342939
0.662
0.0857402
0.367157
0.662
0.167
0.236076
0.189923
0.0992448
0.417957
0.333722
0.453784
0.271627
0.662
0.179237
0.662
0.384823
0.662
0.00231627
0.156123
0.166875
0.662
0.0559535
0.127415
0.460599
0.473002
0.65383
0.285065
0.46323
0.605794
0.268412
0.510191
0.0502451
0.0504246
0.350189
0.308879
0.207445
0.30209
0.662
0.0857785
0.0597676
0.623611
0.662
0.662
0.240015
0.397821
0.0606254
0.171601
0.0654581
0.193761
0.0474606
0.214195
0.289898
0.0767439
0.141873
0.662
0.0504395
0.566576
0.592543
0.189147
0.147284
0.290724
0.287482
0.0943687
0.208049
0.326756
0.0268892
0.136867
0.45759
0.17163
0.172267
0.0810963
0.587283
0.662
0.303709
0.361905
0.0996154
0.28833
0.228364
0.375974
0.0895884
0.173818
0.415781
0.467603
0.418634
0.333298
0.5528
0.417809
0.578175
0.188391
0.017499
0.356285
0.314741
0.510904
0.0770661
0.316945
0.563585
0.204572
0.149437
0.0614836
0.0699269
0.0263823
0.662
0.49946
0.662
0.302122
0.364781
0.662
0.100333
0.662
0.202265
0.183419
0.121305
0.662
0.662
0.240114
0.377519
0.438153
0.218892
0.182273
0.0953271
0.178921
0.261311
0.662
0.538611
0.158025
0.0616216
0.194472
0.0641569
0.307825
0.135848
0.068422
0.351686
0.241434
0.40437
0.0685679
0.0846814
0.662
0.0545115
0.099038
0.102897
0.103417
0.318592
0.662
0.236771
0.0481266
0.654461
0.265681
0.239631
0.126054
0.238572
0.0384418
0.123467
0.520831
0.021971
0.239236
0.329246
0.25309
0.104836
0.0932499
0.662
0.405397
0.16598
0.073499
0.169052
0.455219
0.231358
0.0671748
0.259346
0.0908434
0.0593104
0.0778263
0.41278
0.637843
0.662
0.189987
0.129224
0.224123
0.364057
0.113538
0.492295
0.110217
0.0132314
0.103172
0.125264
0.164499
0.662
0.215633
0.549346
0.502182
0.149536
0.334023
0.172724
0.148433
0.281388
0.3454
0.334794
0.122928
0.201319
0.0523069
0.0502433
0.326047
0.451587
0.0740833
0.204362
0.0828189
0.417055
0.580518
0.662
0.275296
0.154044
0.27249
0.0810074
0.225711
0.0850136
0.065421
0.189496
0.140739
0.518926
0.590029
0.160822
0.662
0.351892
0.350308
0.653018
0.0425915
0.389057
0.233439
0.662
0.180253
0.116857
0.662
0.129684
0.262078
0.118453
0.105654
0.088685
0.116735
0.196983
0.358449
0.0511209
0.0725592
0.155684
0.392643
0.179572
0.178412
0.215514
0.662
0.412184
0.0937965
0.253803
0.546014
0.0991783
0.436432
0.0219351
0.632808
0.507185
0.0898058
0.508881
0.626783
0.662
0.132062
0.278874
0.52879
0.00761268
0.1185
0.163625
0.562877
0.1214
0.535964
0.642293
0.351562
0.397826
0.450465
0.643599
0.0894371
0.0447075
0.174952
0.378791
0.172069
0.0921169
0.0354922
0.473915
0.0945843
0.07974
0.135616
0.328927
0.0578567
0.181748
0.124562
0.081814
0.0419462
0.0915772
0.662
0.208973
0.178947
0.0796346
0.222177
0.112348
0.105702
0.319175
0.276039
0.280176
0.655559
0.5052
0.169983
0.06366
0.330865
0.435251
0.266394
0.133484
0.0527566
0.0459587
0.281842
0.296459
0.422487
0.0487103
0.0960062
0.0370589
0.086825
0.0493909
0.243558
0.0744471
0.263987
0.089383
0.19131
0.0570586
0.484911
0.126824
0.054519
0.161166
0.207338
0.566783
0.662
0.488284
0.220939
0.111081
0.290834
0.376676
0.135848
0.662
0.662
0.240964
0.0268721
0.484305
0.258567
0.151175
0.388193
0.178051
0.0680516
0.176841
0.122392
0.494616
0.662
0.0364491
0.334163
0.510282
0.420566
0.0710213
0.157302
0.436139
0.632073
0.20708
0.170673
0.0744202
0.143956
0.0824038
0.13918
0.223203
0.124426
0.168551
0.0781701
0.0553836
0.321291
0.132987
0.393697
0.0590088
0.0639759
0.260554
0.188524
0.327219
0.329415
0.500673
0.453116
0.380548
0.364047
0.600068
0.221145
0.390611
0.175704
0.304466
0.413242
0.166636
0.193184
0.244929
0.0429822
0.39247
0.213907
0.662
0.287002
0.340503
0.357027
0.433003
0.050518
0.182798
0.501742
0.0719705
0.0556401
0.0385868
0.0992873
0.0646143
0.662
0.0908257
0.155611
0.194797
0.379667
0.067146
0.0717123
0.186979
0.0668414
0.552781
0.0573066
0.348499
0.221765
0.278048
0.592955
0.0617258
0.0762159
0.070015
0.0677024
0.102733
0.430097
0.0108593
0.2424
0.461122
0.232476
0.234308
0.662
0.0123644
0.25121
0.107508
0.396989
0.183068
0.173291
0.269656
0.0877358
0.332831
0.662
0.182395
0.662
0.185569
0.122301
0.13348
0.00433518
0.193651
0.202166
0.145788
0.437578
0.25502
0.253096
0.103049
0.0873758
0.253709
0.379335
0.0523113
0.536231
0.138327
0.206093
0.662
0.164301
0.0593365
0.284331
0.0778783
0.525909
0.585273
0.242015
0.646151
0.0397356
0.323332
0.164334
0.221091
0.127253
0.662
0.417435
0.0905449
0.236503
0.306805
0.121796
0.0951738
0.381084
0.491456
0.262967
0.0835646
0.651147
0.662
0.0747356
0.371046
0.236085
0.365802
0.0937049
0.597225
0.0190411
0.662
0.218381
0.662
0.495084
0.164055
0.135546
0.534828
0.347606
0.317201
0.103221
0.0809228
0.662
0.662
0.138935
0.210451
0.111897
0.019731
0.229139
0.662
0.407424
0.662
0.0670485
0.0238653
0.513927
0.198715
0.296408
0.662
0.252832
0.132432
0.27997
0.134761
0.354491
0.662
0.0658062
0.0602542
0.642736
0.662
0.528417
0.129479
0.250272
0.062964
0.35662
0.100745
0.190161
0.254155
0.367405
0.368353
0.466652
0.0575064
0.662
0.310441
0.434727
0.35413
0.0417813
0.235518
0.0621991
0.0428022
0.164645
0.289309
0.0653737
0.384043
0.0446711
0.174027
0.129155
0.192695
0.0325069
0.381489
0.662
0.109133
0.626189
0.408047
0.396241
0.0822696
0.172448
0.0664872
0.0698297
0.169107
0.0451661
0.210567
0.152413
0.292621
0.2889
0.0831078
0.0372486
0.431256
0.253588
0.460407
0.278733
0.662
0.163211
0.197384
0.168848
0.636833
0.37213
0.327582
0.092884
0.589313
0.0892289
0.0941529
0.568515
0.174024
0.26857
0.65347
0.46356
0.234402
0.527796
0.662
0.0980781
0.163981
0.083319
0.0365607
0.0855182
0.0751256
0.558197
0.164715
0.133146
0.508726
0.125386
0.627002
0.203167
0.436787
0.0453547
0.195287
0.0163436
0.0556926
0.26371
0.315154
0.0343548
0.178722
0.323527
0.439509
0.509422
0.131702
0.595928
0.504574
0.662
0.213137
0.122676
0.234417
0.0497208
0.439989
0.0943348
0.604356
0.114294
0.124839
0.178537
0.319961
0.460181
0.166904
0.662
0.248126
0.25057
0.250679
0.169517
0.198631
0.217518
0.111034
0.163796
0.213691
0.397499
0.028817
0.0369609
0.515368
0.662
0.08791
0.0851762
0.126618
0.463802
0.474371
0.0131396
0.662
0.482424
0.0566755
0.365193
0.360187
0.265396
0.0625822
0.252093
0.0351079
0.377257
0.337704
0.165368
0.0688456
0.407146
0.0543791
0.0976119
0.433883
0.386278
0.128408
0.0974685
0.415184
0.306609
0.146796
0.153327
0.0643357
0.0987012
0.277914
0.308634
0.662
0.116563
0.226858
0.172015
0.281002
0.27334
0.395389
0.50964
0.193778
0.428341
0.662
0.285748
0.119737
0.431472
0.0393779
0.662
0.189191
0.645842
0.230732
0.0782972
0.204466
0.179977
0.386157
0.0240493
0.320386
0.4419
0.279039
0.226964
0.12062
0.171745
0.207635
0.498991
0.662
0.191943
0.61949
0.48028
0.0901838
0.120965
0.117683
0.0777813
0.134473
0.247064
0.0973157
0.410694
0.6524
0.45076
0.0273157
0.0174837
0.0985777
0.0740436
0.391546
0.313204
0.110938
0.662
0.0610044
0.369923
0.523235
0.0660279
0.232108
0.173724
0.251299
0.167125
0.194725
0.662
0.662
0.0878772
0.414439
0.644038
0.18006
0.153906
0.0642238
0.215006
0.459605
0.203763
0.641626
0.125436
0.262397
0.155064
0.662
0.377633
0.408448
0.342183
0.0777368
0.408787
0.289688
0.138459
0.662
0.230077
0.149822
0.211748
0.602246
0.362849
0.557786
0.273141
0.218127
0.0920473
0.0851824
0.14908
0.379896
0.482839
0.662
0.662
0.0473523
0.0968645
0.493579
0.187861
0.16027
0.662
0.0469891
0.13053
0.662
0.662
0.394009
0.461011
0.178075
0.591977
0.344492
0.201702
0.36981
0.218198
0.112013
0.11254
0.458867
0.226628
0.626093
0.261848
0.274913
0.487941
0.52005
0.382171
0.192911
0.159462
0.371651
0.662
0.0676841
0.113771
0.223956
0.0507945
0.201722
0.185916
0.0285753
0.608555
0.459736
0.250623
0.135278
0.194852
0.175704
0.0970874
0.249513
0.120329
0.0955713
0.444875
0.415133
0.281867
0.662
0.0977946
0.255041
0.0557314
0.0682679
0.601484
0.268863
0.175723
0.352881
0.118708
0.125554
0.0303528
0.0850398
0.266311
0.123306
0.428283
0.16479
0.445311
0.311065
0.662
0.0856546
0.156208
0.60408
0.0978022
0.216751
0.129021
0.0823257
0.18892
0.147311
0.345642
0.532341
0.131338
0.0665579
0.662
0.137191
0.182022
0.403233
0.233172
0.165178
0.476007
0.290555
0.0586375
0.052846
0.288446
0.108338
0.0856059
0.549085
0.0814059
0.40781
0.423306
0.290708
0.211731
0.205288
0.539204
0.0796325
0.126472
0.111735
0.205492
0.301033
0.246727
0.164022
0.243763
0.662
0.238561
0.452169
0.207484
0.662
0.0888802
0.116624
0.10835
0.329245
0.0551398
0.119942
0.466698
0.102551
0.613121
0.0474655
0.285702
0.00519009
0.184459
0.200501
0.221538
0.240783
0.149086
0.443218
0.662
0.27874
0.380959
0.311218
0.0678334
0.331238
0.122339
0.35416
0.283071
0.0387506
0.365182
0.080685
0.662
0.163561
0.27872
0.18399
0.100268
0.22827
0.127438
0.108833
0.121764
0.356359
0.0523966
0.171919
0.115543
0.326856
0.135966
0.432188
0.126875
0.552785
0.052246
0.662
0.0204375
0.0521476
0.126768
0.145205
0.103205
0.303917
0.185792
0.242319
0.0708723
0.646948
0.0356997
0.0768728
0.0164706
0.344044
0.218155
0.152582
0.372315
0.2453
0.650349
0.115406
0.248569
0.350682
0.630904
0.169657
0.318781
0.380608
0.232342
0.662
0.217979
0.662
0.641657
0.182459
0.23366
0.294868
0.215071
0.459961
0.662
0.279801
0.157089
0.22439
0.322719
0.196927
0.21539
0.0555646
0.151131
0.269534
0.40015
0.0388079
0.149569
0.104204
0.340843
0.186625
0.34043
0.473341
0.384731
0.0438199
0.22369
0.130785
0.527871
0.167147
0.375079
0.662
0.487631
0.650377
0.286005
0.482691
0.0269247
0.662
0.0117358
0.286261
0.540925
0.662
0.145493
0.273763
0.188696
0.0721893
0.0495272
0.275578
0.365031
0.257747
0.380401
0.467151
0.134066
0.615481
0.201693
0.222485
0.0982748
0.212172
0.344656
0.308725
0.0885887
0.384781
0.232737
0.283514
0.000596843
0.232901
0.137695
0.103462
0.264442
0.0734037
0.36118
0.150022
0.0682537
0.120607
0.662
0.243438
0.196754
0.0418722
0.492952
0.188994
0.500058
0.0958242
0.0903328
0.049525
0.339355
0.107621
0.0582149
0.662
0.172855
0.174306
0.236175
0.160767
0.0573025
0.148244
0.095687
0.23476
0.662
0.0851629
0.262066
0.291214
0.440202
0.0694049
0.298062
0.432189
0.519684
0.346177
0.608002
0.265724
0.450972
0.662
0.573259
0.271218
0.662
0.662
0.30883
0.131791
0.326858
0.662
0.103939
0.662
0.0486043
0.603387
0.605386
0.558991
0.60678
0.0919188
0.216883
0.333248
0.17353
0.57005
0.662
0.0294283
0.139904
0.240247
0.24201
0.614774
0.073125
0.0541393
0.662
0.0718731
0.503044
0.0513368
0.133823
0.55408
0.112242
0.12188
0.604691
0.0387394
0.405742
0.446906
0.445635
0.215497
0.282869
0.264536
0.031452
0.153265
0.201274
0.0595377
0.662
0.132764
0.15099
0.084673
0.662
0.0647025
0.649675
0.662
0.0887374
0.662
0.305611
0.400159
0.0783455
0.275257
0.632667
0.392975
0.247591
0.442979
0.662
0.62327
0.104276
0.125674
0.560143
0.172333
0.2303
0.0661875
0.18087
0.091044
0.0761187
0.329841
0.00615376
0.100066
0.194864
0.358792
0.119363
0.0734128
0.662
0.300223
0.432141
0.197151
0.12204
0.0733067
0.277341
0.0439139
0.268308
0.0504234
0.42617
0.0549466
0.636216
0.19139
0.485466
0.565124
0.22601
0.171414
0.662
0.186441
0.292854
0.289439
0.0547885
0.59294
0.662
0.503119
0.170367
0.224611
0.0949965
0.115946
0.0908394
0.621757
0.174124
0.481215
0.662
0.115748
0.0567794
0.392134
0.229215
0.587211
0.30022
0.367808
0.492891
0.00746025
0.159678
0.111725
0.662
0.361525
0.134666
0.0736093
0.662
0.147669
0.505387
0.300397
0.198986
0.176935
0.346675
0.662
0.0674254
0.0764266
0.650328
0.662
0.104736
0.662
0.233264
0.0411553
0.152689
0.0983615
0.133343
0.276488
0.464921
0.145876
0.151892
0.367303
0.0194157
0.390867
0.270316
0.0606047
0.286766
0.51128
0.127398
0.457455
0.204105
0.203386
0.0723581
0.087113
0.105488
0.662
0.440931
0.0359624
0.416913
0.662
0.601454
0.0778132
0.22717
0.62943
0.195632
0.109991
0.182664
0.431319
0.305029
0.494845
0.177176
0.0456487
0.074987
0.32446
0.0360699
0.0901196
0.230982
0.237694
0.089275
0.365503
0.0392304
0.181446
0.0244846
0.179738
0.141695
0.116276
0.0922964
0.662
0.462581
0.0712736
0.587328
0.316814
0.0810275
0.0846117
0.517945
0.432493
0.0922247
0.366852
0.0458184
0.662
0.25417
0.318373
0.164419
0.151134
0.42217
0.348224
0.530692
0.074697
0.235801
0.472553
0.662
0.281574
0.205736
0.361839
0.377747
0.0610598
0.231412
0.159248
0.0612014
0.101231
0.101012
0.138394
0.168474
0.127866
0.0417151
0.662
0.084954
0.0596672
0.0869809
0.593452
0.206759
0.0981267
0.526276
0.147786
0.0448089
0.0554462
0.141153
0.324479
0.0809263
0.0928346
0.0533717
0.503694
0.14463
0.175579
0.429175
0.28849
0.272315
0.233409
0.155634
0.0823451
0.305607
0.279725
0.0168812
0.269594
0.105165
0.0682104
0.422383
0.662
0.324472
0.297569
0.332743
0.0416768
0.252363
0.479966
0.662
0.0889871
0.213496
0.114957
0.0736127
0.166608
0.647359
0.662
0.0498233
0.201595
0.521438
0.302627
0.62766
0.350642
0.0914073
0.617402
0.160082
0.18663
0.662
0.455302
0.662
0.662
0.151092
0.269744
0.234582
0.335973
0.217917
0.221571
0.602662
0.0839728
0.109215
0.662
0.214608
0.0808648
0.0560859
0.0656657
0.0860485
0.170073
0.458723
0.153189
0.0915452
0.0909913
0.135952
0.3634
0.183278
0.103886
0.206317
0.146402
0.20124
0.0331869
0.0666346
0.00740718
0.193773
0.414717
0.118008
0.634092
0.121368
0.512104
0.657238
0.167462
0.662
0.527937
0.662
0.0389627
0.155573
0.232457
0.33132
0.138056
0.237957
0.0585477
0.364374
0.140949
0.272917
0.190049
0.0398672
0.122001
0.271185
0.332859
0.305335
0.247742
0.121051
0.314236
0.662
0.158251
0.176834
0.310959
0.0915037
0.188609
0.662
0.300375
0.230137
0.133187
0.408334
0.490327
0.662
0.235148
0.475373
0.278259
0.662
0.135908
0.0768021
0.520513
0.0817293
0.491393
0.408381
0.2735
0.113982
0.310581
0.153456
0.662
0.0769022
0.662
0.194544
0.258594
0.124104
0.341599
0.290324
0.662
0.259051
0.294563
0.0203542
0.292634
0.37206
0.600864
0.29667
0.22574
0.288075
0.0864822
0.309512
0.238384
0.620333
0.375705
0.192193
0.0731909
0.265868
0.0797717
0.0362163
0.662
0.662
0.0941349
0.118898
0.460751
0.236531
0.321758
0.280369
0.309531
0.0766491
0.17423
0.25085
0.662
0.662
0.381595
0.285582
0.213333
0.662
0.533265
0.268944
0.18408
0.204426
0.085725
0.662
0.0908881
0.115052
0.495211
0.193325
0.407495
0.250196
0.0943951
0.10311
0.211632
0.235817
0.575889
0.662
0.221263
0.151876
0.260822
0.200432
0.393558
0.0860583
0.287579
0.182489
0.284401
0.458158
0.382671
0.26088
0.140445
0.258347
0.662
0.140467
0.662
0.443769
0.662
0.254652
0.142413
0.31602
0.662
0.0593492
0.225464
0.265703
0.218749
0.145034
0.427648
0.265487
0.00956614
0.115533
0.131351
0.191298
0.101704
0.308368
0.0880214
0.139765
0.341445
0.143999
0.188844
0.604043
0.662
0.100749
0.529012
0.551589
0.349461
0.135594
0.662
0.0586257
0.662
0.00953001
0.662
0.141792
0.115207
0.284018
0.351639
0.662
0.444585
0.561264
0.146543
0.236268
0.662
0.0825916
0.662
0.662
0.206484
0.295219
0.628222
0.291174
0.112862
0.0431745
0.234804
0.576541
0.131664
0.662
0.0808159
0.477551
0.662
0.127617
0.662
0.112087
0.250371
0.56051
0.306963
0.178554
0.162982
0.0860203
0.35163
0.3589
0.0784302
0.593682
0.399368
0.540817
0.134933
0.196704
0.662
0.648807
0.662
0.142618
0.063858
0.0612348
0.662
0.132896
0.158621
0.20952
0.270216
0.598089
0.646967
0.172414
0.0159305
0.598762
0.142064
0.662
0.222491
0.662
0.126111
0.0616625
0.295605
0.142841
0.662
0.388817
0.0855422
0.417398
0.662
0.271278
0.662
0.197339
0.0631571
0.194013
0.582706
0.555811
0.211223
0.0652949
0.0549947
0.662
0.410234
0.06395
0.142652
0.474233
0.0547428
0.235202
0.350257
0.178874
0.0925355
0.208133
0.160705
0.479355
0.601104
0.345483
0.0766034
0.107032
0.542157
0.17429
0.578339
0.181301
0.662
0.662
0.662
0.322887
0.101631
0.207746
0.0768559
0.122339
0.20028
0.124999
0.345287
0.0699991
0.414031
0.0409978
0.274046
0.638293
0.0894784
0.142902
0.131861
0.633391
0.142402
0.662
0.662
0.0429485
0.299946
0.158972
0.0762411
0.133482
0.283047
0.0971018
0.440325
0.158117
0.662
0.249229
0.226063
0.193161
0.199882
0.26969
0.169802
0.381059
0.0309847
0.226292
0.0944611
0.566213
0.177953
0.188522
0.311753
0.662
0.108259
0.243166
0.286445
0.594949
0.637067
0.0961216
0.168546
0.234135
0.389602
0.0747409
0.142766
0.37896
0.607871
0.194906
0.229389
0.235239
0.184946
0.488452
0.300674
0.061455
0.391136
0.192912
0.173777
0.488864
0.156863
0.0627681
0.242875
0.149432
0.0982713
0.55283
0.0572462
0.142288
0.104265
0.280259
0.288596
0.357569
0.44771
0.0981886
0.182487
0.47581
0.107558
0.06495
0.662
0.263421
0.347856
0.123903
0.662
0.0181905
0.576823
0.662
0.662
0.662
0.314309
0.0162542
0.268549
0.00674672
0.173783
0.0355127
0.662
0.0893031
0.241134
0.261745
0.256118
0.117821
0.58202
0.48469
0.0978045
0.353802
0.304889
0.121243
0.0870643
0.102477
0.110457
0.662
0.5312
0.2541
0.662
0.662
0.662
0.0636454
0.411583
0.662
0.271634
0.453045
0.0926538
0.11008
0.19482
0.125093
0.216386
0.119436
0.123794
0.281361
0.0276636
0.143403
0.324152
0.387015
0.177329
0.551006
0.244813
0.149865
0.332892
0.252124
0.31647
0.252616
0.069482
0.0735495
0.317017
0.513605
0.337801
0.358865
0.225836
0.662
0.633391
0.149033
0.328108
0.33241
0.161509
0.662
0.0897847
0.453978
0.0112146
0.298043
0.182426
0.420908
0.418843
0.0429266
0.662
0.358468
0.0798909
0.329082
0.16938
0.300606
0.0505363
0.0772992
0.385874
0.662
0.0372135
0.471027
0.308495
0.308776
0.169672
0.295655
0.562743
0.196663
0.230751
0.262634
0.195429
0.530871
0.360169
0.662
0.156816
0.341867
0.0810997
0.0713495
0.372135
0.11802
0.0807045
0.235371
0.128569
0.100523
0.131597
0.662
0.45153
0.0568332
0.117797
0.243188
0.436149
0.2493
0.459699
0.455439
0.135603
0.310309
0.197505
0.234255
0.190084
0.295237
0.160841
0.0991232
0.5301
0.0854494
0.385636
0.224396
0.499688
0.473662
0.12025
0.322943
0.236829
0.605416
0.292421
0.146651
0.356461
0.0460671
0.102317
0.359704
0.120784
0.662
0.582536
0.0756367
0.141912
0.0723986
0.0760485
0.295864
0.662
0.35997
0.438806
0.368703
0.11896
0.639195
0.0583091
0.326905
0.579655
0.208123
0.131784
0.662
0.227251
0.131677
0.117936
0.472112
0.280876
0.531391
0.147139
0.127848
0.662
0.201451
0.261837
0.267802
0.137843
0.179892
0.376758
0.129615
0.307922
0.223874
0.0936366
0.0955322
0.662
0.104566
0.12851
0.309258
0.0741871
0.312801
0.0976183
0.0474986
0.321407
0.222553
0.58811
0.152606
0.0748865
0.0513484
0.114078
0.0973457
0.280964
0.621241
0.116013
0.208643
0.292097
0.146727
0.380612
0.26665
0.057355
0.0532842
0.0784487
0.235892
0.409734
0.0363536
0.0446125
0.59504
0.32861
0.0777151
0.662
0.615013
0.521971
0.264201
0.098376
0.10929
0.371245
0.170623
0.466279
0.212302
0.0649658
0.529755
0.0745049
0.427118
0.0874513
0.239423
0.0552583
0.347427
0.424938
0.300523
0.369712
0.662
0.327028
0.40151
0.534716
0.662
0.357686
0.320658
0.145503
0.144153
0.0741093
0.234244
0.241903
0.348871
0.0557844
0.0320988
0.0141894
0.316969
0.152199
0.420235
0.210623
0.327138
0.662
0.216575
0.662
0.0869073
0.0029573
0.421996
0.381414
0.115834
0.2511
0.047356
0.203356
0.237323
0.456196
0.662
0.453593
0.247077
0.0333076
0.662
0.11831
0.199786
0.217999
0.0282143
0.123537
0.153201
0.310747
0.046247
0.153762
0.609145
0.343215
0.18552
0.113123
0.336513
0.0668559
0.0141324
0.048464
0.0689332
0.136685
0.545147
0.113108
0.662
0.216278
0.121298
0.0330915
0.552682
0.307035
0.126257
0.352637
0.146329
0.103273
0.555235
0.22189
0.119833
0.651974
0.343705
0.151774
0.662
0.281296
0.0518044
0.662
0.15245
0.322311
0.662
0.32311
0.0929969
0.662
0.0238004
0.128213
0.246074
0.0743286
0.11916
0.103895
0.662
0.133648
0.221186
0.662
0.0542274
0.44416
0.0249808
0.045433
0.662
0.662
0.364431
0.243845
0.172678
0.256823
0.334246
0.212671
0.211637
0.219719
0.45448
0.16361
0.332421
0.662
0.3999
0.388961
0.0888551
0.107982
0.103203
0.662
0.326598
0.0981285
0.121277
0.127
0.422763
0.0909056
0.146411
0.104841
0.365099
0.122862
0.0360789
0.177687
0.0685644
0.209811
0.127018
0.334113
0.156465
0.111672
0.389991
0.662
0.074623
0.662
0.334421
0.194654
0.126346
0.0541502
0.662
0.662
0.109445
0.662
0.08977
0.103839
0.326759
0.370587
0.208179
0.548682
0.313056
0.426414
0.22938
0.084015
0.662
0.114396
0.540579
0.123546
0.0941214
0.218597
0.443411
0.439021
0.417913
0.0391291
0.226744
0.0749957
0.109677
0.171849
0.137155
0.501711
0.236106
0.589133
0.354338
0.662
0.415298
0.0260034
0.662
0.0649352
0.199181
0.0515557
0.135694
0.104016
0.0323547
0.17246
0.662
0.385373
0.662
0.0199587
0.297697
0.380906
0.337549
0.145355
0.36381
0.392281
0.131389
0.0410356
0.379139
0.0909172
0.0386031
0.210537
0.210544
0.154349
0.294843
0.41383
0.0452512
0.662
0.0593227
0.264216
0.0769436
0.576112
0.662
0.416609
0.662
0.356488
0.0507156
0.159482
0.153389
0.0624892
0.227306
0.325606
0.216094
0.188421
0.476383
0.212863
0.167466
0.171666
0.124328
0.466504
0.272415
0.113978
0.227582
0.401099
0.146723
0.0171971
0.270079
0.662
0.0772344
0.0958138
0.038054
0.406315
0.455117
0.183473
0.127718
0.662
0.364721
0.0542702
0.195721
0.512522
0.302882
0.325514
0.293284
0.460527
0.272155
0.422259
0.231134
0.277588
0.662
0.266125
0.299307
0.327846
0.662
0.264674
0.662
0.524974
0.356336
0.0700556
0.662
0.0700257
0.0417656
0.662
0.627251
0.0541998
0.0797137
0.291934
0.45135
0.0554492
0.149707
0.335374
0.000416543
0.662
0.097871
0.337634
0.120054
0.149145
0.662
0.385781
0.662
0.0718892
0.11609
0.248968
0.0573999
0.466311
0.436663
0.238358
0.354259
0.213977
0.0820636
0.057222
0.265026
0.662
0.0756203
0.293883
0.179188
0.662
0.124422
0.14397
0.605024
0.662
0.0936909
0.167586
0.662
0.241348
0.266257
0.102728
0.0893284
0.0386175
0.232446
0.0911686
0.404588
0.662
0.224523
0.0386632
0.208928
0.349826
0.409007
0.662
0.662
0.0508335
0.233785
0.150668
0.178643
0.195687
0.0726063
0.524073
0.0773572
0.128602
0.166664
0.0743073
0.28256
0.22458
0.425773
0.0867108
0.257693
0.662
0.0836772
0.296501
0.302575
0.0791573
0.115045
0.0014123
0.263315
0.0707827
0.200931
0.375427
0.432365
0.57601
0.0929533
0.367594
0.114211
0.0279765
0.0765941
0.262937
0.0555263
0.239749
0.236569
0.0825529
0.279663
0.658377
0.169012
0.426822
0.662
0.21683
0.411804
0.662
0.22333
0.324445
0.171611
0.0440521
0.0855388
0.0911144
0.0165229
0.221652
0.0271871
0.195523
0.054361
0.155852
0.29278
0.662
0.18257
0.127235
0.021335
0.163779
0.201512
0.0412076
0.374842
0.121764
0.0665737
0.662
0.514296
0.221381
0.521947
0.114075
0.230358
0.137769
0.662
0.040115
0.401048
0.662
0.159968
0.156417
0.0519164
0.355558
0.162453
0.662
0.289032
0.515927
0.268167
0.232556
0.170515
0.10428
0.0617014
0.390568
0.662
0.19962
0.203517
0.306618
0.16217
0.0887711
0.218878
0.449622
0.0818193
0.662
0.559038
0.183954
0.107387
0.422668
0.662
0.0482286
0.405035
0.425052
0.504426
0.104654
0.120824
0.330067
0.171239
0.662
0.0575312
0.11622
0.62076
0.0943316
0.140539
0.662
0.662
0.662
0.0479946
0.525391
0.0424131
0.662
0.185054
0.35053
0.0531682
0.30416
0.316233
0.340841
0.0610564
0.334765
0.531966
0.542334
0.222208
0.546637
0.475092
0.140884
0.0823444
0.194162
0.528049
0.220518
0.0858129
0.170011
0.516369
0.153013
0.457703
0.395403
0.343495
0.072455
0.662
0.234949
0.105483
0.566544
0.222583
0.662
0.662
0.0638807
0.327777
0.404
0.19571
0.563137
0.51186
0.656499
0.608982
0.0895043
0.0608689
0.329888
0.129065
0.265678
0.0812834
0.479863
0.0697908
0.313047
0.214597
0.35042
0.3272
0.493366
0.305469
0.0211571
0.136205
0.0181576
0.662
0.146353
0.316861
0.265673
0.180165
0.16615
0.22966
0.0596921
0.197822
0.163897
0.314085
0.0909091
0.0541125
0.206356
0.181041
0.379855
0.514048
0.123033
0.0516958
0.11178
0.0872545
0.282091
0.333679
0.235281
0.35506
0.5804
0.505812
0.0667517
0.183096
0.141559
0.0663107
0.662
0.219276
0.138219
0.0349938
0.412923
0.403257
0.381073
0.0102451
0.158102
0.173389
0.428523
0.0678174
0.105562
0.0619487
0.210043
0.231068
0.053834
0.0963168
0.366652
0.290708
0.0669889
0.488836
0.192047
0.529292
0.226227
0.0498742
0.661886
0.0253041
0.48188
0.139092
0.210215
0.165233
0.111772
0.462053
0.372825
0.139512
0.160166
0.147231
0.445758
0.532023
0.0158614
0.187918
0.662
0.375927
0.120363
0.316209
0.48217
0.192909
0.0641682
0.112161
0.23241
0.662
0.161164
0.123519
0.065396
0.177581
0.662
0.226706
0.252521
0.393317
0.0818766
0.0727535
0.0642026
0.662
0.37983
0.662
0.032532
0.362647
0.0633604
0.0709815
0.0941824
0.129609
0.119114
0.0319189
0.662
0.197156
0.199542
0.160132
0.617832
0.0764141
0.0302927
0.662
0.0232565
0.234565
0.104452
0.139361
0.0133308
0.196679
0.0484305
0.149917
0.473375
0.0437723
0.109809
0.634076
0.150775
0.0985305
0.143497
0.338335
0.622224
0.662
0.197832
0.225554
0.220208
0.157522
0.553381
0.260677
0.662
0.0198622
0.0625526
0.231481
0.172233
0.25833
0.553662
0.280224
0.313298
0.13317
0.347555
0.662
0.134125
0.0574981
0.0894263
0.159595
0.559505
0.185998
0.0678696
0.110458
0.107906
0.40908
0.348592
0.186813
0.291981
0.114062
0.15013
0.084546
0.662
0.646717
0.205974
0.0178894
0.662
0.371123
0.353995
0.662
0.12394
0.0501643
0.00742827
0.291067
0.222345
0.542725
0.167891
0.0768531
0.149773
0.662
0.0392401
0.112475
0.0906119
0.305614
0.306019
0.376417
0.112673
0.228632
0.112343
0.0430649
0.15124
0.363647
0.636481
0.131504
0.662
0.184992
0.142495
0.0426374
0.328733
0.106827
0.218542
0.662
0.0466233
0.0517806
0.103816
0.464874
0.243454
0.425171
0.662
0.592133
0.183453
0.356399
0.662
0.116491
0.054873
0.170152
0.107902
0.16533
0.622096
0.102548
0.662
0.451548
0.375504
0.29966
0.156574
0.35264
0.417001
0.426579
0.0479185
0.145429
0.267152
0.488831
0.0637166
0.193465
0.140047
0.662
0.153285
0.00571516
0.354267
0.210554
0.182007
0.0721608
0.222153
0.162667
0.243829
0.138406
0.256828
0.358082
0.0611609
0.0895382
0.662
0.588655
0.662
0.0810976
0.427371
0.636204
0.156942
0.0189944
0.274191
0.258725
0.427919
0.135083
0.662
0.662
0.27833
0.662
0.387446
0.397127
0.212146
0.139541
0.662
0.206623
0.184174
0.662
0.0241115
0.195153
0.148281
0.174188
0.432342
0.231339
0.109801
0.223403
0.0877774
0.257531
0.218966
0.662
0.0451249
0.201477
0.58474
0.283433
0.662
0.0410192
0.0689518
0.631273
0.662
0.662
0.00522752
0.662
0.655839
0.166144
0.20851
0.233093
0.100115
0.054962
0.102381
0.390231
0.0746587
0.309418
0.107179
0.267693
0.662
0.203023
0.26764
0.200587
0.262317
0.0226106
0.113435
0.238673
0.226733
0.562862
0.662
0.203177
0.298516
0.171186
0.153117
0.662
0.0966522
0.245519
0.306418
0.351797
0.0194692
0.0740674
0.662
0.299313
0.0492228
0.221119
0.0618554
0.0371817
0.503713
0.662
0.0245372
0.662
0.476238
0.18544
0.437978
0.162736
0.610952
0.336221
0.195612
0.0912241
0.209104
0.29304
0.24227
0.11951
0.384319
0.0463108
0.144926
0.335989
0.575393
0.639489
0.081404
0.120559
0.252993
0.0212234
0.219502
0.0689191
0.662
0.10161
0.0750313
0.0370289
0.662
0.441991
0.42259
0.600603
0.124124
0.0428292
0.146367
0.662
0.278252
0.144594
0.0610226
0.106495
0.133021
0.662
0.473182
0.416781
0.662
0.0766882
0.300355
0.662
0.447733
0.107787
0.192285
0.424401
0.032654
0.244659
0.0608672
0.112771
0.301415
0.0573728
0.0522299
0.230024
0.163653
0.247314
0.571584
0.337916
0.0701593
0.232728
0.527026
0.405488
0.662
0.576931
0.613094
0.662
0.653483
0.243001
0.0761083
0.662
0.186256
0.662
0.620859
0.0386601
0.140078
0.143707
0.130048
0.0298123
0.132171
0.186868
0.438252
0.0598632
0.176175
0.101393
0.116784
0.101442
0.662
0.333343
0.456596
0.0603788
0.0937136
0.208023
0.0546995
0.448671
0.662
0.662
0.235723
0.409937
0.044539
0.453859
0.186519
0.164816
0.500638
0.0726562
0.662
0.0980238
0.046256
0.0734032
0.662
0.111212
0.235473
0.521882
0.271943
0.113252
0.0912745
0.662
0.0839276
0.0995281
0.100361
0.270641
0.216998
0.042866
0.356995
0.148918
0.520705
0.223599
0.235405
0.662
0.662
0.119333
0.07657
0.0217813
0.1483
0.662
0.0330511
0.194832
0.117247
0.662
0.0970175
0.103043
0.0503969
0.0605563
0.0834372
0.338758
0.138057
0.0836683
0.255831
0.461972
0.242749
0.0352313
0.0720357
0.529283
0.299009
0.170758
0.0716616
0.221311
0.415573
0.0727923
0.0770569
0.0162247
0.0305724
0.00278837
0.386808
0.591288
0.335115
0.0662375
0.162063
0.662
0.124533
0.595316
0.134248
0.110782
0.386298
0.0960969
0.603785
0.271806
0.437216
0.199046
0.662
0.17781
0.662
0.200873
0.662
0.44368
0.453074
0.436752
0.101315
0.16472
0.225483
0.0552253
0.275565
0.00858865
0.662
0.44482
0.353251
0.0588507
0.363609
0.662
0.662
0.530057
0.262043
0.434362
0.662
0.662
0.190375
0.141625
0.0553632
0.320345
0.272782
0.00862976
0.0333803
0.188062
0.0813236
0.393969
0.011725
0.0194618
0.127152
0.116465
0.0467013
0.0456076
0.0764725
0.573282
0.325829
0.237483
0.0659789
0.0839162
0.141756
0.413381
0.0741094
0.0591312
0.117393
0.0595654
0.635286
0.490724
0.662
0.0613067
0.330118
0.662
0.125254
0.137468
0.126619
0.306275
0.461083
0.0497929
0.242774
0.0955155
0.215823
0.0410177
0.45713
0.0903272
0.0442705
0.113745
0.662
0.0506743
0.577351
0.236161
0.31653
0.347383
0.274245
0.536852
0.662
0.345508
0.245107
0.105496
0.662
0.379104
0.146006
0.185222
0.132587
0.0872261
0.184005
0.662
0.210569
0.149689
0.353052
0.268683
0.000675852
0.0151103
0.102557
0.106651
0.247761
0.660191
0.0705782
0.492348
0.159527
0.662
0.0660655
0.662
0.30644
0.662
0.499356
0.0674675
0.401597
0.111251
0.396387
0.0834114
0.226459
0.518222
0.147145
0.662
0.0533291
0.199011
0.0729168
0.662
0.111126
0.166126
0.662
0.662
0.0595155
0.0952049
0.662
0.119734
0.0408692
0.0492944
0.112915
0.274782
0.662
0.662
0.0668133
0.62067
0.21751
0.662
0.0545284
0.662
0.112484
0.322146
0.138672
0.510169
0.2943
0.161209
0.337126
0.171773
0.0846977
0.123445
0.234307
0.289203
0.314939
0.252844
0.662
0.288526
0.0618235
0.662
0.307129
0.424441
0.233623
0.262591
0.14165
0.0361397
0.308542
0.662
0.104582
0.476787
0.662
0.087648
0.662
0.281338
0.332346
0.0859122
0.0643836
0.206437
0.185858
0.0649379
0.548935
0.0750478
0.286194
0.181351
0.269243
0.227485
0.433612
0.340912
0.266496
0.190767
0.171732
0.0645609
0.662
0.347369
0.662
0.156717
0.434927
0.389154
0.013334
0.0623773
0.652592
0.662
0.181183
0.662
0.0765997
0.0564726
0.17725
0.0908855
0.091543
0.543417
0.0696173
0.135313
0.093899
0.147013
0.662
0.152853
0.177992
0.613764
0.0364395
0.100154
0.0488554
0.121386
0.314839
0.00709435
0.0609442
0.0633907
0.471225
0.131574
0.124405
0.662
0.367487
0.0867819
0.107555
0.350098
0.150878
0.203972
0.662
0.0937249
0.438622
0.212581
0.316028
0.0752746
0.237014
0.356834
0.125888
0.172016
0.114817
0.118223
0.228689
0.222926
0.662
0.629911
0.304219
0.126152
0.25766
0.418107
0.154446
0.363792
0.0350291
0.662
0.155934
0.280205
0.662
0.03206
0.249582
0.592511
0.214327
0.131077
0.397791
0.157956
0.248737
0.0191574
0.434155
0.0876185
0.0649379
0.255846
0.125702
0.131001
0.450282
0.0469881
0.0799394
0.633694
0.606581
