0.152712
0.30628
0.158843
0.186861
0.259247
0.0686085
0.108015
0.111206
0.662
0.0913383
0.485099
0.0429295
0.165229
0.0153177
0.174589
0.662
0.119118
0.320056
0.16321
0.211819
0.349726
0.233505
0.441336
0.0948488
0.588832
0.340295
0.0633952
0.0752093
0.328292
0.662
0.223912
0.662
0.662
0.662
0.434399
0.0370786
0.0693063
0.120145
0.113615
0.16763
0.197897
0.0975917
0.0516146
0.378389
0.18672
0.662
0.559831
0.172432
0.111651
0.434382
0.108677
0.320049
0.178173
0.0650386
0.637864
0.236879
0.187625
0.142017
0.0885141
0.314574
0.0834901
0.662
0.0793811
0.170237
0.203708
0.217916
0.207457
0.662
0.243528
0.662
0.337496
0.662
0.489014
0.0412691
0.140173
0.351404
0.176428
0.0956739
0.0695215
0.113477
0.0308851
0.222752
0.662
0.662
0.062683
0.264778
0.110983
0.125856
0.126498
0.306372
0.476074
0.198008
0.137527
0.43059
0.277573
0.563343
0.363717
0.0730319
0.269
0.0912605
0.185737
0.214347
0.0987997
0.218932
0.0658836
0.525233
0.466253
0.343774
0.171167
0.358065
0.654034
0.252034
0.266138
0.112185
0.286378
0.12316
0.128709
0.170978
0.0495884
0.597284
0.118145
0.435224
0.662
0.662
0.105468
0.550445
0.597636
0.206778
0.468515
0.437818
0.0793263
0.0828988
0.662
0.165602
0.662
0.662
0.662
0.148236
0.322189
0.115055
0.0711517
0.107453
0.215214
0.509458
0.662
0.548848
0.321707
0.193794
0.536966
0.246885
0.36067
0.0780921
0.226779
0.417171
0.272127
0.662
0.0576479
0.654525
0.221674
0.0322847
0.438568
0.662
0.662
0.662
0.41394
0.662
0.662
0.178599
0.262637
0.662
0.385821
0.356423
0.151949
0.662
0.0381902
0.0555071
0.391096
0.438597
0.416345
0.0485621
0.276928
0.156801
0.662
0.541552
0.0642675
0.0697621
0.231473
0.205542
0.0495549
0.0721633
0.15308
0.217854
0.150688
0.371881
0.190188
0.171205
0.662
0.0795314
0.0957066
0.245236
0.188873
0.125301
0.621195
0.321196
0.29456
0.0786446
0.662
0.0579587
0.172965
0.22124
0.201509
0.201642
0.0490595
0.14116
0.230359
0.335965
0.082282
0.091268
0.662
0.59212
0.244579
0.164574
0.162532
0.411663
0.146177
0.155933
0.0219083
0.662
0.598104
0.182368
0.662
0.307469
0.17956
0.284139
0.164034
0.0388897
0.167145
0.280362
0.662
0.524818
0.0795003
0.0603014
0.662
0.16586
0.608671
0.662
0.556064
0.349104
0.646662
0.145898
0.151856
0.662
0.0753379
0.0949191
0.193884
0.0172378
0.0472972
0.58926
0.223068
0.662
0.0532821
0.221662
0.0162055
0.205758
0.214863
0.337948
0.143638
0.30955
0.1189
0.0666795
0.365865
0.105986
0.589175
0.0960206
0.440852
0.160876
0.131485
0.224542
0.352637
0.114019
0.413357
0.275953
0.052349
0.272003
0.662
0.240074
0.634565
0.513564
0.0350444
0.611353
0.662
0.662
0.0983505
0.515098
0.233945
0.662
0.00718916
0.201404
0.662
0.641614
0.507699
0.391383
0.139812
0.113497
0.103121
0.270522
0.168033
0.0813444
0.662
0.662
0.331586
0.0975978
0.0248356
0.268466
0.0534395
0.509282
0.405815
0.662
0.260753
0.0855555
0.662
0.662
0.551551
0.0841794
0.137497
0.662
0.0625723
0.176255
0.0875318
0.111799
0.114668
0.251083
0.662
0.329166
0.662
0.25833
0.537962
0.14909
0.0416486
0.165525
0.395337
0.116506
0.0336452
0.336145
0.214402
0.227411
0.321488
0.184186
0.344205
0.662
0.662
0.354527
0.312213
0.662
0.404132
0.336243
0.249973
0.182228
0.662
0.140681
0.461654
0.380439
0.662
0.259001
0.0716789
0.44138
0.104881
0.158144
0.662
0.0834416
0.662
0.175445
0.0971238
0.512247
0.152498
0.424982
0.245504
0.631267
0.235481
0.454316
0.214208
0.59725
0.197675
0.250878
0.232813
0.662
0.483564
0.628182
0.370935
0.662
0.160005
0.469123
0.397849
0.662
0.44527
0.164994
0.662
0.135722
0.324331
0.662
0.320663
0.298285
0.0765527
0.0797991
0.16639
0.377037
0.205692
0.662
0.46977
0.0961183
0.09369
0.459271
0.248182
0.448197
0.662
0.130052
0.662
0.0159915
0.662
0.662
0.419618
0.0993105
0.0928127
0.343216
0.233255
0.523846
0.0688766
0.142303
0.343906
0.312809
0.125032
0.318262
0.118191
0.659144
0.343867
0.662
0.233847
0.173735
0.372423
0.593931
0.547248
0.111969
0.069891
0.237583
0.662
0.225939
0.662
0.282702
0.272835
0.307418
0.592942
0.357543
0.662
0.168679
0.231333
0.490155
0.0812468
0.469633
0.492313
0.00766278
0.058489
0.519515
0.0928556
0.248212
0.0407427
0.642367
0.662
0.318192
0.365249
0.174668
0.0663172
0.212501
0.662
0.460242
0.366669
0.263739
0.435959
0.259368
0.161284
0.159101
0.492088
0.662
0.159587
0.0211379
0.15307
0.203148
0.115921
0.48562
0.662
0.14677
0.200552
0.333608
0.662
0.662
0.105091
0.119658
0.276762
0.0483234
0.131945
0.0782949
0.0385285
0.662
0.1044
0.0797585
0.0856729
0.228237
0.662
0.662
0.302288
0.662
0.287125
0.310826
0.464839
0.122319
0.662
0.158169
0.662
0.185687
0.233474
0.138212
0.0374764
0.0559261
0.423969
0.662
0.339714
0.245075
0.290479
0.242934
0.0222851
0.662
0.662
0.326969
0.358389
0.100186
0.112531
0.662
0.251961
0.0978432
0.144956
0.409049
0.462765
0.0475252
0.392544
0.337317
0.368072
0.662
0.434905
0.39738
0.0954683
0.139803
0.662
0.0677137
0.101502
0.240755
0.361104
0.231545
0.106416
0.230472
0.228844
0.0808971
0.662
0.122947
0.662
0.125079
0.214537
0.662
0.662
0.540256
0.662
0.0611936
0.115977
0.102976
0.26409
0.662
0.290664
0.107226
0.278929
0.646087
0.185035
0.0769648
0.0394771
0.494738
0.548455
0.196058
0.264929
0.271149
0.161561
0.115937
0.116641
0.26976
0.455138
0.200815
0.399198
0.403423
0.662
0.137723
0.662
0.293091
0.0145274
0.222596
0.127541
0.152073
0.321764
0.245077
0.06663
0.0802518
0.310932
0.236147
0.662
0.385383
0.385443
0.21569
0.366179
0.0820316
0.484347
0.662
0.160071
0.293997
0.662
0.662
0.177381
0.320802
0.193969
0.583431
0.113621
0.272537
0.449037
0.189629
0.00207267
0.19049
0.235843
0.268982
0.221644
0.662
0.125504
0.422355
0.0575493
0.264033
0.346125
0.112036
0.468062
0.119845
0.240357
0.252148
0.418333
0.0900496
0.254243
0.1519
0.432696
0.0955827
0.295526
0.375444
0.567126
0.662
0.494745
0.256129
0.153608
0.14773
0.412007
0.383782
0.153196
0.216961
0.284765
0.238209
0.236022
0.373589
0.370843
0.164094
0.662
0.569135
0.0790925
0.563447
0.404611
0.375534
0.64268
0.662
0.215388
0.3495
0.175481
0.226337
0.197584
0.662
0.392284
0.462301
0.225407
0.191935
0.344851
0.323332
0.425839
0.298458
0.121614
0.200786
0.487994
0.052168
0.662
0.217933
0.0990872
0.0632072
0.446881
0.106562
0.496166
0.243785
0.0577473
0.0558737
0.42908
0.458656
0.662
0.125689
0.0832724
0.123109
0.285147
0.231788
0.662
0.421066
0.662
0.0829523
0.175605
0.387005
0.556787
0.311472
0.627136
0.0286095
0.153571
0.0641383
0.538627
0.157705
0.213895
0.290775
0.240068
0.662
0.662
0.159406
0.0685563
0.260504
0.533358
0.133213
0.0627162
0.0749685
0.662
0.284033
0.405106
0.115082
0.367559
0.265613
0.120101
0.662
0.040232
0.220168
0.619484
0.0607932
0.166344
0.296246
0.296418
0.295879
0.280026
0.189003
0.519974
0.209472
0.662
0.160434
0.12703
0.143863
0.423788
0.0816427
0.503116
0.662
0.147921
0.542112
0.439285
0.0660598
0.0776835
0.630179
0.662
0.139704
0.0659298
0.524925
0.136605
0.128131
0.18901
0.423959
0.0616902
0.428275
0.377306
0.662
0.122727
0.0809904
0.194903
0.133937
0.0366854
0.352986
0.514518
0.360071
0.427452
0.0429961
0.202585
0.662
0.0322368
0.490764
0.474975
0.186318
0.662
0.365605
0.0492888
0.662
0.201692
0.60483
0.362672
0.40257
0.402675
0.158064
0.149949
0.308745
0.241532
0.175617
0.288179
0.432827
0.0705246
0.073202
0.662
0.245518
0.102595
0.384604
0.219267
0.226295
0.365452
0.235168
0.508586
0.159037
0.614883
0.0866407
0.496608
0.492982
0.0470953
0.461569
0.34176
0.662
0.0402662
0.0530776
0.183597
0.662
0.0778526
0.372446
0.0512722
0.0242927
0.408687
0.397816
0.0379042
0.662
0.461483
0.0447465
0.0931244
0.236619
0.438715
0.662
0.268067
0.226806
0.106382
0.662
0.369115
0.530703
0.105414
0.180295
0.375725
0.0990321
0.205712
0.124734
0.0591794
0.662
0.185193
0.662
0.662
0.221549
0.0594293
0.370031
0.172218
0.194322
0.32718
0.499394
0.625936
0.587026
0.662
0.230143
0.662
0.0949275
0.281727
0.0798529
0.235054
0.113451
0.662
0.0628215
0.662
0.662
0.0896883
0.196584
0.317671
0.431964
0.242784
0.662
0.555082
0.110704
0.0959589
0.257047
0.662
0.140845
0.248022
0.662
0.662
0.11054
0.662
0.168193
0.207927
0.163287
0.662
0.662
0.662
0.170957
0.12619
0.243172
0.228626
0.451142
0.147378
0.662
0.477982
0.25657
0.00773782
0.0930342
0.0806548
0.275905
0.158
0.0421556
0.147957
0.402573
0.298897
0.364779
0.153482
0.00959963
0.444164
0.483386
0.189832
0.0270419
0.0884713
0.662
0.108951
0.168872
0.662
0.662
0.290963
0.335399
0.476228
0.662
0.315048
0.0435546
0.662
0.441297
0.112185
0.0260564
0.206845
0.286821
0.431697
0.662
0.329924
0.315164
0.226537
0.117245
0.464026
0.0700848
0.179714
0.267371
0.662
0.267535
0.662
0.58748
0.144216
0.329166
0.436573
0.0870413
0.240468
0.31475
0.419665
0.159256
0.297489
0.662
0.403253
0.263144
0.515827
0.257824
0.650279
0.620153
0.491868
0.231903
0.08255
0.232211
0.144658
0.266012
0.475259
0.662
0.611208
0.0872489
0.662
0.102069
0.147692
0.111131
0.49058
0.547253
0.219792
0.529981
0.203872
0.183605
0.120118
0.564372
0.36124
0.114934
0.212946
0.108823
0.0732381
0.444767
0.353272
0.618937
0.0944966
0.0719154
0.186958
0.242466
0.085743
0.458926
0.332311
0.514851
0.520065
0.466532
0.158354
0.138225
0.233385
0.171119
0.218438
0.581013
0.193509
0.130491
0.507722
0.257703
0.123996
0.662
0.626569
0.107694
0.241459
0.271593
0.595074
0.145848
0.591026
0.40654
0.201527
0.0703938
0.33154
0.337992
0.662
0.454962
0.376097
0.300644
0.0117738
0.340912
0.428765
0.0499078
0.588847
0.131229
0.267652
0.10315
0.062908
0.0247125
0.433559
0.662
0.132814
0.43799
0.3636
0.26094
0.198988
0.581282
0.227319
0.372028
0.069323
0.59855
0.384925
0.474086
0.110934
0.0956518
0.0575324
0.0635068
0.121977
0.662
0.259167
0.085111
0.29358
0.116146
0.0768985
0.0841058
0.662
0.305558
0.599637
0.293455
0.531041
0.221771
0.0844436
0.636493
0.662
0.0828261
0.0647946
0.358539
0.140865
0.172306
0.5705
0.290981
0.662
0.128726
0.180555
0.110348
0.0740605
0.0864645
0.0158702
0.194484
0.341614
0.190259
0.662
0.374559
0.519635
0.174049
0.157477
0.0986558
0.143374
0.308431
0.0514764
0.662
0.352301
0.544001
0.662
0.373053
0.158269
0.213998
0.188896
0.345921
0.0300727
0.122017
0.159943
0.661139
0.155429
0.490003
0.0962304
0.376726
0.288555
0.160103
0.127241
0.0659213
0.193854
0.662
0.0789503
0.337185
0.408361
0.205166
0.233946
0.150155
0.159792
0.294787
0.662
0.042771
0.0786046
0.238205
0.393008
0.0066823
0.106781
0.662
0.228157
0.130659
0.0650911
0.662
0.45789
0.542504
0.0691665
0.662
0.51566
0.272036
0.368182
0.182046
0.114683
0.42384
0.544619
0.204402
0.0936231
0.127883
0.0691753
0.208325
0.135523
0.0893574
0.290214
0.421918
0.065792
0.293899
0.1432
0.293954
0.233118
0.0959176
0.117515
0.179059
0.0733459
0.661462
0.503309
0.503359
0.0994643
0.339364
0.132103
0.395353
0.0906941
0.148515
0.498746
0.662
0.117452
0.446253
0.211441
0.272159
0.172677
0.122142
0.175928
0.0191582
0.191445
0.142055
0.662
0.101876
0.0826077
0.160483
0.0470122
0.246218
0.302815
0.251653
0.523875
0.343495
0.111178
0.662
