0.347265
0.306909
0.111929
0.0863718
0.125554
0.662
0.260026
0.485504
0.212304
0.645047
0.118574
0.515145
0.00195168
0.581019
0.0438959
0.662
0.121145
0.509568
0.0914546
0.619327
0.100523
0.0145344
0.314577
0.397373
0.653483
0.318932
0.0906463
0.322645
0.60883
0.216301
0.0706092
0.114725
0.662
0.138158
0.433735
0.379053
0.100552
0.091952
0.19131
0.156338
0.169186
0.0725508
0.662
0.24123
0.0525573
0.160096
0.220556
0.290076
0.662
0.662
0.186939
0.341778
0.662
0.240686
0.662
0.662
0.32446
0.513374
0.662
2.4689e-05
0.163561
0.209304
0.662
0.176113
0.237991
0.662
0.0310194
0.621757
0.662
0.154985
0.262238
0.350288
0.0567655
0.0920457
0.434235
0.662
0.131872
0.226976
0.363799
0.662
0.459543
0.242623
0.0839728
0.0971886
0.14275
0.596048
0.255068
0.662
0.0219351
0.644861
0.207528
0.00238782
0.0530854
0.0343548
0.31893
0.0499903
0.662
0.662
0.0432199
0.425815
0.0564314
0.374185
0.662
0.465729
0.57607
0.26029
0.154285
0.335211
0.216772
0.551087
0.529386
0.349214
0.617402
0.289533
0.447461
0.0867385
0.429907
0.138334
0.662
0.35163
0.369468
0.354508
0.393691
0.457356
0.0721943
0.583638
0.31075
0.568407
0.0706589
0.198821
0.6202
0.293422
0.0557956
0.328051
0.0861521
0.396677
0.181884
0.25092
0.107621
0.027903
0.11909
0.662
0.170152
0.0555428
0.160767
0.476021
0.0306537
0.154281
0.115398
0.246747
0.0131795
0.475373
0.289644
0.42135
0.117292
0.0316951
0.594053
0.231481
0.50469
0.212584
0.21869
0.662
0.413741
0.411631
0.0326394
0.291111
0.662
0.607407
0.127833
0.0645451
0.424535
0.10264
0.131528
0.362797
0.456346
0.195222
0.140479
0.624679
0.21598
0.610361
0.582217
0.0449878
0.549114
0.224771
0.493265
0.17598
0.662
0.402352
0.0771944
0.18442
0.662
0.206623
0.0941917
0.394008
0.347256
0.0736102
0.269243
0.227485
0.0616048
0.170267
0.662
0.0981073
0.441014
0.0905902
0.630904
0.28149
0.36962
0.531391
0.266394
0.0984805
0.291934
0.37293
0.126596
0.662
0.459759
0.163786
0.325296
0.600453
0.36125
0.186333
0.3609
0.453162
0.116949
0.419442
0.174154
0.662
0.272182
0.662
0.135176
0.00540732
0.662
0.662
0.0970358
0.280983
0.343749
0.0827204
0.426721
0.306207
0.185496
0.0698466
0.536741
0.307366
0.0798814
0.094821
0.37425
0.361644
0.216107
0.161121
0.297569
0.331839
0.0851924
0.332628
0.188773
0.268752
0.320315
0.662
0.662
0.469798
0.336976
0.203116
0.53422
0.132787
0.511292
0.662
0.518628
0.416578
0.527937
0.171199
0.602787
0.40664
0.355134
0.472751
0.19571
0.173643
0.662
0.609362
0.48914
0.662
0.228451
0.182451
0.0813236
0.194284
0.1284
0.0492889
0.110618
0.282565
0.437216
0.112384
0.0623439
0.477818
0.0654229
0.518926
0.662
0.266075
0.222967
0.0976413
0.0760828
0.272424
0.662
0.236003
0.10728
0.218269
0.18452
0.198875
0.342862
0.178078
0.158201
0.662
0.21573
0.181034
0.322146
0.320047
0.384887
0.0678696
0.308344
0.364535
0.170852
0.120297
0.523557
0.321947
0.662
0.186256
0.0151336
0.0502519
0.425921
0.241348
0.40271
0.524611
0.183316
0.303917
0.32761
0.290243
0.662
0.0497929
0.114078
0.263265
0.167571
0.350095
0.411583
0.57019
0.368086
0.278233
0.0583851
0.18665
0.046914
0.151455
0.225741
0.0902785
0.577054
0.356336
0.334663
0.662
0.166126
0.239472
0.365597
0.234804
0.204969
0.078451
0.135336
0.0644338
0.222741
0.212417
0.662
0.662
0.366852
0.662
0.222894
0.211108
0.395403
0.343495
0.134473
0.662
0.326679
0.111101
0.401669
0.484855
0.662
0.626668
0.610706
0.662
0.662
0.210468
0.281083
0.654413
0.176027
0.662
0.0989174
0.447702
0.145619
0.37486
0.107741
0.139764
0.662
0.662
0.156279
0.662
0.662
0.183159
0.301415
0.586056
0.189632
0.602072
0.147357
0.110566
0.301787
0.0935113
0.180847
0.108796
0.241729
0.0220049
0.409373
0.170073
0.458723
0.231412
0.103029
0.260805
0.24849
0.101568
0.186933
0.294184
0.0492778
0.345641
0.494616
0.425424
0.313204
0.355623
0.662
0.662
0.662
0.149209
0.0284219
0.0553836
0.395408
0.662
0.197711
0.393716
0.376305
0.1262
0.0562322
0.212424
0.149002
0.440438
0.116861
0.0457903
0.239749
0.0366673
0.310833
0.131087
0.113759
0.0346124
0.346956
0.111689
0.274021
0.198715
0.662
0.0644834
0.180374
0.390853
0.265628
0.662
0.208474
0.195104
0.534213
0.157602
0.170813
0.0897274
0.662
0.662
0.230665
0.391181
0.220555
0.660845
0.382651
0.662
0.1594
0.225246
0.662
0.425319
0.277202
0.0824543
0.444872
0.195577
0.328238
0.517106
0.662
0.0938753
0.161519
0.501711
0.0174335
0.0612348
0.132896
0.582055
0.551006
0.662
0.135966
0.199786
0.662
0.380075
0.0416203
0.542116
0.383658
0.215823
0.58474
0.0536991
0.122266
0.0582563
0.436216
0.243145
0.418067
0.125702
0.00799751
0.27053
0.511836
0.35552
0.265285
0.662
0.659397
0.265678
0.0812834
0.479863
0.393308
0.277212
0.637659
0.132626
0.11693
0.662
0.55733
0.363552
0.418302
0.174458
0.647595
0.662
0.110601
0.204374
0.0750105
0.222153
0.242374
0.163758
0.587274
0.432717
0.435291
0.662
0.0500601
0.0700459
0.614379
0.342939
0.115866
0.118273
0.0362851
0.274358
0.255454
0.0457956
0.085018
0.364861
0.0725659
0.112087
0.419954
0.568706
0.651357
0.411177
0.450144
0.244223
0.188519
0.0502433
0.326047
0.0899315
0.324491
0.164421
0.236161
0.662
0.364025
0.356495
0.29973
0.460285
0.0860658
0.248563
0.13519
0.354989
0.401305
0.273052
0.132406
0.116885
0.41618
0.125593
0.385597
0.315658
0.0734128
0.190084
0.383328
0.219226
0.442562
0.0667845
0.662
0.114196
0.152079
0.0995397
0.135498
0.458215
0.0426286
0.662
0.00943747
0.0747356
0.378897
0.380612
0.0123842
0.249455
0.626655
0.460031
0.273135
0.662
0.662
0.310594
0.115834
0.117724
0.0594077
0.662
0.264881
0.0724956
0.599265
0.0839828
0.662
0.328912
0.0361441
0.046656
0.405739
0.275257
0.662
0.434887
0.233903
0.129079
0.662
0.564439
0.0964315
0.322887
0.0985281
0.0866534
0.568893
0.649675
0.0543475
0.122001
0.157033
0.662
0.662
0.453859
0.398525
0.116991
0.662
0.258567
0.543081
0.218542
0.628847
0.662
0.281361
0.238976
0.251132
0.131225
0.662
0.647492
0.351451
0.385941
0.0229612
0.197013
0.493699
0.512696
0.0363299
0.662
0.11772
0.268848
0.498036
0.123848
0.353099
0.662
0.290724
0.104767
0.385528
0.187918
0.662
0.171054
0.367405
0.0603297
0.0219085
0.0878415
0.174124
0.520226
0.598126
0.511475
0.0843672
0.30573
0.0528375
0.146773
0.116792
0.214327
0.311656
0.248031
0.223415
0.299335
0.160281
0.662
0.371258
0.458267
0.147231
0.282491
0.216278
0.334776
0.203713
0.503713
0.0949965
0.0269421
0.537304
0.0929494
0.442299
0.40781
0.160503
0.56832
0.457138
0.165592
0.315133
0.2142
0.100815
0.0716397
0.315836
0.662
0.249083
0.662
0.0796613
0.0637166
0.169641
0.636521
0.216267
0.198247
0.662
0.0617258
0.0948984
0.331008
0.605386
0.223484
0.0919616
0.0936575
0.196991
0.662
0.148012
0.106586
0.21683
0.0915037
0.171434
0.0945535
0.32143
0.0536394
0.119375
0.644102
0.264275
0.118863
0.118953
0.0666185
0.0463282
0.662
0.633694
0.362253
0.628132
0.516358
0.201478
0.642528
0.0851293
0.0723581
0.0936431
0.662
0.662
0.62067
0.635376
0.280369
0.079851
0.421255
0.222996
0.662
0.411991
0.662
0.385493
0.162572
0.103111
0.198683
0.282811
0.410045
0.116345
0.183116
0.662
0.26337
0.084828
0.662
0.16479
0.400575
0.308008
0.400904
0.022448
0.30586
0.0908257
0.503694
0.662
0.00447961
0.150347
0.459833
0.426127
0.531454
0.410426
0.122771
0.401495
0.471399
0.3859
0.37488
0.132151
0.662
0.325452
0.43654
0.148763
0.630667
0.114546
0.142484
0.230982
0.662
0.422763
0.197616
0.366767
0.0526763
0.210168
0.185682
0.442941
0.662
0.0836981
0.174444
0.482424
0.446287
0.353802
0.102307
0.176966
0.639195
0.173084
0.0570979
0.105323
0.148522
0.106534
0.622762
0.378786
0.339593
0.126228
0.582875
0.283813
0.056152
0.290782
0.189693
0.286149
0.495084
0.135706
0.662
0.208602
0.125093
0.0618722
0.662
0.309479
0.662
0.662
0.0316541
0.141185
0.587277
0.0378134
0.248754
0.197525
0.662
0.316348
0.347862
0.388298
0.205113
0.191747
0.111492
0.0930094
0.653018
0.662
0.243763
0.662
0.471326
0.0766052
0.412369
0.232368
0.0585179
0.21277
0.0627681
0.242875
0.0365842
0.13697
0.662
0.163933
0.412329
0.101553
0.255631
0.101655
0.12415
0.662
0.605135
0.146946
0.0832613
0.178431
0.662
0.183164
0.409974
0.662
0.546109
0.319866
0.0723224
0.573452
0.230124
0.294852
0.13082
0.662
0.43101
0.084954
0.20722
0.373033
0.21813
0.448839
0.194024
0.624497
0.417001
0.662
0.400798
0.128446
0.466343
0.662
0.0735637
0.662
0.662
0.299137
0.0700128
0.662
0.0812325
0.312082
0.662
0.459736
0.382841
0.0611604
0.335781
0.197384
0.168848
0.636833
0.0756243
0.12248
0.331686
0.201474
0.0715139
0.139701
0.662
0.399393
0.662
0.160699
0.662
0.148326
0.0725886
0.0938785
0.235473
0.662
0.14222
0.437858
0.662
0.00858865
0.105654
0.147242
0.154465
0.00420495
0.514916
0.662
0.186989
0.267344
0.0937249
0.117685
0.00309827
0.416792
0.0991793
0.0398926
0.0188049
0.0164176
0.284371
0.662
0.0409978
0.274046
0.444829
0.662
0.325377
0.576823
0.176022
0.361543
0.219883
0.422547
0.330584
0.429459
0.26388
0.148877
0.118722
0.560673
0.0488351
0.662
0.55408
0.29048
0.224864
0.119737
0.323117
0.508025
0.290628
0.0732226
0.286194
0.121293
0.0858844
0.662
0.662
0.162986
0.0516672
0.451494
0.136685
0.662
0.24457
0.447954
0.258207
0.662
0.286099
0.662
0.184992
0.662
0.0717858
0.31501
0.662
0.178915
0.213691
0.0529795
0.028861
0.328975
0.0118203
0.177097
0.662
0.431109
0.0178352
0.119999
0.634776
0.0617014
0.390568
0.234798
0.0469549
0.662
0.111422
0.140691
0.276564
0.29338
0.080423
0.23974
0.257606
0.662
0.356896
0.0360699
0.130154
0.154448
0.662
0.298043
0.44666
0.662
0.181284
0.145412
0.342278
0.433721
0.394872
0.0398224
0.391793
0.431875
0.0425539
0.121764
0.221097
0.0297789
0.662
0.280386
0.137497
0.128213
0.533438
0.0516061
0.148607
0.195429
0.643211
0.124203
0.036564
0.22732
0.515065
0.12648
0.662
0.222707
0.319961
0.115071
0.129159
0.662
0.563137
0.223214
0.210544
0.482691
0.0969575
0.234053
0.145774
0.354215
0.172847
0.623995
0.662
0.341397
0.54817
0.169481
0.12851
0.45159
0.0428022
0.435781
0.384161
0.482035
0.230191
0.221058
0.487452
0.467603
0.393317
0.307825
0.0806926
0.350711
0.498297
0.11042
0.396825
0.155435
0.289414
0.0628935
0.479666
0.228441
0.207746
0.337617
0.109853
0.452207
0.122729
0.0677554
0.293281
0.455076
0.487369
0.130192
0.401597
0.216386
0.0835795
0.334992
0.662
0.245458
0.115543
0.384043
0.0744471
0.42964
0.662
0.208907
0.235158
0.0640632
0.0860583
0.114964
0.0619487
0.225943
0.16656
0.212344
0.335542
0.2152
0.662
0.062141
0.0390669
0.0472434
0.0180169
0.459706
0.29294
0.260794
0.148634
0.225836
0.662
0.107906
0.662
0.0787088
0.101425
0.11386
0.573862
0.187147
0.15071
0.0914755
0.113996
0.150542
0.0267866
0.26464
0.0843317
0.282869
0.312081
0.0962936
0.629664
0.129797
0.164982
0.662
0.143448
0.230983
0.662
0.122339
0.423861
0.044717
0.328228
0.662
0.10036
0.0412802
0.163625
0.163642
0.439021
0.063858
0.0777522
0.652706
0.565891
0.0779428
0.574894
0.523762
0.300441
0.107224
0.100154
0.14014
0.139183
0.662
0.0596921
0.11969
0.480693
0.409007
0.662
0.525056
0.0970113
0.0980998
0.48908
0.17337
0.662
0.164072
0.131712
0.175543
0.217728
0.0517988
0.0858973
0.179589
0.335751
0.0572711
0.0954236
0.259095
0.0645932
0.0429822
0.0260549
0.095036
0.0646776
0.156942
0.0189944
0.062964
0.151089
0.527173
0.195417
0.0545308
0.543684
0.120074
0.0637435
0.148571
0.211632
0.413779
0.111414
0.39914
0.408403
0.0943065
0.421147
0.455302
0.385569
0.662
0.457067
0.662
0.0653667
0.2151
0.0581736
0.0858483
0.100471
0.639847
0.0484864
0.152413
0.457947
0.662
0.29518
0.107093
0.24201
0.106383
0.239659
0.508187
0.393027
0.108236
0.169128
0.120098
0.13557
0.212498
0.662
0.430768
0.286261
0.645134
0.543777
0.303182
0.0480826
0.391383
0.447672
0.167437
0.254497
0.350189
0.128062
0.662
0.604597
0.146527
0.0653347
0.261643
0.30232
0.0710117
0.0438397
0.509064
0.583158
0.662
0.188427
0.252354
0.130989
0.424009
0.181793
0.0519616
0.168001
0.404
0.662
0.357213
0.34217
0.300675
0.422071
0.662
0.17781
0.0577431
0.214871
0.278769
0.208213
0.164586
0.432188
0.532629
0.113208
0.233658
0.218114
0.238786
0.155131
0.30022
0.662
0.518575
0.662
0.0762411
0.153265
0.0331577
0.338923
0.442904
0.0585166
0.453475
0.662
0.662
0.662
0.266154
0.662
0.155376
0.1185
0.444059
0.513999
0.662
0.154961
0.662
0.303709
0.0445032
0.0875113
0.662
0.122469
0.150644
0.145724
0.0892289
0.361371
0.566491
0.265251
0.662
0.186868
0.152721
0.143956
0.131827
0.388709
0.355438
0.0519736
0.119149
0.662
0.137922
0.523196
0.662
0.0159187
0.636216
0.390506
0.639152
0.0964819
0.021406
0.0799586
0.0695845
0.662
0.631476
0.147513
0.427648
0.128602
0.144271
0.216587
0.411558
0.662
0.208955
0.189149
0.226185
0.44564
0.0264801
0.662
0.462435
0.0801862
0.155189
0.662
0.46356
0.662
0.0873947
0.278693
0.0751018
0.0640398
0.434901
0.0624892
0.372358
0.662
0.151134
0.0148471
0.376417
0.656017
0.117481
0.662
0.658104
0.662
0.634208
0.0668075
0.140528
0.0253041
0.475941
0.0122291
0.662
0.0977363
0.314192
0.0522854
0.161317
0.463164
0.00958405
0.363792
0.224148
0.385373
0.279608
0.617998
0.123723
0.662
0.0221265
0.0910387
0.460614
0.662
0.348537
0.240254
0.0101422
0.304641
0.465242
0.175791
0.662
0.457585
0.0678334
0.179951
0.443205
0.466036
0.202764
0.192386
0.662
0.0873252
0.354444
0.130302
0.207528
0.29577
0.192708
0.662
0.256038
0.180798
0.662
0.662
0.145207
0.165739
0.491683
0.662
0.662
0.612463
0.0134924
0.662
0.256406
0.140988
0.637666
0.312968
0.0507016
0.296153
0.0604088
0.548698
0.0274227
0.614032
0.348855
0.261824
0.228904
0.211641
0.662
0.255487
0.662
0.120536
0.330641
0.21107
0.134441
0.23476
0.324623
0.113327
0.0203547
0.419529
0.279079
0.662
0.119942
0.101827
0.16941
0.0797847
0.212931
0.101273
0.5052
0.44268
0.421039
0.399188
0.474227
0.349396
0.394608
0.489196
0.00897452
0.124347
0.243657
0.647589
0.0494727
0.466498
0.0211571
0.334923
0.082651
0.427233
0.380284
0.344324
0.645329
0.0674448
0.0994865
0.503965
0.309408
0.134974
0.0351079
0.204249
0.0886739
0.2453
0.334948
0.277759
0.195287
0.178241
0.226208
0.162788
0.45135
0.0725956
0.381105
0.151259
0.606371
0.662
0.541939
0.662
0.224123
0.328482
0.662
0.198243
0.662
0.34139
0.13904
0.384736
0.597253
0.149689
0.173299
0.44881
0.347555
0.262898
0.662
0.0981678
0.111395
0.0544267
0.134666
0.0826635
0.0639668
0.0151103
0.102557
0.311167
0.0380273
0.334246
0.168458
0.414966
0.545422
0.0338159
0.0809923
0.102232
0.43935
0.453668
0.325585
0.662
0.423368
0.20915
0.156014
0.213137
0.12817
0.266257
0.662
0.159291
0.141153
0.432739
0.206437
0.15919
0.257141
0.456967
0.122058
0.0760334
0.277729
0.591288
0.662
0.662
0.520831
0.433261
0.648807
0.573606
0.0958242
0.317568
0.429369
0.0487103
0.0962609
0.29439
0.200828
0.398518
0.662
0.269693
0.318232
0.073609
0.107539
0.589829
0.42551
0.0936737
0.662
0.0726885
0.432743
0.662
0.0994911
0.132159
0.134063
0.283957
0.224887
0.662
0.662
0.603451
0.389449
0.145208
0.178643
0.364896
0.0652662
0.207194
0.0389871
0.0133308
0.107808
0.379117
0.0963697
0.0217931
0.038069
0.437304
0.247065
0.549085
0.418167
0.26354
0.544055
0.651575
0.595588
0.0561937
0.0959655
0.100017
0.423778
0.231978
0.289032
0.0619386
0.0108082
0.433905
0.31202
0.160611
0.493037
0.662
0.0204459
0.3454
0.352313
0.650765
0.209127
0.157927
0.320791
0.358968
0.112013
0.348858
0.461122
0.26106
0.641657
0.177543
0.427817
0.168417
0.224611
0.550306
0.241646
0.433003
0.662
0.565736
0.176508
0.0621683
0.301033
0.212087
0.266952
0.0512679
0.558246
0.153646
0.0485006
0.0889832
0.176106
0.0713495
0.452647
0.662
0.429535
0.148454
0.164684
0.347606
0.317201
0.103221
0.649357
0.27249
0.0810074
0.465097
0.101634
0.438997
0.46323
0.0435113
0.0362163
0.35997
0.0273374
0.298441
0.107603
0.293616
0.0934264
0.157369
0.0012479
0.628935
0.486246
0.203757
0.60299
0.0241925
0.0882604
0.0776372
0.229361
0.503744
0.0243039
0.662
0.662
0.0697616
0.451246
0.462565
0.524559
0.634353
0.138935
0.2878
0.361476
0.0665695
0.101595
0.0858011
0.388444
0.146092
0.343967
0.423952
0.053834
0.527383
0.0600438
0.225638
0.55283
0.0414123
0.112689
0.643665
0.390317
0.222997
0.554782
0.230358
0.291289
0.395291
0.111568
0.140596
0.140078
0.270314
0.0491577
0.662
0.23216
0.662
0.00709435
0.0669308
0.16649
0.268492
0.467151
0.390134
0.0392401
0.0815526
0.48208
0.162273
0.662
0.442304
0.18205
0.379039
0.662
0.662
0.107818
0.662
0.207979
0.228047
0.662
0.662
0.117321
0.058723
0.351812
0.110969
0.21165
0.44886
0.361072
0.662
0.268719
0.0610564
0.190243
0.361634
0.54376
0.184952
0.107769
0.0595102
0.0562389
0.237429
0.162886
0.289903
0.107529
0.191585
0.662
0.124999
0.0109128
0.324492
0.542822
0.000179563
0.191894
0.0469766
0.164816
0.227065
0.327743
0.662
0.428204
0.152134
0.633318
0.0591312
0.585113
0.0800145
0.191753
0.261997
0.384028
0.117655
0.394798
0.662
0.0674713
0.07748
0.1728
0.311756
0.124161
0.346762
0.436483
0.559058
0.167343
0.0246687
0.274572
0.177929
0.117568
0.361098
0.326858
0.101367
0.255913
0.0821167
0.527376
0.624258
0.32237
0.513123
0.116251
0.662
0.300676
0.0276698
0.22735
0.633004
0.662
0.0650117
0.662
0.510343
0.10338
0.576792
0.662
0.662
0.358487
0.662
0.662
0.136203
0.459105
0.052845
0.662
0.124328
0.035684
0.0306157
0.469635
0.662
0.409326
0.356461
0.326529
0.540545
0.662
0.0794751
0.327476
0.0894582
0.236311
0.662
0.497444
0.662
0.267692
0.662
0.367932
0.267863
0.226778
0.418887
0.501494
0.0536965
0.178977
0.662
0.174399
0.662
0.0263823
0.0727313
0.0677668
0.662
0.157419
0.102755
0.433578
0.146672
0.204591
0.314447
0.0178894
0.310243
0.161352
0.27864
0.16052
0.187689
0.392819
0.305699
0.662
0.0370643
0.146668
0.174952
0.3084
0.662
0.343221
0.0628939
0.174076
0.512698
0.419026
0.237335
0.0809263
0.430332
0.140884
0.188887
0.122171
0.53996
0.105327
0.179326
0.31222
0.398883
0.662
0.662
0.208643
0.0523069
0.0652039
0.320217
0.662
0.272015
0.146543
0.278553
0.0660655
0.315549
0.408559
0.490397
0.172428
0.500156
0.200711
0.279874
0.645727
0.0499042
0.127243
0.283071
0.231118
0.662
0.129781
0.0608566
0.106591
0.662
0.265234
0.375974
0.27383
0.119134
0.117024
0.0137105
0.60575
0.393779
0.0126792
0.416803
0.662
0.621236
0.416913
0.0686046
0.0149031
0.187861
0.662
0.527934
0.555374
0.538832
0.0784892
0.208003
0.381302
0.183797
0.0506886
0.662
0.607547
0.662
0.132096
0.106648
0.192824
0.0705104
0.662
0.267581
0.551246
0.150654
0.216425
0.0815909
0.0841053
0.662
0.0456556
0.54303
0.150478
0.233869
0.292492
0.422541
0.447827
0.0710417
0.0678188
0.0951738
0.591329
0.109775
0.231154
0.083798
0.349092
0.134251
0.0861678
0.662
0.246537
0.60877
0.626783
0.0874648
0.0396796
0.0531658
0.405488
0.0371385
0.146329
0.151746
0.662
0.662
0.30362
0.304755
0.244709
0.357883
0.63339
0.373944
0.32311
0.291134
0.166793
0.0566367
0.076275
0.0632763
0.662
0.472987
0.43832
0.349875
0.255574
0.343836
0.149476
0.662
0.0762501
0.570306
0.662
0.0346221
0.662
0.331817
0.493419
0.319175
0.199528
0.305304
0.636094
0.267924
0.662
0.168898
0.316101
0.0971609
0.166347
0.662
0.241572
0.510282
0.651369
0.662
0.0359513
0.295237
0.47359
0.502201
0.183381
0.258347
0.105017
0.113982
0.298545
0.238012
0.530692
0.662
0.0656318
0.0523201
0.183954
0.367123
0.35085
0.152538
0.662
0.523727
0.629911
0.0677594
0.662
0.147862
0.0846993
0.176867
0.173875
0.153005
0.222713
0.26979
0.334163
0.225938
0.16615
0.252633
0.279204
0.0641497
0.0415232
0.662
0.454303
0.618922
0.186566
0.11091
0.377475
0.326974
0.58845
0.0490176
0.630244
0.478875
0.135726
0.296161
0.417957
0.134534
0.276901
0.106802
0.164957
0.662
0.245902
0.300095
0.0907859
0.532935
0.19625
0.662
0.0848728
0.0570924
0.0563361
0.43342
0.505791
0.46496
0.282615
0.0327172
0.394481
0.662
0.308171
0.460181
0.351002
0.265709
0.662
0.143806
0.257194
0.152833
0.237788
0.148407
0.129832
0.12066
0.397746
0.662
0.662
0.153869
0.0725541
0.0825046
0.0801763
0.346274
0.371337
0.662
0.371814
0.134351
0.395414
0.150238
0.16615
0.178875
0.0822135
0.129314
0.291142
0.137868
0.108419
0.0573728
0.403406
0.327219
0.245141
0.662
0.151056
0.155393
0.156536
0.104376
0.190258
0.179344
0.0902859
0.617109
0.303232
0.0984519
0.153493
0.106895
0.0908881
0.447663
0.00156443
0.0997426
0.23155
0.0773869
0.136432
0.424219
0.0813998
0.0451324
0.0616666
0.662
0.348119
0.177898
0.274538
0.60629
0.298482
0.0440251
0.0725592
0.475337
0.265408
0.488552
0.0835074
0.0768559
0.662
0.0852467
0.390559
0.662
0.354259
0.154415
0.118125
0.137795
0.443218
0.570614
0.464243
0.186519
0.619892
0.0654369
0.562877
0.16955
0.408266
0.270826
0.347209
0.534832
0.0934558
0.662
0.0901322
0.104566
0.0740436
0.194479
0.470247
0.299091
0.393147
0.210196
0.0355943
0.146781
0.54819
0.115272
0.662
0.108508
0.166505
0.514296
0.662
0.41073
0.119333
0.0123644
0.454014
0.124576
0.267903
0.400302
0.451553
0.646829
0.0638698
0.344529
0.662
0.49773
0.102366
0.135641
0.225641
0.407664
0.662
0.183874
0.0106089
0.32281
0.291712
0.102149
0.15853
0.439182
0.402234
0.662
0.662
0.359308
0.0198345
0.250196
0.0756654
0.146402
0.296732
0.246702
0.124623
0.130982
0.0586187
0.566479
0.151775
0.0704667
0.662
0.0343398
0.191378
0.662
0.31048
0.483686
0.662
0.662
0.502232
0.662
0.25892
0.291622
0.268276
0.029699
0.0767439
0.33335
0.39065
0.150833
0.0685773
0.349156
0.527344
0.0726063
0.309633
0.0479808
0.662
0.019764
0.589133
0.662
0.480757
0.315552
0.602799
0.487365
0.0815067
0.60252
0.336552
0.662
0.090266
0.60639
0.255508
0.382808
0.260464
0.662
0.662
0.573871
0.271943
0.0513328
0.516886
0.63339
0.23674
0.0319189
0.662
0.27451
0.137554
0.662
0.0764141
0.120903
0.137976
0.204808
0.420376
0.333679
0.519113
0.186455
0.485667
0.0723593
0.41603
0.34632
0.145527
0.24583
0.475781
0.551589
0.245387
0.194326
0.0782011
0.294849
0.485864
0.226106
0.112362
0.491107
0.51851
0.0412076
0.332818
0.194512
0.162245
0.375079
0.662
0.220828
0.10133
0.40849
0.473208
0.196452
0.239919
0.340126
0.662
0.662
0.411668
0.0557314
0.0682679
0.371092
0.309171
0.191318
0.662
0.0980432
0.226328
0.222485
0.662
0.319674
0.662
0.356532
0.232125
0.0982214
0.662
0.222656
0.240988
0.272415
0.096963
0.290834
0.157903
0.388176
0.281956
0.142263
0.0513516
0.135742
0.175188
0.538103
0.662
0.131923
0.467117
0.39521
0.105788
0.169945
0.0973948
0.368364
0.103172
0.125254
0.169319
0.083319
0.588065
0.662
0.145481
0.0732518
0.253096
0.527871
0.57678
0.655839
0.191347
0.317306
0.572542
0.495343
0.127266
0.535964
0.117677
0.296644
0.130077
0.149886
0.588255
0.177581
0.398979
0.662
0.428955
0.116624
0.0700025
0.662
0.155377
0.00433518
0.0541502
0.0747951
0.492935
0.662
0.574282
0.310262
0.0611609
0.332677
0.186029
0.224184
0.547324
0.275312
0.188748
0.293883
0.16398
0.0858147
0.113371
0.104384
0.0494004
0.510462
0.155639
0.662
0.179749
0.135481
0.662
0.662
0.662
0.0269791
0.140601
0.0124167
0.38253
0.524661
0.160867
0.422804
0.0932704
0.214276
0.662
0.662
0.103916
0.179147
0.193161
0.662
0.662
0.379117
0.351797
0.662
0.229711
0.599442
0.437176
0.222164
0.0869073
0.289968
0.075965
0.0415547
0.219447
0.103211
0.383959
0.280187
0.659674
0.473182
0.0937318
0.662
0.0626395
0.33948
0.20914
0.0903081
0.14245
0.295828
0.426543
0.379385
0.662
0.0563497
0.514357
0.194255
0.491051
0.566406
0.100706
0.327801
0.582706
0.14802
0.662
0.224296
0.0456076
0.0627364
0.662
0.0771845
0.445754
0.148102
0.463802
0.662
0.319755
0.184784
0.381084
0.662
0.662
0.241113
0.204317
0.50454
0.386342
0.264674
0.32704
0.109371
0.126134
0.400097
0.17958
0.109004
0.167
0.455204
0.0791901
0.21922
0.15425
0.231188
0.0417378
0.153327
0.662
0.108179
0.0501926
0.577239
0.0931383
0.166507
0.255167
0.156465
0.0704086
0.662
0.0626238
0.207496
0.402298
0.101724
0.2735
0.662
0.268364
0.136957
0.379853
0.161443
0.101631
0.344703
0.56493
0.0598145
0.119329
0.662
0.411697
0.0957354
0.662
0.202284
0.0337549
0.472175
0.145026
0.429705
0.396397
0.662
0.587521
0.413661
0.132645
0.229215
0.64543
0.269196
0.101287
0.218127
0.103858
0.662
0.662
0.167478
0.26549
0.325311
0.21572
0.0966641
0.662
0.101453
0.195005
0.146274
0.662
0.613526
0.339663
0.139581
0.169283
0.329595
0.330695
0.176
0.662
0.000751168
0.662
0.352881
0.0965316
0.167774
0.135681
0.145177
0.167666
0.326565
0.415573
0.234709
0.662
0.202798
0.284069
0.0834446
0.0881319
0.0655896
0.222188
0.0475241
0.662
0.662
0.0856697
0.240964
0.554427
0.182426
0.461329
0.662
0.104558
0.0642391
0.247621
0.0215085
0.300504
0.582173
0.175443
0.403717
0.27833
0.662
0.104615
0.0647736
0.0263121
0.419842
0.662
0.662
0.305196
0.142893
0.272258
0.101814
0.094713
0.147553
0.41399
0.0750546
0.60798
0.209009
0.352055
0.057948
0.376832
0.136654
0.178111
0.288384
0.0220378
0.393969
0.138868
0.420466
0.221707
0.210325
0.522788
0.451613
0.226355
0.0802711
0.188844
0.31999
0.0620623
0.646967
0.127767
0.137758
0.409634
0.464421
0.084346
0.10835
0.484323
0.593194
0.662
0.662
0.182895
0.559133
0.114882
0.641809
0.021335
0.379479
0.232737
0.329415
0.341867
0.122839
0.445957
0.0391873
0.338031
0.20211
0.172127
0.485854
0.0787691
0.191208
0.211071
0.331385
0.24257
0.0420537
0.201835
0.662
0.662
0.501354
0.200241
0.500582
0.261896
0.662
0.569523
0.206213
0.0431945
0.0685908
0.125018
0.0733203
0.328707
0.466977
0.601454
0.109445
0.480278
0.0540607
0.223106
0.0810962
0.123033
0.413065
0.382513
0.112935
0.357762
0.662
0.11919
0.662
0.110661
0.236508
0.191466
0.130428
0.349485
0.367773
0.30039
0.088425
0.138054
0.0842391
0.662
0.440729
0.610989
0.662
0.301144
0.0758571
0.15245
0.281524
0.0453888
0.25182
0.572405
0.108695
0.363983
0.06688
0.0411912
0.00709522
0.268553
0.0923021
0.497951
0.491172
0.310432
0.1364
0.662
0.045878
0.278913
0.12004
0.139052
0.662
0.430097
0.417044
0.580518
0.662
0.228392
0.107431
0.271275
0.237517
0.662
0.300173
0.246393
0.0647451
0.174306
0.111639
0.662
0.600439
0.202246
0.488064
0.524996
0.246162
0.334526
0.106328
0.0911258
0.408308
0.250371
0.325561
0.315898
0.363363
0.5417
0.255216
0.0652108
0.62943
0.469243
0.102722
0.41086
0.271264
0.662
0.662
0.141645
0.37624
0.2081
0.167254
0.227566
0.343672
0.102616
0.662
0.303038
0.237603
0.250703
0.488348
0.021185
0.160588
0.249735
0.310747
0.65097
0.208269
0.662
0.0952876
0.139633
0.183031
0.065042
0.156208
0.0743286
0.223583
0.0726776
0.281322
0.116503
0.420818
0.470077
0.172693
0.0906119
0.662
0.13941
0.662
0.25293
0.0809269
0.209338
0.043166
0.0198987
0.662
0.191537
0.136892
0.662
0.140629
0.662
0.217979
0.0816261
0.662
0.1741
0.0506432
0.0880214
0.108468
0.198031
0.0673376
0.306736
0.448877
0.308516
0.0918003
0.662
0.350597
0.317155
0.194667
0.214137
0.108686
0.352748
0.123032
0.244345
0.662
0.138366
0.384623
0.260554
0.345642
0.131338
0.435048
0.141873
0.170993
0.0861611
0.0807614
0.132432
0.0991783
0.039018
0.120607
0.583665
0.261837
0.41696
0.175512
0.154158
0.11622
0.00806528
0.662
0.20957
0.059208
0.662
0.363325
0.376842
0.213902
0.662
0.146617
0.286305
0.219188
0.209123
0.194162
0.662
0.662
0.662
0.0762771
0.0854108
0.662
0.662
0.109715
0.412464
0.662
0.43359
0.213398
0.0706317
0.0194831
0.0471455
0.129078
0.184187
0.53617
0.153885
0.376078
0.099314
0.187348
0.603595
0.127569
0.457586
0.662
0.15465
0.662
0.273232
0.222208
0.200401
0.0679874
0.163893
0.0595377
0.0172978
0.0032056
0.0874597
0.045433
0.299455
0.0746857
0.310239
0.662
0.106657
0.227165
0.115244
0.113332
0.539992
0.0999549
0.0229678
0.636001
0.662
0.088279
0.142021
0.156315
0.0982751
0.221321
0.662
0.401345
0.0212208
0.0197624
0.352095
0.432206
0.427454
0.662
0.42663
0.432858
0.212408
0.211487
0.157089
0.166777
0.647337
0.358792
0.231158
0.22311
0.344802
0.111742
0.410085
0.0498121
0.374427
0.206006
0.167125
0.0446404
0.201027
0.662
0.0685296
0.34563
0.454293
0.540773
0.662
0.388757
0.321369
0.426289
0.434131
0.114798
0.217637
0.0986934
0.186318
0.0396014
0.662
0.598478
0.662
0.529872
0.662
0.12392
0.0456487
0.165331
0.129479
0.662
0.0741538
0.114054
0.662
0.233759
0.275997
0.662
0.158621
0.147989
0.494333
0.657975
0.662
0.16183
0.410739
0.205146
0.0932613
0.131664
0.406824
0.360768
0.328927
0.277917
0.0482482
0.184406
0.373678
0.436273
0.481765
0.281119
0.00874584
0.378279
0.395084
0.175673
0.184459
0.662
0.0357713
0.318781
0.662
0.462447
0.0459317
0.207871
0.255787
0.133021
0.318715
0.189496
0.178874
0.181869
0.18087
0.662
0.387965
0.0542702
0.457875
0.153389
0.662
0.405742
0.119306
0.662
0.223544
0.083289
0.552225
0.257069
0.31387
0.514464
0.538744
0.197566
0.293839
0.254316
0.249513
0.129716
0.534574
0.5955
0.378062
0.0275227
0.188351
0.214464
0.250852
0.183981
0.157049
0.662
0.176175
0.0624153
0.123694
0.497074
0.0877008
0.0851702
0.662
0.662
0.472341
0.0847479
0.662
0.0718241
0.24016
0.166468
0.184897
0.300355
0.41063
0.0644901
0.571403
0.549346
0.543679
0.0476383
0.164426
0.161579
0.555035
0.662
0.315199
0.265001
0.392096
0.269086
0.376531
0.145323
0.127646
0.294061
0.662
0.662
0.497629
0.580174
0.306508
0.127438
0.0783714
0.237323
0.157522
0.662
0.171093
0.0730542
0.15322
0.0840574
0.0014123
0.426518
0.287016
0.146508
0.0855017
0.0899048
0.156492
0.0843019
0.0176414
0.662
0.662
0.662
0.437343
0.19695
0.0963627
0.662
0.467787
0.662
0.295556
0.128012
0.188696
0.0555064
0.184946
0.556496
0.292861
0.377547
0.177484
0.320558
0.662
0.208333
0.241434
0.338721
0.662
0.152614
0.470602
0.137482
0.0867819
0.117738
0.248026
0.349826
0.0837715
0.189444
0.634913
0.518005
0.0906597
0.115642
0.178685
0.0971539
0.302813
0.662
0.611025
0.599545
0.0711433
0.351282
0.127682
0.453327
0.0710334
0.662
0.122392
0.100306
0.0860356
0.185054
0.184535
0.662
0.321407
0.0333076
0.177082
0.0428196
0.349407
0.116055
0.662
0.406152
0.0656464
0.152088
0.185865
0.234582
0.0238015
0.103214
0.351299
0.212499
0.101995
0.145355
0.0897724
0.355089
0.25085
0.460157
0.662
0.655559
0.662
0.0752782
0.210537
0.631064
0.0782075
0.662
0.662
0.343092
0.0207945
0.128662
0.0986531
0.122177
0.603346
0.0936642
0.461972
0.19985
0.555886
0.381064
0.0625526
0.288545
0.662
0.197672
0.385313
0.265115
0.400077
0.100664
0.19542
0.0573999
0.662
0.334517
0.151572
0.279391
0.220036
0.308408
0.662
0.170748
0.366857
0.480764
0.1483
0.470675
0.130102
0.190161
0.411741
0.594949
0.216457
0.509693
0.270717
0.157785
0.662
0.540514
0.148681
0.549245
0.405868
0.241465
0.608133
0.416447
0.583237
0.312708
0.173011
0.196926
0.662
0.278397
0.232009
0.38477
0.662
0.658854
0.0847382
0.662
0.0394206
0.541528
0.00761268
0.202205
0.59967
0.0351468
0.23366
0.0946335
0.130916
0.201128
0.2493
0.250086
0.662
0.11512
0.333008
0.320768
0.0582647
0.145051
0.522572
0.0108829
0.0507945
0.0952846
0.662
0.0420079
0.205736
0.662
0.283962
0.338411
0.536852
0.0953756
0.549409
0.264201
0.662
0.0964766
0.439681
0.215722
0.219677
0.254422
0.0608771
0.614774
0.176051
0.157302
0.252138
0.291756
0.472731
0.0729993
0.54906
0.262078
0.126047
0.172448
0.0930003
0.183609
0.114054
0.252247
0.0768728
0.233103
0.0675699
0.318031
0.662
0.662
0.0528407
0.548594
0.253831
0.138767
0.350989
0.0549947
0.108813
