0.101792
0.662
0.372169
0.514699
0.662
0.0513141
0.474762
0.662
0.0966363
0.0735145
0.301025
0.435467
0.248344
0.0600491
0.193101
0.181838
0.159205
0.0858472
0.43019
0.260718
0.337069
0.662
0.662
0.116519
0.225403
0.176701
0.00800393
0.0527816
0.642312
0.377003
0.270689
0.165795
0.0884391
0.662
0.662
0.0567749
0.662
0.503159
0.388067
0.0462015
0.662
0.312047
0.53102
0.422804
0.0159976
0.122795
0.0828983
0.662
0.391039
0.376204
0.0454723
0.256708
0.128223
0.215005
0.193238
0.100015
0.402502
0.604982
0.160615
0.26636
0.647234
0.143511
0.649761
0.632781
0.473954
0.662
0.464072
0.395047
0.651888
0.305226
0.107062
0.592838
0.390899
0.076042
0.0588754
0.662
0.252739
0.41229
0.388218
0.658687
0.0765259
0.425695
0.0602429
0.493987
0.274644
0.157424
0.662
0.122528
0.662
0.0804281
0.28049
0.0875546
0.0640648
0.198562
0.0313678
0.358047
0.15407
0.021587
0.171092
0.0323481
0.662
0.459342
0.0792702
0.201932
0.156309
0.366969
0.145675
0.105138
0.662
0.0643746
0.415528
0.200605
0.662
0.355186
0.00910578
0.514798
0.321305
0.149034
0.339053
0.468964
0.460213
0.0914853
0.0661158
0.0221488
0.662
0.662
0.546592
0.187445
0.0477681
0.103268
0.662
0.43783
0.0110329
0.455978
0.0479287
0.274482
0.662
0.54234
0.412212
0.0562398
0.551213
0.295887
0.175784
0.0863345
0.662
0.662
0.405985
0.662
0.662
0.0480209
0.461456
0.598908
0.662
0.662
0.159999
0.210668
0.662
0.352498
0.0628793
0.45446
0.239882
0.216909
0.24082
0.190267
0.224622
0.425342
0.174095
0.276114
0.657579
0.457389
0.238684
0.478811
0.0519586
0.258082
0.0559057
0.430908
0.394391
0.165223
0.204025
0.662
0.579187
0.0792069
0.098034
0.136205
0.425929
0.662
0.305578
0.662
0.250009
0.662
0.398298
0.55926
0.175557
0.449091
0.484156
0.414069
0.483387
0.051571
0.662
0.346692
0.121595
0.662
0.45035
0.0419327
0.284433
0.0591618
0.662
0.220867
0.30979
0.290139
0.554562
0.335257
0.380344
0.662
0.133957
0.203937
0.662
0.163991
0.0574355
0.662
0.0522971
0.375531
0.0371587
0.596228
0.278972
0.370791
0.0796737
0.102016
0.126896
0.323723
0.0712372
0.203415
0.236193
0.662
0.122476
0.085383
0.595908
0.337453
0.662
0.0720488
0.229056
0.321712
0.153132
0.492355
0.135683
0.0913328
0.137964
0.424244
0.0752632
0.31552
0.162181
0.503751
0.183679
0.355996
0.100079
0.193645
0.560863
0.626298
0.377821
0.0941999
0.662
0.0962456
0.455351
0.497812
0.174764
0.307773
0.662
0.193113
0.503154
0.225676
0.491895
0.071587
0.0739023
0.593996
0.213959
0.0702241
0.060348
0.114366
0.422662
0.0305052
0.0614065
0.583642
0.192289
0.268503
0.662
0.407948
0.662
0.0347382
0.220953
0.1729
0.0303708
0.183307
0.183095
0.0736483
0.114175
0.488091
0.660655
0.0523059
0.392257
0.444134
0.340934
0.662
0.139438
0.454924
0.250074
0.506012
0.384419
0.662
0.0815598
0.165007
0.447901
0.662
0.662
0.662
0.662
0.148838
0.28858
0.17718
0.275802
0.0457438
0.406742
0.662
0.111426
0.295292
0.195242
0.132925
0.417137
0.0611293
0.169288
0.662
0.0885818
0.094576
0.0813353
0.442057
0.230698
0.473245
0.103271
0.0871791
0.114897
0.181632
0.117137
0.14167
0.0752044
0.622849
0.109399
0.0704505
0.0222948
0.662
0.278149
0.203418
0.0120694
0.445312
0.53048
0.0879865
0.171394
0.155997
0.662
0.0688705
0.422239
0.162095
0.662
0.237524
0.229167
0.404678
0.0187575
0.190318
0.376273
0.0351463
0.359441
0.098612
0.386269
0.0623108
0.11856
0.261097
0.0723217
0.662
0.139271
0.662
0.662
0.0922221
0.0589297
0.423392
0.3077
0.540646
0.572707
0.662
0.262374
0.641927
0.0727499
0.0643373
0.325655
0.211996
0.417028
0.082963
0.0820786
0.662
0.0899141
0.104055
0.061345
0.193949
0.0847908
0.270426
0.0879885
0.662
0.115149
0.140618
0.662
0.0543888
0.221195
0.434237
0.378673
0.284896
0.255339
0.115746
0.0827743
0.111907
0.0647854
0.662
0.662
0.093289
0.662
0.652486
0.197125
0.662
0.662
0.200006
0.0791165
0.26638
0.0136331
0.13438
0.177273
0.152382
0.662
0.0692616
0.289585
0.110764
0.217579
0.0657591
0.227166
0.289792
0.522569
0.227805
0.662
0.0837171
0.244428
0.207797
0.406977
0.662
0.161083
0.294768
0.0984039
0.18844
0.518058
0.194094
0.397986
0.096502
0.109844
0.32917
0.364034
0.284481
0.662
0.227207
0.432001
0.615914
0.662
0.640294
0.0975884
0.135123
0.139488
0.320007
0.662
0.0489421
0.662
0.242592
0.160391
0.202104
0.199442
0.391549
0.308264
0.131021
0.105333
0.196536
0.662
0.662
0.355305
0.306616
0.232247
0.331654
0.37454
0.156261
0.662
0.660553
0.274925
0.662
0.469964
0.171561
0.185578
0.100928
0.0491293
0.224741
0.273588
0.0674288
0.239498
0.378304
0.109485
0.193851
0.258861
0.00623311
0.662
0.20536
0.276667
0.108087
0.662
0.118346
0.229036
0.282398
0.662
0.14576
0.662
0.143575
0.662
0.0941616
0.00119173
0.131199
0.315391
0.662
0.156153
0.662
0.165901
0.205029
0.328238
0.511989
0.662
0.1356
0.224994
0.662
0.106198
0.455024
0.585153
0.44208
0.662
0.191076
0.0645333
0.0451827
0.662
0.419595
0.252718
0.121878
0.461604
0.106253
0.0154902
0.0892494
0.662
0.25117
0.148546
0.662
0.193984
0.179136
0.210938
0.614882
0.256799
0.314136
0.0927716
0.232189
0.1393
0.662
0.475376
0.289078
0.0797193
0.662
0.273904
0.422792
0.519281
0.662
0.131238
0.26538
0.662
0.662
0.181929
0.0613643
0.662
0.26979
0.5144
0.0456168
0.247224
0.0989258
0.036487
0.522324
0.662
0.662
0.559538
0.380652
0.662
0.166417
0.244946
0.248267
0.0354011
0.328318
0.0183956
0.151054
0.301505
0.106135
0.315463
0.0918785
0.205642
0.219789
0.158827
0.256885
0.441028
0.445859
0.151885
0.566448
0.662
0.229982
0.101706
0.176837
0.358966
0.0918112
0.600638
0.570645
0.218351
0.388627
0.662
0.218418
0.37894
0.298942
0.15847
0.0560398
0.235775
0.437625
0.503581
0.515233
0.283721
0.123471
0.0686002
0.35828
0.504503
0.11389
0.662
0.402099
0.130438
0.050098
0.370937
0.23128
0.373205
0.645656
0.320508
0.478514
0.246487
0.275628
0.0536981
0.662
0.144448
0.301474
0.202768
0.662
0.107378
0.104094
0.218172
0.633391
0.115266
0.237627
0.285525
0.177485
0.573068
0.149055
0.0705897
0.130731
0.161272
0.177251
0.622789
0.0448999
0.662
0.662
0.492616
0.165769
0.169731
0.0854062
0.165847
0.122102
0.172516
0.477018
0.0433004
0.479123
0.165337
0.268326
0.300688
0.279357
0.344689
0.214991
0.15234
0.662
0.108408
0.165022
0.394643
0.193857
0.662
0.185794
0.0522085
0.662
0.662
0.404638
0.265437
0.471054
0.662
0.662
0.131466
0.484781
0.224663
0.0818399
0.0204648
0.500864
0.100002
0.340196
0.397919
0.171797
0.0772427
0.259474
0.0202783
0.662
0.349408
0.374861
0.245581
0.27022
0.662
0.490844
0.662
0.460349
0.662
0.140983
0.102904
0.662
0.658827
0.662
0.350748
0.0670019
0.37163
0.0326247
0.316176
0.193453
0.266814
0.303988
0.107159
0.662
0.295416
0.00501844
0.319787
0.565361
0.271288
0.662
0.625799
0.289066
0.0554939
0.0232721
0.0742333
0.174796
0.200698
0.248389
0.434991
0.0974188
0.103734
0.141296
0.662
0.476977
0.340328
0.157093
0.182317
0.404404
0.0388035
0.20192
0.285903
0.135689
0.129707
0.406641
0.251415
0.223709
0.662
0.0648214
0.662
0.415917
0.249741
0.662
0.656465
0.224914
0.244362
0.1455
0.507013
0.0571231
0.662
0.147747
0.201613
0.662
0.117719
0.39517
0.0788393
0.164381
0.52071
0.229854
0.0861917
0.23881
0.206992
0.502695
0.140274
0.533767
0.219693
0.222875
0.589448
0.17738
0.0452741
0.239409
0.342855
0.129974
0.0808537
0.214546
0.163135
0.0894038
0.248889
0.662
0.524166
0.662
0.13372
0.455868
0.0821488
0.182495
0.478183
0.146731
0.00831091
0.662
0.0741067
0.606528
0.427259
0.0658426
0.2553
0.333309
0.662
0.108845
0.118295
0.190921
0.510004
0.187476
0.36347
0.240918
0.192078
0.489033
0.0806022
0.662
0.584657
0.400081
0.2616
0.662
0.154052
0.662
0.285651
0.115062
0.306092
0.156992
0.188327
0.662
0.16965
0.0697138
0.421271
0.162505
0.134242
0.273598
0.0620034
0.150055
0.16374
0.526501
0.200194
0.161615
0.136252
0.662
0.180257
0.311015
0.365415
0.102742
0.624277
0.178624
0.247031
0.317328
0.102638
0.375703
0.662
0.0786357
0.292527
0.57176
0.187142
0.0880459
0.183725
0.348446
0.207725
0.0583065
0.184294
0.556318
0.203751
0.060966
0.319785
0.0469089
0.433964
0.273631
0.382003
0.124738
0.265071
0.169109
0.244237
0.0393953
0.230926
0.662
0.203983
0.0916727
0.24621
0.0885877
0.0709224
0.234867
0.195506
0.662
0.477361
0.662
0.510038
0.124971
0.00246633
0.0681533
0.662
0.305414
0.247748
0.0796019
0.662
0.092634
0.662
0.0976512
0.294484
0.336902
0.255826
0.662
0.147437
0.489721
0.662
0.0872717
0.307958
0.24345
0.0926889
0.423633
0.0744639
0.662
0.279958
0.28987
0.109106
0.376062
0.460707
0.0351769
0.119982
0.132806
0.209802
0.662
0.0286696
0.132144
0.142523
0.0202835
0.0275308
0.0679097
0.544185
0.585521
0.212687
0.583239
0.223655
0.217633
0.662
0.0714168
0.125287
0.184493
0.0760464
0.662
0.0846288
0.0803122
0.0467529
0.662
0.662
0.662
0.286937
0.146414
0.174377
0.662
0.5942
0.662
0.193028
0.102147
0.284727
0.0722322
0.225694
0.133849
0.017834
0.217801
0.662
0.556564
0.0595315
0.662
0.297019
0.531126
0.0584019
0.254248
0.177871
0.194254
0.646159
0.169975
0.465219
0.662
0.311989
0.164018
0.155532
0.154136
0.137612
0.0840782
0.0279083
0.0655712
0.412478
0.0785143
0.034287
0.662
0.295206
0.0253765
0.295869
0.438497
0.329999
0.137329
0.481904
0.0148987
0.380831
0.58376
0.22435
0.0616156
0.0703787
0.0736468
0.0795247
0.578504
0.290205
0.325251
0.662
0.662
0.0819653
0.423902
0.455091
0.436171
0.0541167
0.662
0.62823
0.0257942
0.246982
0.662
0.130541
0.49036
0.231136
0.662
0.554986
0.228868
0.50271
0.0690003
0.284942
0.662
0.0542459
0.409657
0.0998344
0.278392
0.398612
0.112982
0.172544
0.113188
0.662
0.0271913
0.259202
0.54485
0.215911
0.505863
0.661762
0.638675
0.662
0.303351
0.0924668
0.0704835
0.48801
0.662
0.361663
0.0943474
0.662
0.662
0.209096
0.455853
0.0981294
0.104454
0.662
0.180665
0.315218
0.120922
0.270175
0.662
0.662
0.106871
0.300556
0.379403
0.0507027
0.662
0.662
0.366131
0.403032
0.544761
0.516566
0.132461
0.060536
0.173782
0.419106
0.104501
0.00736899
0.372494
0.12104
0.229091
0.11411
0.61897
0.607924
0.294536
0.382922
0.0440958
0.365873
0.223062
0.368596
0.455931
0.329371
0.0771462
0.107041
0.0240348
0.0887257
0.107382
0.100997
0.143267
0.286755
0.334713
0.102508
0.0558643
0.138496
0.662
0.44943
0.662
0.266796
0.0419281
0.662
0.147215
0.0514476
0.624873
0.406274
0.288662
0.049264
0.229159
0.250382
0.339343
0.146513
0.218068
0.662
0.446681
0.424017
0.113316
0.0743295
0.448281
0.662
0.0874352
0.0846674
0.169445
0.345712
0.182057
0.280894
0.522293
0.458227
0.410876
0.290862
0.662
0.61093
0.0655188
0.143211
0.498833
0.0939301
0.113018
0.236023
0.449813
0.249147
0.662
0.41076
0.0589917
0.662
0.662
0.0848008
0.662
0.497894
0.353515
0.662
0.125816
0.20702
0.662
0.116148
0.363239
0.301014
0.172333
0.151788
0.198547
0.338104
0.339004
0.127677
0.31329
0.627649
0.233485
0.437998
0.19353
0.0670419
0.0612742
0.45167
0.0318341
0.256795
0.662
0.0504718
0.662
0.158924
0.194747
0.123627
0.0731634
0.662
0.501341
0.137371
0.469975
0.00617423
0.357928
0.256314
0.508806
0.293142
0.643942
0.0668616
0.116288
0.646283
0.0472211
0.335438
0.34323
0.600003
0.662
0.264627
0.104321
0.105716
0.662
0.484111
0.662
0.114943
0.662
0.127079
0.662
0.662
0.288574
0.168871
0.319459
0.662
0.0800218
0.401989
0.277204
0.289956
0.263626
0.274278
0.662
0.0642886
0.63056
0.378667
0.662
0.111265
0.4175
0.152898
0.662
0.0950129
0.160484
0.0119145
0.199231
0.662
0.11813
0.119272
0.432105
0.123581
0.662
0.142425
0.223401
0.302687
0.391313
0.230438
0.203358
0.662
0.387835
0.116057
0.657681
0.439244
0.271381
0.23625
0.0489339
0.186519
0.261351
0.37651
0.225039
0.0205767
0.148006
0.448579
0.116764
0.165544
0.356499
0.662
0.537808
0.225012
0.662
0.662
0.29043
0.188247
0.494395
0.1848
0.145016
0.596642
0.100425
0.127749
0.112089
0.305026
0.0498491
0.447778
0.150908
0.112721
0.0901598
0.0955707
0.341276
0.662
0.557136
0.662
0.157861
0.662
0.15617
0.145283
0.662
0.0784049
0.201489
0.662
0.0303631
0.182997
0.662
0.662
0.109311
0.462699
0.123775
0.662
0.0971632
0.662
0.257124
0.553015
0.047926
0.406209
0.250202
0.422807
0.113474
0.107349
0.41825
0.12845
0.19569
0.211472
0.485993
0.358774
0.130107
0.426744
0.0928011
0.0696937
0.0337062
0.182041
0.0767701
0.0964877
0.112205
0.0999079
0.262925
0.578481
0.292776
0.189439
0.151055
0.10736
0.562982
0.342591
0.652371
0.324892
0.15485
0.40569
0.662
0.502962
0.370267
0.467921
0.26942
0.0816457
0.223177
0.188744
0.662
0.152319
0.471516
0.662
0.0165167
0.662
0.662
0.182429
0.129588
0.651338
0.178989
0.354124
0.0788688
0.103512
0.323896
0.242046
0.476919
0.105177
0.662
0.662
0.247269
0.111955
0.662
0.095884
0.570791
0.662
0.0286999
0.367608
0.611606
0.107695
0.101129
0.453147
0.662
0.662
0.322781
0.134801
0.662
0.662
0.101803
0.315943
0.662
0.125068
0.0501595
0.233098
0.662
0.178237
0.0478344
0.0697771
0.134772
0.0521891
0.256339
0.177034
0.662
0.28021
0.0845116
0.13017
0.216117
0.381744
0.241157
0.111752
0.0377288
0.142013
0.553472
0.170696
0.608774
0.176369
0.416027
0.081478
0.42495
0.390861
0.662
0.223164
0.466745
0.384973
0.0903102
0.247891
0.208605
0.454937
0.248432
0.215946
0.485408
0.564012
0.419003
0.375531
0.271106
0.295264
0.662
0.0272185
0.182008
0.0772539
0.246205
0.0854559
0.446832
0.0775241
0.145326
0.415004
0.662
0.303916
0.30466
0.662
0.0678449
0.12346
0.441345
0.28624
0.105702
0.178468
0.490659
0.353811
0.279506
0.144222
0.432069
0.267232
0.341341
0.0602965
0.158556
0.203685
0.662
0.0675837
0.647155
0.267483
0.425962
0.348621
0.0939673
0.662
0.344959
0.626416
0.351441
0.0697716
0.340606
0.662
0.0838218
0.14397
0.0573066
0.662
0.577018
0.180588
0.125786
0.210776
0.125462
0.154705
0.400194
0.658946
0.662
0.662
0.0705842
0.2124
0.296493
0.41956
0.0398655
0.223064
0.0390335
0.105126
0.129543
0.226221
0.538591
0.252377
0.119842
0.465273
0.19293
0.191085
0.156955
0.0892889
0.662
0.494663
0.38902
0.662
0.157399
0.223566
0.362722
0.15872
0.0588114
0.315013
0.0840516
0.114543
0.662
0.631528
0.251751
0.662
0.470049
0.49498
0.15896
0.622633
0.0425923
0.324024
0.662
0.662
0.426684
0.633391
0.662
0.398559
0.331932
0.348722
0.182834
0.0323398
0.650015
0.333134
0.422216
0.166845
0.662
0.360508
0.0971822
0.379869
0.234025
0.396018
0.279608
0.127446
0.166459
0.312498
0.255436
0.624493
0.0525226
0.662
0.662
0.231648
0.192136
0.0514772
0.0650108
0.0318569
0.662
0.662
0.552557
0.662
0.248496
0.20637
0.238682
0.662
0.113972
0.226494
0.205732
0.20067
0.662
0.436702
0.251023
0.285379
0.662
0.378123
0.662
0.15365
0.559615
0.171866
0.0379903
0.500791
0.123099
0.0476313
0.662
0.390642
0.521442
0.113551
0.186281
0.0699557
0.308161
0.604481
0.662
0.191319
0.139946
0.662
0.299759
0.539418
0.141196
0.159793
0.662
0.0878651
0.240075
0.125566
0.117033
0.428986
0.154929
0.621591
0.181529
0.141403
0.559273
0.662
0.662
0.287989
0.516705
0.662
0.662
0.396301
0.142312
0.347249
0.362753
0.00875773
0.125351
0.218371
0.200954
0.662
0.309501
0.217249
0.219522
0.536076
0.149469
0.662
0.141694
0.662
0.25538
0.472659
0.15175
0.115863
0.266125
0.498765
0.324719
0.161564
0.186377
0.112474
0.662
0.662
0.657666
0.0767808
0.162426
0.662
0.0227877
0.662
0.0131477
0.0235252
0.499738
0.224598
0.127071
0.278628
0.244451
0.160079
0.0754565
0.533452
0.231712
0.662
0.23358
0.0615566
0.251517
0.227771
0.396278
0.0386533
0.662
0.446378
0.251864
0.192435
0.662
0.662
0.173397
0.662
0.0676552
0.565045
0.212297
0.132295
0.662
0.105836
0.316901
0.662
0.662
0.17811
0.62897
0.201905
0.321388
0.377137
0.12604
0.212649
0.17854
0.245902
0.293105
0.102953
0.0420991
0.195186
0.135516
0.662
0.288202
0.170724
0.396779
0.201199
0.124714
0.45858
0.340123
0.662
0.130743
0.496793
0.662
0.0501506
0.0129121
0.0841183
0.378621
0.242686
0.488436
0.178363
0.350139
0.318746
0.154438
0.662
0.169
0.237164
0.662
0.662
0.500759
0.662
0.10905
0.0129817
0.168974
0.662
0.469838
0.0346229
0.45114
0.208933
0.54482
0.338478
0.111599
0.343633
0.158313
0.0275183
0.181326
0.455623
0.272102
0.15678
0.521924
0.416723
0.358767
0.159274
0.662
0.145797
0.349154
0.166187
0.662
0.375579
0.302802
0.184361
0.561884
0.202832
0.571825
0.662
0.333033
0.662
0.0863345
0.532405
0.407728
0.110226
0.221661
0.662
0.0814297
0.301628
0.607704
0.519943
0.662
0.326745
0.340311
0.258736
0.580424
0.662
0.0702217
0.102029
0.662
0.241534
0.0792453
0.660412
0.0970052
0.467793
0.611435
0.468885
0.302351
0.011009
0.535538
0.236582
0.188856
0.417906
0.47877
0.131354
0.662
0.37041
0.662
0.662
0.127263
0.248999
0.122727
0.0748074
0.662
0.662
0.268364
0.476166
0.0219616
0.262839
0.662
0.0915692
0.525572
0.206348
0.576628
0.177045
0.363947
0.529493
0.662
0.661176
0.328536
0.628813
0.453827
0.227017
0.146871
0.060135
0.161757
0.452439
0.600192
0.555144
0.555529
0.168256
0.380895
0.631181
0.169501
0.160384
0.0142095
0.0829428
0.45304
0.305415
0.0336636
0.151262
0.419424
0.0834123
0.27358
0.662
0.149215
0.471132
0.0569895
0.0994959
0.0745899
0.330614
0.0662927
0.630395
0.28358
0.662
0.506782
0.571941
0.312434
0.365265
0.566032
0.662
0.0907227
0.0857324
0.662
0.662
0.353061
0.465075
0.172848
0.25579
0.146635
0.100283
0.200449
0.105697
0.23725
0.181844
0.0512176
0.122695
0.0609405
0.66145
0.366556
0.662
0.422168
0.173007
0.0571344
0.311845
0.185558
0.0581934
0.662
0.0973012
0.297953
0.372936
0.158577
0.224713
0.0575852
0.420573
0.204994
0.662
0.243127
0.662
0.0262994
0.078933
0.0879014
0.0745514
0.0757684
0.590397
0.108854
0.400836
0.196776
0.119901
0.253227
0.294014
0.241026
0.0660266
0.583725
0.00629711
0.214318
0.349434
0.347474
0.662
0.0719398
0.530239
0.179202
0.291068
0.197114
0.418589
0.166247
0.610901
0.0947542
0.0417737
0.173664
0.111912
0.394383
0.6585
0.149477
0.583842
0.0243433
0.462932
0.163629
0.662
0.103571
0.662
0.662
0.26879
0.239508
0.0924028
0.662
0.180455
0.289696
0.226097
0.641446
0.215578
0.122008
0.278923
0.00502069
0.322785
0.607786
0.113727
0.167528
0.662
0.20593
0.0597511
0.662
0.662
0.495319
0.0862384
0.362281
0.0729577
0.275539
0.0871686
0.0655399
0.662
0.159264
0.171573
0.501354
0.328214
0.115749
0.0614904
0.0687829
0.471022
0.44045
0.113784
0.171013
0.186445
0.0840406
0.167106
0.574663
0.258278
0.662
0.33374
0.201205
0.107377
0.405988
0.188334
0.332708
0.256697
0.290269
0.344643
0.0975378
0.307009
0.347056
0.662
0.0566945
0.662
0.468481
0.662
0.309886
0.365432
0.228614
0.0190946
0.202485
0.348766
0.0410209
0.264873
0.662
0.662
0.0980206
0.662
0.662
0.226163
0.481086
0.123371
0.199275
0.0871276
0.662
0.237103
0.0867602
0.605817
0.270005
0.662
0.219379
0.0563915
0.41782
0.0373879
0.177439
0.564742
0.417173
0.00714432
0.237028
0.456724
0.284027
0.154153
0.18418
0.662
0.00650411
0.060233
0.513337
0.0472854
0.130157
0.195914
0.208352
0.344911
0.161643
0.247209
0.0444471
0.265941
0.662
0.662
0.27505
0.0219853
0.234062
0.032816
0.296474
0.348364
0.0945431
0.151097
0.0758863
0.292794
0.153054
0.263652
0.119091
0.197447
0.662
0.277496
0.0766749
0.243389
0.126413
0.0801548
0.262281
0.253018
0.535557
0.126681
0.370753
0.0580705
0.161347
0.583436
0.088062
0.236871
0.0956743
0.662
0.662
0.11804
0.230816
0.270661
0.529536
0.235342
0.250008
0.0650311
0.139381
0.172354
0.444651
0.662
0.583933
0.242197
0.269387
0.662
0.662
0.113969
0.662
0.57022
0.130241
0.466521
0.186852
0.0555294
0.410326
0.662
0.177216
0.423442
0.420951
0.371835
0.408449
0.258582
0.328295
0.275109
0.0830893
0.280403
0.662
0.200492
0.662
0.135153
0.662
0.662
0.166563
0.242241
0.329951
0.00635444
0.0736836
0.455155
0.159524
0.624055
0.0814567
0.158357
0.292785
0.662
0.662
0.4212
0.0358477
0.659406
0.144822
0.25603
0.484769
0.662
0.662
0.662
0.319729
0.529991
0.114578
0.50004
0.00893081
0.662
0.185072
0.297747
0.27373
0.28669
0.229906
0.155381
0.606596
0.065504
0.259772
0.662
0.291862
0.662
0.58102
0.278058
0.0862498
0.44973
0.662
0.174482
0.217742
0.277437
0.591968
0.320182
0.195086
0.0671789
0.662
0.521352
0.166344
0.643391
0.314031
0.125348
0.186999
0.0386722
0.405837
0.145771
0.662
0.142709
0.0984581
0.0911343
0.229865
0.33073
0.135386
0.117584
0.430188
0.22991
0.662
0.301457
0.117692
0.301839
0.662
0.372683
0.662
0.662
0.207272
0.540942
0.139231
0.0830252
0.662
0.304984
0.662
0.100419
0.662
0.337148
0.662
0.34711
0.243387
0.290653
0.511094
0.433054
0.394658
0.187094
0.116517
0.662
0.0876675
0.139957
0.0536458
0.08815
0.637251
0.662
0.0393207
0.426061
0.229873
0.610626
0.652051
0.349139
0.662
0.579493
0.133358
0.325184
0.662
0.662
0.0930169
0.0708309
0.439062
0.357864
0.119022
0.301627
0.662
0.071955
0.662
0.0311643
0.662
0.0791268
0.108466
0.0260376
0.269562
0.0418608
0.469106
0.134124
0.371689
0.430027
0.133213
0.175994
0.153158
0.111674
0.141978
0.0979136
0.0458133
0.414184
0.22459
0.334242
0.123827
0.105637
0.325677
0.231618
0.0502647
0.298752
0.584371
0.178111
0.166853
0.0735479
0.0374018
0.110197
0.261645
0.101179
0.523927
0.0739733
0.444059
0.350758
0.0947697
0.243082
0.291408
0.662
0.324102
0.128175
0.158455
0.201375
0.167556
0.662
0.421395
0.0592234
0.410552
0.368463
0.235915
0.502161
0.210435
0.662
0.138551
0.195913
0.662
0.206838
0.662
0.491345
0.487831
0.20026
0.304397
0.204386
0.06771
0.402352
0.527381
0.383256
0.662
0.662
0.173295
0.335415
0.205591
0.342859
0.338389
0.19899
0.144918
0.662
0.0686362
0.00572927
0.0932452
0.385539
0.662
0.311686
0.108932
0.0472047
0.355838
0.299293
0.420691
0.662
0.662
0.459745
0.110348
0.662
0.560185
0.17829
0.172408
0.113791
0.0801521
0.0706293
0.662
0.199351
0.169708
0.39575
0.254742
0.0445444
0.541908
0.144756
0.662
0.592755
0.30075
0.578707
0.662
0.192004
0.0632398
0.248909
0.237992
0.662
0.662
0.625168
0.163959
0.561088
0.197821
0.662
0.276935
0.231254
0.0757544
0.408543
0.122382
0.662
0.418516
0.0776754
0.251411
0.231364
0.550846
0.460374
0.330267
0.366447
0.114416
0.0820837
0.465871
0.199133
0.360695
0.217512
0.111727
0.465391
0.662
0.185025
0.107776
0.662
0.21167
0.290573
0.160627
0.0804676
0.214226
0.250054
0.464237
0.124489
0.0901638
0.0808417
0.0876187
0.483296
0.402245
0.123535
0.166975
0.279537
0.106242
0.662
0.445438
0.662
0.0996904
0.121492
0.299513
0.114386
0.554692
0.342869
0.662
0.364617
0.366299
0.229763
0.138155
0.205215
0.662
0.491033
0.0214925
0.662
0.57828
0.0855653
0.0644321
0.121034
0.201309
0.15558
0.0284447
0.380559
0.0946995
0.306621
0.662
0.662
0.421866
0.2035
0.144953
0.425656
0.558027
0.060984
0.538253
0.662
0.144104
0.126989
0.418633
0.321833
0.0745114
0.225963
0.509542
0.194228
0.470695
0.0827639
0.0524873
0.059871
0.105533
0.00459689
0.0903773
0.122118
0.207581
0.662
0.662
0.133934
0.183966
0.0660588
0.301827
0.12771
0.662
0.233543
0.0558366
0.662
0.0630262
0.144181
0.0531513
0.22177
0.662
0.127403
0.202668
0.152382
0.279774
0.304357
0.0765007
0.662
0.0830798
0.278276
0.257222
0.224213
0.662
0.662
0.0617234
0.246734
0.662
0.255768
0.662
0.193342
0.280133
0.342573
0.382507
0.662
0.0155469
0.115437
0.0641676
0.662
0.662
0.0138236
0.0611555
0.243927
0.662
0.135522
0.00453882
0.231656
0.398638
0.0586906
0.608354
0.200022
0.38083
0.118792
0.662
0.0851385
0.168075
0.183072
0.234443
0.174441
0.662
0.295368
0.206448
0.407194
0.662
0.662
0.0773478
0.654947
0.131482
0.185156
0.119345
0.662
0.493708
0.662
0.0865817
0.640071
0.234398
0.218254
0.662
0.430987
0.122503
0.447315
0.506264
0.569243
0.098927
0.0629288
0.0946461
0.662
0.662
0.157093
0.345659
0.177219
0.14618
0.407519
0.309753
0.389169
0.662
0.498548
0.07808
0.318322
0.190448
0.266682
0.460584
0.662
0.662
0.623088
0.158087
0.609776
0.126468
0.0429408
0.662
0.516414
0.348349
0.13918
0.119548
0.158259
0.662
0.662
0.254826
0.160131
0.145592
0.0964311
0.514123
0.0345079
0.407308
0.662
0.247372
0.45891
0.235466
0.315248
0.0779721
0.662
0.422182
0.171219
0.376748
0.662
0.559036
0.387926
0.119545
0.565348
0.160692
0.32079
0.273665
0.662
0.0363445
0.0439589
0.103263
0.449738
0.0217026
0.592386
0.627733
0.489684
0.662
0.419856
0.209437
0.640779
0.662
0.65144
0.662
0.407146
0.137055
0.662
0.662
0.610531
0.389301
0.156443
0.662
0.407343
0.662
0.462234
0.387414
0.0428028
0.409726
0.218034
0.315846
0.107857
0.323767
0.588844
0.106749
0.236538
0.276864
0.662
0.0866251
0.0641228
0.626322
0.662
0.126081
0.238669
0.51813
0.0597932
0.463748
0.147956
0.12181
0.127613
0.384594
0.333531
0.0754694
0.662
0.639776
0.120277
0.16439
0.662
0.199197
0.662
0.639186
0.662
0.0783342
0.26089
0.662
0.166487
0.662
0.385535
0.662
0.301496
0.132155
0.662
0.0439552
0.15319
0.288541
0.0800968
0.38455
0.191986
0.063183
0.127346
0.662
0.636254
0.0375177
0.142439
0.0741634
0.662
0.149769
0.219206
0.318631
0.536205
0.26824
0.0772348
0.159801
0.662
0.54062
0.283914
0.662
0.197408
0.154724
0.564408
0.51169
0.662
0.222008
0.0938242
0.12521
0.299491
0.0738181
0.396738
0.49385
0.529128
0.581843
0.0539994
0.662
0.662
0.19854
0.208502
0.498574
0.116102
0.662
0.152671
0.0801443
0.199793
0.662
0.0555221
0.265461
0.533389
0.0837565
0.535906
0.139755
0.662
0.0943338
0.291697
0.149104
0.274813
0.386383
0.102599
0.662
0.336423
0.0371534
0.662
0.172616
0.387668
0.662
0.286826
0.662
0.161947
0.191154
0.258898
0.662
0.662
0.662
0.166387
0.254632
0.662
0.351442
0.0578385
0.662
0.0954843
0.122136
0.401653
0.239232
0.0706879
0.178268
0.117447
0.662
0.662
0.176277
0.356906
0.662
0.127059
0.111173
0.109844
0.346156
0.0680762
0.109444
0.0881462
0.662
0.662
0.437406
0.263963
0.180746
0.209643
0.662
0.322216
0.662
0.176716
0.380421
0.19741
0.662
0.386752
0.105357
0.187076
0.113731
0.32802
0.0600395
0.356413
0.502502
0.408815
0.662
0.217758
0.662
0.639066
0.178928
0.164592
0.0775831
0.15624
0.124794
0.238746
0.407167
0.444404
0.172045
0.110896
0.147673
0.297468
0.021828
0.287199
0.461951
0.189142
0.662
0.10321
0.230575
0.14312
0.662
0.634139
0.109902
0.206379
0.421195
0.384173
0.356227
0.217865
0.459786
0.0212114
0.46218
0.234765
0.354153
0.149037
0.128809
0.0751672
0.548954
0.0778284
0.318904
0.540144
0.662
0.260877
0.210038
0.662
0.378923
0.380961
0.291871
0.655671
0.178461
0.370477
0.145828
0.560797
0.662
0.159926
0.444737
0.160079
0.193337
0.492898
0.197359
0.0772419
0.303789
0.0559836
0.460429
0.2495
0.522767
0.289849
0.430953
0.0212248
0.118422
0.254632
0.662
0.476602
0.541126
0.238668
0.448905
0.621761
0.151075
0.428378
0.0330706
0.460379
0.0429676
0.259184
0.226805
0.507205
0.128519
0.552019
0.137933
0.393591
0.540794
0.161716
0.212424
0.15786
0.107127
0.662
0.662
0.662
0.116025
0.146067
0.41151
0.635926
0.662
0.662
0.199631
0.168273
0.307929
0.412976
0.564889
0.0937368
0.158028
0.138159
0.207935
0.662
0.662
0.15152
0.331101
0.118526
0.662
0.571793
0.112545
0.605978
0.405075
0.64868
0.133093
0.522784
0.0613653
0.204397
0.13458
0.337371
0.662
0.014405
0.200375
0.662
0.0813361
0.638007
0.662
0.197794
0.485179
0.19074
0.521125
0.0622375
0.662
0.662
0.336052
0.239573
0.32641
0.112396
0.567852
0.11391
0.0797253
0.245808
0.239013
0.101007
0.662
0.660035
0.205692
0.257522
0.493957
0.411061
0.662
0.464661
0.226085
0.221582
0.0419248
0.294522
0.0754523
0.140699
0.122659
0.253519
0.639975
0.180606
0.436668
0.175977
0.184258
0.662
0.133414
0.563111
0.662
0.027654
0.381844
0.101992
0.451192
0.152228
0.295493
0.382049
0.662
0.19911
0.248896
0.0680637
0.0910315
0.208835
0.662
0.168052
0.228453
0.662
0.393063
0.210284
0.662
0.303523
0.617723
0.295529
0.0521344
0.167472
0.0651129
0.0694807
0.158775
0.064586
0.125107
0.355635
0.109699
0.389233
0.203675
0.201348
0.157344
0.0523084
0.163215
0.182871
0.662
0.361249
0.0677944
0.102696
0.339948
0.102884
0.398995
0.169503
0.381632
0.568949
0.323532
0.180653
0.662
0.662
0.149814
0.115532
0.0263884
0.094423
0.216314
0.315495
0.396644
0.0137128
0.366361
0.0582592
0.196945
0.511088
0.167113
0.26966
0.230371
0.143286
0.662
0.0714083
0.393214
0.315596
0.367261
0.409197
0.105658
0.0209716
0.232528
0.39871
0.0879885
0.662
0.102874
0.30557
0.182257
0.2858
0.091534
0.662
0.662
0.0907806
0.632222
0.188365
0.0376056
0.23829
0.153571
0.0112921
0.245458
0.0438299
0.0637667
0.0556849
0.662
0.125473
0.662
0.359857
0.0848945
0.657465
0.253632
0.0599727
0.662
0.163902
0.150005
0.114168
0.139226
0.278529
0.15233
0.408579
0.662
0.150189
0.0613708
0.136256
0.251738
0.662
0.157024
0.189183
0.116469
0.254419
0.249915
0.393151
0.473365
0.294075
0.662
0.343777
0.662
0.245825
0.598407
0.260829
0.437079
0.278975
0.238491
0.220618
0.180885
0.148026
0.150005
0.145853
0.559706
0.662
0.0626091
0.662
0.111798
0.232596
0.219838
0.26595
0.257403
0.342504
0.0148531
0.662
0.615121
0.342581
0.291481
0.368063
0.123061
0.662
0.28092
0.662
0.633641
0.300732
0.662
0.0786205
0.102494
0.330123
0.584816
0.662
0.163004
0.125597
0.662
0.313142
0.457824
0.662
0.0199484
0.0984075
0.385487
0.0843642
0.0563561
0.188699
0.185483
0.111906
0.0659435
0.583697
0.423409
0.662
0.141033
0.128966
0.110228
0.203704
0.189091
0.151007
0.400756
0.0981186
0.254975
0.176818
0.552112
0.194306
0.235214
0.0848814
0.662
0.034875
0.33026
0.305296
0.389318
0.488487
0.0780049
0.231207
0.253521
0.293157
0.662
0.286732
0.112573
0.394734
0.662
0.470513
0.662
0.606833
0.243948
0.41404
0.258291
0.254602
0.634515
0.662
0.662
0.420788
0.194204
0.0588501
0.662
0.428137
0.120618
0.0752396
0.467912
0.457791
0.105627
0.190575
0.090537
0.353317
0.287558
0.49809
0.349983
0.0445396
0.315544
0.316898
0.582835
0.188143
0.662
0.375967
0.149132
0.143992
0.207654
0.662
0.0203652
0.0576092
0.335544
0.152022
0.0412002
0.100193
0.0410631
0.0802453
0.50584
0.112488
0.409391
0.0765447
0.622353
0.119443
0.248563
0.662
0.662
0.536296
0.662
0.280901
0.295412
0.103202
0.273052
0.114856
0.0986377
0.525977
0.0673781
0.399779
0.165979
0.140972
0.336284
0.180523
0.320837
0.144597
0.630299
0.662
0.189965
0.0699636
0.472072
0.613218
0.0463518
0.505364
0.143396
0.0464599
0.199981
0.10328
0.219598
0.0202049
0.15319
0.291571
0.256582
0.626894
0.591234
0.0621041
0.243677
0.660922
0.477432
0.171213
0.0596416
0.295911
0.57103
0.371712
0.379536
0.129711
0.18336
0.318719
0.576049
0.662
0.0173167
0.662
0.58518
0.572729
0.662
0.662
0.279826
0.299974
0.0846509
0.662
0.268991
0.279011
0.292025
0.166916
0.520198
0.631154
0.0901144
0.234943
0.662
0.662
0.0254408
0.0862733
0.172145
0.19475
0.346655
0.148584
0.194004
0.295609
0.00430601
0.210098
0.134381
0.123539
0.436301
0.599601
0.0386376
0.399693
0.118673
0.168886
0.293573
0.537068
0.114437
0.649562
0.357117
0.109024
0.154723
0.529295
0.000181913
0.363929
0.268545
0.17204
0.266979
0.617559
0.662
0.389441
0.266008
0.125524
0.484897
0.489288
0.661326
0.662
0.130309
0.53282
0.0486208
0.474025
0.0921359
0.431692
0.662
0.662
0.246067
0.549565
0.504955
0.662
0.111618
0.236513
0.178841
0.34404
0.296047
0.522088
0.307105
0.648257
0.0337244
0.339581
0.141493
0.662
0.0887601
0.513086
0.469874
0.200904
0.442128
0.171959
0.236588
0.662
0.135219
0.323384
0.118036
0.254776
0.662
0.332398
0.0166406
0.10633
0.638132
0.329416
0.230649
0.413002
0.579021
0.662
0.0848785
0.0692377
0.227689
0.662
0.116732
0.172406
0.338246
0.162237
0.256184
0.578159
0.154948
0.114107
0.652817
0.349348
0.106547
0.346281
0.650326
0.0677896
0.425941
0.176481
0.329469
0.43882
0.377623
0.573317
0.44811
0.0565796
0.521967
0.0629833
0.124585
0.378222
0.241788
0.662
0.595895
0.135303
0.0894381
0.0562179
0.0931615
0.0310967
0.662
0.58414
0.124045
0.235216
0.209127
0.662
0.662
0.18216
0.118145
0.499214
0.662
0.40405
0.0782821
0.662
0.419095
0.0996841
0.662
0.0974381
0.069219
0.373663
0.18526
0.160854
0.0559377
0.598939
0.509244
0.348673
0.0900759
0.214085
0.595019
0.662
0.0728455
0.0715403
0.137727
0.323765
0.459267
0.207107
0.200718
0.146694
0.0573517
0.296511
0.662
0.161266
0.17771
0.0671316
0.501272
0.436118
0.0537557
0.375796
0.0959995
0.439151
0.0932586
0.128744
0.607977
0.20198
0.238128
0.662
0.211442
0.143814
0.175652
0.396025
0.220143
0.197135
0.238526
0.322064
0.340054
0.236556
0.662
0.0771975
0.662
0.11763
0.274631
0.0097472
0.073022
0.00940587
0.135326
0.662
0.158279
0.348325
0.067039
0.331256
0.210511
0.173906
0.271912
0.248994
0.521774
0.662
0.218755
0.488232
0.432742
0.648236
0.26082
0.662
0.166248
0.510668
0.0924515
0.248541
0.497773
0.0393137
0.187011
0.243815
0.662
0.662
0.662
0.324008
0.217884
0.290682
0.25463
0.343371
0.452881
0.426998
0.662
0.212965
0.501252
0.301898
0.551069
0.0983092
0.662
0.662
0.525539
0.120283
0.255795
0.662
0.662
0.0905971
0.216309
0.405472
0.0435262
0.185734
0.538984
0.662
0.0841237
0.00346121
0.11268
0.0292558
0.662
0.214161
0.326142
0.178972
0.223642
0.0867791
0.199594
0.188565
0.662
6.51681e-05
0.288771
0.377723
0.206438
0.170959
0.662
0.183702
0.470428
0.280404
0.662
0.662
0.186486
0.662
0.287464
0.662
0.662
0.424579
0.662
0.0746646
0.191573
0.662
0.602593
0.0427401
0.173411
0.662
0.38154
0.0524234
0.662
0.662
0.158204
0.352989
0.460542
0.662
0.168166
0.662
0.648801
0.662
0.0498667
0.0661222
0.222888
0.581377
0.055357
0.124214
0.279983
0.662
0.245175
0.662
0.147622
0.065167
0.0250663
0.0751063
0.662
0.605123
0.246978
0.633391
0.662
0.152731
0.616631
0.370033
0.554337
0.662
0.0685119
0.662
0.307747
0.658425
0.178988
0.662
0.4725
0.457575
0.131264
0.0662057
0.249472
0.662
0.241454
0.276917
0.084717
0.519999
0.145159
0.263787
0.359958
0.33686
0.531757
0.213055
0.0964175
0.597144
0.414233
0.662
0.224283
0.662
0.155246
0.205563
0.0480155
0.0706746
0.140372
0.662
0.0688735
0.0568606
0.0126099
0.646504
0.10551
0.411642
0.0554401
0.14423
0.351122
0.553779
0.234806
0.193036
0.320533
0.168894
0.269469
0.662
0.0629051
0.0975344
0.662
0.12742
0.532901
0.409177
0.199898
0.0867938
0.091501
0.656135
0.662
0.266048
0.301151
0.040963
0.0716897
0.662
0.43739
0.103527
0.193265
0.087073
0.11421
0.32794
0.461322
0.148991
0.449472
0.489463
0.662
0.654286
0.207867
0.350389
0.244625
0.130052
0.193612
0.139831
0.662
0.278528
0.0854989
0.415108
0.0785434
0.662
0.662
0.139066
0.270764
0.0806608
0.141827
0.662
0.298676
0.470585
0.662
0.0611194
0.230118
0.662
0.0735331
0.625155
0.0804143
0.00139112
0.0771351
0.327131
0.177676
0.662
0.160267
0.431314
0.662
0.154161
0.426249
0.653095
0.392456
0.161803
0.1924
0.526106
0.662
0.0721513
0.662
0.144112
0.441748
0.662
0.301322
0.235701
0.101759
0.242858
0.0407423
0.101247
0.441303
0.662
0.133506
0.26775
0.012176
0.610744
0.133257
0.503785
0.662
0.306954
0.0991655
0.442671
0.14069
0.662
0.164542
0.662
0.0903791
0.55498
0.251399
0.174037
0.441253
0.401694
0.031134
0.151221
0.456311
0.373764
0.216851
0.14312
0.118846
0.662
0.107627
0.408845
0.297771
0.61618
0.533503
0.31196
0.662
0.267088
0.161451
0.2581
0.662
0.344194
0.0901469
0.489023
0.333136
0.662
0.138683
0.139264
0.106809
0.31775
0.662
0.248933
0.12737
0.35413
0.0833909
0.662
0.630266
0.326843
0.207279
0.125984
0.503829
0.570551
0.446577
0.318219
0.483705
0.315032
0.662
0.218443
0.662
0.662
0.0788385
0.10509
0.289786
0.17024
0.020384
0.247075
0.14663
0.12415
0.115059
0.137208
0.0445961
0.138862
0.233238
0.225828
0.0810277
0.662
0.423082
0.106097
0.167804
0.251042
0.662
0.0981557
0.0676636
0.411585
0.0282062
0.662
0.229593
0.198719
0.400891
0.08174
0.204576
0.148848
0.120205
0.0817404
0.261991
0.392882
0.122324
0.435956
0.60437
0.662
0.419126
0.0325755
0.476549
0.26919
0.096053
0.530254
0.112989
0.495182
0.566997
0.108773
0.107939
0.190115
0.373254
0.609791
0.336944
0.597913
0.179356
0.0629193
0.110568
0.432152
0.529105
0.0486751
0.0899482
0.0738233
0.14645
0.316677
0.186855
0.662
0.349953
0.387197
0.212484
0.448754
0.662
0.0225425
0.115604
0.225064
0.25453
0.662
0.324576
0.158106
0.44439
0.662
0.586728
0.15686
0.171076
0.125867
0.366366
0.236201
0.468299
0.329393
0.662
0.662
0.393126
0.662
0.24995
0.257126
0.249268
0.412081
0.150007
0.0315244
0.662
0.343894
0.662
0.256449
0.185728
0.118437
0.0946744
0.0184857
0.364498
0.0670736
0.560155
0.1317
0.662
0.662
0.137625
0.229555
0.535322
0.0581219
0.338497
0.0126204
0.310424
0.108304
0.267592
0.201254
0.139633
0.624526
0.591842
0.662
0.0710525
0.591707
0.174031
0.0823296
0.14002
0.282088
0.180819
0.0900059
0.181005
0.17586
0.662
0.0614876
0.436604
0.53099
0.226644
0.020979
0.252608
0.662
0.159848
0.197591
0.13156
0.297821
0.143143
0.610657
0.0856282
0.0471606
0.22823
0.0595491
0.0977324
0.157725
0.15596
0.662
0.208443
0.393009
0.0772775
0.22613
0.0387389
0.239678
0.180841
0.130139
0.530936
0.114536
0.516147
0.364465
0.408668
0.394088
0.451568
0.139245
0.109727
0.256492
0.173124
0.081575
0.621235
0.251582
0.0480139
0.662
0.662
0.10305
0.200166
0.125947
0.231581
0.101336
0.109136
0.662
0.344206
0.65516
0.223586
0.502809
0.151268
0.106006
0.662
0.374392
0.34678
0.0441302
0.45624
0.500383
0.662
0.465139
0.662
0.662
0.141277
0.375295
0.290316
0.0881085
0.662
0.0409558
0.264277
0.459107
0.590307
0.30647
0.662
0.662
0.309498
0.481279
0.662
0.0607902
0.357388
0.581747
0.529143
0.374015
0.0586623
0.298258
0.662
0.226404
0.509562
0.10849
0.25064
0.0792185
0.490897
0.0207238
0.124892
0.294508
0.0732841
0.187519
0.406615
0.169232
0.260267
0.217186
0.294929
0.408555
0.662
0.0772469
0.662
0.300426
0.0920028
0.241243
0.0487285
0.0235407
0.121867
0.63499
0.252564
0.0513961
0.277932
0.234637
0.288025
0.0337192
0.15451
0.465345
0.173965
0.109325
0.302028
0.478828
0.662
0.0674039
0.326534
0.522645
0.623048
0.279874
0.116602
0.0110847
0.662
0.546455
0.184754
0.0883754
0.139656
0.407773
0.25415
0.111162
0.112268
0.662
0.00986613
0.091246
0.114678
0.662
0.445939
0.00512681
0.32599
0.141649
0.106317
0.0424311
0.257685
0.49232
0.383832
0.153646
0.350399
0.306529
0.515548
0.463011
0.0396586
0.124573
0.482469
0.100493
0.00562052
0.662
0.333382
0.157074
0.106907
0.493727
0.0640631
0.246166
0.662
0.049885
0.0930151
0.377432
0.283154
0.635826
0.404558
0.662
0.662
0.386886
0.28168
0.359311
0.405522
0.517737
0.610041
0.0647236
0.0583779
0.431506
0.124295
0.203832
0.346823
0.115538
0.11856
0.212756
0.0164119
0.662
0.662
0.0510397
0.599418
0.125317
0.258661
0.537704
0.239518
0.167925
0.662
0.356124
0.190918
0.259574
0.123119
0.521052
0.0129827
0.331436
0.662
0.139835
0.0164412
0.305892
0.140717
0.101677
0.25457
0.143646
0.460759
0.103598
0.09944
0.276671
0.406761
0.159248
0.463313
0.662
0.391538
0.341347
0.572398
0.107081
0.223192
0.0889604
0.356785
0.454268
0.366059
0.225032
0.522244
0.662
0.44192
0.662
0.226887
0.662
0.184949
0.360322
0.411221
0.0957691
0.26877
0.662
0.0958626
0.197282
0.105292
0.662
0.0263199
0.542288
0.18653
0.618038
0.662
0.328087
0.288301
0.662
0.236657
0.295204
0.163898
0.216936
0.364849
0.143805
0.192656
0.196441
0.512648
0.103273
0.662
0.263488
0.0999217
0.145576
0.662
0.352641
0.347895
0.211563
0.264485
0.121855
0.18469
0.274211
0.312851
0.183848
0.325631
0.047018
0.0201522
0.106189
0.662
0.363907
0.446552
0.134475
0.293268
0.457711
0.189438
0.247619
0.189882
0.101755
0.0987733
0.157304
0.0898089
0.662
0.662
0.23453
0.0868493
0.259401
0.0505997
0.662
0.17456
0.662
0.662
0.21332
0.193599
0.345269
0.662
0.184322
0.26453
0.217795
0.110762
0.106726
0.662
0.44171
0.662
0.13032
0.662
0.103405
0.0503082
0.0436151
0.223086
0.265209
0.119308
0.662
0.296157
0.161701
0.191293
0.10399
0.195736
0.233704
0.662
0.662
0.147766
0.325731
0.397571
0.637168
0.224842
0.447923
0.174644
0.221688
0.0716766
0.495168
0.0742913
0.186061
0.380835
0.617007
0.662
0.0436931
0.130756
0.0590021
0.216069
0.662
0.452539
0.222363
0.379865
0.662
0.113802
0.104984
0.354334
0.107794
0.258828
0.477561
0.32537
0.0589129
0.384952
0.143457
0.662
0.564167
0.436669
0.662
0.574362
0.242295
0.0907718
0.493627
0.236176
0.13661
0.612394
0.662
0.31438
0.230376
0.240872
0.157613
0.0752491
0.113644
0.662
0.410674
0.410731
0.470657
0.568627
0.105793
0.662
0.0280387
0.662
0.0656886
0.611282
0.494815
0.31112
0.521721
0.273941
0.06325
0.102873
0.13493
0.662
0.662
0.437086
0.662
0.146632
0.210493
0.122826
0.418956
0.0372192
0.662
0.133755
0.16444
0.38473
0.662
0.260672
0.113311
0.258063
0.341995
0.0464194
0.56763
0.366599
0.318251
0.456412
0.0617039
0.662
0.10177
0.11141
0.662
0.0960868
0.388286
0.273172
0.533446
0.395698
0.196456
0.0373843
0.160555
0.189168
0.569347
0.494193
0.14775
0.662
0.149906
0.562889
0.0749839
0.177849
0.337761
0.240679
0.230619
0.0861317
0.084397
0.161612
0.418582
0.255484
0.197124
0.517464
0.443643
0.0676127
0.157123
0.183729
0.126645
0.149523
0.336211
0.662
0.370028
0.0771889
0.221784
0.231984
0.281855
0.130621
0.550036
0.258005
0.65719
0.662
0.206032
0.303183
0.110355
0.662
0.173815
0.662
0.0283669
0.662
0.238745
0.393879
0.206198
0.0841883
0.201639
0.194303
0.0595798
0.650248
0.662
0.183886
0.239561
0.155519
0.275105
0.228481
0.0548732
0.0545707
0.662
0.193719
0.283908
0.116881
0.662
0.473701
0.662
0.0691124
0.662
0.158263
0.472259
0.466291
0.580726
0.155689
0.343498
0.0919976
0.397332
0.125709
0.662
0.159426
0.166948
0.662
0.662
0.213346
0.662
0.477139
0.2986
0.662
0.338152
0.152205
0.298897
0.114627
0.313977
0.268883
0.662
0.24242
0.0324008
0.248921
0.0967272
0.242698
0.321112
0.142929
0.576643
0.121038
0.366772
0.257062
0.221803
0.456532
0.345472
0.496335
0.662
0.0588758
0.081006
0.0883392
0.407088
0.104273
0.0371876
0.581058
0.601775
0.325138
0.231332
0.662
0.193371
0.363676
0.0872551
0.00577058
0.0489946
0.292781
0.0835867
0.218805
0.184761
0.0541949
0.662
0.076491
0.388093
0.0303797
0.048418
0.162061
0.662
0.137551
0.0409251
0.502136
0.46908
0.360287
0.451063
0.0301294
0.25967
0.662
0.35814
0.662
0.472148
0.590052
0.344314
0.0342588
0.303156
0.662
0.662
0.354921
0.539107
0.37319
0.112892
0.152468
0.111773
0.145906
0.243681
0.556053
0.662
0.00266611
0.170012
0.19496
0.155662
0.385843
0.662
0.121061
0.18835
0.652536
0.201635
0.148008
0.662
0.19419
0.2396
0.21425
0.0737975
0.11928
0.662
0.132706
0.215274
0.134689
0.65082
0.600078
0.137561
0.243445
0.201284
0.662
0.662
0.210789
0.225903
0.662
0.662
0.0792936
0.111281
0.220708
0.0754906
0.662
0.541457
0.104831
0.317469
0.662
0.103779
0.19967
0.662
0.156634
0.429315
0.417516
0.176033
0.597116
0.194191
0.419648
0.662
0.662
0.548035
0.469501
0.268025
0.118932
0.123008
0.662
0.168727
0.662
0.662
0.662
0.0619508
0.161828
0.197927
0.14214
0.52617
0.0531
0.218553
0.148096
0.0928288
0.662
0.662
0.321394
0.0480304
0.136952
0.146053
0.53416
0.662
0.042138
0.214957
0.423303
0.662
0.163512
0.434063
0.149462
0.240321
0.118697
0.287854
0.494763
0.0515188
0.458366
0.662
0.439981
0.0861346
0.176497
0.662
0.28747
0.16235
0.0369505
0.662
0.662
0.12717
0.12221
0.142189
0.118019
0.184212
0.119482
0.627001
0.481911
0.09626
0.662
0.662
0.662
0.447298
0.219897
0.466701
0.445623
0.0575725
0.460518
0.241862
0.402474
0.380961
0.149006
0.14217
0.0958145
0.102839
0.570779
0.04161
0.29257
0.128252
0.662
0.00650793
0.214131
0.145225
0.167738
0.074349
0.168823
0.312882
0.607011
0.448392
0.145889
0.0271149
0.18758
0.598568
0.026235
0.312817
0.211139
0.143161
0.299328
0.457
0.382556
0.255547
0.404781
0.164306
0.370704
0.120928
0.133728
0.289188
0.662
0.106931
0.607614
0.662
0.596232
0.119922
0.0481831
0.662
0.324888
0.194076
0.376953
0.662
0.163267
0.662
0.171116
0.378912
0.0719073
0.13794
0.0970403
0.146107
0.662
0.395255
0.450211
0.0790904
0.662
0.506201
0.513763
0.13483
0.15306
0.662
0.266687
0.067117
0.421025
0.662
0.0709123
0.216495
0.219314
0.251373
0.229664
0.150969
0.662
0.662
0.558984
0.662
0.662
0.662
0.0116071
0.26562
0.144562
0.191564
0.50667
0.419304
0.358023
0.37552
0.585799
0.111127
0.0704045
0.130693
0.662
0.616092
0.108579
0.593012
0.662
0.662
0.0280917
0.30987
0.384026
0.25065
0.208161
0.25857
0.275753
0.47054
0.371871
0.159551
0.178305
0.499082
0.0450793
0.256401
0.463011
0.119876
0.195707
0.662
0.39938
0.469175
0.33887
0.275958
0.163286
0.662
0.0027162
0.551084
0.260895
0.662
0.103475
0.662
0.104641
0.414044
0.0568926
0.159153
0.662
0.184723
0.165263
0.470996
0.330951
0.0663089
0.00800073
0.662
0.126728
0.307554
0.136295
0.158784
0.0801725
0.202958
0.300887
0.0906607
0.391993
0.109871
0.214325
0.339883
0.154995
0.662
0.151861
0.121955
0.101641
0.134823
0.444178
0.662
0.236556
0.160522
0.413941
0.288768
0.233154
0.237274
0.206236
0.235084
0.546136
0.0464877
0.276473
0.569391
0.259238
0.201357
0.229451
0.112991
0.594881
0.0856304
0.0188313
0.662
0.0859344
0.252703
0.0317527
0.0282902
0.440146
0.662
0.155169
0.284531
0.479919
0.582238
0.454715
0.23981
0.427125
0.622377
0.168965
0.153004
0.0804246
0.0687037
0.226228
0.0670513
0.662
0.662
0.0384066
0.346215
0.531821
0.117383
0.366113
0.601072
0.0597017
0.139031
0.302245
0.251177
0.0554708
0.662
0.0521604
0.292366
0.123356
0.0970127
0.111233
0.509466
0.138288
0.0658392
0.507252
0.177978
0.121111
0.284923
0.522553
0.662
0.569076
0.152262
0.185859
0.202198
0.0670964
0.662
0.319443
0.0781419
0.0997842
0.662
0.473898
0.328258
0.256535
0.662
0.0730774
0.133323
0.618677
0.662
0.190677
0.392354
0.259933
0.0729738
0.28851
0.106401
0.049204
0.292793
0.0214995
0.662
0.662
0.662
0.0792295
0.382716
0.166024
0.118335
0.31993
0.217374
0.182058
0.662
0.256018
0.49744
0.453214
0.0986497
0.511253
0.662
0.0624761
0.472678
0.341984
0.454468
0.662
0.405436
0.381166
0.127224
0.298995
0.32992
0.155464
0.0536155
0.662
0.662
0.285139
0.535699
0.299205
0.149387
0.421211
0.507839
0.580373
0.0274329
0.147662
0.202148
0.662
0.631103
0.19768
0.167179
0.662
0.104416
0.126097
0.054744
0.0585665
0.162082
0.45439
0.603849
0.169576
0.227502
0.116939
0.219746
0.0419598
0.662
0.036828
0.0717902
0.662
0.388493
0.262478
0.33723
0.148634
0.442848
0.245732
0.0576136
0.414874
0.205732
0.306443
0.382922
0.244501
0.561273
0.298688
0.292641
0.662
0.662
0.132604
0.178631
0.662
0.662
0.448919
0.617434
0.533094
0.662
0.0347997
0.417416
0.211267
0.27632
0.662
0.088963
0.359568
0.662
0.451207
0.662
0.184268
0.662
0.183397
0.250606
0.0087684
0.215422
0.0572932
0.269981
0.595349
0.662
0.225978
0.175182
0.162646
0.051397
0.0541555
0.279991
0.0712197
0.403372
0.662
0.0238952
0.662
0.0772317
0.589616
0.0686711
0.241061
0.394646
0.1943
0.329475
0.236756
0.0764966
0.172412
0.119516
0.662
0.662
0.0360591
0.21047
0.46604
0.114951
0.189981
0.147265
0.224816
0.265764
0.298036
0.0567824
0.0464427
0.0068651
0.662
0.576007
0.186257
0.00765809
0.662
0.0665782
0.12998
0.0402208
0.0890685
0.0652967
0.16664
0.224212
0.105475
0.337826
0.097808
0.175579
0.242166
0.124336
0.266337
0.145288
0.0630094
0.267275
0.357334
0.286522
0.662
0.382075
0.605848
0.00187978
0.074428
0.0938599
0.0811405
0.257938
0.274104
0.62183
0.562096
0.481031
0.594705
0.662
0.0721737
0.537283
0.105755
0.662
0.662
0.0909524
0.662
0.121177
0.164931
0.280346
0.0567459
0.0409055
0.365931
0.0429255
0.0621787
0.38988
0.629283
0.305478
0.0409817
0.662
0.662
0.0836611
0.0118158
0.149758
0.227108
0.269455
0.170802
0.218877
0.662
0.662
0.217348
0.496851
0.334598
0.2228
0.185991
0.488612
0.18501
0.403711
0.00796335
0.427358
0.327926
0.489655
0.179106
0.662
0.308432
0.0568685
0.0260646
0.231772
0.662
0.115582
0.0578165
0.166587
0.662
0.662
0.155527
0.662
0.662
0.145315
0.23091
0.141805
0.196278
0.0166608
0.411754
0.662
0.289636
0.389286
0.335879
0.446216
0.0796567
0.0471951
0.132498
0.294491
0.238092
0.0676041
0.0813251
0.613377
0.198398
0.151402
0.378026
0.229063
0.662
0.175608
0.578518
0.230283
0.151463
0.662
0.108884
0.121015
0.264056
0.169867
0.183844
0.236482
0.0898174
0.230761
0.0682663
0.662
0.202564
0.0400022
0.616268
0.121624
0.3917
0.329095
0.183613
0.214903
0.306727
0.0957286
0.218046
0.162315
0.0919902
0.346304
0.469014
0.20073
0.549895
0.65183
0.0678786
0.541117
0.662
0.492112
0.174775
0.582496
0.148643
0.0671442
0.276918
0.174226
0.662
0.244112
0.662
0.662
0.492442
0.229171
0.0312042
0.208265
0.328369
0.662
0.41887
0.117989
0.137658
0.287286
0.607844
0.341943
0.662
0.0771537
0.257
0.469082
0.145627
0.161437
0.662
0.189668
0.444542
0.0775216
0.0544344
0.573635
0.0907873
0.134437
0.0779032
0.183481
0.22206
0.165758
0.52731
0.205353
0.231997
0.662
0.559083
0.155628
0.0130913
0.0572014
0.301928
0.144766
0.115078
0.662
0.368656
0.0436608
0.269937
0.274695
0.187567
0.243814
0.0585297
0.0984322
0.228585
0.382381
0.662
0.662
0.404927
0.299948
0.439221
0.356732
0.158542
0.314035
0.662
0.373417
0.193768
0.580105
0.197007
0.103322
0.662
0.484563
0.0985864
0.600664
0.228203
0.252557
0.402155
0.245815
0.168396
0.0934931
0.147074
0.0499446
0.662
0.248361
0.662
0.151678
0.235245
0.0652759
0.217102
0.648692
0.0682104
0.662
0.473086
0.662
0.384559
0.280918
0.125323
0.26099
0.153479
0.115571
0.662
0.28305
0.588402
0.0637742
0.288471
0.200105
0.423678
0.0534686
0.425163
0.662
0.161201
0.662
0.10505
0.662
0.662
0.516192
0.122454
0.431226
0.475307
0.29051
0.158638
0.137468
0.0557589
0.125696
0.662
0.0838193
0.102145
0.357101
0.0858399
0.424861
0.0746974
0.662
0.0202212
0.662
0.265439
0.0491331
0.329146
0.0984277
0.127866
0.00300871
0.641659
0.662
0.0219997
0.662
0.287841
0.114077
0.30283
0.662
0.364947
0.662
0.662
0.476418
0.0590904
0.169578
0.639249
0.177222
0.662
0.662
0.0941791
0.128656
0.662
0.175573
0.0959528
0.112502
0.449253
0.635545
0.406292
0.566
0.0710125
0.203708
0.231134
0.419251
0.3527
0.304732
0.162715
0.406674
0.0688749
0.140971
0.662
0.569363
0.352178
0.140612
0.311634
0.31215
0.218294
0.414787
0.662
0.662
0.185328
0.297525
0.662
0.35816
0.101141
0.0736538
0.290333
0.662
0.647741
0.337993
0.199705
0.207653
0.428333
0.176131
0.169052
0.0529988
0.311751
0.138624
0.389403
0.0957682
0.0796946
0.211929
0.266894
0.34002
0.0397477
0.0646762
0.36391
0.662
0.285618
0.122256
0.178082
0.352903
0.217415
0.129333
0.0826331
0.662
0.57472
0.22635
0.0468174
0.662
0.253509
0.228633
0.478048
0.457846
0.296151
0.199695
0.662
0.662
0.476784
0.611716
0.220925
0.390584
0.24304
0.25547
0.108395
0.248057
0.157362
0.0940659
0.068383
0.342007
0.090869
0.662
0.633694
0.662
0.444629
0.116148
0.552847
0.662
0.0688463
0.236274
0.373064
0.183707
0.150099
0.18465
0.592924
0.162896
0.108215
0.528021
0.389358
0.662
0.0175403
0.442861
0.662
0.152625
0.257217
0.3912
0.662
0.0410719
0.0805197
0.196187
0.35781
0.0950442
0.230036
0.662
0.236919
0.344631
0.662
0.304473
0.238729
0.090873
0.215288
0.00965779
0.0619615
0.245299
0.391144
0.204452
0.194477
0.184716
0.157143
0.50553
0.0797719
0.411249
0.183223
0.0942366
0.0608805
0.0720446
0.112785
0.662
0.111202
0.662
0.200606
0.494923
0.106803
0.330505
0.114247
0.102664
0.0665788
0.126884
0.0352795
0.137389
0.369745
0.137235
0.662
0.662
0.14081
0.178223
0.662
0.223134
0.653216
0.38734
0.127168
0.213929
0.383735
0.0536025
0.397458
0.180002
0.116648
0.0228927
0.278384
0.168899
0.146465
0.248044
0.0642435
0.0379216
0.0055752
0.491241
0.662
0.192467
0.305584
0.0468058
0.150241
0.27761
0.334813
0.610337
0.0729514
0.18466
0.0519887
0.0987321
0.145612
0.0802376
0.369485
0.126021
0.662
0.258373
0.316709
0.121553
0.337684
0.160629
0.0436716
0.151559
0.101253
0.662
0.262246
0.313955
0.65872
0.221829
0.636929
0.044263
0.1357
0.0401379
0.250513
0.662
0.00365319
0.144594
0.662
0.21717
0.407135
0.23896
0.282519
0.563848
0.267735
0.280589
0.287302
0.662
0.297105
0.232818
0.436086
0.662
0.225778
0.190138
0.27638
0.428004
0.252736
0.166867
0.117975
0.662
0.144466
0.518369
0.662
0.458166
0.243141
0.217582
0.573459
0.0551577
0.662
0.280488
0.035197
0.219369
0.11075
0.151292
0.516414
0.662
0.0876987
0.115006
0.0644014
0.662
0.225563
0.110433
0.212338
0.621791
0.111268
0.606283
0.262424
0.633346
0.0939938
0.45473
0.0649507
0.322045
0.662
0.253935
0.171434
0.662
0.0661342
0.11566
0.070343
0.62527
0.165194
0.0970429
0.084408
0.662
0.236618
0.0576112
0.236227
0.102102
0.00197672
0.180377
0.291501
0.209957
0.571982
0.662
0.0700259
0.102645
0.243056
0.37236
0.483444
0.333949
0.18509
0.511425
0.662
0.586829
0.662
0.148325
0.393332
0.0536048
0.0943932
0.105269
0.466777
0.572595
0.214478
0.201754
0.548562
0.439006
0.662
0.134628
0.265448
0.113364
0.191353
0.662
0.662
0.662
0.0993477
0.235126
0.0958834
0.405166
0.15467
0.0637282
0.345223
0.2641
0.662
0.662
0.23835
0.410493
0.577953
0.154924
0.530523
0.0336928
0.309685
0.339573
0.16761
0.120381
0.396328
0.169451
0.0817967
0.662
0.0988663
0.13808
0.518055
0.215723
0.242098
0.110193
0.0829688
0.103488
0.662
0.348946
0.0682318
0.0775001
0.0806674
0.153582
0.225194
0.297794
0.112925
0.156931
0.0942743
0.662
0.283592
0.0803118
0.146987
0.662
0.347964
0.615512
0.16292
0.161752
0.59535
0.120417
0.22309
0.256722
0.0170343
0.0637279
0.269375
0.202442
0.662
0.32036
0.65673
0.0572112
0.138492
0.211798
0.107193
0.107634
0.635113
0.662
0.104024
0.393381
0.139702
0.662
0.0731802
0.499577
0.118883
0.662
0.277157
0.0364469
0.322136
0.110136
0.174439
0.302978
0.198013
0.662
0.662
0.172885
0.340836
0.435202
0.161169
0.556869
0.230714
0.205895
0.00724565
0.123104
0.364535
0.660875
0.662
0.188252
0.16636
0.662
0.59833
0.4693
0.429739
0.662
0.0513511
0.490328
0.662
0.171729
0.110423
0.125262
0.2249
0.662
0.662
0.222179
0.158212
0.13391
0.662
0.418478
0.292198
0.20576
0.061638
0.26857
0.258399
0.140451
0.10562
0.662
0.662
0.659772
0.286193
0.115695
0.316771
0.215629
0.543952
0.0709603
0.321344
0.403471
0.427754
0.23601
0.527021
0.620887
0.193134
0.128812
0.200063
0.606208
0.0822291
0.178657
0.244309
0.147042
0.237299
0.239271
0.226206
0.196188
0.0615706
0.662
0.662
0.347673
0.634577
0.63456
0.380089
0.662
0.100608
0.465547
0.0506836
0.0975055
0.206568
0.271207
0.187067
0.662
0.65021
0.0969579
0.23422
0.662
0.126034
0.575571
0.201716
0.420447
0.0673076
0.113928
0.46786
0.427254
0.0573632
0.460299
0.127431
0.365075
0.185506
0.187597
0.662
0.476249
0.662
0.124745
0.12816
0.460175
0.543975
0.0887097
0.191237
0.428673
0.0860162
0.313352
0.662
0.662
0.662
0.289693
0.145885
0.369485
0.0197871
0.205381
0.427595
0.304932
0.662
0.229932
0.0514102
0.304213
0.228209
0.352897
0.662
0.461025
0.0462987
0.235587
0.224557
0.142642
0.0777615
0.0786228
0.662
0.515068
0.121214
0.662
0.633101
0.151159
0.149561
0.662
0.127768
0.129465
0.662
0.512941
0.26202
0.102139
0.235434
0.430477
0.049298
0.525421
0.290094
0.662
0.489167
0.09546
0.643201
0.423849
0.644339
0.147198
0.229132
0.228805
0.662
0.0956828
0.152301
0.51534
0.203973
0.40812
0.00577449
0.242128
0.205035
0.341408
0.000364636
0.155538
0.46624
0.130026
0.662
0.662
0.662
0.146745
0.238952
0.130809
0.662
0.214507
0.257786
0.24009
0.0583839
0.214924
0.201993
0.102209
0.243567
0.0917218
0.662
0.662
0.128195
0.295458
0.109878
0.171043
0.121273
0.662
0.107079
0.596853
0.0100608
0.124023
0.0705155
0.00673463
0.327718
0.662
0.516037
0.107949
0.0284181
0.16617
0.542884
0.201926
0.662
0.205985
0.169548
0.155919
0.119279
0.130755
0.106713
0.220104
0.091177
0.662
0.514153
0.53489
0.107484
0.393859
0.419559
0.228231
0.168341
0.119135
0.0450442
0.17699
0.662
0.206224
0.0674938
0.263228
0.122047
0.0674061
0.327456
0.404503
0.10478
0.163333
0.252855
0.0984054
0.281516
0.081847
0.662
0.271179
0.526595
0.662
0.174962
0.662
0.554839
0.00610512
0.662
0.101716
0.662
0.114668
0.0292197
0.177628
0.121062
0.225435
0.15504
0.0164048
