0.346987
0.0746854
0.0407134
0.106887
0.558585
0.173747
0.152783
0.145847
0.232729
0.11143
0.191711
0.24157
0.193978
0.0619406
0.381882
0.121047
0.439352
0.662
0.662
0.062748
0.103809
0.0664408
0.438905
0.662
0.179849
0.31073
0.27138
0.662
0.351341
0.268461
0.156117
0.113886
0.0322399
0.0424104
0.316038
0.0417814
0.179671
0.662
0.13394
0.662
0.109145
0.342085
0.108717
0.468397
0.0241626
0.0789977
0.0787703
0.00881943
0.166701
0.163843
0.470832
0.258587
0.171638
0.452071
0.0852134
0.223249
0.235357
0.000298535
0.338593
0.58311
0.0995165
0.208508
0.107637
0.0844212
0.662
0.0984328
0.100924
0.320218
0.131715
0.165393
0.525223
0.336205
0.662
0.188384
0.277931
0.662
0.498
0.0115641
0.419805
0.0315099
0.662
0.101189
0.662
0.065816
0.0707981
0.196786
0.200658
0.190724
0.538496
0.456252
0.154348
0.662
0.114871
0.173657
0.662
0.662
0.0455153
0.536584
0.0672105
0.0495184
0.111382
0.172683
0.434253
0.408111
0.227424
0.313371
0.312213
0.290628
0.261871
0.662
0.0527666
0.310063
0.0985924
0.182348
0.265335
0.405626
0.555616
0.221366
0.0396281
0.187287
0.0795834
0.131892
0.538052
0.608957
0.0921716
0.16982
0.354005
0.160137
0.284408
0.125733
0.180061
0.0938246
0.460481
0.662
0.311783
0.247893
0.279338
0.421387
0.313648
0.352342
0.526076
0.439713
0.423772
0.300608
0.662
0.430051
0.282757
0.299224
0.232305
0.502429
0.0980359
0.0529641
0.502543
0.0725031
0.662
0.337344
0.18608
0.427198
0.18356
0.617514
0.662
0.2737
0.168658
0.442329
0.589524
0.525149
0.447455
0.253566
0.561216
0.180265
0.303625
0.0865427
0.135169
0.146696
0.649197
0.0683562
0.119024
0.242285
0.614786
0.0270128
0.345935
0.416666
0.358414
0.468022
0.0976713
0.411843
0.500932
0.601568
0.172361
0.436439
0.513601
0.140942
0.141656
0.256964
0.0612622
0.368831
0.00590563
0.271544
0.064599
0.0219513
0.637615
0.662
0.045801
0.105751
0.16217
0.0525055
0.617443
0.0264289
0.292795
0.457374
0.186436
0.116686
0.333293
0.40561
0.424269
0.46461
0.166129
0.224105
0.205123
0.420142
0.222266
0.586783
0.210609
0.244455
0.321737
0.161158
0.211873
0.481446
0.00298472
0.220236
0.0505913
0.185178
0.113969
0.265718
0.275559
0.0746425
0.662
0.392194
0.328108
0.0670966
0.261924
0.585593
0.175485
0.0875204
0.662
0.126566
0.154776
0.0518383
0.0654119
0.367948
0.0610752
0.523863
0.104028
0.662
0.194877
0.0465479
0.112842
0.196962
0.392493
0.256041
0.124603
0.662
0.0948169
0.662
0.22141
0.0574531
0.644167
0.662
0.119127
0.162506
0.291737
0.18432
0.571548
0.112821
0.460327
0.130556
0.138569
0.130645
0.269039
0.229333
0.0591461
0.433572
0.203605
0.115379
0.0799527
0.46747
0.641505
0.376221
0.187089
0.662
0.20606
0.143933
0.44337
0.162229
0.0993089
0.544153
0.0800569
0.114632
0.0766845
0.245028
0.197937
0.3733
0.14657
0.371432
0.234167
0.203397
0.659393
0.662
0.116572
0.662
0.181117
0.498752
0.349978
0.662
0.200625
0.279677
0.00646059
0.622919
0.229905
0.402761
0.442869
0.547045
0.272234
0.0180431
0.662
0.413245
0.633451
0.272754
0.0578746
0.484532
0.210551
0.102425
0.303767
0.200041
0.55425
0.292848
0.204068
0.662
0.122047
0.662
0.662
0.612476
0.355131
0.165731
0.536864
0.653814
0.549448
0.320125
0.198844
0.206839
0.662
0.239229
0.132418
0.0798129
0.0668439
0.124831
0.577843
0.142459
0.336892
0.220849
0.0345629
0.291097
0.662
0.49005
0.106814
0.0944026
0.124509
0.525534
0.0549244
0.331236
0.0701949
0.662
0.258955
0.32396
0.0740094
0.316708
0.162175
0.104639
0.350381
0.118696
0.145789
0.0152192
0.159185
0.256761
0.134573
0.0251101
0.174603
0.105861
0.662
0.107979
0.304938
0.662
0.0705805
0.472519
0.259517
0.597455
0.121014
0.413964
0.244634
0.481807
0.662
0.122927
0.612702
0.171028
0.226774
0.440854
0.124369
0.262771
0.662
0.58283
0.116606
0.281605
0.662
0.404805
0.555256
0.662
0.636434
0.187432
0.135967
0.15112
0.0890767
0.369281
0.477861
0.311883
0.533152
0.302891
0.106291
0.240257
0.108943
0.168031
0.171525
0.662
0.146264
0.100001
0.196812
0.473424
0.345748
0.662
0.12878
0.182187
0.327182
0.300855
0.169599
0.461592
0.182849
0.662
0.169356
0.192073
0.0916896
0.01951
0.662
0.457656
0.167241
0.203359
0.0925404
0.202954
0.662
0.174674
0.0657817
0.102401
0.176595
0.262615
0.122661
0.149141
0.208438
0.0821698
0.0736852
0.160088
0.163043
0.105291
0.0994055
0.0745355
0.199097
0.0870648
0.155465
0.27454
0.202638
0.320736
0.662
0.388599
0.475059
0.150438
0.0719305
0.372859
0.0183859
0.0808548
0.255786
0.662
0.119154
0.0719525
0.403305
0.205459
0.662
0.0990188
0.386478
0.642559
0.197461
0.275207
0.184104
0.450007
0.488417
0.662
0.254807
0.662
0.0894622
0.1886
0.0634656
0.323886
0.0412157
0.662
0.394244
0.346831
0.0665204
0.55138
0.291243
0.1146
0.00497521
0.466912
0.235579
0.278621
0.169711
0.55169
0.200599
0.151598
0.257573
0.378306
0.0537387
0.662
0.0772644
0.0737002
0.572203
0.338192
0.111661
0.21129
0.298124
0.257263
0.0408569
0.0604726
0.0494816
0.247297
0.370032
0.278929
0.662
0.662
0.662
0.148115
0.5885
0.0272114
0.620465
0.158864
0.642772
0.38659
0.434673
0.267344
0.166857
0.662
0.0922565
0.148822
0.252747
0.181306
0.117531
0.212719
0.0693161
0.0840629
0.137084
0.0795202
0.0688404
0.426151
0.662
0.132191
0.228167
0.250781
0.662
0.264552
0.0835785
0.376653
0.53207
0.386524
0.0642759
0.662
0.304589
0.152586
0.253564
0.0596766
0.662
0.336762
0.336131
0.0663824
0.135349
0.269937
0.212698
0.0501925
0.117135
0.305153
0.207913
0.662
0.662
0.288978
0.241249
0.0560863
0.19793
0.662
0.166003
0.0754647
0.662
0.238969
0.117619
0.0770207
0.16636
0.15761
0.0913994
0.0375647
0.218668
0.460938
0.213219
0.115436
0.654625
0.43659
0.0376141
0.554191
0.0464348
0.254499
0.297912
0.12939
0.0930536
0.0737096
0.487382
0.198317
0.18631
0.189916
0.0703086
0.0701549
0.240309
0.278224
0.118401
0.148607
0.34657
0.235237
0.306833
0.198084
0.0581682
0.123738
0.662
0.296671
0.150734
0.0405256
0.0828773
0.476002
0.256348
0.18181
0.206823
0.203885
0.222952
0.662
0.127581
0.258701
0.068668
0.139947
0.214418
0.259019
0.187277
0.28482
0.427965
0.251727
0.174293
0.372802
0.223892
0.0622182
0.165248
0.162498
0.140815
0.182614
0.259246
0.374876
0.407768
0.0898519
0.156003
0.0982923
0.319283
0.0627973
0.244227
0.124023
0.315152
0.24146
0.129679
0.153682
0.111837
0.204836
0.0190015
0.0620395
0.122161
0.649963
0.341411
0.0600097
0.390023
0.177664
0.276691
0.191798
0.229406
0.059481
0.295173
0.62285
0.221655
0.53778
0.662
0.135072
0.662
0.0233299
0.097755
0.0400121
0.662
0.0768395
0.0650432
0.284513
0.130029
0.18373
0.600631
0.267409
0.475891
0.0605526
0.227658
0.166061
0.147935
0.662
0.178145
0.632655
0.146758
0.112184
0.208531
0.460667
0.18511
0.35813
0.0894043
0.198426
0.0761065
0.0598208
0.398745
0.0736442
0.544116
0.155444
0.197345
0.662
0.409702
0.0891353
0.338812
0.21687
0.141057
0.205208
0.0997242
0.608768
0.460142
0.595504
0.298787
0.657328
0.662
0.017334
0.342509
0.155724
0.0879851
0.576557
0.248994
0.662
0.453465
0.662
0.235365
0.637991
0.0198953
0.160044
0.134587
0.116713
0.174401
0.662
0.263016
0.124887
0.373748
0.63899
0.616068
0.662
0.13732
0.662
0.580662
0.299927
0.132564
0.662
0.331049
0.417053
0.375733
0.662
0.120303
0.0726546
0.599554
0.610399
0.441301
0.335491
0.662
0.239915
0.662
0.662
0.662
0.285613
0.154683
0.209553
0.0793123
0.209302
0.626411
0.0440522
0.164657
0.345911
0.662
0.215931
0.538056
0.301026
0.296303
0.286419
0.662
0.496972
0.662
0.121537
0.662
0.662
0.662
0.662
0.0597942
0.216057
0.0531948
0.17793
0.128857
0.362064
0.126992
0.198478
0.184657
0.133473
0.624511
0.162183
0.0919012
0.504485
0.582834
0.112543
0.0474209
0.0506326
0.12141
0.144188
0.102041
0.426871
0.0232471
0.356095
0.345946
0.237154
0.160262
0.182535
0.0976581
0.121627
0.335276
0.310236
0.1721
0.277391
0.325432
0.554205
0.303458
0.662
0.594304
0.199186
0.16994
0.0515689
0.172321
0.405589
0.12282
0.422161
0.224639
0.0409145
0.147184
0.144857
0.198607
0.25663
0.137206
0.368448
0.0681915
0.571777
0.138536
0.605138
0.0658445
0.662
0.662
0.13494
0.260098
0.09803
0.236675
0.0792234
0.448596
0.0746369
0.0579827
0.548592
0.308063
0.100305
0.345669
0.077951
0.223651
0.209547
0.640321
0.142908
0.662
0.662
0.662
0.376939
0.483938
0.0977037
0.253368
0.0791236
0.662
0.350965
0.34299
0.394366
0.252375
0.0957195
0.0838827
0.442318
0.0819439
0.0839291
0.133028
0.662
0.414189
0.0758181
0.258218
0.182258
0.261084
0.402429
0.606631
0.157921
0.3208
0.0885958
0.232394
0.620281
0.330851
0.0399409
0.546989
0.0443632
0.357966
0.143484
0.309361
0.199882
0.296854
0.339335
0.662
0.294123
0.0662455
0.0948845
0.639081
0.532081
0.201265
0.662
0.495653
0.0578588
0.2174
0.0726696
0.0920541
0.197548
0.662
0.069447
0.070579
0.656856
0.0782573
0.662
0.166216
0.242154
0.662
0.552757
0.0894991
0.22013
0.121003
0.33437
0.0587584
0.456771
0.0665302
0.115528
0.0546361
0.113976
0.0670883
0.126295
0.0827001
0.0650035
0.301729
0.0703514
0.101994
0.662
0.492869
0.0849972
0.662
0.131795
0.662
0.662
0.0593043
0.248508
0.478706
0.538722
0.409379
0.372676
0.662
0.0801461
0.15543
0.0224394
0.431845
0.195376
0.662
0.561859
0.022363
0.137913
0.588468
0.428316
0.662
0.0250262
0.18256
0.0464996
0.662
0.490331
0.565471
0.0655233
0.510843
0.107775
0.484897
0.541977
0.662
0.662
0.243009
0.222463
0.480324
0.147624
0.290077
0.478356
0.234882
0.0711413
0.154466
0.662
0.104673
0.376013
0.256497
0.603494
0.303228
0.200672
0.171877
0.133167
0.0741751
0.0917155
0.0696906
0.608583
0.0759166
0.104376
0.099932
0.231559
0.324448
0.333422
0.147534
0.178128
0.597821
0.201673
0.341996
0.328981
0.070903
0.319541
0.083024
0.349506
0.0516866
0.400593
0.136089
0.0973199
0.144903
0.0117463
0.0424929
0.662
0.108075
0.0301796
0.4573
0.120957
0.355057
0.104216
0.0672821
0.20256
0.0710002
0.0814953
0.149701
0.662
0.423298
0.190785
0.0589578
0.662
0.118161
0.607521
0.0781162
0.22497
0.254322
0.0467859
0.122806
0.424515
0.262147
0.119112
0.488696
0.526099
0.662
0.662
0.101163
0.468101
0.662
0.187917
0.299716
0.0483139
0.280201
0.239256
0.123928
0.0834377
0.428872
0.214456
0.128347
0.128996
0.327285
0.656883
0.044154
0.237506
0.126146
0.39856
0.504378
0.258815
0.236634
0.00541159
0.304964
0.0943568
0.286703
0.468663
0.17917
0.163646
0.0385781
0.161192
0.148297
0.146366
0.662
0.197888
0.162107
0.0405641
0.232316
0.456859
0.11553
0.514633
0.19576
0.425024
0.398697
0.310934
0.16451
0.348478
0.103003
0.662
0.662
0.0526441
0.293328
0.192654
0.579222
0.0434273
0.108727
0.435596
0.0968658
0.361185
0.0636021
0.238334
0.0814138
0.662
0.0360897
0.662
0.199335
0.407152
0.464666
0.119243
0.662
0.200791
0.409809
0.634031
0.198118
0.134571
0.0991345
0.252245
0.172785
0.0670834
0.396816
0.0112897
0.145534
0.252067
0.12621
0.172537
0.149229
0.165884
0.162796
0.102746
0.0378817
0.292031
0.231018
0.470626
0.203714
0.330619
0.208031
0.321165
0.0705372
0.0703737
0.533753
0.155192
0.662
0.233243
0.0973952
0.662
0.362674
0.264748
0.0613499
0.00823318
0.647796
0.662
0.0856416
0.146507
0.0772281
0.11739
0.662
0.0489321
0.311899
0.0573428
0.380375
0.119947
0.112979
0.273974
0.390149
0.553706
0.086551
0.155413
0.662
0.252061
0.0738114
0.0580248
0.461844
0.591047
0.385314
0.0957381
0.112559
0.662
0.208667
0.14609
0.0975912
0.425609
0.356807
0.0155586
0.263761
0.321159
0.0842932
0.200436
0.1778
0.110056
0.33783
0.257777
0.0741369
0.662
0.319254
0.254793
0.360328
0.256389
0.341557
0.192203
0.241597
0.124913
0.195183
0.310831
0.090875
0.520338
0.0931395
0.106025
0.662
0.0959506
0.662
0.527397
0.368584
0.128878
0.0623319
0.0631179
0.435434
0.657825
0.525462
0.662
0.140553
0.170687
0.01971
0.149591
0.252392
0.177561
0.0852059
0.259758
0.0872218
0.305708
0.239048
0.146524
0.116633
0.603357
0.0432562
0.0619947
0.323356
0.0676134
0.25162
0.363868
0.444397
0.662
0.0454171
0.278744
0.662
0.136371
0.398055
0.366208
0.27754
0.168742
0.572535
0.662
0.454945
0.0589118
0.257192
0.0903444
0.0812497
0.43526
0.209479
0.153364
0.353802
0.0901223
0.391974
0.318332
0.174805
0.489807
0.216735
0.344239
0.295012
0.3216
0.662
0.662
0.601664
0.0134786
0.23717
0.662
0.17659
0.0626257
0.40087
0.662
0.124365
0.120454
0.662
0.449753
0.623299
0.638955
0.635402
0.152794
0.260412
0.662
0.662
0.0527701
0.0943316
0.204503
0.662
0.338357
0.273607
0.273587
0.436109
0.186642
0.361836
0.117445
0.0776656
0.119914
0.255359
0.0318572
0.300739
0.461493
0.0632344
0.0859621
0.134152
0.662
0.200203
0.371635
0.278335
0.662
0.554858
0.102628
0.223351
0.074749
0.216269
0.0689563
0.0956354
0.282106
0.13904
0.484371
0.276801
0.156439
0.146805
0.101403
0.361927
0.54606
0.476416
0.224377
0.278218
0.409501
0.249555
0.662
0.662
0.318478
0.214234
0.0856868
0.514011
0.1625
0.506394
0.125425
0.050657
0.252092
0.0670151
0.662
0.0909239
0.177363
0.112375
0.23778
0.174763
0.0531447
0.486536
0.17311
0.115588
0.54645
0.634314
0.0521997
0.256894
0.662
0.392636
0.16291
0.544851
0.32014
0.12935
0.282617
0.101722
0.6276
0.0500935
0.266276
0.0703732
0.662
0.26032
0.0504644
0.339316
0.642794
0.14487
0.0242387
0.0607705
0.106697
0.107818
0.662
0.284303
0.640722
0.126384
0.662
0.50994
0.0832922
0.102153
0.0360423
0.239723
0.218222
0.108954
0.0484553
0.238667
0.662
0.56062
0.438101
0.135298
0.0708089
0.0586866
0.180189
0.205343
0.0391734
0.662
0.195751
0.314207
0.662
0.396366
0.378233
0.153672
0.0454573
0.662
0.634772
0.0754269
0.0706159
0.618229
0.0615666
0.499591
0.60133
0.410601
0.631827
0.662
0.187244
0.106318
0.0736009
0.177826
0.0769034
0.189438
0.0931022
0.147267
0.177815
0.342071
0.464238
0.662
0.648895
0.156768
0.137677
0.243853
0.317121
0.187578
0.440063
0.148242
0.485889
0.110597
0.1474
0.386782
0.0393553
0.193514
0.14082
0.662
0.548807
0.662
0.301399
0.0276525
0.336436
0.292776
0.0818201
0.0582411
0.0455077
0.405112
0.662
0.241435
0.00212558
0.451473
0.202015
0.186111
0.286126
0.662
0.294337
0.173156
0.177445
0.662
0.208987
0.662
0.0710658
0.264675
0.186419
0.455733
0.138087
0.662
0.270482
0.0568864
0.0907927
0.208707
0.115217
0.0726765
0.0569785
0.206714
0.272928
0.0186294
0.0883646
0.53026
0.171611
0.662
0.231755
0.560369
0.0684367
0.208169
0.434474
0.0948613
0.435532
0.078736
0.158015
0.168873
0.418768
0.219484
0.166916
0.00763485
0.662
0.0764025
0.120723
0.306795
0.239513
0.430497
0.526521
0.117265
0.386911
0.662
0.460727
0.47759
0.255066
0.238132
0.662
0.229613
0.202905
0.411558
0.207457
0.429273
0.0877148
0.0757045
0.135145
0.317202
0.149972
0.40555
0.344488
0.0854338
0.0947973
0.662
0.177926
0.414845
0.00935745
0.116485
0.187345
0.133979
0.589457
0.0572262
0.302812
0.662
0.0359944
0.120115
0.328146
0.278715
0.39604
0.134281
0.222318
0.101206
0.662
0.616137
0.0332998
0.0575956
0.662
0.165295
0.0822709
0.263238
0.425452
0.178109
0.662
0.642573
0.130228
0.1722
0.0331881
0.172075
0.662
0.662
0.108877
0.195796
0.662
0.0970617
0.142417
0.304327
0.106109
0.231536
0.226282
0.290486
0.662
0.662
0.199119
0.395015
0.294357
0.453389
0.0311622
0.518374
0.0848816
0.197313
0.662
0.228216
0.274584
0.21684
0.146626
0.118305
0.13715
0.662
0.289884
0.662
0.419442
0.0840864
0.338703
0.320465
0.118047
0.19219
0.535011
0.249819
0.34491
0.462863
0.662
0.662
0.134527
0.662
0.0259281
0.123538
0.662
0.0108437
0.130499
0.173105
0.0713315
0.623145
0.118891
0.662
0.628843
0.404271
0.238741
0.164526
0.22652
0.274966
0.662
0.138553
0.247318
0.623764
0.196762
0.0963265
0.100671
0.62266
0.121941
0.0105974
0.662
0.662
0.662
0.183059
0.0628317
0.219993
0.662
0.42706
0.128524
0.236161
0.148938
0.264559
0.136496
0.266141
0.230669
0.0916328
0.0526071
0.110206
0.370291
0.0888422
0.251841
0.101671
0.0234358
0.139682
0.212079
0.662
0.10435
0.0492054
0.304558
0.662
0.153091
0.223618
0.18809
0.102144
0.598835
0.230864
0.122846
0.644163
0.467476
0.0759564
0.291007
0.662
0.152311
0.321047
0.0829615
0.0249533
0.213442
0.111342
0.195093
0.0222192
0.604246
0.32807
0.254613
0.463654
0.197231
0.384717
0.662
0.192487
0.323612
0.114557
0.336742
0.505248
0.104591
0.237963
0.147846
0.115834
0.662
0.0681072
0.290537
0.108019
0.264313
0.196261
0.283446
0.570376
0.118933
0.191801
0.127668
0.189507
0.132806
0.0133845
0.642783
0.629887
0.357804
0.506378
0.309178
0.33584
0.245583
0.0743291
0.31219
0.648558
0.00979054
0.00403142
0.662
0.226482
0.22645
0.0904552
0.0803921
0.548249
0.662
0.168296
0.414899
0.662
0.0824632
0.0863912
0.0760032
0.334475
0.0547167
0.0900623
0.662
0.388676
0.51289
0.662
0.662
0.0748571
0.540463
0.078536
0.107905
0.289039
0.0612716
0.166796
0.0899014
0.180793
0.0139757
0.0956995
0.662
0.51268
0.371792
0.131115
0.16123
0.434894
0.211122
0.452904
0.0842345
0.0885201
0.0442132
0.171153
0.547614
0.353103
0.413767
0.270425
0.17195
0.254637
0.662
0.477428
0.096447
0.662
0.245866
0.111227
0.200879
0.662
0.410336
0.662
0.662
0.371125
0.662
0.0745167
0.0969485
0.104407
0.229064
0.662
0.0333506
0.50033
0.201617
0.118679
0.273167
0.104533
0.261915
0.0859428
0.0784089
0.0574761
0.0902109
0.50894
0.0692738
0.662
0.159477
0.183382
0.0799308
0.635992
0.230092
0.500255
0.263987
0.0352582
0.0884448
0.13657
0.662
0.112722
0.124886
0.662
0.0733447
0.662
0.546214
0.206267
0.391495
0.662
0.175487
0.612199
0.300036
0.248013
0.623385
0.0856434
0.372481
0.101379
0.538513
0.602102
0.145841
0.662
0.244221
0.107062
0.172556
0.336633
0.556272
0.0975087
0.0796516
0.245358
0.0919069
0.186392
0.372138
0.0591245
0.203967
0.407721
0.0691785
0.310826
0.101608
0.481775
0.131908
0.140356
0.106358
0.492949
0.662
0.662
0.272043
0.110323
0.662
0.584835
0.141785
0.238925
0.431255
0.104456
0.606726
0.0559488
0.338096
0.662
0.610422
0.220822
0.0382771
0.10645
0.577176
0.662
0.316625
0.181401
0.11678
0.114853
0.0436353
0.662
0.0877306
0.441026
0.211243
0.0492086
0.161555
0.324416
0.153839
0.135007
0.0752923
0.164936
0.213542
0.127137
0.0954389
0.605395
0.246771
0.662
0.413509
0.053601
0.13934
0.621004
0.189994
0.262111
0.0728604
0.0385975
0.0172167
0.0842709
0.191157
0.151029
0.193125
0.112414
0.328013
0.662
0.0567714
0.420832
0.430984
0.0652223
0.067507
0.244311
0.433697
0.288094
0.515889
0.349077
0.231665
0.379705
0.107841
0.161828
0.121666
0.189104
0.105737
0.358759
0.662
0.100665
0.433122
0.0954695
0.573011
0.305123
0.662
0.0620684
0.0928544
0.247461
0.274157
0.0993765
0.347796
0.0866957
0.215532
0.170127
0.662
0.0572882
0.662
0.106789
0.662
0.662
0.171415
0.489636
0.12494
0.217876
0.0804826
0.110767
0.198829
0.264293
0.220857
0.662
0.426583
0.335323
0.127607
0.662
0.662
0.449336
0.50231
0.13082
0.478951
0.0690953
0.0715478
0.431015
0.662
0.0917012
0.0687078
0.0912646
0.302322
0.440007
0.241618
0.237955
0.590852
0.662
0.0683914
0.103696
0.314461
0.315774
0.129815
0.474217
0.200464
0.662
0.662
0.252351
0.320432
0.163086
0.243616
0.0632131
0.286989
0.219549
0.0412507
0.481659
0.188503
0.0854632
0.385028
0.122881
0.1088
0.273007
0.100896
0.154481
0.206857
0.0345893
0.0721418
0.28024
0.143675
0.311817
0.504926
0.185703
0.455621
0.662
0.148786
0.316827
0.253857
0.0760775
0.0876422
0.173526
0.0657912
0.135543
0.186154
0.662
0.461936
0.43372
0.151331
0.0701279
0.345781
0.262166
0.662
0.144748
0.284418
0.0945683
0.0590544
0.072023
0.0788566
0.10205
0.13582
0.226711
0.183827
0.588147
0.258892
0.134738
0.240386
0.177303
0.163288
0.148198
0.143786
0.0725045
0.319286
0.379724
0.514063
0.0910058
0.137755
0.0635256
0.574577
0.257221
0.37894
0.656912
0.434306
0.416374
0.336503
0.662
0.0559663
0.0320662
0.149362
0.662
0.188081
0.159427
0.352196
0.0521635
0.320757
0.0796593
0.336999
0.218443
0.139791
0.0631404
0.140882
0.662
0.558713
0.0317172
0.105032
0.151992
0.109489
0.431524
0.0541086
0.516327
0.587511
0.127382
0.662
0.423879
0.421873
0.314706
0.275815
0.23627
0.360544
0.195305
0.254278
0.507326
0.19689
0.0703745
0.662
0.662
0.0843707
0.1639
0.432154
0.534863
0.154987
0.0280136
0.0930667
0.121365
0.250221
0.662
0.662
0.0761192
0.34497
0.127605
0.662
0.382769
0.153321
0.229246
0.263995
0.390484
0.10889
0.0835371
0.310311
0.0841353
0.662
0.134793
0.662
0.0992407
0.342168
0.360569
0.662
0.226946
0.190868
0.0115172
0.135003
0.088541
0.0554862
0.276336
0.201686
0.0474753
0.169059
0.370405
0.457055
0.137556
0.450714
0.662
0.662
0.591581
0.306647
0.139045
0.214628
0.0966063
0.293445
0.0666481
0.349849
0.206767
0.370182
0.148549
0.236188
0.316798
0.187921
0.09161
0.0619306
0.662
0.254462
0.404896
0.0750927
0.312571
0.629821
0.204165
0.200733
0.464103
0.145594
0.188503
0.200584
0.393781
0.069836
0.071836
0.0715121
0.633047
0.143159
0.472535
0.37692
0.186842
0.0455189
0.555087
0.102851
0.208325
0.135824
0.0704409
0.662
0.199253
0.210652
0.230725
0.238788
0.229366
0.111071
0.508656
0.54874
0.234477
0.662
0.267201
0.531497
0.386586
0.0924115
0.302633
0.201717
0.495409
0.0549618
0.6218
0.182966
0.244944
0.320958
0.23912
0.240658
0.0873498
0.662
0.357655
0.344913
0.591355
0.293434
0.024238
0.662
0.302029
0.0225755
0.0310359
0.464926
0.242721
0.110241
0.295525
0.234001
0.148347
0.265531
0.381131
0.13586
0.0912842
0.235187
0.283123
0.532048
0.0662802
0.406136
0.30845
0.0864976
0.0429481
0.114273
0.662
0.0997953
0.00763304
0.260592
0.0718187
0.0836273
0.294974
0.662
0.0943302
0.662
0.344176
0.290439
0.11908
0.4064
0.21081
0.0986103
0.242827
0.267356
0.223294
0.662
0.0554373
0.656436
0.146638
0.142296
0.438997
0.528996
0.641232
0.662
0.269369
0.170638
0.21106
0.212526
0.14629
0.566068
0.511374
0.179866
0.198165
0.287594
0.131871
0.432709
0.662
0.358103
0.172785
0.0635718
0.105495
0.326901
0.662
0.0951369
0.260456
0.00174805
0.114666
0.19535
0.0500994
0.311697
0.543514
0.331704
0.232805
0.172215
0.300573
0.494141
0.662
0.0686877
0.0802316
0.662
0.465054
0.219619
0.227325
0.105245
0.255896
0.588955
0.376244
0.162448
0.390885
0.130309
0.0887454
0.356981
0.145751
0.337614
0.370363
0.152528
0.662
0.348526
0.0701747
0.29328
0.387579
0.0286095
0.163309
0.133359
0.0697705
0.435591
0.106224
0.533515
0.217661
0.405129
0.662
0.122034
0.0634798
0.250641
0.662
0.0870234
0.662
0.0626038
0.253711
0.239614
0.0819473
0.36469
0.122522
0.19713
0.127445
0.192548
0.111168
0.0952354
0.662
0.46043
0.226897
0.259988
0.472453
0.662
0.198017
0.520774
0.523273
0.0913514
0.362206
0.180286
0.03951
0.343685
0.170058
0.0933149
0.0916825
0.136856
0.107303
0.358138
0.349974
0.168142
0.291598
0.662
0.190188
0.662
0.249248
0.0503932
0.135128
0.248453
0.662
0.0703269
0.116104
0.100577
0.127695
0.403594
0.0784153
0.489882
0.0503408
0.662
0.0703446
0.224981
0.213913
0.151203
0.662
0.313981
0.242373
0.210421
0.108982
0.195371
0.187825
0.0586074
0.10862
0.18028
0.146685
0.130558
0.449586
0.0572853
0.283281
0.464376
0.222612
0.662
0.197713
0.125358
0.662
0.430902
0.049182
0.582047
0.662
0.43309
0.076423
0.290119
0.26815
0.0597934
0.662
0.104298
0.341267
0.114633
0.437501
0.137529
0.111432
0.120032
0.502293
0.446642
0.091918
0.273372
0.421848
0.662
0.662
0.662
0.255089
0.134494
0.22093
0.330302
0.573842
0.240641
0.0830787
0.388381
0.287552
0.137706
0.187924
0.390774
0.066495
0.0946644
0.662
0.0561192
0.179119
0.662
0.48417
0.139205
0.408085
0.222107
0.117834
0.662
0.0368554
0.662
0.662
0.0925665
0.114217
0.465603
0.0958398
0.467461
0.239175
0.662
0.330636
0.312276
0.478792
0.265315
0.27869
0.307121
0.540381
0.112519
0.138919
0.0210232
0.482203
0.662
0.104283
0.110667
0.104066
0.342365
0.138148
0.0822259
0.101706
0.226826
0.0939526
0.257476
0.0473773
0.209617
0.064051
0.662
0.0348846
0.633005
0.335056
0.269187
0.250173
0.386627
0.662
0.28312
0.244279
0.107504
0.348793
0.300386
0.238203
0.109344
0.120168
0.311424
0.338724
0.000478152
0.0634165
0.153889
0.177989
0.662
0.662
0.0372215
0.136395
0.662
0.133147
0.254934
0.295362
0.0485121
0.18987
0.311548
0.137601
0.458741
0.0336472
0.121575
0.38624
0.144221
0.0927943
0.24482
0.662
0.0571055
0.239007
0.0568282
0.662
0.320475
0.662
0.173272
0.123074
0.0408035
0.236336
0.0326723
0.110615
0.552023
0.54718
0.0995518
0.192633
0.0530065
0.0816313
0.0942829
0.256869
0.247934
0.101897
0.0672025
0.0586293
0.211487
0.266466
0.406856
0.288931
0.0338483
0.662
0.0720407
0.178099
0.185728
0.662
0.551521
0.248325
0.141087
0.662
0.122353
0.0563542
0.567694
0.115612
0.45739
0.662
0.132507
0.662
0.338321
0.203404
0.158409
0.317936
0.276758
0.415478
0.270694
0.137508
0.662
0.36784
0.662
0.160345
0.222726
0.305617
0.132831
0.322384
0.242204
0.662
0.662
0.00851577
0.18135
0.118435
0.563854
0.306169
0.177509
0.458068
0.274892
0.662
0.178768
0.662
0.401722
0.154387
0.134866
0.229853
0.0848745
0.4532
0.364235
0.662
0.647714
0.389893
0.662
0.111468
0.662
0.374827
0.0948392
0.333947
0.514311
0.1618
0.662
0.10175
0.353403
0.360593
0.130492
0.535357
0.059788
0.166661
0.124527
0.476168
0.662
0.640279
0.0597072
0.662
0.662
0.36051
0.284427
0.320844
0.293968
0.0743785
0.662
0.437604
0.237604
0.0536806
0.662
0.450773
0.511577
0.0857288
0.107267
0.102125
0.21958
0.119399
0.222634
0.287554
0.123377
0.662
0.10824
0.662
0.0648772
0.662
0.662
0.662
0.662
0.207234
0.435809
0.381225
0.0618942
0.662
0.167313
0.279098
0.399512
0.662
0.0869036
0.662
0.662
0.662
0.331663
0.169681
0.21315
0.10558
0.662
0.0595319
0.165055
0.292731
0.328613
0.288915
0.0664355
0.306722
0.607382
0.0572095
0.662
0.662
0.0830248
0.137983
0.42051
0.662
0.624669
0.567348
0.662
0.188908
0.662
0.372996
0.103138
0.0811455
0.18003
0.255392
0.268689
0.433937
0.0693124
0.167393
0.191282
0.0908317
0.662
0.360063
0.0469408
0.0248967
0.137511
0.151532
0.202963
0.273856
0.380324
0.151943
0.231829
0.662
0.0859171
0.0990649
0.0723428
0.430407
0.16434
0.177268
0.395168
0.460853
0.662
0.127799
0.0751073
0.662
0.101127
0.351616
0.385992
0.102392
0.0458363
0.158708
0.0462589
0.662
0.0312013
0.596304
0.524682
0.105808
0.0475872
0.153531
0.331757
0.412336
0.0907288
0.115551
0.554596
0.323677
0.452739
0.351131
0.321557
0.130276
0.246728
0.266052
0.0103435
0.570664
0.0877456
0.122582
0.263819
0.556359
0.250073
0.0941936
0.0569726
0.0620471
0.662
0.164481
0.433032
0.173933
0.662
0.350891
0.238302
0.128555
0.0370205
0.239416
0.270593
0.46879
0.428386
0.293738
0.299295
0.218643
0.662
0.294702
0.662
0.591409
0.588149
0.13782
0.312642
0.199781
0.0552681
0.148789
0.0857403
0.0652625
0.321151
0.662
0.599645
0.115162
0.662
0.653011
0.442775
0.126707
0.662
0.344235
0.169701
0.0336555
0.645996
0.497702
0.104265
0.662
0.116035
0.0596777
0.662
0.59954
0.370788
0.236736
0.17928
0.0818799
0.662
0.148623
0.111182
0.367952
0.361118
0.151845
0.21972
0.662
0.0663051
0.425336
0.175698
0.382826
0.25099
0.662
0.10297
0.0496839
0.182759
0.662
0.528955
0.339903
0.0464007
0.027453
0.281278
0.347514
0.369606
0.662
0.0971363
0.519728
0.292106
0.172112
0.662
0.530886
0.135186
0.542075
0.662
0.180422
0.327724
0.134692
0.166994
0.229913
0.61656
0.449299
0.153717
0.238284
0.179987
0.0225535
0.120292
0.492343
0.27444
0.195046
0.334716
0.343051
0.177297
0.214314
0.560446
0.561855
0.540897
0.0517286
0.150856
0.662
0.662
0.143041
0.161164
0.161854
0.191243
0.473283
0.662
0.162353
0.283368
0.662
0.126474
0.137103
0.40685
0.151348
0.662
0.633694
0.0827577
0.213949
0.26587
0.389009
0.0345524
0.106198
0.0829514
0.0182648
0.0627429
0.655367
0.662
0.658877
0.153341
0.270621
0.0566596
0.0857821
0.1005
0.130871
0.326662
0.116516
0.297798
0.399638
0.0725451
0.204983
0.386673
0.457048
0.199097
0.0104151
0.136767
0.662
0.155969
0.142032
0.239731
0.0541005
0.229989
0.104257
0.179905
0.106384
0.447194
0.485636
0.550119
0.191605
0.662
0.662
0.106656
0.221122
0.662
0.109843
0.128236
0.120182
0.359551
0.0943264
0.325912
0.0290217
0.272915
0.358255
0.424583
0.662
0.15455
0.0173274
0.260752
0.00121669
0.528333
0.251247
0.360304
0.432416
0.0548309
0.192187
0.064369
0.662
0.330943
0.258407
0.596541
0.662
0.662
0.136588
0.0756524
0.242695
0.357985
0.662
0.662
0.566623
0.26385
0.344236
0.180034
0.103028
0.20065
0.0625659
0.117078
0.662
0.24076
0.470694
0.40469
0.0784861
0.101923
0.126379
0.166413
0.00999053
0.0392578
0.221438
0.0697529
0.662
0.185098
0.662
0.0325487
0.130449
0.116448
0.447467
0.00639892
0.429375
0.148663
0.308211
0.224369
0.0464499
0.189636
0.0645781
0.0832599
0.501711
0.185846
0.199402
0.0713663
0.210547
0.28279
0.295958
0.0612722
0.0346037
0.0580559
0.0782033
0.463858
0.15315
0.552775
0.525695
0.29406
0.153781
0.321701
0.286544
0.404825
0.0805165
0.512487
0.0787502
0.0891558
0.436565
0.114899
0.662
0.427855
0.503526
0.662
0.189679
0.0948944
0.662
0.0605432
0.0541653
0.121206
0.466706
0.201014
0.0603519
0.297752
0.0522801
0.0862204
0.408843
0.198733
0.254362
0.444196
0.662
0.400791
0.408933
0.662
0.100628
0.254477
0.363316
0.662
0.125291
0.191861
0.489048
0.0881566
0.565799
0.136129
0.422096
0.476084
0.102632
0.662
0.210053
0.381062
0.122927
0.207025
0.431512
0.0841907
0.58079
0.166123
0.374394
0.140162
0.0871967
0.201443
0.145405
0.252523
0.207744
0.190573
0.58763
0.454725
0.279116
0.184527
0.274462
0.366816
0.662
0.128636
0.662
0.526622
0.129976
0.662
0.228834
0.336612
0.0324131
0.254461
0.223157
0.165734
0.620232
0.263736
0.222509
0.332707
0.470356
0.344927
0.117895
0.376717
0.0544564
0.613296
0.561786
0.134192
0.603092
0.1549
0.326678
0.132543
0.62766
0.662
0.251394
0.0854691
0.369813
0.326387
0.0524702
0.514626
0.127385
0.0580891
0.0723669
0.183549
0.199706
0.0561105
0.662
0.136188
0.269137
0.662
0.159546
0.338686
0.211683
0.662
0.117301
0.130348
0.0828529
0.343789
0.662
0.260507
0.140291
0.662
0.07414
0.332697
0.517848
0.377904
0.111347
0.0755713
0.371147
0.610851
0.188285
0.662
0.177789
0.119024
0.0188833
0.118356
0.662
0.662
0.23908
0.0605573
0.209781
0.0866397
0.393185
0.0480496
0.21187
0.305638
0.29992
0.0799348
0.108861
0.120415
0.416687
0.360174
0.120219
0.450777
0.025978
0.116332
0.169931
0.0436886
0.06456
0.332408
0.22996
0.264445
0.111522
0.123627
0.0111236
0.0807255
0.0819415
0.143371
0.521831
0.522742
0.0647827
0.662
0.0376795
0.475936
0.460176
0.0273191
0.162872
0.630392
0.0418031
0.424479
0.0797401
0.0922868
0.258246
0.365482
0.425276
0.136293
0.101138
0.504387
0.115912
0.662
0.288423
0.305106
0.198603
0.1211
0.327707
0.0983216
0.451914
0.580785
0.100729
0.662
0.122397
0.662
0.662
0.152932
0.662
0.0508393
0.194528
0.0951052
0.662
0.347437
0.478024
0.614324
0.0726592
0.654174
0.0874598
0.0456923
0.126104
0.221942
0.329338
0.126906
0.662
0.11776
0.627531
0.483925
0.324518
0.0675254
0.274838
0.30852
0.188405
0.168999
0.186668
0.0857054
0.085056
0.0886242
0.299968
0.658718
0.544592
0.241592
0.662
0.214693
0.603027
0.394331
0.253851
0.0814712
0.280918
0.348437
0.394584
0.662
0.423038
0.0909497
0.197105
0.219806
0.188926
0.145623
0.169339
0.447924
0.144378
0.347941
0.339648
0.421088
0.662
0.21736
0.0818366
0.662
0.436278
0.368682
0.208587
0.267707
0.214224
0.401119
0.293136
0.413374
0.105811
0.54655
0.467771
0.291277
0.275708
0.0817601
0.289368
0.662
0.0696579
0.0564198
0.174829
0.37928
0.333429
0.347144
0.568958
0.144837
0.147465
0.148383
0.517419
0.0500102
0.304901
0.367525
0.31279
0.139422
0.405739
0.108208
0.310787
0.113275
0.377101
0.472888
0.302099
0.245667
0.148103
0.503736
0.662
0.0513751
0.157038
0.0475907
0.662
0.662
0.558699
0.639542
0.265506
0.395746
0.312697
0.0761594
0.294036
0.407449
0.00643431
0.0277625
0.662
0.165469
0.662
0.662
0.113867
0.124398
0.467079
0.0794488
0.103945
0.215975
0.116189
0.217372
0.478863
0.125924
0.0553383
0.20443
0.154255
0.200168
0.395229
0.0543312
0.403855
0.054126
0.17102
0.245667
0.226255
0.0363306
0.662
0.136941
0.0698223
0.662
0.258634
0.662
0.662
0.11392
0.208611
0.0545616
0.662
0.39267
0.39916
0.176994
0.0220353
0.107419
0.285336
0.662
0.0916821
0.13892
0.298117
0.321192
0.662
0.0760633
0.169479
0.288847
0.275096
0.00117367
0.0906549
0.225279
0.591656
0.1534
0.221301
0.0600785
0.105481
0.662
0.662
0.218129
0.591322
0.266497
0.0448994
0.243554
0.293294
0.662
0.117925
0.600848
0.633391
0.0935478
0.0555821
0.618405
0.0425541
0.137104
0.662
0.146396
0.318278
0.0700554
0.218823
0.116525
0.0483901
0.103225
0.14725
0.450746
0.0568727
0.481768
0.0332726
0.662
0.217553
0.133143
0.594026
0.0860941
0.124419
0.219759
0.163142
0.505887
0.180607
0.0445538
0.204632
0.0741531
0.267457
0.234295
0.266101
0.0997125
0.254613
0.47428
0.581892
0.108565
0.526584
0.0856909
0.125094
0.115199
0.0521178
0.662
0.117376
0.565013
0.662
0.210234
0.134286
0.511636
0.222465
0.327011
0.662
0.62607
0.0452642
0.19477
0.0808788
0.444384
0.564482
0.373156
0.662
0.0286095
0.056543
0.662
0.33855
0.229193
0.460623
0.314734
0.318312
0.122399
0.0927368
0.0633357
0.418548
0.0209565
0.40238
0.0307094
0.427666
0.0458012
0.651353
0.217485
0.390718
0.114252
0.662
0.166102
0.478246
0.662
0.215127
0.0147057
0.354752
0.0643019
0.490654
0.0697014
0.662
0.109308
0.0830256
0.0203317
0.207068
0.20553
0.114403
0.539656
0.275159
0.422275
0.141332
0.168152
0.113011
0.455474
0.109379
0.00798724
0.0373111
0.391571
0.115991
0.662
0.26805
0.481997
0.662
0.104291
0.662
0.617881
0.27197
0.182721
0.212728
0.0830715
0.098345
0.204905
0.434288
0.199113
0.165296
0.488118
0.662
0.61387
0.106331
0.195244
0.129466
0.0518196
0.0870168
0.46199
0.662
0.119482
0.11775
0.13852
0.169205
0.0279178
0.662
0.662
0.468169
0.148484
0.662
0.555382
0.306236
0.0689435
0.391727
0.285494
0.131182
0.145937
0.159088
0.420775
0.530929
0.0887683
0.320481
0.267045
0.471965
0.141156
0.0547147
0.0898947
0.0758787
0.0835065
0.662
0.204462
0.166353
0.0939789
0.0997659
0.0813911
0.548211
0.00779633
0.474532
0.121608
0.662
0.662
0.25609
0.238323
0.251553
0.231729
0.662
0.0827753
0.274457
0.246868
0.155049
0.218169
0.662
0.12972
0.28281
0.521081
0.0482021
0.0306542
0.247087
0.202609
0.326337
0.458313
0.138807
0.0993775
0.0661126
0.0392472
0.662
0.0836925
0.233875
0.102317
0.662
0.1484
0.0929503
0.080804
0.0640425
0.113186
0.1665
0.662
0.578118
0.63016
0.315461
0.662
0.153875
0.0537758
0.529075
0.180882
0.432742
0.199241
0.238745
0.42613
0.662
0.219187
0.104029
0.292764
0.390397
0.12139
0.106796
0.0792999
0.117266
0.116572
0.0481479
0.662
0.155449
0.125284
0.0440307
0.159595
0.400852
0.662
0.445154
0.046921
0.106008
0.0881334
0.413427
0.260514
0.139204
0.662
0.0946459
0.109684
0.283814
0.662
0.350112
0.183298
0.65202
0.18051
0.340964
0.320926
0.0271287
0.0283235
0.0606677
0.0667741
0.0948992
0.0930501
0.185137
0.242061
0.662
0.293544
0.374895
0.607369
0.17416
0.177807
0.157072
0.110719
0.293889
0.0844033
0.568265
0.337079
0.0938727
0.141184
0.291312
0.255154
0.0373296
0.191017
0.251144
0.0925617
0.347813
0.0673217
0.0944133
0.206141
0.0752018
0.403931
0.45185
0.304406
0.0855043
0.35108
0.177019
0.014608
0.662
0.123152
0.662
0.282885
0.662
0.117643
0.0518911
0.218043
0.662
0.463612
0.107131
0.528614
0.662
0.0717609
0.0615042
0.0376089
0.179063
0.203926
0.569575
0.265453
0.200738
0.358723
0.0355221
0.228937
0.00914511
0.116206
0.392441
0.171023
0.0906916
0.236887
0.175064
0.662
0.151028
0.662
0.0269642
0.662
0.13239
0.0408445
0.10641
0.0495076
0.28416
0.136519
0.369222
0.0853164
0.0615512
0.428252
0.402547
0.662
0.0935983
0.4305
0.162857
0.209831
0.315144
0.65894
0.19471
0.279229
0.477136
0.114836
0.662
0.23103
0.662
0.662
0.662
0.141749
0.0175078
0.223337
0.576746
0.508073
0.267603
0.172053
0.265445
0.421167
0.614722
0.305302
0.26659
0.0793141
0.273634
0.0844086
0.169803
0.263791
0.662
0.125505
0.100123
0.335991
0.383481
0.378348
0.158458
0.26336
0.0689214
0.449067
0.15889
0.493369
0.515401
0.0976085
0.404958
0.607836
0.0646242
0.401134
0.17937
0.0518204
0.0715266
0.195322
0.586393
0.368519
0.461573
0.199617
0.132819
0.662
0.271383
0.662
0.172928
0.0667515
0.376389
0.105157
0.00753892
0.43181
0.662
0.662
0.0615182
0.21175
0.662
0.0934157
0.217922
0.275778
0.250316
0.13426
0.662
0.202323
0.415618
0.0779827
0.662
0.0733028
0.662
0.252267
0.662
0.0475737
0.662
0.208725
0.374007
0.0877416
0.248633
0.662
0.197924
0.207855
0.662
0.0643034
0.23871
0.189304
0.158398
0.0750984
0.20632
0.0208605
0.662
