0.113802
0.181486
0.176635
0.208428
0.662
0.221169
0.472521
0.588937
0.280072
0.350227
0.167285
0.46886
0.232455
0.0773515
0.433748
0.158339
0.184535
0.341352
0.0625408
0.121103
0.652249
0.0428998
0.456187
0.123939
0.11322
0.541153
0.662
0.333531
0.196868
0.460341
0.130865
0.165349
0.0477253
0.320612
0.114033
0.662
0.0424525
0.182517
0.503625
0.662
0.160585
0.392465
0.2294
0.144418
0.443737
0.129768
0.0696088
0.172896
0.27642
0.0910994
0.0706676
0.30203
0.24617
0.137519
0.326372
0.127368
0.279651
0.0646676
0.334949
0.520697
0.361755
0.283441
0.435129
0.615999
0.662
0.140843
0.243304
0.409954
0.154351
0.127939
0.558213
0.146554
0.400142
0.596213
0.277422
0.255311
0.255348
0.463003
0.107691
0.366159
0.481654
0.0324773
0.626977
0.10248
0.662
0.53931
0.193817
0.106846
0.380498
0.325227
0.0583186
0.371252
0.153046
0.152165
0.130587
0.625356
0.0302094
0.568309
0.662
0.244353
0.00993477
0.459678
0.661727
0.448823
0.562469
0.485896
0.126443
0.195845
0.313631
0.0878826
0.293734
0.289764
0.0766115
0.266034
0.207965
0.168611
0.0511641
0.0772184
0.408277
0.18753
0.504444
0.662
0.152664
0.105819
0.637854
0.188325
0.0937058
0.377258
0.0524219
0.662
0.365571
0.363709
0.00956923
0.169146
0.0519243
0.0641804
0.405909
0.212102
0.308201
0.39456
0.19329
0.0941301
0.0232753
0.51347
0.441604
0.241314
0.250195
0.127567
0.385135
0.181827
0.262616
0.583898
0.163826
0.07245
0.382083
0.583846
0.631402
0.379191
0.248897
0.0415585
0.140122
0.605719
0.396314
0.305363
0.313691
0.058778
0.358349
0.6044
0.627958
0.662
0.662
0.00954
0.111071
0.096398
0.19409
0.44352
0.383227
0.469366
0.0240624
0.475296
0.249816
0.0689774
0.188129
0.417308
0.471922
0.130793
0.662
0.0028282
0.10316
0.140909
0.30422
0.442185
0.254247
0.626558
0.230103
0.363439
0.331108
0.504248
0.662
0.527077
0.471841
0.10135
0.103616
0.0850758
0.367207
0.305291
0.662
0.147264
0.294177
0.0713033
0.502347
0.3328
0.444023
0.0649709
0.662
0.369846
0.426826
0.608461
0.523422
0.472353
0.28634
0.583303
0.288026
0.0850219
0.662
0.128899
0.662
0.256671
0.0738906
0.357636
0.481402
0.26871
0.0581897
0.0621596
0.0827135
0.450833
0.272174
0.1525
0.0912786
0.444515
0.0541478
0.0846848
0.0474392
0.110494
0.0799384
0.249355
0.110218
0.215974
0.0127683
0.469393
0.107382
0.125251
0.631798
0.618326
0.0768242
0.275624
0.0741263
0.619339
0.149622
0.645878
0.0959007
0.614924
0.292149
0.560698
0.395674
0.0882509
0.149975
0.415477
0.208926
0.078237
0.146139
0.0209857
0.250736
0.355344
0.644019
0.245168
0.559235
0.272105
0.570783
0.259791
0.229959
0.434105
0.154811
0.353244
0.0405605
