0.29588
0.0703701
0.173603
0.423666
0.532685
0.662
0.290244
0.154826
0.214721
0.495963
0.21637
0.0421501
0.102008
0.405333
0.0777602
0.321173
0.164074
0.379576
0.22765
0.0392251
0.299628
0.193657
0.169334
0.110968
0.0668848
0.297452
0.662
0.192926
0.337641
0.513664
0.369142
0.233941
0.292313
0.352203
0.0627414
0.0521062
0.359871
0.0989795
0.249883
0.535543
0.0870535
0.123736
0.215346
0.166216
0.0737718
0.489574
0.0738124
0.313394
0.112263
0.284385
0.525881
0.662
0.516809
0.13644
0.112993
0.148563
0.653223
0.225638
0.0650178
0.212433
0.662
0.59564
0.125049
0.662
0.0750247
0.662
0.179269
0.104474
0.321006
0.182191
0.445242
0.432447
0.369825
0.0769537
0.25612
0.0102843
0.218935
0.370215
0.0680443
0.0340012
0.335596
0.0941536
0.369555
0.0648707
0.491724
0.508495
0.662
0.127682
0.161148
0.421863
0.617354
0.296841
0.0296365
0.344415
0.0797443
0.296087
0.121613
0.40722
0.662
0.252178
0.552323
0.163831
0.662
0.156529
0.10849
0.454292
0.107521
0.309591
0.382542
0.0946737
0.32333
0.0922352
0.344488
0.486825
0.407193
0.143817
0.300207
0.117753
0.0384252
0.42626
0.0401928
0.503276
0.113516
0.622787
0.504314
0.212146
0.178848
0.131436
0.662
0.174714
0.258566
0.0607104
0.28191
0.158798
0.0205486
0.347124
0.0952231
0.574188
0.0366523
0.169905
0.378085
0.55852
0.218476
0.472032
0.0734376
0.142263
0.432203
0.662
0.0129563
0.147225
0.066325
0.106951
0.174717
0.0529456
0.525794
0.236285
0.312671
0.30887
0.125667
0.486123
0.177511
0.662
0.298188
0.285419
0.270187
0.382971
0.0609179
0.24509
0.164315
0.488239
0.156989
0.303226
0.0756865
0.0654561
0.26434
0.14421
0.517749
0.173109
0.152345
0.402773
0.229086
0.0550329
0.333777
0.499034
0.493885
0.0956139
0.110244
0.172592
0.662
0.0453269
0.105692
0.0961236
0.247527
0.662
0.139203
0.382374
0.343225
0.0724099
0.114414
0.0754115
0.0816776
0.184427
0.0831148
0.39103
0.128646
0.370271
0.196252
0.531521
0.315813
0.446394
0.209158
0.0714832
0.387048
0.64442
0.0902763
0.141582
0.19955
0.133027
0.146228
0.0698498
0.414424
0.378379
0.295448
0.0372799
0.310354
0.163831
0.662
0.221098
0.278865
0.042762
0.215745
0.140313
0.451324
0.245922
0.319764
0.401872
0.662
0.662
0.662
0.168813
0.206157
0.094317
0.662
0.662
0.327308
0.229052
0.378431
0.250384
0.122839
0.306704
0.33497
0.662
0.0663799
0.115637
0.195374
0.224014
0.188423
0.614669
0.207077
0.0848062
0.294954
0.662
0.10588
0.646034
0.536761
0.662
0.368389
0.139315
0.30941
0.104818
0.662
0.150345
0.0733518
0.0489254
0.121162
0.0856303
0.49212
0.662
0.662
0.123753
0.162003
0.122815
0.121747
0.461758
0.1143
0.458517
0.598104
0.662
0.140835
0.142259
0.585897
0.195478
0.0705046
0.65916
0.36366
0.662
0.497422
0.662
0.00817649
0.0756794
0.0597132
0.191365
0.145387
0.118843
0.528817
0.257214
0.39149
0.459393
0.0984303
0.363648
0.211274
0.128697
0.116093
0.15949
0.662
0.123783
0.455248
0.523368
0.331555
0.11718
0.24543
0.145045
0.0671487
0.133084
0.629813
0.0985821
0.662
0.106371
0.616766
0.259844
0.204386
0.00453984
0.662
0.268019
0.169344
0.139013
0.178288
0.662
0.100825
0.151112
0.125605
0.181704
0.425493
0.0562287
0.353181
0.0674314
0.0979754
0.380035
0.531145
0.454162
0.0167267
0.391628
0.0726756
0.121302
0.662
0.592476
0.215957
0.299222
0.45189
0.180301
0.170137
0.0795757
0.126494
0.411938
0.248317
0.415272
0.662
0.662
0.193417
0.231828
0.204352
0.184663
0.365841
0.0993016
0.302176
0.0954871
0.374616
0.233175
0.239647
0.662
0.662
0.259198
0.457756
0.197391
0.329837
0.242331
0.555481
0.0412269
0.0487142
0.662
0.243976
0.0370007
0.662
0.565748
0.135092
0.321272
0.404284
0.0887805
0.059241
0.225028
0.195012
0.18348
0.662
0.0340983
0.0519207
0.662
0.113333
0.504702
0.244586
0.0773336
0.139857
0.414584
0.163957
0.0824802
0.398059
0.636563
0.662
0.307318
0.188147
0.662
0.184137
0.146358
0.281357
0.546729
0.266275
0.0271741
0.0515374
0.405243
0.101074
0.409209
0.662
0.662
0.410957
0.102213
0.103129
0.662
0.147991
0.288141
0.4293
0.142728
0.119822
0.662
0.223595
0.100782
0.189953
0.180658
0.0811118
0.129554
0.14249
0.285393
0.662
0.118274
0.662
0.163126
0.103786
0.58848
0.662
0.104312
0.453104
0.0592002
0.23372
0.23075
0.21455
0.131168
0.278981
0.109071
0.276727
0.26008
0.17767
0.662
0.183062
0.205259
0.0654732
0.055623
0.186273
0.0724168
0.365213
0.662
0.203904
0.0913491
0.662
0.518783
0.662
0.561559
0.384318
0.444485
0.185046
0.0794439
0.229881
0.0298778
0.365268
0.182987
0.120776
0.0980038
0.662
0.162709
0.533962
0.192547
0.0513805
0.178937
0.641122
0.202796
0.0873808
0.0621395
0.120887
0.507775
0.521303
0.328113
0.234246
0.272556
0.0614642
0.0735512
0.291769
0.662
0.0805767
0.662
0.268069
0.146544
0.239398
0.55606
0.0463261
0.445934
0.427347
0.152765
0.00214956
0.0816511
0.103294
0.0703458
0.115244
0.662
0.461853
0.120225
0.301986
0.0416832
0.463975
0.0907798
0.0646999
0.319228
0.594595
0.166641
0.276475
0.0648182
0.160344
0.662
0.477611
0.165352
0.662
0.14487
0.241146
0.509004
0.124532
0.373658
0.202737
0.148077
0.0463579
0.411166
0.0249118
0.158535
0.312636
0.271317
0.594929
0.238854
0.52316
0.385268
0.147266
0.198347
0.0660993
0.184467
0.0936777
0.277133
0.36597
0.20914
0.225934
0.142199
0.415628
0.0581787
0.133692
0.413834
0.536887
0.487576
0.0790249
0.103756
0.662
0.308447
0.230591
0.15558
0.106166
0.299293
0.0996396
0.0322178
0.0689965
0.662
0.170817
0.208574
0.125457
0.0596792
0.201734
0.662
0.243882
0.569274
0.175247
0.0805097
0.299772
0.0685254
0.394811
0.095203
0.0588378
0.265839
0.100259
0.124377
0.662
0.205728
0.183291
0.0573682
0.28622
0.196021
0.576087
0.329954
0.111052
0.611491
0.434024
0.234508
0.370032
0.193515
0.08914
0.0329981
0.18129
0.662
0.246245
0.662
0.262388
0.106187
0.201864
0.101779
0.131689
0.0694879
0.0800069
0.181267
0.273277
0.226088
0.298331
0.128555
0.143665
0.07634
0.14438
0.354373
0.502032
0.187656
0.044197
0.436143
0.543077
0.128701
0.123218
0.0268372
0.451843
0.338721
0.662
0.662
0.0352722
0.168545
0.320432
0.0370481
0.435098
0.0648765
0.216493
0.278428
0.323557
0.0764374
0.430888
0.0963784
0.268381
0.0994662
0.647309
0.271696
0.18724
0.383127
0.173634
0.662
0.0121272
0.121246
0.121486
0.35975
0.43248
0.310575
0.220692
0.662
0.318223
0.303382
0.250826
0.0695357
0.15278
0.349049
0.13452
0.105328
0.0664073
0.626725
0.117688
0.19417
0.574072
0.151749
0.122393
0.318995
0.358669
0.19566
0.243122
0.121381
0.662
0.1173
0.0735748
0.197892
0.319001
0.662
0.264407
0.233257
0.471229
0.112977
0.360287
0.0477644
0.140952
0.309073
0.231634
0.662
0.330861
0.477829
0.19226
0.0310456
0.506834
0.272994
0.105195
0.103073
0.404664
0.116679
0.0714843
0.174576
0.103495
0.662
0.101226
0.400805
0.463744
0.662
0.346241
0.135769
0.461155
0.519053
0.662
0.0988783
0.146886
0.0635875
0.0765483
0.662
0.662
0.214926
0.0773745
0.0487087
0.424449
0.362959
0.19975
0.389024
0.268233
0.119152
0.153014
0.11252
0.662
0.523938
0.0783124
0.047153
0.0888723
0.125934
0.152075
0.449771
0.1157
0.135705
0.123977
0.0845319
0.0611003
0.0651391
0.0472578
0.304569
0.128028
0.200513
0.143312
0.300579
0.662
0.0938009
0.292543
0.662
0.0499208
0.662
0.100273
0.286804
0.0302013
0.662
0.0819322
0.154739
0.112524
0.0881542
0.120019
0.479247
0.413039
0.0799653
0.259334
0.207144
0.662
0.189296
0.127411
0.0542722
0.377593
0.0862991
0.179269
0.662
0.0921653
0.13838
0.566286
0.0681048
0.11805
0.0752481
0.0919161
0.0528479
0.162655
0.211684
0.211065
0.0511406
0.163507
0.310578
0.154248
0.251615
0.138433
0.299344
0.0762248
0.103495
0.0441176
0.151642
0.195729
0.0657051
0.0677377
0.595532
0.121313
0.554105
0.414106
0.551382
0.0351715
0.121865
0.380458
0.209934
0.226487
0.123723
0.109495
0.117844
0.662
0.19257
0.662
0.250128
0.189836
0.322528
0.284249
0.250581
0.128999
0.0685866
0.662
0.29517
0.152683
0.341257
0.301859
0.200108
0.349886
0.195359
0.210564
0.191603
0.482682
0.662
0.0693299
0.459646
0.403588
0.662
0.123928
0.177754
0.199191
0.0953821
0.154863
0.0519915
0.0554799
0.0712322
0.514263
0.258204
0.0913491
0.236786
0.341301
0.152102
0.160489
0.0727769
0.0716568
0.0679449
0.326193
0.140333
0.30974
0.485526
0.238899
0.195797
0.355964
0.662
0.152251
0.662
0.085325
0.12837
0.123713
0.0434094
0.139275
0.188876
0.259527
0.206358
0.662
0.108518
0.127175
0.249327
0.168842
0.288037
0.0693731
0.0605539
0.260158
0.115815
0.0961455
0.662
0.511939
0.126862
0.31793
0.408181
0.0934977
0.662
0.119871
0.186952
0.156249
0.0315676
0.187917
0.0977268
0.31269
0.164204
0.22766
0.0380159
0.13459
0.300511
0.3425
0.0404358
0.0562005
0.0536867
0.174077
0.310984
0.101168
0.0622185
0.25836
0.0604327
0.0246344
0.354413
0.358802
0.0842244
0.446839
0.129061
0.388478
0.662
0.109056
0.226384
0.662
0.58726
0.0268457
0.662
0.331755
0.657761
0.423401
0.662
0.0442525
0.0554455
0.0632828
0.337002
0.120838
0.335614
0.388754
0.0655554
0.210368
0.0982557
0.06243
0.209536
0.182443
0.00504444
0.11511
0.152089
0.266902
0.118476
0.273967
0.429124
0.18091
0.309522
0.21803
0.130259
0.283272
0.0639984
0.0687547
0.565033
0.00891233
0.0222801
0.225716
0.0825126
0.299591
0.220836
0.488688
0.523297
0.0409785
0.150321
0.383741
0.346889
0.0648949
0.448586
0.0767973
0.529678
0.223811
0.121354
0.571122
0.64007
0.517395
0.0576173
0.299189
0.118089
0.303598
0.155981
0.0600798
0.565028
0.109922
0.0605335
0.0973908
0.184207
0.185943
0.0700493
0.0988714
0.0592921
0.0807158
0.417735
0.0937926
0.364962
0.095896
0.319114
0.125376
0.260853
0.251358
0.502028
0.0870684
0.662
0.101839
0.302702
0.461035
0.139357
0.210786
0.662
0.491241
0.14246
0.166018
0.662
0.112649
0.513051
0.268473
0.121747
0.134247
0.22471
0.416074
0.444585
0.0507889
0.382339
0.170498
0.437296
0.189282
0.585904
0.662
0.178245
0.0287426
0.0225447
0.0951294
0.126123
0.201967
0.33244
0.440284
0.378147
0.422357
0.239232
0.139002
0.0141282
0.0516784
0.180524
0.662
0.084251
0.342501
0.180165
0.0384542
0.0919726
0.662
0.248305
0.0371183
0.326906
0.339448
0.00928072
0.373028
0.306511
0.0545879
0.662
0.382131
0.321721
0.202232
0.178679
0.662
0.114482
0.163733
0.632002
0.448173
0.166926
0.0860817
0.647554
0.559301
0.129547
0.363956
0.0995268
0.19124
0.313718
0.103461
0.0589878
0.434103
0.0257532
0.55442
0.0149255
0.164752
0.0828908
0.484651
0.378109
0.117243
0.430475
0.12798
0.138133
0.400945
0.0887216
0.231832
0.0412377
0.134374
0.0945646
0.0866612
0.161401
0.227536
0.662
0.0578627
0.662
0.421443
0.299332
0.425654
0.0442147
0.486616
0.468629
0.139496
0.662
0.129769
0.078152
0.662
0.338968
0.0229769
0.662
0.0918437
0.662
0.180431
0.152042
0.662
0.0667621
0.191086
0.304992
0.00657323
0.115995
0.289406
0.662
0.0317161
0.662
0.119958
0.331683
0.0458183
0.188674
0.0946626
0.306815
0.189554
0.156318
0.175621
0.553664
0.662
0.274559
0.187094
0.0674767
0.19591
0.159791
0.0234363
0.377562
0.106617
0.354701
0.200388
0.162732
0.251291
0.0237513
0.427294
0.202836
0.515922
0.662
0.194271
0.159973
0.0546776
0.345725
0.0833406
0.662
0.257023
0.146315
0.143033
0.322812
0.629814
0.157998
0.0788335
0.0976714
0.154185
0.10925
0.139257
0.662
0.246154
0.10849
0.253246
0.502794
0.662
0.662
0.302759
0.2952
0.4857
0.241582
0.306632
0.173812
0.147196
0.401604
0.662
0.146026
0.113179
0.0909126
0.109622
0.132869
0.231713
0.11178
0.10747
0.662
0.254219
0.161591
0.482046
0.193146
0.193257
0.0595758
0.412147
0.103575
0.179887
0.166757
0.108822
0.348456
0.44663
0.262836
0.0908171
0.405355
0.046451
0.146591
0.00670051
0.662
0.57469
0.254695
0.239156
0.150231
0.353682
0.161115
0.0988641
0.662
0.662
0.654171
0.176949
0.111151
0.213168
0.662
0.323854
0.0953548
0.156499
0.585128
0.028203
0.662
0.216307
0.153252
0.190148
0.12067
0.0990491
0.506264
0.0528185
0.505972
0.662
0.0570137
0.37761
0.0850953
0.325826
0.662
0.344281
0.0666669
0.0824314
0.426303
0.081779
0.406738
0.413405
0.486778
0.662
0.53795
0.651122
0.662
0.0863158
0.340578
0.207183
0.662
0.162161
0.301459
0.0843162
0.169581
0.044367
0.108038
0.179967
0.33802
0.408781
0.308918
0.662
0.109824
0.188391
0.270307
0.204426
0.218529
0.164908
0.0458252
0.252791
0.1702
0.0185122
0.0732416
0.0669259
0.157414
0.178111
0.456479
0.596682
0.276936
0.662
0.393135
0.386324
0.596299
0.0753373
0.0970183
0.0625862
0.662
0.23182
0.161054
0.389506
0.323216
0.463395
0.662
0.220504
0.0529593
0.291279
0.417253
0.662
0.662
0.662
0.291001
0.375009
0.190103
0.371062
0.662
0.145878
0.127751
0.532353
0.185758
0.203866
0.480242
0.13878
0.276396
0.163439
0.399999
0.339934
0.14772
0.260546
0.0754273
0.0810361
0.1824
0.391028
0.662
0.126552
0.15205
0.0904236
0.662
0.0710715
0.303511
0.059546
0.283182
0.662
0.662
0.0111235
0.483234
0.0613485
0.561958
0.394081
0.128527
0.282744
0.0605516
0.197145
0.532601
0.111581
0.261407
0.607016
0.662
0.247483
0.0778105
0.112757
0.662
0.122513
0.212733
0.0629828
0.187552
0.365207
0.176988
0.184721
0.374847
0.238076
0.662
0.182387
0.347659
0.0828412
0.233313
0.157873
0.281616
0.481886
0.65891
0.662
0.0753249
0.229999
0.112906
0.161395
0.2394
0.168469
0.268771
0.0487546
0.0477697
0.142083
0.162225
0.0483615
0.267178
0.627041
0.340277
0.224244
0.368647
0.488892
0.536009
0.235889
0.104212
0.144094
0.46461
0.31721
0.105361
0.032645
0.348776
0.10217
0.37636
0.288421
0.63634
0.196888
0.514248
0.223466
0.208803
0.118247
0.469511
0.272404
0.421235
0.0489222
0.385237
0.0466983
0.501449
0.247094
0.0987849
0.110569
0.0564057
0.560198
0.0702633
0.60038
0.0979225
0.498754
0.259819
0.331308
0.64681
0.629765
0.355809
0.250501
0.0378124
0.126176
0.662
0.209655
0.29171
0.0300142
0.0862933
0.335965
0.138539
0.0635109
0.474123
0.587683
0.285545
0.227406
0.14302
0.0489129
0.481084
0.138501
0.499845
0.346279
0.0813531
0.662
0.662
0.662
0.186743
0.372166
0.647263
0.0586295
0.0581521
0.662
0.0571393
0.124495
0.603814
0.662
0.239593
0.345592
0.0387637
0.608955
0.00778889
0.114378
0.283664
0.531479
0.134159
0.662
0.407979
0.144166
0.494677
0.217546
0.662
0.505139
0.662
0.423003
0.100781
0.136279
0.0956459
0.285846
0.273776
0.587252
0.64037
0.286063
0.410703
0.332646
0.583545
0.14403
0.333226
0.283906
0.0695649
0.108386
0.402536
0.662
0.427705
0.0758533
0.111589
0.662
0.0596292
0.150645
0.181081
0.230528
0.493916
0.115753
0.572994
0.175292
0.438069
0.263373
0.151757
0.470797
0.0846015
0.583368
0.108176
0.18885
0.585869
0.32629
0.662
0.169057
0.0918467
0.114607
0.150095
0.145233
0.177648
0.331906
0.164263
0.185882
0.225636
0.15857
0.223887
0.286792
0.150678
0.0938875
0.136379
0.619349
0.357978
0.0675351
0.145887
0.0774501
0.144106
0.0349539
0.602781
0.426237
0.17423
0.340033
0.186574
0.580089
0.0145972
0.426272
0.499097
0.0515717
0.662
0.110987
0.282939
0.424637
0.295885
0.490728
0.185953
0.116443
0.263891
0.53192
0.0756598
0.289428
0.13584
0.172499
0.228172
0.0357541
0.662
0.290801
0.353162
0.662
0.109917
0.526977
0.391756
0.408319
0.337127
0.424004
0.483008
0.0712655
0.200718
0.285794
0.0545894
0.109726
0.485935
0.0838462
0.441843
0.125326
0.062364
0.117997
0.143419
0.438216
0.114763
0.373611
0.627464
0.109934
0.493464
0.662
0.422654
0.151213
0.128989
0.662
0.286417
0.180473
0.388305
0.187941
0.662
0.63496
0.311185
0.20252
0.162662
0.0574183
0.189916
0.485161
0.0603399
0.0721502
0.0954562
0.50258
0.0568757
0.0999654
0.000276251
0.175473
0.104627
0.608737
0.0899713
0.205252
0.100355
0.0626215
0.172305
0.267477
0.0599195
0.142787
0.662
0.402792
0.132047
0.0552794
0.0703279
0.137367
0.240635
0.589963
0.0859604
0.29343
0.107931
0.359305
0.474302
0.0702175
0.197106
0.0387194
0.633643
0.230721
0.489083
0.325214
0.0717382
0.662
0.171956
0.219664
0.0746824
0.107356
0.443594
0.0650941
0.172179
0.0265903
0.207229
0.0102295
0.242861
0.11698
0.502177
0.250333
0.306379
0.0623652
0.292441
0.054007
0.601739
0.565154
0.0983216
0.0624958
0.360416
0.466938
0.174188
0.122206
0.020646
0.457646
0.122376
0.207137
0.0603211
0.558531
0.115731
0.265424
0.269147
0.196278
0.175358
0.31184
0.443191
0.201617
0.0693127
0.600626
0.534951
0.129897
0.2728
0.459638
0.416444
0.116156
0.140299
0.113697
0.530522
0.0769524
0.308291
0.0471237
0.263104
0.662
0.178149
0.215188
0.117979
0.123372
0.0704597
0.662
0.306435
0.168497
0.662
0.282576
0.0671485
0.662
0.412352
0.333978
0.622483
0.0310399
0.212798
0.0906959
0.180293
0.200979
0.171976
0.360824
0.460412
0.124569
0.230993
0.222934
0.305734
0.101777
0.101727
0.0857375
0.0559854
0.0823937
0.0900575
0.141312
0.280178
0.662
0.192882
0.0911045
0.0672883
0.0398883
0.0526276
0.061328
0.0499721
0.367317
0.242214
0.217764
0.457266
0.0643633
0.188449
0.22332
0.0410942
0.233325
0.235852
0.0611683
0.548826
0.29204
0.662
0.346396
0.0756818
0.662
0.111691
0.242726
0.662
0.410147
0.0379559
0.0696398
0.1028
0.622166
0.226247
0.250678
0.0964586
0.0752399
0.341162
0.101068
0.1718
0.0910634
0.157737
0.234576
0.123144
0.123275
0.571971
0.108335
0.120883
0.211816
0.662
0.380983
0.342521
0.163797
0.188529
0.426444
0.528112
0.250085
0.472539
0.122348
0.0405764
0.041493
0.275608
0.480473
0.506379
0.279604
0.305421
0.441248
0.342646
0.287349
0.120125
0.203864
0.215815
0.0214432
0.644397
0.165768
0.417954
0.662
0.0680133
0.555807
0.434995
0.0529869
0.580312
0.274623
0.062072
0.174464
0.103942
0.442861
0.296664
0.0949865
0.0724674
0.662
0.077739
0.481559
0.266795
0.408821
0.394149
0.119063
0.102487
0.190623
0.630824
0.0947664
0.0677424
0.109816
0.155216
0.662
0.147431
0.32839
0.0553313
0.107899
0.068189
0.0988043
0.28055
0.467576
0.274166
0.0560219
0.199071
0.483396
0.212595
0.457593
0.104478
0.0134511
0.210188
0.221187
0.437339
0.0716347
0.28186
0.551678
0.113364
0.0227132
0.470587
0.20805
0.0669034
0.0288361
0.311672
0.232419
0.0929621
0.601227
0.273736
0.366461
0.153053
0.322357
0.0783247
0.0839306
0.662
0.172156
0.111612
0.311612
0.174392
0.224808
0.351676
0.465296
0.177249
0.425606
0.615358
0.314113
0.22711
0.211162
0.354551
0.389016
0.296656
0.110579
0.0885342
0.10016
0.250247
0.356773
0.443977
0.0684225
0.585021
0.223672
0.28488
0.121056
0.0798208
0.398733
0.0461433
0.629933
0.185081
0.306246
0.662
0.0780198
0.2877
0.463098
0.0813905
0.627219
0.476379
0.221664
0.281728
0.0555538
0.525246
0.662
0.265677
0.644405
0.662
0.662
0.0558069
0.0709633
0.233383
0.104515
0.450204
0.0787528
0.122431
0.11181
0.265449
0.600157
0.131744
0.602174
0.370637
0.280802
0.662
0.246221
0.31494
0.130084
0.0699541
0.110638
0.0555155
0.400632
0.411709
0.322835
0.557417
0.11445
0.0764502
0.450043
0.0718749
0.247152
0.458578
0.191238
0.652679
0.291874
0.405468
0.310031
0.342728
0.662
0.25647
0.0211181
0.114811
0.0564566
0.0973917
0.38366
0.128815
0.0650337
0.384835
0.371155
0.559759
0.0641997
0.474365
0.662
0.127934
0.186177
0.536797
0.0950563
0.307538
0.106426
0.128858
0.0284892
0.163584
0.662
0.210877
0.145756
0.336082
0.00730534
0.114488
0.236129
0.662
0.136491
0.17759
0.0815665
0.330929
0.142649
0.571341
0.404265
0.0832126
0.354372
0.167001
0.274767
0.123728
0.019729
0.33611
0.322317
0.198202
0.0884071
0.662
0.0656737
0.594545
0.453366
0.104682
0.0526044
0.299193
0.0531269
0.0462497
0.325462
0.594517
0.223471
0.189443
0.0395431
0.662
0.486693
0.409651
0.424574
0.662
0.0883297
0.124455
0.124585
0.346659
0.47048
0.105429
0.143862
0.101996
0.184548
0.662
0.24302
0.242772
0.171179
0.0900751
0.60751
0.49383
0.118511
0.297925
0.662
0.324536
0.102219
0.662
0.109219
0.154261
0.599211
0.387217
0.0858143
0.0332963
0.0979045
0.261988
0.00334652
0.366072
0.126765
0.149769
0.109837
0.394082
0.308692
0.106372
0.662
0.278467
0.24002
0.249915
0.165446
0.476258
0.457562
0.430343
0.202174
0.136176
0.221517
0.344038
0.124506
0.662
0.422559
0.398434
0.321325
0.425959
0.662
0.116194
0.335779
0.662
0.0249024
0.297261
0.662
0.0617667
0.197212
0.477355
0.138489
0.129428
0.307052
0.016648
0.143461
0.46158
0.525797
0.448341
0.299663
0.646972
0.0870851
0.209829
0.662
0.520148
0.662
0.262483
0.0327888
0.662
0.488907
0.165064
0.156671
0.48874
0.117901
0.116418
0.151581
0.0463377
0.139241
0.391514
0.0675636
0.247705
0.189597
0.577344
0.546659
0.0425953
0.358208
0.0595091
0.154067
0.139504
0.459397
0.0793315
0.559293
0.0895731
0.602684
0.213014
0.361272
0.572625
0.159852
0.114361
0.392575
0.297841
0.0970198
0.662
0.236244
0.130763
0.224335
0.0794851
0.274117
0.011096
0.162515
0.0658923
0.662
0.0275722
0.522735
0.24555
0.204343
0.0309397
0.320319
0.424261
0.36196
0.662
0.662
0.0366244
0.214544
0.149547
0.089024
0.662
0.309941
0.126519
0.263291
0.662
0.150563
0.662
0.119548
0.0716353
0.178284
0.0526475
0.420417
0.218867
0.0663449
0.180768
0.080545
0.34189
0.168169
0.209434
0.662
0.503067
0.109914
0.449982
0.662
0.209026
0.662
0.108027
0.0982447
0.104394
0.169697
0.16765
0.113408
0.475457
0.026194
0.104544
0.18861
0.233048
0.0535192
0.212205
0.526436
0.266639
0.117345
0.610525
0.435976
0.389233
0.150306
0.278356
0.611313
0.104771
0.202961
0.209142
0.14002
0.115833
0.455843
0.438125
0.174896
0.0122809
0.305324
0.0763773
0.217167
0.643915
0.372126
0.377829
0.242244
0.260777
0.175552
0.360224
0.0522608
0.326926
0.146999
0.0692879
0.176694
0.0798046
0.421972
0.273418
0.552836
0.662
0.0552345
0.0488705
0.475633
0.300286
0.182248
0.0967497
0.19697
0.180042
0.655371
0.517115
0.50893
0.411568
0.0570543
0.143452
0.172503
0.304917
0.402991
0.0371772
0.119853
0.485848
0.126157
0.347092
0.081126
0.111513
0.101801
0.18468
0.363737
0.662
0.00835813
0.36946
0.0566337
0.639501
0.173129
0.116482
0.0771237
0.649846
0.39776
0.163904
0.274906
0.0584351
0.106805
0.443255
0.350575
0.500454
0.305488
0.305054
0.12611
0.153008
0.170082
0.153117
0.090707
0.118501
0.282136
0.142204
0.182246
0.322059
0.127061
0.103267
