0.662
0.662
0.0560989
0.261548
0.0941581
0.662
0.326483
0.0136655
0.33226
0.442503
0.107652
0.662
0.662
0.110152
0.335225
0.662
0.451009
0.123875
0.277187
0.37152
0.203109
0.207959
0.20031
0.337918
0.115612
0.662
0.01028
0.459911
0.216119
0.0878882
0.604683
0.105022
0.474231
0.301688
0.662
0.528243
0.0690687
0.216029
0.659138
0.340854
0.235192
0.31959
0.0344208
0.662
0.54303
0.403058
0.662
0.0603054
0.191529
0.662
0.50468
0.662
0.474258
0.634078
0.662
0.398269
0.191892
0.295313
0.501077
0.547471
0.0911893
0.203594
0.662
0.0657812
0.270758
0.376854
0.269207
0.47663
0.264535
0.662
0.238532
0.662
0.448899
0.164251
0.101989
0.316945
0.393676
0.174413
0.662
0.182516
0.593614
0.253562
0.327827
0.224403
0.377951
0.662
0.124328
0.250777
0.55959
0.138526
0.0605137
0.354308
0.662
0.268245
0.563985
0.629977
0.155566
0.104581
0.426791
0.469762
0.074035
0.305494
0.42795
0.414989
0.0825598
0.662
0.662
0.237889
0.139767
0.157697
0.170064
0.154358
0.119968
0.0971474
0.340561
0.226813
0.0974656
0.37359
0.158608
0.193568
0.215797
0.232737
0.57659
0.158007
0.0347858
0.662
0.0988
0.558342
0.413272
0.440728
0.188783
0.162584
0.314412
0.211159
0.662
0.635982
0.00129299
0.429091
0.392513
0.621843
0.128609
0.285203
0.391562
0.624809
0.0502627
0.00685434
0.0559079
0.291001
0.283367
0.0606541
0.376193
0.0562803
0.295553
0.377039
0.258897
0.662
0.0949344
0.175667
0.662
0.00922107
0.561624
0.344053
0.192943
0.0782714
0.324442
0.293067
0.11154
0.662
0.610867
0.140434
0.165875
0.0904637
0.600256
0.245266
0.166868
0.402273
0.552787
0.402288
0.605246
0.0378122
0.159218
0.312198
0.662
0.430833
0.0671972
0.1434
0.190788
0.202289
0.0845277
0.61464
0.0612738
0.471788
0.281048
0.303611
0.662
0.366106
0.495208
0.0728091
0.100452
0.229739
0.662
0.662
0.413841
0.0502076
0.260805
0.482012
0.399349
0.283964
0.630568
0.662
0.164323
0.136565
0.317675
0.662
0.182323
0.384953
0.297558
0.336586
0.662
0.342813
0.180343
0.0888572
0.518264
0.407978
0.207593
0.322392
0.122982
0.348261
0.0116044
0.636516
0.304595
0.0500335
0.662
0.37421
0.0195362
0.662
0.252882
0.573122
0.662
0.0951575
0.662
0.40584
0.107996
0.662
0.604547
0.12021
0.497867
0.125726
0.661633
0.662
0.662
0.0961933
0.270601
0.477305
0.662
0.0917118
0.617814
0.428422
0.248928
0.19138
0.135801
0.435658
0.141437
0.662
0.355602
0.580829
0.662
0.0888504
0.662
0.358817
0.0644465
0.129384
0.47638
0.155569
0.158773
0.239032
0.398887
0.662
0.192195
0.495837
0.490362
0.0786467
0.464992
0.662
0.0488185
0.640342
0.0537668
0.396729
0.0272843
0.31259
0.231069
0.105915
0.101475
0.0880379
0.143714
0.14386
0.0487709
0.12142
0.662
0.662
0.662
0.117648
0.662
0.166829
0.358073
0.450955
0.0954862
0.475178
0.261093
0.132698
0.236844
0.119856
0.662
0.658911
0.0774501
0.109934
0.331268
0.197772
0.494768
0.58401
0.662
0.662
0.662
0.662
0.0798153
0.28086
0.234158
0.290555
0.205795
0.045852
0.141592
0.662
0.413927
0.118559
0.372515
0.0703947
0.662
0.561169
0.457668
0.186567
0.499408
0.404386
0.110545
0.242714
0.662
0.478399
0.303685
0.228133
0.209071
0.662
0.297745
0.662
0.377139
0.35921
0.0721706
0.662
0.204294
0.332196
0.662
0.1256
0.154736
0.123754
0.173932
0.107179
0.662
0.146037
0.278204
0.121052
0.299484
0.57633
0.662
0.078229
0.3605
0.422261
0.625497
0.0149554
0.662
0.358736
0.420938
0.216745
0.282667
0.373977
0.163847
0.0436738
0.662
0.505576
0.662
0.297648
0.205834
0.264643
0.127625
0.450059
0.662
0.244836
0.226857
0.300667
0.203171
0.253906
0.662
0.636918
0.662
0.0745424
0.17937
0.166817
0.662
0.325098
0.662
0.156771
0.236399
0.0782605
0.135245
0.189573
0.662
0.0398543
0.662
0.662
0.210829
0.354162
0.662
0.0421985
0.204723
0.373141
0.662
0.662
0.0629314
0.0171923
0.140283
0.515088
0.662
0.595733
0.513354
0.114562
0.64685
0.0874098
0.162153
0.662
0.362968
0.430572
0.0505329
0.423955
0.501077
0.303988
0.662
0.0891699
0.232994
0.472438
0.325462
0.662
0.3067
0.347516
0.471512
0.550871
0.095684
0.41836
0.14037
0.662
0.0692743
0.324107
0.58438
0.662
0.323418
0.0884736
0.472557
0.414475
0.396981
0.0763813
0.453652
0.313818
0.519132
0.042347
0.102368
0.303058
0.580251
0.662
0.0853682
0.130914
0.123478
0.0972004
0.208807
0.310859
0.190293
0.049741
0.31029
0.662
0.340135
0.632359
0.662
0.059405
0.0239075
0.106064
0.501594
0.333491
0.0963177
0.662
0.154481
0.240886
0.172382
0.195185
0.252938
0.154231
0.286831
0.27393
0.31571
0.272472
0.50036
0.492546
0.662
0.164873
0.202525
0.205928
0.281049
0.0375146
0.0608838
0.160952
0.662
0.625082
0.384824
0.315621
0.433526
0.543414
0.662
0.103701
0.332969
0.270295
0.275019
0.106758
0.662
0.445235
0.0701499
0.0403363
0.318295
0.662
0.657673
0.106054
0.327039
0.662
0.240305
0.10733
0.524514
0.384006
0.0730168
0.178439
0.0743483
0.541292
0.662
0.377007
0.532944
0.192273
0.224162
0.198993
0.0461912
0.662
0.4438
0.252367
0.0918412
0.418526
0.4785
0.267088
0.15894
0.482212
0.204612
0.662
0.236247
0.332045
0.280888
0.187507
0.662
0.0545058
0.328435
0.264604
0.0974077
0.236867
0.121882
0.46169
0.015864
0.0364299
0.132827
0.184831
0.570797
0.662
0.662
0.535295
0.662
0.511228
0.34688
0.334737
0.543189
0.557261
0.291388
0.405094
0.451868
0.275785
0.662
0.191866
0.0937818
0.242939
0.642236
0.279624
0.109968
0.143472
0.305337
0.585371
0.435591
0.0490976
0.38443
0.662
0.154275
0.662
0.244934
0.144855
0.378555
0.37225
0.659779
0.176533
0.470341
0.662
0.515739
0.579874
0.220072
0.507507
0.32965
0.662
0.400945
0.318483
0.27802
0.397119
0.275736
0.119743
0.119558
0.662
0.49066
0.503643
0.233035
0.36509
0.202742
0.662
0.126684
0.199469
0.201187
0.256792
0.384889
0.0599099
0.615301
0.0732779
0.662
0.0830907
0.0873294
0.341507
0.544358
0.548834
0.622525
0.224987
0.662
0.386848
0.178429
0.449082
0.101068
0.121653
0.319503
0.0572247
0.536359
0.0536093
0.662
0.0763694
0.662
0.662
0.246556
0.332799
0.40232
0.662
0.176044
0.620345
0.415736
0.17522
0.102212
0.217495
0.19645
0.463915
0.530849
0.0564955
0.144098
0.662
0.129076
0.616606
0.504319
0.397681
0.238434
0.234817
0.229932
0.477894
0.126157
0.635194
0.310866
0.662
0.147457
0.13446
0.070099
0.457123
0.0289349
0.0893619
0.0386999
0.594488
0.190733
0.138699
0.43235
0.231356
0.311145
0.662
0.317066
0.121852
0.118792
0.178698
0.0287402
0.0635942
0.581301
0.24161
0.188689
0.662
0.157626
0.662
0.171683
0.622477
0.662
0.159739
0.350134
0.4993
0.34231
0.20877
0.662
0.455561
0.3504
0.662
0.157162
0.456161
0.100863
0.38232
0.347034
0.570654
0.067639
0.0942598
0.637175
0.131931
0.441225
0.0934173
0.406375
0.432143
0.188062
0.119521
0.133082
0.484862
0.662
0.18926
0.662
0.235592
0.106191
0.630605
0.662
0.316035
0.662
0.180997
0.453731
0.662
0.110683
0.140817
0.149629
0.662
0.298897
0.662
0.462974
0.0450459
0.171784
0.319508
0.172873
0.11001
0.661651
0.325923
0.190541
0.662
0.449293
0.287325
0.353842
0.140711
0.0435071
0.468244
0.253083
0.422489
0.040842
0.13048
0.662
0.117955
0.305727
0.113981
0.314889
0.381063
0.362126
0.0856577
0.466962
0.3335
0.129128
0.375201
0.159152
0.445007
0.30367
0.662
0.369834
0.397639
0.139911
0.0791309
0.297241
0.662
0.0464502
0.0753871
0.65882
0.141423
0.662
0.662
0.222119
0.57776
0.256846
0.194744
0.118281
0.339815
0.0963773
0.222425
0.0507052
0.341115
0.443778
0.170931
0.335016
0.353471
0.271792
0.416621
0.444291
0.275434
0.20099
0.194155
0.641709
0.120724
0.212669
0.343611
0.461465
0.188594
0.662
0.0844302
0.196586
0.300767
0.27025
0.214403
0.300053
0.295847
0.329722
0.160095
0.0795531
0.361345
0.471788
0.335294
0.617165
0.150261
0.12848
0.662
0.662
0.210192
0.247427
0.350543
0.389924
0.662
0.309276
0.518026
0.198753
0.276736
0.292132
0.513211
0.457241
0.31178
0.662
0.209978
0.129769
0.209717
0.241634
0.0392076
0.378229
0.443565
0.341865
0.104692
0.401854
0.662
0.662
0.387484
0.662
0.426654
0.344056
0.662
0.662
0.374279
0.662
0.319251
0.147598
0.447883
0.204998
0.31824
0.247158
0.333542
0.565126
0.480357
0.325729
0.477763
0.127189
0.13995
0.478567
0.662
0.0962387
0.411648
0.429519
0.60875
0.300885
0.0810757
0.0354662
0.0849517
0.116485
0.0790187
0.231536
0.145428
0.0710104
0.542187
0.118589
