0.221169
0.0324773
0.0912786
0.4553
0.00954
0.328694
0.0240557
0.45477
0.220803
0.322891
0.19186
0.20296
0.250344
0.574644
0.169259
0.267955
0.0851663
0.596696
0.662
0.0164161
0.395853
0.0549442
0.127939
0.398272
0.130587
0.0232753
0.00102711
0.0761421
0.437623
0.383962
0.662
0.141353
0.103069
0.221413
0.128899
0.369846
0.40942
0.40259
0.187512
0.552242
0.529164
0.627958
0.618056
0.19409
0.0808665
0.630991
0.167321
0.224346
0.111149
0.405909
0.289316
0.396314
0.205539
0.434105
0.220949
0.27642
0.662
0.31076
0.417308
0.228894
0.200534
0.472353
0.0479231
0.180832
0.313631
0.0272141
0.277632
0.293734
0.160585
0.11896
0.251019
0.00841201
0.53931
0.0675958
0.0525391
0.413942
0.662
0.254247
0.100894
0.662
0.662
0.662
0.182154
0.520697
0.541153
0.662
0.0595879
0.129074
0.40741
0.0860911
0.0980407
0.107691
0.264206
0.119437
0.0592604
0.583898
0.380498
0.242765
0.0715206
0.068728
0.28634
0.144039
0.186383
0.57562
0.370631
0.0287292
0.0464507
0.573966
0.355916
0.146554
0.256671
0.137519
0.107382
0.111123
0.0334131
0.212102
0.401938
0.0882509
0.529711
0.127567
0.0442707
0.404814
0.662
0.172896
0.28409
0.140843
0.361755
0.140716
0.30422
0.408277
0.527077
0.154811
0.128443
0.0963951
0.662
0.313691
0.104126
0.637854
0.471922
0.117323
0.455474
0.503625
0.462356
0.113802
0.152664
0.426826
0.180993
0.336944
0.627611
0.288026
0.115566
0.395848
0.333531
0.662
0.101641
0.308361
0.510349
0.0844725
0.353244
0.135917
0.645878
0.435129
0.108346
0.121302
0.572897
0.0251841
0.464483
0.292149
0.07245
0.150296
0.120235
0.0772184
0.146139
0.388394
0.559235
0.198901
0.0377059
0.163826
0.11025
0.615713
0.176635
0.661727
0.18619
0.662
0.54514
0.482976
0.0774324
0.341352
0.42712
0.0882462
0.662
0.187893
0.379283
0.0649709
0.0827135
0.0670053
0.631798
0.113636
0.600762
0.259791
0.126443
0.151018
0.215974
0.167285
0.110494
0.125199
0.0583186
0.662
0.135308
0.662
0.268317
0.0937058
0.326718
0.169146
0.074734
0.114033
0.0991477
0.115294
0.442185
0.597181
0.379191
0.524328
0.0556869
0.144967
0.212215
0.130793
0.188325
0.662
0.44352
0.221209
0.229959
0.045441
0.426315
0.442119
0.392465
0.0579975
0.19483
0.123122
0.0515417
0.129768
0.376719
0.167466
0.416878
0.250736
0.146149
0.108305
0.257842
0.652249
0.522637
0.105019
0.0182871
0.0621596
0.105819
0.441604
0.24617
0.062205
0.662
0.236533
0.200014
0.130865
0.560698
0.171679
0.225439
0.0394199
0.463003
0.122782
0.0822905
0.0471671
0.232455
0.107808
0.588937
0.244487
0.00356021
0.387581
0.583303
0.580186
0.38468
0.32808
0.5635
0.16438
0.644019
0.164663
0.338095
0.199971
0.558213
0.0519243
0.145266
0.133712
0.662
0.102639
0.470847
0.226385
0.261783
0.0415585
0.573968
0.37339
0.0535367
0.147693
0.6044
0.18753
0.0959007
0.0713033
0.662
0.169246
0.248897
0.246395
0.608461
0.495732
0.202873
0.371252
0.121317
0.220118
0.0483727
0.096698
