0.0374016
0.117313
0.116274
0.0893191
0.15285
0.223073
0.101856
0.120945
0.050464
0.496313
0.072758
0.15171
0.488773
0.283746
0.147971
0.0618069
0.0360487
0.0931435
0.491051
0.37184
0.292796
0.545388
0.620948
0.210267
0.234868
0.208735
0.596296
0.0439338
0.135569
0.0922122
0.467532
0.235067
0.0439155
0.415673
0.0993719
0.009039
0.256184
0.24908
0.662
0.607783
0.064783
0.131415
0.078488
0.482823
0.510319
0.157069
0.0817267
0.228896
0.0544052
0.237778
0.337482
0.284368
0.194432
0.376639
0.413451
0.154867
0.200677
0.0962924
0.0741496
0.105787
0.0453326
0.0743304
0.12662
0.0353105
0.154633
0.146539
0.042004
0.0622613
0.312769
0.248874
0.288864
0.185087
0.211856
0.569872
0.268783
0.0808566
0.412011
0.0756419
0.116895
0.581406
0.0839391
0.662
0.458115
0.170285
0.0581122
0.244323
0.142117
0.571431
0.512024
0.0851157
0.149316
0.600846
0.165872
0.662
0.0563835
0.630369
0.291693
0.0896536
0.173105
0.354438
0.599203
0.0889001
0.119868
0.0897508
0.215399
0.36575
0.0394302
0.0195801
0.107393
0.0981684
0.14145
0.372837
0.523767
0.0989122
0.427173
0.252122
0.0991118
0.0915548
0.204951
0.662
0.400299
0.0213785
0.474758
0.114072
0.0941494
0.148444
0.197801
0.0629298
0.57003
0.486989
0.62778
0.191017
0.227585
0.107333
0.41356
0.0412589
0.507598
0.309859
0.543749
0.00920082
0.185875
0.415119
0.447928
0.128244
0.377633
0.090309
0.219472
0.368722
0.205794
0.10039
0.261083
0.493939
0.0899823
0.40805
0.116939
0.0498763
0.0888622
0.346557
0.11118
0.309956
0.0815417
0.144423
0.33853
0.276091
0.541265
0.456234
0.476575
0.104633
0.110008
0.116055
0.444103
0.603816
0.0833992
0.0420176
0.382114
0.262741
0.146848
0.26923
0.295434
0.0901476
0.662
0.636385
0.335495
0.334079
0.60608
0.364183
0.662
0.411893
0.635885
0.391697
0.398208
0.662
0.253623
0.662
0.0494844
0.455319
0.392445
0.544678
0.287261
0.140671
0.111146
0.251141
0.542593
0.209481
0.119574
0.659171
0.344066
0.65747
0.270522
0.534087
0.150957
0.230922
0.610693
0.107263
0.353073
0.371509
0.0520939
0.582338
0.296243
0.186275
0.314081
0.22701
0.603644
0.0645744
0.138408
0.171084
0.073417
0.478424
0.035835
0.285582
0.067035
0.108805
0.268255
0.46144
0.662
0.055584
0.0722003
0.612659
0.341923
0.136269
0.238001
0.244207
0.070114
0.388823
0.662
0.162293
0.23455
0.211449
0.658254
0.146093
0.662
0.137174
0.0741128
0.584348
0.157533
0.048011
0.197297
0.342037
0.431143
0.114666
0.349303
0.0589683
0.413472
0.632735
0.278343
0.151334
0.232994
0.0594093
0.125845
0.512093
0.14768
0.0148935
0.318754
0.112432
0.471474
0.517896
0.277893
0.408857
0.201144
0.0564978
0.39939
0.0594128
0.183633
0.187059
0.662
0.662
0.299628
0.189959
0.434372
0.528357
0.605768
0.662
0.0127492
0.290653
0.191926
0.0748041
0.268017
0.28718
0.100997
0.185883
0.0423384
0.390636
0.380395
0.0998584
0.299596
0.52296
0.164301
0.261122
0.662
0.662
0.290323
0.389681
0.126004
0.0700275
0.643343
0.0436314
0.249327
0.157779
0.187781
0.271564
0.0887084
0.0847141
0.336195
0.0976747
0.106807
0.362635
0.514989
0.178947
0.576544
0.0673442
0.266973
0.26624
0.59924
0.0897575
0.250835
0.160366
0.0780291
0.493036
0.263429
0.0799858
0.662
0.130724
0.183808
0.078146
0.0850635
0.204426
0.33938
0.662
0.662
0.662
0.0225983
0.121366
0.51525
0.214919
0.081279
0.164544
0.441216
0.348974
0.143907
0.296884
0.0418803
0.0553035
0.187684
0.0372809
0.399835
0.0395463
0.307765
0.202398
0.538128
0.0730875
0.256691
0.350061
0.113373
0.18957
0.231635
0.0925338
0.170191
0.148708
0.115613
0.522166
0.603957
0.297443
0.189924
0.219637
