0.206484
0.662
0.169321
0.106851
0.54427
0.10246
0.527849
0.0231044
0.252699
0.662
0.279896
0.662
0.662
0.248218
0.254075
0.431326
0.434609
0.662
0.662
0.662
0.212258
0.662
0.0706198
0.325961
0.662
0.662
0.321572
0.0259613
0.662
0.123225
0.0639504
0.136876
0.324831
0.603805
0.040313
0.662
0.482452
0.311683
0.662
0.0372565
0.010345
0.662
0.662
0.662
0.218594
0.342062
0.525711
0.662
0.100886
0.0129943
0.662
0.176463
0.0426375
0.662
0.0700627
0.270657
0.0939028
0.182401
0.662
0.662
0.0261355
0.364193
0.341549
0.351262
0.662
0.264541
0.543915
0.206584
0.467013
0.662
0.055709
0.175292
0.662
0.102498
0.0650287
0.184888
0.159642
0.202855
0.123109
0.632447
0.266761
0.662
0.662
0.662
0.662
0.364904
0.610021
0.662
0.610413
0.317444
0.662
0.662
0.534047
0.129687
0.31141
0.662
0.151638
0.125203
0.188298
0.662
0.0985297
0.294749
0.662
0.662
0.17712
0.186279
0.443374
0.662
0.344393
0.662
0.662
0.107495
0.440844
0.662
0.662
0.0115233
0.339401
0.0878549
0.442393
0.385281
0.412354
0.0466333
0.348762
0.550655
0.317677
0.662
0.662
0.211093
0.662
0.662
0.137873
0.181791
0.662
0.609731
0.348767
0.662
0.662
0.662
0.662
0.104428
0.662
0.285756
0.662
0.288016
0.084705
0.11128
0.31151
0.662
0.409374
0.10993
0.217198
0.146661
0.358808
0.662
0.123685
0.662
0.16125
0.189334
0.662
0.446987
0.662
0.662
0.0272929
0.417374
0.329042
0.662
0.105873
0.208053
0.662
0.104537
0.662
0.361721
0.662
0.467236
0.662
0.662
0.370698
0.148529
0.662
0.474687
0.129064
0.662
0.466906
0.260225
0.478627
0.662
0.324456
0.662
0.190808
0.288904
0.662
0.594283
0.203717
0.539942
0.45949
0.432589
0.662
0.341725
0.360452
0.342794
0.662
0.662
0.23035
0.253901
0.447064
0.662
0.350384
0.516943
0.19657
0.210603
0.451108
0.471226
0.662
0.662
0.367692
0.417979
0.662
0.0759038
0.43
0.461646
0.657769
0.662
0.334901
0.28573
0.163309
0.248046
0.174219
0.447275
0.0214693
0.151076
0.0234385
0.103725
0.0736975
0.386823
0.255497
0.118402
0.0685661
0.366684
0.662
0.662
0.662
0.33696
0.407208
0.354705
0.662
0.0370507
0.662
0.662
0.139286
0.180937
0.104793
0.662
0.662
0.21639
0.256188
0.63339
0.662
0.0239503
0.297286
0.329523
0.106911
0.12583
0.662
0.12928
0.662
0.662
0.662
0.662
0.662
0.194287
0.0746016
0.354129
0.112006
0.662
0.662
0.662
0.104501
0.249938
0.250235
0.662
0.271576
0.368347
0.662
0.662
0.386364
0.152945
0.662
0.662
0.0868252
0.662
0.356013
0.662
0.662
0.318491
0.662
0.662
0.224991
0.662
0.27932
0.0876512
0.662
0.662
0.662
0.21392
0.662
0.662
0.534148
0.521248
0.562041
0.0736556
0.160725
0.195261
0.662
0.114747
0.369347
0.168967
0.662
0.185484
0.157261
0.662
0.319548
0.491803
0.182984
0.150489
0.134759
0.0572271
0.246797
0.107052
0.349554
0.662
0.396698
0.662
0.12643
0.662
0.421513
0.223412
0.467801
0.662
0.662
0.184332
0.404107
0.662
0.0831078
0.662
0.662
0.196602
0.394437
0.662
0.662
0.131164
0.662
0.662
0.662
0.662
0.662
0.358963
0.662
0.152944
0.257692
0.352121
0.302032
0.326886
0.082469
0.510211
0.0570955
0.662
0.662
0.173504
0.187834
0.662
0.233374
0.662
0.263682
0.662
0.662
0.453968
0.662
0.662
0.0714236
0.552594
0.325491
0.103637
0.259346
0.126096
0.26249
0.662
0.126291
0.662
0.38819
0.440674
0.662
0.662
0.334853
0.338337
0.662
0.357648
0.662
0.662
0.662
0.662
0.151586
0.587755
0.180986
0.418041
0.449715
0.193284
0.662
0.662
0.190059
0.0754801
0.515501
0.030689
0.336092
0.645663
0.662
0.567039
0.00113727
0.0745817
0.451171
0.448139
0.662
0.662
0.662
0.429157
0.662
0.182556
0.424196
0.495734
0.025805
0.662
0.0812531
0.121563
0.0815957
0.223085
0.662
0.402725
0.451667
0.161776
0.0451708
0.00682816
0.662
0.161188
0.12221
0.622786
0.179636
0.193758
0.662
0.662
0.662
0.0718496
0.662
0.380241
0.662
0.485849
0.335498
0.51665
0.662
0.662
0.0548661
0.244469
0.0244815
0.376856
0.061473
0.460621
0.662
0.0171872
0.359813
0.132938
0.466157
0.662
0.205575
0.403653
0.0901058
0.457193
0.662
0.153859
0.662
0.463064
0.360484
0.244654
0.662
0.340112
0.662
0.662
0.282632
0.223783
0.0135799
0.00519663
0.662
0.22603
0.240823
0.662
0.197289
0.132275
0.500242
0.262011
0.0541914
0.662
0.0354679
0.662
0.330368
0.353815
0.662
0.173102
0.662
0.349615
0.662
0.231866
0.406376
0.251247
0.0793393
0.487285
0.662
0.662
0.662
0.130317
0.662
0.0350509
0.384994
0.422707
0.396932
0.211074
0.147862
0.114164
0.342271
0.662
0.0583352
0.662
0.504643
0.469876
0.662
0.496539
0.662
0.662
0.662
0.662
0.0790043
0.184872
0.662
0.200586
0.105909
0.55676
0.0933222
0.59644
0.479046
0.0516662
0.662
0.23069
0.0686717
0.246826
0.662
0.317322
0.662
0.518392
0.608982
0.509282
0.0762854
0.662
0.662
0.662
0.102469
0.0899421
0.662
0.417451
0.471439
0.0244143
0.45492
0.0700423
0.662
0.662
0.662
0.394585
0.261669
0.662
0.662
0.371657
0.662
0.0804741
0.0570974
0.180562
0.662
0.662
0.662
0.294454
0.662
0.662
0.662
0.442872
0.00209944
0.201033
0.273239
0.123247
0.662
0.0880484
0.662
0.318266
0.329785
0.0795364
0.142559
0.662
0.505355
0.279808
0.0930211
0.210261
0.662
0.662
0.290044
0.662
0.418916
0.662
0.662
0.313416
0.662
0.662
0.495024
0.305894
0.662
0.0758167
0.179453
0.328015
0.391177
0.115202
0.662
0.662
0.359451
0.662
0.28559
0.278222
0.662
0.269116
0.187747
0.272438
0.662
0.240692
0.0128221
0.662
0.0358898
0.662
0.170715
0.431098
0.662
0.662
0.662
0.456905
0.248869
0.217864
0.463156
0.42469
0.595692
0.294988
0.480527
0.662
0.146519
0.119374
0.182446
0.662
0.189026
0.662
0.210504
0.207176
0.171476
0.354066
0.0706485
0.662
0.281162
0.297868
0.662
0.662
0.314558
0.662
0.0612136
0.662
0.122672
0.176685
0.662
0.662
0.312558
0.419503
0.297386
0.405875
0.241607
0.13942
0.0658215
0.206486
0.662
0.662
0.662
0.32239
0.0219109
0.524263
0.360814
0.355043
0.662
0.662
0.177489
0.662
0.16745
0.662
0.662
0.662
0.405365
0.662
0.186441
0.662
0.132106
0.662
0.662
0.662
0.384769
0.252435
0.320439
0.166894
0.498979
0.552829
0.662
0.0173441
0.662
0.662
0.302022
0.36294
0.500718
0.662
0.328414
0.662
0.247729
0.662
0.146441
0.662
0.187306
0.343715
0.477375
0.349209
0.393217
0.662
0.662
0.0104488
0.532427
0.307542
0.662
0.459492
0.662
0.55145
0.662
0.662
0.662
0.662
0.662
0.0343075
0.211905
0.404442
0.054228
0.278517
0.256612
0.662
0.0512962
0.442908
0.161515
0.662
0.662
0.428829
0.662
0.168722
0.0204448
0.366181
0.277236
0.474869
0.662
0.662
0.662
0.662
0.662
0.662
0.109438
0.662
0.00843472
0.122205
0.662
0.289295
0.243776
0.15427
0.286751
0.309718
0.662
0.356305
0.662
0.662
0.632165
0.662
0.262184
0.662
0.662
0.662
0.240376
0.413684
0.662
0.455932
0.548719
0.662
0.0153382
0.662
0.115684
0.662
0.0893467
0.662
0.662
0.0184412
0.662
0.382031
0.0971492
0.0760936
0.662
0.662
0.377616
0.662
0.662
0.157069
0.418215
0.505025
0.194488
0.472049
0.662
0.662
0.212034
0.0221682
0.186522
0.448034
0.662
0.340299
0.377424
0.077725
0.0675046
0.00655241
0.582093
0.662
0.24956
0.36644
0.662
0.237614
0.192623
0.167881
0.325448
0.218144
0.325719
0.662
0.662
0.349991
0.26091
0.135472
0.662
0.194095
0.443057
0.131387
0.662
0.446317
0.56612
0.662
0.465935
0.358414
0.147223
0.662
0.662
0.549147
0.147245
0.420684
0.19381
0.0649319
0.662
0.226405
0.662
0.23423
0.662
0.662
0.238563
0.217125
0.636011
0.662
0.170864
0.310182
0.44735
0.200819
0.454822
0.662
0.662
0.0629561
0.2658
0.262495
0.130876
0.662
0.242972
0.662
0.266809
0.662
0.662
0.662
0.662
0.662
0.187505
0.662
0.0582791
0.662
0.662
0.662
0.662
0.0232626
0.0735801
0.193242
0.201548
0.662
0.325628
0.662
0.31368
0.193642
0.662
0.662
0.185154
0.00994354
0.662
0.662
0.662
0.662
0.166823
0.662
0.662
0.29043
0.662
0.662
0.545685
0.136223
0.662
0.488368
0.662
0.620715
0.254231
0.142969
0.168954
0.550953
0.662
0.159259
0.22375
0.101527
0.0532504
0.148833
0.662
0.306344
0.0862282
0.662
0.377668
0.662
0.0855668
0.250849
0.662
0.264134
0.22583
0.360681
0.438432
0.459739
0.662
0.662
0.662
0.662
0.11247
0.343358
0.662
0.297763
0.662
0.270545
0.133501
0.490501
0.662
0.440161
0.319402
0.662
0.289686
0.129437
0.662
0.662
0.199543
0.662
0.662
0.119569
0.520106
0.395741
0.470745
0.662
0.180783
0.662
0.466284
0.173634
0.213258
0.630101
0.662
0.662
0.662
0.309816
0.662
0.147902
0.662
0.662
0.392561
0.464387
0.214459
0.182659
0.279839
0.348088
0.24152
0.268251
0.0546247
0.662
0.362316
0.18654
0.361968
0.441715
0.102157
0.456182
0.662
0.456257
0.662
0.234525
0.662
0.662
0.358523
0.117589
0.190195
0.0986171
0.418536
0.00636751
0.183652
0.662
0.662
0.662
0.0898875
0.662
0.662
0.662
0.662
0.662
0.232249
0.183827
0.41397
0.662
0.00941527
0.152847
0.39625
0.319619
0.0317145
0.183088
0.589378
0.439297
0.103796
0.662
0.662
0.295993
0.662
0.662
0.0271472
0.127469
0.469147
0.395978
0.343483
0.662
0.662
0.173788
0.284305
0.113311
0.591115
0.303857
0.473027
0.390146
0.134376
0.662
0.662
0.296349
0.139681
0.662
0.662
0.217422
0.662
0.441385
0.459115
0.662
0.0176031
0.37731
0.169606
0.142197
0.662
0.23829
0.0557413
0.662
0.414604
0.146834
0.168948
0.380919
0.662
0.228371
0.345168
0.0323337
0.662
0.662
0.345953
0.326749
0.0261184
0.13732
0.103377
0.210663
0.662
0.173574
0.213951
0.112115
0.199884
0.0184931
0.0533434
0.662
0.334394
0.662
0.0844849
0.662
0.107181
0.195317
0.662
0.403758
0.19327
0.662
0.445782
0.136312
0.45942
0.16224
0.662
0.662
0.125768
0.0949978
0.0739188
0.528961
0.472174
0.662
0.662
0.662
0.662
0.662
0.662
0.186769
0.105006
0.53355
0.100677
0.662
0.476221
0.662
0.613553
0.279955
0.662
0.0148713
0.662
0.599902
0.406935
0.662
0.244024
0.662
0.421158
0.496342
0.0491656
0.204461
0.364743
0.662
0.13942
0.48752
0.126469
0.662
0.662
0.364246
0.662
0.662
0.450834
0.285186
0.148497
0.585878
0.53517
0.662
0.250132
0.384157
0.272282
0.598372
0.518817
0.662
0.0740492
0.349994
0.13798
0.0730347
0.182065
0.662
0.139326
0.662
0.662
0.662
0.151665
0.662
0.420718
0.520264
0.0646299
0.662
0.662
0.539598
0.373649
0.417927
0.377386
0.112244
0.662
0.662
0.662
0.289837
0.50131
0.497023
0.662
0.662
0.662
0.38649
0.047289
0.186507
0.133407
0.389082
0.430577
0.00640487
0.124399
0.662
0.662
0.354636
0.186862
0.662
0.662
0.26339
0.662
0.140686
0.234848
0.662
0.114556
0.259882
0.307328
0.662
0.161486
0.49681
0.662
0.578568
0.354852
0.662
0.518978
0.223596
0.165792
0.299877
0.303241
0.142278
0.112066
0.000935846
0.110068
0.662
0.662
0.662
0.490067
0.138858
0.154601
0.662
0.662
0.211738
0.662
0.459532
0.147196
0.34225
0.0120978
0.116882
0.180926
0.375848
0.662
0.0977058
0.662
0.662
0.450228
0.165654
0.662
0.233817
0.0728883
0.521977
0.0565434
0.380959
0.49599
0.662
0.622537
0.353512
0.409896
0.662
0.288193
0.662
0.662
0.656557
0.0903421
0.408255
0.662
0.463537
0.662
0.662
0.324947
0.662
0.662
0.411967
0.273282
0.477782
0.615134
0.28346
0.231844
0.604568
0.662
0.310487
0.662
0.18718
0.11268
0.217677
0.540098
0.150743
0.352571
0.662
0.662
0.0846885
0.662
0.141735
0.290652
0.209493
0.00402413
0.662
0.662
0.662
0.289717
0.388657
0.366288
0.662
0.596641
0.61236
0.156386
0.528547
0.0925244
0.402389
0.662
0.13239
0.466691
0.103369
0.137694
0.110223
0.662
0.134885
0.662
0.662
0.662
0.414089
0.662
0.662
0.369057
0.662
0.281927
0.446244
0.298775
0.116692
0.182151
0.662
0.662
0.406032
0.279215
0.110276
0.0609984
0.662
0.468385
0.540561
0.423904
0.662
0.662
0.662
0.0057369
0.329898
0.662
0.448912
0.419688
0.237265
0.154008
0.662
0.26284
0.0450444
0.662
0.271051
0.662
0.429085
0.430635
0.25334
0.162513
0.282892
0.368074
0.262328
0.457192
0.662
0.45879
0.389689
0.377527
0.662
0.411169
0.18297
0.662
0.413191
0.248042
0.450534
0.662
0.662
0.0331455
0.0653683
0.437153
0.662
0.168891
0.396309
0.323786
0.662
0.662
0.464546
0.0121243
0.265767
0.365485
0.662
0.438883
0.27319
0.662
0.662
0.662
0.184655
0.662
0.487443
0.662
0.416682
0.00151045
0.662
0.662
0.662
0.662
0.399278
0.662
0.662
0.46427
0.105048
0.286484
0.254245
0.662
0.662
0.662
0.210313
0.383845
0.0946426
0.271682
0.385552
0.195511
0.662
0.345092
0.0417019
0.662
0.0532344
0.404293
0.333167
0.221069
0.474764
0.662
0.106748
0.306547
0.436376
0.662
0.105663
0.662
0.662
0.169031
0.272724
0.429067
0.0521963
0.662
0.24563
0.408812
0.662
0.189454
0.102707
0.662
0.367593
0.145973
0.286021
0.187566
0.662
0.0665835
0.662
0.662
0.37158
0.460373
0.662
0.490675
0.255624
0.492122
0.213926
0.602894
0.0525618
0.282152
0.662
0.087295
0.242861
0.0968504
0.512933
0.662
0.0836486
0.244305
0.423153
0.357538
0.217013
0.662
0.234745
0.0836377
0.316871
0.420717
0.376472
0.120161
0.0614084
0.430795
0.117239
0.159933
0.402435
0.254417
0.2832
0.208686
0.662
0.662
0.268975
0.341651
0.112519
0.486399
0.289289
0.662
0.268621
0.662
0.229369
0.326751
0.662
0.571494
0.516633
0.662
0.567732
0.662
0.0351386
0.35981
0.662
0.013805
0.259373
0.577976
0.662
0.662
0.133584
0.662
0.410001
0.456456
0.662
0.662
0.0175621
0.662
0.662
0.220782
0.662
0.662
0.379424
0.097114
0.662
0.140338
0.662
0.662
0.662
0.662
0.362929
0.484648
0.662
0.422952
0.226676
0.0480556
0.662
0.0760966
0.662
0.662
0.437305
0.0189756
0.662
0.662
0.11454
0.254655
0.662
0.19887
0.319993
0.662
0.662
0.0533695
0.662
0.662
0.374114
0.00706883
0.662
0.281128
0.318561
0.500561
0.662
0.141599
0.662
0.662
0.383379
0.423514
0.155327
0.269506
0.495663
0.246281
0.662
0.662
0.546195
0.662
0.662
0.662
0.205614
0.662
0.662
0.662
0.235476
0.116041
0.387215
0.474467
0.662
0.370567
0.662
0.472479
0.379581
0.210137
0.364866
0.662
0.662
0.261957
0.662
0.284285
0.662
0.550845
0.110538
0.662
0.61817
0.454636
0.305293
0.433481
0.662
0.349387
0.662
0.31935
0.662
0.662
0.36589
0.662
0.400342
0.144333
0.504844
0.386637
0.662
0.156389
0.192148
0.324717
0.376313
0.499551
0.111798
0.616358
0.662
0.662
0.662
0.662
0.229716
0.662
0.405496
0.120307
0.19126
0.662
0.150969
0.0337558
0.610336
0.662
0.201402
0.401604
0.24937
0.662
0.154821
0.387775
0.662
0.0629273
0.662
0.662
0.0130573
0.0515314
0.124475
0.0992807
0.662
0.151932
0.662
0.662
0.662
0.335191
0.118956
0.500676
0.0526142
0.494796
0.0510391
0.221444
