0.271593
0.662
0.662
0.43985
0.278702
0.261901
0.0910808
0.615347
0.662
0.646318
0.409456
0.382997
0.0360522
0.231788
0.106187
0.614883
0.662
0.487619
0.503116
0.291281
0.662
0.499193
0.0905755
0.208072
0.662
0.0515424
0.593931
0.662
0.0821461
0.189806
0.662
0.626946
0.485541
0.0892306
0.0754387
0.0580507
0.306372
0.662
0.532369
0.662
0.167491
0.170992
0.483386
0.180027
0.214166
0.376097
0.662
0.391141
0.662
0.365865
0.129069
0.0815083
0.344603
0.662
0.461267
0.562825
0.281009
0.2023
0.0800185
0.124806
0.419618
0.107205
0.22329
0.662
0.321488
0.662
0.550302
0.402179
0.223099
0.193855
0.083624
0.090031
0.662
0.27559
0.533603
0.199279
0.339152
0.0667665
0.229051
0.555082
0.41963
0.00510029
0.0812468
0.662
0.474086
0.180555
0.0801495
0.139803
0.398242
0.0871238
0.0660168
0.440409
0.0808771
0.0874982
0.251653
0.106652
0.241448
0.431697
0.0543987
0.12703
0.158354
0.365452
0.442542
0.173648
0.435203
0.631267
0.49058
0.662
0.386243
0.128549
0.662
0.254226
0.250353
0.662
0.0522362
0.578791
0.124414
0.33154
0.221644
0.292179
0.0456289
0.0479765
0.026937
0.0652998
0.205394
0.0545187
0.214863
0.308745
0.346125
0.41394
0.196401
0.178156
0.662
0.287125
0.035494
0.0801814
0.194928
0.0863058
0.201642
0.438597
0.3841
0.110204
0.120145
0.662
0.245236
0.0582655
0.049739
0.059771
0.220807
0.524818
0.127541
0.363717
0.458044
0.543002
0.406715
0.519692
0.174946
0.24087
0.396552
0.450557
0.273937
0.662
0.394641
0.377954
0.18672
0.662
0.0327248
0.111206
0.0720091
0.185883
0.370843
0.662
0.038333
0.36124
0.268982
0.175617
0.520912
0.243541
0.0677137
0.287824
0.120614
0.0594293
0.34176
0.240531
0.424982
0.0566309
0.189261
0.299629
0.662
0.177417
0.120233
0.29094
0.285844
0.662
0.316686
0.0526529
0.489221
0.197675
0.662
0.142682
0.0812479
0.044815
0.395725
0.223657
0.415633
0.62068
0.0474749
0.156746
0.363966
0.0621627
0.542504
0.127521
0.662
0.470879
0.0416352
0.372599
0.509405
0.345695
0.308293
0.533864
0.082282
0.662
0.492313
0.249746
0.34941
0.552261
0.025516
0.0829565
0.302953
0.0308782
0.456072
0.314574
0.00559144
0.385443
0.662
0.151813
0.425423
0.259211
0.117071
0.263657
0.472344
0.0671485
0.462765
0.149521
0.280719
0.257829
0.216137
0.0937841
0.106416
0.432696
0.0719963
0.529421
0.24944
0.0915655
0.451495
0.458656
0.027946
0.662
0.469916
0.358065
0.0814675
0.12619
0.0783134
0.200697
0.205381
0.662
0.353947
0.149217
0.128297
0.183597
0.62766
0.469633
0.224352
0.576594
0.123119
0.10671
0.402587
0.142797
0.374559
0.445217
0.222434
0.554494
0.107968
0.513558
0.344205
0.119111
0.60483
0.662
0.468515
0.0437156
0.563447
0.286644
0.414133
0.0569969
0.0285779
0.391026
0.137382
0.662
0.654969
0.662
0.260606
0.047231
0.198008
0.662
0.662
0.24538
0.142571
0.229044
0.0950499
0.105098
0.355984
0.125742
0.11474
0.559831
0.0959782
0.203519
0.121231
0.0724212
0.208195
0.171065
0.523753
0.30629
0.148969
0.0179786
0.662
0.404481
0.431197
0.141612
