0.662
0.414856
0.224138
0.662
0.1856
0.180665
0.130699
0.0224144
0.274129
0.122722
0.662
0.23126
0.194561
0.376061
0.247651
0.47909
0.662
0.620654
0.154999
0.356385
0.219606
0.29116
0.464592
0.0776604
0.0996144
0.662
0.662
0.4742
0.662
0.0324794
0.0637413
0.264515
0.0388691
0.200278
0.103485
0.047941
0.662
0.106574
0.41422
0.0671273
0.172298
0.169538
0.0998076
0.0633049
0.0778683
0.160755
0.258973
0.293396
0.144786
0.0946178
0.172206
0.140022
0.0819998
0.200209
0.0837372
0.662
0.662
0.662
0.112277
0.662
0.0033092
0.662
0.460574
0.202239
0.164359
0.662
0.289218
0.226359
0.0579609
0.301359
0.103734
0.0973685
0.483213
0.012866
0.197109
0.216376
0.280884
0.662
0.337881
0.23368
0.115788
0.116824
0.134637
0.176701
0.0936705
0.155333
0.107204
0.185805
0.168541
0.662
0.129603
0.662
0.310332
0.0865055
0.170259
0.407979
0.209336
0.662
0.662
0.368345
0.363246
0.0773849
0.207378
0.183934
0.328545
0.232706
0.0342089
0.175317
0.0803976
0.135728
0.0491293
0.20002
0.551433
0.1102
0.0962747
0.165878
0.0808009
0.57011
0.172314
0.317122
0.107234
0.346604
0.189964
0.210488
0.662
0.101286
0.104019
0.347886
0.662
0.245504
0.29782
0.173119
0.0499434
0.335591
0.0161089
0.219897
0.196116
0.222422
0.600378
0.457613
0.452103
0.29482
0.00593601
0.662
0.105261
0.535736
0.0903874
0.194481
0.252907
0.153363
0.662
0.0848645
0.354925
0.14741
0.0988498
0.364265
0.217816
0.662
0.426503
0.28037
0.221642
0.0756297
0.197042
0.380776
0.41997
0.0528707
0.0919751
0.0694861
0.413858
0.0665368
0.398156
0.100029
0.409685
0.421426
0.662
0.469147
0.236382
0.40659
0.277348
0.20209
0.116382
0.662
0.252473
0.123406
0.105224
0.662
0.173468
0.158624
0.06125
0.122988
0.202728
0.662
0.118166
0.0155824
0.437614
0.444559
0.0790153
0.108737
0.109501
0.164601
0.439173
0.662
0.374495
0.662
0.369016
0.662
0.662
0.266759
0.193897
0.116232
0.0435951
0.212585
0.054216
0.0734647
0.184041
0.662
0.15723
0.284676
0.123948
0.139199
0.662
0.106593
0.424471
0.227041
0.265579
0.113072
0.139412
0.0561103
0.190667
0.493987
0.112332
0.228235
0.436826
0.205168
0.662
0.0647578
0.662
0.141274
0.131618
0.662
0.407842
0.0949064
0.662
0.241578
0.0995759
0.20484
0.200722
0.370468
0.60947
0.284143
0.124898
0.38584
0.662
0.474176
0.0748449
0.401668
0.303736
0.662
0.203869
0.662
0.135338
0.576563
0.132796
0.191988
0.0805765
0.206727
0.231662
0.0865117
0.258022
0.0924585
0.0427544
0.194322
0.392637
0.192002
0.192278
0.662
0.662
0.369434
0.662
0.342498
0.512431
0.495455
0.101488
0.0524444
0.254177
0.662
0.0375412
0.393967
0.3819
0.228235
0.475697
0.298888
0.147747
0.662
0.0491282
0.125999
0.31082
0.159252
0.662
0.0530747
0.113806
0.662
0.362578
0.473114
0.0752828
0.658795
0.089209
0.662
0.116315
0.127641
0.662
0.392971
0.227558
0.372976
0.662
0.662
0.662
0.487902
0.073502
0.412223
0.382855
0.173043
0.0608303
0.0630263
0.0555152
0.297547
0.266395
0.193164
0.12993
0.13182
0.124878
0.282079
0.225234
0.332689
0.662
0.662
0.037697
0.0798061
0.15585
0.612052
0.662
0.0797673
0.216362
0.287188
0.0661481
0.32939
0.265238
0.126307
0.124162
0.243927
0.126415
0.118499
0.367975
0.382346
0.212912
0.0480133
0.378408
0.662
0.428565
0.0654614
0.662
0.195055
0.125476
0.448504
0.206838
0.662
0.662
0.310848
0.529396
0.662
0.312662
0.662
0.629003
0.662
0.113774
0.172163
0.205423
0.662
0.0753838
0.261178
0.173942
0.122387
0.0593014
0.170693
0.258653
0.0900471
0.131457
0.570271
0.0656828
0.136698
0.0808202
0.662
0.0471755
0.113858
0.279362
0.0428916
0.662
0.584471
0.662
0.363726
0.332256
0.264668
0.09124
0.662
0.0571424
0.153365
0.238599
0.153706
0.27938
0.100111
0.430901
0.133414
0.017231
0.662
0.212771
0.662
0.393241
0.383208
0.287445
0.136344
0.536297
0.0901235
0.125783
0.187448
0.175186
0.255237
0.0309031
0.662
0.175046
0.662
0.129543
0.0398493
0.0706606
0.662
0.227431
0.255389
0.122855
0.0964172
0.662
0.18528
0.324649
0.322351
0.100385
0.325222
0.00262979
0.0574651
0.662
0.662
0.0409716
0.122206
0.662
0.44447
0.189965
0.127439
0.244916
0.662
0.219763
0.662
0.662
0.17194
0.323969
0.498372
0.162114
0.0660476
0.33922
0.11202
0.662
0.662
0.219909
0.662
0.0548369
0.0785087
0.662
0.0790049
0.143347
0.0966391
0.17217
0.140982
0.294515
0.298608
0.123539
0.296828
0.3132
0.238031
0.421155
0.221913
0.0523241
0.0889211
0.363531
0.0609675
0.45042
0.374288
0.14823
0.662
0.0534555
0.284794
0.419828
0.261475
0.0475869
0.286316
0.402112
0.398226
0.254613
0.0655191
0.0465199
0.662
0.146402
0.155299
0.213527
0.46218
0.0717318
0.0674593
0.0944748
0.200601
0.266848
0.307715
0.0636612
0.180523
0.107523
0.277859
0.107473
0.288861
0.0964822
0.189282
0.662
0.662
0.662
0.46058
0.241956
0.283735
0.251286
0.383222
0.170267
0.229495
0.14885
0.251016
0.264566
0.0360853
0.00582329
0.662
0.0758909
0.00114894
0.662
0.399125
0.662
0.159281
0.0690029
0.267315
0.391452
0.580256
0.0942366
0.662
0.123756
0.293522
0.0800502
0.0842459
0.58338
0.15049
0.101554
0.0977446
0.14251
0.240404
0.23828
0.171169
0.109459
0.662
0.150918
0.662
0.0177588
0.562721
0.157101
0.0399254
0.0869834
0.662
0.0194547
0.662
0.662
0.138772
0.116706
0.149197
0.156953
0.232974
0.660628
0.261906
0.0750253
0.0341801
0.662
0.231562
0.271843
0.25588
0.244087
0.051186
0.0360416
0.217936
0.662
0.137388
0.284141
0.60347
0.0849599
0.662
0.354821
0.3381
0.0730529
0.662
0.455762
0.100135
0.596065
0.662
0.313667
0.0990873
0.53577
0.123371
0.0769088
0.123846
0.242378
0.190182
0.324005
0.459579
0.662
0.221357
0.254911
0.662
0.125118
0.124609
0.204709
0.11947
0.321883
0.0630615
0.573519
0.107237
0.423358
0.293075
0.287855
0.653285
0.118695
0.0688892
0.321305
0.0533082
0.662
0.316923
0.354734
0.130797
0.0780584
0.244431
0.172183
0.488572
0.538203
0.191371
0.365731
0.643693
0.179995
0.0543391
0.0494975
0.662
0.0826493
0.662
0.316664
0.273778
0.644382
0.662
0.433718
0.053026
0.585548
0.194012
0.110956
0.115405
0.662
0.317702
0.0777653
0.245868
0.290384
0.386426
0.662
0.165594
0.110869
0.140122
0.216778
0.189695
0.0767574
0.662
0.120488
0.662
0.121041
0.0995488
0.0150702
0.157663
0.496907
0.2459
0.0626138
0.546329
0.432685
0.111566
0.384133
0.240141
0.107139
0.127085
0.173222
0.135539
0.268883
0.354716
0.103746
0.662
0.341946
0.254366
0.119115
0.41395
0.103383
0.455064
0.353343
0.662
0.217812
0.650467
0.115203
0.0842775
0.273527
0.479079
0.205579
0.26114
0.662
0.662
0.099505
0.191499
0.405745
0.399375
0.19284
0.662
0.542045
0.182419
0.19584
0.494162
0.113249
0.572922
0.515694
0.360038
0.0381161
0.0664479
0.636353
0.124892
0.632808
0.0416832
0.400447
0.0395894
0.12894
0.314938
0.246324
0.143221
0.662
0.662
0.0520184
0.124933
0.413262
0.662
0.133678
0.0590316
0.0222535
0.539098
0.662
0.0854015
0.13602
0.662
0.253056
0.198842
0.331227
0.0597522
0.304108
0.662
0.109424
0.319046
0.0172585
0.139946
0.0613472
0.165337
0.165308
0.469491
0.0707022
0.662
0.565288
0.0536254
0.662
0.174563
0.225529
0.368971
0.317892
0.168791
0.174814
0.662
0.204568
0.42183
0.247831
0.273971
0.391433
0.662
0.144086
0.158145
0.161104
0.0872748
0.573981
0.087073
0.493894
0.374591
0.140551
0.186997
0.174159
0.428946
0.255735
0.143455
0.301985
0.104875
0.251886
0.391254
0.662
0.0681976
0.0747802
0.221562
0.275756
0.29128
0.0911343
0.610145
0.523444
0.557266
0.253362
0.0972164
0.207752
0.614237
0.0891332
0.662
0.662
0.0468225
0.149874
0.172817
0.158924
0.278382
0.0170721
0.169588
0.0799585
0.00499132
0.205527
0.233068
0.143591
0.135657
0.389492
0.0829339
0.0449628
0.365164
0.267383
0.662
0.23053
0.662
0.662
0.0674994
0.103563
0.300036
0.470487
0.134801
0.0876209
0.143739
0.31047
0.304762
0.367633
0.470811
0.154578
0.662
0.662
0.12561
0.6497
0.325061
0.34757
0.00869582
0.662
0.152166
0.0577909
0.365545
0.0484961
0.288803
0.33804
0.0543033
0.151138
0.372117
0.105376
0.0854919
0.486099
0.461414
0.662
0.232506
0.181313
0.662
0.662
0.624478
0.191547
0.573036
0.135052
0.127627
0.114955
0.662
0.662
0.348961
0.24331
0.239831
0.174037
0.662
0.618045
0.262095
0.125021
0.0552423
0.058384
0.514302
0.075759
0.0531962
0.223362
0.0761538
0.206836
0.356178
0.153472
0.0662782
0.203429
0.0707961
0.205081
0.403722
0.191922
0.494923
0.183465
0.299755
0.13522
0.324331
0.251722
0.428222
0.6613
0.191666
0.488309
0.159413
0.247596
0.495164
0.12258
0.406665
0.0731401
0.133999
0.24453
0.10749
0.0138139
0.517795
0.189142
0.662
0.128213
0.117599
0.245854
0.482933
0.0429408
0.431258
0.662
0.106764
0.234487
0.343497
0.168544
0.121934
0.517083
0.662
0.185866
0.139019
0.0850971
0.552891
0.106468
0.380961
0.302444
0.349675
0.45189
0.203264
0.111961
0.427183
0.107406
0.309956
0.662
0.210584
0.662
0.662
0.0663927
0.662
0.331282
0.166083
0.194837
0.160651
0.188567
0.40758
0.133361
0.662
0.662
0.662
0.183209
0.480725
0.100452
0.352911
0.46149
0.261703
0.0757643
0.662
0.170831
0.662
0.153497
0.123395
0.00233659
0.0952144
0.0981922
0.0427964
0.103567
0.0666064
0.636691
0.114414
0.0721553
0.529656
0.0896684
0.076614
0.284146
0.245809
0.246974
0.437795
0.17848
0.0790862
0.363574
0.662
0.662
0.0699398
0.140865
0.0466758
0.0512809
0.662
0.0386572
0.326821
0.231294
0.63734
0.0614838
0.242191
0.201774
0.53421
0.214649
0.24285
0.152936
0.0631724
0.106194
0.389309
0.662
0.096401
0.343345
0.533162
0.136892
0.227509
0.267162
0.175831
0.29365
0.39158
0.507846
0.484383
0.589334
0.127949
0.0931131
0.297413
0.228549
0.216348
0.228999
0.662
0.276207
0.162654
0.205358
0.108989
0.489663
0.0751152
0.662
0.423981
0.0133942
0.662
0.233491
0.18777
0.197328
0.0198875
0.339741
0.308975
0.662
0.43406
0.185795
0.0379484
0.0376218
0.285287
0.120439
0.256991
0.192651
0.59136
0.0674342
0.117592
0.196168
0.226404
0.0408402
0.359744
0.109396
0.547744
0.217306
0.0857996
0.0836913
0.218835
0.264486
0.257162
0.111472
0.141658
0.662
0.662
0.536903
0.368499
0.101346
0.0442011
0.0540874
0.228305
0.0635615
0.285766
0.650829
0.154405
0.662
0.408782
0.662
0.0735644
0.350986
0.191176
0.358752
0.241573
0.662
0.662
0.0225519
0.0881413
0.0607238
0.0602374
0.0471958
0.335593
0.429462
0.217812
0.186247
0.144646
0.662
0.201395
0.0735363
0.369508
0.523279
0.141717
0.00152029
0.183535
0.0840681
0.175497
0.228562
0.21733
0.0671442
0.13717
0.559166
0.662
0.662
0.582449
0.15679
0.109449
0.126667
0.0526882
0.662
0.488683
0.662
0.409009
0.635135
0.0645227
0.282728
0.187633
0.146368
0.165737
0.468779
0.161715
0.662
0.0883445
0.124465
0.119584
0.151054
0.191346
0.15161
0.0262621
0.637011
0.662
0.486074
0.293107
0.546834
0.00192993
0.0635266
0.12021
0.214011
0.662
0.196936
0.368914
0.167503
0.0888172
0.255759
0.662
0.107848
0.105954
0.131193
0.0555902
0.132291
0.574397
0.0956574
0.105005
0.0985379
0.105973
0.211992
0.161977
0.0730783
0.662
0.210004
0.0660991
0.133926
0.112688
0.0812305
0.182755
0.046644
0.415812
0.650295
0.0828772
0.662
0.466861
0.662
0.310295
0.63339
0.662
0.0658313
0.158623
0.378123
0.367997
0.662
0.0882889
0.0516342
0.044773
0.140154
0.256401
0.662
0.105306
0.616844
0.217952
0.371682
0.269361
0.104453
0.0821226
0.271252
0.662
0.0556893
0.590224
0.180559
0.29035
0.487594
0.662
0.277955
0.0667765
0.238213
0.145422
0.322154
0.316771
0.221658
0.661163
0.0923713
0.0592327
0.642075
0.0931312
0.124945
0.218173
0.145562
0.0723343
0.131853
0.325711
0.662
0.247801
0.0260037
0.662
0.300617
0.438044
0.0592975
0.516253
0.250104
0.255507
0.564819
0.662
0.276188
0.21964
0.485016
0.224413
0.129178
0.22022
0.38363
0.00925797
0.338207
0.662
0.592246
0.1093
0.662
0.0519508
0.102772
0.298996
0.611057
0.26539
0.0880023
0.0631194
0.249336
0.662
0.662
0.211637
0.380232
0.068584
0.327
0.097298
0.254408
0.323543
0.662
0.160309
0.10493
0.340479
0.0346331
0.334544
0.0954561
0.662
0.655071
0.221059
0.204957
0.134126
0.227964
0.646719
0.172544
0.117989
0.560504
0.389036
0.549934
0.382628
0.261603
0.363225
0.244153
0.144055
0.662
0.662
0.0550622
0.662
0.204861
0.0603931
0.660081
0.662
0.402926
0.333728
0.0794778
0.662
0.643784
0.331632
0.404504
0.465429
0.145929
0.276455
0.361111
0.572849
0.0655878
0.132283
0.0578339
0.339351
0.175332
0.310834
0.0663338
0.068138
0.281567
0.234856
0.0920827
0.149555
0.0629161
0.266331
0.149523
0.0729919
0.125414
0.156691
0.0979878
0.207361
0.615543
0.662
0.0975836
0.174914
0.662
0.0622859
0.123501
0.117877
0.0949303
0.140492
0.288409
0.0844146
0.065205
0.100448
0.311307
0.493618
0.0624828
0.381472
0.651666
0.288762
0.55711
0.0726199
0.0817026
0.192964
0.415099
0.262953
0.294466
0.0730304
0.216133
0.495864
0.0975158
0.622722
0.030536
0.414005
0.354836
0.43904
0.0664785
0.236517
0.662
0.0781912
0.19859
0.0948539
0.202678
0.662
0.662
0.0786373
0.662
0.508864
0.17264
0.483814
0.181635
0.414068
0.0643876
0.0768042
0.597144
0.0614108
0.107739
0.0886138
0.08461
0.0432281
0.456083
0.100697
0.252277
0.100984
0.141464
0.140709
0.350777
0.0785065
0.662
0.273506
0.60895
0.0645464
0.307737
0.150644
0.0231101
0.0643315
0.128704
0.662
0.213043
0.194777
0.0648305
0.244173
0.117809
0.213903
0.142112
0.139454
0.425836
0.102907
0.062005
0.0844175
0.34669
0.255181
0.0791059
0.614756
0.0957179
0.0168567
0.227793
0.142299
0.0905078
0.25538
0.201572
0.0897855
0.662
0.228905
0.110202
0.106237
0.236137
0.662
0.312406
0.0119354
0.273998
0.662
0.662
0.605754
0.235259
0.662
0.0808692
0.117537
0.1972
0.37978
0.12798
0.464689
0.198386
0.114299
0.662
0.0123216
0.176749
0.122138
0.662
0.0341108
0.206492
0.616758
0.0962035
0.0451493
0.160635
0.127456
0.144844
0.120001
0.179054
0.578821
0.19726
0.662
0.190598
0.243621
0.662
0.113819
0.208645
0.00380522
0.248517
0.0714525
0.105048
0.202829
0.287968
0.0859028
0.132461
0.254705
0.464359
0.0360821
0.150615
0.0142446
0.374551
0.210284
0.123253
0.158443
0.166942
0.662
0.662
0.217722
0.233015
0.2938
0.354542
0.590347
0.119106
0.124319
0.662
0.662
0.0780454
0.338553
0.136675
0.142042
0.28122
0.0955728
0.101691
0.612207
0.119291
0.271209
0.106466
0.662
0.662
0.0825337
0.19338
0.394935
0.35402
0.171337
0.42345
0.662
0.24383
0.598595
0.132499
0.168752
0.270201
0.446577
0.0631006
0.18691
0.212584
0.105524
0.472806
0.236176
0.636348
0.132043
0.221559
0.662
0.0444126
0.662
0.477965
0.244147
0.09244
0.390717
0.0963981
0.535494
0.556067
0.401288
0.230116
0.559033
0.0889306
0.376231
0.0535904
0.358069
0.106131
0.388073
0.109549
0.311845
0.536274
0.248044
0.324241
0.190616
0.312917
0.270389
0.214402
0.244824
0.407317
0.346426
0.0714539
0.662
0.123652
0.133485
0.181709
0.166071
0.518663
0.349447
0.076075
0.481994
0.15004
0.121585
0.0748286
0.0668738
0.165591
0.0546894
0.105914
0.145561
0.126957
0.479473
0.0607107
0.424727
0.337205
0.256701
0.184823
0.283004
0.483836
0.662
0.662
0.500006
0.531635
0.662
0.0175355
0.146224
0.556551
0.394887
0.2024
0.244422
0.13631
0.0994577
0.167907
0.114049
0.116025
0.571625
0.103036
0.0434047
0.662
0.0956066
0.384061
0.0355592
0.635056
0.437961
0.214331
0.269574
0.27967
0.179149
0.085258
0.662
0.552711
0.142219
0.130203
0.1662
0.119568
0.142178
0.373172
0.239988
0.217348
0.662
0.603454
0.0721089
0.255458
0.0159231
0.0624153
0.111254
0.195301
0.662
0.220062
0.662
0.277556
0.428322
0.380618
0.388366
0.408856
0.176767
0.319706
0.107846
0.19332
0.662
0.554336
0.254549
0.660439
0.392609
0.501333
0.477348
0.438056
0.662
0.0300356
0.662
0.537583
0.631
0.662
0.258786
0.63896
0.662
0.220396
0.0828057
0.396565
0.210703
0.19716
0.424192
0.340315
0.488177
0.130571
0.662
0.0608873
0.197357
0.165762
0.173906
0.315347
0.261597
0.662
0.0565355
0.140752
0.0215363
0.482118
0.351833
0.207606
0.115218
0.376268
0.228111
0.0971183
0.662
0.0951616
0.15398
0.11294
0.0700288
0.040095
0.135772
0.213343
0.662
0.351471
0.615584
0.129246
0.662
0.140207
0.14113
0.10121
0.0577692
0.097369
0.0631319
0.662
0.662
0.114372
0.0647273
0.538737
0.0967378
0.134462
0.0881064
0.594193
0.492787
0.43437
0.206808
0.16514
0.0895132
0.204413
0.381489
0.109335
0.662
0.138622
0.192872
0.127568
0.2857
0.39851
0.146278
0.114294
0.0557694
0.0936444
0.0851437
0.0871964
0.145897
0.218079
0.211915
0.149786
0.150797
0.0445614
0.133669
0.0565222
0.0225514
0.338638
0.158801
0.662
0.143514
0.0153646
0.307202
0.328262
0.310635
0.662
0.245048
0.125699
0.209114
0.0685893
0.0458283
0.103539
0.124563
0.352746
0.213504
0.0396504
0.143428
0.662
0.0470715
0.149058
0.0944107
0.0807033
0.327026
0.104956
0.201613
0.0900636
0.215593
0.29384
0.236745
0.158782
0.17898
0.164108
0.09931
0.228769
0.0974786
0.122958
0.0680949
0.0662563
0.115612
0.607576
0.219838
0.1628
0.197872
0.138897
0.173499
0.482711
0.139894
0.662
0.0909168
0.662
0.339489
0.212431
0.386552
0.215184
0.662
0.491566
0.662
0.170731
0.0893726
0.591659
0.0653194
0.0954109
0.229889
0.0688498
0.304481
0.662
0.109463
0.113431
0.139699
0.176007
0.662
0.158357
0.017657
0.32917
0.223656
0.662
0.210798
0.239976
0.275588
0.256316
0.102112
0.118451
0.18408
0.552079
0.142393
0.522899
0.235051
0.187519
0.326986
0.662
0.425858
0.247827
0.217364
0.661855
0.262763
0.14167
0.662
0.298615
0.194046
0.12547
0.119589
0.140199
0.29382
0.127565
0.447279
0.329961
0.171854
0.127265
0.017103
0.0055956
0.662
0.255214
0.371545
0.661551
0.225503
0.0950268
0.0546283
0.185741
0.416681
0.0555068
0.662
0.131739
0.124651
0.267969
0.228435
0.608828
0.662
0.08471
0.256124
0.346432
0.285861
0.509661
0.125517
0.331517
0.0677898
0.0902979
0.108714
0.0866655
0.242899
0.102185
0.482204
0.0166454
0.183484
0.430118
0.250932
0.0807836
0.662
0.208196
0.090881
0.196334
0.115531
0.298283
0.426986
0.0919702
0.116954
0.503547
0.104923
0.265879
0.240247
0.107265
0.0868917
0.108712
0.146174
0.473888
0.547698
0.109158
0.112919
0.662
0.0534875
0.487831
0.0531361
0.221435
0.464295
0.662
0.662
0.32869
0.208593
0.320085
0.299703
0.232577
0.620215
0.216458
0.0896518
0.662
0.662
0.0534935
0.662
0.12694
0.0798493
0.0515364
0.0753816
0.502755
0.345733
0.662
0.0694182
0.155376
0.253801
0.662
0.662
0.249268
0.393061
0.163496
0.662
0.0294449
0.265198
0.0754941
0.0809218
0.662
0.155538
0.42684
0.175801
0.540379
0.270659
0.662
0.154002
0.308828
0.0877952
0.552299
0.0596033
0.252581
0.662
0.148003
0.309547
0.47735
0.662
0.0513864
0.312405
0.134809
0.350518
0.221058
0.61897
0.0766418
0.0814895
0.288167
0.120845
0.302919
0.302646
0.0671452
0.0508983
0.54849
0.116329
0.0661774
0.110672
0.662
0.407018
0.662
0.0479974
0.0795296
0.119482
0.0999013
0.125861
0.472362
0.127537
0.158259
0.0868493
0.0635848
0.662
0.115506
0.401989
0.101948
0.459188
0.186115
0.0260656
0.190108
0.0759212
0.442412
0.101247
0.276686
0.477483
0.247625
0.662
0.662
0.114777
0.275139
0.421483
0.0880823
0.0621521
0.514484
0.238546
0.122702
0.31993
0.108048
0.339075
0.174881
0.0826204
0.0201595
0.210903
0.585985
0.0889439
0.614767
0.617747
0.185578
0.249471
0.132874
0.239043
0.635429
0.137434
0.327087
0.117719
0.286534
0.092735
0.56943
0.0797648
0.0190615
0.155257
0.14786
0.273867
0.662
0.0748389
0.0429684
0.0628408
0.197545
0.114361
0.487311
0.544869
0.196023
0.00578398
0.524396
0.050716
0.16292
0.284294
0.526515
0.124796
0.117804
0.340701
0.11299
0.121702
0.398236
0.123709
0.320238
0.23202
0.257016
0.0784016
0.126999
0.392995
0.578984
0.178552
0.633293
0.182871
0.135156
0.212129
0.10698
0.331989
0.662
0.118065
0.119439
0.431006
0.0976885
0.0548435
0.0416318
0.583751
0.208233
0.105384
0.662
0.073913
0.662
0.00581317
0.0390975
0.662
0.224508
0.374233
0.662
0.662
0.120987
0.446583
0.352969
0.315095
0.166085
0.396853
0.0947697
0.127645
0.662
0.0912241
0.0833498
0.1296
0.515368
0.332664
0.155324
0.159698
0.441593
0.61475
0.113367
0.284508
0.662
0.160018
0.408922
0.171298
0.303394
0.0997049
0.662
0.153929
0.407558
0.274566
0.0371856
0.0416876
0.127785
0.590701
0.13992
0.123398
0.0747744
0.662
0.085871
0.0844181
0.282795
0.122238
0.544782
0.146321
0.391779
0.0639179
0.0805955
0.399779
0.239206
0.106111
0.662
0.359541
0.251312
0.662
0.662
0.065243
0.276316
0.662
0.07127
0.165136
0.239668
0.00233123
0.331544
0.298923
0.662
0.207286
0.662
0.190621
0.0843931
0.184603
0.562027
0.0330218
0.338598
0.214552
0.149641
0.407198
0.111353
0.147104
0.165122
0.662
0.305003
0.417492
0.14511
0.521422
0.382274
0.0925701
0.0457292
0.0772539
0.472288
0.639883
0.0551509
0.468741
0.140554
0.662
0.366473
0.662
0.0555686
0.287554
0.437375
0.133296
0.311818
0.0541645
0.662
0.157493
0.286748
0.514925
0.314919
0.279055
0.156149
0.165355
0.123994
0.23112
0.0683816
0.125549
0.170988
0.130845
0.288197
0.164772
0.151585
0.662
0.066434
0.135516
0.0934076
0.197222
0.420994
0.662
0.188623
0.555496
0.177625
0.184676
0.556888
0.0632951
0.0534775
0.201068
0.662
0.120205
0.267429
0.0727768
0.349929
0.181463
0.662
0.495334
0.204878
0.0576752
0.662
0.0560525
0.129305
0.153661
0.319171
0.587217
0.309045
0.0743486
0.114208
0.323782
0.409214
0.224694
0.662
0.084282
0.362387
0.662
0.457518
0.366631
0.546409
0.319311
0.426988
0.308071
0.407934
0.338241
0.193882
0.275522
0.662
0.16625
0.662
0.382557
0.176501
0.238322
0.0648212
0.662
0.662
0.0971027
0.427443
0.414524
0.0882707
0.104854
0.524237
0.0982072
0.0902112
0.188295
0.662
0.199568
0.0592234
0.217011
0.0892634
0.48046
0.662
0.266362
0.662
0.648783
0.139604
0.103202
0.0587071
0.109619
0.325506
0.662
0.102597
0.0445647
0.662
0.0999945
0.0909647
0.499693
0.110929
0.0928344
0.493345
0.612925
0.199585
0.511662
0.244773
0.34219
0.0936609
0.280653
0.493464
0.157783
0.662
0.312558
0.440729
0.121644
0.662
0.560829
0.261322
0.0902118
0.0590837
0.187737
0.08307
0.249012
0.0789623
0.202504
0.245922
0.662
0.228882
0.179092
0.0295995
0.411188
0.0816774
0.243249
0.662
0.10055
0.124041
0.0985089
0.343168
0.662
0.096778
0.134651
0.604601
0.113037
0.218219
0.4288
0.148921
0.662
0.101936
0.239083
0.0720818
0.0968994
0.662
0.388787
0.224809
0.0880973
0.107577
0.347982
0.0169819
0.556302
0.405744
0.0851794
0.475193
0.649567
0.0435058
0.0845116
0.259172
0.259307
0.551626
0.418773
0.662
0.165056
0.0650493
0.526381
0.103349
0.662
0.139411
0.0925158
0.112081
0.0933205
0.141879
0.113541
0.190843
0.435217
0.580671
0.120469
0.662
0.194635
0.424894
0.039622
0.23724
0.0343532
0.59766
0.221772
0.154144
0.396516
0.379625
0.257928
0.055723
0.348451
0.662
0.62684
0.107847
0.662
0.122505
0.143816
0.322624
0.128493
0.0729791
0.359857
0.32641
0.425319
0.451644
0.0944522
0.290145
0.0589837
0.10399
0.268397
0.304275
0.0739698
0.662
0.415338
0.313417
0.407471
0.267879
0.150223
0.187656
0.231312
0.156258
0.274244
0.662
0.135459
0.127912
0.240616
0.525643
0.42494
0.0738724
0.662
0.05381
0.200501
0.60501
0.469303
0.216417
0.128971
0.321983
0.456456
0.662
0.292527
0.272962
0.495665
0.309397
0.104642
0.662
0.165744
0.389045
0.109151
0.207929
0.331861
0.111451
0.0735145
0.662
0.239086
0.0637704
0.662
0.201964
0.486884
0.662
0.662
0.429352
0.113411
0.551622
0.0592291
0.139849
0.0790922
0.0379003
0.0797673
0.209155
0.227709
0.16634
0.569855
0.272661
0.51
0.662
0.0284196
0.232639
0.185943
0.517301
0.119796
0.202321
0.445281
0.426223
0.0774832
0.328287
0.662
0.166627
0.449207
0.453352
0.234819
0.440488
0.211859
0.216963
0.317122
0.361613
0.0930323
0.212338
0.206872
0.131735
0.241799
0.0883845
0.0869565
0.662
0.0623192
0.363414
0.134768
0.324945
0.59894
0.0989513
0.260679
0.115538
0.145014
0.532516
0.0908714
0.174109
0.375173
0.662
0.323676
0.3603
0.0289008
0.204739
0.128024
0.076311
0.123114
0.123643
0.388598
0.23337
0.662
0.54683
0.0177688
0.0764189
0.125836
0.0487285
0.161933
0.271908
0.538418
0.097215
0.662
0.158711
0.486894
0.250011
0.471545
0.384453
0.662
0.383363
0.662
0.558242
0.662
0.119119
0.455423
0.468017
0.328847
0.285713
0.126859
0.24304
0.0864533
0.0467781
0.239583
0.224985
0.662
0.256766
0.0665399
0.171633
0.662
0.523388
0.110184
0.18344
0.662
0.0166258
0.0626153
0.259763
0.54756
0.159031
0.198444
0.0914853
0.0942465
0.221065
0.662
0.0698259
0.159618
0.0742317
0.408332
0.12696
0.126236
0.662
0.662
0.15313
0.141091
0.156765
0.0672465
0.662
0.662
0.0821029
0.278179
0.0576067
0.0858047
0.661436
0.499096
0.231644
0.00914379
0.134988
0.0370525
0.186645
0.662
0.563848
0.416862
0.662
0.186703
0.186678
0.138254
0.374127
0.286059
0.0322505
0.0424807
0.10936
0.00743193
0.662
0.361805
0.222152
0.662
0.206345
0.662
0.0570565
0.662
0.662
0.154111
0.0479754
0.0775414
0.0657629
0.148834
0.504774
0.13851
0.090632
0.166877
0.198921
0.0856723
0.0399124
0.091177
0.443733
0.129496
0.137905
0.0186833
0.259692
0.662
0.325958
0.567303
0.212774
0.129821
0.0161242
0.1314
0.662
0.18125
0.0324501
0.262848
0.399444
0.238463
0.121841
0.23653
0.175911
0.106717
0.0584251
0.395204
0.0877161
0.468615
0.43854
0.273827
0.115589
0.0750035
0.177818
0.245942
0.129412
0.0921289
0.103778
0.662
0.290317
0.0100052
0.588434
0.0734185
0.172131
0.285584
0.0184556
0.158719
0.250679
0.112396
0.273555
0.120242
0.297906
0.113053
0.198156
0.0821401
0.0397684
0.662
0.327292
0.087831
0.188699
0.121245
0.0583038
0.129923
0.294093
0.229438
0.182845
0.308533
0.245759
0.0523243
0.459906
0.0764377
0.0456763
0.485561
0.662
0.50754
0.662
0.282128
0.256053
0.662
0.0608931
0.229836
0.255027
0.224033
0.535064
0.432517
0.193413
0.662
0.123159
0.24372
0.411948
0.12485
0.0626911
0.204546
0.305294
0.0495918
0.286335
0.206365
0.294777
0.0672909
0.100278
0.133093
0.33172
0.324386
0.31027
0.662
0.071685
0.172039
0.335322
0.103704
0.662
0.251155
0.369348
0.12587
0.392566
0.00943472
0.187116
0.302366
0.0818676
0.151811
0.0674194
0.303637
0.339094
0.100327
0.370944
0.154116
0.0637654
0.361012
0.101748
0.355028
0.0525076
0.415568
0.169487
0.136993
0.0662436
0.293346
0.0914083
0.38953
0.516754
0.0975985
0.287474
0.116476
0.0375211
0.489947
0.662
0.461461
0.563769
0.298897
0.518502
0.249847
0.46868
0.115331
0.446061
0.109607
0.132736
0.235008
0.5869
0.652479
0.143412
0.626463
0.0597107
0.23847
0.219575
0.0762625
0.662
0.32178
0.170179
0.161502
0.305947
0.380456
0.572047
0.286608
0.263959
0.0983419
0.231216
0.173718
0.144218
0.301287
0.232934
0.186391
0.0595781
0.2997
0.441992
0.0693641
0.156609
0.0820835
0.468857
0.662
0.0661758
0.268584
0.069996
0.215767
0.165153
0.135875
0.0778937
0.248317
0.198832
0.161039
0.285909
0.662
0.188029
0.0754763
0.65029
0.131843
0.345564
0.000618182
0.160522
0.458616
0.116347
0.217182
0.662
0.0831836
0.551338
0.229215
0.197264
0.0928156
0.1006
0.254066
0.0658426
0.144676
0.343445
0.120126
0.649165
0.275756
0.291511
0.0549285
0.405758
0.0445353
0.481195
0.0744267
0.0754674
0.117441
0.380525
0.371455
0.656164
0.419603
0.357673
0.662
0.113625
0.0650083
0.662
0.134934
0.134986
0.0679161
0.343969
0.107387
0.3002
0.132242
0.37679
0.662
0.235903
0.304019
0.0800438
0.157051
0.327443
0.053466
0.100642
0.152833
0.160356
0.387316
0.662
0.188374
0.662
0.0172125
0.662
0.662
0.145851
0.662
0.576848
0.662
0.274704
0.0693921
0.662
0.108671
0.482192
0.549481
0.116842
0.0563017
0.0419975
0.662
0.662
0.662
0.0899602
0.0561867
0.662
0.230879
0.662
0.0845076
0.316205
0.178223
0.0793533
0.421927
0.144106
0.0783264
0.135774
0.0948633
0.579608
0.2354
0.662
0.128944
0.145278
0.401328
0.662
0.662
0.598807
0.085242
0.211694
0.0593026
0.137863
0.159999
0.270303
0.0455687
0.15158
0.480825
0.0701791
0.176541
0.148666
0.0679256
0.235342
0.662
0.231616
0.347998
0.662
0.178617
0.662
0.183096
0.337067
0.396653
0.662
0.0489339
0.662
0.166653
0.18491
0.210742
0.19612
0.133491
0.280621
0.134361
0.0955725
0.558204
0.206888
0.441858
0.187805
0.165587
0.219522
0.519304
0.51385
0.378221
0.275278
0.519578
0.165085
0.0685789
0.0911694
0.304714
0.0772279
0.215116
0.0555948
0.445981
0.0584319
0.119352
0.0885087
0.122844
0.100122
0.278218
0.196593
0.413694
0.13176
0.190459
0.392794
0.278276
0.463006
0.662
0.662
0.0541765
0.662
0.470141
0.178144
0.662
0.185848
0.524663
0.0854717
0.259755
0.228081
0.0587487
0.365449
0.122476
0.662
0.511094
0.0998906
0.150375
0.290172
0.662
0.261654
0.167314
0.303544
0.662
0.00196528
0.203201
0.0795024
0.101253
0.0868818
0.144844
0.232344
0.425182
0.662
0.120472
0.21726
0.100311
0.0691003
0.111662
0.290758
0.240988
0.199683
0.292846
0.0601857
0.363736
0.109844
0.106744
0.0544462
0.20183
0.662
0.526519
0.131857
0.620247
0.138603
0.280233
0.154501
0.213959
0.558201
0.44964
0.168917
0.0226369
0.233591
0.266177
0.0561331
0.171163
0.260591
0.461685
0.0868893
0.218924
0.203275
0.260252
0.0609514
0.173516
0.223022
0.00781801
0.331144
0.315349
0.0887771
0.220109
0.120715
0.205126
0.379919
0.662
0.0680872
0.662
0.619474
0.662
0.350149
0.098907
0.662
0.284548
0.367966
0.108603
0.226379
0.114464
0.631774
0.662
0.41917
0.308766
0.525867
0.461658
0.662
0.128789
0.331976
0.164109
0.0581855
0.0641434
0.317875
0.182155
0.284605
0.0964626
0.212565
0.202251
0.32746
0.568244
0.197275
0.165397
0.0920396
0.143742
0.120154
0.0594089
0.457603
0.416156
0.00399707
0.101892
0.127218
0.377947
0.662
0.0141547
0.0426791
0.241437
0.549907
0.106958
0.0675799
0.0912903
0.662
0.105755
0.348664
0.254664
0.254842
0.0290137
0.662
0.0585163
0.0956699
0.0502428
0.434822
0.662
0.611165
0.182317
0.115661
0.0965543
0.0752893
0.197026
0.0331464
0.215453
0.0335637
0.0651923
0.655138
0.662
0.170661
0.124041
0.169273
0.162552
0.457116
0.662
0.419252
0.11863
0.603401
0.560962
0.396846
0.271559
0.0638057
0.007032
0.0713371
0.526014
0.365626
0.0739206
0.323681
0.0850555
0.15476
0.662
0.0923177
0.0312207
0.450417
0.662
0.319814
0.374876
0.662
0.0948624
0.662
0.207657
0.136
0.662
0.103698
0.209096
0.23172
0.260391
0.0429113
0.125846
0.662
0.0410176
0.0882472
0.662
0.125481
0.467042
0.131586
0.112238
0.396195
0.534641
0.219256
0.0782309
0.360438
0.662
0.22423
0.153353
0.239994
0.216957
0.0637614
0.314423
0.376436
0.301151
0.188769
0.662
0.317995
0.141497
0.623726
0.662
0.0436849
0.0344502
0.630207
0.0781947
0.387726
0.149072
0.0832076
0.0638655
0.243529
0.21524
0.125792
0.593189
0.662
0.174491
0.151235
0.417028
0.471514
0.300968
0.272166
0.20748
0.142758
0.0966496
0.180746
0.371526
0.129453
0.357943
0.662
0.513487
0.65819
0.212298
0.236115
0.662
0.0118589
0.0622424
0.222698
0.662
0.322673
0.232818
0.208548
0.506795
0.662
0.0901288
0.292591
0.19783
0.239662
0.123857
0.0309529
0.307072
0.39567
0.492412
0.0617606
0.0875563
0.284301
0.463837
0.178466
0.499174
0.133406
0.17897
0.109061
0.105249
0.196418
0.662
0.662
0.205563
0.295335
0.0591234
0.0222174
0.636619
0.625423
0.156731
0.662
0.38329
0.159032
0.662
0.0621676
0.114704
0.35379
0.202856
0.100302
0.365809
0.0169297
0.368589
0.0919419
0.095124
0.404464
0.580128
0.662
0.152763
0.662
0.21321
0.175475
0.191666
0.0286095
0.18856
0.662
0.112563
0.126019
0.0579742
0.0388552
0.138496
0.320257
0.235756
0.662
0.662
0.629645
0.162628
0.293366
0.212565
0.223605
0.109949
0.662
0.271911
0.257241
0.576967
0.282584
0.0705842
0.460959
0.364067
0.36697
0.374327
0.482069
0.00211473
0.231923
0.357437
0.297849
0.511428
0.282923
0.385096
0.057031
0.0294761
0.0116479
0.0853757
0.61548
0.256407
0.27634
0.0967042
0.0394319
0.662
0.415005
0.266079
0.171422
0.176341
0.177227
0.166644
0.108871
0.419509
0.166833
0.0904808
0.333461
0.203306
0.438027
0.614403
0.662
0.386612
0.662
0.220706
0.42357
0.0494868
0.662
0.36687
0.347004
0.164679
0.214226
0.558962
0.102072
0.662
0.0404088
0.101749
0.0870819
0.662
0.296035
0.284547
0.192125
0.111342
0.003487
0.0375564
0.515523
0.181283
0.149287
0.135214
0.662
0.662
0.279494
0.0453288
0.468865
0.149742
0.350455
0.0714896
0.215965
0.662
0.147489
0.350381
0.112445
0.164509
0.124151
0.101207
0.662
0.194365
0.180772
0.0886109
0.0619006
0.105118
0.662
0.149631
0.662
0.312297
0.250527
0.242233
0.122626
0.0464328
0.424328
0.27344
0.256925
0.0692616
0.210754
0.279939
0.0807857
0.0963215
0.457377
0.662
0.382669
0.362219
0.120851
0.662
0.145718
0.10584
0.509147
0.662
0.662
0.335266
0.408919
0.127474
0.0953947
0.106571
0.0817252
0.0189257
0.126454
0.355291
0.662
0.176383
0.195811
0.149048
0.237963
0.109657
0.301536
0.10383
0.662
0.143405
0.13851
0.307086
0.662
0.662
0.0337478
0.120821
0.183894
0.253735
0.662
0.114131
0.141655
0.309064
0.654702
0.589536
0.513916
0.324071
0.662
0.0987511
0.662
0.583051
0.0713106
0.662
0.537233
0.0956671
0.175337
0.662
0.22806
0.246361
0.146592
0.271445
0.224512
0.0696301
0.0732217
0.662
0.147752
0.0323053
0.635197
0.201401
0.235775
0.0758675
0.277991
0.379975
0.662
0.517452
0.662
0.0601537
0.662
0.43216
0.395232
0.662
0.145209
0.207754
0.662
0.399496
0.0895106
0.276291
0.113272
0.208228
0.289879
0.225947
0.273932
0.662
0.26201
0.662
0.129401
0.00250913
0.04557
0.0904422
0.220925
0.228296
0.141401
0.547126
0.129323
0.388712
0.662
0.398096
0.336505
0.0337411
0.476595
0.0360591
0.662
0.306387
0.662
0.0926122
0.148154
0.197074
0.251997
0.114084
0.361986
0.332782
0.662
0.288902
0.297976
0.275671
0.251493
0.662
0.461501
0.0805931
0.0613482
0.196498
0.662
0.163666
0.662
0.662
0.662
0.383605
0.662
0.170865
0.428337
0.283039
0.0716288
0.240156
0.105539
0.096817
0.227376
0.0810312
0.164399
0.267154
0.372763
0.358079
0.662
0.559241
0.0760651
0.100499
0.662
0.0460051
0.262675
0.231207
0.274746
0.17778
0.662
0.199192
0.471152
0.034033
0.373521
0.0925028
0.396155
0.0478266
0.0376693
0.662
0.251283
0.193032
0.0406349
0.110515
0.662
0.146076
0.199991
0.13217
0.334028
0.241488
0.39678
0.0782082
0.418304
0.602538
0.662
0.0611994
0.137942
0.0865712
0.111935
0.193294
0.662
0.662
0.312855
0.215911
0.31039
0.662
0.389799
0.201003
0.347494
0.160663
0.167528
0.0315032
0.0329451
0.0291162
0.353254
0.157627
0.261716
0.432443
0.0229843
0.0680929
0.129076
0.13383
0.074949
0.504896
0.195896
0.0859592
0.00895466
0.224914
0.176128
0.0774513
0.0797965
0.126138
0.0319897
0.100825
0.354373
0.0327088
0.0777368
0.662
0.102758
0.385289
0.0392231
0.296665
0.0425599
0.0713565
0.239014
0.318436
0.359972
0.134914
0.637352
0.0899972
0.339185
0.096391
0.145319
0.531957
0.0903037
0.217837
0.0520247
0.662
0.18454
0.662
0.0983003
0.139037
0.0704045
0.662
0.101012
0.662
0.0610494
0.275324
0.0560593
0.0712954
0.334935
0.397994
0.462142
0.459896
0.123349
0.0954275
0.381379
0.155421
0.244798
0.0375134
0.433752
0.275146
0.0147585
0.114149
0.310363
0.183702
0.284605
0.00901441
0.135684
0.0323106
0.430949
0.143974
0.457651
0.608658
0.166633
0.148728
0.662
0.21321
0.413327
0.0572896
0.606418
0.359743
0.0243433
0.191628
0.249454
0.383419
0.0870343
0.662
0.154131
0.317527
0.368191
0.662
0.388336
0.36293
0.149019
0.187072
0.236588
0.0973543
0.662
0.662
0.0761123
0.222885
0.225348
0.106965
0.28276
0.128363
0.662
0.424789
0.237478
0.369541
0.407093
0.0279341
0.112525
0.662
0.310667
0.259949
0.0985812
0.662
0.458382
0.0620383
0.0871672
0.489175
0.499975
0.431589
0.271655
0.662
0.662
0.662
0.232536
0.472663
0.662
0.0154868
0.302124
0.00764639
0.130379
0.30763
0.281378
0.0647923
0.662
0.180802
0.662
0.649172
0.165015
0.37963
0.168955
0.301808
0.0667056
0.0510889
0.0787775
0.0351349
0.088179
0.120953
0.0549046
0.264122
0.555256
0.133845
0.0338246
0.662
0.662
0.0337094
0.0852433
0.565661
0.296627
0.373026
0.195526
0.192575
0.480303
0.164882
0.13504
0.175803
0.568295
0.209898
0.0743498
0.126696
0.116048
0.0794202
0.101397
0.508972
0.662
0.228296
0.662
0.335241
0.547582
0.619379
0.662
0.0596804
0.388951
0.10048
0.134268
0.291392
0.0459314
0.175809
0.403833
0.591305
0.662
0.495319
0.302122
0.159554
0.077213
0.126393
0.0803516
0.662
0.362699
0.364683
0.0863129
0.349309
0.109626
0.55211
0.0750624
0.227897
0.298375
0.277146
0.290833
0.0812403
0.0649323
0.0745082
0.10062
0.0572932
0.172655
0.662
0.130404
0.0901129
0.188287
0.300654
0.0947097
0.662
0.406916
0.100331
0.036183
0.0878301
0.033416
0.1889
0.662
0.357234
0.102691
0.662
0.06771
0.238651
0.192455
0.297888
0.662
0.537356
0.213093
0.233114
0.408328
0.0668724
0.0548282
0.377006
0.119005
0.140749
0.131923
0.662
0.604205
0.190539
0.21867
0.486978
0.0786972
0.662
0.391785
0.233366
0.662
0.101484
0.16852
0.416077
0.20895
0.41713
0.179807
0.662
0.0432454
0.259551
0.662
0.331722
0.457275
0.138862
0.0818992
0.241625
0.454516
0.0837076
0.459278
0.100328
0.304871
0.102647
0.442206
0.368754
0.662
0.662
0.0784988
0.264816
0.43087
0.305089
0.0515064
0.662
0.349988
0.0825015
0.662
0.261927
0.173782
0.0985642
0.592241
0.662
0.176253
0.220813
0.662
0.638958
0.356906
0.0839651
0.166182
0.139197
0.155174
0.592186
0.650786
0.0859593
0.400113
0.662
0.46243
0.0817255
0.0644579
0.228127
0.470795
0.0341731
0.0511775
0.515826
0.662
0.472738
0.339288
0.139101
0.470968
0.179074
0.0978252
0.662
0.607689
0.0281744
0.662
0.139223
0.488203
0.2809
0.662
0.662
0.0577729
0.662
0.158313
0.100362
0.209196
0.0129418
0.295244
0.0906769
0.205384
0.151306
0.139751
0.0472168
0.362885
0.592298
0.0471758
0.662
0.662
0.412774
0.0621345
0.356526
0.662
0.0920883
0.483366
0.0841088
0.662
0.13452
0.105094
0.662
0.0952245
0.300762
0.0592302
0.210275
0.662
0.291891
0.207797
0.070606
0.202186
0.222986
0.662
0.662
0.249129
0.0577023
0.157615
0.575259
0.23365
0.662
0.387159
0.543271
0.662
0.273994
0.410775
0.0499106
0.167559
0.0952901
0.662
0.350466
0.272824
0.257293
0.504518
0.223672
0.541498
0.237637
0.3835
0.381064
0.0404967
0.442133
0.135893
0.107326
0.12965
0.0813464
0.0490611
0.114054
0.175936
0.265185
0.0620745
0.1397
0.0545707
0.482526
0.144358
0.129976
0.662
0.370074
0.266745
0.0905199
0.301388
0.662
0.323172
0.662
0.0119435
0.065424
0.0399697
0.358214
0.202213
0.662
0.508192
0.328523
0.432032
0.0985165
0.277428
0.117699
0.19379
0.253911
0.662
0.662
0.662
0.662
0.107683
0.174068
0.0701288
0.445478
0.662
0.0484088
0.372543
0.0991284
0.583291
0.0592365
0.633455
0.340313
0.110464
0.486266
0.0316554
0.141776
0.0620034
0.551926
0.132255
0.0461271
0.397165
0.222709
0.379991
0.24476
0.217502
0.511687
0.0970371
0.397987
0.0615741
0.662
0.17738
0.0538248
0.173976
0.439749
0.257792
0.662
0.121847
0.113536
0.19274
0.214956
0.0143844
0.32147
0.0763324
0.485409
0.0651351
0.228983
0.0777071
0.141543
0.319763
0.656515
0.662
0.242567
0.119707
0.246412
0.662
0.576998
0.139439
0.102973
0.168728
0.662
0.662
0.119583
0.259328
0.40273
0.114799
0.662
0.0986611
0.0456804
0.297823
0.315963
0.662
0.19998
0.120771
0.284096
0.216882
0.30828
0.662
0.0132229
0.639091
0.433923
0.662
0.0808844
0.662
0.353614
0.107629
0.483039
0.161169
0.662
0.266166
0.228878
0.503291
0.0662389
0.412714
0.119094
0.338223
0.350714
0.2301
0.662
0.458599
0.180644
0.0366703
0.189838
0.241719
0.0846868
0.090567
0.0942831
0.341653
0.662
0.341711
0.0851349
0.374882
0.154458
0.088286
0.135602
0.396272
0.533537
0.323513
0.271858
0.0119745
0.662
0.0630786
0.154213
0.110769
0.129204
0.222275
0.082805
0.093242
0.0930559
0.662
0.119651
0.405708
0.389886
0.329999
0.50503
0.117613
0.0563105
0.662
0.204603
0.662
0.256209
0.222319
0.51014
0.0518178
0.00418032
0.458514
0.171552
0.662
0.178556
0.0174489
0.0637742
0.594712
0.380553
0.0977771
0.238721
0.0838813
0.452688
0.0710259
0.119727
0.0676016
0.241226
0.0702555
0.662
0.267756
0.0596424
0.0711682
0.662
0.622901
0.0570286
0.662
0.269469
0.136713
0.127616
0.0611344
0.424075
0.108163
0.600013
0.0715747
0.662
0.548851
0.662
0.120155
0.286378
0.191426
0.222364
0.336151
0.430362
0.0555806
0.166203
0.0663036
0.259257
0.0247372
0.170696
0.381675
0.122189
0.240731
0.226452
0.299656
0.662
0.0142949
0.662
0.300265
0.313729
0.124118
0.503793
0.0484112
0.0827743
0.149333
0.436249
0.368034
0.355299
0.00666356
0.362272
0.122804
0.596366
0.169786
0.165847
0.595353
0.163878
0.321581
0.0880723
0.085577
0.420413
0.662
0.601571
0.0295972
0.145194
0.615517
0.0511272
0.472559
0.354255
0.0430045
0.090016
0.136342
0.246358
0.662
0.221055
0.105398
0.0753522
0.0474336
0.0259706
0.662
0.084448
0.0860881
0.279133
0.337001
0.662
0.256835
0.13458
0.24288
0.301676
0.190048
0.032862
0.317729
0.662
0.662
0.55232
0.32557
0.0557808
0.662
0.148165
0.571774
0.291743
0.662
0.180459
0.113829
0.132446
0.259176
0.662
0.662
0.134486
0.183614
0.139658
0.0896621
0.164033
0.129945
0.150354
0.0494829
0.224791
0.0859754
0.29613
0.119305
0.182605
0.113936
0.119111
0.593995
0.08511
0.37709
0.662
0.0495372
0.0407105
0.355835
0.206246
0.662
0.662
0.263371
0.662
0.362731
0.1136
0.294452
0.282359
0.0773189
0.214778
0.458389
0.402469
0.0713465
0.192615
0.211004
0.215751
0.22315
0.396938
0.182064
0.178973
0.147696
0.146652
0.662
0.445691
0.662
0.231484
0.159264
0.0455465
0.159866
0.25758
0.0721431
0.0910315
0.385446
0.439492
0.662
0.415612
0.199827
0.158613
0.122486
0.0870011
0.44117
0.285686
0.544899
0.541507
0.224357
0.074184
0.0899985
0.0722541
0.592176
0.506058
0.107897
0.450071
0.285518
0.0602921
0.559274
0.662
0.121002
0.335112
0.0442147
0.0863277
0.662
0.662
0.136607
0.0767814
0.0458012
0.116944
0.105547
0.306745
0.370292
0.611282
0.0710045
0.206337
0.0441363
0.396271
0.583923
0.565471
0.662
0.380897
0.211612
0.0401266
0.329478
0.662
0.659486
0.0441111
0.250277
0.184802
0.0324019
0.662
0.164767
0.662
0.267037
0.0557104
0.208282
0.0427372
0.233768
0.20883
0.0627884
0.334881
0.113027
0.417173
0.363715
0.122733
0.271099
0.0680257
0.248896
0.378342
0.143455
0.0871956
0.124382
0.479047
0.0564738
0.201595
0.651249
0.0697676
0.120083
0.105116
0.15688
0.351378
0.312691
0.102633
0.0513248
0.662
0.499004
0.13116
0.662
0.662
0.199053
0.187658
0.662
0.180197
0.0975915
0.173508
0.46678
0.351402
0.0520121
0.217424
0.464848
0.0691616
0.212924
0.20235
0.139248
0.129515
0.31586
0.0478713
0.662
0.370583
0.215405
0.476833
0.662
0.585418
0.50059
0.274534
0.347894
0.14214
0.273558
0.522052
0.181784
0.662
0.122503
0.163705
0.162035
0.662
0.443559
0.443012
0.662
0.30963
0.109651
0.113194
0.579886
0.0909628
0.499408
0.278856
0.136789
0.337756
0.180369
0.202941
0.364299
0.600631
0.0207598
0.662
0.173602
0.102849
0.169657
0.353197
0.279537
0.0542798
0.0289787
0.322493
0.236306
0.204402
0.662
0.0912285
0.183446
0.13565
0.0544351
0.125225
0.0128545
0.662
0.294425
0.0257307
0.106526
0.163967
0.246972
0.114313
0.116587
0.127413
0.289726
0.459888
0.00370498
0.0826696
0.09626
0.662
0.371359
0.117091
0.0650623
0.321288
0.43221
0.295497
0.245568
0.468902
0.620323
0.00817629
0.0678899
0.055556
0.0929557
0.662
0.397127
0.0594089
0.13467
0.0633455
0.514741
0.345601
0.273037
0.662
0.326571
0.10952
0.107268
0.283243
0.17599
0.103568
0.0985933
0.225918
0.22558
0.340138
0.209178
0.0850943
0.210128
0.270073
0.251079
0.445329
0.112894
0.151273
0.0471787
0.024644
0.258187
0.264644
0.570969
0.165223
0.205175
0.263982
0.511848
0.662
0.48397
0.662
0.105828
0.10177
0.0375071
0.572805
0.126654
0.190638
0.283891
0.068822
0.638839
0.295941
0.0372845
0.134051
0.125525
0.662
0.171445
0.662
0.212359
0.285424
0.479855
0.279715
0.218626
0.479907
0.163956
0.662
0.49287
0.662
0.0751663
0.662
0.172632
0.618745
0.171533
0.265999
0.662
0.429178
0.662
0.148892
0.180306
0.401156
0.435796
0.0446053
0.175784
0.108712
0.380131
0.196845
0.414993
0.245245
0.221699
0.160399
0.40813
0.662
0.208965
0.662
0.0661687
0.251159
0.157123
0.0623726
0.236259
0.182558
0.0591245
0.314749
0.662
0.341802
0.456429
0.289604
0.662
0.112806
0.280933
0.662
0.662
0.302383
0.057158
0.59557
0.531293
0.662
0.662
0.662
0.51409
0.134128
0.368603
0.129726
0.078472
0.0850558
0.155484
0.445998
0.09685
0.005026
0.662
0.0385603
0.0486983
0.28222
0.0312687
0.391773
0.632979
0.0314229
0.396645
0.42835
0.176076
0.662
0.0790737
0.0934787
0.662
0.3527
0.151043
0.263268
0.160596
0.11421
0.220332
0.215553
0.662
0.179626
0.280596
0.280607
0.274711
0.146669
0.0847463
0.106522
0.180631
0.314147
0.354799
0.138007
0.662
0.125314
0.181242
0.150676
0.662
0.515178
0.227052
0.285615
0.662
0.0697948
0.243685
0.181633
0.151242
0.0432636
0.16053
0.105691
0.0406314
0.128601
0.662
0.0590883
0.154312
0.178631
0.327606
0.269257
0.220709
0.230371
0.0351139
0.116353
0.0493127
0.662
0.248262
0.369455
0.157946
0.481643
0.201686
0.0598439
0.144006
0.662
0.550708
0.0951173
0.231759
0.211134
0.460269
0.145219
0.364227
0.374818
0.662
0.585186
0.662
0.393858
0.390464
0.0728268
0.091981
0.313987
0.337838
0.662
0.178345
0.662
0.662
0.410082
0.125651
0.338061
0.662
0.210376
0.0156489
0.141977
0.0540035
0.550052
0.101811
0.593678
0.109635
0.147985
0.485874
0.238375
0.117561
0.0843508
0.333683
0.204137
0.378559
0.653473
0.362732
0.280038
0.229913
0.219419
0.420694
0.213704
0.227386
0.662
0.36685
0.0267765
0.465643
0.0631487
0.0796434
0.0413541
0.186227
0.356005
0.348525
0.0803367
0.0492283
0.414568
0.662
0.0448988
0.119162
0.0491453
0.0960295
0.171953
0.0589674
0.0583323
0.662
0.223813
0.0924348
0.662
0.259322
0.0820658
0.0267341
0.101146
0.662
0.254975
0.167266
0.388219
0.203553
0.387051
0.662
0.662
0.296336
0.0409876
0.217992
0.202316
0.306586
0.0845554
0.115006
0.0413548
0.351846
0.0723174
0.146893
0.0446056
0.319128
0.294961
0.273682
0.078398
0.410078
0.447305
0.134037
0.662
0.0907434
0.234588
0.568286
0.400855
0.0470544
0.493553
0.249009
0.379786
0.193601
0.188786
0.49232
0.433185
0.662
0.662
0.231416
0.662
0.226681
0.107358
0.144427
0.174135
0.662
0.0671601
0.129933
0.417506
0.578489
0.131921
0.662
0.442708
0.662
0.0958148
0.1395
0.207943
0.662
0.109488
0.36178
0.193056
0.134664
0.656237
0.063193
0.119581
0.0889153
0.292288
0.662
0.0417968
0.132529
0.662
0.388814
0.06803
0.149564
0.24699
0.378323
0.227496
0.044515
0.297721
0.183808
0.662
0.320905
0.513886
0.174301
0.0118445
0.121197
0.242531
0.0966205
0.106422
0.320469
0.281346
0.156673
0.405088
0.662
0.20207
0.114386
0.365069
0.134347
0.0003527
0.0656161
0.496509
0.0887985
0.662
0.113568
0.112701
0.12742
0.172508
0.0603677
0.116844
0.347845
0.107461
0.103023
0.116874
0.120362
0.162853
0.343041
0.382085
0.634977
0.208182
0.138833
0.0521393
0.0719792
0.482456
0.314163
0.080094
0.281284
0.549342
0.0750142
0.00269536
0.543062
0.662
0.426284
0.0885157
0.0644618
0.162896
0.199791
0.0184857
0.662
0.191155
0.12135
0.0894478
0.128502
0.315066
0.210632
0.0555411
0.166379
0.0332636
0.662
0.153673
0.112498
0.0381301
0.226216
0.202186
0.0159699
0.517285
0.297057
0.182082
0.28936
0.31977
0.0977455
0.229519
0.39019
0.354403
0.172987
0.282452
0.218183
0.574665
0.0751227
0.19504
0.127933
0.248166
0.0736073
0.151143
0.14072
0.662
0.424386
0.147106
0.311732
0.397284
0.225751
0.306805
0.36763
0.662
0.285886
0.32219
0.154076
0.287443
0.165642
0.32493
0.439683
0.105451
0.613805
0.382914
0.128568
0.662
0.170429
0.264812
0.138115
0.651827
0.0744105
0.662
0.443126
0.0682409
0.0253387
0.275802
0.0779806
0.21625
0.400924
0.00556819
0.221393
0.559128
0.260255
0.107187
0.0856203
0.648158
0.0122466
0.583869
0.662
0.139551
0.662
0.388664
0.436514
0.171496
0.257497
0.662
0.242518
0.210161
0.662
0.182665
0.0691177
0.658697
0.446136
0.662
0.0811611
0.20839
0.662
0.662
0.321995
0.611148
0.291487
0.662
0.277962
0.340848
0.140703
0.534634
0.253152
0.0188415
0.111079
0.662
0.176165
0.199509
0.061349
0.378889
0.169483
0.0468403
0.150382
0.205589
0.0154489
0.114162
0.107115
0.0911248
0.148114
0.424002
0.24126
0.418327
0.367201
0.558602
0.111438
0.20858
0.662
0.662
0.623437
0.310398
0.0818126
0.104288
0.188003
0.0980667
0.118663
0.662
0.519695
0.246726
0.102354
0.124865
0.662
0.127567
0.662
0.049791
0.662
0.521729
0.0597916
0.327285
0.0740562
0.411361
0.662
0.150536
0.119097
0.194734
0.385249
0.662
0.662
0.055292
0.662
0.086477
0.662
0.0214205
0.261405
0.179378
0.0676479
0.0751063
0.0803564
0.403918
0.387299
0.542775
0.0810336
0.58094
0.370202
0.329847
0.662
0.457742
0.0558327
0.107499
0.265573
0.105987
0.662
0.518826
0.2463
0.662
0.662
0.551533
0.201331
0.453813
0.0758967
0.398783
0.118518
0.392436
0.45304
0.582888
0.662
0.662
0.188588
0.0216612
0.415241
0.0987184
0.24048
0.17722
0.583239
0.0661925
0.059257
0.436566
0.662
0.662
0.230255
0.506606
0.139702
0.0609331
0.0900812
0.0684971
0.662
0.662
0.182171
0.662
0.27392
0.0855342
0.32972
0.114056
0.451055
0.292319
0.245989
0.662
0.0524335
0.399321
0.327306
0.272835
0.467663
0.221685
0.220158
0.501138
0.108466
0.380796
0.662
0.167298
0.0632132
0.662
0.234743
0.157628
0.0542758
0.181844
0.128311
0.143735
0.218841
0.63082
0.519369
0.488709
0.559243
0.126566
0.00504549
0.662
0.206953
0.179272
0.0680909
0.460917
0.0346024
0.614735
0.108614
0.46194
0.217511
0.585417
0.209838
0.138313
0.0467504
0.159929
0.054906
0.0134352
0.629706
0.129428
0.228712
0.183563
0.208421
0.100744
0.104331
0.165315
0.0779428
0.18359
0.37958
0.106259
0.598786
0.662
0.130979
0.15525
0.662
0.12595
0.0680749
0.117992
0.662
0.508609
0.284041
0.247871
0.353303
0.097569
9.85866e-05
0.373109
0.305564
0.637428
0.0913647
0.159202
0.20809
0.494397
0.219619
0.0927819
0.128113
0.352781
0.36843
0.149207
0.662
0.637793
0.0915249
0.662
0.457024
0.0472331
0.135235
0.183635
0.26472
0.0707629
0.245547
0.0961312
0.170172
0.116637
0.101449
0.00739417
0.470656
0.411885
0.0922623
0.662
0.332818
0.355324
0.150562
0.124115
0.635277
0.187521
0.531487
0.171913
0.662
0.260499
0.548193
0.0510088
0.662
0.163453
0.589122
0.662
0.523741
0.228204
0.186627
0.662
0.222871
0.169715
0.122552
0.077481
0.0348059
0.250126
0.169177
0.0744487
0.252264
0.0453103
0.135235
0.572177
0.126262
0.204876
0.247114
0.149177
0.229494
0.662
0.444121
0.282213
0.662
0.0791386
0.662
0.197428
0.0935625
0.0175617
0.308026
0.155524
0.471302
0.0485584
0.0906182
0.395478
0.662
0.36654
0.19732
0.347095
0.130241
0.357859
0.268572
0.119347
0.662
0.00844382
0.296069
0.662
0.179656
0.0664742
0.181803
0.437151
0.109555
0.136256
0.164403
0.16582
0.0776302
0.424153
0.662
0.0513156
0.089012
0.662
0.662
0.46867
0.0631699
0.662
0.180289
0.349284
0.133808
0.444964
0.429565
0.575666
0.179872
0.0851847
0.200481
0.223117
0.0650537
0.662
0.213643
0.392709
0.274866
0.200913
0.44639
0.399349
0.02395
0.0903791
0.127642
0.515724
0.662
0.23247
0.252664
0.0731802
0.662
0.0495106
0.214085
0.495876
0.464553
0.202163
0.662
0.155628
0.0174485
0.266916
0.662
0.160815
0.229389
0.0641755
0.0712704
0.061297
0.15686
0.662
0.662
0.0473397
0.376381
0.662
0.227488
0.419625
0.136937
0.662
0.170326
0.0315503
0.0904012
0.154434
0.662
0.550317
0.105565
0.662
0.0882222
0.344857
0.115188
0.323941
0.662
0.529393
0.111459
0.553986
0.196699
0.112166
0.39165
0.000409894
0.186985
0.476636
0.582864
0.152121
0.0618539
0.119322
0.205407
0.662
0.52147
0.398831
0.662
0.0518018
0.287377
0.037038
0.226493
0.476507
0.389213
0.0715518
0.122846
0.189704
0.387362
0.207546
0.311809
0.620459
0.662
0.311099
0.408978
0.0952339
0.0976596
0.0721501
0.149928
0.437709
0.662
0.105352
0.0805861
0.20855
0.126205
0.0428514
0.0580129
0.310514
0.662
0.0807967
0.0665531
0.336611
0.34847
0.0979329
0.0315756
0.0745178
0.436604
0.23102
0.662
0.253214
0.123661
0.379619
0.124006
0.00306427
0.557889
0.37516
0.20448
0.467457
0.662
0.209469
0.329706
0.210661
0.145946
0.0476176
0.662
0.141076
0.662
0.245527
0.118692
0.371786
0.131482
0.523587
0.472115
0.489328
0.662
0.662
0.11766
0.240162
0.195886
0.158924
0.429847
0.152842
0.0747894
0.221982
0.0490382
0.108145
0.208574
0.464603
0.432151
0.662
0.120806
0.0129803
0.417201
0.140784
0.175992
0.269894
0.66026
0.396079
0.235139
0.184895
0.0443962
0.662
0.370765
0.316452
0.395477
0.322485
0.224484
0.124254
0.219198
0.662
0.068466
0.346439
0.632362
0.168009
0.571521
0.157269
0.155726
0.662
0.50945
0.0888182
0.0864961
0.160564
0.116547
0.19373
0.205753
0.312428
0.175072
0.123578
0.639891
0.152228
0.0647427
0.662
0.326717
0.662
0.23226
0.065785
0.102996
0.151539
0.163784
0.662
0.571281
0.0480365
0.249802
0.0575377
0.147767
0.0980415
0.179121
0.161925
0.0630102
0.273202
0.0946744
0.186337
0.374489
0.210937
0.126933
0.0122746
0.00797044
0.0770176
0.194439
0.662
0.204314
0.11538
0.402722
0.210113
0.0681246
0.662
0.662
0.372432
0.0656026
0.146334
0.589245
0.115177
0.260267
0.184777
0.0515076
0.662
0.662
0.412887
0.662
0.0586764
0.210621
0.401478
0.258731
0.064725
0.662
0.118347
0.505688
0.50401
0.662
0.00849264
0.17586
0.61427
0.0834164
0.662
0.0797925
0.484163
0.20394
0.273663
0.662
0.058188
0.662
0.398561
0.312868
0.292327
0.0969406
0.314813
0.187408
0.583431
0.112204
0.49055
0.154863
0.0543439
0.214187
0.26539
0.256283
0.233306
0.114872
0.0765423
0.252414
0.205602
0.214447
0.662
0.159381
0.362996
0.314417
0.0723003
0.0822807
0.662
0.048606
0.662
0.662
0.0567659
0.149647
0.225453
0.00521684
0.0846575
0.0875931
0.133629
0.22966
0.0687017
0.177624
0.261599
0.662
0.0840832
0.662
0.662
0.0148425
0.184259
0.238061
0.31555
0.169626
0.0590978
0.662
0.171013
0.204238
0.0890363
0.344916
0.184364
0.107483
0.0921384
0.255662
0.394762
0.589455
0.473085
0.00705655
0.152953
0.662
0.0491649
0.110023
0.662
0.245473
0.517947
0.21761
0.192275
0.181425
0.662
0.243101
0.166868
0.0276991
0.662
0.129842
0.472477
0.302894
0.51806
0.188303
0.28772
0.39178
0.590444
0.180103
0.662
0.187702
0.227384
0.0795333
0.662
0.480644
0.662
0.149793
0.386953
0.259811
0.662
0.143139
0.0938858
0.299361
0.662
0.0938229
0.215034
0.121931
0.216786
0.662
0.0701551
0.662
0.632231
0.662
0.461695
0.662
0.12638
0.662
0.224667
0.145885
0.316074
0.0829735
0.255898
0.30415
0.662
0.231411
0.128157
0.145935
0.484011
0.420664
0.10503
0.0875986
0.219491
0.507673
0.430022
0.0864571
0.167814
0.193949
0.298943
0.289105
0.632505
0.499805
0.0710094
0.233452
0.200249
0.13814
0.184377
0.114924
0.235023
0.662
0.201216
0.191813
0.0563888
0.1199
0.297151
0.662
0.039117
0.426397
0.36639
0.131062
0.152988
0.662
0.306934
0.512056
0.420874
0.264787
0.00659258
0.105607
0.468502
0.0887482
0.157851
0.337703
0.499902
0.124864
0.118435
0.0926813
0.0461278
0.508818
0.172031
0.352478
0.327233
0.497235
0.0805606
0.143163
0.198719
0.191205
0.515233
0.0788674
0.636397
0.259001
0.479188
0.584682
0.355236
0.235993
0.222151
0.390317
0.0699317
0.203714
0.115182
0.391355
0.619039
0.662
0.393934
0.459536
0.587904
0.646982
0.0775216
0.662
0.662
0.0972582
0.662
0.0674146
0.117645
0.0740317
0.121706
0.175809
0.662
0.58265
0.0155527
0.12757
0.0214796
0.0677977
0.202825
0.471693
0.0802546
0.0452201
0.145002
0.0510575
0.238815
0.291075
0.648323
0.662
0.568791
0.532734
0.0856303
0.211825
0.160302
0.662
0.149616
0.135093
0.378411
0.341916
0.662
0.18284
0.041819
0.49527
0.139382
0.242347
0.662
0.40435
0.104204
0.0530163
0.011246
0.139392
0.411629
0.254681
0.662
0.216271
0.125563
0.0890941
0.199451
0.181697
0.179001
0.184087
0.104682
0.380089
0.281628
0.0549506
0.0856467
0.272615
0.100099
0.107505
0.300132
0.590421
0.212589
0.309456
0.11725
0.187572
0.235214
0.17857
0.343373
0.0556118
0.0273281
0.379215
0.283975
0.206817
0.309856
0.0732005
0.0323599
0.0881991
0.257731
0.485219
0.389865
0.228646
0.393366
0.145627
0.407324
0.0149176
0.0862766
0.134091
0.0889145
0.662
0.192761
0.049725
0.115464
0.662
0.338554
0.20795
0.43018
0.111324
0.0492803
0.0110458
0.55012
0.399516
0.106991
0.168985
0.563075
0.132414
0.17619
0.236114
0.662
0.483766
0.0220717
0.365383
0.398174
0.469997
0.662
0.485654
0.662
0.662
0.278306
0.0576795
0.0913952
0.186468
0.662
0.141196
0.10248
0.126994
0.498293
0.662
0.0794716
0.08353
0.110297
0.242505
0.23996
0.0871001
0.0902291
0.0809222
0.389618
0.267856
0.1906
0.260847
0.353594
0.504528
0.662
0.0750047
0.102653
0.322821
0.662
0.250299
0.469012
0.602995
0.120084
0.112925
0.0626257
0.662
0.144917
0.658462
0.0546644
0.164146
0.320559
0.226371
0.454588
0.0498849
0.237473
0.440542
0.177583
0.25856
0.185303
0.557868
0.228575
0.122158
0.135007
0.139657
0.0890672
0.191519
0.512786
0.662
0.593092
0.166785
0.0775353
0.216096
0.0890723
0.0398175
0.191076
0.0658878
0.139281
0.662
0.320486
0.662
0.114175
0.296903
0.662
0.662
0.626018
0.0410788
0.110925
0.488595
0.662
0.662
0.307863
0.182304
0.361334
0.164668
0.261388
0.298924
0.18013
0.144061
0.144855
0.184417
0.170934
0.128135
0.662
0.404682
0.662
0.0699838
0.129057
0.130633
0.0716374
0.134052
0.0964065
0.479027
0.142524
0.169988
0.662
0.369065
0.279176
0.129968
0.529974
0.568267
0.00126894
0.378331
0.662
0.638725
0.056592
0.409289
0.416109
0.662
0.309714
0.258784
0.482218
0.0830591
0.662
0.364817
0.117863
0.504422
0.0796893
0.662
0.0469066
0.281183
0.45459
0.662
0.277385
0.562759
0.662
0.424963
0.18138
0.0472404
0.0983066
0.442377
0.121879
0.246866
0.585721
0.445174
0.0845606
0.425061
0.216791
0.662
0.296052
0.662
0.63671
0.147059
0.11221
0.662
0.0997698
0.377426
0.179973
0.0924988
0.0474588
0.134899
0.137399
0.662
0.159349
0.435014
0.305145
0.188439
0.662
0.132712
0.662
0.351616
0.146919
0.105346
0.662
0.255927
0.389532
0.662
0.117188
0.662
0.138395
0.1242
0.290694
0.0382064
0.475982
0.241775
0.662
0.334534
0.466182
0.102715
0.139814
0.662
0.550148
0.117339
0.262968
0.662
0.0117392
0.148757
0.0388671
0.251832
0.158175
0.5001
0.234355
0.508739
0.289813
0.195893
0.273461
0.105836
0.0166628
0.387663
0.0609064
0.26983
0.569512
0.112734
0.0302409
0.160848
0.240638
0.245023
0.117036
0.130426
0.662
0.0584382
0.49165
0.24314
0.0677041
0.180862
0.162353
0.114434
0.192623
0.407445
0.160339
0.0885964
0.032584
0.662
0.252078
0.132563
0.179274
0.330184
0.0673121
0.169863
0.0186939
0.126573
0.201813
0.662
0.258898
0.0912045
0.662
0.149614
0.662
0.662
0.0693652
0.399744
0.593154
0.0594613
0.662
0.235332
0.128005
0.217831
0.171966
0.211296
0.140808
0.158638
0.370885
0.154188
0.0825991
0.0490688
0.473639
0.331964
0.219609
0.15062
0.300616
0.662
0.117592
0.208289
0.129974
0.136457
0.437715
0.0489412
0.253617
0.662
0.55058
0.117539
0.13883
0.286861
0.116263
0.0140976
0.662
0.0846336
0.324259
0.12705
0.24039
0.348838
0.0682732
0.662
0.662
0.662
0.106317
0.662
0.162901
0.150432
0.515636
0.540787
0.25144
0.39435
0.662
0.102004
0.012376
0.188675
0.662
0.15467
0.618515
0.347667
0.198548
0.0602741
0.221033
0.0697477
0.0329366
0.15678
0.112306
0.565678
0.107599
0.159091
0.662
0.14646
0.662
0.136105
0.245228
0.280227
0.343597
0.662
0.246907
0.232583
0.299569
0.406581
0.18346
0.0474336
0.133381
0.550625
0.28873
0.189336
0.102549
0.547297
0.143143
0.263074
0.281005
0.231148
0.193958
0.662
0.390155
0.28549
0.263876
0.377936
0.120127
0.186727
0.447778
0.0869627
0.662
0.0460862
0.662
0.64085
0.0527789
0.497529
0.0723692
0.476988
0.0417184
0.437793
0.458696
0.662
0.488685
0.039076
0.20369
0.525343
0.662
0.257715
0.122793
0.6273
0.401529
0.0528241
0.336966
0.352682
0.662
0.389427
0.0687663
0.513941
0.555974
0.168691
0.0484633
0.483485
0.662
0.413201
0.0443354
0.662
0.204092
0.429187
0.265275
0.190267
0.644955
0.114424
0.121377
0.0896365
0.0933157
0.166469
0.121955
0.317173
0.056145
0.336208
0.0608598
0.302943
0.426262
0.0241627
0.166207
0.662
0.348521
0.338743
0.184894
0.662
0.173482
0.0857732
0.244569
0.662
0.315943
0.446446
0.286575
0.034792
0.0634317
0.0710711
0.0698103
0.662
0.546438
0.506083
0.481627
0.662
0.208663
0.113489
0.0791268
0.0211101
0.0512847
0.364786
0.29868
0.115578
0.174149
0.215857
0.381986
0.662
0.100417
0.147464
0.442011
0.101297
0.471605
0.198165
0.652386
0.118901
0.662
0.247112
0.170597
0.346707
0.0848975
0.557635
0.13706
0.171915
0.527021
0.278113
0.16124
0.206119
0.275124
0.630718
0.0587955
0.0692377
0.242197
0.379362
0.662
0.00240901
0.162268
0.114419
0.662
0.242313
0.097783
0.131298
0.0675394
0.197488
0.157921
0.00861464
0.662
0.284611
0.662
0.412226
0.0552541
0.0669622
0.0535056
0.035111
0.375792
0.395022
0.0697985
0.165276
0.109403
0.114813
0.471514
0.131437
0.163078
0.662
0.0177497
0.377946
0.151042
0.241164
0.332599
0.435832
0.123874
0.163902
0.085789
0.662
0.33703
0.141436
0.166419
0.263856
0.280304
0.458452
0.0598929
0.268834
0.0564795
0.0910467
0.103852
0.102444
0.156982
0.222391
0.320945
0.637688
0.524782
0.134301
0.0796438
0.145405
0.191441
0.662
0.235983
0.633726
0.0378306
0.168687
0.379336
0.662
0.347183
0.117518
0.45543
0.662
0.14618
0.662
0.662
0.386935
0.260696
0.0766856
0.659116
0.337974
0.128143
0.284689
0.344314
0.367039
0.100142
0.662
0.143031
0.240316
0.229264
0.263883
0.0429229
0.129511
0.121566
0.19768
0.532529
0.163553
0.662
0.662
0.116004
0.0584595
0.662
0.422084
0.215103
0.182484
0.0135553
0.323739
0.0658598
0.166365
0.116333
0.662
0.203093
0.141787
0.0597345
0.449181
0.128397
0.203467
0.555462
0.643928
0.662
0.662
0.249327
0.0735605
0.221131
0.0440318
0.612689
0.662
0.662
0.662
0.0826556
0.057223
0.334055
0.40187
0.235814
0.662
0.146605
0.150222
0.662
0.123986
0.35131
0.06251
0.164868
0.407474
0.0393942
0.217583
0.197556
0.31173
0.321344
0.443951
0.662
0.565688
0.554922
0.0105111
0.110642
0.446297
0.192244
0.0916733
0.662
0.635444
0.260461
0.184417
0.622324
0.139961
0.662
0.0600156
0.0355968
0.305981
0.295143
0.662
0.0501261
0.662
0.662
0.0980649
0.662
0.17285
0.0555144
0.650487
0.336623
0.262005
0.252389
0.0595327
0.167213
0.0762568
0.662
0.40754
0.662
0.662
0.297396
0.458867
0.638945
0.0438283
0.255137
0.662
0.266479
0.0887936
0.327914
0.0142881
0.0604105
0.662
0.40994
0.393732
0.143083
0.255787
0.140841
0.220101
0.381346
0.141372
0.175685
0.0438351
0.383996
0.0538575
0.345324
0.662
0.140936
0.254126
0.194655
0.662
0.391692
0.662
0.662
0.610744
0.250582
0.550147
0.237129
0.137193
0.154309
0.496454
0.071994
0.0306046
0.662
0.274071
0.662
0.662
0.332734
0.0750832
0.552969
0.0368781
0.267542
0.0480554
0.662
0.260597
0.131563
0.0833745
0.333687
0.114094
0.118121
0.151251
0.00617423
0.255053
0.403505
0.142956
0.242225
0.0472633
0.486722
0.101697
0.150915
0.383231
0.116185
0.662
0.163544
0.140835
0.0753729
0.662
0.223112
0.146265
0.0776051
0.662
0.580556
0.177679
0.170085
0.360486
0.499091
0.547867
0.484206
0.119538
0.422167
0.380623
0.576091
0.189505
0.0655292
0.602353
0.662
0.268987
0.473562
0.320667
0.0677291
0.0816867
0.0975864
0.185814
0.105669
0.0528717
0.442954
0.156866
0.0884949
0.260302
0.147924
0.204031
0.22844
0.15678
0.639116
0.272497
0.106604
0.219115
0.101419
0.662
0.120967
0.327862
0.0800709
0.0662297
0.0398345
0.121312
0.392801
0.101488
0.124773
0.309462
0.123848
0.1201
0.0660911
0.44419
0.0420502
0.217618
0.112201
0.0388525
0.319395
0.16413
0.0641338
0.429631
0.110315
0.236297
0.363802
0.662
0.662
0.345647
0.279174
0.043895
0.662
0.662
0.662
0.0331138
0.0865487
0.662
0.481091
0.190843
0.633736
0.195088
0.476049
0.0620542
0.662
0.18804
0.639418
0.649702
0.662
0.662
0.248266
0.127258
0.0479355
0.00779692
0.662
0.0213158
0.662
0.375034
0.182568
0.556049
0.100914
0.194619
0.408045
0.207725
0.160683
0.00250988
0.064014
0.083757
0.136168
0.144719
0.662
0.288851
0.268165
0.0832262
0.22348
0.347292
0.662
0.401218
0.153999
0.321086
0.210642
0.142147
0.262237
0.289246
0.210664
0.114135
0.662
0.185573
0.187763
0.546413
0.0731217
0.0590428
0.264745
0.0963054
0.109467
0.203636
0.662
0.0358654
0.0958317
0.662
0.196961
0.199821
0.662
0.564807
0.662
0.171983
0.461623
0.275786
0.0473725
0.0184826
0.228107
0.141092
0.0817967
0.226087
0.109869
0.662
0.662
0.0834358
0.39461
0.0657286
0.662
0.662
0.177582
0.662
0.451147
0.216344
0.117488
0.355169
0.155966
0.392504
0.349344
0.0187776
0.637389
0.156088
0.0485861
0.101608
0.0887279
0.250954
0.0881084
0.662
0.190683
0.482765
0.0427154
0.653142
0.208299
0.662
0.602471
0.299155
0.596671
0.182909
0.662
0.0894242
0.662
0.662
0.642163
0.662
0.0632603
0.0605513
0.133933
0.226377
0.237662
0.662
0.605736
0.395479
0.130739
0.117199
0.0366608
0.63988
0.0910239
0.0464682
0.122451
0.653419
0.278458
0.0943818
0.0748279
0.117082
0.423295
0.0799314
0.662
0.486731
0.420621
0.662
0.35493
0.48672
0.22232
0.267747
0.151488
0.0381988
0.662
0.485187
0.629688
0.118238
0.177994
0.0554009
0.439012
0.0258474
0.152443
0.257854
0.0451412
0.652514
0.284383
0.322074
0.109798
0.26042
0.258287
0.662
0.662
0.379167
0.457619
0.445714
0.0936305
0.0738233
0.220446
0.0180508
0.274864
0.319442
0.162526
0.285031
0.0589925
0.12937
0.124068
0.271205
0.266072
0.235703
0.134599
0.244009
0.315939
0.662
0.0139163
0.14933
0.372694
0.196977
0.397232
0.0346503
0.111718
0.128175
0.387269
0.204769
0.052677
0.662
0.662
0.662
0.251875
0.00469394
0.196113
0.153599
0.303179
0.268148
0.429035
0.160459
0.135919
0.123192
0.303138
0.475099
0.428332
0.11788
0.0943534
0.0831109
0.0235824
0.0913296
0.662
0.662
0.233309
0.0675614
0.189164
0.662
0.117798
0.148991
0.0545603
0.566463
0.100283
0.0913034
0.267049
0.188186
0.122358
0.301687
0.0637241
0.314272
0.134367
0.412384
0.423592
0.485
0.201165
0.662
0.662
0.219746
0.159686
0.303419
0.137335
0.0481595
0.662
0.369534
0.662
0.662
0.662
0.0652676
0.589933
0.498831
0.102313
0.0670327
0.122067
0.154776
0.259474
0.390535
0.0769746
0.662
0.185313
0.0238985
0.108363
0.511394
0.11595
0.173397
0.412173
0.219025
0.215469
0.631271
0.16074
0.0155391
0.0971606
0.0661821
0.0174186
0.107364
0.662
0.0739888
0.535097
0.216906
0.467417
0.299365
0.322708
0.399033
0.662
0.190058
0.662
0.228247
0.360963
0.662
0.129598
0.529576
0.210305
0.662
0.549208
0.199569
0.157301
0.662
0.170188
0.183028
0.321886
0.39888
0.662
0.139101
0.126038
0.520654
0.219521
0.00300871
0.662
0.161789
0.662
0.388614
0.385626
0.615707
0.172417
0.558704
0.170711
0.662
0.336503
0.662
0.090654
0.627712
0.29351
0.228563
0.634071
0.474895
0.662
0.157379
0.662
0.043471
0.222678
0.382185
0.446531
0.159555
0.228633
0.202422
0.104045
0.104694
0.277777
0.662
0.277254
0.258371
0.239948
0.338178
0.105963
0.662
0.0748095
0.0449264
0.0586995
0.417112
0.20257
0.313363
0.112725
0.470124
0.38823
0.224169
0.218027
0.138717
0.662
0.254472
0.0972702
0.130157
0.196234
0.271918
0.231756
0.432491
0.316963
0.502761
0.254681
0.290694
0.0753629
0.449743
0.413515
0.410247
0.0436002
0.647084
0.662
0.295738
0.0643267
0.11239
0.0480946
0.137284
0.236439
0.662
0.424128
0.509998
0.207429
0.662
0.662
0.216116
0.146902
0.112561
0.340844
0.662
0.262466
0.161077
0.461558
0.283825
0.518345
0.298807
0.178085
0.102144
0.132335
0.662
0.21691
0.0577547
0.119493
0.0247011
0.189642
0.100533
0.363677
0.645163
0.108487
0.0498506
0.378666
0.143533
0.662
0.180727
0.183845
0.349537
0.062121
0.363407
0.662
0.14641
0.662
0.109432
0.314194
0.286643
0.202875
0.646504
0.113033
0.297987
0.662
0.103166
0.265885
0.662
0.395354
0.166842
0.0939664
0.662
0.0439365
0.614159
0.662
0.24419
0.173309
0.291152
0.348677
0.0771414
0.134145
0.259016
0.424717
0.29421
0.385288
0.502935
0.127652
0.281383
0.104614
0.422991
0.662
0.0717151
0.561403
0.467897
0.0362551
0.0835327
0.101482
0.334287
0.0994837
0.379333
0.0411683
0.291966
0.123156
0.662
0.0489975
0.169551
0.0694831
0.0656045
0.133898
0.420232
0.662
0.0797722
0.254781
0.255326
0.237913
0.5508
0.181023
0.00142351
0.3041
0.165256
0.0957549
0.662
0.662
0.0956968
0.662
0.662
0.0259624
0.138224
0.0519989
0.11907
0.1583
0.150838
0.087589
0.662
0.279227
0.573491
0.040536
0.387593
0.274136
0.0778684
0.415276
0.205295
0.162629
0.121498
0.123831
0.368089
0.0779293
0.0108936
0.251361
0.662
0.159926
0.454613
0.228117
0.27715
0.405961
0.300126
0.183303
0.0746015
0.370459
0.656847
0.265218
0.185257
0.234197
0.662
0.53089
0.148726
0.0200699
0.0842593
0.431832
0.273158
0.232312
0.327019
0.662
0.361053
0.2416
0.662
0.208711
0.662
0.46908
0.0405545
0.277731
0.300206
0.127892
0.662
0.0322365
0.168116
0.0944993
0.070581
0.544459
0.0210009
0.50871
0.432389
0.605206
0.222954
0.144183
0.259056
0.0888535
0.137778
0.228246
0.437831
0.387112
0.243902
0.0506761
0.107647
0.662
0.120894
0.659603
0.131645
0.226765
0.125611
0.154838
0.171289
0.403297
0.398928
0.662
0.489515
0.043688
0.34404
0.539287
0.613013
0.125167
0.149772
0.662
0.386024
0.447001
0.233068
0.131045
0.0092501
0.236192
0.45782
0.378923
0.199113
0.433538
0.504748
0.232722
0.171724
0.0940279
0.0757735
0.434399
0.107276
0.257852
0.125275
0.198984
0.0650826
0.126569
0.135643
0.115593
0.662
0.628321
0.172027
0.297621
0.226228
0.252238
0.298544
0.00778744
0.662
0.0842385
0.0449407
0.528002
0.662
0.0154168
0.257615
0.450579
0.172647
0.645988
0.305962
0.424136
0.349597
0.0298535
0.0508992
0.252226
0.0884841
0.114805
0.220441
0.0619858
0.378745
0.0862253
0.118312
0.662
0.0486342
0.369379
0.270916
0.102771
0.284649
0.132881
0.590119
0.227254
0.388271
0.662
0.0741991
0.662
0.0977227
0.488629
0.300355
0.396745
0.0661149
0.0885818
0.156534
0.178105
0.411936
0.439747
0.255259
0.0596059
0.0634116
0.139476
0.531588
0.662
0.0108892
0.155701
0.662
0.0527857
0.422227
0.0675561
0.153073
0.0232894
0.528631
0.0844802
0.0444452
0.456362
0.0917925
0.153807
0.206407
0.273049
0.373077
0.543996
0.516757
0.227987
0.173779
0.168299
0.662
0.662
0.149419
0.354343
0.557943
0.056647
0.146532
0.268423
0.0525765
0.11292
0.662
0.208455
0.278608
0.328122
0.100428
0.352252
0.113547
0.662
0.489128
0.30591
0.255942
0.564746
0.662
0.113384
0.450622
0.130459
0.221959
0.243526
0.142346
0.115423
0.313983
0.607185
0.10761
0.527699
0.342303
0.131456
0.142606
0.333038
0.472687
0.195018
0.0860899
0.662
0.662
0.20533
0.662
0.331927
0.334192
0.39456
0.0710286
0.0547911
0.610817
0.446177
0.409964
0.542365
0.378241
0.101831
0.662
0.121048
0.168597
0.57176
0.564184
0.34783
0.304454
0.0403123
0.542324
0.093495
0.0431067
0.0763492
0.125825
0.0872368
0.329744
0.155278
0.662
0.574429
0.535258
0.399624
0.662
0.150318
0.662
0.34262
0.180971
0.19487
0.662
0.214825
0.662
0.0875123
0.155138
0.486959
0.0824074
0.208594
0.475044
0.230761
0.0990536
0.0562035
0.406574
0.122371
0.25407
0.214738
0.296716
0.0936359
0.662
0.164045
0.44974
0.152461
0.327336
0.199113
0.0859562
0.14469
0.157884
0.11143
0.12897
0.0905418
0.0846556
0.0932779
0.457593
0.110211
0.171324
0.154257
0.242893
0.251774
0.270413
0.278814
0.0990471
0.448272
0.113636
0.0443646
0.116841
0.662
0.0544074
0.300422
0.0803143
0.0926521
0.0675398
0.12543
0.13923
0.662
0.0984208
0.117442
0.269841
0.0492718
0.662
0.0372886
0.181467
0.109168
0.20114
0.162077
0.384012
0.075118
0.143892
0.175217
0.00513067
0.0429921
0.183966
0.124463
0.19342
0.117735
0.387802
0.418842
0.28276
0.317422
0.0139483
0.1783
0.145991
0.372304
0.00673463
0.510115
0.236482
0.283621
0.662
0.0971947
0.0426611
0.161769
0.662
0.349924
0.11695
0.0926081
0.185463
0.0820294
0.201161
0.379188
0.040628
0.162534
0.359665
0.662
0.570075
0.316268
0.662
0.574064
0.021335
0.565031
0.303778
0.117086
0.172906
0.195795
0.0908124
0.457246
0.066535
0.660843
0.119296
0.482589
0.374688
0.00831002
0.187216
0.270988
0.662
0.0736035
0.092465
0.188169
0.276582
0.54049
0.212246
0.0520465
0.662
0.662
0.662
0.0036551
0.236128
0.662
0.367549
0.133007
0.048718
0.217022
0.0549204
0.17687
0.22685
0.153884
0.194737
0.662
0.176223
0.424726
0.0946868
0.170912
0.14986
0.116645
0.662
0.412076
0.560177
0.264758
0.662
0.5156
0.215327
0.662
0.333555
0.314543
0.184322
0.205269
0.149481
0.662
0.662
0.210581
0.516859
0.0588501
0.306548
0.41599
0.522658
0.0916303
0.662
0.0667944
0.122113
0.499862
0.0541629
0.0679934
0.662
0.0711784
0.662
0.209613
0.431418
0.0718294
0.286062
0.662
0.662
0.662
0.336856
0.218059
0.111189
0.662
0.135111
0.204107
0.0837081
0.477976
0.281241
0.088858
0.00321736
0.0740928
0.0690864
0.323901
0.662
0.298362
0.296544
0.118697
0.467519
0.0845376
0.0834915
0.607641
0.212588
0.0329052
0.632368
0.662
0.106229
0.140413
0.101778
0.244531
0.490707
0.0979365
0.299794
0.0787226
0.337848
0.216966
0.221109
0.100959
0.0597442
0.0560226
0.253462
