0.458598
0.662
0.662
0.254243
0.505363
0.377644
0.19056
0.0421556
0.0844436
0.662
0.199617
0.115055
0.662
0.348049
0.386839
0.127541
0.216763
0.529061
0.338763
0.0424052
0.614883
0.205692
0.112185
0.0793552
0.0351962
0.662
0.66009
0.169675
0.662
0.458792
0.126032
0.119111
0.494745
0.662
0.0677137
0.201527
0.662
0.0158417
0.135239
0.363717
0.159967
0.201334
0.236178
0.0111511
0.124414
0.588847
0.579955
0.0520738
0.573217
0.275683
0.323501
0.206778
0.216321
0.167876
0.0545187
0.365452
0.306372
0.372599
0.0725523
0.398242
0.191448
0.158077
0.2023
0.555082
0.662
0.266543
0.313455
0.0230235
0.592942
0.224542
0.662
0.103985
0.107699
0.630817
0.194928
0.143555
0.236641
0.24087
0.520912
0.216961
0.0569969
0.108278
0.662
0.662
0.287125
0.252313
0.0815083
0.17853
0.307361
0.113808
0.100581
0.120233
0.533603
0.507602
0.114019
0.285147
0.0606893
0.662
0.662
0.533864
0.15415
0.0981206
0.101502
0.447752
0.662
0.383464
0.222805
0.171828
0.168125
0.662
0.385443
0.108596
0.41394
0.216116
0.224352
0.173801
0.0441173
0.129069
0.574822
0.0865493
0.380483
0.170992
0.0801495
0.120614
0.197897
0.460053
0.559345
0.662
0.20903
0.0808771
0.467609
0.0724212
0.662
0.151319
0.0561745
0.469829
0.199608
0.509458
0.23573
0.337577
0.259001
0.0603014
0.445217
0.442542
0.086024
0.30629
0.182957
0.22329
0.0513636
0.124327
0.126804
0.122608
0.662
0.662
0.0449111
0.281802
0.363966
0.00510029
0.662
0.628182
0.0652339
0.432611
0.161561
0.529421
0.200697
0.0836866
0.653486
0.0526529
0.458656
0.201642
0.0868485
0.662
0.12703
0.662
0.444681
0.456072
0.14281
0.214863
0.321175
0.578791
0.196901
0.251474
0.662
0.112746
0.0479765
0.653089
0.41963
0.139803
0.662
0.662
0.0416352
0.281891
0.662
0.0627665
0.271593
0.135148
0.503116
0.43599
0.168872
0.662
0.351363
0.198048
0.128297
0.260055
0.0621627
0.156664
0.166518
0.411985
0.136999
0.402876
0.356423
0.432122
0.12619
0.083624
0.662
0.0755534
0.0543987
0.0812468
0.0874982
0.62257
0.662
0.370843
0.662
0.385383
0.374559
0.169643
0.21628
0.617726
0.193643
0.662
0.62068
0.00506386
0.349122
0.220807
0.235387
0.450877
0.646318
0.444093
0.662
0.367428
0.110934
0.180555
0.554494
0.231407
0.62766
0.20392
0.212501
0.662
0.33154
0.0577473
0.168033
0.0915655
0.0475252
0.424982
0.229044
0.625936
0.148969
0.209422
0.571427
0.30637
0.662
0.662
0.273937
0.662
0.324331
0.344205
0.187651
0.120145
0.60483
0.662
0.0610723
0.109425
0.431697
0.237444
0.176447
0.119666
0.483386
0.523875
0.198105
0.185485
0.541347
0.092376
0.277573
0.272159
0.0985478
0.492313
0.117245
0.163484
0.081414
0.125504
0.452846
0.367801
0.0822686
0.113107
0.461267
0.127345
0.442102
0.505842
0.391026
0.25914
0.45074
0.0822216
0.228986
0.286644
0.373503
0.223099
0.121027
0.221644
0.309767
0.164094
0.662
0.288179
0.198539
0.662
0.450557
0.125742
0.662
0.423788
0.137497
0.0622095
0.631267
0.394641
0.107205
0.662
0.2448
0.246979
0.127521
0.599123
0.559831
0.0912605
0.0797392
0.251576
0.662
0.316686
0.0246909
0.0515424
0.111206
0.662
0.142682
0.176842
0.207551
0.222434
0.152268
0.662
0.261901
0.171537
0.175617
0.469633
0.662
0.446828
0.438568
0.165998
0.476228
0.0953675
0.0244198
0.662
0.524818
0.0795003
0.0243352
0.288142
0.154883
0.23736
0.662
0.358065
0.382997
0.0580507
0.090031
0.105932
0.0961231
0.0566309
0.43181
0.376718
0.662
0.523304
0.106187
0.472214
0.210417
0.0871238
0.107968
0.34941
0.147714
0.0582655
0.406423
0.620153
0.662
0.523797
0.0855555
0.0717177
0.465491
0.188469
0.662
0.293091
0.480978
0.0842001
0.0659221
0.662
0.321488
0.0308782
0.429861
0.221662
0.0950499
0.344603
0.302638
0.403394
0.662
0.662
0.563447
0.59855
0.139393
0.169432
0.213531
0.142797
0.343216
0.0905755
0.318262
0.196326
0.0522362
0.400022
0.12522
0.417095
0.344609
0.0340894
0.662
0.198008
0.0898152
0.237636
0.377808
0.0807349
0.541552
0.0724332
0.662
0.0892306
0.111846
0.115184
0.162532
0.411663
0.0974966
0.127358
0.250353
0.570003
0.662
0.41416
0.365865
0.226797
0.106416
0.542504
0.0687015
0.104827
0.245236
0.219339
0.0816427
0.262994
0.0132205
0.0707715
0.513558
0.18672
0.234059
0.662
0.248275
0.302953
0.432696
0.387708
0.662
0.24944
0.611208
0.345695
0.487619
0.662
0.438597
0.662
0.0923843
0.126859
0.0295138
0.174933
0.634565
0.492982
0.462765
0.368182
0.0778693
0.309557
0.158354
0.231788
0.177835
0.597795
0.066538
0.150561
0.469595
0.0746951
0.662
0.662
0.137723
0.0652998
0.660305
0.185135
0.19149
0.330086
0.183597
0.376097
0.298484
0.397094
0.298285
0.292716
0.662
0.404481
0.662
0.0299296
0.662
0.662
0.662
0.110647
0.10671
0.662
0.662
0.168385
