0.662
0.409734
0.662
0.1215
0.308136
0.0776558
0.224403
0.463557
0.192649
0.0323842
0.463264
0.37763
0.159728
0.359324
0.533854
0.662
0.662
0.0705921
0.178268
0.153062
0.133318
0.22354
0.238391
0.36321
0.0223922
0.431768
0.0920402
0.0815369
0.204042
0.0964839
0.209839
0.401171
0.224782
0.662
0.280401
0.126143
0.163072
0.167811
0.363262
0.624639
0.548555
0.138058
0.546854
0.125506
0.0835771
0.395195
0.127351
0.662
0.186936
0.662
0.302139
0.100049
0.16419
0.426847
0.308621
0.662
0.342142
0.0233162
0.219609
0.214359
0.307267
0.662
0.600444
0.0660592
0.602898
0.451698
0.211353
0.369284
0.414659
0.447551
0.202037
0.254605
0.416077
0.426421
0.662
0.54289
0.361372
0.522866
0.620172
0.0479074
0.0809059
0.340276
0.389711
0.156672
0.145154
0.289276
0.16863
0.0384773
0.641071
0.0214576
0.362974
0.277623
0.156182
0.00202311
0.467831
0.304746
0.358453
0.621291
0.621748
0.311768
0.413549
0.536992
0.662
0.161554
0.00461599
0.662
0.116291
0.0260592
0.661018
0.662
0.547154
0.462173
0.0652828
0.103378
0.296963
0.0743559
0.662
0.139417
0.319957
0.0620878
0.156705
0.275431
0.330672
0.0813039
0.0312682
0.295128
0.662
0.044633
0.662
0.36163
0.10509
0.182622
0.228351
0.0170337
0.269751
0.0484979
0.091629
0.538886
0.367317
0.363474
0.343323
0.0253509
0.559451
0.590871
0.636233
0.640153
0.402322
0.514369
0.142955
0.662
0.308009
0.043038
0.652763
0.0814582
0.635603
0.435748
0.323887
0.0632046
0.406396
0.0644716
0.411843
0.229155
0.379854
0.13048
0.512277
0.050404
0.340413
0.184184
0.542834
0.161311
0.356477
0.347789
0.634348
0.624776
0.463407
0.107558
0.607552
0.192157
0.662
0.572797
0.321647
0.0352975
0.132122
0.179453
0.662
0.124516
0.179345
0.043273
0.336538
0.437086
0.222904
0.599197
0.386737
0.472877
0.574804
0.43431
0.495507
0.103788
0.0895961
0.160411
0.205828
0.494231
0.246152
0.113706
0.661184
0.662
0.326094
0.406522
0.413171
0.535234
0.0927886
0.11016
0.327434
0.452012
0.362632
0.315165
0.647209
0.649767
0.662
0.662
0.247784
0.338543
0.133727
0.321282
0.662
0.0681042
0.141556
0.0773181
0.174292
0.662
0.223546
0.298561
0.341066
0.233237
0.245912
0.477445
0.167747
0.0625234
0.0555446
0.662
0.146084
0.208818
0.662
0.368964
0.188058
0.21045
