0.373049
0.185618
0.324456
0.447917
0.421551
0.109474
0.201612
0.126853
0.662
0.270457
0.379717
0.662
0.204417
0.662
0.662
0.282759
0.160355
0.228208
0.358604
0.299309
0.0859621
0.662
0.324949
0.0767047
0.465309
0.0862168
0.662
0.620257
0.577888
0.0563874
0.200697
0.662
0.106514
0.254243
0.662
0.0604754
0.409032
0.0943565
0.0850705
0.608006
0.392309
0.201028
0.0808155
0.154685
0.662
0.0380254
0.139715
0.171464
0.367446
0.417326
0.385629
0.21896
0.215585
0.512283
0.250123
0.360127
0.100399
0.131839
0.316457
0.211366
0.447732
0.386544
0.117343
0.314027
0.0835016
0.0931871
0.662
0.351778
0.165912
0.642602
0.544833
0.184715
0.0594293
0.171431
0.545186
0.0669563
0.0949463
0.328426
0.389244
0.102939
0.621393
0.027057
0.0982651
0.662
0.0445317
0.488611
0.0716362
0.119997
0.32238
0.260369
0.606278
0.27506
0.168214
0.19194
0.0190132
0.432928
0.338296
0.411611
0.0457406
0.589325
0.215369
0.472462
0.205887
0.0809999
0.343016
0.254717
0.133589
0.1661
0.350256
0.569681
0.261024
0.149113
0.404493
0.0576802
0.649741
0.062954
0.662
0.048101
0.00743731
0.388862
0.589143
0.106652
0.317721
0.156276
0.145188
0.662
0.302965
0.662
0.245236
0.119211
0.337857
0.172676
0.261587
0.0358544
0.103587
0.0793493
0.31249
0.573942
0.530042
0.0999399
0.0737669
0.573445
0.57981
0.662
0.221889
0.0712726
0.193775
0.189967
0.42794
0.233562
0.053846
0.662
0.254991
0.0660598
0.471053
0.241448
0.195453
0.151301
0.662
0.363353
0.659776
0.095552
0.259325
0.0156085
0.0929017
0.507456
0.0927646
0.662
0.0127417
0.22113
0.507345
0.202045
0.541568
0.174145
0.620815
0.650086
0.166519
0.275059
0.126402
0.0912651
0.662
0.0733814
0.260788
0.223369
0.0761073
0.24682
0.0974256
0.260504
0.0878499
0.0484883
0.399018
0.0513607
0.662
0.452765
0.0944691
0.187911
0.16512
0.254486
0.0493947
0.662
0.447918
0.108923
0.328631
0.117051
0.188618
0.228327
0.198448
0.454278
0.00608784
0.0665549
0.662
0.662
0.169723
0.392385
0.35272
0.442577
0.466471
0.186996
0.264109
0.172843
0.549044
0.236261
0.329673
0.218247
0.547593
0.662
0.411607
0.118076
0.14638
0.250587
0.3474
0.162762
0.0121901
0.142548
0.483917
0.0611431
0.296661
0.155451
0.662
0.0598546
0.264173
0.185733
0.213844
0.0218684
0.177737
0.543148
0.662
0.662
0.124327
0.114617
0.353097
0.122344
0.425957
0.583705
0.653497
0.204982
0.358509
0.486013
0.178202
0.070484
0.336575
0.662
0.278732
0.662
0.662
0.376925
0.0419772
0.214729
0.213492
0.0651054
0.119149
0.123077
0.56287
0.0592076
0.191462
0.085439
0.103247
0.0999694
0.376251
0.662
0.099532
0.106535
0.421092
0.524638
0.529048
0.662
0.0640957
0.662
0.0982845
0.216321
0.662
0.132379
0.662
0.351842
0.099689
0.412408
0.311269
0.662
0.0254118
0.138423
0.602209
0.662
0.481738
0.314753
0.134649
0.0882667
0.104838
0.141146
0.0110965
0.216535
0.380956
0.486239
0.165663
0.0019887
0.213752
0.289806
0.469829
0.0310897
0.204849
0.403963
0.299338
0.531989
0.0988652
0.515913
0.113855
0.352364
0.160741
0.619915
0.218069
0.0990376
0.177933
0.662
0.162603
0.421642
0.149928
0.315512
0.361033
0.0195945
0.618087
0.395457
0.0517267
0.320246
0.662
0.13967
0.19056
0.05345
0.347866
0.566101
0.662
0.550489
0.199814
0.565969
0.520819
0.147869
0.459999
0.621038
0.178579
0.379451
0.023874
0.335693
0.110333
0.29212
0.335707
0.508062
0.53219
0.269149
0.243071
0.270173
0.365582
0.10913
0.18111
0.153544
0.106471
0.451933
0.0901504
0.217854
0.512593
0.129238
0.0574462
0.662
0.025003
0.272698
0.352092
0.575969
0.503116
0.283077
0.357337
0.36783
0.0376234
0.109459
0.101713
0.396144
0.293455
0.656711
0.662
0.624022
0.503024
0.31103
0.662
0.30869
0.14814
0.058283
0.458261
0.193413
0.305814
0.138605
0.164736
0.121624
0.195611
0.362156
0.486896
0.237713
0.325384
0.167864
0.0398046
0.662
0.662
0.0652633
0.0139392
0.053284
0.0844509
0.0313008
0.0878494
0.238813
0.120467
0.501205
0.232447
0.662
0.306463
0.243297
0.661549
0.542112
0.116652
0.42266
0.662
0.306858
0.662
0.662
0.662
0.236036
0.408424
0.419645
0.54498
0.416455
0.361802
0.136773
0.291426
0.0732359
0.183597
0.121018
0.525907
0.458305
0.0972963
0.19725
0.662
0.184384
0.586288
0.474901
0.542139
0.0591307
0.662
0.356928
0.0929982
0.585719
0.662
0.188296
0.662
0.525453
0.331318
0.0164365
0.156876
0.0201816
0.662
0.124979
0.430747
0.0685446
0.581938
0.564709
0.662
0.407773
0.6344
0.273655
0.662
0.504483
0.0908166
0.391805
0.600505
0.0959589
0.199463
0.275093
0.269024
0.453604
0.0839742
0.441283
0.662
0.0811257
0.662
0.308431
0.0633164
0.400096
0.421306
0.249799
0.662
0.355097
0.662
0.292214
0.0917538
0.199198
0.15193
0.145209
0.321764
0.0937035
0.327145
0.125546
0.124469
0.464735
0.211635
0.0861904
0.294158
0.183981
0.103168
0.328164
0.0990872
0.489081
0.479769
0.180684
0.426544
0.0663172
0.102634
0.100838
0.0572856
0.189953
0.374559
0.547203
0.421884
0.662
0.222596
0.662
0.400102
0.574154
0.194342
0.0898188
0.444885
0.12294
0.235647
0.137382
0.193886
0.0482993
0.360536
0.350215
0.0685034
0.362406
0.111806
0.606863
0.317317
0.0826437
0.111512
0.0985478
0.0639401
0.0816427
0.662
0.109615
0.103785
0.590532
0.05633
0.330157
0.662
0.0779768
0.470957
0.498972
0.307496
0.118252
0.611753
0.0885205
0.192556
0.662
0.161756
0.426357
0.410877
0.2237
0.234215
0.124944
0.111769
0.213558
0.00655668
0.0109991
0.0801771
0.180334
0.0224554
0.0311531
0.0830607
0.269716
0.167396
0.183535
0.246344
0.514239
0.050848
0.143863
0.662
0.231999
0.0394212
0.114657
0.51631
0.139005
0.13712
0.149235
0.227797
0.073172
0.625716
0.662
0.0439468
0.0419956
0.153869
0.397189
0.249734
0.199597
0.591839
0.386819
0.308262
0.0687479
0.648211
0.0860688
0.107699
0.276549
0.328508
0.148855
0.132651
0.204423
0.370674
0.391703
0.489739
0.0996797
0.0630394
0.118492
0.314373
0.0534233
0.62807
0.121736
0.14107
0.0734308
0.208766
0.449238
0.059147
0.168036
0.662
0.205965
0.418361
0.205077
0.486497
0.127095
0.442397
0.662
0.460668
0.228986
0.0749665
0.310581
0.662
0.662
0.0747412
0.195963
0.136612
0.0436058
0.473763
0.0579918
0.662
0.662
0.210452
0.606462
0.0590048
0.641128
0.662
0.605307
0.0721065
0.257544
0.028689
0.32739
0.128015
0.12673
0.516606
0.093283
0.662
0.662
0.220991
0.40115
0.288179
0.130249
0.379712
0.137696
0.662
0.559478
0.578789
0.0652998
0.182774
0.567379
0.125487
0.297347
0.662
0.662
0.662
0.368884
0.507083
0.371112
0.146169
0.07722
0.229867
0.110124
0.261243
0.662
0.557146
0.310854
0.0681661
0.461267
0.372968
0.116852
0.0821669
0.0361611
0.160502
0.090946
0.429171
0.632471
0.191219
0.662
0.605674
0.466064
0.424104
0.643935
0.359453
0.238201
0.132494
0.191944
0.310187
0.0888523
0.492117
0.060015
0.0347663
0.405485
0.437569
0.156185
0.071743
0.662
0.568309
0.0847248
0.662
0.662
0.226645
0.662
0.12006
0.248993
0.505369
0.214868
0.258954
0.267271
0.130256
0.0997753
0.0515539
0.662
0.483388
0.427085
0.160738
0.662
0.177328
0.114185
0.46761
0.238072
0.643505
0.322891
0.148997
0.625245
0.0349951
0.617266
0.102736
0.0955277
0.0752894
0.0504295
0.42623
0.481399
0.283051
0.435808
0.66072
0.657178
0.405504
0.521292
0.0669877
0.0950499
0.0439861
0.641831
0.111902
0.418865
0.0677335
0.108988
0.662
0.550905
0.203718
0.662
0.265394
0.0350511
0.185349
0.618733
0.0774072
0.115101
0.45431
0.299629
0.330188
0.30208
0.600929
0.104722
0.662
0.11121
0.0860634
0.151217
0.212779
0.120933
0.0718279
0.628341
0.0716228
0.0995474
0.175558
0.143492
0.289184
0.155324
0.0764028
0.280065
0.283451
0.569941
0.346825
0.662
0.185092
0.510127
0.177373
0.316789
0.662
0.0149748
0.171446
0.150117
0.220922
0.0700095
0.247178
0.550532
0.0125481
0.369684
0.583508
0.662
0.6588
0.075634
0.662
0.315041
0.182787
0.146613
0.206592
0.125091
0.570278
0.19833
0.420294
0.110499
0.0737158
0.316686
0.525119
0.126935
0.167404
0.157704
0.65195
0.662
0.17693
0.0170081
0.662
0.281849
0.148513
0.0912536
0.0828275
0.104257
0.662
0.662
0.498339
0.590951
0.49042
0.321516
0.453351
0.112249
0.400866
0.335594
0.289152
0.27619
