0.256785
0.0771097
0.0879561
0.179543
0.230062
0.0849101
0.061481
0.525506
0.278118
0.0541161
0.150667
0.609346
0.538493
0.484014
0.0929719
0.652861
0.224099
0.109161
0.45148
0.0406356
0.15748
0.112108
0.114421
0.151056
0.482963
0.237789
0.279091
0.299612
0.343695
0.498917
0.402487
0.662
0.318709
0.0841624
0.109548
0.662
0.0512509
0.399023
0.315991
0.662
0.337837
0.548704
0.126387
0.14891
0.311801
0.341793
0.0763738
0.037274
0.420467
0.39727
0.662
0.59506
0.318342
0.0331209
0.283197
0.662
0.0770071
0.46577
0.148643
0.3095
0.450339
0.292277
0.0787832
0.170273
0.497431
0.11926
0.108247
0.662
0.419042
0.535883
0.146224
0.0936924
0.662
0.212284
0.0419452
0.589429
0.174111
0.271283
0.205359
0.662
0.510021
0.508725
0.0729648
0.507272
0.289144
0.138329
0.08399
0.11796
0.559828
0.662
0.0581548
0.195872
0.331139
0.2022
0.486743
0.515717
0.0763075
0.355177
0.194751
0.0542822
