0.421884
0.185618
0.461267
0.0156085
0.0929017
0.214868
0.104722
0.662
0.229867
0.350215
0.115101
0.498972
0.0439468
0.363658
0.0350511
0.324949
0.0909953
0.189967
0.0652633
0.0929982
0.662
0.0109991
0.07722
0.328164
0.662
0.0277881
0.215369
0.53219
0.269149
0.453351
0.112249
0.023874
0.0969756
0.130256
0.0793493
0.0681661
0.116852
0.507456
0.0982651
0.100399
0.662
0.662
0.377439
0.0747412
0.053846
0.111806
0.206592
0.260369
0.0761073
0.0779768
0.430747
0.289806
0.121736
0.662
0.0419772
0.195611
0.0821669
0.254243
0.0734308
0.494962
0.661549
0.214635
0.662
0.565969
0.0419956
0.159706
0.541568
0.639595
0.130652
0.0995474
0.329673
0.444798
0.525119
0.195453
0.662
0.0820041
0.223369
0.269716
0.106471
0.12673
0.0380254
0.0347663
0.3474
0.643935
0.216535
0.662
0.421092
0.14107
0.119211
0.285671
0.0816427
0.447918
0.0476263
0.30208
0.13967
0.19056
0.05345
0.570278
0.283451
0.464735
0.247178
0.575969
0.606278
0.167396
0.465309
0.379717
0.352364
0.310581
0.171446
0.0621541
0.220991
0.0484883
0.291426
0.122344
0.504483
0.367446
0.662
0.624022
0.05633
0.51631
0.0821836
0.213492
0.442577
0.301242
0.0959589
0.067639
0.662
0.199597
0.418361
0.241448
0.471553
0.0164365
0.210452
0.122317
0.31103
0.0752894
0.542112
0.0747364
0.42794
0.192556
0.662
0.18111
0.315512
0.533859
0.122371
0.149113
0.186057
0.0878499
0.335707
0.149235
0.662
0.662
0.278732
0.0360106
0.119997
0.246344
0.397189
0.662
0.0669877
0.0901504
0.22113
0.314373
0.346825
0.00525281
0.116652
0.42266
0.662
0.567379
0.265394
0.270457
0.411611
0.112388
0.14814
0.00439692
0.128015
0.662
0.649741
0.328426
0.405485
0.486145
0.662
0.451933
0.260504
0.0809999
0.184715
0.254717
0.218069
0.151301
0.353097
0.314027
0.351778
0.121018
0.199198
0.662
0.0201816
0.474901
0.389244
0.573942
0.662
0.180684
0.139715
0.498339
0.404493
0.662
0.525907
0.618087
0.193393
0.343016
0.299629
0.0517267
0.662
0.662
0.099532
0.199463
0.118492
0.149928
0.57981
0.338296
0.299309
0.662
0.416455
0.0198798
0.0640957
0.238813
0.485902
0.0170081
0.590532
0.293455
0.662
0.162603
0.370674
0.151217
0.292258
0.126935
0.413598
0.662
0.00655668
0.605674
0.126853
0.31922
0.134649
0.160862
0.662
0.306463
0.405504
0.188296
0.432928
0.328631
0.360536
0.512593
0.392309
0.0943099
0.0944884
0.0387482
0.421642
0.363353
0.213752
0.189273
0.110333
0.119149
0.418865
0.662
0.0398046
0.237713
0.386544
0.182787
0.16512
0.214729
0.399018
0.125091
0.662
0.278468
0.0362213
0.0737214
0.124979
0.543148
0.111769
0.361802
0.466064
0.258954
0.662
0.217854
0.662
0.39804
0.308431
0.309536
0.275093
0.171464
0.0988652
0.0949463
0.486896
0.0591307
0.180334
0.0122059
0.167404
0.643505
0.289152
0.646597
0.114185
0.183535
0.507083
0.159354
0.632471
0.662
0.403963
0.174145
0.379712
0.0349951
0.282759
0.590951
0.167864
0.573445
0.662
0.391703
0.662
0.550905
0.619915
0.132466
0.543151
0.452765
0.0974256
0.21896
0.185092
0.0990376
0.261587
0.275978
0.32739
0.108988
0.551598
0.37721
0.591839
0.617266
0.260788
0.0847817
0.469829
0.0310897
0.177373
0.270173
0.124327
0.40115
0.061072
0.0835016
0.0931871
0.118614
0.412983
0.421306
0.30869
0.400102
0.458305
0.0888523
0.248993
0.0586227
0.141146
0.0811257
0.54498
0.149015
0.429171
0.073524
0.106514
0.662
0.586288
0.216321
0.172843
0.316686
0.320246
0.170686
0.245236
0.222596
0.657178
0.662
0.242625
0.0934765
0.126402
0.153869
0.095552
0.0651054
0.662
0.111902
0.137382
0.0663172
0.662
0.544833
0.24682
0.0767047
0.42623
0.193775
0.662
0.311269
0.061444
0.317721
0.662
0.662
0.276549
0.118252
0.117343
0.31249
0.00743731
0.396144
0.662
0.132494
0.0850705
0.547593
0.148725
0.662
0.486013
0.606462
0.234742
0.261243
0.138605
0.12006
0.481399
0.659776
0.386819
0.308262
0.628341
0.0129381
0.0884412
0.356928
0.417326
0.131839
0.177737
0.578789
0.495516
0.0515539
0.0301785
0.581938
0.662
0.392385
0.379451
0.662
0.435808
0.527846
0.531989
0.335594
0.0311531
0.0830607
0.0361611
0.470957
0.0712726
0.662
0.228327
0.132651
0.335693
0.195963
0.129031
0.138423
0.662
0.215585
0.569681
0.605307
0.12294
0.449238
0.193413
0.0944691
0.084317
0.471053
0.589242
0.294158
0.0598546
0.0878494
0.0996797
0.207895
0.283051
0.109459
0.155324
0.0764028
0.162762
0.542139
0.0839742
0.0885205
0.442397
0.662
0.347866
0.662
0.437569
0.295576
0.0534233
0.147869
0.45431
0.379638
0.0436058
0.473763
0.662
0.656711
0.127604
0.573453
0.503116
0.662
0.662
0.103785
0.120389
0.201048
0.358509
0.0313008
0.0990872
0.185733
0.525453
0.0917818
0.662
0.583705
0.516606
0.093283
0.0717888
0.385629
0.316457
0.621393
0.164736
0.547203
0.213844
0.143863
0.19833
0.408424
0.400096
0.085439
0.103247
0.514239
0.419645
0.178202
0.662
0.608006
0.444885
0.136773
0.372784
0.337857
0.201028
0.662
0.520819
0.577888
0.0594293
0.139005
0.13712
0.231688
0.0737669
0.317317
0.0791785
0.275059
0.0576802
0.0801771
0.662
0.505369
0.138615
0.662
0.0882667
0.0819109
0.6344
0.662
0.662
0.510127
0.00608784
0.662
0.115892
0.103168
0.154685
0.662
0.490384
0.358604
0.048101
0.352092
0.374559
0.0832966
0.0319547
0.372968
0.530042
0.0999399
0.360127
0.393586
0.118221
0.508062
0.205887
0.662
0.0716362
0.322891
0.148997
0.232018
0.501205
0.397469
0.0563874
0.621038
0.662
0.620815
0.252615
0.0504295
0.662
0.583508
0.662
0.6588
0.204417
0.362406
0.330157
0.204423
0.662
0.102736
0.0482993
0.662
0.0786091
0.286126
0.267271
0.662
0.235647
0.503024
0.100661
0.108923
0.156185
0.515913
0.447732
0.0847248
0.483917
0.186996
0.49042
0.373759
0.0224554
0.157704
0.14638
0.0861904
0.261024
0.0792832
0.264109
0.226645
0.641128
0.641831
0.071743
0.188618
0.211635
0.662
0.113066
0.0677335
0.160738
0.36783
0.662
0.256325
0.662
0.110124
0.202045
0.198448
0.133732
0.00232692
0.168214
0.0361384
0.232447
0.280065
0.0982845
0.466471
0.185349
0.0860634
0.203718
0.19725
0.611753
0.0457406
0.0221329
0.564709
0.662
0.208766
0.35272
0.642602
0.0604754
0.0680667
0.191462
0.236261
0.662
0.330188
0.662
0.165663
0.618733
0.662
0.107699
0.238072
0.288179
0.118076
0.136612
0.267835
0.243071
0.212779
0.662
0.129238
0.441283
0.181684
0.205077
0.600929
0.5817
0.0513066
0.124469
0.062954
0.0445317
0.0592076
0.153177
0.1661
0.16251
0.66072
0.0190132
0.15193
0.446866
0.411607
0.408619
0.0749665
0.0943565
0.662
0.662
0.585719
0.662
0.018512
0.228986
0.120933
0.2237
0.0972963
0.662
0.46761
0.316789
0.322333
0.486239
0.183981
0.453604
0.199814
0.662
0.0687479
0.648211
0.230798
0.568309
0.145209
0.183597
0.027057
0.0908166
0.521292
0.0627889
0.0125481
0.0685034
0.0860688
0.204982
0.376925
0.257544
0.662
0.0462691
0.373049
0.355097
0.124944
0.226471
0.0630394
0.343775
0.662
0.213558
0.589325
0.424104
0.410877
0.549044
0.662
0.175558
0.075634
0.368884
0.325384
0.662
0.0826437
0.662
0.11121
0.662
0.194342
0.32238
0.200697
0.662
0.0358544
0.102634
0.662
0.307496
0.289184
0.0685446
0.0917538
0.0774072
0.62807
0.191219
0.447917
0.0605562
0.625245
0.321764
0.0808155
0.103587
0.579098
0.0985478
0.152843
0.662
0.164735
0.529048
0.338092
0.178579
0.545186
0.184384
0.52496
0.589143
0.488611
0.281849
0.148513
0.328508
0.376251
0.121624
0.299338
0.297347
0.100838
0.0572856
0.333935
0.574154
0.310854
0.306858
0.388862
0.359453
0.273655
0.28306
0.310187
