0.221401
0.232066
0.137183
0.0611389
0.12611
0.301903
0.642284
0.116642
0.0408264
0.101766
0.443454
0.0242683
0.662
0.392274
0.00545585
0.342799
0.0909165
0.660293
0.210935
0.196677
0.402243
0.169748
0.283572
0.662
0.662
0.592396
0.435184
0.616959
0.316331
0.0812063
0.169113
0.185662
0.0867347
0.0694988
0.453288
0.431376
0.45076
0.165344
0.0826024
0.298289
0.259528
0.279424
0.142227
0.0301004
0.139813
0.202467
0.153283
0.0504255
0.2226
0.105578
0.11383
0.108387
0.0538057
0.308892
0.0644363
0.126817
0.117787
0.338232
0.464621
0.439046
0.127101
0.106989
0.0951597
0.10276
0.139932
0.448333
0.456042
0.121252
0.0616436
0.170298
0.396511
0.216547
0.105258
0.36278
0.00687356
0.312473
0.662
0.0503737
0.281823
0.16016
0.148477
0.183009
0.0590698
0.484646
0.0380707
0.182386
0.0785214
0.226966
0.326132
0.477761
0.0854233
0.483959
0.441448
0.522404
0.18024
0.0455211
0.0337431
0.145159
0.503887
0.233684
0.158338
0.222856
0.0921282
0.1703
0.208762
0.0593354
0.129414
0.0480839
0.210467
0.143573
0.160629
0.0776352
0.0508731
0.246996
0.446937
0.209746
0.261824
0.42069
0.544903
0.415664
0.298831
0.35723
0.151371
0.0887308
0.104167
0.221207
0.561274
0.354861
0.117184
0.626803
0.0449207
0.575081
0.602781
0.107856
0.142434
0.219538
0.235331
0.105635
0.212324
0.295317
0.224312
0.583884
0.0571076
0.186285
0.17276
0.229414
0.10363
0.0784005
0.229019
0.0936964
0.094016
0.174128
0.0507208
0.0768235
0.233844
0.266526
0.346162
0.114389
0.356665
0.420349
0.0758018
0.244495
0.0867187
0.13248
0.339845
0.636311
0.300163
0.431486
0.0256311
0.107268
0.558425
0.0890329
0.523645
0.662
0.200073
0.172794
0.662
0.558322
0.0762709
0.308953
