0.618204
0.528023
0.500922
0.138368
0.24457
0.251309
0.546387
0.628925
0.380635
0.57397
0.0718185
0.386692
0.0443576
0.22787
0.0909361
0.114467
0.0814085
0.368403
0.211371
0.519318
0.521355
0.611798
0.385606
0.0583574
0.466402
0.50656
0.367207
0.449321
0.504758
0.0193466
0.274409
0.662
0.0750668
0.135276
0.0880879
0.0765889
0.0959575
0.292827
0.273395
0.415674
0.315735
0.0198901
0.149528
0.0743085
0.0805971
0.372349
0.19009
0.528378
0.214891
0.662
0.0926082
0.0398721
0.204465
0.415684
0.317942
0.0537593
0.0607234
0.323925
0.282097
0.283834
0.245667
0.130857
0.106703
0.0989533
0.0795252
0.0472161
0.638246
0.191052
0.200117
0.312829
0.0941114
0.0818122
0.157615
0.245668
0.0767285
0.328937
0.0497613
0.467416
0.092741
0.064853
0.335466
0.491634
0.00525089
0.0832527
0.141485
0.010694
0.0624704
0.557518
0.0969633
0.236393
0.134274
0.208254
0.126347
0.0798251
0.304276
0.350327
0.11826
0.0675603
0.502494
0.179468
0.162453
0.183146
0.397294
0.0688307
0.120815
0.317832
0.627738
0.156276
0.312546
0.0622371
0.282897
0.601758
0.0852948
0.183865
0.662
0.662
0.312825
0.0725672
0.114077
0.0644892
0.246143
0.662
0.375972
0.0951593
0.392627
0.662
0.166351
0.287318
0.0487309
0.394913
0.455726
0.662
0.130284
0.120935
0.10079
0.474253
0.162968
0.539256
0.134303
0.388425
0.113066
0.543646
0.372427
0.227024
0.272672
0.148233
0.0356915
0.0766649
0.357151
0.0182073
0.571059
0.132408
0.0487881
0.084855
0.452573
0.356117
0.150065
0.106002
0.0748482
0.662
0.300537
0.660778
0.342296
0.20423
0.102443
0.104713
0.164524
0.610218
0.186654
0.0994888
0.426577
0.262563
0.387449
0.109864
0.0962803
0.0857201
0.199184
0.526317
0.501614
0.202007
0.0604038
0.186344
0.340054
0.294119
0.171583
0.443443
0.122473
0.239115
0.345134
0.503402
0.0755734
0.326184
0.196199
0.217269
0.0333869
0.196452
0.263778
0.0498992
0.56776
0.166184
0.16454
0.538024
0.0324721
0.299981
0.112763
0.14078
0.414425
0.126915
0.206786
0.372212
0.451215
0.269093
0.0916578
0.178981
0.0716824
0.12948
0.100393
0.0255952
0.662
0.0656519
0.562785
0.168579
0.115807
0.0969641
0.194034
0.228651
0.409966
0.186641
0.264167
0.0521306
0.0727622
0.133993
0.645575
0.10488
0.135344
0.101236
0.662
0.324355
0.0333244
0.185491
0.400127
0.0821338
0.475537
0.193317
0.301943
0.662
0.11556
0.0833898
0.0569769
0.662
0.301308
0.0881282
0.119299
0.0443618
0.167481
0.0861295
0.662
0.0778738
0.143842
0.466986
0.173788
0.0878426
0.355567
0.179019
0.341599
0.186414
0.24474
0.0487429
0.316686
0.397388
0.31506
0.0272083
0.140641
0.432111
0.590676
0.106869
0.0940503
0.0954733
0.662
0.662
0.0905606
0.452251
0.656378
0.0419505
0.134962
0.142086
0.454497
0.0755548
0.42066
0.305341
0.307035
0.0952751
0.244582
0.485964
0.091831
0.191604
0.0101905
0.165344
0.0931574
0.447726
0.403798
0.662
0.574132
0.0361696
0.105788
0.387508
0.0664692
0.11977
0.550426
0.101092
0.128016
0.543741
0.0279794
0.062634
0.662
0.0453645
0.235331
0.119843
0.0848907
0.242067
0.0784178
0.0831626
0.121397
0.054238
0.195939
0.139272
0.142863
0.0819772
0.219006
0.341585
0.662
0.585035
0.0860429
0.662
0.0497485
0.388815
0.0562267
0.132396
0.0414579
0.182577
0.0876074
0.121057
0.0683162
0.039346
0.393837
0.0855666
0.484827
0.242285
0.233583
0.351105
0.45003
0.188792
0.0419532
0.100087
0.662
0.662
0.0447572
0.211792
0.191362
0.228092
0.0650911
0.214462
0.313444
0.0245612
0.592303
0.386883
0.662
0.261826
0.0470672
0.121387
0.305899
0.126514
0.322844
0.261679
0.502834
0.102345
0.111688
0.129446
0.46478
0.0777182
0.168296
0.0414947
0.24697
0.00523058
0.119021
0.519918
0.25269
0.480151
0.0522078
0.45644
0.363564
0.197578
0.662
0.237521
0.169967
0.0629529
0.445686
0.0574614
0.0548121
0.231715
0.620383
0.414524
0.210537
0.048253
0.131945
0.351741
0.159776
0.108594
0.234651
0.0768499
0.469604
0.344858
0.0534937
0.580482
0.100756
0.662
0.142106
0.120757
0.205036
0.662
0.193622
0.662
0.630583
0.662
0.563162
0.443798
0.225378
0.1703
0.404651
0.299301
0.0341957
0.579782
0.09608
0.396522
0.347181
0.146395
0.662
0.147035
0.351786
0.195833
0.0455571
0.173941
0.0736434
0.378112
0.340086
0.316515
0.322901
0.139235
0.430118
0.142046
0.292875
0.43611
0.0528885
0.2226
0.0472212
0.0182445
0.537904
0.602693
0.235747
0.270287
0.368328
0.0915915
0.342829
0.184181
0.241459
0.332358
0.189931
0.644904
0.282193
0.175849
0.563556
0.113197
0.533864
0.171044
0.0551604
0.13445
0.360687
0.347288
0.662
0.112363
0.129184
0.308095
0.359591
0.0949007
0.0640346
0.606669
0.662
0.107874
0.134237
0.0471905
0.201697
0.191239
0.0917397
0.340242
0.28021
0.639172
0.0856236
0.016389
0.13716
0.212614
0.662
0.427202
0.0434572
0.199346
0.132152
0.281796
0.179689
0.135584
0.151371
0.564513
0.311003
0.381146
0.0819738
0.0816609
0.193001
0.481326
0.662
0.606705
0.144775
0.202495
0.335181
0.222861
0.202239
0.123393
0.0886385
0.382009
0.0593241
0.0601291
0.442766
0.390771
0.0726439
0.21257
0.242413
0.661627
0.0664179
0.0397497
0.133349
0.317478
0.323027
0.0833017
0.0865641
0.637531
0.548861
0.155681
0.434808
0.042766
0.135451
0.510927
0.0638193
0.662
0.662
0.0930316
0.112185
0.216656
0.561094
0.287074
0.484704
0.27654
0.12149
0.0273581
0.524826
0.531824
0.0131324
0.217053
0.662
0.662
0.12396
0.174111
0.519354
0.087812
0.143207
0.0901436
0.0676993
0.115502
0.168396
0.116798
0.0486755
0.252864
0.102707
0.0542816
0.100652
0.119673
0.111994
0.561437
0.28306
0.469072
0.201039
0.650582
0.158338
0.496555
0.115641
0.0221659
0.0510636
0.58914
0.662
0.148487
0.181093
0.311022
0.165852
0.112053
0.160516
0.199958
0.0541181
0.119442
0.53128
0.0645635
0.541525
0.260415
0.243407
0.37768
0.241699
0.662
0.552234
0.325452
0.20615
0.0582753
0.29907
0.184067
0.367826
0.158354
0.513852
0.0331727
0.0457797
0.573284
0.119031
0.315029
0.248342
0.446249
0.662
0.289793
0.243039
0.0153787
0.397162
0.0478699
0.299419
0.164216
0.662
0.515827
0.109279
0.135239
0.392266
0.412753
0.656317
0.532056
0.0908131
0.060649
0.109805
0.08378
0.119515
0.0713213
0.155429
0.267764
0.415664
0.278787
0.11916
0.499726
0.131738
0.447523
0.19519
0.311842
0.126669
0.456949
0.14902
0.392034
0.312368
0.426462
0.197892
0.158313
0.156788
0.0653998
0.297418
0.208363
0.0905153
0.135908
0.196677
0.431847
0.0252665
0.58695
0.662
0.198863
0.156661
0.168425
0.165089
0.517144
0.318305
0.0545035
0.0603707
0.147764
0.126204
0.0324225
0.0929965
0.662
0.213055
0.334205
0.288463
0.178863
0.645615
0.560191
0.323936
0.662
0.111469
0.138948
0.0686244
0.0601711
0.195024
0.312629
0.117741
0.100583
0.11963
0.134072
0.46146
0.0617212
0.264173
0.662
0.0565924
0.181745
0.201885
0.44363
0.502816
0.13065
0.196028
0.102297
0.477945
0.173505
0.591354
0.0816193
0.0987174
0.0957349
0.13068
0.233118
0.0547334
0.171448
0.0624046
0.374921
0.403128
0.161541
0.244102
0.234896
0.273228
0.266189
0.0570359
0.299697
0.662
0.0654351
0.193694
0.155168
0.140897
0.582144
0.249632
0.0902943
0.213998
0.180027
0.0907476
0.457222
0.0977518
0.0850536
0.192763
0.033637
0.3651
0.110807
0.358698
0.459173
0.223892
0.11543
0.125476
0.0223279
0.629529
0.0458984
0.662
0.0882911
0.662
0.172432
0.27216
0.376814
0.118559
0.473739
0.552256
0.0735938
0.0388326
0.638479
0.179716
0.299619
0.087581
0.243499
0.0982658
0.269107
0.108981
0.421898
0.509764
0.226445
0.441962
0.508616
0.358083
0.662
0.586293
0.531429
0.219387
0.0966656
0.662
0.662
0.250421
0.0839311
0.0505283
0.153656
0.00687355
0.0650386
0.632955
0.0492031
0.252253
0.0557365
0.179025
0.182818
0.407883
0.489804
0.187947
0.37419
0.121163
0.0852736
0.662
0.34857
0.457928
0.474338
0.120648
0.0450588
0.23089
0.0790964
0.172323
0.366751
0.107398
0.317836
0.158812
0.44951
0.149532
0.247279
0.192405
0.107588
0.0616736
0.405084
0.196378
0.275249
0.662
0.287679
0.662
0.644745
0.107198
0.0904295
0.0891709
0.409283
0.0733115
0.122971
0.178284
0.03713
0.114668
0.542712
0.458201
0.246264
0.142405
0.440954
0.0985318
0.0821832
0.662
0.35146
0.0856829
0.509083
0.245648
0.608991
0.155582
0.0784987
0.0894286
0.175631
0.213686
0.59836
0.289103
0.0976338
0.0743331
0.199454
0.662
0.0317741
0.34855
0.507177
0.458124
0.662
0.0462433
0.662
0.519102
0.44387
0.21398
0.602335
0.161366
0.297539
0.168957
0.0858032
0.174028
0.163405
0.383991
0.226161
0.0725713
0.0916941
0.0905694
0.116875
0.0835973
0.337707
0.147018
0.167164
0.662
0.273369
0.17175
0.0949163
0.385964
0.452007
0.331179
0.249859
0.234516
0.416314
0.557169
0.205953
0.0900926
0.0667959
0.118367
0.662
0.150861
0.662
0.401587
0.0493505
0.174146
0.108704
0.0770358
0.00965725
0.0529589
0.290728
0.565871
0.0282011
0.0615324
0.150153
0.106401
0.0953563
0.295879
0.0925469
0.374053
0.142767
0.0781024
0.0587461
0.312579
0.0894596
0.384919
0.104636
0.00204492
0.608558
0.0703374
0.310878
0.107366
0.14444
0.247828
0.34492
0.0593254
0.422832
0.300378
0.314134
0.366671
0.571592
0.493427
0.573486
0.110851
0.423084
0.285868
0.413757
0.191386
0.317733
0.422954
0.1976
0.61625
0.0483254
0.150693
0.172661
0.0843404
0.311248
0.504265
0.662
0.399326
0.438311
0.116033
0.160598
0.0572828
0.026894
0.662
0.0778224
0.0610856
0.175377
0.0688905
0.0635477
0.164459
0.0961736
0.0416787
0.409462
0.425618
0.0801036
0.124326
0.518271
0.151517
0.259139
0.662
0.549964
0.208491
0.00429848
0.391543
0.186623
0.115081
0.662
0.38225
0.0769795
0.131115
0.00372329
0.387991
0.465094
0.590548
0.264905
0.616338
0.0837584
0.146595
0.519941
0.662
0.128948
0.554956
0.018669
0.0531811
0.391096
0.492078
0.488576
0.662
0.0828942
0.541994
0.105832
0.071901
0.419475
0.0824861
0.0838473
0.133254
0.307921
0.118402
0.243649
0.127172
0.171252
0.143487
0.10408
0.441288
0.207578
0.569709
0.47165
0.459881
0.0845495
0.470135
0.00807822
0.461696
0.0391706
0.435203
0.181669
0.346732
0.0755794
0.165994
0.0282862
0.563924
0.174771
0.175013
0.237024
0.156532
0.427612
0.644844
0.649704
0.524643
0.662
0.229978
