0.15894
0.662
0.0198736
0.00897719
0.469326
0.126068
0.662
0.228966
0.134537
0.00944969
0.354379
0.306767
0.366129
0.233444
0.655275
0.298913
0.111113
0.279485
0.662
0.301998
0.466383
0.0925143
0.425912
0.0702821
0.0726802
0.471743
0.0972699
0.243042
0.622567
0.491914
0.27794
0.0887426
0.0129573
0.211657
0.126495
0.544267
0.183292
0.287338
0.662
0.18489
0.568305
0.250177
0.101173
0.28435
0.208817
0.201482
0.0153107
0.372443
0.0963405
0.181363
0.171195
0.333231
0.662
0.163547
0.662
0.201863
0.442037
0.277232
0.0452814
0.104233
0.595059
0.419385
0.334818
0.662
0.401912
0.662
0.0837303
0.662
0.243961
0.449875
0.453144
0.0544913
0.216064
0.390427
0.568575
0.146173
0.154777
0.107347
0.403524
0.290769
0.124408
0.662
0.246391
0.243205
0.184164
0.0661242
0.662
0.21012
0.379673
0.211131
0.0546593
0.120152
0.0144843
0.0961477
0.297358
0.5137
0.0611652
0.434007
0.025503
0.134227
0.270823
0.407176
0.115271
0.0532853
0.184454
0.27488
0.0250016
0.00893717
0.165953
0.218256
0.0646037
0.341004
0.199896
0.162132
0.662
0.254659
0.138968
0.17335
0.215213
0.21761
0.233874
0.214145
0.662
0.630723
0.276547
0.00252291
0.191968
0.0712266
0.119643
0.103345
0.316044
0.0730002
0.114324
0.0144375
0.166035
0.202069
0.0770577
0.127349
0.545691
0.10883
0.662
0.140078
0.0960728
0.0747425
0.332021
0.0787611
0.0462424
0.662
0.33689
0.164731
0.196366
0.191477
0.234375
0.166276
0.129596
0.144319
0.0804158
0.495482
0.662
0.114711
0.0993055
0.0930902
0.269104
0.470978
0.0686154
0.248195
0.148267
0.56494
0.640937
0.662
0.45299
0.348694
0.322061
0.202048
0.41492
0.662
0.318027
0.0322391
0.306233
0.398209
0.129129
0.662
0.0823805
0.269676
0.662
0.662
0.155105
0.36368
0.111487
0.348608
0.235944
0.662
0.0487751
0.29102
0.313823
0.0649309
0.180063
0.164916
0.0715827
0.0213139
0.379016
0.182397
0.164853
0.352704
0.063341
0.132531
0.587272
0.383336
0.620601
0.286438
0.264294
0.0782223
0.452658
0.48908
0.0872314
0.227482
0.19154
0.436253
0.292811
0.213384
0.0962461
0.662
0.155554
0.109731
0.435201
0.0752682
0.306012
0.138902
0.062732
0.256414
0.438789
0.539129
0.662
0.188157
0.427665
0.186755
0.0774635
0.0469994
0.12109
0.160139
0.347731
0.0824802
0.0926768
0.156319
0.662
0.0894363
0.662
0.351219
0.11372
0.0736539
0.365793
0.327096
0.613261
0.662
0.202449
0.147427
0.405736
0.401101
0.617373
0.195318
0.0953858
0.106739
0.293568
0.18539
0.182941
0.34918
0.662
0.435607
0.101927
0.15235
0.501637
0.171139
0.408508
0.370875
0.132912
0.129977
0.446786
0.222147
0.472655
0.0661347
0.193553
0.157368
0.661933
0.21057
0.0480863
0.0945254
0.159067
0.0441562
0.355077
0.585105
0.662
0.662
0.0939744
0.11077
0.420012
0.292434
0.0740516
0.0586997
0.313198
0.504347
0.455053
0.518176
0.210499
0.339372
0.311604
0.271518
0.115526
0.520177
0.206107
0.414417
0.135369
0.234357
0.142181
0.0765843
0.656795
0.239873
0.338093
0.474782
0.662
0.662
0.20644
0.662
0.164276
0.616105
0.662
0.333348
0.379
0.199812
0.277652
0.135275
0.662
0.0541781
0.169729
0.390752
0.134371
0.238079
0.159226
0.0907508
0.0664751
0.268118
0.3458
0.0441165
0.555313
0.546726
0.0723084
0.662
0.662
0.0749735
0.253699
0.00713214
0.163466
0.108741
0.181344
0.213138
0.0759594
0.115948
0.214503
0.255333
0.478052
0.103381
0.45541
0.486546
0.0210672
0.173318
0.363312
0.229377
0.338334
0.207354
0.0951644
0.0634901
0.458207
0.258903
0.0509151
0.109538
0.203474
0.662
0.604464
0.0708647
0.1998
0.463043
0.0455243
0.0825948
0.351753
0.636107
0.130221
0.184932
0.0829968
0.278863
0.0452702
0.662
0.127141
0.0216426
0.132143
0.106438
0.185853
0.274956
0.342517
0.113231
0.662
0.232427
0.306817
0.662
0.208866
0.662
0.397324
0.116347
0.14747
0.202971
0.0567601
0.105464
0.455043
0.106385
0.313379
0.662
0.486971
0.270219
0.491603
0.135852
0.0940936
0.135477
0.127981
0.10796
0.119974
0.114445
0.14246
0.426305
0.495948
0.103601
0.323656
0.477821
0.222511
0.366521
0.310512
0.488903
0.218415
0.0519947
0.367625
0.662
0.0754901
0.477028
0.405803
0.606156
0.633017
0.0551277
0.463183
0.196812
0.442394
0.095355
0.134212
0.423726
0.308797
0.0883486
0.128312
0.662
0.138553
0.408053
0.148487
0.162118
0.0434485
0.162436
0.138352
0.380737
0.425432
0.126942
0.393525
0.144592
0.130601
0.308771
0.0364353
0.662
0.100989
0.662
0.078653
0.380351
0.104349
0.662
0.57898
0.0261245
0.662
0.662
0.162235
0.429577
0.495512
0.15328
0.253742
0.376338
0.662
0.136459
0.662
0.662
0.590507
0.0984558
0.12734
0.128991
0.181076
0.236009
0.417952
0.0700702
0.365031
0.0437018
0.0934994
0.217232
0.375676
0.109116
0.418811
0.273133
0.04021
0.077594
0.339641
0.129245
0.123412
0.0816154
0.662
0.03465
0.0480829
0.260482
0.178038
0.146903
0.247396
0.0424668
0.262141
0.135414
0.122152
0.055658
0.565428
0.060687
0.368605
0.0574946
0.198634
0.118069
0.29286
0.266162
0.263151
0.186782
0.144333
0.397125
0.135305
0.565695
0.0371004
0.214596
0.274963
0.110567
0.285078
0.0856391
0.583791
0.227647
0.0619231
0.483418
0.0863253
0.0839572
0.165785
0.240932
0.623398
0.0778373
0.311604
0.662
0.123745
0.38645
0.405704
0.544344
0.054123
0.662
0.147044
0.662
0.662
0.570629
0.464857
0.134166
0.194348
0.127508
0.111394
0.245549
0.0170919
0.0709828
0.0390457
0.662
0.137084
0.3883
0.360919
0.182499
0.662
0.582458
0.662
0.0959434
0.285702
0.325665
0.131476
0.194093
0.0534152
0.606341
0.295645
0.320745
0.662
0.227707
0.124028
0.0497942
0.0528307
0.662
0.662
0.480279
0.525002
0.117582
0.0784674
0.116819
0.0856933
0.662
0.62602
0.662
0.467583
0.104232
0.0691321
0.153231
0.476034
0.662
0.0771102
0.41236
0.334323
0.247406
0.662
0.065193
0.116713
0.393368
0.566114
0.267862
0.311755
0.095362
0.301673
0.120077
0.45864
0.146572
0.221627
0.15946
0.350459
0.126633
0.502282
0.439835
0.0554673
0.428474
0.203055
0.196536
0.372358
0.232245
0.662
0.662
0.0996996
0.194497
0.221959
0.196147
0.0200408
0.662
0.234466
0.560682
0.120112
0.062575
0.0755987
0.662
0.622862
0.432598
0.182939
0.287555
0.356606
0.123817
0.0228764
0.29433
0.13167
0.662
0.301397
0.162392
0.368169
0.205354
0.112099
0.662
0.478942
0.662
0.0814517
0.662
0.292701
0.0212535
0.133473
0.0974428
0.662
0.274793
0.0896617
0.645857
0.04308
0.631359
0.662
0.146125
0.0612986
0.107876
0.200075
0.28315
0.229575
0.157712
0.458191
0.0587663
0.422871
0.34369
0.133457
0.0961347
0.242071
0.113659
0.44028
0.147218
0.400379
0.662
0.131298
0.0606609
0.584919
0.662
0.456148
0.319863
0.145188
0.662
0.347328
0.111555
0.195255
0.3058
0.257195
0.197855
0.322261
0.578897
0.499088
0.200476
0.301534
0.409957
0.31912
0.662
0.662
0.0744448
0.110005
0.116171
0.200879
0.662
0.0708942
0.347134
0.662
0.662
0.182593
0.449268
0.185637
0.0449268
0.619319
0.0795363
0.065813
0.111842
0.451363
0.53404
0.18426
0.375476
0.511236
0.132174
0.196342
0.0793631
0.562787
0.662
0.53614
0.484083
0.137718
0.573212
0.0111196
0.662
0.662
0.662
0.137629
0.143675
0.18158
0.134412
0.0500192
0.2422
0.052467
0.0275992
0.153468
0.0945541
0.315474
0.595325
0.308105
0.136595
0.136112
0.0766493
0.124871
0.218777
0.602568
0.182466
0.413266
0.662
0.207642
0.070298
0.662
0.250615
0.647823
0.31443
0.662
0.0870982
0.129338
0.334887
0.363246
0.20274
0.273566
0.150448
0.24865
0.118922
0.111945
0.662
0.042087
0.133993
0.662
0.522721
0.338421
0.0437594
0.662
0.342909
0.230012
0.109755
0.657474
0.209172
0.662
0.360323
0.199691
0.409817
0.0987743
0.265117
0.110508
0.105893
0.250353
0.662
0.277057
0.0954322
0.0924027
0.0841926
0.094762
0.662
0.191822
0.148869
0.138833
0.265735
0.662
0.386134
0.118115
0.380931
0.662
0.133
0.0418485
0.662
0.248488
0.662
0.662
0.00920679
0.54087
0.119485
0.0128236
0.413822
0.662
0.126412
0.237846
0.0915066
0.185095
0.662
0.0157781
0.373275
0.425703
0.581365
0.39202
0.662
0.0204389
0.268377
0.127052
0.193558
0.216935
0.226233
0.0667189
0.205417
0.332865
0.265828
0.413819
0.229563
0.128868
0.211908
0.164627
0.141977
0.662
0.208796
0.0267389
0.185572
0.662
0.0578826
0.0760506
0.213363
0.227097
0.213911
0.631362
0.662
0.662
0.103606
0.206211
0.227692
0.0738332
0.527426
0.223069
0.0498317
0.662
0.233119
0.630993
0.176295
0.301385
0.0963863
0.19395
0.662
0.47967
0.589364
0.114164
0.0431166
0.26764
0.152978
0.662
0.102675
0.662
0.662
0.628849
0.200411
0.0929226
0.154003
0.662
0.662
0.195235
0.0671746
0.302113
0.0419089
0.370298
0.619333
0.13524
0.441725
0.568644
0.662
0.0792999
0.162025
0.405744
0.406848
0.0438059
0.511995
0.0697618
0.276131
0.270256
0.662
0.517206
0.260415
0.0804221
0.517242
0.431739
0.560988
0.199991
0.0892272
0.109081
0.188026
0.246367
0.314917
0.52486
0.163637
0.662
0.263516
0.283032
0.662
0.0922014
0.23033
0.188366
0.156857
0.100242
0.486477
0.114072
0.190011
0.550931
0.0468019
0.196743
0.0983859
0.0544707
0.514186
0.0669768
0.0945598
0.120829
0.312157
0.508743
0.180076
0.0754939
0.0980357
0.178301
0.156336
0.229102
0.662
0.141829
0.0476128
0.0324068
0.662
0.1016
0.427793
0.0711286
0.178522
0.652157
0.0612828
0.271196
0.0937849
0.289276
0.662
0.0909202
0.662
0.0842571
0.0242743
0.276874
0.649575
0.582835
0.0448156
0.517919
0.662
0.132636
0.129115
0.0911053
0.113939
0.37881
0.662
0.0781135
0.311328
0.0967093
0.582922
0.0551765
0.0585942
0.137378
0.0480391
0.0679709
0.336839
0.483271
0.334191
0.144216
0.102785
0.271311
0.0363945
0.12033
0.662
0.0384361
0.662
0.425695
0.115418
0.662
0.0745306
0.284028
0.480818
0.176178
0.178718
0.162926
0.11089
0.662
0.184087
0.495055
0.143714
0.498198
0.38658
0.0430991
0.0762976
0.416104
0.496849
0.326765
0.662
0.308277
0.42152
0.243617
0.063403
0.0894133
0.460104
0.0223381
0.469301
0.185381
0.0790049
0.429726
0.371823
0.0982587
0.0813583
0.0966163
0.115493
0.0797989
0.105821
0.0965471
0.187143
0.0466409
0.603743
0.31788
0.103777
0.394179
0.4035
0.164727
0.662
0.114268
0.0830032
0.0963518
0.0886109
0.662
0.0786421
0.118104
0.0701148
0.236241
0.539451
0.118867
0.132351
0.351273
0.298711
0.524873
0.110928
0.535509
0.1412
0.0913516
0.269393
0.662
0.160222
0.113782
0.62409
0.662
0.10442
0.147686
0.473098
0.131598
0.264796
0.350381
0.351812
0.339664
0.127437
0.662
0.662
0.162577
0.142247
0.140041
0.175226
0.104827
0.643643
0.429329
0.170394
0.0615246
0.04811
0.0870033
0.29174
0.0543447
0.393896
0.106452
0.662
0.288363
0.10264
0.277791
0.208212
0.0758046
0.116645
0.220197
0.0622568
0.313016
0.157165
0.25098
0.0423119
0.222514
0.369764
0.104422
0.310488
0.307775
0.0869573
0.252584
0.0909979
0.251385
0.123207
0.486352
0.662
0.327227
0.0147197
0.190687
0.550036
0.185045
0.240478
0.464387
0.0775057
0.187112
0.157412
0.0628617
0.662
0.662
0.137445
0.440127
0.480699
0.117874
0.119651
0.154116
0.288311
0.195197
0.427021
0.662
0.341577
0.111267
0.419394
0.411786
0.662
0.511376
0.421294
0.29761
0.0804103
0.0753423
0.329316
0.0429554
0.292241
0.104558
0.365938
0.116073
0.262727
0.235549
0.207604
0.524382
0.107373
0.662
0.0870732
0.662
0.0823059
0.225586
0.0960678
0.188896
0.352624
0.541911
0.0982171
0.597486
0.662
0.0590318
0.188855
0.624672
0.446382
0.0542859
0.242755
0.077082
0.276359
0.662
0.138085
0.0679029
0.368235
0.0344041
0.662
0.103158
0.0975481
0.126519
0.205989
0.182306
0.115291
0.223234
0.292147
0.175974
0.417378
0.0853053
0.13144
0.115943
0.157648
0.112395
0.662
0.0581894
0.117435
0.662
0.250073
0.414722
0.249265
0.193162
0.200375
0.662
0.662
0.179616
0.439436
0.147217
0.265928
0.310844
0.0719255
0.0933253
0.0640139
0.169211
0.662
0.165079
0.160783
0.0874255
0.464338
0.140947
0.0725071
0.13127
0.54263
0.0575561
0.180189
0.418836
0.662
0.111182
0.221401
0.662
0.184754
0.165087
0.22394
0.31443
0.125882
0.170854
0.662
0.253885
0.282211
0.284485
0.595955
0.0860883
0.21258
0.662
0.101997
0.360795
0.662
0.538128
0.407561
0.112281
0.0817873
0.371681
0.0933149
0.140477
0.0244561
0.144748
0.47051
0.662
0.578204
0.114384
0.346117
0.212692
0.120616
0.662
0.156549
0.408306
0.19114
0.0685428
0.186347
0.219839
0.265153
0.662
0.471435
0.23271
0.594799
0.0855541
0.0645927
0.662
0.422386
0.170094
0.469209
0.208576
0.662
0.438731
0.662
0.515716
0.45289
0.0706709
0.0829411
0.0739062
0.0675891
0.106688
0.0951389
0.652075
0.498169
0.338807
0.164437
0.662
0.501901
0.586007
0.127719
0.286583
0.153556
0.339588
0.459703
0.182656
0.291503
0.29713
0.517498
0.104936
0.203602
0.662
0.662
0.140755
0.11151
0.248291
0.0798679
0.0553476
0.23785
0.0570526
0.109291
0.0773183
0.530516
0.121334
0.311296
0.180582
0.148465
0.278183
0.253274
0.0910882
0.662
0.429447
0.397267
0.662
0.264098
0.153969
0.0359799
0.133816
0.290175
0.386857
0.25613
0.120833
0.215582
0.0416886
0.129543
0.161058
0.662
0.321129
0.414041
0.252864
0.117518
0.662
0.0832918
0.226148
0.662
0.662
0.558458
0.240882
0.245966
0.366457
0.0321647
0.0346511
0.117457
0.170551
0.0925703
0.252319
0.19289
0.652434
0.174611
0.0954295
0.658322
0.350928
0.547597
0.426511
0.0564647
0.369303
0.481853
0.662
0.662
0.662
0.0888927
0.197259
0.459227
0.227445
0.0272701
0.29296
0.194073
0.47805
0.196189
0.621921
0.357067
0.191051
0.284826
0.314471
0.609193
0.293522
0.207337
0.0697169
0.0934415
0.6328
0.218216
0.535693
0.0992035
0.217543
0.213704
0.240076
0.277442
0.662
0.126247
0.226155
0.436766
0.0688809
0.0134067
0.348704
0.662
0.158098
0.128817
0.350945
0.175768
0.0397285
0.225074
0.500887
0.0811915
0.119674
0.121484
0.0713241
0.415195
0.154659
0.310109
0.662
0.243493
0.662
0.231298
0.165563
0.277991
0.132652
0.122582
0.542323
0.0365157
0.205706
0.478522
0.0342001
0.0502897
0.0819063
0.348968
0.662
0.0875569
0.108774
0.33201
0.643831
0.153146
0.504676
0.662
0.0991365
0.168698
0.662
0.0522104
0.662
0.237012
0.286238
0.247773
0.393575
0.662
0.230163
0.208751
0.240249
0.444515
0.158793
0.104246
0.382573
0.344391
0.127183
0.073383
0.0445916
0.354046
0.150802
0.160934
0.160274
0.169308
0.0414592
0.0832026
0.197128
0.0974379
0.113091
0.503563
0.129867
0.559822
0.427471
0.662
0.128825
0.140651
0.2217
0.662
0.0900742
0.0884133
0.060268
0.278927
0.129646
0.662
0.176951
0.301833
0.370803
0.431849
0.0583913
0.428018
0.193687
0.0709147
0.292098
0.566486
0.662
0.107813
0.636718
0.509386
0.244906
0.29115
0.161737
0.0262784
0.341636
0.238319
0.160616
0.331626
0.125706
0.0932988
0.0551994
0.532366
0.602437
0.13946
0.328877
0.311114
0.0139804
0.320727
0.539339
0.0506479
0.241811
0.548445
0.198378
0.0338369
0.152612
0.0850434
0.0868887
0.618619
0.179994
0.502362
0.170091
0.360525
0.413011
0.114867
0.172292
0.192359
0.0369188
0.25474
0.662
0.0893986
0.662
0.181716
0.348979
0.187609
0.224575
0.662
0.0661104
0.662
0.127829
0.101246
0.0536513
0.662
0.175644
0.449071
0.424986
0.036763
0.162821
0.662
0.202096
0.129388
0.398895
0.312561
0.197674
0.173133
0.460864
0.239218
0.123603
0.505086
0.274286
0.595534
0.289634
0.462209
0.466717
0.186124
0.231692
0.0592902
0.0972926
0.662
0.123228
0.184533
0.101141
0.486758
0.527977
0.661545
0.156951
0.320882
0.406007
0.119917
0.124942
0.461934
0.320798
0.115344
0.069829
0.46865
0.115986
0.121968
0.501706
0.662
0.662
0.0818721
0.14854
0.193494
0.297535
0.0873607
0.641425
0.227635
0.163291
0.0460092
0.169764
0.128185
0.0649159
0.181651
0.0832985
0.240988
0.172977
0.193178
0.191328
0.0606898
0.363856
0.0633977
0.662
0.662
0.0672442
0.182948
0.131352
0.0644006
0.167654
0.12558
0.662
0.0414373
0.662
0.217372
0.211085
0.106568
0.0745151
0.0945822
0.140474
0.522571
0.292615
0.399791
0.338169
0.533334
0.268374
0.0370319
0.0546458
0.662
0.182239
0.662
0.223946
0.142601
0.074385
0.0406619
0.662
0.340381
0.662
0.342879
0.15691
0.460922
0.239419
0.34896
0.218326
0.0588106
0.0900025
0.130588
0.662
0.298888
0.662
0.49175
0.0358237
0.268488
0.357915
0.662
0.662
0.0931027
0.116933
0.0716056
0.16224
0.108544
0.0578837
0.298821
0.662
0.110356
0.074294
0.0512669
0.0462173
0.354325
0.189655
0.180455
0.384369
0.318966
0.662
0.662
0.542466
0.204497
0.348806
0.422987
0.283259
0.662
0.242061
0.00171982
0.662
0.642738
0.440101
0.61247
0.400795
0.106982
0.126346
0.0700532
0.134059
0.662
0.0764082
0.204367
0.107451
0.104915
0.38935
0.662
0.0886122
0.00627581
0.0878361
0.662
0.334156
0.176748
0.0806126
0.497174
0.306937
0.102498
0.478101
0.0763536
0.535531
0.366725
0.149488
0.286035
0.348039
0.107298
0.662
0.074977
0.558912
0.47777
0.098802
0.216244
0.0862749
0.18292
0.0529225
0.145909
0.219145
0.655781
0.102498
0.638623
0.0107365
0.201603
0.661415
0.52246
0.124567
0.0487073
0.548659
0.612088
0.157149
0.182849
0.144119
0.084397
0.198381
0.0932989
0.662
0.0917259
0.229967
0.130881
0.662
0.662
0.0968136
0.662
0.0535521
0.179235
0.107568
0.169468
0.262412
0.117913
0.211759
0.662
0.269675
0.375132
0.368449
0.103704
0.266087
0.123118
0.177723
0.590922
0.105948
0.194139
0.297445
0.296531
0.416331
0.333551
0.305184
0.431487
0.324646
0.116851
0.452113
0.242656
0.602908
0.319567
0.0256839
0.182455
0.330498
0.125911
0.18125
0.0452711
0.440586
0.570917
0.0715866
0.188604
0.662
0.220642
0.661168
0.362021
0.466585
0.465707
0.662
0.662
0.278506
0.190408
0.105279
0.100227
0.573649
0.118932
0.452362
0.126832
0.198597
0.375904
0.318956
0.232662
0.392122
0.263344
0.140659
0.149766
0.217754
0.383395
0.127745
0.146943
0.0677045
0.100526
0.0521817
0.093742
0.404323
0.50711
0.00621488
0.212362
0.207782
0.662
0.0638065
0.166578
0.128294
0.0628795
0.398425
0.662
0.176087
0.0304503
0.601865
0.0903078
0.199067
0.489438
0.662
0.509799
0.192573
0.295153
0.000490821
0.162474
0.531209
0.662
0.662
0.0777042
0.268593
0.134876
0.0420702
0.0806949
0.537024
0.662
0.260306
0.143388
0.116337
0.0834122
0.662
0.106507
0.129345
0.662
0.195936
0.264944
0.0458178
0.06391
0.0472101
0.212646
0.0669158
0.662
0.0573611
0.242082
0.356885
0.281555
0.662
0.662
0.0737612
0.662
0.421074
0.473591
0.622656
0.0252055
0.424716
0.0474567
0.662
0.662
0.269599
0.18408
0.165558
0.0146941
0.662
0.275149
0.600579
0.178219
0.239381
0.662
0.144715
0.157291
0.641046
0.100636
0.662
0.147807
0.28752
0.198354
0.177108
0.558381
0.349046
0.111434
0.0243656
0.165363
0.662
0.288407
0.280435
0.662
0.11894
0.27362
0.349496
0.0710456
0.115578
0.424449
0.0944894
0.580741
0.242037
0.346336
0.207139
0.35271
0.621036
0.114499
0.184257
0.103996
0.662
0.662
0.246229
0.653839
0.282974
0.197233
0.183007
0.432652
0.184256
0.101068
0.276309
0.242461
0.650884
0.123625
0.277817
0.565375
0.419864
0.662
0.151647
0.140805
0.662
0.147776
0.17607
0.0981012
0.645838
0.662
0.499264
0.0678887
0.296685
0.617989
0.147472
0.609206
0.662
0.333759
0.402251
0.261761
0.661881
0.172862
0.185116
0.210652
0.142179
0.51044
0.0984392
0.659184
0.117368
0.111343
0.122146
0.282471
0.536219
0.448752
0.0752085
0.203995
0.0410502
0.0820323
0.331159
0.2957
0.281056
0.318537
0.551213
0.152818
0.464864
0.197161
0.121923
0.193927
0.247881
0.195829
0.360775
0.180892
0.0996571
0.511685
0.201142
0.0376881
0.396933
0.345226
0.587996
0.390438
0.466233
0.270477
0.207944
0.258586
0.187392
0.210097
0.221938
0.237097
0.226142
0.662
0.0678538
0.662
0.138673
0.0548742
0.126704
0.17447
0.573086
0.167788
0.425665
0.283627
0.662
0.0656113
0.0763707
0.584399
0.474707
0.0571134
0.363732
0.662
0.118583
0.122407
0.153668
0.446868
0.236904
0.191205
0.0787616
0.226828
0.136371
0.0636269
0.138223
0.102914
0.288813
0.110881
0.307027
0.662
0.152934
0.662
0.58837
0.0380477
0.662
0.167398
0.299968
0.114431
0.344083
0.538025
0.231363
0.0674321
0.108647
0.131839
0.662
0.164146
0.0299826
0.24523
0.295184
0.107553
0.188116
0.635655
0.190394
0.154592
0.348837
0.0981793
0.324511
0.224305
0.0803784
0.6118
0.147884
0.098725
0.150435
0.149498
0.0280047
0.124153
0.0775396
0.0815967
0.233872
0.0525152
0.147805
0.387699
0.282607
0.126419
0.569597
0.662
0.0715156
0.154064
0.103237
0.209951
0.292554
0.0933241
0.27579
0.330405
0.48329
0.173149
0.20878
0.571418
0.158601
0.220571
0.662
0.144323
0.0915051
0.661541
0.144996
0.2292
0.0120064
0.0978644
0.0468826
0.481509
0.662
0.15033
0.247079
0.129189
0.506217
0.609821
0.662
0.126771
0.115437
0.211554
0.0654125
0.179676
0.103128
0.123895
0.662
0.110328
0.662
0.662
0.354193
0.248826
0.57983
0.0370673
0.357806
0.214338
0.0438361
0.647846
0.0590365
0.371809
0.505523
0.0712513
0.202553
0.557309
0.189182
0.14594
0.114292
0.150566
0.516639
0.0668758
0.293435
0.102582
0.078232
0.264729
0.232828
0.387276
0.393289
0.131883
0.0996742
0.228236
0.156459
0.123491
0.662
0.145534
0.0447808
0.201567
0.244988
0.222869
0.0616593
0.662
0.276694
0.445629
0.0542652
0.300482
0.0934118
0.14066
0.192844
0.662
0.246301
0.2955
0.134135
0.271446
0.662
0.0601268
0.169277
0.147685
0.292069
0.220324
0.0371412
0.152029
0.163056
0.662
0.52387
0.101262
0.29443
0.662
0.0811883
0.0921807
0.662
0.155459
0.483855
0.38172
0.0944888
0.0540436
0.139298
0.372707
0.662
0.662
0.457449
0.055082
0.126662
0.0806169
0.447026
0.662
0.44207
0.20312
0.0908419
0.139127
0.33679
0.0648044
0.042206
0.210801
0.42984
0.308257
0.320173
0.304514
0.52174
0.362754
0.00472457
0.105853
0.637825
0.0235234
0.299371
0.414896
0.22095
0.206989
0.616043
0.201145
0.174038
0.340179
0.238741
0.183393
0.143882
0.134025
0.133859
0.128708
0.0816316
0.544596
0.296125
0.0671245
0.09034
0.338098
0.11054
0.567021
0.451168
0.0461786
0.110727
0.662
0.173223
0.0724929
0.424331
0.444482
0.662
0.131785
0.0864809
0.386774
0.13074
0.433723
0.499009
0.662
0.619262
0.505098
0.362661
0.0937266
0.243185
0.218944
0.143718
0.108129
0.662
0.662
0.661186
0.104302
0.282003
0.134092
0.308885
0.191985
0.245355
0.170446
0.662
0.126464
0.0912913
0.0233231
0.0797426
0.0108326
0.662
0.129137
0.0356889
0.662
0.337771
0.148763
0.122974
0.0236693
0.0552092
0.133419
0.633236
0.111187
0.162064
0.414549
0.558952
0.24298
0.662
0.148161
0.0984871
0.15369
0.0484431
0.246977
0.167004
0.373343
0.0542112
0.455924
0.0512856
0.103001
0.175976
0.323077
0.0520048
0.376602
0.0975604
0.546514
0.164161
0.215868
0.27262
0.0474991
0.224646
0.662
0.205274
0.593363
0.11455
0.0849854
0.103921
0.662
0.234887
0.127985
0.0472061
0.207452
0.0639371
0.139212
0.0115732
0.18783
0.305668
0.236918
0.0698998
0.0620161
0.134187
0.0824715
0.0740414
0.527131
0.0478265
0.367614
0.428404
0.217513
0.136975
0.193918
0.198426
0.238492
0.215253
0.187417
0.118802
0.182745
0.278151
0.0671598
0.364668
0.181545
0.29226
0.149131
0.182853
0.459104
0.604941
0.211195
0.170905
0.187801
0.162602
0.513536
0.632449
0.0101164
0.377408
0.250428
0.363649
0.309684
0.0534058
0.104077
0.463621
0.0876128
0.147014
0.175547
0.0757393
0.180436
0.662
0.101206
0.0998056
0.399635
0.486212
0.662
0.599772
0.355231
0.39466
0.122813
0.27262
0.596897
0.108181
0.322733
0.514871
0.17579
0.326533
0.313218
0.209093
0.101912
0.164884
0.0518103
0.138096
0.110072
0.218632
0.106658
0.662
0.662
0.36275
0.162214
0.0687983
0.13592
0.12753
0.351528
0.104136
0.257944
0.170038
0.0468665
0.0170979
0.662
0.493383
0.12596
0.662
0.215061
0.362099
0.116188
0.214464
0.345536
0.258542
0.410892
0.662
0.286399
0.662
0.373434
0.110676
0.0244585
0.453842
0.21121
0.0735422
0.433539
0.189137
0.386632
0.662
0.15645
0.0975529
0.247959
0.226141
0.203178
0.0794375
0.111058
0.662
0.420583
0.212438
0.662
0.130119
0.3422
0.118277
0.0516464
0.528855
0.662
0.136469
0.0718313
0.161477
0.11854
0.530145
0.077941
0.272035
0.554726
0.25059
0.120137
0.662
0.662
0.125791
0.138368
0.00797597
0.106971
0.172785
0.107352
0.141765
0.562308
0.662
0.260344
0.247953
0.398523
0.00458218
0.310903
0.662
0.0180137
0.275039
0.351376
0.0513046
0.264589
0.0731192
0.126706
0.662
0.662
0.076222
0.0396423
0.078573
0.0745766
0.165743
0.662
0.662
0.298995
0.264552
0.0723113
0.14969
0.427782
0.061779
0.65715
0.578469
0.266298
0.356213
0.662
0.662
0.400356
0.0758816
0.319311
0.468354
0.0967329
0.394275
0.29821
0.309163
0.0252039
0.127402
0.0162301
0.189703
0.241928
0.0441326
0.0274811
0.411361
0.662
0.18714
0.239987
0.277421
0.486688
0.513886
0.574679
0.151567
0.0848898
0.137474
0.0942979
0.455152
0.207898
0.215347
0.662
0.0388875
0.662
0.0472231
0.662
0.210809
0.529933
0.317568
0.221127
0.0620112
0.109642
0.236038
0.662
0.662
0.0789477
0.267227
0.0185298
0.190399
0.073981
0.103273
0.298279
0.138632
0.270489
0.0568427
0.016148
0.662
0.0887661
0.662
0.0923832
0.246651
0.172158
0.0691836
0.560494
0.662
0.161131
0.236039
0.335962
0.114752
0.461488
0.272019
0.321372
0.662
0.0618737
0.230716
0.148102
0.628899
0.0541282
0.00883527
0.043469
0.0921787
0.366388
0.208902
0.509761
0.34104
0.0913211
0.414524
0.165118
0.29542
0.662
0.492245
0.657426
0.370571
0.162055
0.108588
0.234461
0.0613232
0.259357
0.353156
0.10096
0.400402
0.662
0.662
0.333342
0.240794
0.072264
0.173128
0.369687
0.0814187
0.141586
0.545622
0.662
0.662
0.662
0.127211
0.241385
0.280287
0.0125012
0.258762
0.234301
0.170165
0.117063
0.418375
0.0577108
0.156706
0.211629
0.17051
0.250226
0.102632
0.561224
0.134548
0.17505
0.0195347
0.298445
0.0568242
0.32973
0.255772
0.5788
0.232533
0.573748
0.0789861
0.319671
0.0504653
0.425489
0.177293
0.0640718
0.114887
0.662
0.0611672
0.0792415
0.662
0.662
0.0375521
0.0422003
0.106129
0.145648
0.662
0.662
0.184181
0.213871
0.0628727
0.127916
0.30486
0.102741
0.125978
0.653833
0.0911857
0.392157
0.384938
0.662
0.0975598
0.297009
0.318836
0.261274
0.114018
0.0866861
0.21476
0.195577
0.315443
0.662
0.187491
0.0412679
0.0425556
0.0827571
0.622974
0.634657
0.147907
0.458033
0.414097
0.386312
0.263063
0.535486
0.235859
0.351965
0.0543109
0.662
0.454814
0.579458
0.103054
0.292971
0.0460511
0.407367
0.147686
0.181057
0.0584753
0.325409
0.0789211
0.359557
0.662
0.344362
0.662
0.488356
0.173248
0.662
0.0425042
0.250911
0.341006
0.349602
0.166123
0.158823
0.0511609
0.150403
0.15076
0.241466
0.00938733
0.373681
0.0626527
0.139405
0.164151
0.341703
0.443892
0.190064
0.489753
0.243352
0.652126
0.505949
0.662
0.445886
0.274805
0.662
0.283856
0.138122
0.297646
0.328044
0.223766
0.0139232
0.0756706
0.171149
0.338171
0.147356
0.208715
0.109875
0.494991
0.321403
0.0612517
0.0733599
0.151863
0.153795
0.0732559
0.662
0.165629
0.322157
0.650157
0.222038
0.206927
0.319401
0.209028
0.125816
0.662
0.0678656
0.615293
0.176398
0.357012
0.326875
0.105085
0.0948734
0.533763
0.239939
0.168218
0.0907512
0.0411832
0.433216
0.662
0.0546843
0.131301
0.0671319
0.407173
0.19071
0.315505
0.0970066
0.287032
0.123974
0.0790739
0.406775
0.0698669
0.662
0.0765513
0.048126
0.197485
0.0753319
0.219197
0.436711
0.662
0.203298
0.367415
0.18666
0.149478
0.662
0.122884
0.0573987
0.662
0.662
0.662
0.581295
0.147058
0.041039
0.142211
0.0924838
0.411125
0.363047
0.0664275
0.269836
0.2166
0.039565
0.310226
0.27514
0.0514085
0.0384994
0.299573
0.19994
0.159642
0.371783
0.196802
0.239642
0.191821
0.0983966
0.345873
0.662
0.662
0.392377
0.0493364
0.111163
0.301166
0.0897415
0.181781
0.183905
0.662
0.00544705
0.575221
0.193927
0.0191368
0.23001
0.158032
0.662
0.370772
0.0656462
0.119958
0.0947218
0.101755
0.246725
0.662
0.0817908
0.214372
0.183212
0.329199
0.448348
0.516274
0.439132
0.662
0.126197
0.200716
0.500306
0.662
0.484307
0.089713
0.0094415
0.0841913
0.285596
0.206976
0.662
0.168408
0.0732084
0.0826293
0.662
0.0733774
0.481133
0.0520425
0.0703968
0.1289
0.137017
0.248538
0.282077
0.193618
0.245979
0.234351
0.384422
0.421978
0.129525
0.301901
0.613222
0.662
0.106835
0.125777
0.422382
0.0888268
0.355974
0.662
0.403596
0.231867
0.0911833
0.223658
0.0851034
0.102368
0.100255
0.0947156
0.335164
0.330011
0.55352
0.091138
0.617475
0.662
0.250883
0.48833
0.0678919
0.662
0.538605
0.0407549
0.187703
0.193076
0.0690135
0.288057
0.298215
0.132547
0.148126
0.313896
0.242842
0.27221
0.237633
0.0778802
0.285814
0.20357
0.0087236
0.0342792
0.386008
0.662
0.662
0.662
0.216438
0.229465
0.277088
0.0816796
0.0707778
0.347062
0.144392
0.402026
0.332906
0.224256
0.0513349
0.311221
0.662
0.0818037
0.13063
0.377437
0.0508429
0.0766245
0.128487
0.172027
0.174628
0.366844
0.120621
0.346895
0.662
0.163236
0.129948
0.227385
0.0351636
0.31662
0.174356
0.144796
0.159819
0.336013
0.246008
0.0990139
0.18477
0.662
0.149541
0.245162
0.0595794
0.135168
0.211571
0.662
0.111228
0.64306
0.223608
0.662
0.127355
0.10322
0.315535
0.523416
0.016941
0.219461
0.276723
0.117212
0.662
0.364453
0.0904915
0.551676
0.0674199
0.400187
0.473916
0.284583
0.0737906
0.662
0.0668526
0.464175
0.091807
0.231146
0.375012
0.218108
0.133412
0.199889
0.174111
0.141607
0.0244953
0.662
0.315816
0.150376
0.112501
0.372963
0.617103
0.418185
0.0496096
0.388626
0.63339
0.260354
0.0984101
0.125222
0.662
0.150503
0.132797
0.51304
0.325724
0.353737
0.286129
0.662
0.326543
0.662
0.413044
0.0943077
0.117551
0.0849006
0.662
0.290111
0.437199
0.201916
0.271854
0.0724847
0.166232
0.150185
0.143806
0.0315861
0.118008
0.148403
0.113025
0.124672
0.0795011
0.274789
0.0796527
0.662
0.662
0.13679
0.255016
0.413289
0.079137
0.0465448
0.662
0.473498
0.247893
0.560127
0.0307441
0.0990965
0.149196
0.588518
0.261362
0.454904
0.0851115
0.467335
0.224243
0.130069
0.116382
0.160611
0.426758
0.0482971
0.409979
0.226102
0.282158
0.661307
0.464216
0.193798
0.662
0.286581
0.436114
0.57144
0.241162
0.0567441
0.0115112
0.0418078
0.47367
0.12229
0.293335
0.0952373
0.32113
0.115891
0.000507725
0.500376
0.230101
0.112809
0.662
0.346989
0.303913
0.0542979
0.100279
0.205882
0.364529
0.58196
0.494589
0.0949561
0.116261
0.0651204
0.158793
0.386054
0.125609
0.101269
0.0535607
0.214195
0.0724059
0.32417
0.121273
0.130006
0.130758
0.270426
0.113401
0.34294
0.208576
0.656514
0.662
0.36449
0.0741173
0.403534
0.372935
0.183957
0.662
0.662
0.284848
0.100471
0.0722216
0.30183
0.311211
0.15842
0.141415
0.275855
0.0536065
0.222871
0.233376
0.224962
0.190696
0.0313944
0.0860012
0.248503
0.226318
0.20654
0.11159
0.604928
0.209609
0.323002
0.130246
0.592211
0.059021
0.274852
0.00509894
0.111379
0.227767
0.662
0.0521195
0.243344
0.424267
0.590833
0.0987296
0.0675763
0.0500705
0.206585
0.224899
0.239673
0.132705
0.129926
0.189562
0.537256
0.104307
0.0355655
0.430459
0.140502
0.123492
0.566235
0.127552
0.0585748
0.171884
0.334128
0.559382
0.430278
0.662
0.218706
0.120173
0.517329
0.459572
0.662
0.0971953
0.379969
0.171894
0.202791
0.149295
0.158344
0.153059
0.195706
0.472478
0.0826224
0.305168
0.662
0.208539
0.165713
0.407872
0.248697
0.197375
0.0640749
0.12908
0.153633
0.103722
0.198694
0.662
0.0626036
0.383469
0.398047
0.345505
0.437547
0.0746001
0.662
0.174962
0.265046
0.00209769
0.662
0.222379
0.662
0.276664
0.662
0.329108
0.0866576
0.347639
0.143744
0.0752999
0.208943
0.0961869
0.221684
0.15502
0.494632
0.166081
0.12439
0.440756
0.293684
0.0853985
0.461773
0.206343
0.260125
0.360098
0.178959
0.631838
0.284628
0.0528217
0.0558253
0.0609217
0.281502
0.172718
0.214205
0.204223
0.00556633
0.104157
0.0715769
0.102994
0.0868622
0.0104291
0.302846
0.662
0.294488
0.640528
0.662
0.269146
0.662
0.0591433
0.109642
0.662
0.551505
0.261798
0.189553
0.188465
0.099501
0.185835
0.116762
0.103136
0.162994
0.155723
0.662
0.216439
0.0652617
0.520131
0.0488948
0.0883956
0.113793
0.662
0.294146
0.184358
0.132253
0.108466
0.114977
0.339954
0.252758
0.112816
0.662
0.109749
0.540764
0.106352
0.333023
0.0653351
0.112826
0.252144
0.162277
0.224706
0.0730489
0.266215
0.648919
0.139423
0.507633
0.301108
0.0620294
0.127864
0.0546429
0.295246
0.087968
0.0756323
0.65327
0.209587
0.662
0.12515
0.293084
0.132826
0.662
0.359826
0.177237
0.308527
0.337999
0.147472
0.181574
0.0807892
0.138304
0.227347
0.0545688
0.272403
0.431245
0.0231116
0.224823
0.494638
0.261943
0.662
0.404414
0.0136986
0.0227802
0.307516
0.096367
0.066929
0.0812825
0.444768
0.0878994
0.202566
0.0918232
0.127592
0.348249
0.0819218
0.179866
0.0432722
0.0196541
0.135146
0.662
0.0266053
0.316094
0.197502
0.268644
0.20178
0.0417573
0.215149
0.662
0.240807
0.662
0.085471
0.0603615
0.536697
0.0713308
0.0455797
0.0605952
0.258948
0.662
0.519884
0.242259
0.385463
0.0525845
0.624812
0.142212
0.386323
0.113386
0.0782949
0.0851986
0.103367
0.226343
0.455809
0.215009
0.35042
0.094491
0.662
0.40846
0.286291
0.45369
0.140055
0.497568
0.60426
0.0590944
0.0800935
0.194435
0.662
0.236051
0.33198
0.307933
0.423519
0.376844
0.35015
0.574628
0.662
0.113665
0.555239
0.0984004
0.289507
0.36842
0.0525913
0.0737221
0.282085
0.59562
0.148517
0.0460544
0.069851
0.197153
0.0608286
0.160852
0.0901418
0.0664757
0.0947995
0.150974
0.272434
0.151775
0.662
0.174705
0.0861691
0.190048
0.662
0.0333701
0.211281
0.113209
0.317365
0.0547666
0.533732
0.370587
0.447881
0.148382
0.249828
0.201741
0.662
0.642337
0.358811
0.061974
0.247193
0.0851309
0.0896683
0.420925
0.0857458
0.662
0.430473
0.1252
0.0249014
0.407924
0.662
0.097128
0.662
0.159401
0.333359
0.662
0.0627477
0.189274
0.137699
0.209876
0.272504
0.382467
0.0749335
0.0962471
0.662
0.421008
0.106
0.491073
0.450751
0.0592785
0.121726
0.209265
0.201343
0.662
0.167915
0.662
0.213114
0.635347
0.268991
0.270215
0.0500361
0.104847
0.262138
0.0693969
0.224486
0.15373
0.103832
0.477688
0.515673
0.263556
0.323851
0.113106
0.0844152
0.0439316
0.247626
0.0731145
0.662
0.61697
0.115294
0.0821324
0.325205
0.0617174
0.0960732
0.214238
0.125543
0.0860767
0.593098
0.208833
0.0971579
0.529718
0.282242
0.515653
0.169392
0.209684
0.2121
0.106522
0.462905
0.0314141
0.4726
0.137104
0.175857
0.455094
0.228723
0.662
0.181401
0.662
0.662
0.115368
0.126687
0.257171
0.662
0.662
0.662
0.536852
0.183973
0.662
0.307933
0.165799
0.173843
0.139035
0.0943807
0.106507
0.498031
0.166659
0.256496
0.25542
0.149851
0.110514
0.491348
0.224026
0.0783506
0.13454
0.662
0.190588
0.521546
0.111947
0.421345
0.115191
0.662
0.472065
0.0547943
0.380016
0.414038
0.332989
0.293585
0.231477
0.302162
0.662
0.662
0.339518
0.292898
0.237859
0.103852
0.45197
0.0950603
0.59205
0.334539
0.662
0.133585
0.312045
0.0379092
0.208483
0.651937
0.662
0.662
0.144642
0.662
0.195075
0.451599
0.187818
0.431756
0.579049
0.277716
0.172918
0.149369
0.214384
0.662
0.662
0.16731
0.00298472
0.0289762
0.0944335
0.619041
0.0650592
0.212564
0.129392
0.327288
0.143656
0.137292
0.183622
0.662
0.579503
0.0229284
0.496956
0.251213
0.325188
0.157264
0.298509
0.358174
0.110303
0.326807
0.0891259
0.276158
0.513614
0.359585
0.136707
0.430613
0.411257
0.0103619
0.145218
0.0691983
0.106752
0.0670212
0.223939
0.662
0.254583
0.00846493
0.662
0.197152
0.215068
0.153189
0.247271
0.662
0.0720926
0.176721
0.254347
0.259727
0.662
0.248726
0.0610812
0.504652
0.662
0.0674225
0.259156
0.128
0.0905137
0.217889
0.257864
0.203582
0.0112838
0.662
0.258526
0.0714224
0.0771955
0.154832
0.317261
0.325541
0.574435
0.0932289
0.166271
0.0917258
0.193385
0.203254
0.543366
0.218088
0.535859
0.263433
0.341562
0.42058
0.259
0.234946
0.189995
0.124445
0.0402806
0.662
0.111917
0.662
0.580611
0.608931
0.0896936
0.0934476
0.189951
0.375771
0.21417
0.662
0.102799
0.0874963
0.292979
0.662
0.097291
0.0388986
0.246779
0.129204
0.662
0.0734512
0.458075
0.662
0.308471
0.087491
0.0480602
0.120556
0.552379
0.662
0.54016
0.543172
0.165984
0.282964
0.254867
0.208786
0.0254623
0.0475928
0.662
0.484407
0.662
0.116776
0.446055
0.0212076
0.144219
0.259609
0.0411679
0.0409536
0.17076
0.425924
0.173375
0.369355
0.126601
0.0937649
0.301475
0.0987548
0.265721
0.103337
0.299563
0.205405
0.202446
0.0871031
0.130747
0.662
0.543792
0.662
0.0836609
0.124418
0.158667
0.232702
0.0679611
0.126303
0.0475959
0.0745405
0.620688
0.312363
0.0637723
0.662
0.281364
0.662
0.212791
0.126181
0.466416
0.39328
0.0682157
0.072245
0.237628
0.10324
0.0802624
0.101915
0.257639
0.300315
0.209944
0.466515
0.120123
0.0867112
0.312138
0.44026
0.131463
0.247124
0.270532
0.0706493
0.132499
0.0797237
0.060513
0.241456
0.197371
0.662
0.383526
0.329505
0.250161
0.0934211
0.308213
0.0889855
0.145554
0.0807128
0.382654
0.0853248
0.280964
0.123394
0.287225
0.400902
0.305447
0.083653
0.283877
0.185357
0.230397
0.172809
0.333903
0.409382
0.0148494
0.167009
0.0689642
0.662
0.41006
0.208607
0.231926
0.0624892
0.280981
0.662
0.451022
0.132883
0.662
0.0841599
0.662
0.257384
0.392999
0.662
0.194785
0.510584
0.0949528
0.168067
0.238837
0.662
0.0934501
0.00365736
0.123846
0.143541
0.0959972
0.149974
0.180709
0.184453
0.186786
0.0319045
0.159876
0.5723
0.00419444
0.433561
0.00651359
0.662
0.101888
0.0220699
0.113177
0.0446863
0.662
0.662
0.22354
0.290963
0.159326
0.106427
0.0943177
0.0313907
0.0892915
0.0739155
0.526182
0.5263
0.662
0.662
0.441941
0.591131
0.567251
0.463668
0.214736
0.34314
0.441074
0.0359012
0.662
0.662
0.644663
0.0637954
0.541746
0.418776
0.294177
0.509935
0.662
0.573707
0.0954616
0.318334
0.158905
0.310307
0.307347
0.0900554
0.662
0.126055
0.402387
0.458057
0.128994
0.103592
0.0964278
0.162445
0.251069
0.123182
0.121105
0.0934745
0.0355586
0.364537
0.38395
0.270621
0.259653
0.222918
0.102335
0.615962
0.0681837
0.211108
0.0714601
0.662
0.662
0.113791
0.091409
0.0418784
0.33319
0.169687
0.317882
0.132078
0.125023
0.499789
0.108615
0.139432
0.285512
0.12728
0.23076
0.0832836
0.100289
0.1674
0.256655
0.385429
0.195353
0.0976306
0.0622624
0.461786
0.662
0.291185
0.389375
0.144043
0.0854408
0.222649
0.37553
0.308607
0.662
0.566548
0.307374
0.159486
0.0586227
0.383804
0.0384073
0.662
0.111415
0.0856919
0.343079
0.662
0.35473
0.113883
0.130587
0.1719
0.0941853
0.104555
0.0970362
0.461725
0.662
0.111081
0.662
0.49199
0.345253
0.197723
0.46403
0.0671729
0.0988763
0.0690528
0.0978821
0.082758
0.170763
0.126869
0.113873
0.0345238
0.192861
0.442939
0.192439
0.501336
0.125206
0.0697231
0.662
0.205459
0.0223813
0.0709862
0.329303
0.17943
0.123791
0.266671
0.102518
0.222774
0.591612
0.369135
0.662
0.107645
0.106741
0.662
0.112454
0.662
0.362663
0.474732
0.584963
0.223126
0.127701
0.080318
0.0956412
0.231084
0.059156
0.0634341
0.145302
0.662
0.150589
0.0601316
0.227326
0.120315
0.662
0.448765
0.165147
0.0557964
0.205104
0.0408018
0.0587226
0.415271
0.194018
0.142307
0.0218533
0.105357
0.662
0.379177
0.028865
0.172539
0.0664612
0.574073
0.0691601
0.662
0.425357
0.096786
0.662
0.372622
0.152582
0.110732
0.215971
0.249709
0.349108
0.0428243
0.296687
0.454636
0.216238
0.662
0.00507653
0.410022
0.323205
0.154595
0.11949
0.662
0.0763977
0.105604
0.662
0.249768
0.0935433
0.306486
0.662
0.300006
0.102802
0.662
0.218849
0.324643
0.662
0.164682
0.101825
0.210852
0.203339
0.0415398
0.436717
0.067696
0.0655729
0.193596
0.165196
0.0814026
0.163879
0.44782
0.263136
0.662
0.662
0.212552
0.369551
0.321549
0.245928
0.0698125
0.143038
0.414799
0.133547
0.214607
0.0827202
0.112078
0.132947
0.252508
0.0927765
0.187605
0.182526
0.662
0.482633
0.662
0.168693
0.492558
0.415493
0.214896
0.409821
0.507389
0.173302
0.662
0.662
0.0944861
0.0692647
0.10059
0.105838
0.245835
0.268135
0.143825
0.575173
0.662
0.662
0.0944805
0.21391
0.307257
0.131781
0.0481636
0.179042
0.662
0.662
0.276517
0.0778253
0.0326983
0.230416
0.212073
0.131898
0.202239
0.0846875
0.405813
0.275272
0.0856045
0.662
0.122806
0.662
0.384927
0.0397515
0.601054
0.122452
0.175729
0.662
0.0653665
0.662
0.411201
0.168164
0.662
0.305297
0.141945
0.0443642
0.474181
0.625205
0.267995
0.0856037
0.238487
0.347944
0.195081
0.189249
0.662
0.0803187
0.506498
0.662
0.0378303
0.25353
0.269406
0.0930395
0.662
0.179488
0.280711
0.0311455
0.536082
0.4952
0.126689
0.386897
0.118058
0.0949517
0.599792
0.0748798
0.0472335
0.173911
0.662
0.662
0.0933033
0.166684
0.116194
0.213258
0.238059
0.31256
0.366444
0.131117
0.551079
0.106307
0.135854
0.315046
0.192307
0.381311
0.170864
0.0435301
0.0823564
0.445222
0.118
0.292323
0.0452347
0.183258
0.343166
0.028409
0.662
0.395104
0.113326
0.662
0.0801316
0.0368649
0.210319
0.662
0.233407
0.662
0.349991
0.558756
0.307602
0.133183
0.298432
0.0964106
0.18183
0.662
0.17436
0.473389
0.143821
0.245101
0.207868
0.0847277
0.0521808
0.593736
0.475772
0.662
0.0744294
0.51201
0.138618
0.018745
0.433365
0.00409378
0.0553239
0.13002
0.0519157
0.161
0.450161
0.0641958
0.30996
0.0530717
0.0748869
0.662
0.662
0.293369
0.0877318
0.662
0.485069
0.163128
0.157488
0.0898671
0.314511
0.184847
0.506204
0.2167
0.0728501
0.44881
0.0537936
0.652749
0.366365
0.0622393
0.0857913
0.30512
0.08964
0.0841146
0.251724
0.117961
0.520904
0.662
0.476799
0.00672446
0.229427
0.244557
0.537489
0.662
0.0339177
0.105679
0.109697
0.132451
0.503955
0.203289
0.349711
0.289543
0.662
0.270251
0.593323
0.662
0.326493
0.117311
0.662
0.115835
0.229715
0.204224
0.0917786
0.375549
0.205973
0.101166
0.124124
0.281682
0.250221
0.162905
0.0840266
0.41704
0.101166
0.123679
0.0555085
0.253751
0.662
0.306816
0.158309
0.0599763
0.161345
0.0822218
0.103405
0.276946
0.229746
0.422253
0.123409
0.0981976
0.0183343
0.132684
0.186734
0.329575
0.312871
0.0862521
0.183138
0.209071
0.0692658
0.0566647
0.495373
0.618013
0.0847175
0.161525
0.662
0.179551
0.330165
0.201481
0.0771361
0.178444
0.545365
0.229736
0.296715
0.0781158
0.137109
0.662
0.145005
0.069993
0.0526978
0.318124
0.194321
0.15016
0.392243
0.392649
0.227407
0.306078
0.187968
0.256022
0.662
0.168407
0.181438
0.124466
0.0599692
0.205763
0.115653
0.397277
0.211712
0.0381407
0.105815
0.511766
0.662
0.487154
0.415778
0.230792
0.488746
0.061208
0.662
0.418036
0.129762
0.0585799
0.157216
0.0728922
0.31098
0.147332
0.662
0.253033
0.283179
0.571685
0.224153
0.442206
0.662
0.0235654
0.409276
0.379782
0.121827
0.662
0.662
0.562575
0.0320676
0.421482
0.293544
0.110606
0.200193
0.219582
0.404145
0.195361
0.215632
0.612352
0.0895369
0.0849878
0.0471134
0.0724768
0.612051
0.139372
0.204578
0.149136
0.007455
0.095201
0.0998388
0.194381
0.352032
0.0755045
0.104233
0.188571
0.12732
0.169389
0.502452
0.403847
0.251076
0.131254
0.207023
0.182168
0.100721
0.110991
0.427068
0.109375
0.182789
0.399015
0.314233
0.13055
0.354504
0.230213
0.370875
0.445961
0.632655
0.0516947
0.0264645
0.42647
0.0345559
0.662
0.023313
0.0246585
0.356566
0.215271
0.30009
0.0960156
0.314887
0.179505
0.492646
0.0859992
0.339225
0.35207
0.212139
0.0036928
0.662
0.263453
0.662
0.601564
0.425085
0.356909
0.148236
0.1203
0.267942
0.0838583
0.463527
0.0939501
0.10799
0.110215
0.31798
0.371172
0.148461
0.258227
0.576821
0.149622
0.308769
0.471195
0.409473
0.131633
0.245766
0.337831
0.378875
0.355303
0.135019
0.0306018
0.22839
0.382102
0.5128
0.552312
0.609623
0.153904
0.108417
0.243929
0.646764
0.126895
0.131147
0.195118
0.0255127
0.662
0.102577
0.557283
0.479214
0.120447
0.347529
0.202753
0.124469
0.180053
0.238869
0.340012
0.104872
0.0906532
0.172748
0.0771575
0.607251
0.27258
0.0559115
0.0511277
0.560084
0.452033
0.278935
0.662
0.0595792
0.0595141
0.0819454
0.451896
0.168565
0.484832
0.598438
0.502569
0.503368
0.111105
0.456114
0.145405
0.600188
0.304926
0.177048
0.0661999
0.10701
0.648082
0.199784
0.117094
0.236768
0.450468
0.633971
0.163141
0.332903
0.0322178
0.469215
0.0178449
0.0649138
0.551644
0.0621107
0.590307
0.203112
0.290768
0.662
0.088773
0.288578
0.0446396
0.479105
0.192055
0.380411
0.611734
0.198004
0.136567
0.65841
0.290223
0.150655
0.180958
0.0209311
0.662
0.194497
0.662
0.034277
0.10797
0.453909
0.147966
0.105908
0.170948
0.360939
0.198925
0.0255671
0.573798
0.104425
0.00763055
0.499844
0.0180833
0.0674588
0.305053
0.662
0.194949
0.0656224
0.131699
0.513603
0.0800909
0.384547
0.387752
0.662
0.24624
0.0618483
0.662
0.248934
0.0555903
0.0937438
0.662
0.0924306
0.662
0.662
0.116312
0.339104
0.35051
0.407994
0.105147
0.215988
0.662
0.662
0.0689137
0.215837
0.331911
0.347931
0.133103
0.396983
0.111412
0.463796
0.108543
0.0739507
0.0889861
0.191236
0.662
0.662
0.486663
0.465705
0.366218
0.157397
0.120216
0.0853856
0.0682424
0.448992
0.478175
0.662
0.662
0.12914
0.0209288
0.127944
0.214338
0.158498
0.108792
0.238526
0.0499528
0.113704
0.239593
0.0348508
0.662
0.281151
0.0997292
0.0647534
0.559542
0.278566
0.048683
0.296745
0.276688
0.152931
0.175585
0.249314
0.0434988
0.129764
0.545135
0.070991
0.599048
0.410282
0.385609
0.378293
0.187185
0.662
0.413382
0.467528
0.097981
0.662
0.276491
0.662
0.505518
0.0457164
0.13135
0.173496
0.0614113
0.289728
0.1172
0.456397
0.054049
0.0790385
0.0631623
0.655974
0.499889
0.662
0.430993
0.0480069
0.145557
0.662
0.190274
0.333631
0.662
0.217368
0.481652
0.662
0.569153
0.360388
0.220405
0.662
0.492253
0.384819
0.238268
0.0597689
0.283818
0.662
0.567068
0.662
0.106241
0.288365
0.0402073
0.662
0.0380468
0.410166
0.0562339
0.142598
0.196834
0.0221408
0.281563
0.662
0.182708
0.163513
0.662
0.116039
0.229032
0.0716817
0.15398
0.559856
0.662
0.281464
0.162026
0.213701
0.0866854
0.181455
0.414973
0.255093
0.0830645
0.0981382
0.292919
0.123865
0.232051
0.0749747
0.662
0.0815674
0.201738
0.0837068
0.489036
0.0156154
0.0340312
0.16113
0.113341
0.140015
0.440334
0.11818
0.271896
0.581624
0.529714
0.0664629
0.274624
0.0886754
0.26747
0.372559
0.48138
0.0957122
0.0440101
0.441716
0.136516
0.304051
0.216675
0.160028
0.186084
0.155781
0.0503308
0.412342
0.662
0.134699
0.0880821
0.235142
0.12925
0.0564353
0.446605
0.207193
0.662
0.587306
0.0859482
0.120093
0.25735
0.317791
0.434434
0.662
0.0708722
0.194802
0.0721192
0.0745502
0.13899
0.662
0.384085
0.306179
0.192683
0.596765
0.187589
0.215122
0.400341
0.136183
0.116954
0.0134185
0.470609
0.0318628
0.313269
0.131023
0.662
0.0914604
0.41209
0.661322
0.119226
0.627248
0.0512433
0.191524
0.193085
0.195328
0.662
0.662
0.477438
0.303206
0.325977
0.130855
0.16665
0.0985762
0.0221246
0.113749
0.110666
0.662
0.662
0.482151
0.662
0.45873
0.0204552
0.169743
0.183595
0.235675
0.216253
0.527187
0.125618
0.306933
0.144918
0.459482
0.461795
0.537325
0.639246
0.0765413
0.0476648
0.354186
0.65891
0.635223
0.0715196
0.146844
0.0518274
0.343091
0.417946
0.662
0.452424
0.0699369
0.346079
0.0531873
0.327552
0.172021
0.215964
0.0133699
0.155856
0.0782242
0.625968
0.662
0.321385
0.662
0.25244
0.304543
0.662
0.289278
0.0527666
0.128675
0.158264
0.0626672
0.192114
0.662
0.4396
0.115571
0.0626641
0.151638
0.0579235
0.224364
0.073533
0.662
0.0678846
0.662
0.150954
0.157015
0.64038
0.662
0.460831
0.346111
0.10431
0.372261
0.662
0.255108
0.0355937
0.0539577
0.662
0.662
0.196228
0.212968
0.284077
0.24499
0.108031
0.104089
0.572801
0.182185
0.278332
0.102327
0.647349
0.662
0.0740062
0.168344
0.116626
0.133672
0.172574
0.0320525
0.0604322
0.238586
0.431993
0.384307
0.0539893
0.136417
0.583862
0.662
0.210745
0.662
0.38261
0.093398
0.662
0.132514
0.1205
0.456805
0.662
0.504179
0.662
0.0618853
0.47681
0.413944
0.264275
0.0685686
0.130865
0.221752
0.259652
0.662
0.423951
0.662
0.153903
0.153764
0.211071
0.0180227
0.152377
0.662
0.0479204
0.221208
0.0751119
0.039853
0.387681
0.289739
0.118073
0.136279
0.662
0.662
0.295676
0.561796
0.298047
0.158133
0.63325
0.662
0.302949
0.42435
0.10806
0.202691
0.155205
0.185182
0.330819
0.0888955
0.21864
0.0873522
0.327764
0.260918
0.100133
0.175982
0.413398
0.504579
0.270274
0.391394
0.38847
0.251683
0.16138
0.501201
0.0686764
0.0504929
0.184225
0.662
0.0567514
0.414144
0.175139
0.0396825
0.389751
0.159061
0.227122
0.142544
0.662
0.198925
0.314189
0.662
0.107875
0.416683
0.242609
0.205896
0.0788647
0.221084
0.452414
0.160648
0.0739967
0.142411
0.429235
0.0835154
0.0968455
0.137907
0.610253
0.235827
0.596338
0.36245
0.0678463
0.0859135
0.156183
0.461644
0.0722039
0.181344
0.176892
0.662
0.0945333
0.106709
0.447039
0.0920238
0.175146
0.299368
0.175384
0.237542
0.282469
0.662
0.272485
0.557366
0.104724
0.0103449
0.0467639
0.238808
0.662
0.0660807
0.0554412
0.662
0.154373
0.0898608
0.489174
0.359784
0.263333
0.161424
0.441535
0.311136
0.097196
0.662
0.662
0.135246
0.0246751
0.526526
0.187303
0.28891
0.498082
0.41002
0.535241
0.36919
0.561564
0.662
0.101867
0.662
0.462677
0.0123957
0.0658313
0.102089
0.662
0.228747
0.662
0.662
0.341809
0.0761697
0.417627
0.306558
0.164277
0.479452
0.63779
0.259597
0.338905
0.108862
0.0267176
0.0757172
0.0386459
0.28975
0.149406
0.108242
0.0366798
0.129291
0.0747063
0.170219
0.0917756
0.237327
0.405123
0.154884
0.0811481
0.0777329
0.0867205
0.192196
0.340185
0.0984644
0.149832
0.594463
0.115982
0.102899
0.474553
0.186686
0.662
0.217669
0.61644
0.418646
0.391888
0.163625
0.534941
0.182053
0.159386
0.101712
0.37846
0.132952
0.436369
0.121585
0.092913
0.167746
0.0749156
0.31222
0.373784
0.050564
0.188465
0.0427221
0.662
0.00699337
0.149745
0.106343
0.075165
0.348207
0.139176
0.0620354
0.0179448
0.0793243
0.2021
0.111614
0.178966
0.0977784
0.480771
0.099917
0.662
0.112259
0.0750633
0.0866665
0.206585
0.346776
0.456192
0.0881187
0.0620987
0.448544
0.0920203
0.194106
0.326309
0.126688
0.0280958
0.165716
0.167988
0.651727
0.662
0.153164
0.662
0.0837983
0.25676
0.136084
0.662
0.662
0.0789963
0.662
0.130199
0.662
0.662
0.583926
0.0692838
0.457981
0.214413
0.662
0.662
0.0475782
0.246881
0.216245
0.00777227
0.231331
0.145638
0.211198
0.654515
0.0755997
0.367324
0.662
0.0733279
0.00982794
0.564812
0.232727
0.644488
0.662
0.142402
0.337517
0.662
0.662
0.657671
0.306238
0.304945
0.341354
0.537883
0.273829
0.0515644
0.168471
0.0625159
0.19717
0.0921271
0.140516
0.0868929
0.275228
0.113296
0.0505711
0.318848
0.0391443
0.0837752
0.662
0.175932
0.442375
0.147021
0.129296
0.397681
0.0548628
0.0437205
0.116778
0.234652
0.51253
0.625192
0.603818
0.189531
0.358368
0.161328
0.140948
0.61893
0.61677
0.12133
0.109907
0.117257
0.105602
0.0898493
0.184631
0.0509459
0.0787964
0.50366
0.658653
0.0887555
0.146052
0.471043
0.448131
0.453611
0.13652
0.343137
0.274893
0.0823289
0.236594
0.0537838
0.453538
0.0765917
0.287557
0.343477
0.549824
0.318267
0.580085
0.324316
0.0977863
0.662
0.133594
0.14964
0.200996
0.134217
0.662
0.310124
0.419388
0.288235
0.0487598
0.662
0.0848827
0.191556
0.0524079
0.120901
0.0924796
0.183744
0.316557
0.318077
0.662
0.163667
0.121429
0.287522
0.229271
0.486176
0.302999
0.10217
0.0571372
0.276173
0.0353762
0.179092
0.106622
0.524375
0.279045
0.575181
0.0835841
0.0842783
0.249916
0.662
0.438289
0.154308
0.140099
0.148275
0.662
0.662
0.418982
0.621449
0.108739
0.143044
0.0922066
0.299176
0.0971558
0.41739
0.662
0.410126
0.662
0.222764
0.084231
0.281174
0.662
0.114019
0.0961919
0.0987623
0.135314
0.269642
0.212877
0.182971
0.172594
0.254308
0.0777454
0.409421
0.662
0.63622
0.662
0.0700128
0.488188
0.152454
0.244624
0.479883
0.237257
0.252576
0.517323
0.309432
0.285917
0.0458159
0.0465061
0.184191
0.149497
0.0988771
0.357504
0.198296
0.142964
0.201733
0.156197
0.192521
0.648552
0.224524
0.161018
0.0751512
0.0545311
0.24479
0.331207
0.585714
0.534271
0.0749609
0.551828
0.228291
0.302773
0.0454263
0.172847
0.662
0.121692
0.0765593
0.558741
0.263631
0.134343
0.163422
0.433009
0.192155
0.662
0.124517
0.132463
0.0808003
0.0357504
0.373823
0.0697451
0.467011
0.24186
0.442367
0.201849
0.180967
0.314913
0.372728
0.100513
0.294561
0.274244
0.662
0.545054
0.046443
0.6442
0.662
0.0426713
0.662
0.109099
0.454151
0.0830932
0.662
0.198017
0.363431
0.0503922
0.400617
0.205445
0.113394
0.662
0.662
0.317001
0.519784
0.662
0.052135
0.650886
0.244627
0.136742
0.456702
0.662
0.208299
0.102689
0.113561
0.0972976
0.11823
0.628872
0.129036
0.0541166
0.182952
0.0832539
0.215697
0.102628
0.477788
0.65766
0.122412
0.102077
0.0761183
0.250222
0.309632
0.0921325
0.0352088
0.298663
0.029472
0.662
0.662
0.194052
0.291464
0.0782245
0.197438
0.489521
0.220272
0.662
0.0406032
0.280841
0.502191
0.0913664
0.187983
0.662
0.26361
0.662
0.431061
0.0633432
0.188239
0.230221
0.223661
0.0737197
0.195194
0.132306
0.0903039
0.252871
0.104236
0.662
0.331643
0.477575
0.19996
0.317873
0.148237
0.270999
0.103641
0.116509
0.662
0.00915113
0.219902
0.662
0.0927769
0.461622
0.0755937
0.11319
0.106984
0.154019
0.102817
0.0425557
0.662
0.662
0.548468
0.342036
0.285304
0.169867
0.662
0.647899
0.448843
0.120172
0.328444
0.395265
0.176476
0.0719482
0.328812
0.0561944
0.662
0.18874
0.343107
0.662
0.388869
0.0863648
0.230241
0.144721
0.294115
0.402727
0.23659
0.211111
0.351242
0.203741
0.449107
0.135803
0.57251
0.0724616
0.0769269
0.261559
0.205066
0.229096
0.450543
0.0401143
0.0794612
0.0788967
0.570265
0.170567
0.37017
0.226366
0.429978
0.662
0.0189825
0.133959
0.662
0.170245
0.463204
0.151125
0.147958
0.106528
0.126523
0.128759
0.468285
0.662
0.257992
0.662
0.662
0.55543
0.457023
0.27223
0.662
0.0891292
0.139954
0.0701578
0.457864
0.093989
0.25351
0.146382
0.250073
0.245305
0.662
0.307531
0.0896297
0.179023
0.101746
0.0458978
0.153392
0.0426156
0.23868
0.077194
0.177674
0.506647
0.0798224
0.448028
0.662
0.166379
0.662
0.0875263
0.343548
0.0323819
0.414059
0.142863
0.372935
0.0202478
0.269636
0.00751163
0.127134
0.317629
0.0280033
0.617166
0.268687
0.531961
0.0697472
0.220769
0.6126
0.459518
0.662
0.106434
0.0752166
0.2769
0.307904
0.137103
0.224587
0.377227
0.138486
0.630577
0.555061
0.274699
0.318846
0.662
0.0984645
0.408538
0.608432
0.19287
0.662
0.192986
0.148379
0.223316
0.359142
0.298269
0.36921
0.441538
0.030272
0.228472
0.138331
0.0717346
0.136992
0.0792737
0.102237
0.3183
0.662
0.381865
0.0689488
0.0709756
0.0100854
0.114656
0.125819
0.43745
0.0983295
0.0646223
0.104778
0.183963
0.43487
0.486386
0.662
0.124473
0.194139
0.20447
0.118765
0.142445
0.662
0.565053
0.0403045
0.0542763
0.141445
0.0787061
0.0966153
0.0067431
0.662
0.118987
0.150058
0.130451
0.112384
0.409792
0.0563649
0.204866
0.0850115
0.0350162
0.303426
0.570674
0.14255
0.662
0.00642998
0.552053
0.197712
0.241242
0.569899
0.363889
0.327729
0.30709
0.0341929
0.254192
0.662
0.655808
0.491542
0.329566
0.601574
0.252097
0.240451
0.400959
0.356829
0.590311
0.428941
0.126574
0.0253395
0.153953
0.196586
0.662
0.397264
0.330294
0.425184
0.177268
0.245094
0.134182
0.237828
0.118809
0.300726
0.125528
0.316767
0.23348
0.441357
0.246785
0.662
0.138665
0.07465
0.472528
0.0726855
0.295752
0.0993226
0.0701365
0.27646
0.266057
0.138481
0.399829
0.393615
0.123042
0.662
0.451332
0.662
0.216274
0.0517282
0.0870836
0.110543
0.65132
0.369724
0.304439
0.590735
0.662
0.384465
0.662
0.119884
0.662
0.181671
0.57574
0.0735438
0.0911885
0.41822
0.555513
0.42725
0.219421
0.368321
0.11554
0.199801
0.0858237
0.0829923
0.0333794
0.662
0.196323
0.150308
0.167846
0.662
0.351347
0.144993
0.168271
0.347987
0.662
0.2186
0.390655
0.350953
0.662
0.210125
0.0838691
0.0721558
0.662
0.346745
0.184932
0.372117
0.179344
0.518715
0.237991
0.0522332
0.0712049
0.29243
0.535561
0.208867
0.512761
0.0871291
0.280192
0.0520721
0.0958
0.138724
0.0430754
0.153373
0.662
0.144928
0.253797
0.319294
0.362989
0.234091
0.0934894
0.0548017
0.076923
0.662
0.220484
0.118839
0.165395
0.0154877
0.0233015
0.378946
0.291366
0.202012
0.662
0.395666
0.354217
0.662
0.304568
0.13978
0.555159
0.197485
0.617744
0.30118
0.662
0.0632431
0.0226211
0.161718
0.604857
0.133187
0.491429
0.132843
0.154222
0.274029
0.437273
0.119274
0.0540869
0.173151
0.450333
0.251874
0.0471084
0.238015
0.43581
0.0707298
0.662
0.123818
0.148411
0.166565
0.656112
0.412722
0.13033
0.0595835
0.238489
0.32011
0.0878277
0.255332
0.0774412
0.224423
0.135201
0.216334
0.0587966
0.423776
0.267619
0.0361495
0.24976
0.430249
0.219683
0.194508
0.200326
0.314136
0.662
0.662
0.396028
0.182424
0.662
0.0727558
0.249556
0.120787
0.0620406
0.662
0.0465378
0.15398
0.269099
0.0810151
0.458184
0.188173
0.123682
0.313423
0.257813
0.396555
0.424854
0.662
0.164895
0.435279
0.0646752
0.366688
0.119243
0.393848
0.24471
0.0648853
0.310192
0.662
0.105434
0.265736
0.00641202
0.189153
0.399611
0.517592
0.165904
0.455866
0.313279
0.241427
0.36575
0.557639
0.074316
0.608717
0.662
0.476745
0.220666
0.243474
0.662
0.270322
0.247875
0.208651
0.0642128
0.0971208
0.378119
0.552615
0.367825
0.071423
0.190786
0.41551
0.662
0.266218
0.0418549
0.0865426
0.466263
0.477592
0.662
0.227346
0.621324
0.0183031
0.332301
0.0859507
0.173016
0.163809
0.118565
0.662
0.662
0.215808
0.328478
0.662
0.0819189
0.010703
0.252233
0.125051
0.662
0.463458
0.145513
0.662
0.0522111
0.165203
0.0925898
0.173268
0.0794918
0.0896037
0.276915
0.288474
0.166978
0.465437
0.263814
0.22291
0.662
0.126424
0.0964687
0.363396
0.662
0.312477
0.117706
0.320754
0.48391
0.0690874
0.150416
0.111292
0.193339
0.662
0.0870333
0.0635506
0.662
0.285156
0.316481
0.622479
0.0921929
0.270814
0.117841
0.064586
0.0567714
0.662
0.120688
0.662
0.0197135
0.662
0.20657
0.230602
0.436536
0.299694
0.107635
0.303497
0.509361
0.661627
0.11733
0.20212
0.662
0.662
0.660986
0.172893
0.025972
0.485033
0.433551
0.040433
0.223735
0.0224645
0.0648237
0.442916
0.215872
0.301656
0.234167
0.0916733
0.0465343
0.553746
0.202974
0.267752
0.0497909
0.0540793
0.50446
0.127654
0.662
0.229961
0.336646
0.662
0.141441
0.120216
0.353677
0.662
0.411886
0.251827
0.662
0.0856807
0.188515
0.274461
0.174285
0.344789
0.053211
0.228422
0.547601
0.662
0.121684
0.415677
0.136094
0.583061
0.662
0.318478
0.220949
0.202224
0.075067
0.22455
0.134211
0.272476
0.261376
0.0806232
0.108155
0.103507
0.449124
0.23222
0.662
0.227851
0.171903
0.109034
