0.155688
0.205033
0.192979
0.610805
0.107725
0.0774203
0.0561447
0.261899
0.243737
0.164709
0.662
0.535541
0.57349
0.235925
0.104935
0.662
0.374853
0.500705
0.279185
0.220856
0.0921082
0.0777539
0.160828
0.199091
0.662
0.662
0.522236
0.379458
0.0771367
0.233616
0.227809
0.402234
0.182651
0.304656
0.177156
0.410478
0.22759
0.286005
0.00546783
0.2696
0.317042
0.0226228
0.283677
0.0266838
0.199676
0.662
0.0409797
0.0997722
0.434786
0.662
0.524752
0.662
0.342453
0.296541
0.662
0.662
0.520053
0.57673
0.45161
0.178791
0.121917
0.662
0.540737
0.0378321
0.662
0.662
0.662
0.175737
0.0112254
0.373141
0.5738
0.284649
0.06498
0.662
0.371458
0.0252558
0.662
0.30453
0.323227
0.201332
0.106244
0.662
0.662
0.247166
0.0467402
0.662
0.378019
0.194374
0.662
0.469563
0.177864
0.204376
0.370122
0.0549355
0.662
0.0278972
0.621633
0.400331
0.662
0.259379
0.662
0.239184
0.181932
0.214098
0.119307
0.662
0.662
0.577639
0.570178
0.0963961
0.438785
0.195181
0.0897529
0.376395
0.662
0.662
0.662
0.140949
0.286386
0.662
0.281921
0.653784
0.155155
0.662
0.134697
0.116878
0.24382
0.136037
0.38826
0.662
0.235276
0.662
0.0897446
0.0991358
0.470195
0.662
0.662
0.442449
0.387372
0.528593
0.518447
0.459359
0.611841
0.564563
0.323747
0.368774
0.213499
0.253314
0.00535155
0.488989
0.535822
0.0828263
0.662
0.217005
0.325084
0.327804
0.662
0.166905
0.0109948
0.372692
0.189943
0.353934
0.280016
0.111475
0.63832
0.662
0.192655
0.662
0.033287
0.185073
0.447504
0.247261
0.662
0.072032
0.295344
0.106099
0.106832
0.172601
0.662
0.0387555
0.59702
0.00557416
0.0900189
0.662
0.662
0.595244
0.174439
0.112417
0.190893
0.116153
0.662
0.186399
0.576011
0.662
0.662
0.662
0.141995
0.206206
0.662
0.209542
0.0546044
0.340369
0.584185
0.460414
0.279397
0.00316309
0.135453
0.367475
0.443432
0.300714
0.182832
0.535485
0.203205
0.34967
0.282301
0.662
0.662
0.662
0.257502
0.142681
0.56704
0.302936
0.0495009
0.277809
0.281023
0.434843
0.226539
0.516182
0.467726
0.42152
0.324192
0.190356
0.16749
0.662
0.662
0.282182
0.662
0.424084
0.662
0.662
0.662
0.231377
0.429447
0.192416
0.0593366
0.662
0.229145
0.662
0.662
0.126786
0.662
0.662
0.135016
0.15495
0.662
0.464224
0.0774253
0.662
0.167967
0.662
0.187448
0.662
0.662
0.662
0.225181
0.412018
0.381076
0.098184
0.366997
0.168847
0.662
0.351016
0.251982
0.662
0.372902
0.172686
0.662
0.662
0.331629
0.400465
0.662
0.00598598
0.148431
0.0123413
0.662
0.662
0.177413
0.27536
0.129769
0.662
0.662
0.646929
0.358424
0.351512
0.0972053
0.108578
0.197437
0.166777
0.365045
0.183312
0.225147
0.291583
0.0430781
0.662
0.431622
0.434592
0.40965
0.372534
0.138388
0.294043
0.0779153
0.0963327
0.202394
0.203083
0.341424
0.0399109
0.662
0.662
0.0457791
0.662
0.155353
0.479361
0.413537
0.435792
0.662
0.595839
0.157302
0.0756359
0.0401978
0.662
0.00812976
0.662
0.662
0.346332
0.363223
0.19605
0.177481
0.0999271
0.410112
0.662
0.136703
0.0757305
0.662
0.0458692
0.149405
0.0856843
0.662
0.0910161
0.289682
0.0535571
0.41392
0.177061
0.644349
0.463413
0.662
0.346858
0.51196
0.132899
0.340736
0.168953
0.0423277
0.226913
0.512645
0.249206
0.339933
0.291361
0.286318
0.258951
0.137909
0.0175021
0.157681
0.662
0.662
0.24557
0.662
0.662
0.0698518
0.134382
0.224464
0.252655
0.662
0.662
0.451927
0.662
0.0846227
0.417611
0.194948
0.0776392
0.520804
0.486071
0.109312
0.162532
0.295564
0.261443
0.0452667
0.427448
0.604266
0.1314
0.496754
0.307712
0.662
0.424333
0.264677
0.662
0.467033
0.290101
0.662
0.182742
0.662
0.421978
0.454284
0.494615
0.528164
0.339316
0.124421
0.0521431
0.662
0.662
0.662
0.481602
0.662
0.386221
0.586252
0.33625
0.105132
0.0965125
0.662
0.587313
0.662
0.662
0.662
0.11624
0.100557
0.273713
0.425526
0.48716
0.662
0.0487192
0.20428
0.662
0.504644
0.662
0.662
0.610275
0.00539791
0.267441
0.368516
0.662
0.443052
0.271263
0.264687
0.390425
0.189235
0.335706
0.531183
0.662
0.662
0.662
0.51099
0.385769
0.0634213
0.182339
0.662
0.219896
0.662
0.550234
0.662
0.450632
0.437527
0.195079
0.182262
0.110398
0.662
0.662
0.492154
0.356327
0.509963
0.00940709
0.624679
0.489387
0.132626
0.229544
0.220565
0.0860272
0.335578
0.662
0.298533
0.120727
0.129157
0.662
0.0908443
0.416018
0.248154
0.662
0.166798
0.592129
0.107138
0.386702
0.194656
0.28022
0.372801
0.0748464
0.0456087
0.223506
0.0713464
0.450934
0.096742
0.251628
0.451646
0.140397
0.408074
0.109392
0.0573674
0.0409623
0.0425356
0.404186
0.167965
0.662
0.295207
0.291637
0.662
0.34915
0.662
0.493333
0.662
0.0793947
0.180921
0.230802
0.662
0.474575
0.287016
0.0817746
0.0672898
0.363245
0.662
0.659056
0.662
0.505164
0.50468
0.591541
0.157152
0.662
0.0790488
0.3831
0.0662689
0.554004
0.285078
0.0749672
0.256728
0.153501
0.662
0.662
0.283861
0.173895
0.662
0.0339877
0.662
0.340824
0.662
0.115838
0.0843003
0.350841
0.52213
0.229366
0.427914
0.134541
0.24999
0.413201
0.472066
0.662
0.662
0.662
0.113361
0.662
0.324313
0.262879
0.275168
0.632684
0.140817
0.662
0.0895283
0.662
0.170624
0.463995
0.321767
0.0809167
0.662
0.643741
0.648125
0.368273
0.175349
0.662
0.153645
0.35921
0.114478
0.558665
0.342097
0.662
0.662
0.113907
0.36513
0.177224
0.0831423
0.662
0.204723
0.301552
0.351786
0.310077
0.256925
0.662
0.662
0.632882
0.11277
0.319595
0.394311
0.608821
0.156781
0.0770553
0.336579
0.304274
0.662
0.433525
0.662
0.0964292
0.205965
0.571443
0.0971418
0.529733
0.662
0.662
0.285273
0.610013
0.0677988
0.662
0.0831171
0.113655
0.466527
0.33697
0.186005
0.262585
0.290182
0.662
0.096382
0.257177
0.215901
0.114382
0.182789
0.368668
0.25958
0.187907
0.264723
0.43284
0.212183
0.578988
0.298554
0.662
0.0255554
0.575614
0.662
0.593005
0.480506
0.285104
0.274417
0.662
0.0523236
0.662
0.139296
0.662
0.662
0.662
0.121485
0.254409
0.348389
0.434586
0.065457
0.144966
0.043893
0.335352
0.28336
0.193611
0.233035
0.250704
0.255908
0.301802
0.208502
0.11651
0.316413
0.662
0.327481
0.145643
0.377556
0.210885
0.227496
0.662
0.193638
0.662
0.117445
0.349022
0.441668
0.636633
0.176734
0.10342
0.25806
0.662
0.310366
0.0856775
0.144073
0.130075
0.662
0.662
0.000814599
0.662
0.442519
0.662
0.129496
0.163666
0.662
0.182423
0.54317
0.485713
0.243126
0.280882
0.123368
0.608657
0.433515
0.385259
0.151996
0.0481161
0.168238
0.465362
0.053359
0.304022
0.662
0.161758
0.501422
0.204565
0.302994
0.33345
0.141664
0.11315
0.326492
0.348951
0.662
0.393878
0.0644184
0.0881129
0.0996786
0.0717899
0.651881
0.662
0.662
0.662
0.346183
0.499938
0.03642
0.495521
0.662
0.337386
0.0708991
0.15449
0.319515
0.195185
0.0436673
0.0451171
0.474973
0.108629
0.199828
0.662
0.0675668
0.0609057
0.129101
0.0278114
0.216376
0.0966556
0.662
0.396339
0.231321
0.132472
0.383106
0.245198
0.374398
0.662
0.067218
0.301493
0.190093
0.662
0.202656
0.409656
0.224389
0.13094
0.0912367
0.045753
0.084576
0.662
0.662
0.215045
0.662
0.157504
0.263492
0.205288
0.128728
0.121189
0.0851109
0.146545
0.0494507
0.662
0.509092
0.0791378
0.129842
0.5587
0.544452
0.0576883
0.662
0.121733
0.662
0.662
0.591001
0.434388
0.189573
0.361564
0.316917
0.373937
0.329028
0.662
0.662
0.428634
0.404451
0.189314
0.391496
0.399176
0.0873059
0.482577
0.662
0.11338
0.136804
0.51237
0.248774
0.0314079
0.662
0.268514
0.0252253
0.187765
0.218115
0.0641991
0.289517
0.00463227
0.0597827
0.456321
0.193828
0.455687
0.622319
0.327468
0.184932
0.168133
0.142387
0.463696
0.240732
0.662
0.662
0.46222
0.662
0.662
0.274988
0.377385
0.662
0.235592
0.662
0.662
0.144073
0.488037
0.662
0.662
0.203594
0.272623
0.662
0.121745
0.3986
0.0957917
0.662
0.216782
0.140894
0.662
0.0969949
0.0904891
0.263778
0.453831
0.106694
0.662
0.1572
0.105149
0.662
0.362388
0.631811
0.0575792
0.662
0.162381
0.136916
0.0791327
0.16967
0.172505
0.174413
0.0541852
0.0247373
0.153821
0.214504
0.0930775
0.0973411
0.662
0.387721
0.662
0.276355
0.399969
0.167286
0.527391
0.662
0.12846
0.0367783
0.575852
0.524514
0.511615
0.662
0.172397
0.264181
0.489572
0.113427
0.662
0.184454
0.662
0.307725
0.662
0.0601099
0.662
0.572518
0.662
0.105671
0.40339
0.143714
0.574065
0.475412
0.662
0.662
0.598116
0.0646666
0.126367
0.206683
0.171466
0.0711982
0.080454
0.662
0.367143
0.108792
0.165186
0.419639
0.195513
0.537012
0.289655
0.365094
0.323672
0.472498
0.662
0.128929
0.194038
0.364917
0.119594
0.662
0.428525
0.0349707
0.0213964
0.0284402
0.403956
0.662
0.662
0.0248247
0.421972
0.336126
0.394528
0.272468
0.470271
0.330203
0.102777
0.342215
0.662
0.191387
0.0628063
0.517098
0.138093
0.662
0.349176
0.42479
0.662
0.100596
0.662
0.156192
0.209635
0.662
0.164056
0.644656
0.475523
0.662
0.182042
0.354345
0.454866
0.208542
0.662
0.147775
0.418507
0.0762181
0.136839
0.662
0.565369
0.662
0.233083
0.0745335
0.662
0.374746
0.662
0.31862
0.260136
0.662
0.649809
0.168997
0.144604
0.662
0.119291
0.421938
0.201671
0.440728
0.299804
0.245729
0.156154
0.662
0.144811
0.156229
0.662
0.515013
0.00315606
0.662
0.662
0.119107
0.662
0.662
0.662
0.318396
0.291578
0.662
0.31338
0.152234
0.0549077
0.662
0.270542
0.0949365
0.108731
0.196618
0.585586
0.418434
0.662
0.562377
0.192715
0.131659
0.662
0.098925
0.358376
0.142539
0.271119
0.457747
0.227274
0.491668
0.246642
0.662
0.662
0.190496
0.60998
0.662
0.221763
0.662
0.0912088
0.389364
0.662
0.662
0.111715
0.0585043
0.662
0.0367113
0.461919
0.662
0.435315
0.662
0.257764
0.46264
0.119648
0.662
0.0224487
0.662
0.662
0.585153
0.0948527
0.662
0.053341
0.285859
0.662
0.662
0.662
0.662
0.662
0.256
0.20647
0.48833
0.21444
0.662
0.101438
0.385055
0.20395
0.202405
0.662
0.141058
0.244202
0.215943
0.249398
0.408656
0.636035
0.196869
0.0911893
0.662
0.660873
0.186157
0.0186285
0.662
0.648118
0.0806021
0.617382
0.0869172
0.366497
0.27305
0.3839
0.236682
0.662
0.535739
0.0732558
0.662
0.662
0.382903
0.114129
0.0940122
0.38862
0.381146
0.386117
0.326257
0.662
0.212016
0.119352
0.632359
0.192663
0.397681
0.441607
0.173735
0.179967
0.662
0.662
0.662
0.662
0.662
0.33515
0.39158
0.0385889
0.410564
0.213853
0.458959
0.662
0.357143
0.178439
0.622828
0.567019
0.662
0.371094
0.229131
0.0730978
0.277593
0.262273
0.301082
0.132751
0.182199
0.168804
0.545305
0.621173
0.415675
0.187614
0.177564
0.476993
0.450466
0.279975
0.12822
0.0738221
0.092332
0.376726
0.662
0.230414
0.662
0.115283
0.140535
0.195313
0.23009
0.360095
0.662
0.202633
0.464908
0.662
0.107464
0.662
0.662
0.329802
0.136556
0.540739
0.0565493
0.100762
0.200035
0.406285
0.192126
0.11197
0.612174
0.324535
0.509119
0.15198
0.439815
0.132399
0.165312
0.35202
0.650054
0.638793
0.0890144
0.109088
0.238791
0.177941
0.21022
0.101489
0.0567384
0.662
0.512043
0.170589
0.227045
0.462646
0.241472
0.662
0.146162
0.264881
0.257211
0.323915
0.473363
0.662
0.397896
0.293835
0.209694
0.662
0.163051
0.299145
0.135893
0.135359
0.372035
0.382193
0.143748
0.0578097
0.0945017
0.362663
0.562613
0.380202
0.662
0.662
0.112635
0.662
0.662
0.117667
0.662
0.662
0.513354
0.16687
0.291431
0.403506
0.389583
0.136626
0.147457
0.129287
0.0661215
0.662
0.662
0.662
0.200726
0.53803
0.30099
0.507623
0.00875908
0.662
0.51631
0.276613
0.288788
0.662
0.0777489
0.306901
0.662
0.277394
0.179387
0.662
0.4676
0.662
0.662
0.241336
0.0977852
0.162408
0.0813812
0.280956
0.362015
0.662
0.3386
0.166078
0.229513
0.077426
0.0828797
0.0368353
0.186657
0.11773
0.222828
0.381517
0.0650089
0.662
0.313435
0.441067
0.322239
0.662
0.0756566
0.619309
0.18512
0.0701996
0.121741
0.12726
0.032283
0.255926
0.662
0.494862
0.253791
0.662
0.293093
0.324451
0.530849
0.662
0.224573
0.196365
0.662
0.234372
0.178534
0.662
0.246262
0.662
0.205
0.0981355
0.415232
0.368559
0.0921065
0.20127
0.561461
0.135925
0.571711
0.198946
0.064102
0.185146
0.274891
0.146593
0.112178
0.472067
0.577278
0.35241
0.662
0.21297
0.360352
0.259133
0.513797
0.219844
0.097248
0.662
0.445587
0.650012
0.617328
0.419741
0.533329
0.221453
0.0136872
0.176735
0.662
0.0952791
0.565367
0.619038
0.364606
0.152719
0.662
0.110545
0.622709
0.416442
0.662
0.46571
0.0897725
0.140241
0.378524
0.0387241
0.417611
0.0401803
0.118597
0.130117
0.199398
0.0854281
0.662
0.0891125
0.383978
0.360337
0.447652
0.552412
0.0944426
0.34123
0.627411
0.0922953
0.262328
0.423647
0.662
0.102606
0.20652
0.0484898
0.177075
0.305312
0.00457924
0.564486
0.662
0.37607
0.100485
0.114355
0.608046
0.191722
0.457509
0.129123
0.375026
0.115465
0.376591
0.0258147
0.493775
0.225822
0.556796
0.352535
0.0984876
0.188618
0.280363
0.470597
0.399852
0.275739
0.168073
0.662
0.405328
0.384082
0.543843
0.21224
0.662
0.499093
0.26169
0.146193
0.0597138
0.297367
0.662
0.334468
0.662
0.466536
0.662
0.600649
0.207736
0.0342248
0.198964
0.361632
0.404803
0.0673794
0.400131
0.662
0.662
0.452164
0.523227
0.188677
0.339936
0.27598
0.394625
0.484131
0.662
0.541118
0.0467241
0.334493
0.187106
0.662
0.662
0.049372
0.315881
0.163873
0.370744
0.0109671
0.0965297
0.606843
0.068338
0.456572
0.147752
0.662
0.237653
0.330305
0.601957
0.343776
0.196727
0.487397
0.0906113
0.662
0.662
0.423418
0.0544619
0.209166
0.662
0.195601
0.662
0.662
0.351997
0.284941
0.416492
0.0929299
0.336612
0.406942
0.0165819
0.458656
0.459548
0.662
0.354946
0.257548
0.212205
0.31525
0.343522
0.110345
0.154458
0.226054
0.26284
0.662
0.160682
0.608025
0.465578
0.662
0.334032
0.662
0.662
0.0736431
0.370713
0.204166
0.488464
0.662
0.662
0.412569
0.332702
0.0501569
0.662
0.242526
0.31613
0.115943
0.131867
0.0723228
0.662
0.193627
0.0275584
0.314606
0.168856
0.179408
0.519004
0.662
0.15284
0.662
0.341791
0.187986
0.418259
0.12427
0.662
0.536212
0.459153
0.127116
0.128649
0.0918706
0.642418
0.107179
0.662
0.284319
0.662
0.0794957
0.42471
0.365399
0.121114
0.143227
0.662
0.254143
0.392221
0.449357
0.080737
0.662
0.662
0.112069
0.203233
0.248616
0.171629
0.420478
0.662
0.643928
0.425433
0.314331
0.52937
0.662
0.183221
0.662
0.00756138
0.324009
0.0159005
0.541867
0.151768
0.187217
0.303734
0.246507
0.0169307
0.176412
0.350661
0.154771
0.0596707
0.1712
0.367964
0.630855
0.18388
0.662
0.279584
0.662
0.662
0.245942
0.662
0.662
0.662
0.642236
0.19296
0.57232
0.0547403
0.0885728
0.391077
0.346167
0.114562
0.224782
0.291111
0.131527
0.0463214
0.367779
0.207166
0.221253
0.0235896
0.266627
0.0911739
0.662
0.200673
0.298877
0.428274
0.0808459
0.400305
0.245785
0.0906835
0.41349
0.662
0.200433
0.398828
0.284592
0.493276
0.18926
0.428842
0.277187
0.662
0.16855
0.310433
0.120018
0.123251
0.662
0.0554946
0.662
0.489108
0.100376
0.441372
0.662
0.386367
0.240771
0.662
0.119225
0.134587
0.662
0.0445803
0.662
0.190435
0.210139
0.662
0.0745947
0.450095
0.290352
0.140255
0.0772258
0.662
0.270924
0.662
0.662
0.371147
0.662
0.156846
0.662
0.185603
0.150881
0.208474
0.662
0.662
0.262662
0.0652564
0.662
0.472304
0.322066
0.13252
0.23044
0.269119
0.0651287
0.093991
0.11608
0.15799
0.342966
0.526688
0.662
0.577499
0.00683147
0.0937052
0.315961
0.020342
0.605446
0.430866
0.662
0.4229
0.105592
0.662
0.148236
0.293598
0.662
0.234796
0.662
0.586091
0.156146
0.105317
0.662
0.145271
0.234756
0.373953
0.662
0.322216
0.332341
0.0533043
0.0617988
0.598999
0.112961
0.065472
0.659634
0.079947
0.178109
0.542862
0.662
0.235165
0.662
0.469227
0.662
0.662
0.17888
0.0679172
0.430117
0.143946
0.662
0.0520169
0.047041
0.14129
0.352192
0.0612197
0.00232637
0.204919
0.662
0.225219
0.0164628
0.00290967
0.0872694
0.232818
0.662
0.662
0.662
0.413322
0.300532
0.0145091
0.282351
0.0719655
0.0236393
0.570867
0.254274
0.629706
0.167571
0.567464
0.662
0.662
0.418758
0.491556
0.204771
0.260318
0.0807672
0.662
0.266337
0.331141
0.277446
0.0938736
0.662
0.19643
0.23219
0.662
0.141375
0.0845984
0.463915
0.662
0.350266
0.0682248
0.151776
0.506727
0.246535
0.348024
0.662
0.0423841
0.0862687
0.662
0.662
0.0717841
0.257081
0.662
0.662
0.662
0.457581
0.101081
0.192949
0.141649
0.0922717
0.134277
0.297413
0.662
0.662
0.430942
0.387071
0.569848
0.130178
0.471408
0.662
0.662
0.536844
0.628861
0.662
0.662
0.585374
0.662
0.489093
0.299041
0.662
0.120576
0.662
0.662
0.188681
0.662
0.662
0.47001
0.185082
0.366923
0.0604808
0.302906
0.167313
0.145828
0.0482328
0.27459
0.235024
0.501077
0.425201
0.662
0.320679
0.329289
0.128124
0.158508
0.0803877
0.317807
0.499448
0.305061
0.0826093
0.0976779
0.0711545
0.294562
0.260033
0.435064
0.120819
0.662
0.00725059
0.42382
0.0680316
0.130812
0.179488
0.20032
0.638492
0.470286
0.309696
0.214901
0.662
0.148288
0.662
0.662
0.0622655
0.199844
0.357507
0.0146509
0.662
0.073779
0.189823
0.662
0.082102
0.662
0.307657
0.052394
0.100982
0.0531235
0.662
0.662
0.662
0.289019
0.662
0.507979
0.540896
0.662
0.540828
0.662
0.379649
0.47789
0.3068
0.662
0.662
0.177233
0.662
0.662
0.51718
0.223293
0.361469
0.433347
0.0932305
0.662
0.385029
0.246544
0.579555
0.662
0.30705
0.214816
0.236778
0.0912534
0.662
0.290874
0.213666
0.662
0.662
0.662
0.662
0.662
0.662
0.144151
0.198199
0.260086
0.662
0.662
0.662
0.0936419
0.0711159
0.620714
0.23703
0.0931931
0.163249
0.0949099
0.397754
0.323289
0.662
0.662
0.34751
0.264944
0.43435
0.202125
0.219766
0.662
0.662
0.283473
0.20925
0.111155
0.0308212
0.348233
0.662
0.0811007
0.662
0.273884
0.662
0.195934
0.132342
0.662
0.393397
0.162571
0.103626
0.113042
0.662
0.446382
0.369785
0.223298
0.662
0.184376
0.662
0.162137
0.662
0.502759
0.370722
0.00275046
0.0114197
0.461294
0.662
0.149669
0.209613
0.163667
0.662
0.475913
0.643108
0.37888
0.184045
0.0645378
0.3819
0.662
0.613453
0.662
0.336374
0.361011
0.0552524
0.126051
0.125278
0.323513
0.107185
0.435972
0.135216
0.110824
0.662
0.564401
0.292504
0.385799
0.511682
0.662
0.265816
0.36763
0.367384
0.28773
0.0784067
0.4683
0.3769
0.662
0.662
0.265897
0.158826
0.243325
0.21467
0.662
0.662
0.098823
0.662
0.0821764
0.0434576
0.662
0.475178
0.158656
0.363729
0.662
0.145402
0.513327
0.0761471
0.662
0.366211
0.0936017
0.662
0.467807
0.0864344
0.443083
0.156428
0.0701202
0.00373409
0.140289
