0.159845
0.0891632
0.080083
0.662
0.662
0.417736
0.058181
0.662
0.232349
0.385781
0.0970449
0.662
0.0211193
0.224236
0.188732
0.508899
0.662
0.662
0.157027
0.478174
0.303789
0.319693
0.662
0.662
0.0849969
0.519665
0.0291157
0.422445
0.662
0.218101
0.662
0.457149
0.365211
0.181407
0.662
0.385491
0.358
0.662
0.662
0.389455
0.295323
0.15681
0.661769
0.26958
0.37858
0.662
0.368332
0.120666
0.476168
0.48278
0.662
0.20204
0.662
0.662
0.503186
0.133328
0.181023
0.38559
0.582172
0.395434
0.473187
0.148621
0.662
0.378268
0.13875
0.573472
0.365088
0.193494
0.662
0.662
0.662
0.590034
0.223162
0.241759
0.203193
0.0858986
0.662
0.0433851
0.0675513
0.0627439
0.662
0.183682
0.662
0.375005
0.662
0.662
0.0856939
0.606264
0.168004
0.662
0.662
0.198398
0.662
0.334883
0.662
0.662
0.227461
0.270777
0.236142
0.191836
0.662
0.599619
0.158185
0.267038
0.0945255
0.303242
0.272874
0.662
0.662
0.662
0.662
0.364056
0.375071
0.252696
0.299248
0.0906686
0.662
0.662
0.186078
0.344704
0.662
0.662
0.505301
0.662
0.662
0.662
0.662
0.662
0.262942
0.662
0.662
0.17025
0.117506
0.426943
0.662
0.159407
0.139514
0.477691
0.276254
0.497238
0.633735
0.322406
0.156761
0.14472
0.149092
0.662
0.0089897
0.662
0.453394
0.662
0.280589
0.466629
0.146856
0.259904
0.321386
0.491306
0.662
0.4672
0.266814
0.662
0.392769
0.332548
0.0419691
0.148812
0.129219
0.457732
0.219403
0.496424
0.662
0.321983
0.662
0.662
0.662
0.293284
0.662
0.172056
0.328152
0.0596531
0.662
0.4869
0.0815187
0.662
0.0545058
0.344121
0.19972
0.662
0.145913
0.365829
0.203126
0.171776
0.662
0.360739
0.191316
0.262956
0.662
0.662
0.465162
0.585098
0.662
0.351363
0.662
0.11129
0.662
0.308568
0.549177
0.371498
0.110903
0.150735
0.529825
0.161626
0.662
0.447165
0.350061
0.362938
0.662
0.662
0.518796
0.428662
0.244404
0.0726704
0.235586
0.0466965
0.17647
0.213938
0.662
0.0766058
0.662
0.225075
0.309899
0.662
0.662
0.0782834
0.662
0.662
0.662
0.166652
0.662
0.221724
0.662
0.186433
0.149192
0.424709
0.0909529
0.0187173
0.115911
0.228498
0.662
0.279093
0.570286
0.353536
0.0858197
0.20258
0.216113
0.282323
0.662
0.198699
0.148548
0.144604
0.21624
0.42907
0.447076
0.662
0.112182
0.166677
0.662
0.254164
0.100791
0.0963775
0.662
0.0214981
0.662
0.0851896
0.136482
0.662
0.435032
0.0683866
0.662
0.307953
0.0255411
0.0298345
0.0577085
0.662
0.662
0.25091
0.288749
0.662
0.304741
0.662
0.293807
0.440929
0.301961
0.227873
0.0433629
0.474258
0.460932
0.407692
0.111301
0.113408
0.447053
0.414149
0.0817778
0.208964
0.429559
0.136045
0.363937
0.662
0.11308
0.155514
0.662
0.662
0.662
0.31536
0.662
0.662
0.200196
0.464296
0.662
0.247124
0.662
0.662
0.0925206
0.396276
0.436267
0.662
0.42178
0.0524997
0.662
0.154407
0.338605
0.303169
0.429326
0.140237
0.119918
0.181608
0.113983
0.662
0.662
0.309928
0.128986
0.308789
0.272376
0.662
0.244443
0.662
0.0963853
0.117804
0.490859
0.662
0.662
0.662
0.108495
0.161397
0.166638
0.521708
0.0737266
0.147138
0.662
0.121732
0.0762405
0.662
0.0681834
0.310654
0.662
0.199004
0.117214
0.662
0.116347
0.0673624
0.662
0.662
0.0557854
0.0478536
0.662
0.168469
0.14957
0.308868
0.416669
0.662
0.143589
0.4641
0.662
0.236539
0.655739
0.662
0.662
0.662
0.106219
0.167383
0.509861
0.154332
0.662
0.439511
0.286004
0.662
0.0618096
0.393556
0.294647
0.119397
0.161436
0.308054
0.662
0.0369546
0.348415
0.170963
0.662
0.329921
0.662
0.109039
0.662
0.0736314
0.662
0.00794028
0.10309
0.150476
0.401586
0.598332
0.106285
0.114243
0.396029
0.193191
0.662
0.16585
0.416722
0.662
0.487846
0.209339
0.0580269
0.434776
0.662
0.146853
0.107958
0.384062
0.0514639
0.0989869
0.572348
0.633693
0.584287
0.264438
0.662
0.159186
0.662
0.662
0.185298
0.199411
0.136226
0.662
0.662
0.0929247
0.167562
0.662
0.465215
0.273028
0.662
0.662
0.256201
0.326484
0.135421
0.156225
0.241772
0.390307
0.245861
0.662
0.662
0.00563123
0.662
0.202562
0.154069
0.662
0.0137777
0.424979
0.158645
0.425696
0.662
0.0962423
0.662
0.152733
0.230619
0.177315
0.464895
0.662
0.662
0.314959
0.662
0.191943
0.165959
0.662
0.166511
0.192846
0.221424
0.0297228
0.376344
0.351105
0.381925
0.121317
0.154809
0.223455
0.662
0.662
0.0729457
0.466415
0.153223
0.0801206
0.228526
0.662
0.151386
0.32177
0.152287
0.662
0.662
0.185237
0.335389
0.204228
0.662
0.594958
0.327524
0.0449776
0.234878
0.662
0.662
0.383052
0.149482
0.418938
0.550854
0.30638
0.222525
0.202151
0.662
0.662
0.662
0.171585
0.150987
0.662
0.014897
0.662
0.662
0.291157
0.662
0.662
0.662
0.117507
0.326466
0.662
0.662
0.208411
0.662
0.395271
0.18858
0.25149
0.264902
0.317632
0.191606
0.125878
0.141768
0.296796
0.662
0.112816
0.46826
0.507996
0.141389
0.308563
0.574716
0.0685489
0.158778
0.662
0.120318
0.534527
0.259197
0.662
0.662
0.662
0.397194
0.0858776
0.0324064
0.20469
0.139313
0.266259
0.284777
0.662
0.101693
0.0824692
0.662
0.662
0.426511
0.662
0.662
0.609942
0.0570938
0.620183
0.150323
0.662
0.44188
0.662
0.170411
0.662
0.263812
0.662
0.326773
0.334886
0.15015
0.441708
0.662
0.238119
0.284208
0.662
0.0704332
0.662
0.368011
0.302265
0.442675
0.182277
0.472832
0.174677
0.607417
0.413756
0.310933
0.662
0.0243472
0.00526009
0.662
0.294931
0.362607
0.662
0.662
0.12502
0.0726217
0.0872966
0.0682633
0.311854
0.435671
0.662
0.0209924
0.662
0.662
0.518204
0.301384
0.159974
0.113634
0.201414
0.662
0.273095
0.662
0.272201
0.662
0.115633
0.587491
0.662
0.662
0.263961
0.662
0.339438
0.662
0.224212
0.166908
0.310432
0.431379
0.55356
0.370004
0.0674806
0.0522767
0.662
0.662
0.0522376
0.452841
0.249041
0.662
0.135399
0.545353
0.662
0.662
0.281979
0.42439
0.662
0.102335
0.662
0.230157
0.263623
0.662
0.662
0.22538
0.381091
0.662
0.176197
0.662
0.471837
0.662
0.662
0.379406
0.127565
0.112098
0.662
0.420791
0.0370532
0.0982329
0.189371
0.662
0.329148
0.312259
0.240863
0.107393
0.218267
0.662
0.662
0.206908
0.408741
0.307725
0.177176
0.662
0.125643
0.299193
0.232632
0.272484
0.0707727
0.546023
0.662
0.361955
0.114486
0.662
0.313675
0.394544
0.14647
0.437469
0.662
0.39956
0.189446
0.662
0.0901934
0.456621
0.212201
0.567
0.170606
0.662
0.662
0.0562811
0.192754
0.327373
0.140318
0.507788
0.319426
0.582726
0.220473
0.213887
0.249451
0.208817
0.280834
0.662
0.662
0.118866
0.151323
0.0368191
0.662
0.412355
0.0129676
0.660976
0.291734
0.150526
0.189663
0.662
0.106974
0.662
0.662
0.22709
0.662
0.150433
0.662
0.258473
0.662
0.23929
0.459895
0.370182
0.25158
0.662
0.662
0.662
0.662
0.313978
0.662
0.662
0.572354
0.474838
0.662
0.0990985
0.251659
0.610638
0.446498
0.662
0.0818197
0.116926
0.662
0.159781
0.0995836
0.088122
0.662
0.341493
0.64146
0.0450612
0.662
0.42464
0.240763
0.662
0.662
0.0193673
0.507427
0.235508
0.231054
0.0991552
0.496368
0.584109
0.286866
0.310324
0.11449
0.406555
0.662
0.409566
0.127954
0.148231
0.148335
0.134869
0.0513644
0.224574
0.0166497
0.174158
0.662
0.140331
0.662
0.662
0.198356
0.301458
0.302711
0.373643
0.216036
0.568052
0.662
0.342459
0.662
0.0248055
0.0815237
0.544333
0.662
0.662
0.662
0.662
0.0799672
0.662
0.485218
0.344167
0.662
0.208027
0.385178
0.423616
0.170665
0.662
0.662
0.513832
0.662
0.210069
0.133867
0.662
0.23292
0.662
0.0231879
0.090265
0.662
0.00712667
0.32401
0.467091
0.08204
0.662
0.0414535
0.101324
0.131211
0.187701
0.103588
0.034824
0.662
0.46393
0.185157
0.242335
0.662
0.227512
0.662
0.246742
0.18669
0.662
0.662
0.0438584
0.181114
0.662
0.368279
0.0478694
0.238054
0.117802
0.039174
0.195851
0.662
0.0869692
0.443139
0.662
0.219444
0.358868
0.47856
0.662
0.401347
0.127074
0.315758
0.478078
0.662
0.662
0.272098
0.409577
0.662
0.662
0.662
0.662
0.662
0.662
0.662
0.115255
0.230005
0.203435
0.322519
0.173808
0.434583
0.443196
0.403466
0.0589182
0.212362
0.662
0.217102
0.550902
0.0901526
0.439183
0.0133055
0.157154
0.288934
0.216109
0.0174228
0.257712
0.289024
0.10676
0.141253
0.662
0.208557
0.662
0.132044
0.397707
0.662
0.662
0.403527
0.167854
0.0648663
0.158652
0.116492
0.182497
0.355237
0.4896
0.44989
0.391649
0.480244
0.662
0.218004
0.662
0.662
0.662
0.662
0.662
0.314662
0.662
0.272707
0.0993196
0.267049
0.233038
0.0777374
0.444151
0.511445
0.662
0.0455814
0.117535
0.662
0.662
0.146928
0.454863
0.303162
0.662
0.369917
0.43591
0.662
0.662
0.662
0.662
0.0947094
0.662
0.472299
0.107005
0.662
0.662
0.662
0.400141
0.191454
0.393629
0.212193
0.0402307
0.22553
0.662
0.277944
0.299226
0.184277
0.0963033
0.662
0.662
0.662
0.00713067
0.113673
0.307309
0.662
0.246262
0.0361181
0.662
0.662
0.542913
0.662
0.368326
0.423979
0.360922
0.662
0.178939
0.0521106
0.122307
0.540103
0.257998
0.662
0.185457
0.662
0.662
0.0988782
0.662
0.662
0.662
0.662
0.292911
0.467369
0.662
0.227887
0.413505
0.662
0.353648
0.160556
0.0306308
0.38519
0.662
0.314201
0.662
0.662
0.662
0.116271
0.409173
0.124476
0.0761341
0.171574
0.662
0.472361
0.0359851
0.214247
0.32349
0.284924
0.379647
0.1979
0.295129
0.322145
0.275575
0.124075
0.662
0.248312
0.0271841
0.662
0.662
0.179193
0.396467
0.12247
0.320435
0.662
0.662
0.662
0.662
0.662
0.456877
0.155528
0.102013
0.249416
0.662
0.0941368
0.662
0.662
0.662
0.662
0.662
0.662
0.00873532
0.0369818
0.662
0.662
0.145541
0.662
0.190588
0.662
0.662
0.451576
0.213667
0.208624
0.179514
0.00809968
0.662
0.453168
0.662
0.662
0.662
0.662
0.201724
0.471326
0.304457
0.662
0.662
0.144134
0.662
0.288302
0.194298
0.0568855
0.19955
0.46612
0.662
0.662
0.107533
0.133598
0.2553
0.662
0.374657
0.662
0.181273
0.662
0.662
0.0806635
0.0892179
0.662
0.171069
0.064927
0.314865
0.662
0.239925
0.303746
0.450676
0.662
0.41126
0.187918
0.662
0.431098
0.662
0.329573
0.452241
0.335291
0.662
0.359132
0.176649
0.311745
0.288736
0.662
0.340598
0.203967
0.662
0.426174
0.122649
0.426348
0.0744217
0.156125
0.271074
0.496943
0.477636
0.239273
0.459968
0.662
0.260788
0.036474
0.662
0.111158
0.150476
0.128623
0.11935
0.662
0.0337159
0.21757
0.00353462
0.662
0.271966
0.662
0.128883
0.115521
0.381781
0.662
0.63339
0.149622
0.299611
0.104368
0.662
0.662
0.171722
0.184651
0.0923273
0.0315314
0.114602
0.662
0.187849
0.363539
0.137858
0.191182
0.662
0.662
0.363061
0.0698025
0.525575
0.322064
0.662
0.632948
0.337109
0.662
0.0827171
0.662
0.662
0.197287
0.662
0.217383
0.662
0.662
0.374462
0.662
0.662
0.102268
0.662
0.418442
0.291
0.662
0.662
0.0825848
0.317674
0.053114
0.227094
0.0632776
0.03213
0.662
0.0782027
0.196259
0.662
0.520211
0.0643425
0.0895773
0.117647
0.0355436
0.41771
0.471756
0.291641
0.185208
0.56515
0.168362
0.367558
0.104046
0.249451
0.633189
0.0612352
0.237396
0.239597
0.42493
0.662
0.176284
0.0873321
0.138378
0.662
0.410294
0.11488
0.442913
0.053137
0.160659
0.662
0.491115
0.662
0.126452
0.194167
0.662
0.393868
0.0710806
0.164475
0.192421
0.0832102
0.662
0.0219996
0.662
0.362721
0.213723
0.662
0.133755
0.662
0.476509
0.445174
0.662
0.105137
0.662
0.365058
0.130505
0.054445
0.0659835
0.662
0.0848825
0.157924
0.183772
0.120839
0.662
0.662
0.662
0.662
0.141151
0.254018
0.186345
0.662
0.0465185
0.151159
0.188046
0.110163
0.156504
0.662
0.154635
0.441254
0.662
0.389483
0.457698
0.662
0.662
0.27121
0.221944
0.662
0.662
0.542443
0.413426
0.0562716
0.662
0.662
0.207646
0.422823
0.0561598
0.480709
0.16862
0.227231
0.03174
0.662
0.190677
0.662
0.108047
0.173634
0.153007
0.662
0.0864535
0.662
0.158313
0.662
0.112861
0.662
0.662
0.662
0.506662
0.662
0.662
0.662
0.662
0.584008
0.405351
0.662
0.662
0.367463
0.662
0.662
0.253962
0.134899
0.662
0.277427
0.662
0.662
0.455427
0.203179
0.0702813
0.288725
0.243795
0.662
0.662
0.185631
0.326275
0.070963
0.315689
0.0190486
0.105369
0.662
0.103834
0.164368
0.662
0.225482
0.294387
0.662
0.415802
0.022732
0.64521
0.662
0.433202
0.662
0.057642
0.383289
0.662
0.662
0.662
0.662
0.182003
0.26839
0.139015
0.472521
0.139003
0.662
0.120538
0.662
0.662
0.21699
0.662
0.662
0.0257299
0.662
0.576625
0.170157
0.339063
0.108401
0.208793
0.662
0.190003
0.157892
0.19404
0.0634885
0.662
0.47636
0.27483
0.374397
0.662
0.476697
0.662
0.662
0.277717
0.0797496
0.662
0.10037
0.308588
0.662
0.662
0.456028
0.338584
0.662
0.428886
0.483397
0.394075
0.662
0.0867667
0.662
0.477533
0.662
0.662
0.194132
0.0110209
0.255943
0.131248
0.206773
0.662
0.430159
0.471305
0.116499
0.662
0.198724
0.0646557
0.296943
0.662
0.662
0.662
0.408211
0.662
0.662
0.133537
0.186952
0.24528
0.662
0.351853
0.662
0.387672
0.662
0.338748
0.268063
0.405254
0.562454
0.662
0.195949
0.495905
0.662
0.0755627
0.662
0.400718
0.662
0.0979299
0.191672
0.662
0.409456
0.359414
0.419089
0.662
0.366279
0.188556
0.281379
0.662
0.294357
0.339023
0.184525
0.662
0.0749046
0.160648
0.662
0.455227
0.197591
0.0693954
0.621215
0.662
0.0889857
0.108091
0.662
0.662
0.662
0.105261
0.17253
0.419886
0.291423
0.410131
0.662
0.271002
0.439377
0.380524
0.0566434
0.433815
0.662
0.566285
0.380468
0.415427
0.12144
0.12807
0.662
0.179027
0.580313
0.662
0.662
0.034585
0.113603
0.662
0.662
0.227465
0.662
0.30019
0.215399
0.662
0.344759
0.24957
0.309749
0.662
0.450314
0.137987
0.662
0.186048
0.662
0.662
0.238811
0.336846
0.415964
0.662
0.452061
0.662
0.0939507
0.662
0.662
0.662
0.429754
0.213873
0.194487
0.186867
0.662
0.0839532
0.346833
0.662
0.475388
0.355874
0.296987
0.662
0.662
0.662
0.278062
0.225203
0.0483513
0.352347
0.124981
0.0909208
0.422652
0.246342
0.226648
0.662
0.0392039
0.107595
0.662
0.662
0.662
0.203768
0.421697
0.662
0.267647
0.662
0.47445
0.662
0.115204
0.662
0.301937
0.423878
0.130604
0.662
0.662
0.662
0.275761
0.662
0.235045
0.662
0.662
0.0637925
0.662
0.662
0.662
0.0788026
0.477616
0.662
0.662
0.473067
0.164602
0.662
0.181492
0.605091
0.42119
0.193041
0.662
0.0929164
0.155053
0.490605
0.662
0.415342
0.0422381
0.662
0.304787
0.477614
0.283666
0.0624415
0.662
0.292225
0.662
0.355474
0.227653
0.0558463
0.210856
0.428638
0.662
0.107963
0.171343
0.512467
0.309225
0.506375
0.400622
0.468458
0.598188
0.317927
0.131365
0.201138
0.14297
0.467566
0.662
0.386681
0.10231
0.0161246
0.190785
0.5048
0.18865
0.141233
0.232893
0.23992
0.662
0.0995474
0.230812
0.662
0.364623
0.166855
0.662
0.382331
0.358408
0.314994
0.143586
0.0299351
0.662
0.452772
0.662
0.53826
0.541986
0.391753
0.0816144
0.662
0.0992697
0.662
0.402588
0.662
0.220869
0.214959
0.170223
0.0747541
0.131126
0.359725
0.438025
0.194319
0.134842
0.662
0.662
0.123362
0.444993
0.0386672
0.297009
0.441859
0.240948
0.288199
0.0810378
0.662
0.352774
0.662
0.191444
0.662
0.139726
0.662
0.148846
0.343704
0.139122
0.0869157
0.421792
0.662
0.310837
0.471577
0.308297
0.134219
0.320106
0.179868
0.089242
0.662
0.12235
0.662
0.0355674
0.333499
0.662
0.442906
0.662
0.662
0.47275
0.401236
0.241395
0.187158
0.662
0.406485
0.662
0.146467
0.27948
0.662
0.286253
0.662
0.490965
0.662
0.158393
0.323074
0.662
0.662
0.330876
0.54563
0.662
0.458069
0.347428
0.662
0.662
0.104846
0.434375
0.132072
0.134947
0.662
0.0456424
0.247518
0.112786
0.662
0.662
0.448307
0.330761
0.436076
0.185037
0.0643035
0.444171
0.0986626
0.662
0.226971
0.662
0.521656
0.139296
0.199
0.0784692
0.143589
0.310629
0.0694181
0.142127
0.0596939
0.134718
0.386653
0.0723117
0.443991
0.662
0.283311
0.448529
0.076199
0.0512806
0.662
0.230631
0.446277
0.0846067
0.249166
0.535959
0.179649
0.662
0.232258
0.662
0.489081
0.662
0.509129
0.662
0.662
0.662
0.117811
0.172019
0.549307
0.27628
0.662
0.662
0.662
0.115029
0.662
0.162559
0.662
0.0801359
0.260967
0.0586136
0.19058
0.662
0.082345
0.131416
0.662
0.662
0.286145
0.662
0.662
0.662
0.662
0.114684
0.239739
0.254603
0.0404594
0.264953
0.357782
0.662
0.142882
0.662
0.149042
0.662
0.16721
0.315107
0.0819118
0.180679
0.187236
0.258965
0.237455
0.662
0.662
0.0806589
0.150257
0.0939449
0.138167
0.378879
0.662
0.122127
0.437752
0.0759203
0.662
0.548814
0.0104784
0.662
0.328704
0.662
0.662
0.106544
0.137609
0.662
0.368344
0.662
0.662
0.455621
0.118322
0.223064
0.206933
0.376338
0.218262
0.140647
0.662
0.463166
0.239006
0.321868
0.662
0.199728
0.662
0.0792431
0.28715
0.662
0.662
0.148214
0.117009
0.662
0.293137
0.662
0.662
0.286154
0.662
0.662
0.35048
0.293813
0.138411
0.662
0.0778855
0.237675
0.662
0.662
0.427156
0.198109
0.194804
0.177124
0.197983
0.417797
0.209186
0.315705
0.149997
0.181527
0.662
0.662
0.205275
0.450886
0.662
0.164763
0.462076
0.662
0.0387963
0.2971
0.114987
0.371172
0.383378
0.207984
0.104633
0.34592
0.662
0.150201
0.662
0.662
0.566881
0.30084
0.0734209
0.662
0.150477
0.662
0.130028
0.11299
0.262948
0.187394
0.0431558
0.662
0.662
0.481421
0.662
0.662
0.662
0.662
0.662
0.192955
0.391486
0.347751
0.0782098
0.210987
0.264746
0.261449
0.201847
0.359414
0.0206271
0.662
0.16715
0.662
0.0796965
0.427379
0.0839761
0.0089183
0.662
0.662
0.513234
0.37831
0.502051
0.40535
0.464468
0.425818
0.197481
0.662
0.450112
0.662
0.417259
0.0619417
0.662
0.662
0.142577
0.230473
0.662
0.265301
0.233043
0.662
0.114006
0.0648545
0.134375
0.662
0.184613
0.274551
0.308247
0.0964379
0.662
0.38786
0.505238
0.662
0.121879
0.292711
0.429834
0.248606
0.0991218
0.111469
0.61638
0.662
0.187208
0.662
0.662
0.258965
0.258151
0.156956
0.662
0.361829
0.175558
0.380675
0.662
0.291213
0.102943
0.325001
0.625098
0.662
0.0889633
0.445141
0.118283
0.483156
0.662
0.0866592
0.662
0.298244
0.662
0.187696
0.662
0.244752
0.0443224
0.077021
0.131656
0.662
0.456616
0.120776
0.153002
0.0183382
0.662
0.469172
0.662
0.160066
0.121931
0.329051
0.316162
0.662
0.396992
0.662
0.0138936
0.491095
0.662
0.662
0.323898
0.151638
0.258933
0.662
0.370326
0.447141
0.0086761
0.0954058
0.662
0.662
0.662
0.662
0.14444
0.587756
0.141159
0.239308
0.46296
0.210349
0.207078
0.662
0.662
0.075156
0.662
0.662
0.662
0.121535
0.388086
0.53665
0.234955
0.350607
0.0769869
0.347995
0.192429
0.148049
0.563611
0.0598298
0.0997923
0.662
0.662
0.248686
0.662
0.301525
0.172059
0.662
0.662
0.376688
0.20701
0.0150951
0.00753126
0.469887
0.1585
0.190309
0.240443
0.11956
0.662
0.662
0.0889858
0.445278
0.310689
0.254479
0.662
0.116308
0.299686
0.662
0.344057
0.129205
0.662
0.38639
0.179581
0.662
0.662
0.662
0.662
0.662
0.254895
0.662
0.662
0.662
0.244165
0.652052
0.462965
0.292411
0.662
0.347641
0.20822
0.167082
0.373454
0.0570437
0.176941
0.662
0.662
0.662
0.446095
0.662
0.662
0.662
0.662
0.0710459
0.239958
0.182386
0.662
0.0764833
0.340025
0.0345789
0.455406
0.199278
0.0509002
0.47187
0.662
0.332324
0.662
0.499992
0.662
0.662
0.449988
0.662
0.662
0.196166
0.220562
0.662
0.0898163
0.136183
0.399021
0.662
0.662
0.22372
0.19522
0.662
0.378206
0.370741
0.573714
0.662
0.112412
0.662
0.278876
0.185433
0.148106
0.614539
0.202882
0.662
0.354539
0.175283
0.181097
0.662
0.662
0.136285
0.215911
0.610887
0.662
0.119353
0.145732
0.662
0.0474579
0.112146
0.0132091
0.425412
0.0174124
0.26538
0.418519
0.111478
0.662
0.581778
0.438529
0.221623
0.36551
0.662
0.193033
0.407351
0.443461
0.662
0.662
0.662
0.168159
0.099454
0.0920352
0.662
0.0824913
0.171305
0.0399273
0.662
0.662
0.662
0.107957
0.662
0.437262
0.662
0.662
0.508397
0.328854
0.224225
0.662
0.384861
0.0793861
0.277983
0.662
0.302557
0.372919
0.140779
0.211149
0.400554
0.662
0.0648609
0.1046
0.414214
0.662
0.181938
0.226946
0.662
0.232231
0.446938
0.512567
0.082268
0.393804
0.0719432
0.379362
0.46602
0.662
0.330852
0.450042
0.0130576
0.387934
0.516739
0.158284
0.0533488
0.633493
0.662
0.0607856
0.432923
0.662
0.454081
0.240994
0.662
0.662
0.662
0.232712
0.10977
0.22691
0.662
0.407238
0.230014
0.39937
0.0971825
0.135598
0.327603
0.209073
0.662
0.662
0.239517
0.107569
0.157198
0.253148
0.662
0.662
0.662
0.107627
0.383231
0.327499
0.255123
0.662
0.112186
0.549238
0.662
0.0671008
0.0214115
0.424026
0.662
0.421285
0.300058
0.662
0.201771
0.662
0.0307632
0.662
0.143323
0.662
0.153525
0.662
0.662
0.382313
0.662
0.662
0.373909
0.39449
0.345465
0.283113
0.662
0.0677694
0.207547
0.662
0.662
0.386371
0.662
0.662
0.282452
0.662
0.63339
0.189219
0.106275
0.150146
0.536123
0.662
0.0990294
0.186725
0.662
0.0733967
0.347595
0.126865
0.125365
0.662
0.662
0.351922
0.662
0.061314
0.0653658
0.513986
0.467189
0.120135
0.0675028
0.329742
0.392021
0.329504
0.181589
0.315524
0.662
0.593441
0.28675
0.214936
0.215868
0.0584065
0.00148392
0.499675
0.662
0.0659495
0.662
0.662
0.158183
0.662
0.100499
0.0961412
0.132531
0.529893
0.662
0.0365503
0.662
0.17791
0.662
0.456016
0.662
0.662
0.662
0.248387
0.285957
0.662
0.662
0.535315
0.662
0.103127
0.121912
0.220867
0.188965
0.0494414
0.575137
0.662
0.182262
0.405686
0.0936974
0.368203
0.662
0.207092
0.662
0.513237
0.26386
0.385919
0.2395
0.662
0.662
0.662
0.178154
0.180912
0.662
0.0883183
0.0603377
0.662
0.125462
0.152364
0.206469
0.198938
0.662
0.355239
0.0900718
0.285645
0.662
0.662
0.21274
0.662
0.412437
0.520249
0.314471
0.662
0.437409
0.662
0.662
0.16697
0.0558748
0.662
0.662
0.296591
0.0195652
0.23392
0.662
0.320746
0.662
0.0929532
0.662
0.32951
0.662
0.19497
0.0638792
0.620737
0.408476
0.662
0.124403
0.393965
0.153274
0.618232
0.662
0.588396
0.11385
0.662
0.662
0.343152
0.646767
0.662
0.233716
0.238375
0.458631
0.662
0.662
0.360352
0.0713712
0.662
0.0564708
0.0912996
0.462914
0.534774
0.279549
0.662
0.286735
0.662
0.0605063
0.332529
0.0680613
0.662
0.107974
0.267756
0.307343
0.161788
0.662
0.208363
0.232017
0.190741
0.662
0.213165
0.52758
0.26446
0.169596
0.382847
0.293891
0.662
0.2794
0.662
0.167112
0.238848
0.662
0.0197137
0.0236881
0.0854328
0.0600899
0.318576
0.298746
0.374281
0.662
0.335033
0.662
0.32619
0.0452897
0.17274
0.0425048
0.662
0.4389
0.595142
0.0410606
0.662
0.136625
0.17367
0.546948
0.393366
0.283734
0.534777
0.270726
0.10358
0.368948
0.060322
0.221754
0.662
0.608773
0.662
0.207209
0.0434259
0.505851
0.314588
0.109348
0.23192
0.662
0.662
0.662
0.190548
0.00342944
0.662
0.662
0.662
0.537826
0.428191
0.213719
0.283393
0.110802
0.662
0.129418
0.589062
0.373702
0.280448
0.461067
0.155568
0.2789
0.662
0.132647
0.448723
0.436164
0.662
0.465561
0.662
0.662
0.662
0.662
0.416189
0.249418
0.214097
0.145906
0.0935554
0.662
0.44219
0.230569
0.514353
0.44897
0.662
0.328483
0.469059
0.0523384
0.662
0.287536
0.269652
0.154507
0.380603
0.197544
0.287911
0.190297
0.0804432
0.415235
0.182666
0.580222
0.0114901
0.284657
0.662
0.662
0.367838
0.301611
0.35949
0.156167
0.0617872
0.135914
0.129608
0.662
0.0288573
0.437169
0.662
0.662
0.37246
0.368964
0.662
0.465477
0.332778
0.152142
0.527764
0.477066
0.309
0.127473
0.232172
0.662
0.465548
0.279717
0.662
0.662
0.662
0.0761493
0.0170459
0.258717
0.662
0.351246
0.236757
0.207403
0.567353
0.405503
0.249881
0.662
0.194594
0.0720361
0.0188511
0.176694
0.662
0.662
0.662
0.559032
0.150221
0.146487
0.0463327
0.231489
0.20485
0.545459
0.0831684
0.225957
0.662
0.314419
0.18115
0.357706
0.198508
0.189135
0.342854
0.454353
0.662
0.415008
0.111512
0.662
0.662
0.662
0.662
0.112348
0.623062
0.286591
0.0510718
0.482573
0.662
0.183791
0.186516
0.0335258
0.0707588
0.18441
0.471655
0.662
0.223845
0.247801
0.662
0.22574
0.119595
0.0711729
0.393788
0.662
0.105556
0.198289
0.156806
0.364284
0.372289
0.662
0.0914206
0.233962
0.662
0.359039
0.385818
0.467928
0.282872
0.152705
0.343617
0.0353478
0.432897
0.0883073
0.237179
0.0143967
0.37092
0.662
0.133598
0.148203
0.662
0.662
0.0664749
0.662
0.21656
0.662
0.0945141
0.662
0.0758264
0.112756
0.0715122
0.348003
0.662
0.662
0.365437
0.237779
0.325224
0.0562723
0.0615618
0.133318
0.100492
0.201816
0.662
0.165193
0.235067
0.2106
0.304623
0.662
0.662
0.662
0.0408982
0.234131
0.469869
0.662
0.1641
0.662
0.485617
0.108242
0.16871
0.20924
0.37825
0.218733
0.0169008
0.662
0.438965
0.662
0.207941
0.559855
0.662
0.245633
0.662
0.564851
0.662
0.662
0.0747978
0.662
0.187584
0.220379
0.216019
0.662
0.0563526
0.231019
0.378942
0.367725
0.383972
0.0382335
0.662
0.662
0.110179
0.080537
0.662
0.662
0.0934321
0.203921
0.350771
0.648178
0.0502369
0.662
0.168354
0.327092
0.450264
0.207147
0.662
0.182888
0.226562
0.38504
0.277229
0.662
0.201454
0.127296
0.662
0.662
0.350998
0.445627
0.13245
0.0505549
0.584849
0.662
0.128313
0.6453
0.509187
0.120157
0.0242416
0.188429
0.159275
0.126076
0.115413
0.268285
0.345194
0.335295
0.662
0.402596
0.6131
0.662
0.186099
0.0889083
0.164928
0.418448
0.107932
0.200687
0.662
0.0951972
0.45513
0.225368
0.0937912
0.07963
0.662
0.322896
0.22812
0.662
0.662
0.623893
0.662
0.262237
0.662
0.331995
0.662
0.076731
0.130107
0.662
0.364535
0.437338
0.662
0.326243
0.292564
0.24869
0.239874
0.0982626
0.100353
0.185487
0.101173
0.349756
0.111587
0.321786
0.662
0.219459
0.162833
0.324346
0.662
0.231402
0.431687
0.103803
0.662
0.11069
0.662
0.662
0.662
0.20604
0.662
0.165953
0.0489439
0.662
0.662
0.501647
0.138985
0.662
0.0491403
0.451762
0.332098
0.0755921
0.0893728
0.662
0.662
0.208349
0.116928
0.662
0.28405
0.662
0.394268
0.199254
0.0613052
0.662
0.263791
0.304177
0.183191
0.0454874
0.33677
0.126552
0.662
0.245487
0.0546309
0.150045
0.370716
0.457184
0.568455
0.330061
0.141445
0.199728
0.662
0.195583
0.431183
0.0883824
0.359763
0.502724
0.0707955
0.662
0.662
0.239949
0.286413
0.0345321
0.662
0.662
0.662
0.217217
0.420892
0.194867
0.228693
0.458077
0.662
0.187276
0.288824
0.183006
0.153994
0.194088
0.662
0.0550878
0.662
0.662
0.478823
0.662
0.217393
0.135074
0.662
0.365401
0.662
0.662
0.144958
0.662
0.0732209
0.520806
0.190993
0.662
0.100358
0.16771
0.662
0.0914834
0.662
0.342629
0.330928
0.662
0.384269
0.112518
0.662
0.662
0.0613738
0.381488
0.3844
0.662
0.466707
0.248355
0.662
0.662
0.662
0.662
0.417288
0.662
0.315282
0.662
0.662
0.0708134
0.662
0.406523
0.662
0.662
0.239249
0.662
0.465944
0.00875141
0.662
0.213378
0.662
0.205661
0.28996
0.186788
0.0384847
0.00766861
0.352242
0.662
0.662
0.662
0.526165
0.662
0.166309
0.662
0.662
0.081442
0.662
0.383072
0.496874
0.210097
0.151623
0.217248
0.128819
0.122039
0.346936
0.0119684
0.40173
0.259692
0.0934183
0.379408
0.10356
0.424669
0.662
0.338986
0.472826
0.173368
0.231746
0.662
0.662
0.224209
0.456585
0.662
0.662
0.662
0.145826
0.424124
0.662
0.662
0.0405759
0.15136
0.662
0.293255
0.337898
0.662
0.662
0.055299
0.0273071
0.662
0.183093
0.662
0.298775
0.662
0.204145
0.268496
0.335807
0.662
0.496994
0.279954
0.662
0.144018
0.662
0.662
0.412663
0.662
0.32761
0.138198
0.662
0.196195
0.168629
0.354589
0.145025
0.662
0.323223
0.191615
0.439541
0.41252
0.134369
0.239714
0.303918
0.120567
0.662
0.0827628
0.0623097
0.662
0.0356473
0.662
0.662
0.192744
0.0970362
0.662
0.662
0.0774864
0.329881
0.187498
0.662
0.0906595
0.158731
0.20607
0.0337641
0.319561
0.00683052
0.60506
0.253641
0.0843335
0.440686
0.662
0.105383
0.662
0.271141
0.631017
0.574217
0.170769
0.0241198
0.662
0.0807222
0.662
0.376293
0.662
0.0450652
0.22938
0.150975
0.357363
0.204432
0.144668
0.662
0.102668
0.662
0.0833197
0.578514
0.525616
0.0821243
0.072748
0.662
0.257541
0.0807599
0.402234
0.035225
0.321596
0.330464
0.662
0.662
0.377548
0.100129
0.0690381
0.140781
0.0798869
0.140309
0.352405
0.111467
0.423282
0.253316
0.662
0.0574532
0.369426
0.0797222
0.662
0.662
0.465405
0.0732893
0.398393
0.227919
0.662
0.098698
0.0744513
0.592214
0.662
0.249661
0.413754
0.556655
0.397201
0.188541
0.129474
0.188655
0.662
0.18066
0.195099
0.0606692
0.284753
0.390495
0.182609
0.662
0.0906156
0.175937
0.167486
0.124116
0.662
0.169989
0.662
0.363981
0.314142
0.520233
0.435432
0.662
0.0130662
0.112868
0.463557
0.546739
0.662
0.0788174
0.662
0.262171
0.612494
0.662
0.0520647
0.662
0.090477
0.209205
0.0271809
0.249223
0.281683
0.552977
0.440658
0.189422
0.275714
0.246256
0.444709
0.0508517
0.189644
0.343256
0.662
0.149542
0.241042
0.384925
0.102577
0.662
0.319621
0.19099
0.338408
0.267432
0.662
0.0664768
0.289057
0.662
0.20746
0.339569
0.408256
0.427368
0.0589734
0.470318
0.223992
0.662
0.662
0.662
0.243954
0.240593
0.199345
0.662
0.247815
0.137286
0.662
0.662
0.483237
0.214605
0.0916752
0.138632
0.406045
0.184587
0.48614
0.270876
0.0924741
0.249729
0.0534034
0.662
0.0228915
0.500394
0.166242
0.188582
0.662
0.662
0.115739
0.522431
0.435116
0.191395
0.662
0.662
0.313916
0.662
0.662
0.233948
0.299535
0.662
0.0856278
0.510188
0.270224
0.395653
0.114736
0.205117
0.353972
0.662
0.211469
0.662
0.0960166
0.225135
0.662
0.277762
0.0910475
0.209698
0.507986
0.311508
0.523972
0.117255
0.0129041
0.0668237
0.377618
0.662
0.335897
0.0587829
0.363543
0.662
0.662
0.662
0.662
0.256966
0.662
0.215715
0.662
0.523766
0.229832
0.662
0.662
0.209665
0.662
0.07043
0.0473961
0.662
0.662
0.662
0.18944
0.662
0.662
0.121009
0.112846
0.662
0.124065
0.244927
0.271323
0.363031
0.662
0.457898
0.110234
0.349279
0.662
0.552576
0.24716
0.662
0.467999
0.38207
0.127654
0.073355
0.450324
0.0848333
0.218261
0.262455
0.00665011
0.662
0.591025
0.241193
0.328935
0.373012
0.271915
0.0840742
0.0670815
0.662
0.435488
0.17002
0.338647
0.662
0.0125422
0.662
0.552379
0.468084
0.662
0.123575
0.662
0.175413
0.249551
0.662
0.662
0.0748798
0.466996
0.662
0.0793926
0.662
0.0727072
0.325237
0.446871
0.662
0.662
0.211922
0.127458
0.662
0.662
0.243481
0.0248195
0.662
0.250376
0.136661
0.209733
0.0236995
0.205933
0.662
0.569575
0.307841
0.662
0.134904
0.1952
0.662
0.662
0.301425
0.176589
0.149321
0.0873039
0.185303
0.662
0.662
0.182244
0.153691
0.662
0.273007
0.0476731
0.114748
0.662
0.662
0.662
0.181968
0.662
0.21988
0.457446
0.662
0.542399
0.170975
0.169578
0.662
0.662
0.155733
0.662
0.339391
0.662
0.124789
0.0839428
0.662
0.30707
0.662
0.662
0.358095
0.662
0.140069
0.201347
0.297468
0.240866
0.338447
0.248271
0.662
0.172234
0.0995135
0.126666
0.0520518
0.445616
0.116347
0.153731
0.416319
0.662
0.662
0.0515796
0.662
0.423696
0.0772903
0.109513
0.662
0.662
0.662
0.047507
0.662
0.238795
0.353427
0.662
0.662
0.284608
0.467952
0.167713
0.513905
0.489748
0.662
0.205281
0.168823
0.317736
0.176196
0.662
0.662
0.422319
0.34475
0.113582
0.139461
0.234606
0.110213
0.662
0.662
0.0800108
0.662
0.382291
0.454956
0.322394
0.341461
0.183977
0.662
0.523862
0.581343
0.153598
0.662
0.147229
0.107302
0.212077
0.350015
0.275841
0.453961
0.221865
0.222069
0.662
0.662
0.0714273
0.186351
0.328697
0.662
0.0612845
0.45178
0.0999879
0.662
0.183294
0.359539
0.662
0.558628
0.0167479
0.210399
0.0498137
0.509568
0.103051
0.527117
0.662
0.0841139
0.301201
0.163855
0.662
0.264674
0.149294
0.141872
0.167118
0.126117
0.662
0.662
0.242946
0.662
0.662
0.23247
0.662
0.138097
0.179098
0.0153167
0.114115
0.301411
0.204837
0.307091
0.298745
0.0917807
0.629554
0.662
0.662
0.662
0.618839
0.255715
0.485052
0.614304
0.594431
0.295726
0.159957
0.662
0.398872
0.162382
0.0861481
0.391973
0.0892041
0.0787165
0.662
0.0465245
0.475703
0.225828
0.349739
0.490809
0.17943
0.209769
0.203447
0.662
0.263121
0.109312
0.444329
0.456388
0.662
0.204043
0.0624972
0.662
0.607149
0.159649
0.15103
0.292095
0.223793
0.329609
0.662
0.613721
0.173074
0.285458
0.139038
0.662
0.662
0.55367
0.662
0.426041
0.662
0.44665
0.158918
0.0786571
0.318698
0.474347
0.306193
0.0459748
0.439723
0.396168
0.155809
0.0822398
0.443825
0.328294
0.662
0.662
0.662
0.531451
0.268039
0.302068
0.662
0.153951
0.662
0.162486
0.128097
0.18485
0.437445
0.094012
0.292014
0.245988
0.594777
0.468312
0.662
0.245478
0.662
0.662
0.496941
0.173655
0.469731
0.662
0.131445
0.662
0.662
0.320734
0.157896
0.662
0.271403
0.357672
0.662
0.662
0.662
0.49787
0.520222
0.324748
0.662
0.457591
0.126815
0.273575
0.662
0.278665
0.662
0.662
0.278712
0.43423
0.0971584
0.260322
0.149996
0.0709261
0.298282
0.123243
0.116988
0.662
0.330018
0.662
0.662
0.237852
0.662
0.0755744
0.234793
0.167097
0.662
0.662
0.406473
0.417159
0.662
0.219569
0.327391
0.136771
0.0819442
0.00343268
0.136104
0.0983735
0.662
0.0462825
0.135832
0.466098
0.214294
0.0557129
0.662
0.468793
0.662
0.264138
0.283472
0.298102
0.198604
0.105102
0.44914
0.359849
0.202441
0.428637
0.276847
0.210059
0.176492
0.257404
0.263774
0.662
0.374662
0.382932
0.309359
0.662
0.162052
0.662
0.00693966
0.662
0.323167
0.429431
0.19957
0.239926
0.662
0.392034
0.00119461
0.0569533
0.246449
0.512453
0.349758
0.662
0.420685
0.484066
0.662
0.0374543
0.190761
0.117841
0.471237
0.662
0.398309
0.388928
0.150684
0.0530385
0.662
0.451963
0.0942916
0.114341
0.20897
0.484237
0.118753
0.19388
0.662
0.662
0.0339009
0.662
0.0276479
0.115213
0.132789
0.141448
0.470843
0.370424
0.32518
0.662
0.159663
0.662
0.0216336
0.178136
0.00785693
0.137278
0.547217
0.617013
0.24729
0.662
0.316157
0.662
0.0863458
0.662
0.00462711
0.186761
0.581581
0.31405
0.38051
0.273828
0.237969
0.0787233
0.225506
0.0905655
0.662
0.250125
0.600136
0.198142
0.12194
0.0252368
0.0825425
0.570819
0.310102
0.449011
0.662
0.662
0.662
0.592276
0.044753
0.437397
0.0512994
0.222863
0.662
0.662
0.0468312
0.450741
0.662
0.662
0.662
0.662
0.22114
0.109614
0.103458
0.164611
0.662
0.662
0.284769
0.250736
0.468207
0.187981
0.181909
0.345553
0.662
0.471265
0.662
0.662
0.23785
0.662
0.361029
0.378482
0.615679
0.662
0.662
0.662
0.149911
0.662
0.662
0.224265
0.474257
0.00541076
0.662
0.662
0.353351
0.662
0.662
0.349
0.662
0.662
0.512206
0.407322
0.113603
0.145445
0.189411
0.662
0.233183
0.662
0.44448
0.662
0.0827315
0.272409
0.662
0.273186
0.662
0.662
0.0627423
0.662
0.283119
0.662
0.662
0.0435408
0.662
0.662
0.207025
0.0304383
0.113041
0.346767
0.107853
0.265679
0.246738
0.0493209
0.0320146
0.662
0.362078
0.662
0.662
0.367518
0.662
0.469652
0.125122
0.251715
0.206255
0.471154
0.482491
0.358094
0.241322
0.27557
0.662
0.218813
0.662
0.220534
0.0811555
0.236007
0.0908211
0.123275
0.203209
0.173407
0.662
0.113317
0.662
0.02288
0.604458
0.354411
0.0264365
0.662
0.662
0.188037
0.587492
0.662
0.448824
0.200192
0.662
0.662
0.662
0.662
0.521766
0.506142
0.346758
0.121399
0.0981228
0.297811
0.219076
0.662
0.662
0.390753
0.237151
0.269915
0.33558
0.662
0.399932
0.367807
0.166549
0.662
0.662
0.191286
0.269403
0.0296091
0.213147
0.254281
0.662
0.186865
0.293284
0.651864
0.126494
0.414748
0.662
0.00449601
0.662
0.140626
0.662
0.662
0.649499
0.162425
0.662
0.0909808
0.150078
0.662
0.538343
0.662
0.236869
0.662
0.142037
0.114499
0.662
0.495513
0.338404
0.662
0.662
0.662
0.47083
0.0432455
0.315184
0.662
0.165895
0.0946503
0.662
0.361722
0.662
0.662
0.520404
0.19313
0.173341
0.662
0.662
0.217463
0.0533982
0.0134011
0.662
0.332621
0.0795028
0.137907
0.181679
0.0712916
0.25861
0.662
0.509732
0.340721
0.662
0.662
0.0512216
0.662
0.194543
0.662
0.275845
0.183438
0.662
0.662
0.662
0.148374
0.662
0.129155
0.293703
0.297364
0.178098
0.662
0.155193
0.151032
0.0206015
0.662
0.139078
0.662
0.392414
0.54469
0.306411
0.139237
0.22357
0.662
0.186157
0.200398
0.154859
0.153698
0.330549
0.0652971
0.564156
0.397027
0.0639176
0.230769
0.396792
0.0728316
0.267853
0.662
0.366024
0.662
0.662
0.579205
0.662
0.662
0.102224
0.248985
0.392368
0.662
0.662
0.662
0.224357
0.461597
0.250269
0.662
0.145186
0.158083
0.384009
0.662
0.0497058
0.0154703
0.662
0.100312
0.230461
0.662
0.0812284
0.261774
0.662
0.276135
0.126678
0.050194
0.662
0.235941
0.245089
0.363206
0.423152
0.365086
0.462748
0.251929
0.365919
0.218817
0.150172
0.1736
0.158327
0.197751
0.183924
0.662
0.624929
0.00212703
0.248709
0.547869
0.179469
0.267887
0.662
0.293665
0.662
0.662
0.0708381
0.356352
0.429236
0.662
0.12924
0.182212
0.256637
0.042444
0.662
0.662
0.0753097
0.21379
0.341229
0.451122
0.281362
0.444647
0.492849
0.133586
0.115893
0.662
0.352197
0.268252
0.662
0.0929113
0.631309
0.191315
0.569376
0.466485
0.28872
0.185457
0.662
0.0504269
0.662
0.0563133
0.099002
0.662
0.662
0.349251
0.346623
0.240198
0.662
0.662
0.662
0.488987
0.662
0.662
0.295912
0.364821
0.405128
0.266248
0.126358
0.171099
0.19431
0.150727
0.0977432
0.572658
0.0717407
0.460536
0.662
0.662
0.662
0.0110096
0.419957
0.602129
0.46273
0.215424
0.473972
0.414875
0.0736143
0.662
0.138436
0.104024
0.446445
0.56431
0.662
0.662
0.273186
0.111806
0.342559
0.128395
0.662
0.1673
0.662
0.237097
0.0762176
0.315459
0.176943
0.246525
0.301827
0.662
0.18627
0.245975
0.30525
0.662
0.662
0.452834
0.104306
0.190607
0.662
0.111169
0.0711004
0.662
0.662
0.185189
0.144864
0.028856
0.248439
0.662
0.348876
0.662
0.662
0.38351
0.568822
0.662
0.0789735
0.110416
0.662
0.662
0.139686
0.124522
0.329831
0.365916
0.253772
0.662
0.662
0.276829
0.662
0.3915
0.345241
0.298225
0.662
0.662
0.112973
0.26789
0.353691
0.421846
0.128033
0.662
0.10937
0.205882
0.13788
0.106552
0.277804
0.0551838
0.244792
0.179524
0.146626
0.00473697
0.276211
0.376713
0.485111
0.662
0.511299
0.323188
0.662
0.662
0.350372
0.337944
0.336593
0.120325
0.662
0.287603
0.0758928
0.185611
0.662
0.0892192
0.329261
0.0820298
0.0768264
0.165057
0.164835
0.417308
0.662
0.291851
0.283214
0.525721
0.141693
0.0251418
0.413233
0.662
0.291643
0.0822187
0.662
0.141215
0.123687
0.662
0.0262167
0.205368
0.0942162
0.0483571
0.662
0.662
0.662
0.134346
0.0853862
0.662
0.662
0.662
0.511038
0.662
0.194717
0.662
0.662
0.240109
0.326217
0.384367
0.662
0.235625
0.0584915
0.0525227
0.0577283
0.662
0.301422
0.496367
0.0552291
0.662
0.415378
0.189499
0.126749
0.128047
0.105005
0.134103
0.070867
0.375253
0.0154128
0.662
0.662
0.662
0.374437
0.165387
0.346722
0.309368
0.662
0.662
0.411943
0.121332
0.192518
0.662
0.276064
0.180194
0.106958
0.382728
0.597892
0.180992
0.5479
0.662
0.299781
0.326935
0.662
0.662
0.16409
0.504668
0.662
0.662
0.662
0.662
0.289742
0.662
0.298767
0.231121
0.662
0.140568
0.19364
0.217827
0.662
0.0838253
0.228189
0.662
0.325024
0.239398
0.662
0.262268
0.662
0.0857911
0.192532
0.194863
0.208721
0.0799981
0.09747
0.662
0.283354
0.421051
0.662
0.550752
0.662
0.130359
0.418128
0.393991
0.209676
0.571608
0.662
0.160201
0.043618
0.626035
0.55827
0.370791
0.662
0.53295
0.303214
0.077872
0.662
0.157944
0.181549
0.176477
0.404251
0.0893073
0.376194
0.243063
0.0794227
0.245423
0.287682
0.432807
0.212951
0.463117
0.662
0.389924
0.662
0.134612
0.455449
0.662
0.0755571
0.00368014
0.564313
0.25648
0.497496
0.397072
0.300919
0.662
0.419464
0.0881259
0.662
0.152231
0.157583
0.0765362
0.169757
0.0147911
0.602686
0.33931
0.565242
0.0611783
0.662
0.662
0.00374738
0.561922
0.0932854
0.21637
0.336483
0.662
0.27183
0.365102
0.301271
0.662
0.662
0.127102
0.381828
0.302021
0.114978
0.662
0.120675
0.332346
0.622351
0.662
0.662
0.15779
0.25303
0.107297
0.342206
0.662
0.294964
0.475043
0.0283811
0.0871799
0.451
0.116342
0.662
0.444173
0.0197295
0.662
0.0193931
0.283766
0.542502
0.369184
0.0989355
0.662
0.435901
0.343442
0.662
0.542794
0.239138
0.662
0.00962302
0.662
0.0880117
0.143285
0.522258
0.107382
0.662
0.186746
0.158364
0.335364
0.167662
0.331984
0.662
0.119965
0.0494784
0.542063
0.521172
0.217484
0.00456448
0.662
0.121069
0.0975993
0.180028
0.0638698
0.662
0.662
0.179893
0.0897443
0.0800194
0.177382
0.248897
0.662
0.195249
0.0376459
0.572762
0.163207
0.459884
0.124375
0.167282
0.662
0.662
0.450185
0.381882
0.193851
0.223019
0.262058
0.662
0.164811
0.662
0.662
0.496306
0.662
0.662
0.152408
0.446424
0.0194069
0.662
0.0350463
0.662
0.318811
0.112333
0.371517
0.47168
0.118695
0.662
0.448216
0.0637068
0.469134
0.662
0.662
0.412084
0.125856
0.0858664
0.662
0.230618
0.0573591
0.486282
0.485452
0.662
0.4083
0.195658
0.168375
0.0737949
0.0609585
0.222235
0.270335
0.189796
0.662
0.396802
0.262256
0.662
0.2267
0.367083
0.662
0.450116
0.545963
0.531413
0.20071
0.662
0.252732
0.366434
0.60728
0.662
0.662
0.327678
0.445641
0.356476
0.524235
0.2226
0.11634
0.428154
0.1307
0.662
0.437658
0.114341
0.100897
0.662
0.0255713
0.662
0.322151
0.662
0.662
0.145867
0.662
0.190804
0.662
0.215906
0.329619
0.0536508
0.4201
0.535665
0.662
0.57784
0.662
0.321889
0.662
0.662
0.662
0.38351
0.409796
0.296719
0.497013
0.468111
0.182893
0.382233
0.187651
0.198901
0.662
0.109084
0.104832
0.451922
0.662
0.309978
0.0920854
0.662
0.0181053
0.662
0.59298
0.260534
0.0300049
0.662
0.192641
0.662
0.416561
0.158126
0.662
0.662
0.197663
0.662
0.398343
0.258732
0.203457
0.662
0.290179
0.0748723
0.662
0.116219
0.662
0.463718
0.406472
0.202521
0.563742
0.0231036
0.662
0.357147
0.662
0.662
0.559992
0.468352
0.662
0.279158
0.460638
0.0766831
0.0738001
0.087903
0.115574
0.0771972
0.662
0.662
0.182654
0.402054
0.227888
0.298872
0.662
0.662
0.662
0.415011
0.396438
0.662
0.662
0.662
0.355079
0.132352
0.662
0.201773
0.468889
0.0582689
0.662
0.294066
0.277173
0.27453
0.239944
0.233524
0.395204
0.131481
0.142002
0.662
0.0885558
0.396628
0.252196
0.351044
0.391478
0.144256
0.374561
0.528838
0.662
0.662
0.480375
0.662
0.152318
0.411921
0.263814
0.269948
0.496158
0.418728
0.662
0.0723827
0.662
0.141364
0.200988
0.267452
0.0909934
0.305039
0.305892
0.199831
0.11427
0.0469543
0.662
0.262462
0.180262
0.447183
0.465724
0.10612
0.273221
0.132729
0.662
0.252781
0.197424
0.662
0.0235853
0.0224157
0.662
0.547053
0.0257466
0.301403
0.305295
0.662
0.662
0.13308
0.662
0.662
0.0220217
0.429267
0.306035
0.142568
0.224901
0.662
0.392098
0.662
0.199138
0.0773855
0.33892
0.0560499
0.238961
0.237582
0.193734
0.302257
0.0721706
0.0491886
0.662
0.141785
0.305362
0.182257
0.465972
0.308837
0.447341
0.662
0.260649
0.662
0.430269
0.0571027
0.658004
0.662
0.118721
0.308377
0.662
0.23187
0.387268
0.662
0.662
0.341323
0.662
0.662
0.20335
0.287511
0.1813
0.662
0.168699
0.662
0.24452
0.22601
0.662
0.191479
0.662
0.0202626
0.106732
0.114275
0.662
0.0439947
0.285329
0.662
0.0870376
0.662
0.662
0.662
0.517275
0.662
0.359424
0.539668
0.469938
0.480886
0.411337
0.136448
0.212837
0.393945
0.662
0.662
0.188325
0.0458437
0.376796
0.57385
0.00081613
0.257108
0.0915113
0.329283
0.0225136
0.224958
0.662
0.662
0.272244
0.215788
0.0913816
0.662
0.464619
0.662
0.662
0.2416
0.662
0.409916
0.11253
0.144502
0.0977314
0.662
0.237748
0.0542207
0.239073
0.194196
0.399112
0.662
0.292197
0.662
0.203129
0.126319
0.225569
0.662
0.662
0.222762
0.208776
0.473399
0.176651
0.188403
0.332315
0.307071
0.662
0.662
0.662
0.497616
0.567908
0.0920828
0.233384
0.292658
0.288617
0.0497655
0.662
0.324734
0.662
0.334834
0.288405
0.154024
0.00565721
0.662
0.662
0.0872944
0.662
0.100896
0.150817
0.184724
0.0529003
0.233468
0.320066
0.268791
0.537536
0.662
0.662
0.202104
0.452222
0.252754
0.0258864
0.225747
0.460077
0.10333
0.425081
0.662
0.662
0.379808
0.171584
0.662
0.430214
0.662
0.188347
0.096101
0.273842
0.662
0.403851
0.381523
0.662
0.415121
0.45405
0.272797
0.457597
0.429442
0.0268231
0.662
0.285921
0.662
0.185326
0.662
0.459231
0.662
0.662
0.234153
0.199339
0.662
0.218941
0.0764124
0.456002
0.662
0.397246
0.160315
0.662
0.63725
0.267882
0.662
0.0274132
0.0876737
0.662
0.662
0.0398121
0.615357
0.50409
0.0385155
0.172552
0.332924
0.167675
0.662
0.318143
0.365501
0.297993
0.662
0.373256
0.447652
0.432731
0.662
0.169904
0.132252
0.157476
0.121895
0.19532
0.662
0.662
0.662
0.323124
0.662
0.662
0.662
0.39567
0.171297
0.212828
0.496665
0.148209
0.150838
0.230153
0.371331
0.662
0.662
0.662
0.347344
0.662
0.662
0.0642178
0.0461652
0.662
0.268722
0.280623
0.133018
0.235351
0.522142
0.662
0.662
0.159316
0.457746
0.238662
0.196857
0.319437
0.159774
0.140692
0.150958
0.204408
0.291447
0.227643
0.0905319
0.366733
0.466631
0.662
0.257884
0.407943
0.241569
0.301449
0.662
0.0799377
0.662
0.29421
0.0899378
0.146791
0.662
0.662
0.576589
0.272883
0.551456
0.349004
0.386769
0.220307
0.444388
0.407623
0.029056
0.210038
0.59539
0.107785
0.173364
0.335568
0.662
0.331206
0.662
0.48126
0.208477
0.182004
0.435968
0.662
0.248592
0.12022
0.160497
0.272336
0.662
0.0246948
0.0936505
0.662
0.0551448
0.662
0.471963
0.260939
0.356191
0.149752
0.662
0.662
0.506823
0.0562332
0.300173
0.44773
0.360859
0.326455
0.304613
0.219527
0.521015
0.662
0.447223
0.177155
0.436621
0.0333674
0.345633
0.392235
0.662
0.662
0.662
0.157599
0.132013
0.496735
0.463508
0.662
0.208566
0.454757
0.662
0.443242
0.214137
0.662
0.157253
0.201112
0.206913
0.217678
0.107426
0.283949
0.206312
0.0451992
0.0718893
0.0680332
0.384401
0.662
0.18995
0.662
0.584062
0.409689
0.662
0.0776206
0.662
0.330135
0.360949
0.283999
0.662
0.662
0.399714
0.208641
0.326721
0.315996
0.462545
0.0915908
0.174282
0.25527
0.450327
0.141456
0.0643443
0.347826
0.0780092
0.662
0.559674
0.132223
0.662
0.662
0.185638
0.662
0.05295
0.171285
0.335069
0.662
0.139367
0.472755
0.244884
0.245883
0.273096
0.519247
0.383261
0.662
0.662
0.356264
0.195596
0.419968
0.444576
0.170571
0.269497
0.662
0.122033
0.662
0.208134
0.489548
0.141132
0.662
0.429921
0.276663
0.662
0.662
0.0246873
0.358301
0.662
0.357057
0.283845
0.353422
0.268098
0.00965628
0.159918
0.111342
0.233972
0.340439
0.271199
0.147379
0.546106
0.129178
0.205532
0.189452
0.662
0.223194
0.424606
0.662
0.662
0.662
0.487154
0.211575
0.662
0.662
0.17643
0.662
0.662
0.662
0.277073
0.515209
0.320006
0.662
0.206627
0.413006
0.137751
0.184875
0.662
0.448434
0.100886
0.375695
0.662
0.253252
0.195581
0.39022
0.196097
0.109653
0.216311
0.565487
0.662
0.441476
0.662
0.168651
0.55659
0.662
0.119662
0.195133
0.662
0.195349
0.203976
0.246338
0.662
0.662
0.177541
0.290609
0.233915
0.393592
0.0737804
0.662
0.662
0.374194
0.467054
0.662
0.187897
0.0837286
0.186935
0.276701
0.495507
0.227625
0.662
0.662
0.662
0.194727
0.157056
0.328981
0.662
0.662
0.662
0.0689649
0.151327
0.513831
0.381572
0.662
0.0571878
0.240954
0.218597
0.0936377
0.650917
0.0894905
0.662
0.0678775
0.304448
0.662
0.662
0.463992
0.164447
0.424489
0.662
0.286682
0.662
0.662
0.156459
0.32395
0.383862
0.189845
0.662
0.297261
0.0714374
0.183661
0.337975
0.333013
0.135275
0.328675
0.662
0.662
0.212903
0.662
0.662
0.0264099
0.0190032
0.587159
0.0511164
0.0138333
0.470064
0.472924
0.0799728
0.662
0.310862
0.662
0.662
0.662
0.385728
0.662
0.2463
0.662
0.662
0.662
0.460711
0.0794719
0.0270322
0.662
0.0518063
0.353053
0.319184
0.662
0.0921513
0.662
0.662
0.344643
0.0493627
0.243918
0.364909
0.281187
0.175086
0.476525
0.136802
0.557214
0.197423
0.24378
0.312876
0.41535
0.409074
0.662
0.268141
0.662
0.509313
0.409887
0.323457
0.137593
0.225776
0.662
0.130528
0.433205
0.100626
0.662
0.383796
0.179766
0.432919
0.0901462
0.172766
0.662
0.173958
0.662
0.310259
0.429274
0.662
0.397702
0.0773569
0.662
0.320103
0.212003
0.560783
0.342094
0.327181
0.0349831
0.141128
0.136845
0.662
0.368586
0.0738028
0.351091
0.662
0.662
0.188273
0.662
0.238369
0.441907
0.110566
0.256678
0.25997
0.210339
0.632024
0.310114
0.0820563
0.662
0.662
0.30585
0.021356
0.0299149
0.480958
0.662
0.406037
0.132849
0.46775
0.267842
0.343641
0.14089
0.662
0.50363
0.0537803
0.662
0.662
0.386645
0.328454
0.147252
0.662
0.662
0.285654
0.662
0.219969
0.240375
0.662
0.25228
0.10551
0.662
0.145391
0.250677
0.662
0.034412
0.164682
0.101884
0.23705
0.662
0.662
0.662
0.133798
0.104643
0.284505
0.210403
0.398639
0.662
0.262528
0.662
0.292399
0.6086
0.540988
0.462508
0.662
0.198687
0.208306
0.150458
0.469474
0.137543
0.662
0.662
0.110039
0.662
0.332586
0.662
0.268066
0.0815781
0.662
0.662
0.662
0.662
0.0717144
0.607646
0.432266
0.0728732
0.225142
0.319799
0.662
0.199763
0.662
0.662
0.0498464
0.300888
0.662
0.0320777
0.303784
0.218608
0.0408702
0.267604
0.197867
0.203607
0.136139
0.179283
0.332813
0.12156
0.136303
0.146976
0.0772459
0.452231
0.662
0.662
0.394611
0.137676
0.0631668
0.024326
0.662
0.27831
0.662
0.468336
0.662
0.199652
0.15159
0.279557
0.0724
0.662
0.371055
0.0352433
0.662
0.662
0.139006
0.279974
0.662
0.662
0.068025
0.662
0.215891
0.12987
0.399978
0.126616
0.101004
0.662
0.527305
0.662
0.162469
0.662
0.662
0.233153
0.408094
0.273209
0.197865
0.102055
0.475334
0.662
0.1116
0.453068
0.167012
0.264676
0.323915
0.306661
0.662
0.662
0.662
0.662
0.106069
0.417856
0.662
0.073911
0.662
0.662
0.662
0.299228
0.0490451
0.136911
0.147016
0.421358
0.0703404
0.304605
0.140145
0.3538
0.35932
0.662
0.117297
0.121136
0.155736
0.474434
0.189513
0.662
0.662
0.12069
0.0502786
0.662
0.64502
0.662
0.662
0.662
0.23109
0.106671
0.662
0.248573
0.108208
0.0431258
0.127126
0.125015
0.245754
0.662
0.363125
0.122898
0.162953
0.490623
0.191012
0.363598
0.305363
0.108545
0.538911
0.662
0.186018
0.662
0.356589
0.507127
0.201205
0.662
0.335667
0.171255
0.282697
0.143212
0.662
0.247088
0.0521799
0.177559
0.1365
0.662
0.173982
0.204723
0.662
0.45042
0.20192
0.662
0.662
0.0125414
0.662
0.662
0.165722
0.662
0.535146
0.662
0.662
0.662
0.143696
0.334008
0.298864
0.49252
0.27624
0.662
0.662
0.662
0.224088
0.662
0.179178
0.662
0.662
0.662
0.600637
0.0576019
0.140684
0.662
0.662
0.343453
0.307462
0.201305
0.338501
0.0827486
0.0696303
0.662
0.143766
0.400207
0.218446
0.277099
0.0486781
0.402712
0.441557
0.140352
0.662
0.252709
0.25638
0.275714
0.294853
0.130762
0.0472166
0.142822
0.516215
0.662
0.662
0.146206
0.662
0.463663
0.662
0.662
0.443451
0.0715673
0.195367
0.417816
0.662
0.2023
0.0754223
0.662
0.662
0.662
0.585573
0.224542
0.416979
0.30741
0.0790219
0.662
0.117296
0.208353
0.0505725
0.662
0.173871
0.536499
0.434481
0.647382
0.662
0.204009
0.233297
0.148126
0.662
0.459142
0.217101
0.662
0.109558
0.448268
0.662
0.662
0.662
0.195005
0.662
0.662
0.369976
0.142203
0.101969
0.142983
0.662
0.398152
0.662
0.5176
0.00479093
0.487363
0.662
0.628123
0.1848
0.662
0.407596
0.662
0.0121258
0.343661
0.662
0.148239
0.662
0.143161
0.456652
0.0729674
0.662
0.0699545
0.662
0.0883169
0.662
0.124466
0.31915
0.101275
0.418453
0.261878
0.662
0.0245541
0.662
0.662
0.662
0.662
0.0317179
0.662
0.662
0.148863
0.259437
0.662
0.0279999
0.662
0.375804
0.662
0.662
0.150161
0.495928
0.54441
0.662
0.301813
0.139451
0.662
0.662
0.394999
0.662
0.662
0.144607
0.114737
0.100325
0.492158
0.450255
0.485674
0.343184
0.1021
0.662
0.250991
0.234304
0.662
0.167678
0.314516
0.662
0.662
0.662
0.350578
0.662
0.471708
0.662
0.662
0.662
0.4758
0.132329
0.662
0.662
0.662
0.0586222
0.0645062
0.189208
0.132824
0.395425
0.147205
0.0303141
0.662
0.0686271
0.662
0.226804
0.662
0.662
0.662
0.309802
0.662
0.453579
0.387561
0.242233
0.189197
0.278184
0.0761397
0.16896
0.0178897
0.255032
0.26904
0.100378
0.326342
0.238965
0.181668
0.426866
0.662
0.662
0.0732678
0.018447
0.0842174
0.416536
0.106115
0.11366
0.258413
0.114041
0.498466
0.662
0.662
0.662
0.576609
0.662
0.236744
0.165437
0.662
0.662
0.662
0.469836
0.0423611
0.166981
0.633391
0.662
0.188932
0.662
0.342241
0.662
0.375264
0.336874
0.185725
0.0840984
0.662
0.189576
0.662
0.131443
0.662
0.268742
0.662
0.662
0.237309
0.13418
0.537304
0.662
0.437744
0.135216
0.662
0.297124
0.662
0.494904
0.662
0.662
0.662
0.0494901
0.4345
0.200076
0.400361
0.265395
0.231979
0.288646
0.111558
0.485858
0.662
0.161155
0.662
0.514376
0.662
0.662
0.389124
0.206661
0.662
0.436992
0.188809
0.523526
0.662
0.410318
0.639161
0.508856
0.0341278
0.662
0.14649
0.140984
0.252464
0.154619
0.662
0.0177721
0.142436
0.416623
0.662
0.226525
0.100377
0.227382
0.457116
0.503837
0.326095
0.662
0.662
0.103249
0.27207
0.240936
0.662
0.662
0.662
0.399761
0.104433
0.133765
0.209829
0.592659
0.662
0.0842382
0.199963
0.573921
0.090346
0.156444
0.132964
0.109728
0.246362
0.064836
0.370201
0.252358
0.662
0.313109
0.370487
0.0888355
0.0721143
0.291906
0.662
0.662
0.662
0.0888872
0.548614
0.662
0.0256365
0.025031
0.367253
0.198228
0.0914134
0.20179
0.662
0.0242434
0.391387
0.326261
0.134138
0.305996
0.662
0.662
0.287968
0.408596
0.662
0.149644
0.662
0.662
0.330886
0.0823469
0.662
0.212865
0.133825
0.662
0.0921949
0.0378205
0.267833
0.662
0.0766448
0.407312
0.214706
0.220853
0.662
0.662
0.0989369
0.236427
0.263239
0.662
0.662
0.594391
0.451573
0.199994
0.286591
0.231848
0.379026
0.662
0.662
0.662
0.16883
0.662
0.662
0.160778
0.662
0.137327
0.196069
0.662
0.314116
0.467372
0.662
0.662
0.155176
0.132898
0.662
0.0309807
0.311636
0.355166
0.165699
0.662
0.662
0.662
0.156586
0.34702
0.138492
0.0798213
0.304623
0.483342
0.662
0.662
0.525144
0.249216
0.0911392
0.25703
0.662
0.152068
0.662
0.0631596
0.192756
0.662
0.429116
0.0646518
0.276225
0.39608
0.174947
0.662
0.662
0.626394
0.139245
0.351576
0.662
0.171856
0.34342
0.248694
0.457832
0.0895145
0.662
0.395309
0.532575
0.0639033
0.585344
0.262929
0.554007
0.440033
0.662
0.656107
0.662
0.662
0.199959
0.416102
0.043315
0.0929846
0.662
0.0593678
0.369638
0.662
0.287037
0.339886
0.339564
0.319687
0.662
0.179958
0.0619323
0.229562
0.516294
0.466741
0.662
0.662
0.590031
0.0908092
0.346413
0.247749
0.662
0.238899
0.124871
0.312863
0.662
0.662
0.662
0.273436
