0.137261
0.147395
0.309269
0.367816
0.387452
0.09206
0.382186
0.14886
0.268532
0.662
0.294766
0.662
0.336245
0.21799
0.245403
0.370973
0.140329
0.0474672
0.109652
0.0976211
0.251546
0.0597596
0.514778
0.412058
0.297075
0.383197
0.0322768
0.346947
0.312466
0.141319
0.529019
0.57561
0.225815
0.391913
0.0929822
0.204404
0.209181
0.00983219
0.0891338
0.0850932
0.382235
0.193718
0.598098
0.213827
0.662
0.213262
0.662
0.43381
0.0699766
0.379024
0.551106
0.476257
0.0731789
0.0920513
0.616033
0.191382
0.131636
0.156255
0.144863
0.612149
0.294493
0.662
0.662
0.0704376
0.589618
0.0859422
0.105179
0.662
0.662
0.141007
0.358021
0.366734
0.626066
0.343275
0.662
0.116707
0.403203
0.339533
0.270036
0.108763
0.318624
0.604634
0.0549355
0.569334
0.21616
0.662
0.0856658
0.662
0.511432
0.188342
0.433621
0.0246356
0.468439
0.263798
0.112591
0.21804
0.0550562
0.318913
0.256036
0.564131
0.662
0.578253
0.662
0.466438
0.123906
0.16063
0.662
0.172365
0.443403
0.40082
0.180346
0.662
0.662
0.487978
0.24445
0.662
0.0312819
0.254791
0.0319555
0.227292
0.47566
0.662
0.358328
0.187123
0.645327
0.520372
0.188806
0.575082
0.177103
0.498317
0.314427
0.277858
0.450547
0.149222
0.226084
0.357565
0.55388
0.349098
0.15618
0.410882
0.290979
0.662
0.19396
0.662
0.236102
0.311065
0.662
0.445673
0.270622
0.0623828
0.571661
0.0167594
0.587327
0.409724
0.362948
0.0172281
0.250437
0.149688
0.629385
0.45876
0.456402
0.499647
0.117547
0.039771
0.588014
0.615873
0.200083
0.50129
0.0946334
0.19491
0.191671
0.134109
0.261853
0.19928
0.662
0.156015
0.16284
0.405025
0.0650848
0.178476
0.662
0.0873037
0.606089
0.662
0.104451
0.2567
0.478113
0.612003
0.520629
0.110134
0.152656
0.283875
0.242416
0.662
0.0450313
0.203146
0.342786
0.0766003
0.137854
0.311706
0.654803
0.341778
0.662
0.100332
0.0423168
0.481908
0.469382
0.152963
0.662
0.190329
0.662
0.0523589
0.202846
0.131266
0.188787
0.0277972
0.202393
0.662
0.216707
0.29795
0.662
0.662
0.34021
0.193662
0.132603
0.662
0.456507
0.662
0.385666
0.302312
0.435498
0.334879
0.431233
0.358457
0.102133
0.351692
0.222906
0.154663
0.662
0.405465
0.408859
0.130214
0.584796
0.419708
0.319166
0.129881
0.0441578
0.457109
0.662
0.662
0.249271
0.140583
0.662
0.201666
0.38097
0.361865
0.21592
0.662
0.0596117
0.0243104
0.662
0.428109
0.197424
0.662
0.276389
0.301034
0.388248
0.320901
0.0974246
0.656309
0.243341
0.237012
0.396823
0.145541
0.662
0.334722
0.532921
0.0180186
0.194662
0.631157
0.184884
0.662
0.281449
0.662
0.162126
0.662
0.662
0.662
0.200513
0.0946997
0.1649
0.205633
0.0582155
0.0907181
0.371311
0.248166
0.662
0.165566
0.423841
0.0340556
0.0484708
0.0691932
0.46121
0.151808
0.276355
0.0981579
0.586326
0.408851
0.275861
0.153746
0.324291
0.26932
0.151177
0.180133
0.662
0.662
0.277396
0.13891
0.462953
0.428947
0.662
0.252274
0.155655
0.561205
0.00543554
0.198199
0.196322
0.596239
0.0862244
0.0984345
0.366256
0.10681
0.399691
0.0646255
0.216976
0.332847
0.0720968
0.248019
0.459984
0.645459
0.662
0.26843
0.217606
0.0478585
0.515127
0.378643
0.657814
0.662
0.133585
0.376657
0.213551
0.392657
0.149416
0.0308755
0.035682
0.0470603
0.297327
0.284824
0.123538
0.183858
0.205251
0.0156877
0.110856
0.238334
0.470096
0.659286
0.662
0.132476
0.580453
0.191787
0.47165
0.169338
0.00223307
0.210881
0.452593
0.150525
0.0564943
0.208321
0.551657
0.314915
0.132522
0.587197
0.177967
0.218712
0.662
0.0737316
0.28008
0.26285
0.0351973
0.0592489
0.400658
0.323454
0.138756
0.628497
0.662
0.198967
0.108156
0.440998
0.0981013
0.124532
0.395043
0.46058
0.120161
0.442372
0.079122
0.0534396
0.100613
0.136809
0.662
0.662
0.227928
0.0194569
0.0615042
0.662
0.0915112
0.339133
0.268577
0.0622818
0.185148
0.165071
0.662
0.246012
0.134609
0.463147
0.0444304
0.261817
0.662
0.38059
0.401657
0.640996
0.197357
0.662
0.662
0.229901
0.210447
0.0399122
0.104958
0.647994
0.0585159
0.0883871
0.198216
0.662
0.662
0.0482265
0.662
0.202079
0.0417359
0.17542
0.662
0.248463
0.109901
0.213834
0.328918
0.543077
0.208948
0.255469
0.0973774
0.478242
0.662
0.662
0.619898
0.641819
0.662
0.228536
0.191437
0.223922
0.621388
0.662
0.206813
0.112694
0.662
0.282472
0.662
0.127005
0.125352
0.494575
0.609365
0.283765
0.662
0.0660147
0.458627
0.0772137
0.139903
0.662
0.5231
0.475683
0.409944
0.662
0.461924
0.387216
0.650225
0.144157
0.401209
0.40662
0.662
0.452762
0.510423
0.662
0.105087
0.36736
0.545952
0.292496
0.311479
0.176383
0.076625
0.491829
0.0889079
0.222771
0.0966032
0.662
0.172722
0.662
0.662
0.247229
0.243301
0.217433
0.662
0.19358
0.438952
0.583308
0.565271
0.48482
0.190271
0.280154
0.0946016
0.460983
0.091775
0.662
0.185929
0.662
0.257248
0.416667
0.662
0.315428
0.0485884
0.662
0.299267
0.61386
0.49756
0.225526
0.462339
0.14947
0.255913
0.0944611
0.662
0.0822998
0.662
0.556377
0.054884
0.48199
0.298895
0.427796
0.180104
0.357472
0.600899
0.0822021
0.318572
0.662
0.205729
0.187345
0.662
0.15852
0.662
0.660683
0.133882
0.170825
0.269974
0.162829
0.279167
0.045878
0.286946
0.309742
0.172218
0.315959
0.315111
0.662
0.662
0.115906
0.662
0.0732206
0.26479
0.129289
0.0475215
0.190814
0.262925
0.662
0.103821
0.0223857
0.0887071
0.405994
0.0155311
0.187043
0.271847
0.334749
0.500561
0.0522894
0.243617
0.662
0.0793798
0.662
0.498141
0.662
0.30541
0.332598
0.662
0.662
0.108818
0.110823
0.16401
0.395677
0.252364
0.520248
0.474492
0.259781
0.307339
0.0247996
0.442022
0.641161
0.662
0.111466
0.271876
0.662
0.654436
0.662
0.609849
0.261858
0.582028
0.661033
0.0539493
0.636195
0.126635
0.134031
0.0546924
0.0433755
0.0923974
0.353228
0.617672
0.0419454
0.366029
0.662
0.425328
0.307378
0.234213
0.0601731
0.648761
0.397157
0.662
0.426141
0.662
0.45358
0.0327068
0.557999
0.0582103
0.0997955
0.662
0.222636
0.622318
0.538473
0.338783
0.267482
0.129248
0.418784
0.662
0.444803
0.032961
0.662
0.153629
0.251114
0.062812
0.401733
0.662
6.70213e-05
0.354812
0.397392
0.662
0.175487
0.383329
0.139305
0.542352
0.637539
0.662
0.205555
0.161975
0.227578
0.397696
0.284502
0.331017
0.637031
0.662
0.509438
0.166444
0.536381
0.282217
0.662
0.482031
0.430608
0.662
0.042772
0.339255
0.224393
0.180057
0.662
0.662
0.215017
0.182588
0.0474769
0.168707
0.662
0.356795
0.138095
0.202333
0.266205
0.236925
0.247571
0.334146
0.136022
0.29641
0.267928
0.434749
0.588438
0.387435
0.519831
0.662
0.037497
0.662
0.662
0.525282
0.244209
0.203879
0.469284
0.401767
0.662
0.646536
0.662
0.133942
0.15155
0.575177
0.628982
0.137137
0.514678
0.226473
0.0348221
0.530207
0.412262
0.662
0.662
0.662
0.569018
0.0981248
0.662
0.10744
0.431868
0.237103
0.176169
0.662
0.22599
0.0396996
0.148714
0.0476734
0.597491
0.338734
0.391557
0.569739
0.117659
0.213894
0.280286
0.0568824
0.337341
0.662
0.138817
0.662
0.228796
0.435959
0.295854
0.417953
0.0443935
0.104415
0.107309
0.291129
0.336854
0.140925
0.56098
0.662
0.651363
0.117462
0.404515
0.389929
0.145626
0.176066
0.0917998
0.335277
0.637281
0.276501
0.324528
0.662
0.242887
0.517124
0.137578
0.0911811
0.662
0.0772601
0.189799
0.448551
0.319677
0.193692
0.662
0.313762
0.420068
0.256255
0.597181
0.126219
0.605795
0.662
0.241633
0.309446
0.662
0.218657
0.265827
0.322597
0.123354
0.116203
0.117634
0.0520283
0.226584
0.157626
0.206595
0.425697
0.481594
0.0986635
0.453951
0.0837024
0.200937
0.182259
0.662
0.119219
0.662
0.656614
0.317493
0.431095
0.0427369
0.412738
0.138129
0.152717
0.508715
0.224263
0.140042
0.513374
0.662
0.290412
0.0878024
0.152973
0.510486
0.194573
0.199241
0.65071
0.586249
0.055994
0.00982589
0.153787
0.244004
0.606377
0.42561
0.204399
0.50915
0.195175
0.46173
0.0568167
0.119569
0.264491
0.305126
0.0885697
0.16147
0.426545
0.662
0.366372
0.347882
0.102706
0.274804
0.662
0.476634
0.394898
0.53829
0.428722
0.662
0.139893
0.125789
0.39659
0.256853
0.396404
0.377036
0.265489
0.553557
0.244338
0.478446
0.662
0.283745
0.0615174
0.458175
0.0432221
0.219414
0.334485
0.124519
0.101146
0.241616
0.194887
0.662
0.178115
0.0619041
0.636007
0.326723
0.662
0.166463
0.0867648
0.662
0.16346
0.169596
0.287674
0.126265
0.262687
0.117675
0.111853
0.077313
0.160477
0.490622
0.662
0.401147
0.10958
0.114389
0.0926907
0.108754
0.492095
0.662
0.272305
0.521372
0.267816
0.662
0.192953
0.126085
0.124285
0.117041
0.121954
0.662
0.0744154
0.466482
0.243126
0.654694
0.408668
0.662
0.313958
0.210827
0.532966
0.178255
0.068969
0.193258
0.0205185
0.257735
0.384236
0.662
0.0188327
0.474313
0.0264286
0.457852
0.282765
0.122565
0.128762
0.325313
0.213264
0.343429
0.0120799
0.213764
0.318928
0.316648
0.662
0.0949067
0.107766
0.120833
0.583767
0.601022
0.465508
0.662
0.458638
0.0843063
0.431097
0.308371
0.0289724
0.545611
0.0894393
0.662
0.662
0.662
0.201605
0.5692
0.11587
0.511283
0.162774
0.400334
0.104859
0.124846
0.00528078
0.214507
0.100627
0.145523
0.12128
0.568297
0.103724
0.193847
0.196066
0.0376757
0.662
0.226172
0.125204
0.186236
0.622341
0.0294787
0.662
0.0423302
0.0395572
0.442515
0.540377
0.244762
0.0887448
0.00488837
0.166874
0.0930165
0.549153
0.662
0.662
0.234957
0.0649322
0.662
0.0709054
0.0519141
0.43118
0.0116657
0.662
0.662
0.355196
0.339806
0.471058
0.288263
0.662
0.583548
0.259455
0.210274
0.595358
0.362225
0.662
0.662
0.509263
0.535527
0.580995
0.449939
0.473091
0.126244
0.587307
0.662
0.131153
0.491133
0.662
0.132421
0.20412
0.124205
0.247197
0.485338
0.589891
0.212874
0.169952
0.174802
0.355299
0.662
0.274402
0.103472
0.036007
0.131151
0.394366
0.0682576
0.331385
0.269003
0.401773
0.118705
0.662
0.377233
0.188963
0.260277
0.167317
0.16689
0.31329
0.332938
0.139473
0.0873109
0.355438
0.339834
0.662
0.0632031
0.0970662
0.00364283
0.408074
0.418163
0.244312
0.397484
0.0793537
0.659701
0.0614793
0.375087
0.662
0.201743
0.214569
0.22065
0.261183
0.184915
0.177255
0.34517
0.651337
0.0681153
0.0808063
0.122458
0.14007
0.185941
0.068172
0.246816
0.101979
0.0564046
0.662
0.567382
0.662
0.355932
0.117234
0.0313412
0.148983
0.249764
0.344927
0.162625
0.629563
0.0860306
0.198047
0.440641
0.662
0.240154
0.12969
0.153057
0.448227
0.647639
0.644395
0.265145
0.368837
0.193478
0.141718
0.662
0.151697
0.103215
0.556335
0.446982
0.112726
0.211042
0.662
0.0935037
0.270515
0.48895
0.0830873
0.662
0.662
0.349724
0.132204
0.127142
0.662
0.413774
0.403494
0.335673
0.284726
0.114268
0.1616
0.124918
0.0690969
0.134465
0.215352
0.215482
0.0906912
0.10862
0.191368
0.270981
0.322785
0.261933
0.115721
0.528212
0.662
0.504673
0.169165
0.204535
0.159751
0.180368
0.158866
0.662
0.217229
0.127604
0.127592
0.26551
0.42494
0.0646801
0.227947
0.143466
0.232707
0.185746
0.662
0.46786
0.318752
0.022869
0.198481
0.288356
0.662
0.662
0.437501
0.662
0.143041
0.321348
0.00646173
0.597756
0.134356
0.662
0.240604
0.662
0.544161
0.662
0.255253
0.0412616
0.206622
0.257168
0.267724
0.0996625
0.365006
0.157247
0.00496771
0.235336
0.0888571
0.252563
0.662
0.442671
0.301656
0.0161146
0.0232654
0.19418
0.0812092
0.231122
0.111587
0.0680067
0.146585
0.542553
0.662
0.179124
0.511281
0.137517
0.0726479
0.662
0.662
0.44763
0.275304
0.426964
0.662
0.442182
0.662
0.413806
0.662
0.122815
0.330539
0.401569
0.111971
0.0347104
0.365663
0.195564
0.3126
0.433545
0.478132
0.0757928
0.15062
0.055309
0.186563
0.227819
0.272547
0.14869
0.105134
0.535087
0.0675609
0.325518
0.163349
0.662
0.662
0.154572
0.135415
0.327399
0.366063
0.662
0.185128
0.649614
0.0999856
0.108659
0.269515
0.505689
0.164029
0.19576
0.650942
0.443679
0.662
0.255565
0.0926693
0.225682
0.0749566
0.045543
0.213586
0.662
0.202004
0.399463
0.0888843
0.428143
0.257716
0.572261
0.188111
0.339721
0.398281
0.244212
0.153185
0.662
0.118735
0.104894
0.662
0.256636
0.623853
0.0930822
0.256718
0.130322
0.0794038
0.0594525
0.2713
0.108509
0.284804
0.34229
0.0486823
0.151105
0.235123
0.163226
0.103001
0.575156
0.276667
0.487854
0.273987
0.135101
0.274372
0.510343
0.0637231
0.303576
0.128849
0.0744353
0.631678
0.187201
0.662
0.121918
0.567024
0.313093
0.200642
0.325381
0.304769
0.0814768
0.662
0.3636
0.385198
0.586439
0.195301
0.304529
0.0386236
0.662
0.662
0.454289
0.0878116
0.474364
0.0780112
0.0491886
0.0586153
0.0711989
0.139353
0.165808
0.0791501
0.196752
0.222786
0.290724
0.309883
0.662
0.188351
0.349551
0.363549
0.2988
0.180247
0.194489
0.183305
0.0489699
0.284762
0.662
0.232555
0.662
0.00645397
0.662
0.111201
0.431775
0.209859
