0.214901
0.345341
0.0694567
0.430562
0.0956374
0.413604
0.662
0.144154
0.116534
0.281248
0.662
0.139293
0.662
0.662
0.662
0.0878798
0.258891
0.0963331
0.168469
0.339176
0.662
0.662
0.367222
0.4433
0.662
0.662
0.29951
0.614731
0.00954927
0.0961535
0.0462909
0.662
0.179657
0.0292444
0.0462007
0.662
0.267856
0.436748
0.146046
0.52393
0.0231084
0.452374
0.662
0.214818
0.370622
0.192282
0.662
0.662
0.177438
0.166651
0.634055
0.498435
0.662
0.0839928
0.406722
0.382234
0.38221
0.662
0.202862
0.217834
0.662
0.186528
0.0688678
0.237819
0.141239
0.218935
0.571343
0.376527
0.055779
0.426786
0.209749
0.134726
0.235825
0.644308
0.319565
0.433808
0.300277
0.0856297
0.233048
0.50009
0.253749
0.523776
0.0154611
0.216885
0.0630865
0.0893668
0.662
0.662
0.0723352
0.378259
0.623865
0.191599
0.408075
0.172187
0.662
0.0795233
0.23494
0.0758444
0.255676
0.496823
0.190624
0.17219
0.662
0.662
0.246821
0.0352921
0.210926
0.662
0.109495
0.662
0.662
0.1763
0.662
0.488023
0.452854
0.113098
0.228851
0.662
0.662
0.610853
0.23037
0.239647
0.645858
0.252968
0.221075
0.412352
0.0448271
0.662
0.10979
0.344823
0.0659215
0.32561
0.270167
0.162309
0.0863634
0.456479
0.178563
0.662
0.390448
0.103601
0.193343
0.662
0.186721
0.00678159
0.662
0.466578
0.142111
0.131295
0.078152
0.266216
0.0571694
0.662
0.152281
0.607736
0.347554
0.179269
0.528611
0.662
0.662
0.0384604
0.277455
0.303356
0.662
0.662
0.155121
0.359143
0.47153
0.662
0.447347
0.616388
0.662
0.128971
0.184433
0.279256
0.14233
0.662
0.274811
0.0876899
0.18004
0.467237
0.239134
0.065037
0.0415508
0.175762
0.10169
0.278266
0.662
0.225001
0.135594
0.142161
0.309946
0.662
0.178882
0.0635372
0.190333
0.554452
0.662
0.662
0.0591538
0.0444963
0.230924
0.0895077
0.281463
0.111948
0.3478
0.455009
0.125906
0.0801401
0.0630996
0.156333
0.134793
0.287559
0.662
0.0889199
0.239099
0.098386
0.650681
0.249891
0.0528823
0.662
0.139031
0.662
0.218832
0.209427
0.0149443
0.238023
0.0238303
0.0968143
0.160452
0.582084
0.662
0.175779
0.662
0.158174
0.430641
0.104382
0.662
0.0406371
0.237096
0.662
0.244601
0.491054
0.220767
0.0524477
0.168323
0.324298
0.128992
0.022254
0.456537
0.439734
0.662
0.342199
0.21424
0.178021
0.441774
0.662
0.438622
0.094287
0.662
0.662
0.379903
0.599719
0.228061
0.662
0.217668
0.132032
0.214312
0.404749
0.275977
0.588422
0.118104
0.662
0.245742
0.139106
0.35496
0.100782
0.216039
0.662
0.662
0.191415
0.662
0.662
0.0778692
0.575633
0.483596
0.22264
0.088185
0.0719716
0.0570126
0.094543
0.06876
0.215803
0.387323
0.23215
0.662
0.616499
0.276461
0.205597
0.202836
0.662
0.422841
0.662
0.626727
0.260305
0.263917
0.238238
0.0660848
0.0543601
0.00939108
0.201542
0.1578
0.0321001
0.662
0.0453463
0.0956687
0.183638
0.180048
0.383732
0.146088
0.662
0.0501924
0.662
0.168397
0.199476
0.30219
0.662
0.196497
0.387327
0.662
0.370843
0.662
0.202404
0.165991
0.662
0.0943681
0.662
0.206152
0.209688
0.246982
0.16504
0.0464175
0.0306532
0.351434
0.414142
0.164653
0.187584
0.0943609
0.662
0.662
0.254589
0.662
0.662
0.193682
0.221437
0.0717203
0.662
0.662
0.381553
0.179787
0.662
0.187238
0.0504774
0.0542805
0.355118
0.662
0.102527
0.250632
0.662
0.0773
0.394957
0.662
0.255198
0.0856094
0.662
0.307966
0.662
0.15867
0.111486
0.394744
0.209829
0.163107
0.554676
0.0773002
0.06627
0.610548
0.371958
0.229309
0.215128
0.662
0.662
0.097028
0.0947717
0.430878
0.209006
0.0890314
0.107883
0.170758
0.0882314
0.493051
0.662
0.478953
0.25272
0.0279407
0.206145
0.13238
0.662
0.0758407
0.572518
0.192995
0.218702
0.662
0.0677464
0.089579
0.662
0.360752
0.260684
0.04658
0.615541
0.382182
0.218665
0.23123
0.662
0.145978
0.662
0.360995
0.214435
0.662
0.662
0.140234
0.459637
0.296433
0.385251
0.662
0.0991465
0.0814137
0.101372
0.0812473
0.299875
0.0618788
0.189583
0.289231
0.131859
0.198342
0.662
0.165179
0.662
0.18008
0.0895397
0.209366
0.331712
0.662
0.424844
0.45891
0.523988
0.584964
0.453641
0.486219
0.457878
0.181741
0.662
0.480344
0.43213
0.162914
0.265334
0.130029
0.098176
0.662
0.113032
0.200039
0.662
0.0682727
0.662
0.218773
0.13485
0.662
0.0834726
0.222986
0.662
0.662
0.463485
0.348271
0.0625849
0.106596
0.119395
0.0364632
0.199483
0.662
0.0845984
0.159564
0.125991
0.0887044
0.240027
0.071452
0.662
0.302447
0.194885
0.662
0.662
0.662
0.662
0.0399311
0.598843
0.349603
0.399237
0.13254
0.413347
0.120244
0.281828
0.215646
0.310446
0.334483
0.662
0.0991987
0.352442
0.662
0.179029
0.662
0.662
0.161258
0.662
0.310213
0.00381971
0.662
0.341617
0.62615
0.215524
0.0462174
0.662
0.630849
0.18892
0.212611
0.622243
0.134809
0.299571
0.226466
0.391104
0.203684
0.662
0.406714
0.0525122
0.662
0.220993
0.416011
0.662
0.662
0.603209
0.662
0.250798
0.662
0.120746
0.0771711
0.256376
0.662
0.465262
0.0425115
0.136542
0.118274
0.103902
0.662
0.662
0.18002
0.363931
0.224305
0.340679
0.290593
0.171072
0.593028
0.662
0.45083
0.0896795
0.172734
0.0791963
0.18296
0.245938
0.0537336
0.180932
0.0310119
0.0680088
0.662
0.0768959
0.124128
0.380402
0.662
0.662
0.548547
0.662
0.0208779
0.0339795
0.143892
0.45022
0.128777
0.662
0.662
0.185402
0.0555676
0.224949
0.662
0.291345
0.35746
0.662
0.580878
0.187325
0.588923
0.165414
0.0601485
0.662
0.285673
0.230904
0.0842717
0.0752631
0.0575264
0.105444
0.245073
0.662
0.662
0.0445595
0.135053
0.408924
0.577175
0.261936
0.196543
0.0552287
0.255073
0.238218
0.507139
0.662
0.362805
0.11888
0.1027
0.662
0.28443
0.3566
0.10309
0.0337418
0.190735
0.0201874
0.313153
0.3327
0.189
0.00787789
0.106396
0.662
0.0259967
0.452061
0.446566
0.662
0.662
0.204048
0.449047
0.0388435
0.267328
0.00475475
0.239578
0.249467
0.132351
0.662
0.0617545
0.0904466
0.662
0.0792075
0.662
0.0816024
0.090753
0.0690179
0.657111
0.314786
0.202654
0.450871
0.0656513
0.10254
0.269495
0.662
0.469736
0.570866
0.662
0.0866007
0.0790888
0.016942
0.100163
0.537643
0.662
0.535519
0.662
0.571205
0.0178844
0.187359
0.50303
0.286454
0.187797
0.120121
0.662
0.130479
0.297188
0.0901951
0.0902546
0.365825
0.181394
0.662
0.0717991
0.153661
0.662
0.144129
0.288024
0.0673054
0.662
0.0185168
0.662
0.20941
0.513883
0.328703
0.100712
0.523596
0.608972
0.287432
0.117298
0.300218
0.14528
0.276574
0.417544
0.252576
0.259362
0.119127
0.0527295
0.136631
0.149367
0.143842
0.158377
0.587109
0.128359
0.0753606
0.149928
0.662
0.662
0.662
0.267734
0.662
0.0824081
0.357275
0.0542695
0.21178
0.152079
0.289587
0.431369
0.662
0.152444
0.201465
0.221853
0.344834
0.293823
0.139098
0.662
0.0165045
0.662
0.325473
0.662
0.662
0.260286
0.242259
0.238252
0.272069
0.237782
0.563078
0.257745
0.218806
0.405828
0.662
0.161848
0.10797
0.00311642
0.112606
0.0475448
0.613296
0.523238
0.103224
0.118608
0.434003
0.229176
0.662
0.131225
0.662
0.662
0.349429
0.600645
0.050648
0.0182255
0.662
0.467743
0.218599
0.662
0.124617
0.00734588
0.366208
0.0601971
0.180698
0.662
0.662
0.0409531
0.14709
0.461965
0.336489
0.328967
0.244525
0.392193
0.662
0.102247
0.293169
0.128914
0.230752
0.170219
0.662
0.186988
0.179139
0.0728209
0.407296
0.0766947
0.161786
0.662
0.224999
0.112041
0.250523
0.448206
0.296233
0.4634
0.391425
0.158059
0.662
0.300023
0.0845206
0.163957
0.0705879
0.267673
0.662
0.0566118
0.662
0.105187
0.450627
0.087935
0.0483668
0.0329533
0.280534
0.477541
0.662
0.662
0.479624
0.140011
0.184284
0.625789
0.662
0.398485
0.155203
0.236844
0.120221
0.244434
0.528765
0.106823
0.662
0.662
0.278703
0.0296884
0.662
0.157145
0.131316
0.339587
0.289129
0.0555181
0.662
0.0659646
0.433852
0.513436
0.189225
0.325416
0.407914
0.0972931
0.520158
0.0545011
0.511604
0.168571
0.107533
0.291773
0.147947
0.662
0.662
0.0349591
0.0435939
0.407493
0.109941
0.118782
0.0783251
0.0551915
0.662
0.184433
0.203412
0.0624572
0.121922
0.0726673
0.662
0.662
0.452555
0.662
0.0286489
0.662
0.158425
0.129717
0.201074
0.174952
0.115015
0.201398
0.132067
0.662
0.187244
0.114913
0.0887632
0.136474
0.076465
0.662
0.662
0.662
0.609762
0.183606
0.662
0.311368
0.490143
0.565562
0.277896
0.0101669
0.263247
0.387643
0.100303
0.278882
0.234985
0.382926
0.153162
0.184365
0.165299
0.457643
0.662
0.662
0.392239
0.0651385
0.0483846
0.662
0.662
0.0934698
0.193936
0.662
0.362918
0.166171
0.662
0.662
0.0983955
0.138893
0.213522
0.662
0.176826
0.122399
0.341071
0.247708
0.259516
0.386114
0.534021
0.125908
0.18876
0.189883
0.101361
0.119726
0.197647
0.392645
0.155001
0.188707
0.209009
0.662
0.662
0.596159
0.408369
0.208922
0.310218
0.0975227
0.262146
0.218402
0.662
0.446493
0.662
0.0737218
0.523256
0.662
0.00586739
0.271747
0.230729
0.143613
0.662
0.251552
0.439398
0.260133
0.374421
0.228348
0.174137
0.535669
0.662
0.0985012
0.662
0.662
0.662
0.662
0.276382
0.234082
0.143929
0.580982
0.166722
0.0928945
0.662
0.251037
0.36087
0.271653
0.134165
0.0578647
0.6087
0.662
0.662
0.126231
0.124017
0.662
0.0387625
0.662
0.662
0.142227
0.47806
0.116421
0.22851
0.113566
0.250611
0.17503
0.490607
0.129772
0.251977
0.235156
0.088402
0.328553
0.662
0.176367
0.427269
0.457506
0.611777
0.106239
0.0510597
0.662
0.129869
0.191841
0.662
0.243297
0.662
0.387721
0.167816
0.421537
0.662
0.662
0.662
0.662
0.0528248
0.121913
0.320235
0.0957179
0.662
0.292382
0.662
0.662
0.662
0.662
0.662
0.304765
0.250901
0.48397
0.192482
0.254162
0.662
0.204337
0.662
0.0751604
0.284915
0.0672539
0.109944
0.662
0.24379
0.662
0.662
0.205545
0.182285
0.662
0.0501776
0.248944
0.662
0.537186
0.113659
0.0488969
0.662
0.662
0.368633
0.423533
0.4852
0.162611
0.662
0.565931
0.370598
0.105726
0.662
0.0752947
0.380275
0.589257
0.136155
0.207465
0.627038
0.158765
0.208434
0.490847
0.157818
0.178673
0.289289
0.145463
0.374449
0.536832
0.105257
0.110274
0.662
0.599504
0.374388
0.662
0.148833
0.407849
0.285698
0.0333263
0.268703
0.403478
0.216508
0.662
0.261539
0.121537
0.206663
0.13181
0.176067
0.537437
0.0718842
0.662
0.584406
0.662
0.0637604
0.247953
0.16218
0.662
0.188683
0.170842
0.229531
0.173492
0.438597
0.250947
0.140829
0.420015
0.662
0.0539891
0.129288
0.662
0.248275
0.289096
0.056413
0.272732
0.184304
0.662
0.143987
0.662
0.386221
0.123317
0.199146
0.286633
0.434504
0.471622
0.172597
0.429516
0.541292
0.0219413
0.381783
0.256081
0.391289
0.486206
0.332221
0.190173
0.659716
0.662
0.662
0.148067
0.662
0.0973695
0.432698
0.0314902
0.20913
0.0964813
0.243935
0.39701
0.177649
0.273977
0.662
0.0786819
0.116072
0.203681
0.160718
0.26969
0.12649
0.294644
0.662
0.189458
0.112339
0.433438
0.293573
0.138328
0.137393
0.662
0.224303
0.133197
0.39872
0.164371
0.182749
0.662
0.282393
0.41525
0.662
0.224382
0.112112
0.662
0.261263
0.173867
0.601239
0.662
0.662
0.454937
0.109632
0.483904
0.188571
0.662
0.0352413
0.662
0.662
0.307917
0.475156
0.0696862
0.0949474
0.183789
0.318562
0.662
0.662
0.0530208
0.111341
0.662
0.180888
0.349215
0.190795
0.155741
0.130854
0.118055
0.555922
0.321731
0.662
0.00196245
0.187391
0.0262144
0.118697
0.0169008
0.0381583
0.433274
0.662
0.369081
0.373587
0.0910539
0.402789
0.438862
0.662
0.261185
0.601312
0.158574
0.662
0.662
0.101108
0.124126
0.285872
0.662
0.660217
0.324323
0.164804
0.440578
0.662
0.662
0.05546
0.113255
0.13856
0.662
0.159219
0.599251
0.154305
0.198456
0.0194867
0.274002
0.292127
0.195484
0.662
0.143329
0.26567
0.436939
0.455632
0.112619
0.139349
0.0360439
0.0317644
0.200989
0.263371
0.238187
0.253277
0.285407
0.0882247
0.0893499
0.335517
0.0460237
0.0746202
0.149576
0.499845
0.662
0.0353667
0.662
0.201259
0.14035
0.101631
0.109824
0.662
0.327437
0.662
0.662
0.662
0.236513
0.13569
0.286365
0.662
0.662
0.272717
0.185232
0.662
0.462562
0.289095
0.662
0.0997297
0.0942249
0.201011
0.0477958
0.662
0.247647
0.133902
0.662
0.662
0.191973
0.0541448
0.302185
0.221716
0.255742
0.595536
0.148548
0.655208
0.662
0.561852
0.662
0.635127
0.662
0.662
0.342646
0.069385
0.13167
0.260824
0.267955
0.140204
0.386865
0.662
0.241521
0.0898118
0.605833
0.662
0.142789
0.662
0.229688
0.0833049
0.167405
0.442829
0.224528
0.190934
0.268321
0.175378
0.327235
0.238928
0.303149
0.12616
0.196586
0.662
0.0511543
0.632408
0.165186
0.103033
0.193454
0.0275722
0.662
0.460554
0.662
0.405084
0.253848
0.662
0.254259
0.662
0.252449
0.185296
0.662
0.662
0.102286
0.200095
0.0314418
0.662
0.0881404
0.0645121
0.149727
0.300613
0.0230573
0.316813
0.292962
0.290834
0.662
0.402514
0.430599
0.360176
0.122522
0.662
0.102671
0.0609314
0.280401
0.662
0.571122
0.0535011
0.271641
0.228038
0.662
0.174844
0.662
0.662
0.0420821
0.662
0.0839539
0.662
0.437596
0.106107
0.662
0.112184
0.204379
0.143038
0.662
0.168459
0.608584
0.244469
0.22205
0.165063
0.250187
0.26613
0.191068
0.147831
0.662
0.281139
0.662
0.662
0.193268
0.204537
0.401914
0.210494
0.0698224
0.310266
0.15831
0.662
0.288641
0.460927
0.298456
0.0358445
0.0337851
0.174095
0.0857337
0.429519
0.127597
0.0952902
0.073336
0.662
0.662
0.336995
0.388726
0.188892
0.0614963
0.0842921
0.510614
0.332773
0.106409
0.662
0.0520481
0.0537019
0.662
0.354458
0.163339
0.345238
0.0215487
0.150969
0.0976491
0.662
0.355232
0.279443
0.649182
0.221751
0.16717
0.0111951
0.269841
0.158703
0.430685
0.474313
0.231906
0.244195
0.660506
0.662
0.662
0.477521
0.197973
0.0364894
0.235139
0.11698
0.126562
0.0608824
0.662
0.226307
0.200298
0.203584
0.362564
0.106124
0.175405
0.234752
0.403395
0.174543
0.662
0.0886982
0.203579
0.337991
0.0557259
0.124731
0.190476
0.662
0.662
0.561089
0.094558
0.387887
0.222124
0.662
0.132284
0.662
0.38659
0.19737
0.323856
0.443462
0.246638
0.436572
0.21221
0.417669
0.284555
0.066467
0.191773
0.128155
0.188617
0.300801
0.0895704
0.248166
0.267072
0.109705
0.111383
0.52527
0.178137
0.0997891
0.123143
0.242867
0.192839
0.0587316
0.108327
0.662
0.217973
0.594929
0.170966
0.0616781
0.220215
0.268789
0.381931
0.662
0.0790374
0.144276
0.662
0.354317
0.39302
0.662
0.0634257
0.455619
0.238713
0.200326
0.441134
0.0742972
0.414492
0.0397347
0.662
0.123347
0.0509139
0.463098
0.216673
0.214678
0.320935
0.470684
0.459413
0.280036
0.158181
0.115044
0.0189139
0.052583
0.662
0.259875
0.101315
0.280288
0.294452
0.0762659
0.38759
0.662
0.392213
0.0671408
0.662
0.662
0.142155
0.204608
0.0700714
0.662
0.0608811
0.121608
0.44902
0.662
0.263616
0.39366
0.0614427
0.505253
0.239759
0.0659902
0.211802
0.163509
0.400737
0.157945
0.662
0.45424
0.157777
0.170876
0.0191416
0.276656
0.317945
0.476472
0.0656933
0.363692
0.127194
0.0810601
0.341594
0.184651
0.662
0.211293
0.147468
0.0824069
0.0710715
0.233214
0.187406
0.244298
0.662
0.234705
0.662
0.662
0.403894
0.43334
0.398121
0.07464
0.662
0.662
0.281011
0.662
0.336158
0.520814
0.662
0.662
0.662
0.662
0.0578409
0.662
0.662
0.499609
0.657975
0.662
0.384158
0.149869
0.266898
0.439991
0.662
0.662
0.237002
0.532353
0.367852
0.0801576
0.162572
0.526821
0.222788
0.662
0.340159
0.153063
0.662
0.0795859
0.138383
0.0622863
0.0692342
0.360675
0.165837
0.106275
0.178771
0.0251314
0.213141
0.504452
0.284224
0.0908761
0.285378
0.424118
0.244102
0.353903
0.358538
0.272383
0.126681
0.0625274
0.662
0.0687764
0.662
0.662
0.0460293
0.662
0.175769
0.157767
0.631268
0.14782
0.080495
0.0976652
0.0468698
0.293321
0.662
0.171108
0.662
0.662
0.110852
0.662
0.0664385
0.168119
0.144183
0.214701
0.035718
0.662
0.30652
0.345806
0.662
0.662
0.112918
0.547007
0.0193496
0.254675
0.0592311
0.116987
0.260778
0.662
0.662
0.240885
0.239609
0.0304714
0.22411
0.231283
0.145282
0.246877
0.172377
0.40762
0.0877445
0.662
0.387737
0.0978227
0.584608
0.116532
0.174136
0.258198
0.0416255
0.172932
0.662
0.662
0.22962
0.104466
0.302584
0.0489303
0.538398
0.0777602
0.119673
0.438713
0.303419
0.424869
0.292022
0.149609
0.662
0.27769
0.0785411
0.00990208
0.291212
0.0387907
0.204307
0.149065
0.281693
0.406721
0.170339
0.662
0.237883
0.00842062
0.266262
0.270958
0.662
0.063748
0.0250425
0.662
0.119719
0.112213
0.662
0.497078
0.662
0.46406
0.275586
0.23474
0.662
0.662
0.31886
0.375295
0.122671
0.662
0.156752
0.0375843
0.456185
0.194519
0.53272
0.558074
0.152359
0.208525
0.0844391
0.0599357
0.159163
0.662
0.301309
0.127008
0.168035
0.662
0.283452
0.574918
0.106649
0.662
0.662
0.0179235
0.262691
0.429518
0.15684
0.379915
0.0209116
0.0618964
0.461216
0.235625
0.0520355
0.662
0.121942
0.662
0.0980256
0.154334
0.313164
0.553638
0.479095
0.220505
0.290314
0.0950566
0.610677
0.286616
0.0235606
0.20736
0.0873955
0.373121
0.662
0.072407
0.608304
0.42706
0.662
0.225794
0.662
0.149509
0.662
0.594921
0.662
0.0860673
0.116078
0.0629872
0.200593
0.595307
0.26388
0.149025
0.134425
0.662
0.32167
0.188106
0.662
0.354536
0.473089
0.106939
0.302099
0.400084
0.662
0.11333
0.190065
0.662
0.662
0.662
0.193599
0.336602
0.0552755
0.100559
0.472312
0.182846
0.0475908
0.662
0.170971
0.662
0.1028
0.205731
0.434026
0.167285
0.589144
0.200105
0.441149
0.270459
0.0814308
0.662
0.394271
0.0108653
0.164764
0.0915741
0.153997
0.196279
0.0909094
0.662
0.0854706
0.415366
0.193701
0.279687
0.371099
0.662
0.100222
0.194349
0.461212
0.662
0.213657
0.185508
0.153652
0.558975
0.110111
0.499951
0.534112
0.662
0.127043
0.0950192
0.0512385
0.254939
0.576617
0.179244
0.359738
0.662
0.404904
0.333716
0.173438
0.0502562
0.330214
0.392432
0.354707
0.0935965
0.111334
0.325643
0.195984
0.278457
0.0413027
0.662
0.384601
0.215054
0.662
0.662
0.0310089
0.196728
0.662
0.0797666
0.662
0.192093
0.217843
0.206433
0.662
0.360457
0.662
0.225561
0.206134
0.173808
0.099869
0.37131
0.213281
0.101391
0.23871
0.662
0.0710854
0.374203
0.118112
0.411717
0.587366
0.122471
0.178323
0.179858
0.662
0.34794
0.13491
0.662
0.119688
0.662
0.163733
0.662
0.662
0.228249
0.662
0.098918
0.0417991
0.353386
0.114745
0.215302
0.662
0.271997
0.323216
0.137091
0.662
0.349804
0.662
0.57572
0.662
0.098706
0.0802824
0.662
0.210004
0.27959
0.218345
0.108102
0.276905
0.106803
0.068572
0.325879
0.0563363
0.370686
0.188225
0.662
0.169021
0.355842
0.202959
0.662
0.662
0.662
0.662
0.662
0.0240078
0.313272
0.256835
0.053665
0.233498
0.620851
0.00704486
0.0703753
0.662
0.254428
0.12501
0.225589
0.0693731
0.490195
0.662
0.281708
0.220437
0.0702123
0.0906914
0.169049
0.662
0.662
0.158715
0.229186
0.662
0.0778162
0.662
0.0416405
0.11527
0.662
0.223192
0.413864
0.233763
0.0953764
0.280747
0.662
0.662
0.189415
0.0929509
0.662
0.468502
0.534083
0.167996
0.662
0.662
0.0570137
0.222752
0.185597
0.234039
0.473064
0.662
0.0667511
0.0811286
0.190882
0.0552636
0.557554
0.662
0.222105
0.662
0.662
0.150969
0.662
0.541599
0.0788384
0.0563189
0.192192
0.0469034
0.334196
0.0955661
0.199874
0.269356
0.566908
0.662
0.662
0.397827
0.171693
0.382514
0.0612633
0.0668318
0.0134814
0.35222
0.0631674
0.0762028
0.206294
0.253533
0.329707
0.0159658
0.114927
0.662
0.225072
0.158652
0.311463
0.22847
0.662
0.178637
0.10955
0.309222
0.086681
0.662
0.417491
0.662
0.225003
0.00899561
0.269315
0.662
0.272106
0.662
0.662
0.110719
0.0354409
0.431948
0.662
0.0443399
0.324672
0.209601
0.0433088
0.364105
0.595232
0.176634
0.249385
0.590957
0.458604
0.103332
0.382759
0.0746218
0.35552
0.116389
0.662
0.457195
0.400621
0.662
0.404391
0.115015
0.662
0.662
0.662
0.355158
0.284584
0.136596
0.156582
0.0911893
0.662
0.0230172
0.0265967
0.0525846
0.662
0.525749
0.178838
0.662
0.0648821
0.662
0.12393
0.380079
0.517385
0.541732
0.662
0.186793
0.0201488
0.178274
0.184473
0.662
0.126519
0.662
0.252559
0.662
0.662
0.662
0.167486
0.27995
0.129279
0.301784
0.248886
0.223479
0.42359
0.010249
0.162395
0.27844
0.593292
0.119079
0.5465
0.0421724
0.662
0.124918
0.0713344
0.368816
0.155492
0.400713
0.305296
0.450409
0.0753796
0.662
0.18464
0.23414
0.662
0.310051
0.259422
0.662
0.363707
0.662
0.526923
0.335084
0.662
0.300879
0.192156
0.20242
0.128882
0.0264783
0.064033
0.177133
0.155953
0.12002
0.090877
0.662
0.122149
0.45612
0.0886174
0.0995322
0.662
0.152487
0.188187
0.140214
0.0624192
0.662
0.615145
0.101947
0.316003
0.374552
0.509004
0.204268
0.211874
0.0906159
0.0474642
0.0101273
0.0735642
0.368432
0.337393
0.441345
0.662
0.294685
0.137966
0.662
0.662
0.10284
0.186776
0.458576
0.507523
0.571688
0.186722
0.282297
0.0558348
0.149953
0.662
0.00505472
0.662
0.264465
0.176574
0.212991
0.0931096
0.430818
0.0478707
0.662
0.303593
0.147096
0.38691
0.165904
0.359024
0.662
0.192444
0.214318
0.160177
0.152416
0.0268912
0.112077
0.077557
0.305144
0.209977
0.0733703
0.310798
0.102309
0.0842475
0.140897
0.662
0.584291
0.286805
0.463981
0.59005
0.662
0.0600752
0.201333
0.249003
0.314863
0.19324
0.0653831
0.16122
0.662
0.662
0.231526
0.564667
0.662
0.115159
0.0617288
0.662
0.115657
0.0940381
0.389757
0.662
0.311461
0.0933733
0.0951657
0.413782
0.113365
0.268137
0.662
0.662
0.144056
0.0536375
0.60764
0.540702
0.662
0.433635
0.416679
0.214267
0.662
0.106574
0.374593
0.16657
0.208497
0.295173
0.361916
0.0716673
0.442422
0.252809
0.214501
0.0531917
0.589402
0.27411
0.215376
0.163312
0.662
0.460743
0.0512399
0.404391
0.662
0.611964
0.178682
0.0826081
0.38399
0.458485
0.662
0.662
0.662
0.29359
0.662
0.602144
0.20177
0.662
0.662
0.305904
0.212403
0.195091
0.255147
0.123517
0.210848
0.237559
0.186308
0.00949708
0.355856
0.13302
0.518178
0.0930112
0.171424
0.662
0.352199
0.39501
0.662
0.230206
0.12246
0.662
0.0287592
0.294044
0.116352
0.521844
0.170615
0.662
0.662
0.466438
0.0822476
0.214555
0.0200709
0.662
0.323371
0.0963773
0.19347
0.144854
0.169546
0.323939
0.662
0.29204
0.405891
0.662
0.577042
0.431898
0.280157
0.201371
0.662
0.662
0.509151
0.263048
0.0298778
0.662
0.0077616
0.662
0.662
0.650004
0.294505
0.239724
0.399237
0.0780662
0.0798377
0.210415
0.662
0.460717
0.662
0.134238
0.0747901
0.197492
0.662
0.662
0.662
0.258129
0.0710084
0.308514
0.662
0.343703
0.0813949
0.450115
0.0463253
0.0405602
0.662
0.31932
0.0664073
0.0322979
0.297129
0.316529
0.186678
0.119605
0.0157938
0.293623
0.262324
0.662
0.662
0.114578
0.662
0.662
0.58965
0.662
0.336571
0.215244
0.292592
0.201238
0.134369
0.244771
0.541723
0.18309
0.662
0.19777
0.662
0.0736318
0.0869786
0.528812
0.599899
0.17484
0.662
0.662
0.151183
0.662
0.440389
0.662
0.258898
0.194374
0.493881
0.662
0.358463
0.662
0.279552
0.162415
0.34516
0.662
0.138839
0.170065
0.279504
0.662
0.207359
0.0327152
0.0743997
0.195716
0.131517
0.277804
0.662
0.112405
0.662
0.662
0.198877
0.225481
0.193099
0.164177
0.248444
0.248976
0.129674
0.158093
0.164662
0.268929
0.0944823
0.0293067
0.244426
0.197699
0.325826
0.424704
0.504735
0.106866
0.662
0.206566
0.217117
0.13633
0.662
0.224975
0.355152
0.130625
0.662
0.136695
0.662
0.662
0.593569
0.204447
0.118668
0.199964
0.48136
0.134334
0.536998
0.662
0.262936
0.45358
0.211705
0.174305
0.0486966
0.0901769
0.363661
0.662
0.207393
0.662
0.319164
0.265724
0.247605
0.387551
0.254421
0.442629
0.195979
0.485854
0.260701
0.662
0.340495
0.073807
0.154377
0.0891952
0.662
0.662
0.259507
0.528112
0.662
0.241793
0.415509
0.554782
0.280542
0.653402
0.206104
0.231052
0.662
0.100681
0.18026
0.456554
0.142589
0.59465
0.0465658
0.2703
0.0959503
0.0856046
0.313981
0.00155815
0.551414
0.407868
0.19433
0.662
0.662
0.275415
0.662
0.400946
0.353925
0.322835
0.511927
0.165459
0.251166
0.320255
0.180046
0.662
0.167943
0.213089
0.0961113
0.21805
0.571922
0.0519812
0.460699
0.107878
0.561375
0.181686
0.0577123
0.171389
0.379335
0.372793
0.217495
0.152056
0.261833
0.217033
0.662
0.0717943
0.0981325
0.329989
0.376062
0.331648
0.157732
0.662
0.662
0.0389523
0.114763
0.662
0.662
0.662
0.155186
0.662
0.49565
0.00195543
0.207279
0.130068
0.662
0.662
0.0916817
0.194914
0.662
0.0577737
0.662
0.367329
0.662
0.428635
0.19193
0.662
0.181894
0.46163
0.0134229
0.221909
0.0924395
0.438553
0.0898634
0.152868
0.143891
0.169837
0.457461
0.361441
0.105816
0.662
0.46311
0.132859
0.364877
0.415571
0.203915
0.190086
0.662
0.662
0.271482
0.0530091
0.214352
0.0879854
0.662
0.0672636
0.162815
0.662
0.662
0.2248
0.089455
0.484229
0.662
0.0683764
0.104935
0.0788432
0.315947
0.0864267
0.594792
0.181131
0.151547
0.142974
0.611621
0.662
0.662
0.13131
0.388023
0.0463435
0.189905
0.662
0.662
0.662
0.0314038
0.249425
0.181572
0.220311
0.470754
0.476743
0.662
0.107652
0.105285
0.374751
0.078103
0.234905
0.662
0.0630041
0.160024
0.612878
0.662
0.385711
0.413711
0.662
0.161479
0.662
0.186393
0.0254369
0.285437
0.204486
0.662
0.349495
0.662
0.064931
0.132084
0.662
0.174939
0.06515
0.148465
0.662
0.533512
0.662
0.662
0.556153
0.193202
0.340997
0.346529
0.12895
0.0296982
0.262564
0.268274
0.188147
0.662
0.418527
0.648358
0.207129
0.448085
0.662
0.0529889
0.101322
0.662
0.178897
0.166003
0.0628021
0.662
0.662
0.351902
0.12167
0.151649
0.46157
0.662
0.141498
0.388849
0.524743
0.262179
0.662
0.662
0.106237
0.35289
0.115059
0.0850563
0.177227
0.138991
3.12995e-05
0.0703996
0.662
0.337641
0.18948
0.277541
0.311173
0.437799
0.194457
0.374145
0.166063
0.428655
0.372249
0.662
0.168097
0.662
0.18351
0.0552274
0.230603
0.157299
0.662
0.662
0.260956
0.43315
0.351212
0.0457583
0.358465
0.0871675
0.136527
0.0944273
0.0696841
0.0666457
0.186526
0.662
0.662
0.245403
0.211625
0.662
0.199469
0.662
0.272965
0.662
0.662
0.306667
0.652193
0.119912
0.0394678
0.662
0.210744
0.209899
0.662
0.132896
0.0829822
0.242136
0.196561
0.247459
0.129123
0.0275348
0.395076
0.437778
0.662
0.234346
0.0150436
0.126109
0.420633
0.0594594
0.156089
0.0688323
0.0239916
0.211572
0.131411
0.188675
0.0882407
0.280503
0.17424
0.0878087
0.341872
0.187946
0.273222
0.157855
0.224436
0.160063
0.662
0.662
0.219152
0.215309
0.0718903
0.0601876
0.070077
0.169326
0.152765
0.662
0.365721
0.443351
0.409183
0.662
0.442673
0.112092
0.252515
0.0976179
0.277679
0.319799
0.203572
0.0152801
0.662
0.208824
0.662
0.163761
0.450558
0.662
0.133631
0.629917
0.250014
0.0640356
0.0973026
0.178038
0.33991
0.104242
0.112308
0.407503
0.354085
0.323854
0.0959339
0.296449
0.471268
0.100503
0.16584
0.147214
0.662
0.267223
0.25569
0.662
0.387168
0.662
0.104959
0.383127
0.361938
0.662
0.253966
0.176641
0.662
0.417215
0.171377
0.202391
0.0636407
0.448087
0.048601
0.228635
0.0892088
0.112548
0.662
0.393789
0.624626
0.662
0.141412
0.248887
0.182274
0.00518786
0.662
0.280798
0.229935
0.662
0.662
0.0624329
0.301118
0.241983
0.410269
0.0735574
0.662
0.367146
0.352037
0.176965
0.0914559
0.236259
0.662
0.452608
0.318969
0.473105
0.662
0.536845
0.371531
0.086206
0.0379097
0.161415
0.662
0.662
0.180952
0.177412
0.0859707
0.195359
0.662
0.662
0.662
0.662
0.398994
0.0121104
0.662
0.336346
0.42279
0.257238
0.199956
0.662
0.273001
0.335147
0.450913
0.0295624
0.662
0.116023
0.662
0.157384
0.662
0.662
0.246064
0.373092
0.662
0.662
0.190963
0.1452
0.469136
0.580218
0.662
0.410087
0.456009
0.662
0.184123
0.457596
0.316415
0.0469724
0.206177
0.137034
0.193123
0.124209
0.0922416
0.529556
0.662
0.141021
0.131919
0.459222
0.145287
0.662
0.232038
0.183639
0.242152
0.205039
0.00870447
0.485606
0.420939
0.662
0.662
0.662
0.156081
0.662
0.662
0.662
0.0815381
0.117281
0.297241
0.234761
0.662
0.103617
0.495516
0.0937663
0.342743
0.354315
0.543856
0.662
0.251898
0.116913
0.0784404
0.112622
0.662
0.133226
0.0565632
0.375147
0.0366488
0.134867
0.266786
0.451113
0.436951
0.179394
0.339247
0.662
0.219722
0.355482
0.0882639
0.662
0.248635
0.467613
0.0697995
0.551667
0.662
0.154514
0.465221
0.0923976
0.0941168
0.205997
0.208721
0.121004
0.662
0.264501
0.187965
0.319359
0.662
0.662
0.395691
0.576022
0.258682
0.0860552
0.662
0.376884
0.662
0.125699
0.220271
0.662
0.662
0.166482
0.0423336
0.662
0.662
0.219048
0.178967
0.109858
0.0875482
0.00932108
0.23516
0.300876
0.662
0.210572
0.241305
0.148689
0.186439
0.215774
0.150746
0.000967956
0.167708
0.0991808
0.120147
0.119756
0.143784
0.165446
0.0114389
0.662
0.148019
0.662
0.662
0.127111
0.662
0.108051
0.281544
0.469114
0.662
0.662
0.517215
0.662
0.163989
0.158512
0.0586778
0.662
0.20691
0.198492
0.0437378
0.24861
0.281028
0.662
0.325669
0.410516
0.443569
0.662
0.203084
0.152833
0.167216
0.662
0.154669
0.662
0.529931
0.130787
0.289145
0.662
0.662
0.519117
0.123682
0.0867698
0.106671
0.0633113
0.0194266
0.662
0.183781
0.0674046
0.475833
0.301837
0.227985
0.491009
0.0893978
0.196176
0.1775
0.112985
0.176164
0.49359
0.189515
0.193774
0.0886821
0.662
0.199012
0.12285
0.662
0.124173
0.114387
0.301882
0.0395806
0.0913152
0.172529
0.241925
0.0449511
0.195126
0.662
0.188596
0.189953
0.157778
0.0915106
0.662
0.662
0.662
0.11676
0.0385662
0.100432
0.212582
0.662
0.167056
0.283282
0.120961
0.391451
0.236734
0.662
0.245281
0.518052
0.0138545
0.647554
0.662
0.102874
0.23742
0.662
0.662
0.0769357
0.202151
0.178942
0.044272
0.662
0.29055
0.250163
0.662
0.013793
0.163512
0.15978
0.0891016
0.035076
0.23672
0.213033
0.120515
0.303307
0.028077
0.0316321
0.223663
0.0731566
0.0842709
0.662
0.185294
0.587031
0.489899
0.102839
0.138647
0.162833
0.510088
0.341859
0.088333
0.00755645
0.662
0.262555
0.0748538
0.15925
0.219494
0.184092
0.204605
0.118462
0.362398
0.23352
0.328711
0.145181
0.235776
0.18219
0.377126
0.243303
0.455866
0.334543
0.280454
0.662
0.662
0.131439
0.171125
0.662
0.662
0.26363
0.489106
0.399107
0.662
0.662
0.489669
0.662
0.267477
0.268959
0.211563
0.0283005
0.482385
0.322874
0.662
0.189916
0.141633
0.170574
0.116654
0.238688
0.0777134
0.21899
0.662
0.152027
0.662
0.22239
0.130755
0.1227
0.198834
0.350508
0.219831
0.18142
0.662
0.127752
0.662
0.0102462
0.662
0.347111
0.662
0.155112
0.200594
0.22249
0.0733733
0.120383
0.101046
0.368767
0.662
0.182159
0.0697395
0.453532
0.662
0.127378
0.17216
0.243247
0.291261
0.662
0.250334
0.662
0.165781
0.394624
0.0810533
0.0875696
0.594033
0.662
0.392631
0.662
0.396437
0.249975
0.662
0.662
0.662
0.250949
0.102487
0.141804
0.662
0.30588
0.662
0.230588
0.106518
0.063655
0.662
0.14377
0.662
0.122852
0.16404
0.178411
0.662
0.0613771
0.189527
0.121867
0.662
0.662
0.649859
0.340367
0.261851
0.0711174
0.588158
0.662
0.374292
0.053103
0.198179
0.662
0.28466
0.23716
0.284692
0.662
0.197086
0.176954
0.662
0.0458845
0.153574
0.572097
0.662
0.579762
0.205598
0.662
0.662
0.16215
0.111946
0.220273
0.434372
0.662
0.460258
0.15235
0.0943529
0.19535
0.662
0.191851
0.100841
0.164849
0.662
0.662
0.274608
0.662
0.266847
0.584577
0.206862
0.221508
0.145275
0.662
0.662
0.383509
0.0259863
0.0681431
0.0466636
0.191956
0.0453551
0.400468
0.0712073
0.125548
0.192172
0.367469
0.106645
0.662
0.195641
0.0307623
0.40405
0.143044
0.662
0.0348912
0.324352
0.662
0.662
0.151682
0.160069
0.0630936
0.177447
0.662
0.128221
0.0410445
0.600563
0.0836596
0.662
0.224246
0.0853544
0.12958
0.528675
0.0777867
0.15241
0.429751
0.662
0.662
0.625892
0.126523
0.513273
0.662
0.291669
0.160525
0.187443
0.162413
0.599382
0.10279
0.0110619
0.400649
0.299655
0.0745947
0.00254915
0.150283
0.441084
0.662
0.0932691
0.0567904
0.323875
0.662
0.662
0.0712698
0.196854
0.207831
0.317608
0.662
0.552469
0.211846
0.192154
0.0990671
0.156369
0.157724
0.662
0.322125
0.140029
0.185374
0.662
0.164847
0.662
0.0763447
0.402905
0.0986965
0.459078
0.662
0.0990044
0.119949
0.662
0.633694
0.401368
0.662
0.140667
0.281756
0.662
0.342562
0.192506
0.662
0.662
0.603183
0.662
0.276313
0.149748
0.234588
0.258891
0.518254
0.0244574
0.229977
0.526513
0.16431
0.662
0.195752
0.30135
0.305366
0.152838
0.356627
0.37779
0.113629
0.662
0.396115
0.662
0.162375
0.662
0.0637614
0.662
0.662
0.662
0.345196
0.134731
0.662
0.0693724
0.662
0.0785778
0.0434458
0.0464403
0.23628
0.508817
0.131993
0.0905375
0.228126
0.348278
0.132232
0.209978
0.0391606
0.22125
0.115229
0.0933863
0.444485
0.216579
0.00178013
0.662
0.131466
0.662
0.662
0.131514
0.276462
0.126865
0.610983
0.206387
0.173903
0.248575
0.129386
0.662
0.662
0.0904115
0.127956
0.0490478
0.0116457
0.259342
0.142099
0.252261
0.24503
0.55701
0.212087
0.0479018
0.34549
0.20054
0.320035
0.1482
0.458812
0.135651
0.662
0.150575
0.155439
0.188008
0.33376
0.662
0.228762
0.228093
0.662
0.153852
0.0329244
0.662
0.0751891
0.135929
0.0635653
0.281461
0.482388
0.109409
0.174257
0.275215
0.0900986
0.150887
0.246131
0.454551
0.281408
0.151319
0.106557
0.109586
0.151533
0.314127
0.662
0.444293
0.662
0.328953
0.237604
0.508017
0.1924
0.0840212
0.286198
0.0757854
0.163841
0.662
0.226914
0.12786
0.241642
0.546828
0.224365
0.123454
0.662
0.233183
0.662
0.439917
0.662
0.0545413
0.00489497
0.140552
0.0809962
0.185863
0.12992
0.662
0.662
0.366183
0.191369
0.173081
0.551711
0.222942
0.662
0.167669
0.226765
0.249461
0.500657
0.122526
0.0579385
0.365289
0.426675
0.467021
0.0778311
0.449118
0.0540922
0.662
0.196673
0.662
0.53558
0.194357
0.285252
0.52316
0.583104
0.0150284
0.204501
0.205683
0.662
0.101707
0.662
0.662
0.282191
0.424282
0.173573
0.556254
0.293864
0.0160197
0.0115775
0.0108782
0.110905
0.275228
0.326291
0.0695422
0.183937
0.0632219
0.228777
0.411644
0.327948
0.0449823
0.349969
0.422118
0.662
0.463952
0.662
0.662
0.0953325
0.662
0.662
0.0193189
0.662
0.208448
0.662
0.184327
0.336481
0.662
0.398434
0.662
0.0215803
0.238239
0.0716846
0.662
0.301115
0.210986
0.317979
0.51814
0.252196
0.157285
0.0810676
0.464809
0.662
0.0440333
0.108798
0.0451957
0.525246
0.534582
0.463245
0.0252713
0.523938
0.662
0.63046
0.241491
0.0445972
0.187362
0.119582
0.177879
0.0617479
0.394384
0.418867
0.662
0.126428
0.43802
0.100005
0.349011
0.457351
0.22297
0.215091
0.399702
0.662
0.13931
0.0862142
0.1159
0.662
0.484239
0.0432846
0.0583118
0.0893935
0.486888
0.662
0.334155
0.196001
0.0749264
0.26501
0.662
0.185731
0.662
0.0823837
0.662
0.214872
0.254247
0.199391
0.363376
0.222847
0.662
0.0337611
0.662
0.20059
0.190371
0.0842699
0.0566759
0.392981
0.110901
0.259527
0.253576
0.250131
0.104609
0.14305
0.100755
0.0675735
0.133133
0.202532
0.0949708
0.117158
0.0521832
0.196881
0.114137
0.662
0.0836668
0.45925
0.053613
0.211307
0.163845
0.359954
0.662
0.433573
0.26304
0.181926
0.0683308
0.114098
0.0974871
0.135987
0.190431
0.0124719
0.195338
0.662
0.0697568
0.22652
0.0420855
0.218212
0.218132
0.118325
0.0980996
0.171292
0.662
0.167401
0.311662
0.325811
0.17614
0.148022
0.193527
0.205904
0.445095
0.463354
0.647309
0.0686117
0.296462
0.662
0.0514919
0.0350534
0.180194
0.180833
0.122155
0.0486684
0.196502
0.662
0.430419
0.220616
0.651315
0.109551
0.345421
0.662
0.662
0.337586
0.190854
0.111381
0.0161552
0.662
0.157162
0.287191
0.162726
0.209638
0.662
0.561032
0.662
0.662
0.560936
0.662
0.662
0.199678
0.19982
0.662
0.135136
0.1575
0.596696
0.249314
0.455274
0.465476
0.071102
0.454086
0.294267
0.00503012
0.150629
0.376849
0.192316
0.209572
0.0662154
0.292848
0.204352
0.233352
0.147069
0.0643588
0.322948
0.662
0.358435
0.594974
0.254385
0.408149
0.0263524
0.451278
0.370689
0.662
0.662
0.111865
0.0991242
0.40478
0.662
0.133773
0.219814
0.261415
0.112795
0.277601
0.0538665
0.166769
0.363307
0.0594078
0.349043
0.454004
0.125714
0.16675
0.662
0.662
0.383465
0.662
0.216234
0.259246
0.289406
0.0497799
0.266606
0.0422654
0.195783
0.213782
0.223724
0.265472
0.159349
0.574231
0.662
0.216745
0.0714641
0.26601
0.0500037
0.098127
0.493341
0.662
0.0126108
0.177466
0.320688
0.312306
0.433821
0.093858
0.107767
0.0186109
0.0780369
0.0548005
0.175184
0.0496796
0.662
0.662
0.273996
0.105919
0.662
0.514365
0.133163
0.0792826
0.0354091
0.237632
0.0816044
0.0161046
0.662
0.185595
0.180912
0.0512407
0.662
0.662
0.367499
0.271578
0.225693
0.116741
0.662
0.0612864
0.662
0.102027
0.662
0.497348
0.172194
0.468677
0.0598669
0.114308
0.0745337
0.249847
0.232668
0.0331486
0.529983
0.173337
0.662
0.566859
0.0572569
0.620246
0.662
0.209201
0.194643
0.244665
0.317753
0.328902
0.336249
0.0591245
0.22976
0.146384
0.533053
0.448841
0.101023
0.662
0.162525
0.407823
0.662
0.120033
0.128379
0.225347
0.662
0.0748288
0.342335
0.133263
0.61888
0.505026
0.0981805
0.213099
0.0844974
0.662
0.140158
0.34124
0.331347
0.119962
0.662
0.662
0.323865
0.147428
0.662
0.160977
0.049526
0.129941
0.251894
0.567716
0.277776
0.662
0.662
0.225786
0.662
0.662
0.662
0.253499
0.453488
0.217608
0.298528
0.662
0.662
0.173949
0.662
0.283284
0.194817
0.57427
0.610984
0.662
0.12903
0.14241
0.662
0.662
0.0932345
0.492731
0.260757
0.590518
0.662
0.194042
0.112195
0.210375
0.204159
0.421996
0.139757
0.266789
0.0640275
0.662
0.662
0.087596
0.138897
0.292555
0.522227
0.221801
0.121384
0.662
0.276766
0.392776
0.473979
0.371798
0.0587852
0.24704
0.185013
0.37693
0.0561447
0.121739
0.246268
0.662
0.269119
0.662
0.175562
0.662
0.0856592
0.253879
0.662
0.114847
0.240934
0.128346
0.127664
0.662
0.662
0.233993
0.131307
0.185479
0.383036
0.27527
0.662
0.292854
0.117034
0.662
0.213053
0.143861
0.253457
0.126953
0.321899
0.521007
0.662
0.199282
0.11534
0.167737
0.662
0.130194
0.662
0.159433
0.509355
0.541834
0.108263
0.12535
0.662
0.179168
0.163426
0.662
0.173051
0.282962
0.397067
0.43235
0.592648
0.0941146
0.165395
0.224187
0.16681
0.0668749
0.310354
0.0581048
0.0872165
0.202389
0.267537
0.332484
0.662
0.633391
0.211145
0.662
0.218923
0.20985
0.440209
0.58971
0.662
0.039581
0.116074
0.143449
0.0942094
0.662
0.662
0.159963
0.111511
0.0372948
0.182488
0.0612132
0.304451
0.414344
0.0566011
0.133563
0.421086
0.23392
0.211258
0.662
0.237882
0.073566
0.503162
0.384618
0.197532
0.244226
0.662
0.0669174
0.140357
0.389934
0.662
0.184262
0.301854
0.662
0.108548
0.662
0.208326
0.662
0.229482
0.662
0.0214679
0.209101
0.17551
0.217315
0.210538
0.399488
0.18861
0.147319
0.279604
0.201115
0.662
0.205707
0.662
0.25199
0.340602
0.098921
0.0603857
0.662
0.662
0.259101
0.22211
0.308675
0.217505
0.595254
0.152259
0.662
0.662
0.386623
0.297877
0.0760292
0.20308
0.57793
0.0679183
0.0318343
0.2843
0.294651
0.378759
0.188039
0.477598
0.133357
0.175186
0.662
0.0374181
0.197034
0.205991
0.0786289
0.0858957
0.400507
0.160031
0.550271
0.662
0.268092
0.662
0.286082
0.454846
0.662
0.46153
0.218632
0.145654
0.171319
0.662
0.307046
0.211842
0.662
0.149364
0.662
0.136813
0.146999
0.440668
0.291842
0.119677
0.574513
0.128124
0.359879
0.514425
0.456608
0.13768
0.529993
0.111783
0.0874629
0.29219
0.662
0.0685236
0.245917
0.662
0.662
0.124537
0.152717
0.124259
0.188575
0.662
0.0837763
0.201759
0.065433
0.559418
0.662
0.19984
0.195731
0.124336
0.3479
0.662
0.146275
0.0584051
0.148822
0.117784
0.662
0.662
0.150337
0.393431
0.167637
0.272343
0.662
0.146709
0.243985
0.662
0.649111
0.662
0.662
0.185154
0.212832
0.662
0.113985
0.0984958
0.662
0.588243
0.472365
0.157037
0.231667
0.345891
0.0648411
0.404464
0.662
0.662
0.0783571
0.662
0.182383
0.0442672
0.662
0.169352
0.10583
0.305707
0.159544
0.0492062
0.245683
0.380092
0.455545
0.548883
0.0324233
0.662
0.332354
0.239799
0.138632
0.0451953
0.0600859
0.215947
0.662
0.257347
0.404527
0.443943
0.262388
0.588573
0.182375
0.117046
0.276044
0.217406
0.201124
0.610212
0.662
0.662
0.499664
0.0682686
0.283941
0.662
0.162158
0.662
0.662
0.216951
0.216786
0.379545
0.114926
0.0758132
0.320805
0.447516
0.662
0.421324
0.256614
0.288214
0.233175
0.210611
0.662
0.226315
0.27804
0.165747
0.059849
0.662
0.187085
0.608525
0.437598
0.345331
0.0974544
0.236464
0.159542
0.113193
0.0767689
0.222905
0.0276977
0.662
0.284203
0.422168
0.165658
0.662
0.458373
0.0396036
0.334222
0.364495
0.286264
0.355012
0.617544
0.662
0.219372
0.271028
0.387166
0.0912041
0.286202
0.608358
0.662
0.249548
0.209528
0.662
0.382271
0.515
0.230993
0.254065
0.197444
0.0562124
0.232061
0.662
0.274926
0.227142
0.662
0.069164
0.662
0.0169041
0.346918
0.109803
0.0296069
0.527791
0.0985152
0.242749
0.538957
0.132808
0.381342
0.0868695
0.259988
0.130875
0.310836
0.223
0.025852
0.207558
0.327206
0.30189
0.340772
0.00309917
0.662
0.314865
0.376188
0.662
0.133806
0.476943
0.662
0.636666
0.662
0.128504
0.0887568
0.198353
0.147603
0.662
0.662
0.03899
0.662
0.109235
0.198652
0.662
0.662
0.239679
0.149763
0.159418
0.178774
0.185802
0.125578
0.032493
0.418501
0.0580093
0.252269
0.561778
0.662
0.662
0.0304218
0.053813
0.147027
0.248079
0.332614
0.0906778
0.453179
0.093693
0.161299
0.189136
0.477293
0.662
0.662
0.0837207
0.219301
0.0855476
0.662
0.157104
0.199717
0.662
0.188808
0.16575
0.125622
0.662
0.140872
0.201576
0.662
0.33188
0.238375
0.184543
0.463865
0.169208
0.359126
0.147117
0.362303
0.516695
0.474855
0.196571
0.403056
0.662
0.198417
0.270862
0.0937619
0.662
0.0628591
0.662
0.588525
0.662
0.240779
0.166103
0.56013
0.0792983
0.662
0.445487
0.662
0.0195912
0.662
0.0601527
0.178713
0.662
0.662
0.283911
0.662
0.218834
0.662
0.662
0.0807395
0.137703
0.12366
0.595988
0.662
0.16112
0.348915
0.116673
0.496908
0.0780668
0.295375
0.0702799
0.13618
0.193791
0.262862
0.271277
0.662
0.321448
0.416543
0.198794
0.056375
0.0621515
0.18899
0.142351
0.0643355
0.0372645
0.424382
0.289413
0.0923656
0.662
0.144682
0.662
0.662
0.135375
0.0857612
0.425313
0.662
0.199095
0.35283
0.0920594
0.662
0.662
0.514161
0.662
0.46463
0.200938
0.436459
0.662
0.662
0.135939
0.216353
0.0632141
0.188532
0.662
0.147944
0.287064
0.249658
0.662
0.206986
0.662
0.117776
0.43294
0.19923
0.662
0.662
0.176871
0.148977
0.134062
0.190293
0.19123
0.662
0.192108
0.159415
0.0901664
0.504054
0.662
0.652232
0.147777
0.0756097
0.462292
0.167785
0.247874
0.249308
0.662
0.127069
0.107216
0.0341831
0.582749
0.184743
0.344265
0.0483879
0.585869
0.0909423
0.174071
0.662
0.281669
0.656787
0.108378
0.182516
0.103579
0.348397
0.0612562
0.662
0.662
0.455794
0.662
0.250224
0.088428
0.662
0.0779472
0.268476
0.662
0.200708
0.662
0.116081
0.347107
0.496663
0.469713
0.174217
0.464383
0.662
0.662
0.418057
0.662
0.662
0.113203
0.131035
0.413668
0.0582716
0.0572669
0.0298095
0.293524
0.214442
0.662
0.600842
0.165636
0.336356
0.662
0.662
0.146368
0.16578
0.428244
0.302311
0.0840313
0.123328
0.355549
0.662
0.0914388
0.125317
0.0518219
0.10897
0.423588
0.327243
0.0437948
0.0826035
0.662
0.115163
0.662
0.316073
0.11673
0.164371
0.054148
0.296351
0.662
0.662
0.43993
0.352203
0.662
0.576036
0.424257
0.185284
0.200729
0.509004
0.172001
0.610921
0.591514
0.392374
0.116018
0.165595
0.662
0.662
0.305947
0.0837794
0.13704
0.662
0.391127
0.207087
0.364659
0.332995
0.225786
0.0619461
0.145148
0.0574298
0.160373
0.662
0.461645
0.193
0.334325
0.0573455
0.457019
0.026381
0.3472
0.662
0.662
0.0631532
0.625093
0.301692
0.662
0.227264
0.662
0.0853413
0.662
0.662
0.431343
0.0329727
0.662
0.662
0.358177
0.129093
0.084144
0.0591231
0.662
0.662
0.180916
0.286582
0.662
0.461286
0.193185
0.199718
0.487361
0.272211
0.206462
0.193625
0.662
0.394385
0.0734703
0.0829626
0.473267
0.00951682
0.585165
0.335267
0.133517
0.190257
0.253083
0.318476
0.662
0.341558
0.662
0.425744
0.662
0.0161434
0.314022
0.662
0.322395
0.481585
0.123535
0.246688
0.107473
0.0844933
0.15126
0.414789
0.166454
0.0169094
0.662
0.138981
0.113918
0.126114
0.209037
0.0998418
0.182898
0.101436
0.195734
0.662
0.411858
0.110897
0.138297
0.0691668
0.662
0.18815
0.135608
0.0789646
0.211684
0.662
0.162135
0.662
0.662
0.0512686
0.662
0.333504
0.111621
0.662
0.12137
0.0891268
0.652861
0.596747
0.662
0.662
0.454018
0.662
0.662
0.172111
0.0895701
0.0740793
0.165757
0.662
0.11427
0.0555973
0.189657
0.0996708
0.652622
0.249867
0.104137
0.187327
0.662
0.0363537
0.414613
0.592164
0.0916488
0.0279219
0.175786
0.14892
0.352583
0.164891
0.126238
0.26936
0.235889
0.662
0.132288
0.222129
0.415796
0.229426
0.190246
0.103132
0.466896
0.662
0.579981
0.662
0.146518
0.662
0.0367403
0.102023
0.123733
0.0445298
0.105152
0.321414
0.558436
0.411242
0.160518
0.368028
0.0664349
0.662
0.15702
0.325214
0.0156071
0.153761
0.0424617
0.434486
0.25403
0.159394
0.106051
0.0782964
0.264007
0.250049
0.576386
0.234933
0.257211
0.0875572
0.332061
0.662
0.212909
0.264727
0.106513
0.662
0.235246
0.662
0.101567
0.362298
0.662
0.0693255
0.41839
0.0176224
0.337679
0.15528
0.419226
0.435127
0.300618
0.191481
0.116684
0.523277
0.131961
0.662
0.157694
0.639591
0.18001
0.182863
0.129753
0.208726
0.607138
0.0846893
0.337795
0.471916
0.662
0.111766
0.662
0.662
0.437852
0.235002
0.21463
0.0558442
0.085159
0.197211
0.662
0.286081
0.286083
0.662
0.129691
0.662
0.228699
0.207653
0.313368
0.145597
0.100438
0.495805
0.249589
0.372901
0.342605
0.0762998
0.662
0.157602
0.662
0.557561
0.622902
0.16947
0.137288
0.600292
0.0822436
0.223427
0.662
0.243641
0.389893
0.275985
0.662
0.662
0.0886532
0.0606541
0.207673
0.210425
0.487569
0.0570355
0.185222
0.00457924
0.651635
0.329664
0.0601494
0.0273071
0.0628388
0.143849
0.450353
0.124043
0.192838
0.221311
0.330788
0.405918
0.111338
0.228741
0.429826
0.0118726
0.662
0.662
0.176854
0.0761127
0.10402
0.194446
0.0760947
0.200411
0.137007
0.186798
0.343056
0.662
0.662
0.154417
0.102378
0.196945
0.156373
0.310933
0.197391
0.662
0.0706058
0.329837
0.0373446
0.0819606
0.0869945
0.662
0.662
0.392854
0.208523
0.662
0.067856
0.212678
0.294047
0.550871
0.24002
0.0490553
0.662
0.297135
0.322678
0.277741
0.287594
0.209706
0.176351
0.195163
0.150904
0.662
0.330067
0.346019
0.662
0.0746927
0.0930616
0.139045
0.0966525
0.373847
0.662
0.662
0.217657
0.112837
0.13408
0.0932019
0.166311
0.135626
0.499853
0.198168
0.464864
0.662
0.662
0.662
0.633694
0.662
0.200538
0.162053
0.662
0.137822
0.486429
0.0106281
0.662
0.0227959
0.490512
0.152889
0.0525671
0.33927
0.0735444
0.255054
0.414783
0.662
0.134702
0.14713
0.344954
0.283287
0.322887
0.63231
0.443686
0.29881
0.662
0.304843
0.0678677
0.117832
0.662
0.194604
0.529059
0.105617
0.0201496
0.482797
0.352724
0.174973
0.662
0.450804
0.662
0.134379
0.263765
0.163158
0.662
0.662
0.0956223
0.0888139
0.261628
0.18187
0.531599
0.0459863
0.662
0.11706
0.662
0.0776557
0.498289
0.662
0.170052
0.168935
0.216053
0.219863
0.662
0.187254
0.662
0.662
0.299189
0.0114425
0.541544
0.116411
0.091961
0.271845
0.072413
0.112369
0.058699
0.190767
0.662
0.137612
0.221089
0.0921293
0.522412
0.218877
0.662
0.351211
0.312338
0.662
0.0239678
0.070238
0.662
0.131078
0.215849
0.267554
0.255287
0.479377
0.38756
0.662
0.662
0.105494
0.346408
0.0422584
0.193849
0.223887
0.662
0.203096
0.0387396
0.238755
0.203959
0.404025
0.662
0.180495
0.07998
0.0957984
0.290967
0.146073
0.198355
0.662
0.662
0.662
0.334873
0.111772
0.662
0.575012
0.149484
0.401323
0.143021
0.334525
0.32298
0.0294955
0.213557
0.111671
0.371526
0.147916
0.406031
0.173673
0.262493
0.268546
0.662
0.301817
0.209648
0.21754
0.0886918
0.567003
0.132959
0.329716
0.662
0.662
0.406561
0.229215
0.445808
0.174532
0.0199944
0.0493681
0.197346
0.0518945
0.662
0.165699
0.222065
0.662
0.156138
0.088375
0.392095
0.0466979
0.662
0.302458
0.662
0.446207
0.426538
0.035247
0.662
0.581258
0.662
0.185035
0.414031
0.443576
0.243536
0.662
0.662
0.0798599
0.423904
0.314552
0.662
0.32843
0.501267
0.00641002
0.662
0.662
0.25568
0.323558
0.209234
0.371305
0.662
0.234888
0.662
0.662
0.413966
0.662
0.197477
0.327343
0.0694252
0.433894
0.408487
0.662
0.0953561
0.238651
0.451524
0.662
0.514601
0.353027
0.255432
0.662
0.63339
0.287242
0.212165
0.103135
0.662
0.486988
0.298436
0.28095
0.382756
0.195259
0.662
0.392877
0.662
0.506264
0.408706
0.0150221
0.662
0.662
0.662
0.0703293
0.0947106
0.0817252
0.662
0.210395
0.172168
0.291791
0.335876
0.662
0.226926
0.0982423
0.319162
0.662
0.0560332
0.662
0.204855
0.299086
0.662
0.213594
0.205653
0.151943
0.54134
0.152729
0.106875
0.175658
0.0721775
0.453159
0.0573579
0.662
0.0814538
0.00682942
0.061745
0.18522
0.103041
0.191168
0.107328
0.662
0.406078
0.662
0.662
0.255784
0.449938
0.662
0.558516
0.12291
0.662
0.232095
0.662
0.15984
0.039437
0.662
0.216025
0.217331
0.187123
0.662
0.149692
0.662
0.0894379
0.662
0.128346
0.0242616
0.0923275
0.298631
0.324508
0.0516227
0.662
0.361273
0.476082
0.648417
0.155495
0.662
0.298964
0.252228
0.20161
0.27592
0.281498
0.473025
0.0709607
0.271549
0.662
0.198342
0.139275
0.662
0.0614767
0.219169
0.266445
0.327025
0.654773
0.662
0.662
0.0437733
0.198505
0.325862
0.075846
0.48582
0.55442
0.242686
0.265269
0.276092
0.564942
0.412631
0.662
0.179407
0.252306
0.270057
0.195934
0.158467
0.397376
0.662
0.24257
0.541659
0.180861
0.123504
0.662
0.110291
0.662
0.0870162
0.662
0.28145
0.111363
0.582663
0.0550646
0.351737
0.662
0.662
0.0831425
0.385043
0.662
0.662
0.662
0.342465
0.391291
0.662
0.394381
0.549674
0.524262
0.125221
0.662
0.0922665
0.208305
0.115124
0.354122
0.294496
0.456909
0.153398
0.0806919
0.662
0.178307
0.662
0.0654289
0.193572
0.0172386
0.0912676
0.0143985
0.0513434
0.662
0.17728
0.662
0.3268
0.200372
0.364966
0.323399
0.072487
0.171553
0.662
0.316561
0.11057
0.662
0.311869
0.410508
0.386218
0.106407
0.0343564
0.662
0.441992
0.0982949
0.117571
0.381314
0.288423
0.0464226
0.34737
0.662
0.662
0.199007
0.0958684
0.121381
0.662
0.662
0.662
0.662
0.399428
0.662
0.201426
0.127151
0.0959224
0.46693
0.0681671
0.223241
0.662
0.238504
0.635071
0.0288799
0.662
0.210509
0.0625358
0.427737
0.0475856
0.129947
0.418015
0.225711
0.267125
0.184337
0.162606
0.249199
0.0713533
0.281172
0.115986
0.662
0.0482543
0.609228
0.662
0.212047
0.662
0.216535
0.0641803
0.662
0.274691
0.207751
0.0618574
0.180201
0.394963
0.119945
0.589759
0.662
0.662
0.662
0.662
0.662
0.662
0.0761389
0.171057
0.662
0.34317
0.0514449
0.472531
0.076192
0.342878
0.0864703
0.662
0.31278
0.0340088
0.0917563
0.148049
0.26533
0.313079
0.662
0.0427278
0.662
0.0376932
0.662
0.047393
0.236686
0.173929
0.219143
0.0943991
0.223256
0.218275
0.662
0.0911194
0.137609
0.338299
0.230828
0.0702324
0.258428
0.208477
0.662
0.662
0.0942563
0.408249
0.272404
0.507709
0.272109
0.662
0.662
0.662
0.662
0.662
0.378092
0.662
0.196954
0.401037
0.339298
0.662
0.569074
0.662
0.213176
0.611065
0.12422
0.235605
0.214288
0.348868
0.662
0.26865
0.1013
0.226028
0.0681415
0.315442
0.192965
0.078618
0.227799
0.262705
0.662
0.281283
0.270388
0.0785548
0.662
0.257496
0.195733
0.287711
0.662
0.395199
0.227845
0.662
0.662
0.662
0.0725829
0.317546
0.161854
0.221465
0.355582
0.328309
0.281842
0.084168
0.358153
0.174003
0.10466
0.451617
0.259618
0.371735
0.103093
0.089081
0.402892
0.414859
0.216853
0.662
0.459341
0.184032
0.506742
0.24032
0.310262
0.639142
0.136108
0.126494
0.184861
0.662
0.551303
0.187361
0.370611
0.662
0.121591
0.146119
0.311908
0.0680681
0.0969112
0.120629
0.627621
0.210744
0.207844
0.0491537
0.238213
0.662
0.662
0.662
0.105965
0.351898
0.185148
0.266708
0.662
0.662
0.15183
0.231579
0.0798762
0.381223
0.0691322
0.170623
0.0168808
0.506715
0.0408535
0.173168
0.49975
0.662
0.32691
0.146905
0.334329
0.202388
0.0871039
0.193563
0.662
0.00818678
0.397724
0.0480786
0.00728697
0.0790946
0.304022
0.662
0.190835
0.213699
0.281492
0.172317
0.314809
0.280259
0.0450216
0.102637
0.662
0.411305
0.0877752
0.455961
0.180071
0.231781
0.3842
0.284763
0.662
0.128852
0.0818117
0.460811
0.178579
0.089278
0.17456
0.171095
0.662
0.406684
0.483621
0.0211986
0.19171
0.662
0.266854
0.662
0.662
0.446762
0.662
0.0586612
0.100798
0.175807
0.660823
0.264744
0.662
0.193033
0.209341
0.539657
0.176454
0.136132
0.0833043
0.184824
0.43631
0.662
0.427243
0.142879
0.0123237
0.407296
0.437338
0.662
0.130973
0.370903
0.218024
0.183124
0.376019
0.155333
0.22808
0.152028
0.189209
0.252606
0.537066
0.361944
0.22712
0.662
0.373291
0.328995
0.352752
0.151097
0.148748
0.107082
0.18585
0.105378
0.0466194
0.41948
0.662
0.0774718
0.662
0.0633538
0.662
0.220819
0.189027
0.662
0.385088
0.115271
0.627831
0.0701506
0.207353
0.019729
0.0908482
0.0543569
0.24644
0.344445
0.533304
0.100092
0.115196
0.150768
0.282989
0.662
0.481754
0.196038
0.662
0.0509811
0.662
0.213168
0.188863
0.0964697
0.568194
0.398141
0.662
0.368881
0.331776
0.0392537
0.662
0.127439
0.303517
0.175636
0.228311
0.662
0.258681
0.662
0.14525
0.225107
0.0847866
0.0769788
0.060494
0.162526
0.662
0.149682
0.297367
0.232799
0.0779996
0.529055
0.662
0.25233
0.59267
0.188433
0.662
0.134374
0.662
0.322946
0.10995
0.600269
0.662
0.662
0.0912371
0.302465
0.351385
0.662
0.183137
0.269599
0.231393
0.223229
0.139322
0.608749
0.445278
0.410674
0.0899258
0.177959
0.662
0.0523865
0.139656
0.108374
0.267295
0.0803032
0.166969
0.203886
0.662
0.662
0.142318
0.0950065
0.088364
0.0874908
0.296608
0.390116
0.662
0.662
0.515883
0.407894
0.225608
0.662
0.0516743
0.274112
0.232994
0.233294
0.282568
0.142862
0.548763
0.0594662
0.662
0.619607
0.420596
0.302769
0.374913
0.662
0.138434
0.118026
0.662
0.346229
0.347083
0.662
0.0821449
0.186587
0.196444
0.662
0.259857
0.1075
0.121919
0.25608
0.26264
0.252433
0.336125
0.662
0.177212
0.662
0.284364
0.201703
0.347747
0.243027
0.428391
0.0986055
0.116595
0.662
0.299397
0.185652
0.334774
0.451736
0.13224
0.378147
0.418836
0.29482
0.662
0.0792029
0.460166
0.237602
0.662
0.0559314
0.128714
0.0778709
0.206675
0.355198
0.662
0.177492
0.342013
0.149844
0.662
0.611841
0.118288
0.169265
0.662
0.100362
0.414423
0.204446
0.662
0.307639
0.662
0.201224
0.448036
0.662
0.662
0.662
0.662
0.174588
0.662
0.662
0.662
0.662
0.523292
0.097137
0.0621515
0.163429
0.662
0.301701
0.662
0.662
0.162992
0.234355
0.0225553
0.139425
0.197588
0.414235
0.662
0.219315
0.662
0.431548
0.197902
0.171436
0.453798
0.662
0.180408
0.662
0.470967
0.0536325
0.255558
0.168253
0.172331
0.102529
0.662
0.183251
0.178931
0.452727
0.662
0.662
0.00152817
0.191064
0.46635
0.64153
0.187666
0.303698
0.512692
0.275282
0.0858841
0.662
0.125335
0.662
0.114716
0.305696
0.48601
0.187536
0.0840984
0.176949
0.0894137
0.285219
0.117698
0.410764
0.289445
0.0552659
0.201389
0.514324
0.129936
0.194442
0.662
0.662
0.45717
0.662
0.662
0.662
0.662
0.662
0.086763
0.267531
0.662
0.353394
0.0388495
0.112061
0.083905
0.212951
0.258032
0.145428
0.493767
0.12251
0.150811
0.115634
0.218384
0.154572
0.156723
0.0657643
0.662
0.097296
0.662
0.298044
0.662
0.101128
0.635712
0.662
0.60912
0.18756
0.361743
0.2571
0.443957
0.237183
0.662
0.541106
0.529593
0.662
0.3931
0.264185
0.186182
0.353682
0.662
0.202971
0.662
0.172309
0.662
0.662
0.420702
0.0203266
0.10663
0.25563
0.198119
0.0799789
0.0766642
0.662
0.14872
0.184116
0.662
0.0330858
0.0601287
0.662
0.181976
0.484874
0.662
0.662
0.01936
0.222319
0.0991521
0.37927
0.13978
0.158424
0.19556
0.118994
0.134773
0.662
0.277917
0.0787151
0.16543
0.0592268
0.269172
0.346603
0.439763
0.226655
0.29175
0.662
0.266328
0.182566
0.0793179
0.272872
0.479201
0.338554
0.662
0.166952
0.187244
0.0926049
0.161336
0.133483
0.464912
0.117302
0.240675
0.245922
0.288478
0.13559
0.183831
0.0919053
0.27899
0.124245
0.0912392
0.187176
0.148846
0.662
0.662
0.645877
0.189077
0.312781
0.183515
0.386384
0.128578
0.0402279
0.181601
0.426854
0.23831
0.662
0.0509337
0.12136
0.0773491
0.302922
0.662
0.09011
0.662
0.662
0.492973
0.158043
0.436007
0.212659
0.662
0.662
0.662
0.662
0.176285
0.662
0.428486
0.662
0.488268
0.432236
0.387217
0.0306278
0.0830758
0.225259
0.662
0.00226798
0.120424
0.170692
0.284363
0.0925279
0.662
0.279975
0.37608
0.291731
0.192798
0.363117
0.114059
0.414078
0.154996
0.662
0.146425
0.606635
0.399219
0.283667
0.153643
0.662
0.018728
0.180725
0.371946
0.276972
0.476761
0.218979
0.532025
0.352071
0.256142
0.348756
0.265956
0.127788
0.265818
0.168718
0.131587
0.296907
0.225397
0.414389
0.23156
0.183663
0.102907
0.346345
0.334706
0.272163
0.218259
0.410804
0.0776556
0.232522
0.590579
0.0756794
0.0280855
0.335614
0.0278451
0.261537
0.307614
0.376723
0.662
0.123746
0.160058
0.662
0.0271458
0.662
0.0820681
0.165558
0.662
0.662
0.0199308
0.117715
0.662
0.0868383
0.210468
0.206091
0.322811
0.156941
0.00377937
0.201445
0.434262
0.159859
0.662
0.163262
0.662
0.644655
0.332512
0.662
0.255846
0.101695
0.111168
0.662
0.662
0.153238
0.2739
0.228232
0.568297
0.173569
0.508568
0.350042
0.662
0.662
0.0975015
0.0832603
0.0136661
0.0866118
0.237026
0.274282
0.662
0.0936092
0.0938371
0.299795
0.0495712
0.662
0.634338
0.662
0.16456
0.662
0.489192
0.315823
0.30212
0.0962694
0.0851221
0.139365
0.085653
0.123365
0.170022
0.129706
0.087968
0.157314
0.0770087
0.217944
0.336417
0.662
0.307225
0.534548
0.258013
0.171618
0.662
0.662
0.0764589
0.662
0.0727944
0.662
0.375568
0.662
0.445704
0.00287654
0.662
0.288413
0.138851
0.0901841
0.645668
0.662
0.302654
0.20714
0.172114
0.523602
0.487823
0.206045
0.303165
0.662
0.199098
0.662
0.662
0.364555
0.072912
0.351634
0.31098
0.159948
0.363331
0.180922
0.278183
0.154176
0.332515
0.0132229
0.129859
0.186303
0.244821
0.249685
0.335713
0.662
0.0197933
0.662
0.311452
0.126537
0.229195
0.363773
0.107356
0.662
0.243462
0.662
0.316836
0.470186
0.0351653
0.046727
0.0663493
0.127764
0.501053
0.218612
0.662
0.105288
0.0900391
0.107079
0.263641
0.389447
0.44099
0.44697
0.0754337
0.662
0.250225
0.662
0.209049
0.662
0.193728
0.43168
0.299033
0.662
0.0256452
0.0710401
0.20286
0.66136
0.0465093
0.468253
0.202336
0.475982
0.387762
0.150459
0.305336
0.179927
0.662
0.662
0.399384
0.662
0.193864
0.213
0.143335
0.152461
0.662
0.112091
0.13211
0.366175
0.139309
0.226487
0.139109
0.662
0.662
0.220977
0.596648
0.254366
0.0632444
0.177321
0.662
0.249789
0.288679
0.280321
0.0363651
0.662
0.0883631
0.182818
0.662
0.162984
0.662
0.0738001
0.662
0.144793
0.238882
0.662
0.191528
0.10673
0.370469
0.662
0.662
0.105075
0.164681
0.164079
0.662
0.0420408
0.206941
0.651987
0.662
0.247406
0.136173
0.35718
0.340283
0.269691
0.443745
0.555193
0.352337
0.475002
0.0996747
0.0577025
0.662
0.197394
0.031149
0.143212
0.662
0.247648
0.662
0.389786
0.173821
0.131102
0.121977
0.181988
0.364751
0.0368168
0.40424
0.140572
0.147047
0.0471302
0.662
0.412642
0.421142
0.343161
0.662
0.274557
0.283182
0.662
0.559254
0.132657
0.0483433
0.662
0.102499
0.222275
0.239146
0.0954549
0.662
0.21349
0.299663
0.662
0.167668
0.293667
0.208253
0.239145
0.0989066
0.286305
0.171536
0.222205
0.283147
0.662
0.150667
0.662
0.132192
0.662
0.244412
0.0773253
0.4581
0.0657434
0.214384
0.248891
0.27238
0.218846
0.0465754
0.0602221
0.662
0.245766
0.0491621
0.169567
0.336341
0.283862
0.373432
0.184817
0.0645272
0.408512
0.662
0.509527
0.662
0.374795
0.211949
0.491682
0.248258
0.273272
0.110622
0.314821
0.148505
0.152423
0.182512
0.218992
0.186803
0.105596
0.47508
0.131032
0.125413
0.384951
0.19959
0.0901849
0.243765
0.109603
0.0551165
0.662
0.127344
0.228013
0.662
0.0825782
0.0487924
0.17575
0.662
0.662
0.253457
0.318545
0.250019
0.662
0.298254
0.407818
0.397585
0.147015
0.662
0.0692911
0.199932
0.103338
0.0730003
0.662
0.10295
0.562894
0.115034
0.662
0.0622275
0.331379
0.113061
0.433191
0.205481
0.215081
0.656369
0.0292098
0.662
0.467615
0.059178
0.196914
0.342538
0.662
0.662
0.662
0.210413
0.219071
0.0774632
0.0577953
0.189567
0.374447
0.56059
0.0945265
0.197198
0.0521776
0.298662
0.353853
0.0827132
0.171466
0.662
0.662
0.662
0.342926
0.367651
0.377199
0.215055
0.446758
0.432718
0.662
0.403498
0.662
0.097831
0.200963
0.14961
0.22595
0.283088
0.662
0.3337
0.662
0.257067
0.405246
0.662
0.662
0.0249732
0.0967174
0.235366
0.202457
0.142032
0.331548
0.662
0.158992
0.662
0.216387
0.221517
0.296779
0.0042673
0.101235
0.662
0.662
0.662
0.399163
0.391754
0.329954
0.592274
0.102736
0.662
0.10819
0.186391
0.662
0.1083
0.162952
0.161232
0.102423
0.339417
0.271658
0.662
0.662
0.428461
0.17597
0.000171143
0.379172
0.184601
0.0900491
0.198632
0.6366
0.164429
0.662
0.118078
0.435137
0.662
0.0514508
0.0592969
0.126836
0.138096
0.0502953
0.474338
0.529327
0.276897
0.137087
0.31498
0.290177
0.317782
0.35024
0.265534
0.0599002
0.100289
0.19498
0.510827
0.15711
0.0132059
0.662
0.0838624
0.305421
0.662
0.662
0.662
0.20951
0.662
0.146553
0.662
0.662
0.380584
0.0993393
0.662
0.194911
0.527061
0.662
0.147824
0.236141
0.118323
0.18224
0.0169126
0.211188
0.563917
0.22513
0.662
0.662
0.176426
0.347761
0.164092
0.497315
0.314001
0.662
0.662
0.131358
0.325198
0.662
0.662
0.0151527
0.201734
0.429092
0.164905
0.662
0.300997
0.101573
0.155803
0.662
0.0333228
0.662
0.563125
0.190105
0.169039
0.0498452
0.662
0.59214
0.662
0.21477
0.143574
0.356222
0.425368
0.0729027
0.303512
0.246551
0.243065
0.193139
0.197131
0.373076
0.126504
0.212198
0.0578845
0.251907
0.0317694
0.227765
0.104575
0.0394846
0.0702223
0.0215568
0.0157137
0.202564
0.215285
0.352215
0.142528
0.196612
0.443178
0.662
0.662
0.184352
0.429418
0.164439
0.199189
0.284938
0.662
0.29125
0.662
0.188609
0.662
0.414689
0.219706
0.237795
0.662
0.215379
0.662
0.544977
0.0738313
0.662
0.662
0.662
0.150306
0.662
0.131874
0.0676976
0.662
0.662
0.183257
0.40873
0.237638
0.662
0.226445
0.358219
0.477502
0.662
0.657982
0.0701835
0.312993
0.567233
0.0517351
0.0779406
0.0468746
0.662
0.136836
0.0777158
0.152787
0.223588
0.662
0.0396588
0.0202167
0.154581
0.350957
0.309915
0.188628
0.354373
0.395716
0.460959
0.243072
0.24971
0.403715
0.158029
0.337875
0.393878
0.0664274
0.466563
0.517817
0.662
0.175735
0.195341
0.218344
0.427382
0.219767
0.662
0.0401984
0.662
0.467638
0.204995
0.662
0.662
0.0944871
0.118724
0.662
0.199289
0.171518
0.44477
0.0686686
0.216349
0.0379072
0.107077
0.2804
0.4074
0.422465
0.445453
0.13843
0.361324
0.662
0.226069
0.27161
0.0203374
0.662
0.313774
0.662
0.361608
0.141643
0.115045
0.324616
0.00919358
0.113877
0.245269
0.662
0.232244
0.527517
0.125505
0.127762
0.413292
0.182757
0.662
0.432878
0.170962
0.583155
0.168579
0.341838
0.0750461
0.239974
0.154692
0.13371
0.291852
0.17395
0.662
0.207815
0.0853508
0.286382
0.662
0.361345
0.543994
0.101686
0.662
0.662
0.311069
0.340279
0.0939985
0.142963
0.662
0.186679
0.0703128
0.414487
0.662
0.662
0.204796
0.350252
0.662
0.075586
0.0532618
0.427265
0.14382
0.662
0.662
0.0692348
0.107719
0.662
0.149068
0.662
0.184959
0.188449
0.375216
0.111337
0.336976
0.468685
0.465434
0.222899
0.191298
0.662
0.0532647
0.53691
0.281421
0.0785652
0.301636
0.662
0.0412853
0.662
0.164661
0.442395
0.443863
0.262397
0.662
0.0610993
0.0206524
0.0907565
0.260528
0.0585292
0.0184188
0.152269
0.200468
0.619847
0.158645
0.178624
0.317823
0.276229
0.291923
0.331702
0.0774686
0.447728
0.0590061
0.144006
0.370457
0.308269
0.662
0.662
0.129051
0.290625
0.107173
0.662
0.662
0.350784
0.157732
0.441904
0.0945879
0.125261
0.662
0.430516
0.48613
0.259238
0.657838
0.23881
0.145221
0.0372882
0.662
0.0960857
0.136529
0.203019
0.662
0.135503
0.662
0.394082
0.373265
0.407719
0.0262305
0.29072
0.00256832
0.662
0.186886
0.662
0.662
0.560134
0.0877517
0.205877
0.662
0.483238
0.174789
0.126774
0.386147
0.465119
0.194019
0.662
0.354414
0.229947
0.662
0.662
0.0958833
0.453665
0.662
0.40398
0.129102
0.599816
0.662
0.481219
0.250325
0.662
0.171155
0.052654
0.662
0.299011
0.00119944
0.662
0.662
0.207831
0.185851
0.662
0.220386
0.465946
0.662
0.662
0.00360698
0.150971
0.662
0.662
0.124338
0.662
0.11734
0.0477947
0.322499
0.409265
0.13838
0.0041811
0.358963
0.380842
0.662
0.537979
0.201924
0.662
0.245111
0.662
0.16438
0.237153
0.662
0.140566
0.216306
0.662
0.0901189
0.00676222
0.163518
0.21499
0.201174
0.129259
0.157051
0.147667
0.207183
0.316714
0.662
0.0501133
0.322827
0.662
0.662
0.221734
0.279893
0.134649
0.141738
0.386599
0.315354
0.136438
0.436842
0.662
0.662
0.262144
0.181171
0.390403
0.288537
0.0745308
0.662
0.662
0.0975749
0.662
0.129007
0.211953
0.0362403
0.662
0.20611
0.564823
0.572652
0.0578068
0.438446
0.359271
0.226614
0.234661
0.106454
0.158024
0.205281
0.191175
0.0765724
0.662
0.239018
0.522803
0.0637558
0.0796832
0.359772
0.138042
0.125952
0.0854317
0.0598119
0.0834703
0.360068
0.00688369
0.134779
0.124965
0.322202
0.662
0.125012
0.137306
0.189276
0.662
0.34022
0.146851
0.0877523
0.17681
0.662
0.662
0.237725
0.0528655
0.115948
0.260494
0.323191
0.276953
0.199442
0.435667
0.273707
0.423627
0.461812
0.662
0.185383
0.25183
0.162655
0.478075
0.337285
0.214368
0.468493
0.377716
0.662
0.0628267
0.0779014
0.137918
0.231584
0.662
0.377278
0.385444
0.1923
0.465834
0.389834
0.350991
0.281211
0.137744
0.662
0.20254
0.127142
0.662
0.447382
0.128737
0.118592
0.0878302
0.287875
0.292441
0.662
0.143404
0.387702
0.662
0.130079
0.662
0.151128
0.0792315
0.13023
0.140852
0.662
0.662
0.662
0.231799
0.565932
0.662
0.221471
0.662
0.134272
0.0063431
0.134295
0.276936
0.187094
0.281664
0.127231
0.662
0.292807
0.662
0.192885
0.167304
0.332926
0.158551
0.662
0.0850682
0.0761388
0.0614117
0.0729061
0.662
0.419261
0.160188
0.0260423
0.288049
0.277685
0.227083
0.662
0.409944
0.662
0.178806
0.0899315
0.0350055
0.662
0.195346
0.662
0.107488
0.309
0.104711
0.188386
0.316464
0.172083
0.116449
0.172426
0.662
0.111016
0.377404
0.267359
0.275918
0.499034
0.0481371
0.207359
0.429778
0.662
0.227077
0.122973
0.110916
0.072612
0.0577641
0.0820722
0.194331
0.540474
0.19513
0.132819
0.465466
0.0327771
0.662
0.382303
0.365134
0.662
0.206821
0.194892
0.0953518
0.662
0.662
0.223526
0.662
0.0155177
0.385375
0.662
0.351284
0.48129
0.570568
0.662
0.480478
0.0909656
0.662
0.0622593
0.0100967
0.218974
0.264709
0.118152
0.177983
0.374723
0.218145
0.580114
0.662
0.308234
0.662
0.497399
0.662
0.662
0.662
0.555223
0.591406
0.207381
0.275294
0.0381455
0.0271805
0.102975
0.138008
0.547641
0.662
0.0959363
0.0909163
0.662
0.230776
0.202194
0.114893
0.225005
0.455762
0.0982487
0.178161
0.43992
0.662
0.248545
0.116666
0.286371
0.662
0.301112
0.282059
0.113975
0.131118
0.517407
0.662
0.525791
0.662
0.0172266
0.0722945
0.253645
0.377721
0.36537
0.662
0.286456
0.216748
0.662
0.266664
0.0867806
0.662
0.235697
0.662
0.0919598
0.308698
0.662
0.0958922
0.454353
0.662
0.211078
0.662
0.163527
0.215723
0.15628
0.461853
0.546901
0.177363
0.223222
0.0622976
0.662
0.0577693
0.382486
0.114871
0.425174
0.539321
0.197895
0.458578
0.245548
0.481897
0.662
0.101083
0.118679
0.227517
0.662
0.165556
0.076066
0.323125
0.0875875
0.430713
0.267111
0.118237
0.662
0.197494
0.662
0.115912
0.149892
0.662
0.662
0.0701347
0.147448
0.363643
0.0265487
0.476852
0.0516953
0.188012
0.662
0.0731554
0.367235
0.397792
0.627218
0.0835978
0.038719
0.662
0.0752414
0.312508
0.144579
0.44383
0.334488
0.321356
0.0959587
0.141288
0.459065
0.183958
0.173399
0.662
0.293659
0.662
0.0714981
0.191219
0.470264
0.441581
0.0285751
0.662
0.559881
0.662
0.617918
0.173411
0.302962
0.0922367
0.138532
0.126308
0.662
0.221179
0.662
0.662
0.320473
0.10866
0.170834
0.662
0.192381
0.662
0.434013
0.478262
0.155392
0.258662
0.662
0.103523
0.662
0.159976
0.110798
0.180259
0.349401
0.0833448
0.227127
0.164709
0.200292
0.662
0.662
0.0994851
0.362568
0.297246
0.406475
0.221569
0.662
0.0372607
0.662
0.127104
0.116736
0.216769
0.200199
0.00108512
0.308552
0.224379
0.435535
0.113267
0.416002
0.662
0.445226
0.0514124
0.126011
0.115461
0.338275
0.532049
0.662
0.662
0.111689
0.24702
0.627256
0.308447
0.0857021
0.166312
0.65054
0.662
0.662
0.136599
0.0933409
0.286771
0.662
0.0522559
0.27674
0.250739
0.0569963
0.172181
0.156606
0.277086
0.288415
0.57505
0.662
0.107642
0.475778
0.662
0.420751
0.0532307
0.0599096
0.189396
0.662
0.662
0.662
0.224177
0.621828
0.0925898
0.183997
0.444145
0.144806
0.124921
0.662
0.161442
0.230079
0.199507
0.336964
0.662
0.662
0.662
0.469182
0.0846538
0.662
0.0742651
0.281964
0.309495
0.218712
0.0690726
0.151421
0.662
0.662
0.662
0.211817
0.121301
0.397042
0.0764254
0.0826054
0.0192473
0.28111
0.251145
0.115307
0.0500301
0.662
0.00360458
0.191261
0.323232
0.213938
0.185003
0.130234
0.662
0.662
0.230952
0.00715632
0.662
0.420764
0.187618
0.235445
0.085665
0.0714825
0.14968
0.510591
0.506997
0.662
0.136376
0.266594
0.662
0.145706
0.662
0.134328
0.662
0.396786
0.662
0.662
0.388289
0.530335
0.662
0.552562
0.49997
0.0386421
0.0845712
0.245231
0.329862
0.127376
0.231879
0.633875
0.212979
0.202342
0.195282
0.203492
0.137295
0.480804
0.122487
0.490136
0.0576447
0.12972
0.407682
0.662
0.210632
0.662
0.332909
0.269923
0.249948
0.529885
0.662
0.160023
0.662
0.235301
0.100026
0.033193
0.22591
0.128028
0.662
0.135775
0.196796
0.662
0.662
0.0402446
0.110614
0.662
0.44509
0.230502
0.123798
0.10987
0.418003
0.186308
0.0666113
0.662
0.0128331
0.424039
0.518833
0.152067
0.437316
0.274555
0.149669
0.527773
0.0559654
0.253249
0.286317
0.318619
0.264158
0.662
0.102496
0.662
0.475782
0.662
0.341897
0.394635
0.0433064
0.554578
0.654939
0.177578
0.662
0.142761
0.148094
0.662
0.471229
0.344213
0.438914
0.176438
0.0662679
0.381216
0.471618
0.186517
0.662
0.0794426
0.300698
0.194822
0.197848
0.662
0.292205
0.662
0.0661897
0.662
0.189249
0.0863152
0.178563
0.0726022
0.662
0.18354
0.00953273
0.216894
0.662
0.112493
0.13457
0.13563
0.662
0.322884
0.420025
0.0294904
0.162167
0.163058
0.161449
0.0399274
0.369487
0.662
0.128412
0.219443
0.303494
0.135567
0.0523463
0.14588
0.167827
0.428097
0.383913
0.229994
0.208812
0.219077
0.0828641
0.0919667
0.214345
0.341703
0.129146
0.125785
0.231338
0.107854
0.135129
0.662
0.242934
0.395442
0.662
0.140468
0.380204
0.407285
0.0961408
0.662
0.109811
0.558794
0.335794
0.474735
0.207398
0.129662
0.364872
0.296853
0.174666
0.580183
0.452414
0.109905
0.0622759
0.0997317
0.20871
0.243262
0.15762
0.270205
0.266396
0.15272
0.111692
0.662
0.0945567
0.300933
0.439117
0.388305
0.662
0.662
0.607037
0.20044
0.662
0.456762
0.662
0.0768718
0.662
0.662
0.662
0.142425
0.662
0.135137
0.662
0.368791
0.280432
0.269337
0.453288
0.662
0.375465
0.662
0.210513
0.112334
0.662
0.494084
0.493683
0.283042
0.662
0.606323
0.450987
0.309844
0.23452
0.558691
0.149973
0.0973617
0.0449861
0.191444
0.536937
0.161767
0.210781
0.1368
0.662
0.210582
0.662
0.168
0.662
0.464569
0.662
0.662
0.0457676
0.220942
0.288401
0.60519
0.236669
0.662
0.295569
0.175766
0.225065
0.16495
0.408798
0.662
0.451192
0.487091
0.136418
0.245285
0.0882177
0.209403
0.0496608
0.662
0.0842128
0.0896315
0.662
0.402224
0.662
0.662
0.142655
0.138134
0.0585378
0.19604
0.662
0.274515
0.313241
0.107235
0.085985
0.662
0.662
0.204237
0.662
0.169271
0.210461
0.247068
0.255533
0.0999164
0.136179
0.662
0.174426
0.662
0.662
0.106111
0.229979
0.101178
0.662
0.405809
0.662
0.662
0.187298
0.662
0.662
0.518471
0.0824332
0.426594
0.416202
0.160888
0.196547
0.0923438
0.307419
0.662
0.0534966
0.274141
0.134216
0.123293
0.470747
0.662
0.662
0.662
0.662
0.0861074
0.468696
0.272015
0.27465
0.413543
0.110535
0.0757231
0.395755
0.191312
0.386288
0.094325
0.662
0.330303
0.26251
0.372231
0.180092
0.317692
0.381255
0.477888
0.337792
0.442419
0.0170324
0.117307
0.662
0.662
0.662
0.116927
0.655371
0.321021
0.449871
0.332857
0.0697945
0.130378
0.127449
0.199254
0.169353
0.532448
0.103022
0.328607
0.191731
0.136345
0.19157
0.454697
0.0492808
0.662
0.0387132
0.662
0.662
0.662
0.0518551
0.0843055
0.205026
0.662
0.00686292
0.429641
0.0161755
0.110784
0.358466
0.17104
0.471042
0.131164
0.088847
0.391579
0.198109
0.0361858
0.662
0.244996
0.348999
0.117852
0.0982111
0.191814
0.103364
0.0384531
0.662
0.074099
0.662
0.662
0.662
0.0218749
0.0386526
0.461753
0.662
0.0477138
0.150645
0.433525
0.293797
0.0890747
0.110339
0.263986
0.209756
0.509353
0.0307033
0.662
0.171827
0.662
0.447182
0.545539
0.0203424
0.0809728
0.487207
0.519938
0.071808
0.077286
0.156357
0.0910412
0.0845792
0.285532
0.210406
0.662
0.370258
0.171856
0.16868
0.662
0.257999
0.123365
0.240186
0.416833
0.104311
0.366875
0.185253
0.396139
0.359573
0.101589
0.662
0.662
0.108675
0.662
0.158946
0.158689
0.215005
0.105975
0.554868
0.662
0.662
0.449551
0.662
0.662
0.263334
0.662
0.662
0.662
0.115408
0.249576
0.0533582
0.662
0.154621
0.206506
0.1697
0.662
0.307051
0.172303
0.108999
0.162711
0.187666
0.11
0.662
0.101369
0.662
0.662
0.237729
0.474822
0.504017
0.54249
0.662
0.662
0.662
0.108808
0.662
0.0797592
0.084091
0.122514
0.409578
0.662
0.103961
0.209431
0.197755
0.662
0.232786
0.662
0.112004
0.0706697
0.0386708
0.203992
0.229635
0.313155
0.269488
0.312369
0.296598
0.283817
0.0643352
0.662
0.196765
0.231754
0.241827
0.307255
0.434186
0.354372
0.207747
0.387206
0.210247
0.0246065
0.215977
0.444659
0.662
0.662
0.662
0.117305
0.154565
0.267535
0.662
0.56026
0.119536
0.21572
0.25025
0.247094
0.214328
0.662
0.437932
0.103576
0.0872447
0.125059
0.662
0.0494766
0.171208
0.118312
0.106318
0.662
0.187518
0.0788492
0.662
0.24456
0.179203
0.662
0.427455
0.155443
0.252587
0.138146
0.429877
0.0855356
0.662
0.121654
0.310492
0.0409401
0.222679
0.273898
0.662
0.0384745
0.221234
0.273564
0.063899
0.000806257
0.0804086
0.0272018
0.256157
0.292607
0.374336
0.234858
0.283209
0.162375
0.157338
0.165511
0.662
0.0742331
0.109105
0.320992
0.266415
0.179982
0.169192
0.662
0.662
0.305037
0.152858
0.217259
0.215712
0.174013
0.662
0.445977
0.407691
0.134676
0.581929
0.00139334
0.259925
0.301363
0.662
0.11414
0.177675
0.33341
0.349716
0.446972
0.290636
0.0286475
0.169295
0.265769
0.0901911
0.137731
0.662
0.662
0.0979223
0.662
0.243134
0.202993
0.0739725
0.111991
0.292065
0.320213
0.170275
0.0963143
0.180789
0.662
0.411706
0.128743
0.662
0.662
0.662
0.0758226
0.246635
0.197658
0.662
0.562688
0.662
0.639188
0.0578668
0.284348
0.107179
0.445429
0.125113
0.116913
0.269802
0.202413
0.518273
0.662
0.450275
0.392655
0.2503
0.507977
0.0469033
0.662
0.249834
0.0844783
0.469989
0.233028
0.123685
0.662
0.236296
0.662
0.17167
0.662
0.0724392
0.287745
0.0841284
0.499169
0.662
0.104874
0.129039
0.342679
0.111665
0.117169
0.0862853
0.330915
0.662
0.446455
0.325286
0.379696
0.240272
0.662
0.662
0.084761
0.208855
0.0466018
0.441243
0.229783
0.662
0.396875
0.180042
0.317454
0.192193
0.662
0.0543351
0.153815
0.662
0.135922
0.370715
0.24608
0.305649
0.662
0.514206
0.154789
0.247957
0.333081
0.273899
0.041811
0.220341
0.361828
0.0517177
0.211766
0.411558
0.336534
0.662
0.440027
0.662
0.0621624
0.185259
0.4066
0.431644
0.427594
0.180291
0.0945146
0.247511
0.662
0.146355
0.0491959
0.662
0.440146
0.245472
0.386808
0.030046
0.0574791
0.455027
0.569877
0.451834
0.12111
0.388575
0.227399
0.249157
0.242429
0.255455
0.151092
0.662
0.565094
0.0897571
0.078069
0.0773828
0.229468
0.113456
0.0809212
0.164576
0.198964
0.481591
0.662
0.315075
0.252144
0.192826
0.662
0.00185346
0.489265
0.321906
0.662
0.61529
0.162335
0.364017
0.379938
0.0330763
0.178772
0.260882
0.405224
0.441646
0.015103
0.662
0.662
0.662
0.638757
0.287355
0.144327
0.256652
0.662
0.12916
0.592484
0.217678
0.309392
0.2893
0.662
0.662
0.474974
0.160705
0.662
0.0247241
0.174835
0.318926
0.397458
0.434924
0.22068
0.662
0.662
0.144136
0.0884081
0.324362
0.662
0.451613
0.573355
0.196822
0.0620279
0.234969
0.243244
0.0951911
0.113135
0.443099
0.257714
0.662
0.466339
0.166528
0.342858
0.114139
0.118918
0.0196103
0.0967214
0.553464
0.17347
0.0420258
0.662
0.204858
0.662
0.379056
0.137972
0.191233
0.662
0.0802956
0.382956
0.452422
0.305732
0.0236269
0.662
0.164108
0.0141627
0.662
0.481764
0.662
0.175001
0.0573883
0.481546
0.189144
0.662
0.662
0.453267
0.662
0.662
0.283016
0.662
0.456482
0.448718
0.554885
0.662
0.03814
0.0613451
0.0951066
0.25935
0.212629
0.248921
0.0550036
0.0533708
0.0735855
0.189327
0.0461434
0.116151
0.207186
0.32145
0.0528243
0.436036
0.0276356
0.207013
0.0443783
0.160841
0.662
0.0790724
0.244075
0.0823295
0.509389
0.0192195
0.0497023
0.662
0.662
0.662
0.174975
0.319358
0.212244
0.0755095
0.26983
0.11305
0.128551
0.085395
0.0606296
0.373723
0.662
0.155268
0.0832994
0.662
0.170704
0.251544
0.662
0.389202
0.0982672
0.293071
0.217559
0.349839
0.662
0.228712
0.242268
0.0435711
0.419641
0.123007
0.220702
0.0868032
0.236061
0.15962
0.448715
0.281233
0.0814658
0.30983
0.159575
0.282412
0.46879
0.662
0.0333746
0.00835685
0.111606
0.390213
0.405647
0.148569
0.662
0.379604
0.662
0.662
0.198934
0.0902195
0.662
0.287909
0.404476
0.153738
0.0897428
0.651202
0.295643
0.097638
0.183266
0.656448
0.662
0.212828
0.662
0.119163
0.662
0.122791
0.488704
0.662
0.0476571
0.259263
0.276261
0.260918
0.30919
0.0162492
0.320142
0.240177
0.231442
0.200965
0.662
0.138245
0.172837
0.358754
0.662
0.178584
0.662
0.610705
0.476102
0.0483975
0.195178
0.217744
0.439715
0.662
0.662
0.662
0.280742
0.275261
0.119027
0.662
0.0165301
0.662
0.199103
0.136498
0.104027
0.662
0.0456235
0.129406
0.102587
0.662
0.0762583
0.662
0.662
0.662
0.247178
0.138452
0.250316
0.161599
0.13528
0.615631
0.172945
0.162413
0.662
0.0758189
0.125192
0.0765642
0.662
0.355545
0.662
0.102538
0.662
0.20484
0.222
0.0766353
0.100735
0.162987
0.271177
0.361659
0.238874
0.165063
0.662
0.216363
0.240226
0.662
0.345592
0.662
0.662
0.0778207
0.218688
0.225255
0.17753
0.193096
0.388163
0.177965
0.14711
0.441111
0.324482
0.400008
0.0143223
0.598319
0.161996
0.662
0.662
0.662
0.236779
0.662
0.301619
0.222824
0.314889
0.662
0.662
0.204422
0.348862
0.126387
0.501265
0.662
0.117937
0.0636689
0.29106
0.185527
0.0423202
0.197903
0.0375872
0.073262
0.0839094
0.124756
0.212222
0.157804
0.192511
0.0514178
0.203706
0.186771
0.306513
0.210919
0.223847
0.662
0.393474
0.12939
0.206394
0.122653
0.459239
0.0946789
0.491013
0.0318417
0.662
0.269338
0.662
0.114105
0.607128
0.341494
0.04506
0.662
0.142335
0.662
0.662
0.662
0.0739695
0.297486
0.241238
0.662
0.10596
0.517015
0.0120427
0.0633333
0.273261
0.662
0.119884
0.149933
0.270098
0.0375477
0.662
0.662
0.662
0.0448178
0.662
0.265454
0.0442123
0.0899803
0.0893439
0.124852
0.662
0.139683
0.50082
0.105579
0.280688
0.127515
0.662
0.308719
0.32703
0.243474
0.249983
0.0534081
0.0492521
0.662
0.122716
0.240316
0.150913
0.0448091
0.0322546
0.179983
0.662
0.0835752
0.662
0.213426
0.154839
0.662
0.0154625
0.131462
0.535073
0.23391
0.662
0.212165
0.271976
0.288892
0.172083
0.141487
0.662
0.0657114
0.0929446
0.662
0.556822
0.121594
0.238743
0.662
0.274495
0.445442
0.257215
0.305321
0.168224
0.26381
0.194608
0.202363
0.117423
0.201275
0.330479
0.145592
0.261917
0.14207
0.368815
0.0633437
0.207943
0.283213
0.130775
0.0589958
0.662
0.546687
0.156702
0.407734
0.203185
0.275675
0.401698
0.662
0.295295
0.241288
0.312025
0.138044
0.371061
0.243036
0.0620395
0.511801
0.662
0.470479
0.210457
0.180508
0.657761
0.662
0.015437
0.338001
0.0560515
0.423204
0.0906049
0.30094
0.146259
0.0813647
0.662
0.451099
0.230233
0.478404
0.351835
0.662
0.662
0.662
0.662
0.229693
0.0555079
0.352426
0.662
0.23411
0.401992
0.236182
0.176814
0.361393
0.662
0.110834
0.380567
0.369823
0.348727
0.145981
0.319604
0.238463
0.0625438
0.253681
0.0774132
0.512925
0.118577
0.662
0.24763
0.160222
0.662
0.662
0.662
0.487045
0.243958
0.662
0.228505
0.0402112
0.144856
0.00429926
0.133967
0.254279
0.662
0.143972
0.380029
0.292576
0.0618234
0.329428
0.662
0.285395
0.478786
0.00926451
0.153371
0.504597
0.0299515
0.607187
0.473578
0.241468
0.272832
0.662
0.662
0.218476
0.351538
0.395809
0.324996
0.662
0.58592
0.283567
0.390355
0.662
0.662
0.108764
0.422074
0.214141
0.662
0.216342
0.123354
0.171598
0.662
0.0870181
0.104325
0.0815591
0.165164
0.662
0.662
0.516857
0.191306
0.485238
0.662
0.077599
0.169344
0.175473
0.407882
0.270667
0.0974558
0.273068
0.662
0.0215052
0.32579
0.277545
0.2558
0.459219
0.28052
0.662
0.493605
0.153143
0.662
0.245973
0.662
0.468731
0.662
0.410748
0.159981
0.662
0.662
0.0930757
0.113495
0.12364
0.417406
0.0819177
0.134815
0.00891233
0.357995
0.152035
0.113998
0.662
0.215957
0.191618
0.0855254
0.161667
0.662
0.577746
0.662
0.235119
0.268465
0.355146
0.113937
0.194757
0.249908
0.291474
0.375817
0.365913
0.206882
0.243967
0.0968728
0.283715
0.434302
0.662
0.662
0.662
0.144437
0.662
0.310654
0.341842
0.138994
0.487976
0.359305
0.133262
0.27567
0.662
0.259956
0.328233
0.662
0.662
0.662
0.578929
0.118192
0.115472
0.355144
0.0838312
0.317391
0.366923
0.662
0.390463
0.124128
0.261834
0.662
0.0661665
0.199599
0.662
0.474296
0.116458
0.501698
0.2785
0.446006
0.176259
0.162368
0.181543
0.256826
0.0599255
0.181788
0.662
0.0910591
0.141217
0.325697
0.237451
0.510592
0.662
0.662
0.484434
0.662
0.662
0.0203856
0.292897
0.175716
0.277614
0.239739
0.43905
0.570006
0.114982
0.0828394
0.344261
0.087926
0.132914
0.296325
0.662
0.165415
0.391382
0.589791
0.128421
0.112199
0.662
0.0589923
0.32833
0.662
0.073789
0.662
0.446524
0.00883155
0.662
0.168546
0.0319539
0.258087
0.175813
0.284948
0.103073
0.662
0.130764
0.115244
0.662
0.662
0.0965376
0.0795379
0.291629
0.0848969
0.435663
0.662
0.232287
0.148025
0.143348
0.319692
0.662
0.662
0.067685
0.662
0.114945
0.0462224
0.275369
0.039767
0.216783
0.197108
0.207898
0.0440495
0.154749
0.662
0.0313952
0.181203
0.662
0.662
0.541435
0.0629313
0.343747
0.412986
0.662
0.662
0.0774894
0.354393
0.248385
0.203769
0.662
0.244785
0.399634
0.0850475
0.0317598
0.362196
0.0493333
0.25629
0.520247
0.0711619
0.662
0.215096
0.180718
0.132035
0.0988841
0.209953
0.427974
0.180801
0.662
0.24521
0.345389
0.175101
0.218576
0.125998
0.327348
0.106013
0.084555
0.192433
0.662
0.222205
0.361685
0.442077
0.532162
0.662
0.380159
0.149197
0.219904
0.662
0.181464
0.255316
0.360145
0.662
0.116886
0.600906
0.155522
0.430807
0.37359
0.129471
0.0893253
0.129573
0.662
0.435918
0.156091
0.0446975
0.662
0.257095
0.232194
0.662
0.336463
0.662
0.0622429
0.209372
0.662
0.0834207
0.492394
0.114436
0.19481
0.294958
0.420174
0.462372
0.662
0.483774
0.662
0.252476
0.336802
0.382935
0.20281
0.140042
0.158189
0.468849
0.662
0.249365
0.662
0.0858858
0.662
0.532248
0.662
0.451703
0.662
0.318054
0.133757
0.34348
0.662
0.348114
0.384875
0.365268
0.544323
0.393381
0.662
0.233927
0.306764
0.662
0.526674
0.662
0.0552275
0.164757
0.408622
0.662
0.17604
0.662
0.662
0.607366
0.225294
0.255317
0.662
0.27478
0.20638
0.068873
0.662
0.595442
0.0827442
0.302598
0.145337
0.133186
0.0911921
0.249027
0.662
0.0153005
0.662
0.0244941
0.04253
0.250085
0.10098
0.276658
0.463534
0.174555
0.433087
0.0823815
0.08284
0.448756
0.427667
0.16177
0.662
0.662
0.662
0.346296
0.164972
0.494151
0.167374
0.195406
0.250517
0.662
0.23789
0.284411
0.276433
0.193844
0.307036
0.255552
0.314772
0.493406
0.00723282
0.307737
0.662
0.219889
0.0650757
0.662
0.129397
0.0503768
0.662
0.197728
0.662
0.0562903
0.329726
0.662
0.662
0.0714027
0.662
0.0644568
0.662
0.17037
0.260921
0.662
0.156119
0.382735
0.662
0.662
0.662
0.171873
0.135909
0.368792
0.222265
0.0372347
0.290608
0.434939
0.0634443
0.122531
0.38408
0.140564
0.104122
0.329764
0.340875
0.441693
0.275216
0.639335
0.662
0.0722887
0.204634
0.0962705
0.176952
0.662
0.103235
0.232332
0.23178
0.662
0.624004
0.564376
0.605738
0.246894
0.269473
0.0443441
0.206566
0.636686
0.127175
0.291667
0.662
0.232486
0.662
0.223237
0.226197
0.111772
0.121311
0.533962
0.0619124
0.0347888
0.472872
0.34545
0.257762
0.662
0.490093
0.23441
0.662
0.12859
0.662
0.368275
0.0788307
0.582615
0.337734
0.0343795
0.440376
0.476784
0.388708
0.249104
0.34074
0.023695
0.104572
0.662
0.128112
0.662
0.662
0.292392
0.662
0.272988
0.113581
0.662
0.662
0.186096
0.662
0.393405
0.0637311
0.611102
0.0657009
0.30007
0.105058
0.434084
0.662
0.101415
0.0818398
0.229486
0.433201
0.508742
0.265437
0.209259
0.662
0.135549
0.241526
0.465375
0.0970509
0.58071
0.398326
0.34264
0.239031
0.140031
0.136304
0.461091
0.0493061
0.112487
0.0807698
0.0252049
0.299925
0.226094
0.0772149
0.117892
0.221567
0.154955
0.253179
0.0364385
0.158313
0.191985
0.662
0.0674771
0.229031
0.662
0.256147
0.2079
0.662
0.359681
0.191332
0.280502
0.231196
0.662
0.32978
0.662
0.079128
0.218225
0.662
0.662
0.246499
0.0834869
0.194293
0.443699
0.151734
0.165636
0.10491
0.662
0.164345
0.0599036
0.662
0.103799
0.147531
0.215326
0.298131
0.186113
0.302402
0.341421
0.178659
0.388444
0.0161854
0.245027
0.233529
0.187505
0.0920648
0.141133
0.263766
0.0800934
0.0549914
0.185824
0.318322
0.662
0.662
0.662
0.315909
0.124084
0.422613
0.556962
0.197426
0.441647
0.277498
0.662
0.109965
0.0777216
0.0853292
0.165768
0.0990628
0.331386
0.662
0.228549
0.662
0.106251
0.0771348
0.662
0.307787
0.662
0.0739934
0.286444
0.282055
0.662
0.245164
0.221805
0.662
0.249248
0.527852
0.520759
0.662
0.330618
0.472726
0.127982
0.383857
0.525256
0.0540752
0.102439
0.218896
0.662
0.517889
0.662
0.0744889
0.0566123
0.662
0.0720958
0.119897
0.11339
0.662
0.216625
0.207791
0.662
0.662
0.662
0.498097
0.148082
0.387991
0.515398
0.107302
0.662
0.662
0.133431
0.233993
0.18689
0.108632
0.662
0.0554391
0.399867
0.0771149
0.662
0.214714
0.0819742
0.1028
0.206871
0.234205
0.0144496
0.251801
0.297065
0.662
0.0790149
0.10698
0.662
0.168966
0.129634
0.0918433
0.0899671
0.0101168
0.103728
0.662
0.662
0.202375
0.22683
0.603696
0.420839
0.0963018
0.662
0.294599
0.121964
0.197469
0.170646
0.1528
0.0942787
0.216024
0.229311
0.662
0.662
0.662
0.454781
0.430838
0.118948
0.35841
0.362596
0.290732
0.5048
0.498209
0.379424
0.120011
0.662
0.192184
0.0978375
0.265682
0.13809
0.12583
0.662
0.648351
0.662
0.393303
0.112716
0.234974
0.656175
0.273158
0.403816
0.236994
0.0826985
0.118493
0.107112
0.163951
0.662
0.13748
0.662
0.409216
0.144217
0.662
0.102103
0.31433
0.203292
0.662
0.151053
0.237368
0.369446
0.188322
0.662
0.362932
0.0790751
0.367807
0.625686
0.128456
0.662
0.45203
0.59754
0.132484
0.0708667
0.509576
0.135851
0.170636
0.283065
0.595039
0.197014
0.402789
0.408257
0.405776
0.100066
0.209972
0.558116
0.662
0.662
0.459495
0.118278
0.527111
0.437281
0.407881
0.662
0.174555
0.397127
0.117031
0.160076
0.0857039
0.255383
0.114653
0.379449
0.662
0.0613725
0.328239
0.357064
0.550953
0.488731
0.140181
0.349457
0.116802
0.383026
0.443914
0.134191
0.0827306
0.0509153
0.235675
0.308295
0.034387
0.207655
0.238326
0.276641
0.662
0.309205
0.181019
0.460008
0.0206837
0.528929
0.416668
0.270785
0.259067
0.4452
0.662
0.0635826
0.246382
0.0528729
0.389141
0.37567
0.00233411
0.0639893
0.662
0.387832
0.269147
0.0913278
0.300511
0.3425
0.555873
0.257329
0.277139
0.175173
0.143089
0.113579
0.223885
0.662
0.662
0.662
0.0807914
0.186799
0.087634
0.400754
0.31251
0.354698
0.139076
0.662
0.662
0.250684
0.21703
0.413604
0.662
0.662
0.219956
0.138931
0.431263
0.662
0.41786
0.0705403
0.662
0.183337
0.12722
0.521242
0.619659
0.0988981
0.333529
0.662
0.14839
0.28714
0.463244
0.0216498
0.394612
0.288293
0.662
0.130797
0.418833
0.262966
0.274727
0.380234
0.0899741
0.00157095
0.202768
0.515125
0.662
0.214553
0.662
0.662
0.127984
0.231429
0.662
0.662
0.0844884
0.632018
0.547589
0.140653
0.199922
0.662
0.166718
0.340524
0.662
0.169812
0.23367
0.372599
0.201942
0.538744
0.0386555
0.116544
0.662
0.1941
0.0854886
0.184201
0.17759
0.602781
0.662
0.662
0.410976
0.116184
0.662
0.631732
0.134742
0.205803
0.144435
0.26113
0.110604
0.227532
0.0661786
0.662
0.50291
0.107749
0.0665802
0.662
0.238255
0.43085
0.662
0.433289
0.662
0.198414
0.662
0.127784
0.257025
0.280153
0.662
0.284142
0.48193
0.0939118
0.0350069
0.662
0.231057
0.394149
0.62752
0.662
0.265588
0.0407881
0.476589
0.101801
0.0735909
0.233885
0.0770356
0.247492
0.0259544
0.458229
0.393998
0.148422
0.317923
0.320526
0.467375
0.610128
0.662
0.124838
0.0220323
0.388722
0.206583
0.0492952
0.473744
0.105171
0.662
0.662
0.221437
0.0450175
0.0144398
0.084816
0.124246
0.441797
0.662
0.125269
0.272875
0.123032
0.195522
0.49902
0.420967
0.199689
0.425731
0.662
0.0219556
0.234503
0.0461745
0.662
0.380658
0.0702228
0.662
0.662
0.451772
0.446012
0.115377
0.160917
0.374704
0.15927
0.169089
0.662
0.167237
0.662
0.152745
0.220521
0.102297
0.662
0.629706
0.560374
0.125108
0.336912
0.0758936
0.662
0.016641
0.235485
0.662
0.662
0.0898486
0.468595
0.344849
0.662
0.458156
0.662
0.272041
0.155387
0.49028
0.214869
0.662
0.279845
0.241903
0.198321
0.662
0.662
0.279387
0.581197
0.361069
0.401474
0.315177
0.232551
0.23204
0.258204
0.662
0.187119
0.204953
0.662
0.155648
0.188556
0.269729
0.20316
0.344644
0.0574748
0.494735
0.230347
0.156823
0.252853
0.283068
0.290524
0.082209
0.662
0.430052
0.662
0.27807
0.414964
0.662
0.331121
0.662
0.336166
0.531618
0.0681626
0.442283
0.662
0.405651
0.0969792
0.476096
0.662
0.371152
0.36797
0.118806
0.483296
0.568575
0.474401
0.191197
0.0352623
0.107791
0.311832
0.411395
0.162751
0.161515
0.499128
0.225927
0.184143
0.261371
0.662
0.662
0.397699
0.662
0.162037
0.118459
0.444149
0.215571
0.300257
0.246031
0.0403044
0.662
0.252911
0.000937507
0.0646389
0.662
0.662
0.155026
0.168963
0.0673465
0.662
0.143941
0.563638
0.0774403
0.292769
0.22737
0.331124
0.124739
0.177406
0.25821
0.397364
0.194191
0.132456
0.129656
0.0935158
0.0895532
0.615819
0.662
0.297035
0.185852
0.662
0.194856
0.565885
0.191097
0.121986
0.171023
0.428902
0.540756
0.301586
0.0971179
0.662
0.662
0.204047
0.326407
0.0888125
0.18562
0.069204
0.157776
0.662
0.662
0.0288048
0.313016
0.136146
0.662
0.40013
0.00670051
0.0794327
0.662
0.184918
0.24841
0.194497
0.115916
0.178891
0.184797
0.226954
0.662
0.189262
0.123197
0.162401
0.453299
0.662
0.169899
0.200757
0.662
0.662
0.146769
0.662
0.404954
0.662
0.133964
0.662
0.367695
0.662
0.662
0.662
0.662
0.662
0.402969
0.662
0.354887
0.139833
0.115651
0.662
0.105681
0.662
0.123432
0.0988641
0.630466
0.662
0.662
0.488003
0.662
0.0877286
0.662
0.662
0.138768
0.231819
0.319506
0.255069
0.166216
0.662
0.397594
0.662
0.167691
0.200012
0.271768
0.0267765
0.220461
0.184046
0.498976
0.0660563
0.662
0.239167
0.446631
0.276428
0.247645
0.662
0.240178
0.184441
0.21866
0.100087
0.119949
0.182476
0.662
0.157517
0.106791
0.0908501
0.465062
0.359751
0.662
0.108822
0.631422
0.662
0.264914
0.270551
0.391182
0.412373
0.294784
0.303886
0.469111
0.162166
0.585917
0.255292
0.662
0.44111
0.100399
0.662
0.191875
0.378222
0.662
0.0922823
0.380861
0.131921
0.662
0.662
0.662
0.662
0.105924
0.40803
0.662
0.2752
0.379137
0.662
0.210321
0.417394
0.124564
0.120378
0.170886
0.204288
0.131029
0.167596
0.0591186
0.662
0.662
0.662
0.304569
0.662
0.112132
0.185889
0.662
0.0869082
0.474538
0.367348
0.30457
0.427248
0.662
0.395848
0.0963828
0.662
0.113074
0.0813843
0.662
0.177162
0.662
0.275977
0.662
0.662
0.399814
0.0521005
0.142274
0.233041
0.662
0.255463
0.286806
0.161448
0.0968885
0.10188
0.015128
0.279883
0.352443
0.0271304
0.0829699
0.16261
0.601739
0.0907026
0.467145
0.410127
0.322431
0.18135
0.11511
0.0789047
0.662
0.662
0.386548
0.0702203
0.662
0.662
0.0969965
0.0191209
0.249767
0.142153
0.662
0.153407
0.28525
0.662
0.12172
0.163239
0.210562
0.662
0.0799315
0.643707
0.662
0.22934
0.281083
0.189565
0.0407883
0.192256
0.662
0.0627666
0.152599
0.662
0.0862889
0.0453221
0.154604
0.132812
0.662
0.58958
0.372574
0.238267
0.662
0.662
0.255722
0.140344
0.211723
0.188447
0.582871
0.429465
0.662
0.0685798
0.0936852
0.131429
0.0990836
0.111931
0.662
0.662
0.138405
0.662
0.161769
0.662
0.0788944
0.146568
0.296614
0.662
0.230959
0.162674
0.396521
0.267643
0.174851
0.662
0.0625953
0.0536156
0.247601
0.662
0.0671502
0.420789
0.662
0.662
0.402734
0.210084
0.324303
0.184816
0.590828
0.662
0.207634
0.171941
0.459623
0.260984
0.177085
0.0255142
0.0308867
0.109164
0.111205
0.276428
0.210035
0.451543
0.662
0.143654
0.501752
0.0717049
0.662
0.0526237
0.271565
0.169285
0.124904
0.404129
0.0576107
0.314688
0.319484
0.61923
0.250075
0.493559
0.201747
0.11064
0.0587211
0.16579
0.662
0.185044
0.202583
0.0665328
0.0687775
0.662
0.519031
0.21086
0.175294
0.43942
0.662
0.662
0.490077
0.317966
0.364386
0.420708
0.382651
0.0607942
0.0333373
0.200537
0.273615
0.0437981
0.662
0.472904
0.662
0.662
0.662
0.662
0.12562
0.0374157
0.169273
0.00708551
0.104285
0.261626
0.364626
0.12101
0.662
0.261271
0.0597491
0.32907
0.20104
0.208244
0.245786
0.185352
0.17283
0.120429
0.280891
0.434255
0.112717
0.36393
0.449066
0.277245
0.427532
0.566947
0.128803
0.136158
0.149094
0.223272
0.462737
0.146221
0.109286
0.662
0.662
0.247495
0.329303
0.344301
0.118664
0.357068
0.11871
0.662
0.359625
0.201265
0.15609
0.145027
0.204353
0.494573
0.188616
0.163705
0.662
0.2115
0.0139543
0.357955
0.252243
0.640268
0.284453
0.20835
0.662
0.251157
0.0858254
0.662
0.0403881
0.10187
0.37462
0.46007
0.662
0.0241564
0.0846661
0.365284
0.00850395
0.351082
0.571645
0.0789397
0.662
0.306972
0.0622794
0.0944213
0.20041
0.428275
0.127044
0.235467
0.343071
0.214381
0.662
0.662
0.0632914
0.235701
0.166308
0.0859927
0.0132146
0.662
0.476505
0.00028303
0.662
0.662
0.0913053
0.364674
0.0585464
0.153677
0.193234
0.0494011
0.206383
0.662
0.186506
0.414525
0.662
0.0760465
0.223105
0.662
0.442529
0.162138
0.271118
0.176968
0.452587
0.17714
0.064597
0.0159022
0.367972
0.11927
0.170433
0.305896
0.662
0.0580187
0.094722
0.0389055
0.217349
0.0490431
0.662
0.0962662
0.352905
0.311433
0.181517
0.080824
0.662
0.206995
0.456634
0.248991
0.662
0.166821
0.327075
0.134078
0.210368
0.387335
0.388531
0.242219
0.132153
0.662
0.333752
0.456106
0.235579
0.199781
0.662
0.0867211
0.662
0.116672
0.662
0.273418
0.131472
0.106
0.156857
0.087812
0.662
0.662
0.662
0.662
0.238269
0.662
0.124924
0.317929
0.322991
0.242242
0.212775
0.0344984
0.136418
0.143263
0.564751
0.301695
0.137666
0.662
0.0903575
0.0873149
0.084739
0.0460952
0.662
0.146489
0.258634
0.0931829
0.662
0.0858928
0.662
0.504026
0.147311
0.140719
0.475557
0.1464
0.103803
0.128489
0.662
0.214948
0.662
0.150331
0.447055
0.388495
0.0354726
0.476735
0.412992
0.181898
0.131466
0.0283312
0.662
0.222374
0.662
0.198937
0.254395
0.257247
0.662
0.138569
0.229839
0.271055
0.344789
0.290763
0.295041
0.0703062
0.0706995
0.191582
0.401113
0.662
0.182956
0.662
0.226034
0.129312
0.224519
0.25612
0.117032
0.662
0.662
0.662
0.388035
0.507291
0.304639
0.00610965
0.228212
0.128341
0.397247
0.176226
0.0238747
0.109681
0.243999
0.406636
0.662
0.130623
0.233131
0.322357
0.605753
0.662
0.215482
0.148671
0.444865
0.237562
0.249481
0.188439
0.0493181
0.104867
0.38962
0.662
0.374073
0.662
0.210049
0.0619267
0.107987
0.0886163
0.284523
0.373859
0.662
0.211168
0.160986
0.00948142
0.533382
0.0744368
0.102295
0.243927
0.530463
0.176688
0.172958
0.231014
0.0552884
0.262228
0.188545
0.592086
0.662
0.115915
0.192349
0.133902
0.528932
0.662
0.0826864
0.131232
0.366471
0.087078
0.662
0.662
0.0925406
0.662
0.0922356
0.662
0.270782
0.1511
0.119154
0.662
0.427347
0.449601
0.326507
0.662
0.233427
0.268335
0.662
0.185777
0.371167
0.0692215
0.128555
0.330199
0.411845
0.0539354
0.0966748
0.395954
0.328322
0.0804002
0.290167
0.0726645
0.662
0.374299
0.113286
0.461333
0.662
0.241811
0.154833
0.0110448
0.120717
0.0929203
0.662
0.335474
0.0768994
0.150618
0.593414
0.113507
0.321272
0.207323
0.310774
0.662
0.0512907
0.662
0.109912
0.253336
0.662
0.662
0.662
0.662
0.446958
0.00416912
0.120982
0.662
0.192046
0.0939821
0.399064
0.0895783
0.0830183
0.662
0.0589454
0.125437
0.0967276
0.377562
0.0971841
0.156745
0.552031
0.0582032
0.662
0.102843
0.220812
0.41749
0.0494354
0.046616
0.148539
0.15624
0.662
0.662
0.454292
0.200299
0.262971
0.0862767
0.662
0.012187
0.662
0.448693
0.417791
0.662
0.662
0.0465047
0.662
0.201471
0.106389
0.361663
0.177252
0.00456364
0.662
0.247483
0.28508
0.130339
0.203065
0.0826041
0.662
0.305976
0.396895
0.313801
0.077899
0.172489
0.545733
0.185584
0.087026
0.478967
0.662
0.209131
0.059101
0.662
0.416736
0.206417
0.15279
0.3446
0.113923
0.333036
0.224078
0.276279
0.221175
0.510034
0.119286
0.204377
0.19884
0.48671
0.662
0.104092
0.662
0.170114
0.662
0.662
0.110683
0.390433
0.662
0.0526521
0.662
0.253129
0.662
0.662
0.0691014
0.0169797
0.0149956
0.125686
0.0675608
0.332359
0.220537
0.543086
0.339814
0.229176
0.662
0.475596
0.131868
0.233347
0.133954
0.0519664
0.388647
0.41247
0.289665
0.0770227
0.244496
0.662
0.187412
0.0804842
0.360256
0.111076
0.562919
0.238104
0.662
0.370847
0.113682
0.62044
0.195007
0.102742
0.086995
0.0434996
0.221387
0.117421
0.408816
0.358281
0.478476
0.219129
0.38123
0.16367
0.159221
0.0700589
0.164027
0.296567
0.662
0.662
0.662
0.265562
0.0937553
0.662
0.662
0.0452363
0.662
0.162083
0.515536
0.393087
0.23825
0.13139
0.662
0.662
0.0814093
0.515851
0.662
0.180473
0.0605975
0.0643965
0.171749
0.662
0.119956
0.348901
0.0931961
0.253524
0.0869471
0.353987
0.662
0.367224
0.20345
0.124283
0.662
0.662
0.570945
0.662
0.0269032
0.0106947
0.094315
0.211118
0.26954
0.36779
0.662
0.282812
0.197503
0.236686
0.174464
0.229553
0.332558
0.662
0.121418
0.0181304
0.0988731
0.662
0.276657
0.108078
0.662
0.306975
0.228655
0.662
0.581062
0.400859
0.0422134
0.36893
0.293598
0.662
0.0411534
0.662
0.662
0.662
0.389602
0.356118
0.50571
0.122065
0.214164
0.0407482
0.43601
0.456575
0.133681
0.179937
0.303077
0.345716
0.160931
0.0932724
0.177226
0.155389
0.273755
0.0843302
0.178657
0.662
0.639087
0.343624
0.0639934
0.223314
0.662
0.662
0.662
0.263845
0.662
0.282424
0.488677
0.417499
0.336647
0.452499
0.1375
0.172847
0.15912
0.0388775
0.360313
0.0177087
0.218423
0.178297
0.0368262
0.246356
0.0318213
0.399992
0.142906
0.662
0.113318
0.361513
0.140141
0.662
0.111918
0.268048
0.336259
0.182253
0.112216
0.191012
0.123009
0.310862
0.662
0.644231
0.662
0.290237
0.0429967
0.196582
0.213979
0.1726
0.225413
0.102961
0.23493
0.0846365
0.16674
0.440284
0.662
0.168621
0.0980392
0.662
0.0579852
0.651516
0.662
0.564041
0.326982
0.407964
0.267568
0.662
0.662
0.101164
0.00360902
0.108221
0.162453
0.0393569
0.165015
0.0955772
0.198229
0.662
0.60205
0.62841
0.102568
0.197811
0.450878
0.662
0.459492
0.24254
0.296935
0.0720486
0.224583
0.0490664
0.533225
0.17209
0.399613
0.662
0.662
0.662
0.234969
0.242105
0.228539
0.109546
0.258481
0.662
0.160606
0.193835
0.662
0.662
0.299292
0.204123
0.194668
0.662
0.147566
0.252217
0.284354
0.0988091
0.21281
0.662
0.263915
0.124238
0.0455471
0.158421
0.0184283
0.1227
0.136297
0.103017
0.662
0.306435
0.228822
0.662
0.369936
0.21353
0.316983
0.0162563
0.393649
0.0973908
0.658096
0.235403
0.0614516
0.0926695
0.128603
0.375974
0.20917
0.185525
0.233494
0.113949
0.0906956
0.272049
0.0678908
0.662
0.234763
0.293638
0.128465
0.662
0.662
0.662
0.124617
0.467509
0.185956
0.201205
0.325729
0.215424
0.0176034
0.0822142
0.0566856
0.662
0.17875
0.252894
0.174612
0.135129
0.135967
0.213293
0.203296
0.153829
0.0425607
0.104878
0.256233
0.636661
0.662
0.205693
0.631698
0.0697806
0.0881044
0.662
0.245171
0.0431318
0.261828
0.662
0.0738144
0.311885
0.310784
0.260086
0.472616
0.18723
0.662
0.407765
0.442737
0.0402416
0.200153
0.257014
0.398597
0.0596949
0.185567
0.130472
0.125614
0.250826
0.188181
0.116437
0.0757982
0.662
0.210114
0.233725
0.203898
0.662
0.0798227
0.191238
0.662
0.0778597
0.236562
0.259346
0.220075
0.0356809
0.303615
0.454157
0.662
0.0794756
0.220218
0.213385
0.0850469
0.402946
0.0733683
0.662
0.151242
0.487979
0.393337
0.118122
0.662
0.0591435
0.662
0.12719
0.662
0.481212
0.143425
0.0567673
0.0766982
0.662
0.14076
0.186855
0.0205677
0.123346
0.227857
0.662
0.495525
0.206758
0.101162
0.402309
0.203067
0.0474285
0.191353
0.189863
0.232596
0.431182
0.343054
0.0506251
0.0233406
0.0355106
0.662
0.17102
0.268585
0.254071
0.121287
0.662
0.100499
0.0935997
0.152663
0.662
0.144983
0.662
0.00880441
0.662
0.433546
0.1878
0.662
0.371799
0.123586
0.260224
0.518346
0.662
0.662
0.659928
0.149271
0.0449856
0.129294
0.131365
0.166096
0.185556
0.593247
0.662
0.662
0.284018
0.109874
0.20895
0.069531
0.366695
0.110018
0.0861818
0.366854
0.400793
0.345709
0.163338
0.384634
0.159933
0.662
0.662
0.457392
0.662
0.149416
0.0428784
0.320941
0.662
0.25837
0.159359
0.0499714
0.662
0.171401
0.00111871
0.0855301
0.178114
0.371052
0.230307
0.325814
0.662
0.549613
0.662
0.383979
0.030616
0.203774
0.21521
0.287734
0.662
0.0327618
0.089375
0.584957
0.230656
0.265582
0.452531
0.0322879
0.0315778
0.0847651
0.662
0.0978068
0.126068
0.662
0.187452
0.120306
0.662
0.118649
0.392359
0.26629
0.226166
0.103837
0.662
0.662
0.662
0.268406
0.192646
0.394995
0.245036
0.076454
0.264353
0.297628
0.236577
0.209317
0.627219
0.061953
0.662
0.0318684
0.334114
0.0940402
0.231855
0.0891604
0.662
0.165452
0.662
0.605499
0.288302
0.188057
