0.307269
0.139838
0.420427
0.448085
0.138499
0.0404032
0.346305
0.662
0.662
0.070361
0.0608296
0.231972
0.526562
0.409755
0.208527
0.473675
0.419855
0.180241
0.104713
0.634839
0.662
0.277225
0.467754
0.266729
0.388757
0.0675581
0.0728359
0.341702
0.152915
0.10407
0.31523
0.662
0.662
0.662
0.434458
0.0456329
0.662
0.498576
0.0459846
0.662
0.0618488
0.373748
0.0855541
0.2184
0.33418
0.194904
0.220621
0.117673
0.651512
0.0892716
0.0735207
0.0474532
0.404844
0.502031
0.0404554
0.536277
0.479812
0.117108
0.386899
0.18865
0.191413
0.662
0.118882
0.662
0.0712922
0.0545611
0.448361
0.596276
0.597091
0.416022
0.0526473
0.662
0.179825
0.0758453
0.142889
0.281954
0.102376
0.244323
0.219295
0.135467
0.211217
0.0965304
0.0897113
0.18673
0.172358
0.0673395
0.0964181
0.587304
0.0731718
0.206057
0.569493
0.00216433
0.132395
0.0931929
0.0828957
0.120238
0.562685
0.326522
0.465988
0.216504
0.113319
0.20312
0.0944975
0.133945
0.174056
0.0774346
0.662
0.509499
0.0841123
0.0764466
0.247991
0.02647
0.0541646
0.0894292
0.216703
0.568788
0.0819031
0.568273
0.662
0.296086
0.0555194
0.0710165
0.432651
0.101098
0.240023
0.49009
0.513641
0.662
0.298995
0.288858
0.6089
0.662
0.597029
0.374106
0.370253
0.438494
0.0591386
0.213186
0.0661457
0.0700824
0.356319
0.0895027
0.0962673
0.183508
0.0926199
0.188076
0.388646
0.404999
0.177578
0.17558
0.662
0.0607556
0.0633048
0.343188
0.332417
0.649308
0.662
0.213748
0.123826
0.0963118
0.109756
0.480783
0.287021
0.236594
0.10316
0.171483
0.175095
0.449485
0.151352
0.245369
0.141793
0.0271241
0.302927
0.0616896
0.236749
0.597081
0.224443
0.0214403
0.312931
0.22256
0.0495978
0.475791
0.11503
0.432895
0.103284
0.371238
0.119641
0.241775
0.174863
0.197508
0.103
0.313989
0.0868092
0.629576
0.174081
0.662
0.500705
0.286688
0.530995
0.0285213
0.19129
0.469722
0.0710863
0.2552
0.100675
0.165956
0.378693
0.24599
0.602726
0.662
0.274185
0.0965198
0.111068
0.108053
0.662
0.174145
0.0120553
0.0735199
0.608864
0.485398
0.121614
0.662
0.11244
0.662
0.0758486
0.170504
0.308699
0.123777
0.445588
0.156552
0.180094
0.398972
0.0942779
0.156181
0.376642
0.662
0.105002
0.28455
0.0553864
0.662
0.0531748
0.401357
0.362887
0.0555559
0.119427
0.463912
0.258166
0.467416
0.150361
0.0944712
0.203468
0.19973
0.662
0.105672
0.0884659
0.0834389
0.241265
0.340489
0.196912
0.335555
0.17032
0.0649997
0.662
0.279073
0.403335
0.029441
0.248683
0.139038
0.582084
0.51052
0.662
0.416014
0.0661749
0.0226236
0.0224755
0.525252
0.463467
0.0992037
0.160589
0.129255
0.101137
0.575602
0.662
0.209368
0.0713424
0.139436
0.335293
0.264721
0.189246
0.459652
0.127988
0.267361
0.0702109
0.376485
0.23996
0.120537
0.0627103
0.386791
0.11671
0.369932
0.265872
0.408017
0.455697
0.32592
0.561918
0.141026
0.46072
0.662
0.202362
0.27503
0.455083
0.0676221
0.272399
0.132798
0.363196
0.124689
0.186424
0.111369
0.125449
0.293095
0.256217
0.582819
0.0482175
0.0668405
0.27427
0.380867
0.152823
0.113071
0.0673625
0.344032
0.0593692
0.232754
0.472147
0.662
0.108503
0.129118
0.213548
0.260205
0.0547768
0.408351
0.103781
0.105123
0.367702
0.239249
0.237033
0.113292
0.454186
0.0890857
0.274834
0.184174
0.202982
0.0859571
0.0451338
0.225985
0.186032
0.1775
0.132785
0.28136
0.644031
0.168089
0.0407116
0.10839
0.221164
0.459096
0.118735
0.429745
0.347602
0.630561
0.141861
0.586528
0.177025
0.307353
0.159715
0.64222
0.321056
0.0964762
0.172036
0.317336
0.289141
0.508131
0.0359045
0.628982
0.157367
0.0804314
0.662
0.580241
0.077028
0.0697041
0.18049
0.237157
0.0976955
0.0964365
0.0304873
0.156061
0.0629
0.410877
0.157242
0.527537
0.195245
0.0707131
0.205096
0.346916
0.583309
0.0252613
0.296931
0.662
0.487253
0.247521
0.662
0.379139
0.0419415
0.0306706
0.404466
0.414069
0.113512
0.15025
0.286132
0.0555473
0.36234
0.425234
0.330285
0.662
0.16853
0.334628
0.652368
0.0629386
0.662
0.45229
0.375444
0.0573865
0.662
0.166628
0.0679362
0.0796578
0.213181
0.14482
0.114029
0.611628
0.662
0.264994
0.662
0.662
0.138095
0.134674
0.0790668
0.0583343
0.0451309
0.109555
0.193437
0.0543622
0.2252
0.662
0.359569
0.228093
0.121978
0.473379
0.219942
0.662
0.357941
0.220355
0.338666
0.654956
0.210437
0.24937
0.096203
0.549605
0.214041
0.115722
0.569585
0.0485112
0.0394494
0.648995
0.518166
0.262038
0.224834
0.465575
0.311428
0.662
0.285734
0.325227
0.254369
0.328976
0.0058333
0.248243
0.0539012
0.110626
0.662
0.262988
0.662
0.114618
0.490778
0.239185
0.194409
0.131435
0.105004
0.0145715
0.242997
0.0586005
0.141195
0.253224
0.108324
0.662
0.0461569
0.662
0.0974619
0.107791
0.543215
0.0881919
0.0954935
0.19342
0.251605
0.121931
0.0974517
0.662
0.174268
0.149099
0.371178
0.131389
0.455889
0.174155
0.0513735
0.0306289
0.185004
0.465935
0.118912
0.0614574
0.587412
0.28354
0.602335
0.0143189
0.0326905
0.555023
0.319639
0.0687222
0.662
0.222795
0.367548
0.0941527
0.061834
0.456171
0.662
0.23139
0.0317082
0.317956
0.662
0.0892335
0.662
0.662
0.195241
0.0720358
0.153823
0.0645427
0.283238
0.148173
0.436245
0.662
0.257052
0.662
0.211153
0.662
0.0882029
0.153201
0.146367
0.0806801
0.0660296
0.31412
0.662
0.140948
0.0990398
0.129819
0.130189
0.326261
0.213907
0.310674
0.046498
0.135819
0.113153
0.662
0.287062
0.4066
0.238206
0.335895
0.487817
0.0940312
0.662
0.129102
0.0924206
0.452911
0.194265
0.662
0.250171
0.283426
0.103744
0.259281
0.0732789
0.012269
0.274826
0.331627
0.10288
0.21794
0.095055
0.260569
0.109242
0.662
0.138767
0.0351847
0.064882
0.0473151
0.54723
0.336873
0.327627
0.102826
0.548508
0.11922
0.061362
0.249011
0.662
0.0310756
0.662
0.0468727
0.0896297
0.134836
0.662
0.206693
0.301415
0.0348175
0.51589
0.662
0.133382
0.143674
0.427007
0.140053
0.388348
0.32149
0.21756
0.546559
0.178653
0.304332
0.120262
0.13525
0.0923101
0.662
0.22052
0.310448
0.0788799
0.662
0.0863493
0.12716
0.275077
0.316117
0.145115
0.460012
0.662
0.441596
0.151419
0.145717
0.258184
0.621835
0.639358
0.300833
0.0612392
0.108456
0.249466
0.374917
0.0811532
0.422933
0.198465
0.163589
0.0114892
0.305381
0.103101
0.425375
0.0984601
0.124054
0.131836
0.241354
0.0933833
0.0857577
0.318022
0.0712551
0.106045
0.144673
0.146157
0.389565
0.338532
0.659347
0.404568
0.662
0.183182
0.106912
0.135976
0.0683605
0.522967
0.290168
0.210517
0.0899299
0.319821
0.219677
0.145015
0.461464
0.662
0.147046
0.283655
0.13055
0.11562
0.194206
0.194001
0.114382
0.105223
0.091484
0.469583
0.136331
0.133773
0.0634717
0.214916
0.306932
0.624693
0.256639
0.401048
0.504881
0.459758
0.0439265
0.101648
0.434263
0.202266
0.123591
0.502574
0.645495
0.236122
0.130635
0.354878
0.352656
0.499722
0.00248255
0.422092
0.662
0.241062
0.662
0.0988986
0.110234
0.204869
0.0188106
0.608227
0.467033
0.0874871
0.132276
0.548104
0.357989
0.347502
0.442545
0.520846
0.0712474
0.439335
0.362204
0.149173
0.0300844
0.347969
0.494651
0.215773
0.086582
0.0379138
0.518899
0.45512
0.324387
0.10615
0.662
0.34486
0.153032
0.0701707
0.187926
0.182136
0.662
0.277184
0.202125
0.427267
0.468974
0.260951
0.273507
0.315018
0.217721
0.0573471
0.112263
0.552476
0.0405584
0.662
0.210606
0.168046
0.0866981
0.459893
0.321212
0.0617354
0.213798
0.662
0.662
0.59475
0.132884
0.380741
0.0878821
0.387279
0.360447
0.130769
0.222647
0.502047
0.0155912
0.154825
0.492777
0.162755
0.662
0.223221
0.469549
0.228688
0.377871
0.250112
0.169747
0.597864
0.662
0.34774
0.54442
0.345831
0.373571
0.176245
0.379665
0.335807
0.0394616
0.0373405
0.0431755
0.503035
0.320883
0.662
0.191248
0.0590216
0.662
0.202025
0.283304
0.23594
0.385613
0.662
0.325395
0.129041
0.251218
0.300501
0.364498
0.212765
0.341893
0.0585292
0.0172796
0.336292
0.181204
0.209169
0.0677886
0.419124
0.209491
0.0677495
0.238855
0.0966749
0.353196
0.578686
0.598952
0.325548
0.198894
0.090849
0.283959
0.420392
0.12552
0.252583
0.415018
0.194212
0.169512
0.28893
0.281086
0.315836
0.369545
0.0563429
0.492748
0.0883694
0.0556679
0.0747352
0.414419
0.0986021
0.159543
0.406079
0.175212
0.0654552
0.067994
0.454334
0.662
0.616612
0.231177
0.520388
0.129167
0.0984581
0.405359
0.495486
0.60013
0.331858
0.4392
0.0923878
0.116175
0.217393
0.662
0.0771849
0.294341
0.269989
0.0608872
0.603859
0.14814
0.591168
0.233645
0.559146
0.261547
0.615065
0.153859
0.226433
0.0625602
0.0239135
0.659092
0.375774
0.320825
0.227647
0.125908
0.13253
0.165811
0.261776
0.132358
0.101696
0.136074
0.219659
0.115452
0.335126
0.0266711
0.241109
0.585492
0.662
0.0952347
0.0655046
0.237195
0.662
0.349249
0.662
0.247548
0.202408
0.661537
0.243741
0.568388
0.101147
0.312831
0.455436
0.0467734
0.662
0.294314
0.00661654
0.0380506
0.571343
0.0531001
0.0995811
0.055363
0.163447
0.0902592
0.195545
0.0837438
0.0492678
0.118885
0.0876797
0.541921
0.256377
0.0850443
0.662
0.596809
0.0813668
0.0872277
0.0815039
0.197201
0.423879
0.151534
0.0222531
0.036761
0.57832
0.171687
0.101151
0.17853
0.411751
0.255285
0.380069
0.276339
0.0559427
0.611695
0.169367
0.413491
0.166176
