0.0872368
0.356783
0.0953117
0.19801
0.322378
0.122898
0.662
0.227016
0.192127
0.42634
0.0448574
0.0386495
0.114503
0.328544
0.0431597
0.0480275
0.36193
0.204364
0.122244
0.16615
0.40659
0.662
0.428987
0.157083
0.662
0.0322788
0.37965
0.0848187
0.060992
0.133702
0.175723
0.36852
0.11768
0.105921
0.0159755
0.167755
0.307066
0.140242
0.527051
0.131482
0.152123
0.0618328
0.198828
0.378411
0.662
0.0720763
0.177763
0.58219
0.17815
0.060122
0.282786
0.0249087
0.316212
0.0727616
0.291995
0.408413
0.656573
0.296517
0.662
0.405534
0.214572
0.0846618
0.0667383
0.633361
0.0784044
0.043835
0.0405581
0.135875
0.116648
0.523047
0.103889
0.627719
0.4091
0.432269
0.104165
0.108674
0.462711
0.201475
0.185156
0.169679
0.117603
0.450108
0.227507
0.321319
0.221963
0.153441
0.612509
0.662
0.662
0.264052
0.187688
0.0375241
0.555754
0.111707
0.0808556
0.17809
0.0542453
0.662
0.0556411
0.228846
0.115816
0.089593
0.253539
0.0752939
0.31027
0.212423
0.662
0.57558
0.158927
0.0417821
0.131109
0.230455
0.0641251
0.0498917
0.271865
0.457719
0.360213
0.349105
0.329813
0.0811894
0.594604
0.0748828
0.0236507
0.568872
0.293766
0.206116
0.060985
0.0351461
0.0573035
0.164432
0.121572
0.140984
0.152628
0.348904
0.335891
0.451578
0.617475
0.616108
0.168015
0.378394
0.279427
0.662
0.292419
0.0566902
0.0941211
0.324803
0.265849
0.17688
0.021416
0.110247
0.51411
0.191355
0.0487907
0.487461
0.662
0.0836668
0.453756
0.662
0.244721
0.122165
0.340773
0.178936
0.411855
0.336957
0.37434
0.547774
0.662
0.00478949
0.160217
0.662
0.169957
0.143657
0.553226
0.492453
0.0822107
0.0730085
0.150936
0.662
0.145159
0.155711
0.383335
0.637743
0.44629
0.0340794
0.365181
0.251016
0.662
0.662
0.662
0.0416318
0.216501
0.174327
0.0551769
0.0853554
0.132159
0.194734
0.338178
0.409862
0.497443
0.403812
0.242074
0.308136
0.1098
0.13091
0.0948326
0.419057
0.188479
0.612659
0.476088
0.599959
0.662
0.190231
0.279466
0.662
0.155828
0.237245
0.451709
0.33239
0.662
0.0612949
0.662
0.22966
0.662
0.566936
0.0909943
0.21927
0.0292035
0.355159
0.662
0.662
0.0568671
0.26164
0.2252
0.0578218
0.186505
0.11999
0.346009
0.525813
0.0424746
0.459518
0.0177543
0.123182
0.57841
0.110283
0.0784727
0.536192
0.0879192
0.245596
0.257387
0.0976384
0.120766
0.163039
0.270455
0.120357
0.499011
0.158599
0.117733
0.174596
0.0954361
0.655524
0.296859
0.0685896
0.403559
0.0812305
0.662
0.125874
0.487005
0.0956506
0.142863
0.662
0.166347
0.3982
0.219285
0.0450123
0.22833
0.603091
0.0521512
0.059712
0.226371
0.0771314
0.592626
0.0899165
0.0826097
0.0440112
0.366243
0.295167
0.154405
0.107087
0.224856
0.207871
0.0914869
0.662
0.168148
0.341778
0.0340822
0.499174
0.0638178
0.27288
0.216655
0.0759633
0.628585
0.43003
0.108399
0.0531057
0.506704
0.28031
0.30033
0.662
0.662
0.662
0.152594
0.0412902
0.389271
0.662
0.491759
0.266115
0.208011
0.047391
0.143907
0.608285
0.662
0.662
0.662
0.430624
0.273502
0.26735
0.291654
0.536538
0.496519
0.255953
0.1916
0.12189
0.219198
0.238173
0.313408
0.140839
0.381893
0.184334
0.662
0.234159
0.164837
0.338871
0.216829
0.1971
0.142189
0.0592513
0.389257
0.200774
0.662
0.154112
0.653564
0.125118
0.0687669
0.354716
0.130111
0.19459
0.253443
0.0869834
0.662
0.365729
0.252526
0.10527
0.159497
0.174227
0.279859
0.383005
0.403595
0.088179
0.0531523
0.0975582
0.389154
0.662
0.0647329
0.512337
0.123194
0.168979
0.647162
0.0565355
0.328919
0.157072
0.278279
0.169047
0.0855417
0.287803
0.133024
0.169986
0.352145
0.58888
0.14325
0.227515
0.138219
0.662
0.176498
0.0911143
0.00614616
0.0468442
0.662
0.180562
0.0596374
0.0211476
0.231616
0.0826947
0.149582
0.101024
0.211855
0.217966
0.387399
0.359045
0.20533
0.160329
0.662
0.0666578
0.0901789
0.244811
0.332723
0.196559
0.0484514
0.275688
0.101338
0.55711
0.251753
0.652388
0.149723
0.662
0.212011
0.316626
0.0653599
0.227597
0.625955
0.662
0.298285
0.100744
0.662
0.290715
0.0585656
0.43537
0.45189
0.115368
0.0961726
0.184138
0.244147
0.250851
0.266395
0.0873641
0.157083
0.363128
0.381507
0.0321187
0.403556
0.573297
0.19811
0.389921
0.24558
0.320278
0.144494
0.0752304
0.458644
0.107714
0.271657
0.104456
0.164319
0.405326
0.11947
0.301926
0.42804
0.115086
0.408332
0.0750142
0.0178012
0.108875
0.287106
0.210648
0.113799
0.420232
0.662
0.0834281
0.0680126
0.414828
0.161437
0.242939
0.406989
0.181203
0.134783
0.662
0.0512222
0.214079
0.0546874
0.255066
0.156763
0.119913
0.385571
0.0713594
0.0598583
0.151755
0.054622
0.662
0.401658
0.0893112
0.344733
0.0418974
0.662
0.375061
0.165028
0.327606
0.0704465
0.106212
0.280966
0.662
0.266956
0.662
0.111909
0.470975
0.309231
0.423373
0.134733
0.078953
0.048235
0.181561
0.285154
0.17778
0.0929905
0.621855
0.2365
0.26098
0.221611
0.0649444
0.190863
0.254015
0.0140755
0.21321
0.0796181
0.26455
0.662
0.164753
0.656515
0.354725
0.235248
0.189282
0.138125
0.0398175
0.073614
0.0788345
0.0744263
0.0827359
0.662
0.619474
0.235638
0.662
0.101346
0.45541
0.149527
0.0498647
0.0661255
0.0435745
0.159929
0.354914
0.09931
0.285062
0.0353941
0.1202
0.115052
0.115613
0.145946
0.662
0.631009
0.203482
0.121528
0.0766856
0.169014
0.13978
0.207009
0.233332
0.42494
0.0784793
0.0570252
0.408318
0.0690474
0.214008
0.283598
0.134142
0.662
0.311084
0.370079
0.224057
0.615967
0.473888
0.111004
0.221881
0.662
0.662
0.100707
0.617945
0.662
0.592666
0.110583
0.535293
0.0884949
0.111764
0.435882
0.0420783
0.243881
0.254504
0.161228
0.381711
0.228081
0.162804
0.0674072
0.471136
0.0888203
0.662
0.239631
0.418466
0.394521
0.290725
0.122096
0.495444
0.0312687
0.148694
0.127394
0.301488
0.258723
0.15096
0.126567
0.226329
0.354839
0.00683014
0.505647
0.140865
0.662
0.231377
0.120027
0.0386606
0.175103
0.662
0.123195
0.0973013
0.396441
0.564585
0.662
0.276316
0.18938
0.442412
0.655045
0.0569127
0.271355
0.10067
0.435733
0.47795
0.172297
0.20407
0.197142
0.283051
0.384503
0.333773
0.0175617
0.51548
0.0592365
0.325958
0.662
0.368563
0.327885
0.396123
0.200539
0.420953
0.0781827
0.430118
0.160127
0.256928
0.0981288
0.662
0.137643
0.65132
0.340078
0.662
0.562955
0.662
0.209918
0.45651
0.0212208
0.435678
0.0375403
0.450191
0.156457
0.196082
0.22211
0.204098
0.662
0.1312
0.208036
0.228234
0.138934
0.524883
0.425796
0.237032
0.0461096
0.662
0.15654
0.0651304
0.258371
0.166856
0.146101
0.662
0.462169
0.662
0.123848
0.486429
0.0579531
0.478812
0.0756707
0.0431245
0.377167
0.0307183
0.0871804
0.117897
0.385628
0.51854
0.662
0.0808037
0.360838
0.549907
0.0566532
0.139521
0.17891
0.0740207
0.0610213
0.529407
0.130062
0.662
0.249375
0.0847463
0.269008
0.173368
0.644115
0.136512
0.575291
0.110783
0.0933265
0.310401
0.0664946
0.106161
0.12786
0.406192
0.029032
0.239662
0.634081
0.029486
0.0485209
0.608813
0.116244
0.543837
0.0190289
0.662
0.53762
0.146623
0.662
0.600701
0.133296
0.272069
0.662
0.236955
0.083009
0.662
0.0792745
0.0437921
0.337572
0.646967
0.180243
0.079029
0.118704
0.114469
0.0294286
0.55232
0.662
0.313265
0.325868
0.0485981
0.662
0.348713
0.178116
0.604729
0.201165
0.112004
0.233715
0.204216
0.0958148
0.0614099
0.190094
0.0935463
0.0755157
0.0674469
0.101333
0.278761
0.0768774
0.0548188
0.287304
0.0865989
0.326571
0.478891
0.157187
0.1963
0.0548678
0.0331639
0.662
0.297863
0.547085
0.0285678
0.20947
0.662
0.256477
0.133681
0.0733275
0.340936
0.0958278
0.407471
0.105996
0.059554
0.569633
0.0984145
0.0585841
0.0418501
0.33788
0.662
0.308844
0.103045
0.205
0.138743
0.223
0.336522
0.0970049
0.225453
0.0852784
0.147346
0.571418
0.0930351
0.0775617
0.0243596
0.329814
0.202087
0.0980736
0.42787
0.452537
0.122846
0.0329475
0.0922309
0.662
0.662
0.395484
0.133678
0.560902
0.0830633
0.662
0.662
0.0567056
0.0262362
0.370446
0.308223
0.193841
0.642734
0.538564
0.102666
0.095887
0.275258
0.0465755
0.122617
0.43203
0.0774832
0.296336
0.662
0.38226
0.0440496
0.167767
0.375773
0.097783
0.218841
0.0918421
0.38881
0.0597974
0.275383
0.174375
0.00602377
0.380207
0.0956618
0.465431
0.544934
0.0934454
0.257995
0.357602
0.187923
0.349286
0.222912
0.111659
0.524566
0.662
0.233691
0.195038
0.318026
0.407043
0.237361
0.280352
0.58265
0.391617
0.662
0.52692
0.0123238
0.264204
0.367699
0.662
0.662
0.130838
0.473712
0.301028
0.192258
0.207818
0.0135517
0.0844894
0.313473
0.224113
0.00055707
0.0764823
0.662
0.117943
0.260847
0.291143
0.514634
0.431981
0.48672
0.662
0.615163
0.662
0.169719
0.072542
0.0828211
0.139618
0.471115
0.0716976
0.2452
0.019601
0.662
0.0676778
0.359055
0.0874897
0.184005
0.662
0.624478
0.366896
0.107024
0.0602026
0.103964
0.231718
0.129237
0.529606
0.0561238
0.321383
0.516159
0.112003
0.662
0.0838206
0.229522
0.611518
0.662
0.474787
0.0772389
0.662
0.662
0.19167
0.258426
0.0850881
0.243262
0.525479
0.0659877
0.185922
0.133396
0.0667776
0.662
0.0364903
0.265221
0.372215
0.146156
0.581844
0.109102
0.124768
0.124041
0.123274
0.235386
0.377988
0.0961643
0.103157
0.236514
0.576887
0.134753
0.230214
0.237088
0.0252527
0.113462
0.0534334
0.221393
0.118236
0.358228
0.346062
0.112535
0.271541
0.288769
0.0966351
0.38714
0.104709
0.305384
0.180802
0.0934748
0.0344388
0.0834358
0.32861
0.146265
0.275738
0.129539
0.10281
0.287869
0.300465
0.386388
0.139054
0.426586
0.147799
0.0735472
0.114919
0.0786647
0.304014
0.0592325
0.188954
0.301803
0.0744619
0.125642
0.108583
0.231512
0.662
0.103027
0.662
0.0676733
0.167375
0.168119
0.254438
0.639026
0.662
0.0690739
0.662
0.435943
0.22335
0.481949
0.265009
0.217812
0.373122
0.390128
0.140101
0.0234017
0.149969
0.662
0.662
0.174648
0.120393
0.662
0.0193638
0.122842
0.321362
0.167949
0.417186
0.662
0.0403408
0.0530472
0.227964
0.0676597
0.134313
0.321277
0.662
0.326274
0.454179
0.269833
0.0694504
0.124309
0.126664
0.3941
0.316384
0.135327
0.0931325
0.558704
0.15466
0.662
0.659269
0.185012
0.596671
0.399892
0.0907817
0.559015
0.19273
0.0699007
0.212166
0.166985
0.210595
0.0558017
0.271041
0.109844
0.662
0.249268
0.4266
0.238052
0.662
0.0913956
0.0448968
0.292661
0.281961
0.134938
0.662
0.238502
0.0892823
0.132006
0.661748
0.065979
0.0210009
0.124878
0.242707
0.44249
0.431535
0.462526
0.0436342
0.60089
0.0530695
0.400453
0.13014
0.483486
0.446873
0.219196
0.234131
0.146657
0.108736
0.106568
0.195997
0.133157
0.131172
0.133433
0.103276
0.141658
0.214234
0.151959
0.166222
0.301455
0.0569866
0.221823
0.48753
0.662
0.0134492
0.258471
0.154139
0.0114412
0.454739
0.662
0.110566
0.312868
0.125589
0.318214
0.0583693
0.52213
0.332264
0.662
0.136238
0.167133
0.155791
0.157495
0.0192084
0.114237
0.166833
0.217947
0.10173
0.103919
0.0957461
0.487459
0.125996
0.0539465
0.501028
0.142768
0.154043
0.200873
0.140621
0.662
0.162017
0.177236
0.0688551
0.149072
0.0509602
0.0359653
0.0138923
0.147451
0.217016
0.268271
0.318259
0.0944748
0.106386
0.182959
0.101948
0.0664151
0.170788
0.305227
0.158371
0.133116
0.140678
0.0717822
0.662
0.662
0.370704
0.217819
0.609888
0.349711
0.156285
0.165319
0.554531
0.078828
0.662
0.662
0.0861403
0.305294
0.303975
0.0477531
0.0558882
0.0473773
0.662
0.196744
0.152661
0.0623279
0.115188
0.366222
0.0161912
0.537583
0.0145131
0.662
0.173798
0.170734
0.234586
0.11004
0.662
0.155223
0.280599
0.0693336
0.578786
0.243433
0.090739
0.169385
0.0822896
0.110596
0.662
0.515178
0.0845688
0.260648
0.449519
0.649165
0.0708702
0.0694795
0.16294
0.662
0.0960533
0.153203
0.0808461
0.217951
0.0642886
0.178556
0.0433496
0.662
0.333687
0.607466
0.0435332
0.194726
0.108502
0.0637351
0.110253
0.247608
0.261675
0.130091
0.180369
0.329734
0.153592
0.0537993
0.0720561
0.35362
0.141488
0.0200873
0.0542982
0.22391
0.131422
0.302435
0.366169
0.135989
0.23079
0.0994265
0.435832
0.556037
0.061104
0.279804
0.538422
0.280653
0.0310629
0.204926
0.347113
0.0701743
0.433012
0.193567
0.0533018
0.148917
0.151455
0.132712
0.335663
0.172921
0.0847763
0.100101
0.0185748
0.595203
0.184139
0.046759
0.00199192
0.237719
0.246358
0.459817
0.0738324
0.385899
0.272629
0.662
0.515746
0.543034
0.0886288
0.155402
0.376269
0.0791931
0.301297
0.450245
0.184823
0.103778
0.296614
0.157318
0.28122
0.20069
0.258234
0.203773
0.421848
0.137206
0.486163
0.516977
0.0732949
0.220928
0.14933
0.181987
0.238637
0.0280337
0.0112687
0.134519
0.0630664
0.554758
0.0689207
0.662
0.307115
0.441953
0.0906209
0.174025
0.241241
0.136719
0.149874
0.544217
0.662
0.113546
0.155312
0.195795
0.38182
0.629474
0.244137
0.058358
0.308827
0.662
0.420199
0.127443
0.662
0.147289
0.662
0.662
0.305969
0.573205
0.316938
0.62668
0.23648
0.208514
0.172039
0.0720106
0.188169
0.246049
0.0861322
0.0815944
0.346384
0.578897
0.296846
0.19125
0.450677
0.217379
0.049652
0.102311
0.511218
0.245944
0.488032
0.159504
0.470869
0.257948
0.163197
0.442493
0.127787
0.250008
0.0953853
0.391294
0.171493
0.0607832
0.182654
0.662
0.0263004
0.662
0.38812
0.517301
0.109579
0.195609
0.228999
0.604554
0.384106
0.14019
0.143677
0.186805
0.130401
0.581692
0.385446
0.250318
0.071007
0.377417
0.189808
0.183747
0.538203
0.662
0.0704895
0.271584
0.298888
0.163469
0.0917233
0.177462
0.100846
0.526313
0.653132
0.0485911
0.221562
0.239706
0.154394
0.235581
0.119785
0.144676
0.137084
0.0264791
0.437889
0.404895
0.101296
0.14146
0.18284
0.662
0.321352
0.110608
0.662
0.123539
0.139793
0.0492096
0.662
0.375792
0.0418052
0.137746
0.162953
0.596989
0.487893
0.504
0.0715921
0.581204
0.0701274
0.198849
0.0821365
0.125342
0.0354944
0.174724
0.463262
0.431616
0.116403
0.485996
0.0560711
0.224151
0.0248322
0.187244
0.207661
0.598854
0.0455834
0.0679763
0.113206
0.0463562
0.0489953
0.554922
0.225263
0.160177
0.541964
0.198676
0.662
0.250191
0.242567
0.0323637
0.349209
0.133742
0.0788949
0.30616
0.478492
0.118964
0.362103
0.00777342
0.00614622
0.0600573
0.631467
0.106809
0.105365
0.276921
0.108403
0.0850738
0.220701
0.240992
0.342492
0.625308
0.0698868
0.0773309
0.0283631
0.0952933
0.17033
0.0659291
0.0866762
0.209826
0.0528928
0.269929
0.130165
0.0211487
0.506906
0.157521
0.20226
0.214248
0.247608
0.203174
0.662
0.553034
0.0283131
0.214847
0.125281
0.662
0.149209
0.662
0.662
0.1247
0.662
0.148666
0.502418
0.114473
0.662
0.154739
0.331152
0.214575
0.0666475
0.204765
0.0400763
0.160733
0.594193
0.5908
0.238918
0.446181
0.182446
0.464009
0.467641
0.0563841
0.255389
0.171449
0.234451
0.21969
0.649706
0.27068
0.389179
0.136936
0.127997
0.0940606
0.0917953
0.662
0.0591644
0.662
0.143669
0.236521
0.0494091
0.130788
0.0717006
0.104357
0.24979
0.662
0.14625
0.0958557
0.135644
0.239837
0.10105
0.0284916
0.290243
0.163507
0.0666426
0.159227
0.300449
0.209914
0.385288
0.135919
0.0777153
0.234186
0.0994837
0.662
0.372201
0.662
0.662
0.128726
0.461997
0.662
0.662
0.371676
0.0688258
0.0609321
0.0970008
0.191062
0.158928
0.321288
0.455282
0.612721
0.239464
0.29128
0.417943
0.124563
0.424082
0.0110355
0.0963286
0.0701005
0.311036
0.0102184
0.457686
0.0797472
0.374185
0.186468
0.10547
0.429187
0.11341
0.662
0.432925
0.086339
0.113027
0.302943
0.560131
0.0891513
0.101176
0.374915
0.353191
0.138466
0.150672
0.111717
0.662
0.662
0.591734
0.0626529
0.193355
0.0991946
0.391651
0.0347582
0.662
0.476988
0.662
0.111135
0.113173
0.37862
0.662
0.295964
0.115499
0.0691
0.111976
0.173031
0.211748
0.0683679
0.214382
0.662
0.0971018
0.287641
0.0436681
0.443356
0.0846084
0.596761
0.0947606
0.237433
0.204429
0.165326
0.0774187
0.414901
0.461145
0.011907
0.327145
0.0189469
0.1527
0.051971
0.0240277
0.480823
0.139567
0.128583
0.135855
0.319316
0.361168
0.0865466
0.0391523
0.0816694
0.27958
0.256268
0.31174
0.165152
0.102401
0.37162
0.0646732
0.0725987
0.381209
0.148694
0.239086
0.235574
0.124203
0.252123
0.256881
0.179201
0.0772923
0.144483
0.542059
0.32336
0.491082
0.152882
0.662
0.307244
0.267707
0.647995
0.140426
0.080968
0.0700221
0.662
0.14613
0.110464
0.282621
0.662
0.662
0.287054
0.662
0.219921
0.45278
0.00482786
0.488136
0.00586648
0.0667646
0.662
0.220106
0.255904
0.334028
0.255886
0.0654746
0.43086
0.0993489
0.10802
0.662
0.114333
0.180197
0.489085
0.362928
0.19342
0.208307
0.662
0.076262
0.054963
0.16366
0.386285
0.662
0.160244
0.102636
0.250392
0.163965
0.08374
0.22996
0.662
0.0487988
0.0613862
0.157697
0.495859
0.662
0.0417211
0.138177
0.367382
0.662
0.0725442
0.0890125
0.662
0.662
0.567557
0.057141
0.25462
0.528882
0.110058
0.225105
0.220583
0.102337
0.391786
0.115537
0.198916
0.360646
0.50386
0.145722
0.401961
0.144685
0.113976
0.131126
0.0767566
0.0974716
0.258875
0.460629
0.233147
0.181424
0.0278679
0.33561
0.0924401
0.344356
0.181825
0.137344
0.0774015
0.168752
0.308809
0.662
0.319795
0.193624
0.470468
0.200205
0.129501
0.113011
0.245793
0.174458
0.0404117
0.551553
0.122653
0.40758
0.157348
0.157811
0.268372
0.0873321
0.356074
0.360752
0.133414
0.282271
0.174952
0.190518
0.249131
0.107891
0.196034
0.257588
0.111365
0.0361812
0.283475
0.662
0.24078
0.145946
0.015144
0.118272
0.0882222
0.368418
0.601428
0.122075
0.176965
0.662
0.251316
0.125216
0.2037
0.471661
0.0967338
0.11665
0.126925
0.662
0.220503
0.194635
0.320344
0.116663
0.062237
0.0239969
0.662
0.120891
0.228325
0.137881
0.340888
0.139225
0.162818
0.0659997
0.234342
0.662
0.662
0.662
0.662
0.250527
0.497521
0.662
0.517239
0.0728255
0.662
0.106829
0.129384
0.127474
0.235332
0.42564
0.662
0.141859
0.658003
0.364058
0.400009
0.0773529
0.15521
0.14117
0.611148
0.113102
0.522802
0.494523
0.662
0.29708
0.129186
0.0162722
0.0552689
0.143983
0.0606496
0.662
0.424002
0.230961
0.167116
0.319973
0.401938
0.257271
0.662
0.0582961
0.188208
0.180772
0.432163
0.141421
0.179469
0.307311
0.187737
0.204289
0.0909875
0.180687
0.0693097
0.33296
0.0991449
0.260114
0.662
0.274323
0.662
0.27605
0.585954
0.662
0.324812
0.233801
0.282757
0.357859
0.464398
0.0857141
0.078883
0.0260646
0.145579
0.139349
0.053012
0.0911626
0.237513
0.177641
0.169331
0.0488418
0.535781
0.279174
0.0979178
0.173668
0.662
0.0557694
0.16251
0.0662852
0.662
0.436453
0.295738
0.338332
0.521289
0.407324
0.286611
0.16508
0.469758
0.177038
0.376597
0.263075
0.522989
0.662
0.321687
0.222557
0.497493
0.119005
0.286084
0.515476
0.410699
0.159139
0.662
0.641571
0.662
0.119509
0.110518
0.222681
0.338241
0.176838
0.278348
0.407361
0.28153
0.0644079
0.0525767
0.481333
0.491524
0.0532906
0.0429313
0.329796
0.662
0.133381
0.0571115
0.662
0.235152
0.593046
0.554453
0.662
0.0951273
0.616407
0.0317399
0.372296
0.410157
0.662
0.24057
0.158247
0.140128
0.662
0.375832
0.229996
0.0897392
0.0895742
0.295497
0.20436
0.229519
0.366723
0.662
0.662
0.115093
0.0733925
0.165896
0.132306
0.132887
0.0727523
0.225767
0.279004
0.0815108
0.131853
0.260597
0.133968
0.110481
0.258792
0.315432
0.661725
0.211855
0.191079
0.237122
0.229889
0.195253
0.662
0.112839
0.0402704
0.396087
0.266728
0.0421141
0.662
0.103274
0.00623851
0.662
0.20908
0.662
0.212431
0.637776
0.0975915
0.15672
0.385469
0.0274096
0.125026
0.0732673
0.123667
0.268699
0.492814
0.416862
0.0692014
0.0395493
0.176563
0.0712997
0.556299
0.460572
0.495956
0.143677
0.116083
0.274075
0.662
0.119631
0.462962
0.0817634
0.662
0.130294
0.250947
0.00797139
0.245023
0.426814
0.0612204
0.486978
0.179662
0.0787777
0.25514
0.662
0.232756
0.37516
0.164341
0.192758
0.512886
0.0762807
0.339487
0.146721
0.119707
0.0961951
0.115487
0.296858
0.440751
0.227355
0.133849
0.0966934
0.162083
0.169657
0.489831
0.0298123
0.648843
0.0959169
0.301209
0.215792
0.0943813
0.123446
0.662
0.0485627
0.12249
0.190153
0.208326
0.29973
0.177351
0.0887279
0.228575
0.401715
0.272783
0.186353
0.320465
0.662
0.228696
0.167987
0.0709828
0.115436
0.662
0.442573
0.0616715
0.116325
0.0727857
0.208622
0.662
0.155726
0.0904794
0.245397
0.662
0.214069
0.0725598
0.224821
0.195282
0.0542037
0.0918907
0.247357
0.155547
0.164338
0.277867
0.227608
0.0645417
0.0967507
0.662
0.238038
0.461593
0.147679
0.0589297
0.0946688
0.252846
0.122814
0.400327
0.0586641
0.662
0.278962
0.216725
0.213877
0.620669
0.0534851
0.217876
0.0188572
0.0856968
0.0152759
0.159329
0.116981
0.662
0.209213
0.125706
0.0987763
0.392297
0.250105
0.507435
0.0794743
0.0691209
0.206314
0.129445
0.300591
0.307708
0.154844
0.12374
0.102457
0.596633
0.428337
0.662
0.470666
0.107296
0.151628
0.246974
0.662
0.0811641
0.184888
0.247135
0.490956
0.189964
0.252691
0.0938579
0.0748507
0.120691
0.310969
0.413375
0.649055
0.0366052
0.049571
0.0864477
0.0735499
0.433024
0.10364
0.615513
0.101857
0.117733
0.590347
0.329257
0.113437
0.130191
0.185878
0.510346
0.0705682
0.654168
0.122667
0.662
0.0627103
0.662
0.163985
0.135451
0.403508
0.103211
0.203987
0.649151
0.146327
0.363308
0.254479
0.662
0.221621
0.340321
0.308081
0.107606
0.580528
0.049101
0.226112
0.448772
0.151562
0.0918379
0.00233318
0.271601
0.221973
0.107204
0.169744
0.155563
0.515783
0.662
0.468825
0.438263
0.267445
0.20944
0.567428
0.46791
0.122978
0.150294
0.333863
0.133096
0.137669
0.662
0.24109
0.252445
0.0114376
0.250476
0.608374
0.662
0.0603159
0.662
0.404876
0.353938
0.0747138
0.102551
0.0920312
0.231821
0.369534
0.662
0.382537
0.0342926
0.662
0.304499
0.0509337
0.0985968
0.143209
0.662
0.406186
0.103389
0.200429
0.629443
0.0753207
0.408403
0.19734
0.111871
0.135815
0.12845
0.0123594
0.056525
0.662
0.186196
0.276732
0.0841221
0.269596
0.272909
0.194481
0.633391
0.193558
0.144555
0.0342916
0.0812443
0.343016
0.168285
0.662
0.293074
0.662
0.278558
0.662
0.268249
0.335383
0.0597442
0.662
0.492998
0.0648081
0.108819
0.116169
0.0591867
0.287304
0.258594
0.512114
0.560924
0.233001
0.58709
0.055347
0.0497332
0.381937
0.0266611
0.406054
0.359781
0.139112
0.158885
0.0385751
0.237579
0.43446
0.0744428
0.0209172
0.177066
0.140683
0.0147287
0.662
0.360915
0.475815
0.0698651
0.159464
0.247961
0.0504084
0.212436
0.450558
0.105335
0.295211
0.662
0.368335
0.0886754
0.0747962
0.0441492
0.376679
0.263989
0.662
0.662
0.662
0.662
0.662
0.243193
0.649702
0.526519
0.0119396
0.178068
0.0770193
0.442577
0.196049
0.396251
0.0951249
0.301927
0.0916239
0.339699
0.518345
0.105326
0.527101
0.2712
0.0561103
0.260591
0.115985
0.0963303
0.309045
0.421788
0.569207
0.240969
0.662
0.223154
0.181403
0.117627
0.156709
0.186253
0.140973
0.0925099
0.153116
0.216882
0.207989
0.183723
0.375971
0.302047
0.546011
0.137434
0.296544
0.0886067
0.662
0.0534629
0.662
0.0883124
0.662
0.247387
0.0641835
0.649067
0.662
0.175416
0.202385
0.134967
0.662
0.059704
0.04573
0.0941736
0.50924
0.175803
0.495825
0.173347
0.108011
0.48391
0.115068
0.165823
0.0419262
0.0182684
0.396308
0.17367
0.204793
0.0882421
0.00736954
0.174998
0.144385
0.207734
0.477976
0.278312
0.0432607
0.0699359
0.662
0.238403
0.0981329
0.662
0.662
0.662
0.086369
0.289062
0.0753522
0.387977
0.600755
0.662
0.403233
0.662
0.0662374
0.558296
0.662
0.10122
0.343063
0.302919
0.268111
0.455183
0.12825
0.200742
0.662
0.285747
0.234487
0.106651
0.56486
0.0275447
0.0634768
0.164033
0.662
0.305532
0.259703
0.250089
0.178263
0.58612
0.102107
0.309436
0.278961
0.244223
0.662
0.38316
0.0744285
0.323432
0.046871
0.100163
0.175891
0.155068
0.0898314
0.0784988
0.662
0.398242
0.412768
0.378376
0.648865
0.236353
0.112252
0.0091913
0.340993
0.0869599
0.112098
0.662
0.268669
0.209573
0.0490742
0.295114
0.0729016
0.662
0.0578056
0.520935
0.662
0.0780569
0.235053
0.0222742
0.662
0.0856669
0.0327718
0.139614
0.0225519
0.0578917
0.128545
0.0777864
0.101174
0.450116
0.443985
0.413898
0.338223
0.266464
0.218077
0.188511
0.34133
0.407501
0.0300743
0.233641
0.058286
0.12275
0.346547
0.0371192
0.0574576
0.27505
0.00964199
0.0600221
0.383255
0.165168
0.121203
0.157241
0.101526
0.165477
0.460439
0.288521
0.137775
0.329127
0.421145
0.212655
0.53902
0.0878564
0.662
0.0628718
0.157974
0.631825
0.472324
0.299656
0.285321
0.200873
0.523563
0.277299
0.0792399
0.413172
0.0867326
0.111962
0.662
0.0935308
0.356937
0.353182
0.214927
0.29271
0.070007
0.11887
0.390266
0.327724
0.133971
0.251705
0.0770183
0.561329
0.0461068
0.0314279
0.104028
0.426058
0.243491
0.00781387
0.662
0.087133
0.0618098
0.291935
0.29237
0.193586
0.0932296
0.418134
0.0585069
0.110638
0.130053
0.00406222
0.296746
0.662
0.101665
0.161499
0.0969822
0.335745
0.0983976
0.421847
0.540853
0.488785
0.0686164
0.183751
0.0105111
0.0886994
0.388201
0.662
0.454001
0.662
0.437381
0.105228
0.222038
0.0103193
0.0318747
0.175337
0.524328
0.472559
0.358079
0.353967
0.662
0.161153
0.133508
0.653901
0.662
0.662
0.0498372
0.10308
0.131577
0.457613
0.36672
0.333668
0.339936
0.0422037
0.28406
0.032076
0.107296
0.107352
0.619741
0.111324
0.143596
0.662
0.0719345
0.604667
0.432463
0.154833
0.0956829
0.215128
0.325797
0.297976
0.440963
0.0736347
0.128607
0.23847
0.361334
0.109189
0.441117
0.619988
0.528104
0.200853
0.662
0.376952
0.12695
0.662
0.312766
0.0917401
0.119672
0.0601598
0.407621
0.662
0.155954
0.350038
0.28363
0.219114
0.202884
0.491746
0.266121
0.0696283
0.0305392
0.0112079
0.00750648
0.662
0.116648
0.125666
0.0714121
0.191559
0.352682
0.0900756
0.0862905
0.253458
0.270205
0.136217
0.299701
0.136804
0.085992
0.140243
0.211067
0.196441
0.662
0.662
0.1324
0.147588
0.662
0.584373
0.190203
0.273323
0.106045
0.443793
0.662
0.186341
0.096755
0.662
0.0723815
0.189698
0.368345
0.662
0.0412925
0.103365
0.216586
0.11233
0.454319
0.0937806
0.338065
0.232364
0.115788
0.662
0.0610257
0.662
0.107801
0.0981538
0.064554
0.269384
0.490894
0.147767
0.113406
0.662
0.30579
0.662
0.482027
0.0662649
0.143735
0.266039
0.121812
0.182211
0.662
0.104868
0.380103
0.388614
0.259943
0.0185674
0.167901
0.20895
0.502926
0.375346
0.114202
0.127782
0.196978
0.228563
0.372956
0.662
0.0628765
0.236363
0.0643924
0.19301
0.444557
0.20297
0.13182
0.283386
0.114212
0.26499
0.479193
0.55628
0.370444
0.253228
0.310475
0.631043
0.135195
0.239088
0.174006
0.0357092
0.208726
0.221722
0.201806
0.662
0.293932
0.315945
0.662
0.44064
0.206765
0.0721819
0.0665938
0.19053
0.140825
0.0896785
0.194573
0.662
0.18138
0.451469
0.127826
0.261865
0.00325547
0.108286
0.261602
0.0826573
0.243034
0.158748
0.340905
0.404907
0.322729
0.0716825
0.0130516
0.197715
0.662
0.238481
0.119651
0.212977
0.146719
0.227384
0.0768824
0.0669388
0.125972
0.115175
0.0836916
0.527537
0.436568
0.194832
0.0653449
0.367426
0.08409
0.0751397
0.317451
0.102284
0.0820835
0.131347
0.662
0.159398
0.152221
0.263962
0.0619848
0.439104
0.0476189
0.400582
0.249678
0.442273
0.0709988
0.416587
0.393349
0.00105228
0.23588
0.132356
0.135052
0.447328
0.0229386
0.556435
0.651735
0.244193
0.0569576
0.313729
0.194743
0.662
0.0787951
0.388126
0.328814
0.662
0.127566
0.466797
0.0673343
0.0427372
0.662
0.0629251
0.0363099
0.263127
0.0669636
0.106551
0.117765
0.0412545
0.102685
0.144982
0.19172
0.324281
0.662
0.231568
0.115345
0.205652
0.409672
0.662
0.129039
0.0588112
0.00708515
0.662
0.133325
0.0760997
0.131651
0.662
0.282686
0.434129
0.319431
0.662
0.183179
0.172937
0.299997
0.662
0.305222
0.167691
0.29678
0.226262
0.0714433
0.653194
0.204266
0.662
0.662
0.307052
0.198415
0.171983
0.662
0.083896
0.393175
0.662
0.203977
0.102964
0.420071
0.072841
0.151306
0.119052
0.305962
0.127567
0.662
0.116547
0.155694
0.12485
0.229132
0.240589
0.662
0.552143
0.596865
0.0557373
0.265117
0.0855611
0.157384
0.204471
0.608518
0.0278679
0.662
0.526515
0.108771
0.377194
0.0235295
0.662
0.0845656
0.309714
0.431523
0.200581
0.24466
0.177092
0.0843534
0.113042
0.177685
0.315673
0.144749
0.0185869
0.546573
0.612261
0.425039
0.439021
0.0796043
0.255862
0.521929
0.0440045
0.662
0.314924
0.14773
0.270205
0.258737
0.100523
0.53331
0.00697181
0.211563
0.219236
0.40335
0.102547
0.658462
0.176007
0.0630454
0.575555
0.366929
0.0529242
0.399498
0.311523
0.0392062
0.194971
0.0227507
0.0673834
0.314963
0.169788
0.103486
0.244773
0.580311
0.259457
0.550147
0.505826
0.209584
0.412874
0.29116
0.0421416
0.662
0.132965
0.0554208
0.662
0.662
0.126749
0.135721
0.485561
0.150397
0.107705
0.125807
0.0905789
0.0418776
0.214505
0.0162096
0.662
0.0612536
0.371617
0.273681
0.441592
0.125534
0.662
0.202185
0.103096
0.0850014
0.142548
0.122608
0.0858455
0.0856177
0.155855
0.306041
0.23722
0.457603
0.0826028
0.141457
0.662
0.662
0.149605
0.204404
0.0716524
0.0818194
0.0817563
0.662
0.46822
0.116939
0.0559957
0.311081
0.49056
0.469458
0.397001
0.155476
0.0625637
0.283853
0.067029
0.199324
0.639328
0.39648
0.492387
0.662
0.350385
0.662
0.637038
0.00910825
0.212998
0.392596
0.207419
0.0696423
0.15679
0.183265
0.111135
0.100066
0.134309
0.269612
0.662
0.0658205
0.125351
0.662
0.255457
0.0632139
0.477528
0.296673
0.058184
0.321878
0.662
0.150173
0.190963
0.411804
0.366596
0.243318
0.662
0.526014
0.109165
0.662
0.158166
0.16634
0.124033
0.662
0.140095
0.662
0.107979
0.492976
0.211154
0.218705
0.0707141
0.0770308
0.183296
0.311427
0.0916884
0.10141
0.246589
0.0854574
0.292542
0.133485
0.182757
0.389618
0.12738
0.522206
0.532572
0.0807836
0.479539
0.0658749
0.584071
0.315107
0.196504
0.156342
0.481379
0.184488
0.662
0.493304
0.153675
0.0435652
0.208228
0.120837
0.191768
0.0425053
0.662
0.662
0.31082
0.059112
0.0818184
0.0631217
0.148693
0.140657
0.111202
0.270889
0.30767
0.17542
0.00733678
0.342626
0.211969
0.230263
0.662
0.10372
0.165497
0.143012
0.241729
0.110178
0.662
0.103559
0.050721
0.114596
0.20394
0.13808
0.281985
0.417796
0.274575
0.662
0.18189
0.151251
0.191645
0.364054
0.191327
0.18378
0.0940817
0.110138
0.256859
0.154294
0.114872
0.204334
0.0110424
0.242899
0.29583
0.138989
0.662
0.170234
0.114414
0.662
0.331863
0.103546
0.107856
0.662
0.147563
0.186713
0.0646045
0.221129
0.293996
0.107294
0.124581
0.298521
0.215734
0.113466
0.662
0.662
0.101453
0.662
0.662
0.14901
0.175345
0.0840501
0.552354
0.0360124
0.0756196
0.519939
0.662
0.242092
0.662
0.282213
0.0496704
0.662
0.233391
0.229418
0.210269
0.103485
0.0968347
0.662
0.205081
0.662
0.502136
0.213293
0.152608
0.17069
0.200561
0.362729
0.662
0.175607
0.436354
0.152512
0.127568
0.0476855
0.585406
0.0565711
0.136139
0.212359
0.04321
0.192641
0.137276
0.494504
0.136557
0.16083
0.139154
0.522899
0.662
0.420929
0.242821
0.455115
0.271491
0.369105
0.278292
0.64584
0.0837286
0.129417
0.209515
0.376465
0.0453639
0.393591
0.0901492
0.662
0.540108
0.192117
0.0906046
0.476605
0.086263
0.279188
0.173525
0.0936251
0.352969
0.0633003
0.439297
0.636385
0.118861
0.142506
0.103769
0.300206
0.329856
0.106992
0.662
0.105896
0.254549
0.142457
0.0812433
0.196881
0.211065
0.0706606
0.579706
0.12696
0.140168
0.0983091
0.0603523
0.432731
0.220816
0.0920991
0.125285
0.473139
0.0930664
0.470327
0.350617
0.45202
0.662
0.110711
0.342156
0.333815
0.24878
0.463708
0.662
0.141313
0.00281263
0.276081
0.263969
0.168346
0.0374173
0.294611
0.627769
0.662
0.0923479
0.277882
0.62304
0.662
0.0258935
0.281632
0.164347
0.382468
0.201556
0.662
0.142758
0.152417
0.122718
0.274612
0.662
0.662
0.0148773
0.226017
0.43318
0.0428722
0.0789532
0.525451
0.35662
0.0876172
0.0731874
0.225313
0.223407
0.662
0.506575
0.208104
0.662
0.662
0.297699
0.204624
0.0557518
0.180229
0.0336483
0.135643
0.216434
0.113294
0.0102047
0.107572
0.175027
0.662
0.5243
0.159565
0.0523945
0.604822
0.0574343
0.617566
0.402867
0.246098
0.0379851
0.472497
0.219998
0.339489
0.662
0.662
0.0656367
0.633694
0.662
0.157444
0.0743677
0.270049
0.662
0.0395904
0.0930683
0.662
0.518562
0.149512
0.55545
0.0934238
0.108405
0.182761
0.516754
0.259222
0.0401856
0.208241
0.662
0.0655681
0.641206
0.125972
0.103889
0.0945917
0.0781219
0.339481
0.662
0.21768
0.274785
0.404055
0.522216
0.159921
0.0735271
0.0982237
0.662
0.259569
0.662
0.189379
0.0686928
0.0388974
0.0577909
0.662
0.111659
0.106317
0.0694211
0.662
0.117228
0.215957
0.101018
0.662
0.14324
0.0982299
0.32192
0.410838
0.395822
0.0819828
0.662
0.0605411
0.32705
0.319491
0.42048
0.124301
0.0926146
0.333458
0.662
0.116222
0.266879
0.161884
0.662
0.381261
0.0926198
0.662
0.38971
0.360978
0.356353
0.162701
0.39133
0.229159
0.221906
0.573981
0.0672437
0.255081
0.0962673
0.326719
0.0774518
0.255326
0.186548
0.0386662
0.278718
0.572807
0.208456
0.483735
0.232332
0.154435
0.578055
0.0842104
0.085073
0.166583
0.320441
0.218924
0.226883
0.0558349
0.174933
0.371228
0.0482175
0.0828739
0.126881
0.379483
0.021683
0.662
0.327278
0.383067
0.379737
0.662
0.246924
0.662
0.389561
0.549022
0.232891
0.164977
0.270637
0.386852
0.624247
0.343494
0.562721
0.173457
0.125979
0.134906
0.505269
0.662
0.448446
0.662
0.0980649
0.526289
0.180496
0.386872
0.0875551
0.0642275
0.0751466
0.362818
0.200162
0.480648
0.286774
0.393702
0.126053
0.641983
0.171235
0.557779
0.183886
0.258255
0.117162
0.108108
0.13334
0.499295
0.268562
0.662
0.356429
0.191179
0.536275
0.108107
0.154591
0.434732
0.164018
0.254531
0.125782
0.263514
0.103491
0.561545
0.0863504
0.0997698
0.217455
0.107564
0.285124
0.662
0.0847841
0.145903
0.207192
0.100788
0.10576
0.0213103
0.39415
0.126237
0.112204
0.0462446
0.27075
0.121344
0.0410983
0.286534
0.322813
0.662
0.197071
0.293653
0.0535857
0.279361
0.0033092
0.120249
0.441521
0.0586864
0.197046
0.204185
0.369065
0.0946375
0.155299
0.662
0.47427
0.251886
0.305854
0.193986
0.164962
0.0498511
0.454959
0.220615
0.0848514
0.0678879
0.204379
0.634167
0.178987
0.2354
0.0608943
0.170389
0.217463
0.180447
0.127567
0.128721
0.662
0.172817
0.584327
0.0379096
0.268878
0.0961971
0.662
0.214814
0.254911
0.0708511
0.662
0.0750732
0.190656
0.0407335
0.031911
0.533752
0.073456
0.141056
0.235844
0.236445
0.0982189
0.137944
0.4998
0.114267
0.494793
0.662
0.264025
0.0843116
0.242096
0.0650428
0.0615415
0.0718722
0.662
0.280884
0.106031
0.1302
0.0536288
0.615271
0.138935
0.207929
0.607939
0.662
0.135135
0.128696
0.0818052
0.156736
0.00703515
0.0815582
0.662
0.662
0.550331
0.188278
0.289984
0.269787
0.662
0.305151
0.270186
0.0564374
0.34033
0.459069
0.662
0.0821811
0.182583
0.448186
0.449252
0.220735
0.0550148
0.0830523
0.293599
0.410578
0.543112
0.0582874
0.317741
0.465238
0.224988
0.0547751
0.662
0.125469
0.0859151
0.254468
0.0930022
0.662
0.662
0.224458
0.482192
0.132647
0.22505
0.139849
0.0898163
0.221727
0.332563
0.183589
0.236487
0.169963
0.205723
0.200897
0.232578
0.662
0.196724
0.259902
0.300265
0.11217
0.352504
0.119917
0.139874
0.214499
0.139762
0.106256
0.662
0.290018
0.0116457
0.469729
0.354606
0.273037
0.0584808
0.121662
0.0627734
0.312931
0.24816
0.322097
0.319482
0.468564
0.45546
0.231636
0.167688
0.327
0.0394226
0.662
0.0708419
0.224368
0.130998
0.170186
0.291659
0.109224
0.176106
0.300713
0.134058
0.130543
0.662
0.145899
0.125409
0.192717
0.0708559
0.133023
0.261984
0.100808
0.503438
0.206265
0.179175
0.331697
0.416483
0.122446
0.398199
0.0205484
0.165653
0.144792
0.285825
0.259295
0.159082
0.662
0.0723639
0.662
0.644741
0.141121
0.298391
0.390864
0.0564221
0.139797
0.287129
0.289083
0.0314735
0.329133
0.208616
0.325077
0.180694
0.0726526
0.0815096
0.177725
0.0347759
0.0677728
0.662
0.229664
0.153365
0.0898566
0.188201
0.275163
0.170725
0.527967
0.0519989
0.36685
0.301331
0.175015
0.424157
0.140846
0.146225
0.662
0.210655
0.0770104
0.0599725
0.662
0.336074
0.59492
0.662
0.179805
0.166342
0.187758
0.124345
0.662
0.0503623
0.662
0.167728
0.662
0.198846
0.12303
0.0995952
0.0976916
0.590119
0.145817
0.662
0.662
0.246339
0.24668
0.361865
0.294581
0.470697
0.156549
0.0775819
0.0330443
0.0699317
0.505225
0.140317
0.017255
0.255037
0.134953
0.255492
0.049569
0.0887168
0.17396
0.405214
0.17406
0.178682
0.311028
0.241481
0.577971
0.128368
0.228266
0.541311
0.232426
0.381986
0.361774
0.284853
0.129877
0.257507
0.461655
0.00532442
0.216637
0.226251
0.237285
0.128739
0.162579
0.127913
0.239284
0.4722
0.0616755
0.0352477
0.338546
0.0526191
0.189103
0.123397
0.00928066
0.248431
0.2359
0.662
0.11217
0.437793
0.263994
0.125525
0.207924
0.367633
0.35726
0.222951
0.159988
0.139604
0.359813
0.47413
0.616365
0.15519
0.382976
0.4407
0.0805032
0.0475208
0.293881
0.662
0.294613
0.111393
0.0440666
0.116471
0.576976
0.390487
0.0993688
0.00599008
0.125826
0.0610764
0.0884914
0.662
0.662
0.662
0.662
0.277357
0.165313
0.201857
0.142124
0.411083
0.224491
0.379589
0.177506
0.134368
0.40947
0.662
0.662
0.59095
0.117054
0.195614
0.132383
0.216255
0.143768
0.348958
0.0842487
0.662
0.113423
0.662
0.661201
0.662
0.0883549
0.253188
0.437456
0.0978827
0.174192
0.662
0.662
0.260737
0.0174542
0.492958
0.297151
0.0566551
0.543441
0.351337
0.403479
0.0521002
0.662
0.514828
0.149451
0.485563
0.0807708
0.0960043
0.114949
0.139761
0.662
0.0610481
0.213288
0.241986
0.258615
0.0587526
0.265709
0.378627
0.106533
0.104447
0.153353
0.0677657
0.342151
0.474437
0.662
0.260101
0.199457
0.369434
0.662
0.0560235
0.434201
0.368826
0.098974
0.0869627
0.556798
0.557978
0.0241168
0.137607
0.655222
0.223313
0.129428
0.549776
0.122877
0.0361436
0.662
0.403551
0.152393
0.351165
0.121224
0.306538
0.11929
0.632469
0.0126487
0.430859
0.309991
0.662
0.0968593
0.210325
0.230765
0.128493
0.334888
0.00306427
0.635527
0.0352817
0.662
0.662
0.0804315
0.103681
0.31658
0.265278
0.541859
0.112049
0.16654
0.120367
0.662
0.662
0.0954561
0.356906
0.630399
0.333503
0.313235
0.662
0.102482
0.327426
0.26201
0.164733
0.193386
0.0994501
0.0652284
0.542869
0.276328
0.111188
0.578743
0.313301
0.363056
0.440502
0.074929
0.247169
0.183262
0.109221
0.441655
0.119107
0.307774
0.0660021
0.0299831
0.185504
0.398222
0.122412
0.662
0.0904335
0.146918
0.396462
0.379336
0.398362
0.662
0.161424
0.126276
0.189133
0.112812
0.243169
0.0870539
0.0656142
0.216776
0.126499
0.130748
0.161641
0.0902291
0.145261
0.662
0.281201
0.261901
0.64672
0.152588
0.190335
0.46753
0.287269
0.238364
0.230579
0.0693341
0.662
0.240621
0.575371
0.490706
0.514407
0.355236
0.337417
0.258106
0.119157
0.105866
0.149678
0.662
0.410165
0.0514754
0.0502988
0.129388
0.262149
0.117221
0.0662702
0.354883
0.318833
0.109675
0.226397
0.662
0.214298
0.0821056
0.135956
0.0401856
0.181471
0.0618452
0.145725
0.23906
0.230182
0.662
0.0606479
0.292938
0.298019
0.434033
0.371827
0.662
0.156858
0.0444232
0.167006
0.662
0.124782
0.231613
0.107641
0.61879
0.27023
0.295826
0.662
0.176449
0.542421
0.638134
0.662
0.099094
0.662
0.0292828
0.0973661
0.0756036
0.191703
0.219206
0.0779874
0.0657144
0.325983
0.351409
0.645251
0.0729984
0.403035
0.110307
0.137542
0.13068
0.187362
0.062229
0.114578
0.571521
0.271205
0.215789
0.527172
0.662
0.081841
0.386737
0.388208
0.466114
0.192989
0.191789
0.232812
0.0866211
0.175133
0.404289
0.0974063
0.190327
0.140118
0.393181
0.198124
0.153849
0.0720169
0.460269
0.199323
0.506955
0.283185
0.314059
0.0934389
0.287868
0.068308
0.12214
0.192564
0.113279
0.267101
0.662
0.502127
0.603564
0.622232
0.101069
0.154498
0.125851
0.645072
0.0622274
0.0537025
0.175266
0.662
0.100885
0.0437573
0.15113
0.160107
0.508311
0.63313
0.208743
0.285987
0.0279748
0.0841888
0.662
0.662
0.100931
0.0591411
0.319013
0.0423694
0.302124
0.255168
0.221055
0.0729808
0.052181
0.224716
0.206511
0.662
0.662
0.423035
0.052287
0.526412
0.00218747
0.054184
0.127651
0.35862
0.408161
0.0611536
0.0648786
0.108022
0.117148
0.035675
0.352432
0.424128
0.455056
0.211799
0.223183
0.400982
0.528631
0.535105
0.0624144
0.662
0.0363664
0.298615
0.102838
0.210599
0.662
0.0974848
0.0513927
0.423203
0.134664
0.0534564
0.137351
0.233667
0.402536
0.357716
0.160458
0.307024
0.454023
0.135318
0.0751644
0.205783
0.308548
0.23175
0.448599
0.662
0.114864
0.662
0.0588568
0.333868
0.662
0.101216
0.0679318
0.662
0.662
0.51575
0.117083
0.143624
0.662
0.662
0.662
0.215298
0.0174091
0.0573193
0.0681911
0.261356
0.244009
0.0558798
0.281107
0.148022
0.115459
0.541718
0.371908
0.0576466
0.112995
0.226219
0.662
0.367356
0.168805
0.49021
0.291113
0.200913
0.424361
0.105582
0.662
0.0794779
0.0635191
0.235814
0.0841051
0.662
0.116735
0.149394
0.0745508
0.20486
0.152844
0.0791576
0.146893
0.101304
0.18041
0.619132
0.373676
0.0794134
0.116012
0.509201
0.13197
0.657623
0.662
0.11061
0.0754126
0.222272
0.0622136
0.134783
0.602945
0.126312
0.231642
0.235325
0.200457
0.662
0.34783
0.662
0.139657
0.455297
0.410176
0.482199
0.662
0.453658
0.378104
0.330913
0.0511673
0.192824
0.118663
0.0417329
0.187957
0.232552
0.120495
0.0966989
0.131025
0.504941
0.662
0.236195
0.508635
0.460097
0.100554
0.257578
0.0873078
0.324241
0.159091
0.303306
0.186694
0.075844
0.261703
0.410196
0.139437
0.600835
0.0902486
0.189318
0.208471
0.0616998
0.00132123
0.314417
0.0977064
0.17587
0.296585
0.349981
0.259991
0.0968149
0.217064
0.375164
0.2617
0.662
0.105363
0.262827
0.124054
0.399866
0.1247
0.304562
0.122634
0.317633
0.0945342
0.212518
0.204385
0.12189
0.477675
0.0909096
0.345612
0.154062
0.290396
0.231047
0.504708
0.0601851
0.107525
0.380983
0.457518
0.0998855
0.124215
0.240898
0.387567
0.662
0.662
0.194409
0.662
0.124303
0.171415
0.256407
0.662
0.0623461
0.119138
0.338743
0.525641
0.0121809
0.23491
0.33834
0.4152
0.329391
0.662
0.0235642
0.272098
0.0463642
0.230227
0.0747744
0.137388
0.0706481
0.318295
0.177372
0.0707259
0.24347
0.132103
0.0117303
0.0203232
0.309792
0.408328
0.662
0.0214796
0.104453
0.110165
0.0864961
0.0168939
0.171824
0.0187667
0.662
0.353377
0.313168
0.0929487
0.106493
0.262314
0.0527401
0.206654
0.557129
0.375392
0.0751423
0.205785
0.210357
0.178621
0.419845
0.370035
0.0670453
0.135184
0.278439
0.617551
0.155915
0.111757
0.0878929
0.662
0.158051
0.182795
0.0618963
0.348591
0.223527
0.662
0.14885
0.254086
0.172974
0.180479
0.358084
0.662
0.104198
0.114586
0.12465
0.0349167
0.122503
0.104637
0.345263
0.662
0.662
0.289268
0.164897
0.488151
0.336096
0.0998076
0.251909
0.637352
0.0323376
0.269383
0.228878
0.143277
0.0661376
0.578033
0.0534132
0.518932
0.181152
0.105652
0.382994
0.185795
0.537716
0.662
0.45165
0.186156
0.255259
0.600833
0.662
0.123313
0.225947
0.293179
0.0638447
0.344812
0.100283
0.0540553
0.169784
0.662
0.336998
0.1615
0.43232
0.143606
0.060389
0.662
0.198682
0.384381
0.150921
0.101216
0.0277846
0.662
0.0762045
0.388603
0.106068
0.253056
0.643345
0.108452
0.158529
0.595935
0.150305
0.662
0.0559616
0.0813084
0.284814
0.173251
0.193245
0.231312
0.052801
0.261927
0.159928
0.505928
0.062039
0.521826
0.662
0.226765
0.167213
0.662
0.368903
0.662
0.662
0.644382
0.102502
0.611594
0.092162
0.530676
0.126826
0.284383
0.227839
0.662
0.118787
0.662
0.519541
0.0807838
0.214953
0.145006
0.434682
0.154552
0.275818
0.200358
0.41997
0.662
0.662
0.0812932
0.081216
0.391889
0.44953
0.662
0.662
0.312132
0.444665
0.158876
0.27529
0.182064
0.264322
0.649886
0.0688616
0.0512572
0.127364
0.662
0.662
0.3208
0.189623
0.038064
0.169213
0.442483
0.138864
0.275291
0.467745
0.178472
0.662
0.662
0.336451
0.217546
0.287391
0.0367957
0.265163
0.344346
0.100907
0.206186
0.305024
0.346327
0.0739081
0.394483
0.181971
0.411919
0.0776343
0.662
0.127373
0.322994
0.153788
0.0861406
0.110226
0.0514562
0.21867
0.289231
0.00365519
0.216292
0.218323
0.0707938
0.288744
0.354
0.114254
0.662
0.166735
0.179719
0.662
0.0697744
0.218536
0.0551417
0.319358
0.256353
0.511025
0.11512
0.0768046
0.160921
0.0336526
0.159306
0.191512
0.111698
0.662
0.609807
0.030683
0.0149558
0.474188
0.242004
0.662
0.328964
0.241927
0.097369
0.365638
0.363225
0.0823453
0.145212
0.0675928
0.238843
0.343477
0.184351
0.0567516
0.0945165
0.075143
0.226352
0.189632
0.662
0.662
0.426351
0.29327
0.303821
0.10062
0.0727314
0.45249
0.26903
0.071405
0.110765
0.169158
0.021908
0.100679
0.104955
0.174579
0.357859
0.223814
0.151158
0.0472004
0.238426
0.119686
0.575293
0.0883787
0.593873
0.0919219
0.168857
0.662
0.115005
0.400365
0.459032
0.190092
0.151497
0.0814113
0.239259
0.115792
0.0675708
0.255802
0.13388
0.1889
0.280683
0.153986
0.607658
0.288861
0.247857
0.120469
0.312748
0.662
0.662
0.295072
0.381218
0.0592141
0.0278151
0.508418
0.272074
0.286296
0.109334
0.662
0.106545
0.357606
0.314807
0.375173
0.662
0.0172176
0.436614
0.436131
0.109332
0.131178
0.0922003
0.218138
0.158255
0.170769
0.286312
0.0589632
0.127088
0.101193
0.0582682
0.662
0.362386
0.169897
0.0465199
0.101291
0.0420127
0.495864
0.105261
0.305993
0.143306
0.632506
0.186968
0.0649287
0.320947
0.0755993
0.110583
0.318483
0.0484471
0.619379
0.117987
0.100231
0.424079
0.662
0.328969
0.260949
0.0764732
0.0796839
0.278306
0.662
0.204058
0.0678275
0.112874
0.444638
0.12774
0.449517
0.110388
0.143016
0.00705186
0.232547
0.0828931
0.236425
0.0985851
0.128178
0.1326
0.302225
0.0751858
0.117413
0.230784
0.486297
0.0802971
0.662
0.0809594
0.65029
0.184204
0.662
0.0817116
0.244514
0.630671
0.126837
0.103539
0.430561
0.39262
0.10923
0.206063
0.292426
0.0606182
0.241704
0.152185
0.147126
0.202834
0.087382
0.628547
0.339351
0.661014
0.196029
0.324268
0.596033
0.270146
0.329384
0.142461
0.443171
0.236864
0.0723184
0.343255
0.375967
0.0505121
0.662
0.308026
0.0998875
0.150642
0.0490713
0.0800601
0.662
0.0698162
0.662
0.108328
0.173782
0.662
0.340467
0.464865
0.362997
0.426593
0.0539667
0.662
0.155386
0.318477
0.111994
0.64473
0.338821
0.241402
0.116273
0.132727
0.318366
0.0649502
0.0667887
0.202751
0.204302
0.487285
0.659826
0.617567
0.244009
0.325761
0.136617
0.548256
0.134433
0.101397
0.159342
0.199438
0.493951
0.120055
0.662
0.302861
0.14638
0.0821178
0.357811
0.331144
0.0924697
0.128967
0.161643
0.223759
0.493496
0.0508804
0.167086
0.0482617
0.0820294
0.249794
0.0743671
0.0972222
0.528636
0.411975
0.256142
0.223596
0.245799
0.134803
0.426997
0.205042
0.662
0.119752
0.0572323
0.0683606
0.334838
0.0741252
0.204386
0.0965668
0.548421
0.259301
0.348565
0.662
0.188468
0.0953646
0.22577
0.453664
0.447719
0.128169
0.380882
0.251343
0.283512
0.312121
0.642871
0.186884
0.169228
0.258239
0.335431
0.257854
0.0946381
0.287931
0.497028
0.125734
0.12664
0.263568
0.662
0.035559
0.0996007
0.662
0.090654
0.2492
0.0962172
0.662
0.0843608
0.119829
0.209982
0.53997
0.114629
0.273286
0.366032
0.0271599
0.228839
0.51772
0.662
0.106422
0.39178
0.147942
0.102047
0.44997
0.0803141
0.179668
0.341995
0.204247
0.662
0.126883
0.112333
0.456312
0.165438
0.151694
0.0470502
0.0734164
0.0903547
0.130457
0.0731928
0.582888
0.102364
