0.072151
0.22202
0.189498
0.190732
0.0981579
0.346556
0.662
0.474409
0.102505
0.0987473
0.343213
0.0875148
0.662
0.662
0.662
0.662
0.14886
0.662
0.0632151
0.136389
0.0880004
0.374045
0.662
0.0429642
0.662
0.222085
0.662
0.134859
0.615828
0.444385
0.435972
0.302003
0.662
0.0924409
0.662
0.355225
0.254381
0.222387
0.662
0.610021
0.153859
0.0864773
0.0911072
0.662
0.0671647
0.118104
0.210447
0.662
0.203256
0.0888843
0.247476
0.662
0.0738459
0.244887
0.399126
0.236925
0.165113
0.00488837
0.662
0.0384907
0.662
0.662
0.384062
0.0727889
0.122536
0.252689
0.662
0.662
0.449338
0.52453
0.552437
0.196899
0.354293
0.453633
0.594792
0.655619
0.662
0.194756
0.647335
0.298911
0.509438
0.519465
0.061676
0.14191
0.209097
0.207627
0.107299
0.0760936
0.111543
0.662
0.662
0.0911543
0.262925
0.563477
0.647129
0.344432
0.501995
0.325285
0.490901
0.662
0.110104
0.414512
0.102684
0.662
0.449724
0.0111806
0.265489
0.112006
0.283099
0.0971179
0.133885
0.0575888
0.662
0.662
0.55361
0.454764
0.149723
0.253086
0.662
0.173821
0.0814768
0.343127
0.257735
0.482473
0.188163
0.278502
0.490037
0.662
0.241607
0.662
0.662
0.662
0.662
0.11478
0.0981248
0.132112
0.0973774
0.662
0.563354
0.148866
0.37848
0.203862
0.213551
0.137171
0.258824
0.570541
0.547508
0.55954
0.151437
0.59122
0.119475
0.175328
0.541317
0.0262232
0.0211565
0.15296
0.0510549
0.319613
0.318752
0.347196
0.235298
0.27247
0.276667
0.569188
0.162706
0.254259
0.240357
0.180057
0.259551
0.359269
0.662
0.10813
0.209091
0.662
0.662
0.455899
0.0561807
0.146441
0.662
0.439558
0.130262
0.220288
0.310566
0.187907
0.657806
0.126304
0.192958
0.144707
0.640027
0.662
0.533944
0.167728
0.662
0.662
0.0123806
0.662
0.611151
0.623339
0.0962088
0.0983467
0.0808341
0.264285
0.304433
0.220268
0.176614
0.662
0.079122
0.109312
0.662
0.357498
0.662
0.113794
0.230036
0.417152
0.662
0.368696
0.662
0.0721347
0.496499
0.662
0.182928
0.143157
0.448188
0.264713
0.218651
0.449992
0.662
0.662
0.192154
0.305492
0.303721
0.506016
0.646155
0.466345
0.439609
0.00760096
0.475487
0.47477
0.385955
0.117059
0.537944
0.186801
0.15155
0.662
0.230617
0.35334
0.364188
0.662
0.437514
0.152085
0.100096
0.431003
0.121465
0.399044
0.191873
0.315276
0.257684
0.510982
0.60964
0.268763
0.662
0.275477
0.0986635
0.0435978
0.37499
0.0631687
0.0123949
0.445329
0.519831
0.149081
0.662
0.47122
0.662
0.26365
0.080985
0.0725519
0.544797
0.280013
0.323261
0.404975
0.360952
0.125995
0.662
0.163256
0.15882
0.662
0.393
0.139495
0.146422
0.0109345
0.662
0.662
0.268362
0.158724
0.589949
0.5757
0.0444697
0.662
0.662
0.320583
0.196782
0.49529
0.167192
0.127238
0.131636
0.205086
0.150535
0.615756
0.164071
0.529943
0.0837024
0.341889
0.575082
0.662
0.662
0.116203
0.209625
0.38113
0.203349
0.176509
0.0725847
0.468652
0.367609
0.662
0.619784
0.569398
0.662
0.535297
0.583978
0.0912899
0.404852
0.189967
0.153273
0.330035
0.309022
0.225913
0.662
0.105944
0.0133056
0.137652
0.486501
0.125728
0.449169
0.155145
0.210908
0.662
0.100587
0.0203604
0.437404
0.662
0.569263
0.662
0.0753072
0.662
0.363928
0.466404
0.572325
0.232259
0.385696
0.440388
0.29795
0.662
0.662
0.280364
0.294397
0.16102
0.130178
0.286946
0.0894393
0.441847
0.0841659
0.662
0.594853
0.409944
0.377233
0.388159
0.464041
0.126369
0.266211
0.340575
0.21747
0.34333
0.430084
0.439806
0.217013
0.662
0.120221
0.662
0.204414
0.0962558
0.408074
0.0500429
0.347936
0.662
0.116222
0.0886976
0.662
0.417979
0.0778245
0.244191
0.396549
0.662
0.144321
0.537947
0.662
0.343035
0.662
0.154809
0.218974
0.662
0.521346
0.187234
0.195564
0.218259
0.260016
0.347867
0.238029
0.193478
0.662
0.40235
0.540226
0.103425
0.550434
0.628369
0.0952154
0.608481
0.443681
0.437461
0.328838
0.126641
0.215217
0.119593
0.408706
0.662
0.662
0.493068
0.0549355
0.662
0.106665
0.662
0.653134
0.0734306
0.662
0.134921
0.0131986
0.101057
0.409547
0.403075
0.400741
0.662
0.116786
0.46158
0.311472
0.0674233
0.374047
0.408981
0.662
0.662
0.480003
0.390504
0.257082
0.176281
0.15941
0.0969561
0.553662
0.432517
0.266156
0.579205
0.205695
0.0959776
0.17209
0.189901
0.397732
0.662
0.117474
0.662
0.431312
0.203726
0.362369
0.662
0.0366098
0.662
0.442671
0.662
0.0828859
0.212274
0.0360314
0.451652
0.132497
0.0180829
0.662
0.595232
0.431868
0.591515
0.336081
0.662
0.0561082
0.466842
0.212825
0.332654
0.662
0.0390647
0.169596
0.0883393
0.255624
0.000516055
0.645939
0.236908
0.0788194
0.5786
0.662
0.234779
0.106637
0.662
0.135763
0.453732
0.0226761
0.133842
0.201447
0.0549732
0.662
0.343965
0.265817
0.132447
0.580284
0.277291
0.234966
0.662
0.662
0.116292
0.0624417
0.0977605
0.662
0.0946997
0.460356
0.662
0.662
0.643056
0.0182717
0.662
0.311442
0.662
0.662
0.127657
0.0216996
0.662
0.662
0.102416
0.0286213
0.126035
0.662
0.118661
0.662
0.258805
0.267738
0.151966
0.288131
0.0278866
0.261443
0.662
0.316259
0.662
0.612622
0.0700538
0.292092
0.0910202
0.106506
0.371311
0.347352
0.119569
0.421384
0.356239
0.662
0.0504907
0.564127
0.447427
0.662
0.275893
0.116285
0.662
0.158451
0.453936
0.419591
0.662
0.257962
0.317142
0.39005
0.190377
0.662
0.527054
0.100459
0.185913
0.0641032
0.199157
0.237621
0.25553
0.0844148
0.243464
0.586687
0.156632
0.346658
0.218875
0.157148
0.058678
0.0914352
0.0127436
0.553882
0.46839
0.327461
0.658126
0.355932
0.662
0.662
0.0149714
0.618565
0.459532
0.248463
0.024563
0.439212
0.221252
0.394683
0.192659
0.0611239
0.231563
0.142339
0.101979
0.662
0.0745114
0.388795
0.466566
0.395422
0.0651086
0.366556
0.200255
0.264469
0.325107
0.275861
0.0989906
0.397953
0.349551
0.662
0.208663
0.22583
0.662
0.389563
0.119353
0.185399
0.290833
0.193242
0.650175
0.301637
0.0977449
0.662
0.352134
0.273119
0.213479
0.662
0.662
0.392588
0.662
0.507802
0.202393
0.139886
0.662
0.103982
0.550472
0.280689
0.662
0.110277
0.440243
0.036202
0.0499939
0.208284
0.346962
0.512892
0.576011
0.273832
0.252535
0.430991
0.320711
0.210373
0.12414
0.662
0.213161
0.114272
0.489353
0.287292
0.662
0.662
0.218712
0.0210855
0.28665
0.121016
0.172272
0.396276
0.591306
0.440045
0.0946413
0.386458
0.127495
0.185834
0.302445
0.276317
0.297699
0.138418
0.313098
0.177313
0.192086
0.209073
0.270869
0.088708
0.519706
0.311108
0.503658
0.0573077
0.662
0.639797
0.118917
0.0256132
0.465513
0.196529
0.295249
0.662
0.18155
0.651248
0.227199
0.662
0.224481
0.576143
0.105214
0.257026
0.465882
0.662
0.540915
0.628121
0.10353
0.650942
0.662
0.10043
0.200145
0.45801
0.271073
0.17966
0.662
0.153152
0.295545
0.387032
0.194803
0.094595
0.513374
0.267903
0.622479
0.509847
0.553776
0.662
0.484694
0.336079
0.662
0.292757
0.336402
0.34316
0.269858
0.662
0.509191
0.135644
0.187178
0.0829821
0.654842
0.0816539
0.18671
0.0482846
0.357523
0.226618
0.0910567
0.662
0.0413772
0.662
0.445832
0.662
0.0703359
0.147096
0.418339
0.036106
0.662
0.662
0.662
0.132938
0.662
0.608609
0.101994
0.662
0.163628
0.662
0.11165
0.299987
0.662
0.256143
0.662
0.662
0.2472
0.557419
0.166463
0.657203
0.662
0.662
0.190483
0.662
0.662
0.26481
0.0975164
0.260663
0.363026
0.0850393
0.461934
0.206534
0.137309
0.413684
0.662
0.326739
0.371678
0.381361
0.0948537
0.429665
0.110534
0.662
0.123091
0.139608
0.130607
0.472978
0.324528
0.662
0.662
0.136483
0.513564
0.365006
0.662
0.662
0.0720225
0.551657
0.662
0.662
0.377378
0.386985
0.326843
0.662
0.0569627
0.208492
0.242803
0.0544902
0.317598
0.0580716
0.185563
0.372344
0.662
0.222786
0.662
0.333298
0.359712
0.0250392
0.114071
0.135397
0.142023
0.377048
0.193476
0.473456
0.662
0.662
0.662
0.194773
0.144392
0.15618
0.244212
0.46748
0.52618
0.223001
0.662
0.505483
0.280154
0.416019
0.560339
0.0523589
0.662
0.211809
0.214301
0.455813
0.662
0.316939
0.332925
0.132249
0.662
0.215004
0.419409
0.229224
0.177794
0.309382
0.151808
0.0996132
0.161698
0.086655
0.51594
0.662
0.094875
0.662
0.183953
0.130322
0.170147
0.662
0.10993
0.2988
0.414148
0.469277
0.309155
0.584796
0.218111
0.214169
0.662
0.244186
0.418455
0.562719
0.662
0.173447
0.662
0.179124
0.662
0.363995
0.0943505
0.218265
0.451296
0.0905195
0.184757
0.464626
0.339473
0.462953
0.655632
0.662
0.501472
0.500561
0.662
0.255565
0.662
0.0981205
0.0322672
0.528997
0.0776359
0.131266
0.153885
0.117884
0.442826
0.289467
0.0501612
0.207811
0.269495
0.330337
0.571938
0.662
0.361865
0.596325
0.662
0.477713
0.662
0.189086
0.662
0.0485661
0.168433
0.568159
0.0226817
0.662
0.657928
0.371533
0.662
0.171559
0.403431
0.662
0.0683105
0.284001
0.430779
0.311606
0.389758
0.0966322
0.0614922
0.410611
0.0641388
0.443929
0.662
0.662
0.24441
0.340507
0.179643
0.501568
0.662
0.619898
0.217333
0.444323
0.324859
0.662
0.258677
0.308181
0.219055
0.534953
0.0845836
0.131473
0.172466
0.299253
0.662
0.157243
0.356668
0.662
0.576684
0.0665013
0.662
0.218625
0.0482625
0.189382
0.414866
0.47056
0.229433
0.225607
0.263697
0.0452098
0.342203
0.331719
0.300604
0.367931
0.38059
0.269351
0.662
0.491803
0.34871
0.662
0.184089
0.217618
0.172475
0.0714262
0.284373
0.600793
0.122449
0.538645
0.246928
0.396783
0.436435
0.662
0.261194
0.0509866
0.0949978
0.0962242
0.103642
0.347603
0.33528
0.310043
0.274402
0.662
0.187335
0.0310319
0.129934
0.662
0.510211
0.0800044
0.109551
0.366896
0.662
0.318928
0.0606573
0.46935
0.662
0.147919
0.476438
0.662
0.58753
0.467102
0.462836
0.216219
0.139201
0.24521
0.0940963
0.153846
0.662
0.386015
0.581251
0.632892
0.321154
0.20565
0.662
0.647765
0.265348
0.417824
0.137538
0.662
0.662
0.594283
0.339817
0.444868
0.230012
0.18109
0.48895
0.431095
0.662
0.662
0.373489
0.359514
0.0401329
0.662
0.0800984
0.0514947
0.15926
0.174076
0.126849
0.100111
0.431449
0.662
0.116751
0.662
0.175291
0.267482
0.662
0.206146
0.200642
0.472672
0.662
0.420565
0.371045
0.410113
0.426964
0.280804
0.446329
0.00364785
0.662
0.10151
0.662
0.0478379
0.342969
0.218657
0.351997
0.137137
0.642366
0.662
0.0432568
0.136213
0.445573
0.474575
0.2092
0.307378
0.0581943
0.446287
0.662
0.440211
0.662
0.103546
0.209099
0.606868
0.119948
0.0530556
0.549153
0.083597
0.180962
0.662
0.662
0.662
0.312355
0.662
0.102627
0.647172
0.166009
0.662
0.610296
0.378955
0.662
0.40256
0.339255
0.0397141
0.431661
0.662
0.662
0.38153
0.656263
0.148736
0.259018
0.662
0.345526
0.276389
0.60429
0.46451
0.633391
0.304743
0.412184
0.514778
0.662
0.662
0.391641
0.561204
0.448227
0.393987
0.217743
0.412705
0.0604878
0.662
0.662
0.662
0.243072
0.265305
0.260375
0.662
0.662
0.246012
0.662
0.55212
0.402011
0.0287882
0.418691
0.0476291
0.031985
0.662
0.662
0.366372
0.297134
0.265191
0.662
0.116805
0.112525
0.110134
0.0639514
0.662
0.662
0.662
0.658654
0.322132
0.274963
0.0735098
0.662
0.256625
0.394295
0.348415
0.401451
0.0391987
0.136099
0.113415
0.4018
0.232577
0.264601
0.0517272
0.589891
0.156794
0.259739
0.224842
0.57003
0.0683354
0.0460255
0.0106503
0.662
0.0503066
0.142181
0.46144
0.416444
0.662
0.107793
0.662
0.145882
0.386403
0.662
0.662
0.11133
0.1147
0.299127
0.2135
0.130587
0.22599
0.289686
0.649762
0.115629
0.662
0.662
0.474196
0.299394
0.163801
0.325297
0.555933
0.304361
0.662
0.134254
0.0525965
0.454866
0.444945
0.126623
0.0522773
0.202416
0.0232626
0.000966969
0.662
0.24563
0.0207407
0.662
0.0688335
0.17102
0.145271
0.00612641
0.290423
0.132086
0.0112607
0.087506
0.144216
0.123508
0.222985
0.0290524
0.662
0.208526
0.636486
0.662
0.000692644
0.662
0.598526
0.28291
0.197439
0.231768
0.469289
0.662
0.241656
0.0285667
0.412365
0.153725
0.0870779
0.394594
0.183831
0.140338
0.662
0.115578
0.251297
0.363363
0.646306
0.0480664
0.194973
0.202033
0.428152
0.0190898
0.166222
0.382235
0.362122
0.662
0.645876
0.578567
0.316664
0.324276
0.0237025
0.194082
0.303224
0.662
0.103329
0.662
0.402122
0.662
0.114183
0.233817
0.662
0.0186343
0.618345
0.209501
0.0639252
0.662
0.184332
0.450878
0.236306
0.286914
0.297562
0.189347
0.474423
0.261183
0.218557
0.0602503
0.0161291
0.180331
0.662
0.150469
0.662
0.448159
0.607848
0.105522
0.0622354
0.662
0.398765
0.388494
0.223588
0.466016
0.107898
0.104692
0.154284
0.0395572
0.662
0.662
0.662
0.388029
