0.202177
0.662
0.272727
0.058723
0.193216
0.662
0.0957947
0.358645
0.0861724
0.453071
0.097244
0.662
0.288297
0.268447
0.233362
0.0243388
0.60796
0.0687554
0.104542
0.135076
0.662
0.16881
0.662
0.662
0.662
0.112361
0.122286
0.214458
0.496939
0.662
0.243223
0.117174
0.127052
0.524777
0.162445
0.662
0.161764
0.45881
0.0597585
0.589055
0.662
0.256744
0.313369
0.418323
0.198713
0.361065
0.149957
0.116319
0.159627
0.5095
0.662
0.030431
0.101091
0.57006
0.123044
0.0961086
0.240714
0.118485
0.249113
0.228839
0.167204
0.146643
0.662
0.131226
0.0814979
0.0734037
0.210844
0.0969204
0.0680151
0.187804
0.662
0.169159
0.183954
0.646298
0.514725
0.237444
0.0466006
0.0413583
0.117421
0.290656
0.559626
0.280913
0.0876423
0.63594
0.662
0.198026
0.243878
0.531458
0.0845714
0.0211419
0.11275
0.418885
0.411558
0.409775
0.281681
0.107435
0.662
0.23366
0.281242
0.571728
0.133659
0.06967
0.347856
0.470756
0.43473
0.662
0.110977
0.406315
0.350949
0.077056
0.362813
0.0849773
0.491299
0.387578
0.145288
0.46988
0.0609786
0.206708
0.106239
0.0353845
0.0893436
0.662
0.357267
0.123442
0.146972
0.0737972
0.662
0.126489
0.496678
0.261745
0.15198
0.662
0.477544
0.467864
0.662
0.662
0.0194717
0.124404
0.141572
0.117231
0.104594
0.0547439
0.662
0.0580724
0.301495
0.0054887
0.36863
0.124341
0.466578
0.071055
0.662
0.561413
0.148172
0.22127
0.1582
0.113787
0.0841157
0.554298
0.232348
0.409455
0.470125
0.0786288
0.143828
0.237295
0.185103
0.662
0.0594314
0.0889
0.1108
0.21728
0.21694
0.662
0.147199
0.0303255
0.114413
0.231286
0.0229183
0.662
0.226524
0.0740135
0.0980411
0.333722
0.0733275
0.240314
0.133378
0.0687916
0.0888662
0.235419
0.142635
0.196089
0.311696
0.662
0.0297281
0.235562
0.0810963
0.357463
0.230195
0.071681
0.662
0.192951
0.220498
0.355142
0.0865619
0.110337
0.0707443
0.0426623
0.0245372
0.173807
0.662
0.167471
0.3272
0.212156
0.662
0.14373
0.662
0.267735
0.662
0.367773
0.0884339
0.311204
0.156164
0.0794773
0.662
0.413661
0.354327
0.371814
0.662
0.114072
0.123906
0.15079
0.662
0.0946205
0.160308
0.196927
0.662
0.393821
0.336954
0.0542766
0.146983
0.10075
0.107113
0.235278
0.440356
0.380686
0.199109
0.393317
0.224313
0.128675
0.361545
0.215055
0.662
0.232242
0.0774448
0.367077
0.335429
0.136179
0.0502124
0.662
0.3654
0.456426
0.662
0.314904
0.190591
0.0487349
0.662
0.258951
0.069482
0.662
0.662
0.662
0.593966
0.141867
0.370382
0.366049
0.264106
0.423304
0.662
0.0832376
0.180679
0.14468
0.662
0.00624944
0.20742
0.334024
0.502498
0.662
0.396731
0.245141
0.662
0.122247
0.309381
0.662
0.315769
0.274222
0.266053
0.271278
0.62897
0.0921054
0.0843186
0.115275
0.662
0.2179
0.296038
0.662
0.0824161
0.498297
0.164055
0.0958329
0.242316
0.110169
0.662
0.0677409
0.662
0.345508
0.463121
0.102824
0.372353
0.373192
0.199
0.158801
0.194238
0.608539
0.196885
0.0391291
0.198135
0.402913
0.662
0.0361298
0.463164
0.162063
0.0889921
0.0761355
0.662
0.0797537
0.633694
0.662
0.464524
0.0779406
0.182685
0.0143688
0.662
0.24748
0.0814884
0.0332481
0.373466
0.662
0.200344
0.147439
0.418272
0.471557
0.200538
0.416791
0.662
0.107084
0.0612604
0.182649
0.139764
0.305599
0.373255
0.0994044
0.662
0.142739
0.0350902
0.101421
0.319065
0.662
0.0795962
0.0822823
0.166747
0.239487
0.116624
0.143928
0.164779
0.149908
0.115561
0.662
0.273255
0.376543
0.365656
0.118914
0.2801
0.510332
0.193782
0.0691744
0.280723
0.0415435
0.100255
0.137759
0.373371
0.0964864
0.394008
0.16191
0.178218
0.662
0.0142198
0.662
0.100752
0.0949901
0.151216
0.602289
0.0689937
0.662
0.31834
0.190501
0.641342
0.236949
0.147967
0.0886138
0.0768282
0.160953
0.0168812
0.662
0.355584
0.265698
0.10473
0.408607
0.488668
0.0279916
0.37499
0.0695379
0.628453
0.662
0.157977
0.364588
0.17229
0.608656
0.208602
0.185373
0.108422
0.239503
0.361392
0.267726
0.662
0.171493
0.245107
0.662
0.662
0.345756
0.662
0.181318
0.110028
0.581943
0.0983298
0.150775
0.272297
0.257693
0.157987
0.123496
0.13525
0.214862
0.122289
0.361381
0.469714
0.273886
0.00571012
0.662
0.386129
0.662
0.0477597
0.0736465
0.662
0.094839
0.662
0.309382
0.19427
0.515167
0.187698
0.0190963
0.214073
0.662
0.302267
0.189783
0.622037
0.175755
0.0985311
0.295496
0.225767
0.498733
0.170164
0.467047
0.425387
0.662
0.185515
0.191298
0.30586
0.647836
0.085174
0.360962
0.334447
0.064041
0.466343
0.197757
0.16859
0.124907
0.385172
0.422999
0.140047
0.153285
0.205716
0.2151
0.0597854
0.244311
0.408857
0.662
0.160898
0.662
0.203101
0.0998121
0.117699
0.232891
0.225367
0.662
0.514561
0.662
0.248682
0.492025
0.427471
0.210923
0.241714
0.475103
0.0790685
0.295297
0.132965
0.286294
0.0749677
0.662
0.662
0.291008
0.357049
0.399559
0.46233
0.0749829
0.155077
0.013438
0.170293
0.662
0.0735333
0.170586
0.131784
0.293075
0.662
0.143892
0.104094
0.25351
0.186452
0.298714
0.0488484
0.0250827
0.662
0.053249
0.00136778
0.040445
0.662
0.662
0.141756
0.49252
0.215177
0.0617365
0.145876
0.0790995
0.150677
0.084505
0.447808
0.654235
0.127759
0.29381
0.662
0.205767
0.120106
0.111074
0.0617199
0.613148
0.2597
0.662
0.0339794
0.0507457
0.0873968
0.0635408
0.633391
0.331751
0.650823
0.662
0.192038
0.662
0.293172
0.662
0.166719
0.142306
0.182121
0.241391
0.290176
0.662
0.595432
0.662
0.41323
0.216813
0.0596245
0.511814
0.662
0.366563
0.247346
0.414714
0.111712
0.159713
0.586725
0.194578
0.662
0.187389
0.662
0.0166578
0.238802
0.0969798
0.120509
0.633046
0.112767
0.0722809
0.0509368
0.637981
0.264442
0.0611559
0.321172
0.662
0.278553
0.141885
0.0637266
0.659437
0.662
0.137959
0.595201
0.381495
0.0556989
0.381595
0.411327
0.474579
0.205735
0.0894462
0.145894
0.662
0.418273
0.132643
0.289138
0.235876
0.0783648
0.513333
0.0516589
0.197915
0.662
0.181606
0.0681672
0.242166
0.246089
0.402574
0.662
0.426238
0.425701
0.35042
0.0894323
0.499328
0.0871886
0.114584
0.271489
0.243692
0.35053
0.662
0.307184
0.662
0.662
0.662
0.070373
0.24973
0.316783
0.137716
0.0426658
0.137564
0.17843
0.128508
0.0982407
0.662
0.415573
0.662
0.0920134
0.157882
0.385781
0.152302
0.0855846
0.438606
0.662
0.232457
0.0540195
0.134248
0.262662
0.0887018
0.067486
0.0632637
0.0925391
0.0064006
0.450305
0.168179
0.103794
0.0846829
0.14234
0.102587
0.0309505
0.662
0.462886
0.0966944
0.0604179
0.161257
0.609399
0.392711
0.00568206
0.190979
0.0454586
0.0499421
0.658854
0.463275
0.662
0.464068
0.173499
0.17662
0.208978
0.262357
0.0881409
0.294282
0.035561
0.10474
0.131783
0.00727485
0.574069
0.30947
0.240513
0.282524
0.1708
0.237024
0.274827
0.513999
0.662
0.078365
0.281867
0.373174
0.150284
0.364317
0.12823
0.161464
0.183466
0.161016
0.278489
0.0736942
0.662
0.662
0.662
0.0912289
0.0994801
0.138449
0.474308
0.199663
0.225466
0.224197
0.442198
0.39479
0.361579
0.348637
0.662
0.285781
0.54817
0.20705
0.662
0.0927278
0.100448
0.256433
0.0921745
0.662
0.102461
0.662
0.010042
0.328959
0.271914
0.650443
0.129247
0.0715273
0.0404697
0.376323
0.327755
0.113187
0.0765462
0.662
0.662
0.339289
0.631603
0.352774
0.234596
0.187206
0.0754528
0.320536
0.0818311
0.182548
0.444464
0.351027
0.352693
0.0623938
0.111917
0.367112
0.555682
0.18816
0.662
0.0417389
0.0863789
0.165568
0.596053
0.0568701
0.0467519
0.398781
0.32074
0.378198
0.662
0.203066
0.201962
0.662
0.0290038
0.0159166
0.404952
0.259002
0.662
0.113481
0.100068
0.423861
0.662
0.553692
0.271222
0.139695
0.196009
0.0520397
0.662
0.178001
0.226545
0.174595
0.00515056
0.290121
0.526937
0.131717
0.662
0.0748734
0.116815
0.246008
0.281959
0.0279492
0.336599
0.662
0.162453
0.368696
0.0274755
0.662
0.328108
0.662
0.29132
0.237491
0.020686
0.662
0.285038
0.662
0.139912
0.135525
0.662
0.174465
0.0534805
0.0897106
0.160762
0.662
0.509236
0.22333
0.363304
0.101307
0.118574
0.400089
0.662
0.28853
0.362035
0.338335
0.0631557
0.128183
0.483012
0.223883
0.0724668
0.308265
0.0611672
0.662
0.108634
0.451553
0.639212
0.0162573
0.13509
0.166588
0.0888209
0.610989
0.200907
0.119867
0.157109
0.167016
0.211114
0.312725
0.662
0.428694
0.215904
0.662
0.181892
0.0934772
0.53499
0.0570052
0.127223
0.0786317
0.140696
0.194137
0.538162
0.199642
0.268412
0.662
0.662
0.126343
0.231978
0.331596
0.210944
0.218648
0.226898
0.476991
0.0823562
0.176175
0.491798
0.0349188
0.330106
0.0797255
0.0141321
0.419702
0.139491
0.126557
0.240088
0.334023
0.107184
0.0967202
0.108323
0.662
0.331315
0.53304
0.218254
0.204969
0.233334
0.119114
0.236876
0.104082
0.329763
0.067419
0.301112
0.0527218
0.545059
0.386213
0.530871
0.0762203
0.346651
0.198707
0.135231
0.662
0.662
0.061077
0.278677
0.357475
0.103678
0.261551
0.404771
0.355701
0.662
0.107778
0.662
0.341346
0.303735
0.447421
0.662
0.0613711
0.185277
0.143588
0.179213
0.0177017
0.279725
0.402992
0.0343994
0.21245
0.0358424
0.192524
0.662
0.467586
0.137398
0.348806
0.489242
0.662
0.43239
0.0860485
0.662
0.343524
0.00396756
0.245096
0.297169
0.0880419
0.579591
0.662
0.662
0.662
0.662
0.662
0.662
0.315792
0.662
0.662
0.175236
0.105316
0.194076
0.100662
0.150216
0.662
0.223021
0.589067
0.130632
0.5068
0.24998
0.662
0.494946
0.662
0.416781
0.0981309
0.480194
0.127188
0.229798
0.224199
0.114217
0.447667
0.662
0.128835
0.336351
0.073894
0.662
0.48695
0.0732362
0.0654648
0.0501625
0.117563
0.654709
0.0511798
0.662
0.220345
0.0826989
0.203043
0.662
0.0788527
0.129913
0.103581
0.0548292
0.368586
0.138577
0.238763
0.662
0.662
0.324648
0.100331
0.128126
0.145052
0.419442
0.104814
0.107311
0.662
0.0665186
0.617565
0.0925544
0.167666
0.216309
0.200377
0.662
0.451258
0.638199
0.662
0.0850628
0.662
0.141023
0.596936
0.157503
0.662
0.310623
0.501497
0.662
0.275012
0.0993037
0.123065
0.662
0.282146
0.136777
0.263846
0.0499208
0.18293
0.136649
0.179674
0.171515
0.117807
0.0303023
0.662
0.195545
0.137359
0.114274
0.370657
0.212004
0.188915
0.662
0.163359
0.145323
0.0640352
0.662
0.432361
0.433733
0.537686
0.108944
0.196889
0.175625
0.566213
0.50862
0.146646
0.108624
0.123008
0.0974255
0.1325
0.20201
0.150274
0.171608
0.662
0.131731
0.633071
0.190569
0.117692
0.113063
0.0425468
0.13163
0.130662
0.106844
0.100802
0.662
0.0704291
0.19497
0.662
0.0915037
0.135115
0.406844
0.662
0.152134
0.383213
0.116032
0.662
0.414617
0.166943
0.107978
0.186456
0.113348
0.0827831
0.0732116
0.275271
0.551006
0.076423
0.662
0.248596
0.216276
0.149014
0.328894
0.0146852
0.20403
0.0612458
0.0461742
0.185521
0.0771708
0.300441
0.105951
0.252506
0.291774
0.108581
0.143312
0.427437
0.123581
0.0762387
0.176439
0.305955
0.662
0.662
0.16616
0.439262
0.456044
0.124782
0.172803
0.494964
0.0453257
0.114245
0.438294
0.149689
0.186001
0.662
0.188152
0.224523
0.260944
0.662
0.662
0.307283
0.265029
0.0690905
0.0511553
0.0256149
0.370257
0.662
0.234046
0.366546
0.308716
0.094295
0.466859
0.292425
0.662
0.4779
0.286203
0.0992537
0.204888
0.00950547
0.268748
0.152191
0.0449901
0.12927
0.228954
0.117227
0.0980735
0.136681
0.662
0.232366
0.0370328
0.662
0.209881
0.362358
0.662
0.187952
0.228868
0.28198
0.395061
0.41937
0.109943
0.219222
0.129122
0.662
0.038441
0.0492527
0.258961
0.428008
0.232212
0.310533
0.256991
0.0773178
0.106523
0.658377
0.204874
0.334361
0.136055
0.662
0.153696
0.41521
0.0197624
0.324329
0.205973
0.311206
0.107495
0.215605
0.138219
0.0937143
0.263906
0.0835855
0.00219092
0.115937
0.0946644
0.0119071
0.0864455
0.192386
0.124707
0.662
0.662
0.269383
0.324164
0.493265
0.0247868
0.0439259
0.574894
0.100604
0.158087
0.662
0.126875
0.0501643
0.304393
0.599825
0.091004
0.267388
0.269552
0.0950821
0.224825
0.209774
0.304019
0.403863
0.662
0.662
0.381509
0.169873
0.381387
0.0991061
0.181458
0.0521057
0.182739
0.662
0.0905807
0.151791
0.662
0.662
0.370968
0.00234392
0.0681477
0.662
0.662
0.111972
0.199071
0.662
0.647041
0.126384
0.198378
0.276904
0.279628
0.0835517
0.164369
0.568785
0.115415
0.0702286
0.113767
0.245159
0.110967
0.662
0.129055
0.416827
0.662
0.314446
0.662
0.614716
0.351233
0.662
0.459299
0.0219351
0.038778
0.425055
0.662
0.108899
0.132063
0.11653
0.405174
0.281029
0.0641396
0.583264
0.275501
0.0819814
0.662
0.662
0.145268
0.0898434
0.128483
0.252387
0.41522
0.32029
0.138136
0.0775011
0.186323
0.270789
0.638293
0.271003
0.16269
0.662
0.298043
0.512352
0.354698
0.117221
0.261034
0.662
0.279274
0.608133
0.102595
0.0539001
0.250196
0.360923
0.131763
0.0671568
0.476673
0.410243
0.428204
0.313465
0.412069
0.662
0.662
0.117791
0.169992
0.313589
0.20952
0.0736238
0.285299
0.395412
0.00553113
0.113485
0.662
0.064359
0.0896331
0.0789969
0.133469
0.171671
0.392785
0.203116
0.597883
0.329159
0.230958
0.282
0.00842414
0.249838
0.06193
0.0527018
0.0771139
0.662
0.316353
0.128357
0.438185
0.114597
0.0921029
0.662
0.662
0.662
0.28317
0.0720456
0.662
0.169613
0.14327
0.158525
0.104578
0.662
0.265263
0.49728
0.579037
0.0317095
0.177926
0.313059
0.353802
0.0213025
0.191166
0.327153
0.484569
0.210845
0.0583444
0.0497929
0.152064
0.662
0.662
0.148562
0.126207
0.662
0.262867
0.406532
0.131399
0.662
0.0358904
0.236299
0.301782
0.250432
0.662
0.296261
0.199451
0.307774
0.271264
0.543917
0.662
0.470348
0.146527
0.253267
0.185627
0.106482
0.662
0.150487
0.0627159
0.210912
0.428774
0.0854317
0.229973
0.112542
0.114751
0.194178
0.662
0.384208
0.162587
0.662
0.0443538
0.269503
0.205041
0.0614395
0.217389
0.257495
0.0579052
0.276277
0.207855
0.650312
0.0516391
0.622221
0.126223
0.419489
0.0764077
0.218259
0.362022
0.371624
0.291902
0.528568
0.662
0.65478
0.662
0.14242
0.545492
0.487569
0.319759
0.549085
0.462383
0.326224
0.145834
0.349725
0.420269
0.662
0.318348
0.108871
0.0918956
0.0821275
0.662
0.279801
0.0287172
0.324593
0.21324
0.288974
0.100419
0.0860231
0.432188
0.662
0.189837
0.00542206
0.177982
0.20617
0.0156182
0.0773088
0.136846
0.386797
0.323918
0.178428
0.146828
0.380262
0.0939103
0.12097
0.599334
0.261541
0.395283
0.224087
0.175831
0.15029
0.662
0.183777
0.473442
0.332233
0.662
0.559223
0.227247
0.201266
0.322481
0.612413
0.542116
0.662
0.0730124
0.662
0.394039
0.0946383
0.259793
0.662
0.199954
0.662
0.0851514
0.662
0.662
0.0903832
0.191002
0.102337
0.140443
0.103445
0.295386
0.519583
0.104863
0.424321
0.154896
0.11672
0.304606
0.319653
0.209479
0.0679164
0.114675
0.0458192
0.662
0.445107
0.209401
0.416479
0.454828
0.662
0.0213254
0.0802895
0.422152
0.338355
0.154006
0.662
0.285167
0.662
0.0218565
0.0537554
0.622413
0.00792128
0.1388
0.114594
0.068615
0.662
0.283586
0.265629
0.125612
0.662
0.629831
0.219778
0.662
0.0853847
0.493948
0.0622109
0.271234
0.347369
0.0654239
0.662
0.272212
0.236168
0.662
0.248702
0.0921093
0.210842
0.099533
0.2668
0.186166
0.310734
0.221915
0.321904
0.434878
0.662
0.160924
0.262852
0.0972272
0.398044
0.0777177
0.284789
0.662
0.105128
0.436234
0.29949
0.109603
0.112665
0.000755188
0.662
0.105777
0.662
0.34139
0.316861
0.462016
0.0807403
0.244097
0.0771639
0.351561
0.424401
0.0846085
0.662
0.101224
0.144381
0.195493
0.662
0.138624
0.662
0.229491
0.216988
0.189687
0.351088
0.662
0.24916
0.662
0.0495035
0.258455
0.297921
0.662
0.398155
0.0598087
0.335245
0.573952
0.621715
0.609384
0.120797
0.0649094
0.292253
0.325421
0.087061
0.106432
0.662
0.0383658
0.0646505
0.336696
0.662
0.25854
0.662
0.261838
0.662
0.396026
0.593682
0.662
0.662
0.0894804
0.662
0.345844
0.662
0.211637
0.411195
0.0967625
0.20387
0.662
0.662
0.110855
0.662
0.662
0.662
0.220296
0.582557
0.338099
0.662
0.0551316
0.249553
0.127555
0.313392
0.0974264
0.0976289
0.076896
0.0826275
0.211908
0.100778
0.424054
0.662
0.662
0.315408
0.191274
0.480134
0.448009
0.255676
0.184073
0.0637885
0.0449728
0.338102
0.176573
0.302123
0.662
0.653632
0.404298
0.0774199
0.536896
0.186038
0.662
0.161471
0.505737
0.0963387
0.2635
0.342383
0.103204
0.414038
0.0604193
0.103355
0.0498616
0.061769
0.25005
0.283175
0.169714
0.42753
0.336854
0.0837868
0.174115
0.0700627
0.202879
0.224396
0.232457
0.0522548
0.261999
0.270312
0.218684
0.278598
0.216124
0.36544
0.607842
0.0991548
0.573277
0.0891656
0.108826
0.0498355
0.0540325
0.0126275
0.0959957
0.662
0.442348
0.662
0.662
0.149753
0.266576
0.0594554
0.12754
0.472354
0.158566
0.399188
0.326148
0.191734
0.662
0.217216
0.209409
0.662
0.662
0.0461708
0.026297
0.40932
0.0819225
0.0568732
0.072043
0.519314
0.662
0.20722
0.334278
0.320757
0.0701097
0.662
0.662
0.278732
0.255674
0.66126
0.662
0.444548
0.392623
0.15944
0.115281
0.0624356
0.0520631
0.116796
0.0135168
0.0433539
0.348728
0.407671
0.188641
0.328343
0.113332
0.404028
0.353611
0.182757
0.135271
1.9049e-05
0.110661
0.278211
0.662
0.0331836
0.207795
0.0516059
0.135588
0.376254
0.325118
0.571438
0.33064
0.222463
0.184005
0.499419
0.365211
0.600682
0.426822
0.199485
0.459617
0.595571
0.0386915
0.662
0.0919394
0.394798
0.425804
0.662
0.124672
0.662
0.147153
0.126619
0.174783
0.10659
0.159818
0.0465022
0.366067
0.0843
0.297422
0.0631129
0.662
0.662
0.0345651
0.0523982
0.194422
0.0546872
0.088685
0.58409
0.294944
0.662
0.370674
0.319133
0.318631
0.662
0.458729
0.0426179
0.183557
0.239945
0.662
0.186288
0.122544
0.0995381
0.662
0.612419
0.413169
0.0730576
0.662
0.310544
0.171725
0.662
0.157219
0.183058
0.662
0.164273
0.662
0.283813
0.311113
0.485584
0.662
0.0640456
0.0725633
0.4705
0.0445727
0.168108
0.269726
0.521405
0.554414
0.254414
0.0715071
0.602579
0.251322
0.100121
0.0577825
0.366655
0.452765
0.238313
0.198974
0.00522671
0.163045
0.662
0.421996
0.127755
0.197772
0.371926
0.513336
0.149702
0.370622
0.117884
0.0671417
0.0692473
0.424868
0.0823322
0.339129
0.482556
0.662
0.0890145
0.662
0.215977
0.323958
0.662
0.662
0.199887
0.103602
0.243994
0.210308
0.45622
0.298189
0.234961
0.383145
0.0967061
0.110939
0.210393
0.488858
0.190193
0.662
0.140532
0.333974
0.20072
0.26552
0.125156
0.238165
0.662
0.0997786
0.097933
0.0831355
0.256585
0.634092
0.312463
0.217377
0.108254
0.346582
0.211808
0.387863
0.188421
0.0555109
0.248897
0.296797
0.282902
0.0742192
0.426206
0.17817
0.651954
0.00470636
0.0880631
0.117892
0.241903
0.292355
0.169713
0.420249
0.10406
0.488824
0.662
0.237194
0.204608
0.662
0.247475
0.131154
0.298363
0.0986934
0.470469
0.139667
0.662
0.235514
0.358334
0.276643
0.191924
0.200834
0.622315
0.339092
0.0851763
0.662
0.174477
0.150728
0.0450225
0.0558742
0.0641212
0.11492
0.303792
0.647705
0.319772
0.106762
0.282644
0.662
0.274431
0.544724
0.278328
0.188943
0.0405524
0.294164
0.371476
0.00700846
0.0622948
0.662
0.604887
0.344012
0.461639
0.0858651
0.15639
0.511912
0.264842
0.641444
0.338954
0.161214
0.154891
0.662
0.517482
0.070468
0.351726
0.069747
0.545012
0.662
0.30024
0.155367
0.0936161
0.585232
0.662
0.662
0.163421
0.662
0.528149
0.217335
0.474942
0.06901
0.224255
0.0518304
0.0852909
0.55713
0.289259
0.540236
0.247716
0.41218
0.323327
0.0395692
0.421473
0.15326
0.662
0.385163
0.662
0.244725
0.107799
0.525538
0.124426
0.220982
0.601369
0.353803
0.203195
0.119346
0.662
0.662
0.077246
0.382666
0.0929419
0.0818748
0.146722
0.384148
0.113852
0.00953716
0.112493
0.364059
0.181973
0.251017
0.287562
0.14234
0.13088
0.662
0.662
0.440597
0.204737
0.662
0.0540572
0.0157429
0.361438
0.651769
0.143281
0.125897
0.232898
0.120781
0.386808
0.276573
0.0618115
0.225131
0.662
0.0994086
0.262266
0.662
0.224399
0.662
0.361849
0.580122
0.662
0.662
0.222243
0.0529416
0.272243
0.197339
0.494153
0.658021
0.243971
0.172461
0.392141
0.0516026
0.623153
0.183868
0.437071
0.345481
0.159641
0.0831383
0.174383
0.146362
0.139566
0.585366
0.135049
0.501634
0.427817
0.342942
0.142641
0.161527
0.267491
0.171212
0.173868
0.662
0.315699
0.662
0.330513
0.169178
0.0728923
0.066645
0.337846
0.211325
0.0434309
0.115431
0.662
0.457138
0.15927
0.149886
0.189078
0.113983
0.662
0.662
0.662
0.190183
0.341019
0.115009
0.424169
0.0984089
0.662
0.0836432
0.14741
0.124101
0.123518
0.073805
0.0839599
0.163743
0.39287
0.274086
0.0799801
0.662
0.254362
0.662
0.182699
0.166922
0.4437
0.111013
0.195596
0.127521
0.206121
0.0609023
0.602923
0.15591
0.662
0.251028
0.662
0.662
0.349756
0.113478
0.605022
0.115221
0.437771
0.6341
0.426611
0.573218
0.0489655
0.126543
0.0904113
0.19114
0.48628
0.662
0.204585
0.662
0.172115
0.158947
0.19369
0.051596
0.662
0.269494
0.261492
0.662
0.282031
0.662
0.342778
0.0636536
0.372382
0.0741499
0.385092
0.288831
0.421371
0.168331
0.203667
0.233972
0.50074
0.0873536
0.662
0.148413
0.506408
0.0334801
0.662
0.662
0.0507868
0.226602
0.346935
0.500058
0.175518
0.13557
0.189867
0.128662
0.198786
0.0692567
0.132626
0.0932309
0.662
0.058043
0.662
0.564968
0.0624165
0.0909499
0.421752
0.202593
0.205231
0.43614
0.259735
0.332464
0.237698
0.53025
0.163819
0.329259
0.113466
0.186823
0.32778
0.079281
0.314265
0.360074
0.400067
0.129099
0.221067
0.353335
0.137212
0.109191
0.0469048
0.141124
0.662
0.302417
0.117774
0.0688295
0.449251
0.662
0.508084
0.124161
0.588719
0.283679
0.313003
0.400944
0.384723
0.335989
0.111886
0.0486326
0.031583
0.165472
0.268534
0.192475
0.662
0.235326
0.189836
0.0643205
0.154625
0.059708
0.0753479
0.335679
0.218897
0.323866
0.662
0.292357
0.662
0.305625
0.286132
0.363173
0.286601
0.216951
0.0845544
0.662
0.662
0.161037
0.196964
0.192552
0.428433
0.230732
0.123047
0.349073
0.110495
0.0989896
0.274482
0.329871
0.427421
0.22822
0.453859
0.0349904
0.662
0.113865
0.631064
0.044342
0.0869073
0.662
0.0505726
0.211223
0.0460196
0.662
0.207502
0.339811
0.0390694
0.0607862
0.408026
0.114875
0.662
0.0793361
0.658854
0.662
0.425425
0.0471475
0.25322
0.353454
0.104331
0.296256
0.352095
0.0874307
0.420079
0.228329
0.662
0.662
0.662
0.116018
0.0393277
0.662
0.142212
0.231728
0.228371
0.151122
0.360213
0.328794
0.0183231
0.115784
0.0915641
0.175926
0.198613
0.271908
0.128653
0.514679
0.205987
0.164381
0.358624
0.219466
0.129997
0.598762
0.139841
0.61019
0.188887
0.423516
0.0287228
0.347592
0.11159
0.0599521
0.47385
0.662
0.204344
0.654968
0.120901
0.026742
0.0655058
0.175775
0.431686
0.0810913
0.662
0.381052
0.661635
0.228649
0.0910524
0.211653
0.184529
0.518138
0.106819
0.292474
0.662
0.188936
0.601833
0.0504422
0.120305
0.00379898
0.139538
0.0848169
0.08131
0.22931
0.662
0.473118
0.0845295
0.265288
0.662
0.260603
0.662
0.662
0.4262
0.233182
0.377127
0.10277
0.524289
0.662
0.125587
0.323632
0.662
0.157314
0.4328
0.0711681
0.0841357
0.342534
0.662
0.0764629
0.48434
0.153716
0.177329
0.130006
0.373333
0.662
0.164982
0.34536
0.213498
0.605151
0.185373
0.367307
0.662
0.352881
0.446467
0.662
0.138113
0.226832
0.136438
0.530202
0.303328
0.13426
0.122724
0.144102
0.447733
0.0284598
0.0326776
0.0993773
0.662
0.1632
0.662
0.119554
0.572695
0.662
0.209946
0.148344
0.269131
0.662
0.306275
0.662
0.552299
0.592617
0.38369
0.270737
0.279302
0.189368
0.0824105
0.109801
0.231137
0.376699
0.46005
0.182893
0.662
0.662
0.662
0.165854
0.0939762
0.0611959
0.140808
0.116325
0.290349
0.662
0.149272
0.204361
0.662
0.151735
0.046074
0.612582
0.43445
0.0335401
0.0763014
0.0612259
0.362739
0.105764
0.0908415
0.383721
0.0799467
0.662
0.0922761
0.0984386
0.152884
0.0861782
0.443228
0.00956757
0.662
0.662
0.662
0.178222
0.133497
0.284769
0.662
0.352965
0.169842
0.128646
0.203651
0.158251
0.0725956
0.662
0.361998
0.196215
0.215192
0.662
0.370092
0.0820577
0.163577
0.0716251
0.662
0.0247789
0.342763
0.107736
0.194512
0.0889963
0.556177
0.662
0.218624
0.222844
0.662
0.239169
0.375258
0.112578
0.216785
0.625165
0.662
0.335626
0.662
0.662
0.154373
0.662
0.247025
0.00046952
0.156719
0.35047
0.262784
0.112286
0.0664526
0.157942
0.0983718
0.0740583
0.133956
0.0887355
0.200673
0.5222
0.0942001
0.219003
0.0972847
0.101434
0.662
0.0564602
0.662
0.329902
0.385249
0.302754
0.196343
0.114792
0.0239648
0.148483
0.233427
0.171046
0.475299
0.59256
0.324303
0.346111
0.113338
0.588322
0.555901
0.662
0.0512422
0.662
0.536231
0.264809
0.103273
0.422374
0.662
0.106593
0.31837
0.149643
0.00522752
0.389737
0.662
0.302865
0.00994784
0.662
0.0133308
0.363144
0.662
0.177226
0.662
0.0690536
0.198802
0.662
0.662
0.54033
0.0953271
0.426411
0.16513
0.662
0.112812
0.662
0.371455
0.278183
0.215722
0.370213
0.662
0.158586
0.0740436
0.395253
0.662
0.280834
0.662
0.406106
0.662
0.620333
0.137875
0.119879
0.440135
0.345083
0.0954003
0.139177
0.11634
0.25818
0.385373
0.370047
0.139759
0.15701
0.186785
0.306111
0.290034
0.35997
0.0273374
0.315803
0.13537
0.267021
0.17948
0.662
0.662
0.662
0.0736125
0.379599
0.0603324
0.174149
0.0987071
0.151787
0.070591
0.361794
0.24703
0.111646
0.105268
0.254697
0.297424
0.108476
0.662
0.297479
0.253198
0.156137
0.185599
0.109689
0.324678
0.0955266
0.662
0.146807
0.128825
0.0641385
0.0421212
0.222579
0.662
0.11938
0.17904
0.0567247
0.18797
0.662
0.330147
0.245835
0.198309
0.123223
0.0714869
0.0765825
0.0830671
0.170748
0.366079
0.607547
0.0588133
0.0705202
0.542925
0.0572158
0.0624661
0.219374
0.14473
0.269412
0.240272
0.0264643
0.662
0.293461
0.0684695
0.103638
0.287754
0.152116
0.309519
0.302576
0.206521
0.589133
0.147943
0.126033
0.0725822
0.0390996
0.209398
0.139672
0.662
0.0923291
0.248319
0.131292
0.479272
0.32161
0.239515
0.326021
0.116165
0.155462
0.629215
0.00186899
0.124787
0.209843
0.614911
0.432613
0.662
0.156506
0.305026
0.372413
0.0815108
0.55804
0.0769617
0.321048
0.333621
0.337253
0.662
0.580355
0.612757
0.662
0.662
0.352589
0.228277
0.157655
0.145735
0.119784
0.147501
0.0721729
0.175906
0.662
0.662
0.110638
0.213093
0.176198
0.176966
0.103305
0.639195
0.167728
0.0806685
0.26811
0.399074
0.144501
0.208819
0.325974
0.122785
0.150803
0.365027
0.0932416
0.199953
0.180154
0.156305
0.228467
0.662
0.346345
0.213081
0.0564306
0.228919
0.404551
0.336035
0.235152
0.592891
0.662
0.0724769
0.028033
0.256715
0.127183
0.662
0.0201441
0.221099
0.0954303
0.0583426
0.295396
0.312644
0.0982772
0.312555
0.190439
0.662
0.0864033
0.403426
0.108445
0.182718
0.261837
0.183659
0.112784
0.128524
0.0863222
0.126366
0.034223
0.466595
0.0973392
0.091657
0.0656688
0.662
0.662
0.112877
0.224611
0.38552
0.353251
0.128324
0.662
0.190161
0.10385
0.630441
0.22295
0.662
0.441743
0.317386
0.283084
0.181869
0.364798
0.497158
0.113791
0.195065
0.398119
0.0718428
0.23402
0.419262
0.662
0.022907
0.332121
0.0211571
0.0711235
0.147245
0.0652732
0.242443
0.0687157
0.117205
0.401891
0.291535
0.494487
0.480698
0.277502
0.129554
0.662
0.662
0.129583
0.0985963
0.662
0.174558
0.389202
0.203399
0.202291
0.092999
0.136705
0.464662
0.316249
0.662
0.232556
0.10487
0.0207251
0.0856307
0.0662878
0.245252
0.508869
0.662
0.495008
0.169775
0.266759
0.117727
0.0843938
0.090181
0.193434
0.268364
0.0901383
0.0986257
0.120869
0.0894263
0.385501
0.662
0.114678
0.116111
0.662
0.109791
0.476724
0.601439
0.38672
0.301575
0.0861562
0.187384
0.0818614
0.123893
0.0940097
0.555753
0.371075
0.662
0.33418
0.30294
0.283522
0.662
0.105909
0.0873365
0.273903
0.0096986
0.563137
0.366248
0.0633056
0.13619
0.211666
0.335752
0.548599
0.662
0.0926648
0.12756
0.319021
0.0940272
0.299593
0.156299
0.662
0.662
0.0456076
0.0581654
0.662
0.0963038
0.424928
0.662
0.505165
0.174957
0.108999
0.232188
0.0752476
0.0422073
0.302514
0.241689
0.182631
0.0277282
0.0647736
0.662
0.662
0.271168
0.247201
0.0638591
0.662
0.246791
0.662
0.141096
0.56687
0.338379
0.662
0.0616068
0.453446
0.298692
0.646227
0.391442
0.662
0.384828
0.102567
0.118703
0.512938
0.662
0.0623418
0.39874
0.245667
0.255031
0.662
0.126015
0.0635278
0.114316
0.0994838
0.162007
0.214221
0.662
0.662
0.662
0.340972
0.662
0.209907
0.107769
0.00626054
0.230759
0.662
0.0282791
0.234605
0.097284
0.450824
0.0849826
0.128848
0.471505
0.144901
0.247872
0.418097
0.662
0.404276
0.126197
0.206352
0.662
0.129327
0.343322
0.177306
0.662
0.0926048
0.662
0.662
0.151189
0.662
0.0616916
0.187245
0.094873
0.0151103
0.204708
0.394009
0.42785
0.442114
0.115642
0.379194
0.451587
0.21872
0.185487
0.197566
0.203763
0.0811145
0.200039
0.0798049
0.483972
0.144216
0.662
0.135393
0.137795
0.278933
0.28773
0.403225
0.636833
0.163381
0.380642
0.617879
0.156531
0.20432
0.662
0.0533282
0.115667
0.160026
0.274376
0.0797281
0.662
0.345086
0.101809
0.662
0.59967
0.662
0.197353
0.206515
0.0965749
0.283505
0.310314
0.101155
0.116599
0.0687163
0.290594
0.272944
0.355759
0.204736
0.131021
0.153078
0.329179
0.360037
0.205416
0.0474472
0.340566
0.0505255
0.326686
0.193328
0.143989
0.662
0.662
0.662
0.662
0.0928288
0.154323
0.191449
0.319336
0.11716
0.427395
0.305271
0.126421
0.239476
0.662
0.315553
0.10576
0.144597
0.302443
0.642177
0.108498
0.28587
0.489851
0.130575
0.179165
0.630893
0.134892
0.153625
0.212001
0.11775
0.528984
0.1753
0.4161
0.196485
0.233398
0.102984
0.662
0.388757
0.662
0.447758
0.192204
0.0460606
0.16231
0.185155
0.323258
0.164015
0.662
0.0857808
0.123108
0.0106348
0.00649166
0.299795
0.436666
0.270076
0.0403484
0.210233
0.0567021
0.0503233
0.275738
0.150598
0.258481
0.101378
0.347843
0.140988
0.482069
0.0170602
0.545147
0.0982175
0.149282
0.140248
0.662
0.0997835
0.662
0.0970069
0.241268
0.287561
0.0557299
0.123198
0.0527171
0.662
0.117036
0.106179
0.215698
0.144017
0.662
0.662
0.662
0.196421
0.470675
0.0415766
0.378076
0.137566
0.662
0.125342
0.502003
0.234779
0.279547
0.138879
0.16903
0.658148
0.247077
0.301724
0.368599
0.0783714
0.119383
0.151647
0.662
0.353019
0.0102535
0.132504
0.430773
0.118078
0.191993
0.209442
0.382741
0.0381854
0.221351
0.255041
0.165451
0.30673
0.354837
0.53502
0.149822
0.523401
0.129362
0.123262
0.435805
0.152247
0.11779
0.662
0.643371
0.49415
0.127175
0.270519
0.0787978
0.160736
0.662
0.431216
0.328007
0.190149
0.330657
0.13809
0.662
0.194952
0.187945
0.116947
0.662
0.156394
0.230673
0.104634
0.0392119
0.202607
0.112544
0.580689
0.209974
0.0666149
0.21379
0.240399
0.307787
0.396647
0.161579
0.404345
0.151996
0.662
0.111818
0.378141
0.0901515
0.662
0.204249
0.137577
0.104026
0.15028
0.436062
0.124639
0.397621
0.662
0.207151
0.504566
0.110475
0.316086
0.662
0.0870517
0.641385
0.0974377
0.121472
0.057162
0.058229
0.662
0.350787
0.194691
0.0541078
0.662
0.259688
0.28159
0.0762159
0.18078
0.51683
0.216199
0.0719684
0.00899648
0.261419
0.624396
0.23906
0.393822
0.662
0.127112
0.163625
0.373072
0.12538
0.177729
0.134605
0.509345
0.474233
0.0123644
0.26825
0.222902
0.039256
0.662
0.58704
0.0598335
0.250166
0.385191
0.333536
0.234398
0.0649633
0.464534
0.267552
0.286689
0.0659711
0.174506
0.137787
0.256985
0.0958869
0.0518319
0.105628
0.107588
0.0713597
0.101507
0.0833464
0.662
0.155419
0.662
0.0940446
0.662
0.228364
0.221301
0.662
0.662
0.0629318
0.349045
0.662
0.0302145
0.277689
0.662
0.570932
0.261766
0.113641
0.551712
0.334125
0.662
0.279957
0.27973
0.0679078
0.121631
0.363863
0.151603
0.182398
0.480467
0.232921
0.186667
0.124087
0.10376
0.072217
0.662
0.131574
0.198939
0.0870545
0.282017
0.0842963
0.0855182
0.190235
0.572405
0.0610737
0.194819
0.530127
0.662
0.231068
0.515905
0.245586
0.0781067
0.0921986
0.158117
0.478478
0.0966641
0.334664
0.594553
0.184852
0.560391
0.166056
0.0974222
0.222312
0.250639
0.323123
0.115926
0.480453
0.0486244
0.662
0.200162
0.243564
0.202855
0.207583
0.662
0.00219346
0.368539
0.098754
0.0832347
0.257247
0.0952129
0.0965539
0.662
0.40606
0.218381
0.181172
0.218203
0.140707
0.662
0.277292
0.116168
0.374459
0.386338
0.114798
0.0906463
0.444959
0.336451
0.1653
0.200479
0.662
0.628222
0.284901
0.1117
0.302105
0.246243
0.662
0.2002
0.246515
0.166507
0.621171
0.156562
0.0548353
0.466486
0.0301989
0.299245
0.0743338
0.129181
0.189545
0.0320346
0.662
0.136389
0.0940219
0.158743
0.662
0.235671
0.18761
0.213273
0.195485
0.122629
0.127478
0.604258
0.113797
0.157323
0.662
0.383229
0.068017
0.233242
0.049732
0.349875
0.0633749
0.662
0.29023
0.357633
0.432138
0.0314454
0.487976
0.215327
0.123335
0.463786
0.328033
0.195039
0.662
0.12302
0.158823
0.317882
0.0981604
0.0697443
0.210078
0.396614
0.0529417
0.232722
0.662
0.662
0.0801255
0.344994
0.662
0.417831
0.203394
0.285389
0.143858
0.130382
0.0756221
0.028346
0.662
0.139873
0.662
0.234196
0.662
0.0130797
0.192481
0.360902
0.209714
0.145382
0.164149
0.0765026
0.322446
0.0534913
0.265183
0.106246
0.662
0.0880492
0.662
0.157464
0.140136
0.113674
0.0960313
0.279106
0.662
0.0913369
0.662
0.23566
0.662
0.0264305
0.181898
0.662
0.11748
0.662
0.168325
0.117874
0.120237
0.124338
0.553349
0.662
0.054361
0.320071
0.234645
0.0342386
0.211366
0.286922
0.258206
0.662
0.662
0.338002
0.109275
0.228696
0.355855
0.197159
0.290434
0.0946412
0.189652
0.662
0.662
0.215983
0.0586931
0.102629
0.662
0.059058
0.514495
0.153985
0.456007
0.662
0.22578
0.00858865
0.223262
0.563646
0.359705
0.662
0.195598
0.169979
0.491393
0.125976
0.0200298
0.0721454
0.329452
0.114306
0.263037
0.662
0.355207
0.329563
0.0545629
0.662
0.0860912
0.202292
0.155071
0.282457
0.662
0.180557
0.299307
0.270287
0.530692
0.0335365
0.662
0.185941
0.191724
0.047096
0.0735271
0.0755109
0.398012
0.132856
0.269084
0.118768
0.16516
0.0509076
0.222308
0.199317
0.0735625
0.357689
0.104675
0.325413
0.662
0.182738
0.662
0.299422
0.248929
0.265591
0.208696
0.0811022
0.120329
0.20007
0.272055
0.00269788
0.409683
0.188613
0.160812
0.252626
0.0513955
0.232757
0.387772
0.25501
0.579452
0.146043
0.0969575
0.219662
0.393175
0.662
0.0788977
0.175266
0.412661
0.127849
0.300246
0.40495
0.244665
0.118894
0.244574
0.16902
0.135461
0.662
0.39887
0.39768
0.0867844
0.128475
0.662
0.46196
0.352998
0.163347
0.561402
0.443757
0.0896679
0.35264
0.117505
0.662
0.0682093
0.121438
0.245851
0.224057
0.097093
0.245714
0.662
0.121078
0.2414
0.0748699
0.204645
0.662
0.300839
0.136581
0.62726
0.267918
0.207418
0.323523
0.0984409
0.125703
0.267062
0.169932
0.128706
0.267419
0.175548
0.350502
0.282568
0.0877694
0.0696548
0.662
0.662
0.135777
0.662
0.371624
0.32802
0.214875
0.253747
0.168565
0.0372971
0.417225
0.640628
0.51474
0.0821294
0.20925
0.515858
0.113953
0.147188
0.662
0.51443
0.662
0.662
0.662
0.435367
0.181288
0.101931
0.116991
0.662
0.302681
0.296965
0.662
0.662
0.125511
0.346823
0.662
0.149152
1.86232e-05
0.04281
0.527176
0.662
0.244335
0.11696
0.0671462
0.173564
0.0750878
0.465199
0.14111
0.101254
0.0658047
0.0792104
0.189868
0.0404975
0.199485
0.405423
0.237968
0.601104
0.662
0.662
0.0640397
0.662
0.21172
0.138027
0.662
0.662
0.519808
0.662
0.23441
0.0229442
0.0722048
0.662
0.662
0.397587
0.0981867
0.000677348
0.243369
0.230155
0.379855
0.662
0.323472
0.207434
0.583583
0.0822445
0.347374
0.662
0.0734098
0.167842
0.0392987
0.00577312
0.403196
0.195003
0.337065
0.0163706
0.17206
0.412805
0.0955753
0.662
0.661794
0.162147
0.0663944
0.280369
0.0266406
0.175902
0.224018
0.541906
0.305357
0.425171
0.382841
0.662
0.359623
0.149741
0.1678
0.261601
0.44011
0.307098
0.37662
0.146488
0.162212
0.503847
0.319548
0.662
0.427648
0.662
0.0493584
0.115717
0.301876
0.31501
0.255181
0.0877621
0.400667
0.325753
0.662
0.0346104
0.421265
0.179
0.171986
0.134778
0.245385
0.662
0.36781
0.225145
0.047321
0.225808
0.526199
0.662
0.662
0.0990054
0.0673038
0.085738
0.0983661
0.33212
0.0887557
0.662
0.662
0.282337
0.0853273
0.662
0.575389
0.0792958
0.173197
0.19447
0.0659931
0.103684
0.662
0.229942
0.662
0.170982
0.647409
0.662
0.00895585
0.134165
0.205021
0.197822
0.559909
0.154209
0.0848856
0.0881292
0.255252
0.172321
0.295534
0.112478
0.111265
0.153628
0.0710699
0.440507
0.124569
0.196528
0.050533
0.511606
0.0580512
0.221375
0.662
0.229169
0.185596
0.286276
0.300802
0.323207
0.662
0.0858867
0.0843591
0.662
0.398898
0.133732
0.0820383
0.503795
0.16528
0.211353
0.662
0.460925
0.237252
0.114427
0.101606
0.447395
0.500354
0.264783
0.540579
0.21221
0.0652692
0.216028
0.147231
0.200818
0.662
0.302164
0.662
0.118038
0.397373
0.336984
0.338513
0.0799179
0.0528197
0.662
0.282355
0.662
0.511129
0.0529795
0.114211
0.662
0.446081
0.0880715
0.662
0.180493
0.198496
0.662
0.299689
0.107743
0.662
0.0609038
0.489216
0.142592
0.662
0.168245
0.100017
0.475162
0.116475
0.106449
0.119478
0.381073
0.296682
0.427911
0.267029
0.662
0.662
0.37543
0.196675
0.422734
0.662
0.16432
0.31048
0.347901
0.0726102
0.156472
0.13519
0.662
0.207549
0.152501
0.206307
0.662
0.127514
0.278032
0.343996
0.662
0.662
0.662
0.0613199
0.298832
0.135656
0.23569
0.298062
0.355735
0.554097
0.117594
0.181177
0.393345
0.662
0.444585
0.313751
0.579329
0.662
0.430937
0.662
0.662
0.100428
0.147774
0.489437
0.377475
0.518005
0.37988
0.553506
0.323543
0.145039
0.0634831
0.538856
0.00684688
0.146443
0.662
0.0772006
0.216575
0.157902
0.662
0.302813
0.245475
0.0871377
0.488712
0.647074
0.0949288
0.244978
0.208497
0.461783
0.297366
0.243644
0.345113
0.0618235
0.120329
0.0955713
0.20553
0.662
0.254251
0.662
0.207242
0.662
0.00802702
0.662
0.0167822
0.662
0.40715
0.662
0.455313
0.348488
0.167302
0.281275
0.0639005
0.260277
0.446012
0.233625
0.137839
0.106929
0.430095
0.0395663
0.306484
0.102606
0.319888
0.440307
0.11194
0.0524002
0.662
0.173842
0.0548923
0.0955094
0.263313
0.412585
0.0766797
0.377053
0.662
0.103558
0.205443
0.325232
0.384028
0.0811005
0.662
0.162914
0.379695
0.662
0.481087
0.213267
0.168753
0.208178
0.662
0.471017
0.432956
0.146363
0.517864
0.371259
0.158869
0.662
0.194025
0.165923
0.662
0.296162
0.47802
0.662
0.187255
0.0646578
0.163651
0.0720622
0.0864849
0.662
0.324456
0.13463
0.662
0.165871
0.163275
0.662
0.162724
0.466914
0.175677
0.104645
0.0708198
0.162737
0.0473947
0.131807
0.19159
0.398665
0.17423
0.182338
0.205425
0.186566
0.176363
0.638875
0.146347
0.0908032
0.194153
0.232095
0.105132
0.133106
0.158506
0.0672382
0.301476
0.221908
0.133995
0.302585
0.452207
0.0520923
0.117753
0.662
0.0857588
0.390556
0.183839
0.662
0.0956393
0.300418
0.662
0.0345267
0.662
0.196397
0.0894274
0.58192
0.662
0.0871927
0.555569
0.294422
0.153692
0.010969
0.127263
0.368543
0.490862
0.279651
0.437601
0.662
0.109687
0.270367
0.662
0.463795
0.172886
0.269929
0.0688588
0.0557004
0.662
0.0927154
0.0823527
0.299194
0.230072
0.662
0.576322
0.172333
0.2303
0.0456155
0.0706902
0.405995
0.137561
0.421594
0.204361
0.662
0.642739
0.138747
0.348716
0.12614
0.141994
0.262487
0.662
0.115525
0.0803831
0.245447
0.662
0.303753
0.662
0.435851
0.521145
0.662
0.140884
0.143198
0.126883
0.358594
0.662
0.331163
0.551187
0.0636319
0.142584
0.136372
0.240631
0.31827
0.256336
0.0174501
0.662
0.460181
0.205205
0.662
0.0735639
0.07937
0.0464627
0.662
0.270519
0.230462
0.52741
0.662
0.662
0.036972
0.187662
0.662
0.662
0.0964445
0.1252
0.109327
0.662
0.209773
0.662
0.276177
0.613344
0.247156
0.141617
0.174671
0.0665737
0.0882608
0.662
0.211722
0.155846
0.444922
0.150786
0.662
0.206306
0.35184
0.203994
0.357701
0.151645
0.110152
0.0268721
0.0203357
0.0723964
0.662
0.214266
0.0655082
0.268672
0.602955
0.662
0.0499049
0.142867
0.00785303
0.662
0.354776
0.409536
0.466481
0.48096
0.0819864
0.662
0.340859
0.662
0.352855
0.0651542
0.197255
0.240603
0.243823
0.158035
0.662
0.402513
0.292864
0.382415
0.488869
0.323974
0.387108
0.0619153
0.314846
0.600171
0.204408
0.149782
0.0656588
0.662
0.152066
0.182247
0.662
0.662
0.0845608
0.298215
0.123336
0.167691
0.173457
0.126872
0.566042
0.662
0.12187
0.115887
0.158602
0.270997
0.241188
0.429119
0.662
0.662
0.250384
0.0510119
0.662
0.115655
0.134583
0.113894
0.581633
0.0631602
0.198203
0.390678
0.0593449
0.0299815
0.594641
0.342497
0.157202
0.662
0.442809
0.662
0.347607
0.16431
0.189147
0.342719
0.662
0.519695
0.440425
0.2689
0.243109
0.662
0.295181
0.400595
0.204733
0.662
0.163871
0.186759
0.662
0.0977112
0.0693047
0.662
0.32237
0.330052
0.26216
0.309615
0.0859795
0.039754
0.0527557
0.0632457
0.307465
0.303866
0.345155
0.238019
0.662
0.558115
0.163487
0.145192
0.272276
0.0734368
0.108811
0.139729
0.0642562
0.222433
0.00937676
0.28228
0.302493
0.0866013
0.384736
0.233061
0.0585299
0.662
0.23239
0.662
0.172483
0.153261
0.398182
0.338935
0.346785
0.119149
0.281322
0.0238498
0.190532
0.0563748
0.429813
0.17847
0.140359
0.334583
0.403028
0.123988
0.225532
0.133288
0.662
0.662
0.421851
0.305583
0.134823
0.0406004
0.372097
0.0562135
0.348421
0.662
0.542858
0.204525
0.441614
0.662
0.662
0.662
0.191651
0.191502
0.662
0.0883639
0.230826
0.173289
0.448593
0.662
0.416603
0.164787
0.0765944
0.131456
0.177129
0.0912982
0.662
0.130197
0.15334
0.319211
0.386916
0.48028
0.385093
0.0629132
0.429269
0.108357
0.634261
0.191331
0.662
0.0843428
0.191863
0.103776
0.662
0.0870763
0.175244
0.662
0.218149
0.662
0.44032
0.662
0.662
0.273168
0.662
0.138283
0.20596
0.412835
0.166693
0.552155
0.662
0.633318
0.249454
0.238614
0.662
0.345817
0.0589351
0.100985
0.20833
0.56207
0.0726969
0.314506
0.662
0.202649
0.175724
0.157322
0.168584
0.220178
0.635983
0.058267
0.662
0.463247
0.0543171
0.0893046
0.662
0.164411
0.0461836
0.255881
0.310747
0.662
0.1054
0.0619852
0.662
0.662
0.281215
0.0872785
0.201333
0.662
0.34115
0.662
0.108712
0.056213
0.103681
0.0732984
0.207539
0.374606
0.662
0.18465
0.156627
0.0438822
0.573372
0.230368
0.662
0.0738957
0.108614
0.662
0.205054
0.123287
0.407678
0.0731494
0.057955
0.662
0.0296369
0.0996762
0.582875
0.276494
0.412068
0.290049
0.156383
0.0656318
0.662
0.197679
0.343371
0.352055
0.187654
0.261994
0.147313
0.269776
0.1868
0.0540254
0.160706
0.605386
0.275102
0.662
0.124914
0.412916
0.16945
0.0526314
0.539358
0.171867
0.36981
0.0511015
0.0875797
0.133666
0.0911498
0.0483198
0.327031
0.107982
0.257828
0.171862
0.187429
0.0854489
0.468466
0.149976
0.14628
0.662
0.481634
0.0635971
0.269434
0.42825
0.226938
0.222481
0.0474841
0.662
0.662
0.282267
0.662
0.662
0.090374
0.303992
0.259015
0.0916923
0.5282
0.166419
0.662
0.133021
0.5176
0.126777
0.662
0.236154
0.116427
0.164327
0.318272
0.108103
0.227198
0.662
0.662
0.557785
0.253857
0.386629
0.160767
0.464002
0.0465718
0.662
0.662
0.198645
0.15071
0.0538389
0.438692
0.443075
0.363184
0.113966
0.662
0.662
0.253569
0.183339
0.440802
0.476577
0.434113
0.320857
0.662
0.516945
0.662
0.495593
0.662
0.662
0.422731
0.286347
0.592974
0.423112
0.421147
0.538663
0.285393
0.0617822
0.153802
0.0495272
0.275578
0.286865
0.662
0.534161
0.662
0.583319
0.149666
0.662
0.350629
0.0370077
0.542725
0.23027
0.109402
0.117853
0.662
0.151424
0.118481
0.161981
0.6582
0.0319189
0.0952674
0.217023
0.0729757
0.073015
0.116508
0.315448
0.156881
0.662
0.111255
0.118366
0.351639
0.281287
0.214668
0.0770942
0.33957
0.14147
0.315438
0.358259
0.144402
0.204972
0.662
0.1473
0.241109
0.605416
0.225167
0.318785
0.282055
0.662
0.662
0.124999
0.269203
0.127247
0.406117
0.0889982
0.0942695
0.0977363
0.303262
0.28264
0.120798
0.17963
0.400437
0.22211
0.42674
0.0571298
0.100338
0.275342
0.102668
0.140663
0.662
0.662
0.662
0.190391
0.44501
0.662
0.170404
0.662
0.243188
0.0819822
0.265678
0.122971
0.412403
0.0882776
0.662
0.106256
0.0912025
0.662
0.182035
0.0671725
0.662
0.662
0.457692
0.373498
0.205318
0.084975
0.531952
0.662
0.326177
0.662
0.507125
0.307973
0.0266085
0.662
0.430589
0.0681272
0.157129
0.238114
0.100198
0.0547136
0.662
0.421384
0.207399
0.173153
0.662
0.123
0.224592
0.309406
0.619542
0.0505009
0.254335
0.131744
0.103222
0.263738
0.318321
0.662
0.260451
0.662
0.194331
0.662
0.13642
0.0142131
0.0237475
0.167812
0.422
0.120904
0.0817628
0.290848
0.16498
0.377931
0.351959
0.662
0.116938
0.016928
0.330909
0.157226
0.159287
0.20564
0.107143
0.0496221
0.140532
0.621512
0.351899
0.115285
0.0948779
0.192429
0.651014
0.662
0.0854288
0.662
0.162865
0.127185
0.459774
0.157902
0.0492228
0.487583
0.242831
0.0785024
0.106984
0.157087
0.098747
0.0702439
0.211424
0.184834
0.662
0.253246
0.203781
0.167896
0.453334
0.662
0.662
0.00436446
0.662
0.320695
0.105459
0.0901439
0.537483
0.215734
0.662
0.393458
0.419408
0.234124
0.662
0.31675
0.662
0.662
0.662
0.0157042
0.0869952
0.662
0.529772
0.112936
0.134364
0.662
0.662
0.662
0.152191
0.633004
0.218006
0.662
0.0819438
0.662
0.662
0.662
0.0789849
0.143589
0.0284133
0.0770703
0.095081
0.182655
0.0712164
0.22311
0.270316
0.00709435
0.0663029
0.375657
0.494845
0.278729
0.155764
0.0857785
0.106059
0.662
0.420429
0.192911
0.197404
0.350378
0.502232
0.404817
0.169148
0.229887
0.494351
0.662
0.404569
0.576837
0.134797
0.209154
0.662
0.0941757
0.0167343
0.225847
0.334641
0.205871
0.24769
0.312239
0.244267
0.0230977
0.143325
0.237228
0.234355
0.252832
0.662
0.0638711
0.662
0.317798
0.118246
0.220044
0.153175
0.198354
0.142288
0.119973
0.200421
0.377597
0.41743
0.662
0.0671901
0.462053
0.0487296
0.662
0.239656
0.0587305
0.15062
0.251307
0.246412
0.322068
0.662
0.333897
0.662
0.662
0.28989
0.392452
0.408142
0.662
0.662
0.662
0.308382
0.399521
0.220614
0.0153353
0.0364088
0.0577325
0.662
0.550887
0.459759
0.305665
0.065122
0.140572
0.130426
0.191929
0.0890876
0.246318
0.662
0.0873923
0.308276
0.37342
0.287403
0.662
0.439676
0.0916232
0.276685
0.662
0.110217
0.19874
0.404442
0.338758
0.662
0.662
0.250321
0.515529
0.141411
0.403452
0.585707
0.464589
0.0992373
0.281742
0.0542047
0.340901
0.210508
0.141595
0.292491
0.0600222
0.662
0.662
0.09134
0.291014
0.0509333
0.327883
0.261057
0.116418
0.11889
0.115478
0.154154
0.0705982
0.226865
0.662
0.299946
0.0587106
0.145225
0.351828
0.125505
0.468038
0.234165
0.0513959
0.198167
0.0573135
0.493758
0.315833
0.208528
0.662
0.172142
0.662
0.339388
0.053791
0.12082
0.0425936
0.31222
0.173222
0.150513
0.144496
0.662
0.103659
0.0779223
0.241501
0.225458
0.662
0.413378
0.398856
0.147875
0.265124
0.662
0.14859
0.153783
0.662
0.412265
0.105456
0.0839488
0.0838972
0.662
0.179633
0.354259
0.138249
0.0808014
0.186524
0.278786
0.00354816
0.614533
0.157519
0.0511822
0.329549
0.633694
0.0294956
0.356114
0.105013
0.557476
0.449185
0.522138
0.279944
0.188577
0.138222
0.175826
0.54416
0.305423
0.662
0.0912235
0.113641
0.27616
0.463921
0.243412
0.20558
0.511548
0.329726
0.185606
0.0841053
0.333648
0.662
0.149061
0.0613286
0.47477
0.422501
0.139573
0.479585
0.393981
0.057412
0.0798659
0.190291
0.662
0.255487
0.146083
0.58595
0.32937
0.662
0.662
0.100397
0.538611
0.158025
0.222018
0.274845
0.662
0.252499
0.113155
0.233989
0.350189
0.202479
0.0989601
0.662
0.076367
0.120766
0.325823
0.0883714
0.47359
0.50031
0.30135
0.230526
0.662
0.14774
0.518849
0.102888
0.410249
0.167342
0.215423
0.662
0.662
0.0640378
0.662
0.0610694
0.264536
0.503354
0.198875
0.257131
0.0144344
0.303715
0.106236
0.202166
0.272104
0.662
0.662
0.251756
0.194203
0.662
0.122048
0.231732
0.130864
0.662
0.641257
0.662
0.159046
0.301603
0.217315
0.662
0.094886
0.429054
0.231233
0.199423
0.138402
0.335489
0.364546
0.15839
0.125001
0.662
0.443065
0.406697
0.554803
0.252381
0.0515608
0.441014
0.250107
0.662
0.207369
0.0654396
0.0916588
0.662
0.180943
0.225819
0.0997302
0.498815
0.0912434
0.51186
0.116266
0.145783
0.555848
0.117279
0.662
0.210075
0.48844
0.217658
0.0666938
0.634001
0.602225
0.235549
0.281443
0.351282
0.0624561
0.350307
0.185805
0.300038
0.199848
0.111286
0.184536
0.428444
0.206491
0.132896
0.0697109
0.401292
0.380203
0.235065
0.33301
0.375353
0.662
0.662
0.124539
0.132037
0.179681
0.579407
0.305375
0.225083
0.161105
0.103944
0.184716
0.289747
0.222496
0.0537657
0.662
0.350903
0.257423
0.17106
0.070216
0.662
0.662
0.0992913
0.074276
0.0840807
0.0562881
0.252521
0.248209
0.236246
0.177383
0.400575
0.0612204
0.262656
0.662
0.0639136
0.662
0.662
0.662
0.144085
0.20437
0.109343
0.662
0.094848
0.271978
0.12195
0.135308
0.356308
0.222403
0.294065
0.662
0.290848
0.310458
0.211272
0.662
0.0471665
0.131576
0.0463842
0.0326038
0.159799
0.045433
0.215648
0.218143
0.025763
0.243333
0.12181
0.30744
0.0502585
0.442077
0.662
0.0763322
0.135278
0.365802
0.551575
0.0103108
0.197857
0.207251
0.393965
0.221802
0.152137
0.448978
0.662
0.0731767
0.529156
0.00249518
0.662
0.209923
0.011053
0.179712
0.18117
0.147949
0.0546069
0.201133
0.394014
0.221934
0.0718241
0.455885
0.409994
0.0192291
0.344455
0.385291
0.0521811
0.0784077
0.662
0.267896
0.381414
0.261675
0.203874
0.0334055
0.662
0.120699
0.154716
0.167947
0.641657
0.443489
0.107866
0.332887
0.2844
0.0727113
0.0404984
0.426562
0.662
0.496485
0.322181
0.662
0.142543
0.206783
0.662
0.447466
0.0794358
0.188339
0.282705
0.537304
0.471437
0.493219
0.293485
0.662
0.093061
0.167826
0.410332
0.628594
0.136283
0.201983
0.474624
0.163212
0.338751
0.246732
0.356548
0.507488
0.154353
0.3609
0.289439
0.230471
0.30879
0.166621
0.101013
0.141033
0.507745
0.662
0.202414
0.301643
0.187462
0.662
0.112575
0.0823301
0.662
0.0791628
0.260234
0.372119
0.0708473
0.353156
0.196081
0.112724
0.181007
0.327455
0.28254
0.662
0.0414049
0.0823257
0.351151
0.662
0.192044
0.0602122
0.168517
0.239547
0.662
0.159005
0.22594
0.662
0.435048
0.094728
0.104295
0.279873
0.143866
0.237014
0.236558
0.159775
0.230279
0.00309827
0.662
0.660375
0.241435
0.187687
0.0713964
0.225176
0.662
0.662
0.228976
0.0849372
0.181098
0.480453
0.146722
0.0994803
0.144332
0.06266
0.60901
0.0371817
0.25135
0.272174
0.135126
0.0178698
0.55852
0.112777
0.317616
0.0918192
0.0440547
0.43654
0.662
0.381687
0.167308
0.0620825
0.662
0.13318
0.0236377
0.0599172
0.0433124
0.143694
0.210901
0.157522
0.443303
0.210218
0.25711
0.405607
0.0805743
0.662
0.239001
0.159125
0.184607
0.285074
0.258993
0.228234
0.662
0.0833929
0.262045
0.662
0.29966
0.629706
0.319733
0.0330482
0.203762
0.534629
0.662
0.0576937
0.0736496
0.505749
0.152848
0.0575175
0.086598
0.389922
0.19131
0.125929
0.0394485
0.112823
0.485555
0.0712917
0.089344
0.163439
0.241288
0.662
0.263519
0.335113
0.0353392
0.662
0.172625
0.0791847
0.267427
0.049206
0.662
0.585034
0.363753
0.207356
0.662
0.662
0.14097
0.137735
0.436002
0.246471
0.626836
0.256434
0.231303
0.145044
0.218111
0.152487
0.0414878
0.662
0.100542
0.274456
0.0468421
0.288441
0.137768
0.314304
0.219473
0.32704
0.0806591
0.171951
0.417282
0.139479
0.237711
0.334054
0.0745055
0.393223
0.144831
0.162548
0.0628804
0.137987
0.19544
0.232502
0.662
0.195064
0.662
0.662
0.148248
0.579583
0.042423
0.208795
0.536337
0.229047
0.438231
0.453919
0.128764
0.116312
0.195361
0.394427
0.662
0.662
0.168531
0.247697
0.662
0.127425
0.41696
0.0435629
0.356671
0.662
0.0956155
0.0153752
0.169928
0.125738
0.314245
0.662
0.662
0.662
0.0802912
0.662
0.0809675
0.0152528
0.080852
0.0908989
0.304292
0.0495556
0.341507
0.109414
0.492113
0.406015
0.284116
0.0881696
0.0780871
0.0635045
0.0673775
0.00623845
0.150727
0.226817
0.662
0.662
0.12655
0.256492
0.262025
0.105432
0.407831
0.211944
0.249357
0.20679
0.22394
0.575303
0.662
0.396021
0.0680961
0.289718
0.0998426
0.191917
0.662
0.35412
0.194459
0.554007
0.126561
0.207942
0.150668
0.129789
0.221927
0.400676
0.0431779
0.197098
0.0413877
0.0691723
0.46565
0.514296
0.432458
0.630904
0.400851
0.45343
0.593604
0.531961
0.662
0.06366
0.223671
0.662
0.174688
0.184723
0.0866127
0.25474
0.430071
0.662
0.497965
0.182959
0.242082
0.192052
0.381019
0.191413
0.203713
0.214271
0.175587
0.118601
0.449926
0.173165
0.15368
0.154447
0.167969
0.434727
0.422673
0.0601542
0.0741572
0.157824
0.119653
0.469408
0.662
0.662
0.662
0.380404
0.662
0.14177
0.217914
0.662
0.0597963
0.418372
0.0569036
0.205625
0.126207
0.486022
0.432359
0.206374
0.584701
0.662
0.662
0.307306
0.0704323
0.0719705
0.215936
0.491648
0.0437612
0.332647
0.137174
0.343143
0.057667
0.247476
0.122271
0.579576
0.662
0.262741
0.125356
0.134935
0.207635
0.329037
0.209888
0.254798
0.382993
0.102471
0.149507
0.0751184
0.662
0.662
0.146602
0.31653
0.29813
0.121904
0.0716324
0.220497
0.662
0.608982
0.142555
0.21819
0.662
0.123283
0.629911
0.132625
0.0942349
0.382428
0.104974
0.443394
0.207534
0.662
0.302421
0.325309
0.4245
0.257525
0.662
0.662
0.138481
0.561683
0.272245
0.500293
0.662
0.151606
0.0963951
0.111929
0.240292
0.281662
0.386125
0.662
0.149817
0.662
0.662
0.285866
0.206527
0.662
0.25182
0.430928
0.31056
0.330156
0.100612
0.4074
0.13504
0.177273
0.269356
0.662
0.20293
0.130425
0.662
0.298871
0.603439
0.662
0.243227
0.218276
0.132987
0.536543
0.295829
0.157119
0.0353204
0.15457
0.147273
0.512449
0.662
0.0889597
0.490955
0.662
0.05235
0.147387
0.236964
0.323921
0.0537277
0.18253
0.393716
0.102722
0.181762
0.206892
0.00814908
0.57108
0.0752666
0.662
0.310395
0.252246
0.662
0.128444
0.254537
0.0864922
0.662
0.131488
0.662
0.662
0.566544
0.0448845
0.291893
0.113156
0.148277
0.136247
0.230692
0.0263823
0.0990063
0.132638
0.662
0.196467
0.292335
0.662
0.202131
0.560777
0.453111
0.139092
0.0199512
0.0615626
0.262263
0.272829
0.547324
0.0893796
0.0981886
0.638279
0.662
0.0576867
0.0867888
0.267304
0.411268
0.109894
0.0648552
0.453445
0.12475
0.246724
0.202856
0.662
0.107036
0.245851
0.291934
0.662
0.662
0.0853258
0.377633
0.396029
0.0689325
0.258725
0.44255
0.157612
0.662
0.662
0.11484
0.116033
0.145657
0.243547
0.229275
0.497743
0.263787
0.120033
0.0949185
0.23417
0.12495
0.08884
0.263233
0.273551
0.216865
0.195776
0.329259
0.075258
0.134909
0.662
0.662
0.0563772
0.466663
0.662
0.180447
0.0920256
0.493032
0.101038
0.0745123
0.662
0.662
0.14448
0.253975
0.20447
0.171126
0.153791
0.0427041
0.113858
0.120755
0.662
0.127447
0.346389
0.163056
0.0893619
0.662
0.0893885
0.0878772
0.0816292
0.386219
0.662
0.155736
0.181041
0.662
0.330125
0.0895157
0.144478
0.170034
0.198391
0.274164
0.12274
0.421978
0.287296
0.0707591
0.662
0.662
0.0632778
0.0641863
0.190896
0.662
0.162078
0.0580998
0.209074
0.662
0.216407
0.313056
0.295265
0.120877
0.590944
0.138552
0.224755
0.110241
0.145358
0.381139
0.59197
0.247656
0.183262
0.526705
0.295981
0.662
0.662
0.659302
0.272175
0.20204
0.238258
0.662
0.119958
0.219079
0.0756367
0.308036
0.153779
0.0531565
0.522018
0.288721
0.614774
0.0283076
0.36758
0.0190127
0.439933
0.0743612
0.0487669
0.287022
0.662
0.42724
0.0930422
0.662
0.662
0.0554498
0.500502
0.123423
0.229282
0.0867932
0.662
0.251151
0.320322
0.239727
0.316798
0.621605
0.119429
0.662
0.0572266
0.0896124
0.173442
0.280857
0.172555
0.348025
0.14262
0.150878
0.662
0.662
0.0715574
0.662
0.175095
0.309919
0.130295
0.369427
0.120092
0.461436
0.0874626
0.081449
0.387809
0.148265
0.163495
0.662
0.209383
0.662
0.215873
0.214984
0.209149
0.52733
0.662
0.662
0.186797
0.203229
0.662
0.134521
0.347244
0.0715457
0.453212
0.234415
0.626477
0.156647
0.177517
0.328251
0.315166
0.112672
0.11625
0.662
0.662
0.085246
0.151211
0.0644613
0.143923
0.111838
0.275398
0.0542576
0.346672
0.0684838
0.130278
0.662
0.218553
0.184239
0.226523
0.133013
0.130609
0.107037
0.347159
0.350065
0.274065
0.154851
0.263909
0.463501
0.662
0.13013
0.0492887
0.366068
0.662
0.107038
0.100436
0.587605
0.662
0.382304
0.308658
0.0660135
0.639736
0.507416
0.279854
0.160208
0.197627
0.0819835
0.0970679
0.662
0.616663
0.525674
0.203448
0.662
0.627664
0.228578
0.18923
0.662
0.505027
0.0646128
0.0647039
0.364245
0.439813
0.452864
0.16431
0.0597573
0.0786864
0.662
0.48285
0.0448907
0.111168
0.15649
0.0938901
0.156726
0.0828096
0.662
0.232429
0.379598
0.662
0.194314
0.395417
0.662
0.0731679
0.0237439
0.231355
0.427162
0.194184
0.181446
0.220383
0.102033
0.420983
0.428025
0.662
0.191713
0.662
0.662
0.576112
0.0734368
0.662
0.181375
0.121428
0.2656
0.421412
0.242258
0.124942
0.160413
0.280114
0.0526506
0.235837
0.205264
0.143504
0.388277
0.226169
0.104117
0.530777
0.170904
0.662
0.120845
0.198767
0.139086
0.0303685
0.458061
0.194479
0.0724532
0.662
0.171823
0.0742264
0.590704
0.0498882
0.153556
0.418126
0.0445238
0.601266
0.662
0.365269
0.128213
0.0816102
0.0996954
0.130563
0.662
0.0461723
0.159756
0.0711111
0.311585
0.0477759
0.662
0.0804222
0.185187
0.0686207
0.0869027
0.662
0.424645
0.588509
0.0860605
0.662
0.592979
0.0263399
0.662
0.203831
0.662
0.173398
0.125556
0.100117
0.104006
0.208179
0.560658
0.504872
0.0402993
0.136277
0.662
0.662
0.131001
0.073441
0.196307
0.264393
0.0194663
0.0656367
0.150359
0.168848
0.140166
0.425344
0.562407
0.662
0.46217
0.123335
0.23994
0.451725
0.302934
0.189349
0.273846
0.0130312
0.12516
0.0533441
0.358337
0.403863
0.233911
0.265425
0.395929
0.354892
0.229355
0.180503
0.127213
0.103413
0.0547719
0.0583837
0.225675
0.662
0.079708
0.269125
0.373985
0.175216
0.370171
0.0995607
0.360612
0.439828
0.0599177
0.148641
0.0792813
0.126441
0.0711225
0.256575
0.58811
0.0511219
0.205656
0.129927
0.026043
0.0796613
0.102479
0.171149
0.461557
0.246137
0.146812
0.105925
0.0789022
0.360957
0.662
0.387479
0.204189
0.211182
0.0531854
0.147569
0.0964487
0.170374
0.616861
0.362806
0.0790516
0.303319
0.224425
0.662
0.248534
0.586225
0.151761
0.662
0.303545
0.292309
0.192047
0.571584
0.248963
0.115324
0.116943
0.0835783
0.347311
0.055957
0.118433
0.07217
0.276665
0.0448737
0.0888396
0.662
0.407116
0.0534024
0.429671
0.14239
0.21471
0.0598485
0.662
0.655839
0.277676
0.0843252
0.270965
0.35997
0.169024
0.117674
0.662
0.592917
0.387856
0.0186188
0.0739691
0.266357
0.202994
0.178051
0.158495
0.140144
0.40033
0.159994
0.606421
0.662
0.367594
0.0942978
0.662
0.19187
0.62242
0.168546
0.132158
0.402776
0.398796
0.357412
0.2553
0.102289
0.197616
0.324445
0.168191
0.199153
0.662
0.0738493
0.177874
0.169445
0.662
0.612555
0.662
0.0588452
0.340321
0.11512
0.139871
0.0531682
0.148501
0.379703
0.173698
0.662
0.12535
0.0160508
0.0896787
0.152626
0.105423
0.0259371
0.547256
0.662
0.326322
0.39418
0.513719
0.662
0.144773
0.0954002
0.144945
0.137786
0.190665
0.578051
0.240384
0.119737
0.0273864
0.0938143
0.261274
0.648267
0.552069
0.177436
0.662
0.625403
0.662
0.315898
0.458852
0.0801376
0.0816531
0.0532382
0.201477
0.0626177
0.618993
0.00672479
0.662
0.47511
0.0904481
0.167373
0.204575
0.189885
0.334786
0.381708
0.333285
0.10527
0.0504994
0.440269
0.36118
0.319135
0.198623
0.0936969
0.662
0.392117
0.328507
0.181736
0.151032
0.662
0.662
0.0800386
0.150754
0.417368
0.144432
0.270468
0.230537
0.0801314
0.662
0.204475
0.662
0.11852
0.365033
0.16398
0.0581319
0.121923
0.102955
0.41383
0.662
0.000582013
0.0623044
0.352379
0.166372
0.365986
0.517206
0.0858205
0.233021
0.251871
0.0461225
0.500876
0.41778
0.662
0.084284
0.206972
0.160882
0.379247
0.0166333
0.219497
0.0808495
0.0391124
0.424219
0.198671
0.272752
0.118276
0.0430035
0.588376
0.454052
0.296745
0.662
0.0766601
0.052855
0.0997725
0.560399
0.662
0.128042
0.322391
0.0952392
0.294006
0.662
0.662
0.203023
0.238386
0.0387493
0.326837
0.114973
0.314633
0.206377
0.269205
0.063357
0.219094
0.662
0.0501776
0.313373
0.662
0.662
0.662
0.397791
0.26579
0.0544267
0.476765
0.63722
0.37298
0.0825532
0.285531
0.146757
0.15775
0.105769
0.0703166
0.197973
0.236529
0.402655
0.054208
0.379583
0.0795897
0.145756
0.662
0.662
0.0549078
0.110661
0.287221
0.559356
0.414366
0.292432
0.444872
0.571045
0.299855
0.662
0.44563
0.16422
0.279271
0.110225
0.223808
0.268116
0.249536
0.144271
0.137554
0.136259
0.662
0.165197
0.350039
0.224019
0.035971
0.0570619
0.662
0.23283
0.273541
0.112828
0.222938
0.662
0.250543
0.626075
0.106997
0.356692
0.453327
0.0509878
0.138931
0.205113
0.119138
0.662
0.0318866
0.199252
0.266156
0.662
0.662
0.0717842
0.224992
0.189419
0.662
0.321407
0.420025
0.153164
0.141813
0.430898
0.262348
0.662
0.353953
0.264438
0.114708
0.0947967
0.0400535
0.662
0.662
0.109978
0.218016
0.62466
0.236637
0.199288
0.16318
0.662
0.662
0.255581
0.662
0.145843
0.197062
0.069977
0.074981
0.117211
0.0478645
0.109522
0.143401
0.662
0.116791
0.308227
0.151462
0.271576
0.474068
0.220286
0.662
0.662
0.206349
0.0650951
0.271602
0.0403539
0.181404
0.125432
0.178648
0.353916
0.0621633
0.471538
0.662
0.0823022
0.276967
0.662
0.662
0.280867
0.454438
0.438279
0.470868
0.166635
0.327801
0.188589
0.0963688
0.519198
0.212043
0.15078
0.133325
0.282538
0.662
0.376936
0.0296212
0.239273
0.234981
0.138054
0.355994
0.0451501
0.455117
0.662
0.0526927
0.593512
0.188627
0.181059
0.3361
0.287299
0.270035
0.350807
0.235344
0.0777066
0.662
0.299348
0.299252
0.336221
0.439377
0.177552
0.0775848
0.250486
0.0314159
0.113684
0.158455
0.465237
0.106343
0.524122
0.0692812
0.07267
0.178138
0.255675
0.105617
0.0840383
0.0694885
0.271706
0.0726651
0.106587
0.594795
0.285382
0.237382
0.426186
0.349316
0.228959
0.201138
0.328663
0.12815
0.205063
0.427989
0.662
0.383942
0.139311
0.135498
0.11312
0.290541
0.254825
0.108658
0.107465
0.0679728
0.0478887
0.380486
0.662
0.117681
0.371262
0.206213
0.120211
0.158023
0.617852
0.19821
0.198619
0.118208
0.227905
0.485022
0.181538
0.0679229
0.557021
0.269117
0.662
0.216953
0.0904958
0.117001
0.534046
0.662
0.266826
0.662
0.233552
0.0739839
0.337522
0.021406
0.181984
0.0941538
0.0664031
0.0647282
0.156536
0.11296
0.045608
0.549242
0.138424
0.195188
0.662
0.215838
0.121549
0.219651
0.0981214
0.12479
0.102845
0.487631
0.0116234
0.552344
0.113419
0.0744229
0.262324
0.535237
0.262591
0.136428
0.662
0.662
0.217849
0.184133
0.662
0.308582
0.187357
0.159085
0.389617
0.662
0.0639508
0.0738721
0.0715475
0.416855
0.662
0.177157
0.115794
0.0802549
0.662
0.186061
0.190846
0.139996
0.501711
0.117111
0.572849
0.346918
0.210126
0.662
0.0427132
0.0891626
0.616589
0.15561
0.0305568
0.554937
0.217752
0.283004
0.0579565
0.166221
0.134254
0.00554341
0.245912
0.243378
0.662
0.662
0.126756
0.662
0.080254
0.662
0.315795
0.662
0.168364
0.345604
0.0955686
0.662
0.662
0.275368
0.0824798
0.184377
0.0416176
0.193164
0.107639
0.662
0.107603
0.0872403
0.00345311
0.278698
0.105984
0.127177
0.33299
0.0953154
0.600839
0.0897721
0.206915
0.22658
0.396648
0.00610279
0.37999
0.248506
0.662
0.0310684
0.508726
0.662
0.100573
0.206441
0.469626
0.662
0.621848
0.269249
0.341423
0.0777243
0.356995
0.229327
0.662
0.118328
0.162767
0.276876
0.0941001
0.662
0.441426
0.307622
0.132505
0.462137
0.662
0.562795
0.11139
0.000426283
0.662
0.662
0.124147
0.282996
0.0513688
0.105551
0.265478
0.0807352
0.653614
0.576962
0.241076
0.582068
0.662
0.02862
0.165732
0.0768429
0.101518
0.0452503
0.146302
0.169196
0.20165
0.283942
0.185725
0.662
0.662
0.123905
0.122485
0.0306834
0.662
0.454801
0.18354
0.380988
0.0704878
0.166662
0.0865207
0.0492397
0.215777
0.0878001
0.153946
0.461972
0.263344
0.0877358
0.662
0.334765
0.662
0.176366
0.662
0.399776
0.0876446
0.415781
0.223294
0.144737
0.325764
0.300523
0.469418
0.44131
0.216857
0.313422
0.127918
0.587045
0.194309
0.0853717
0.662
0.363132
0.11545
0.086681
0.269618
0.562505
0.253144
0.291468
0.0822459
0.0261697
0.291348
0.21642
0.287175
0.27845
0.524383
0.109352
0.4941
0.343316
0.149898
0.154163
0.383011
0.136403
0.270208
0.446846
0.209338
0.216884
0.37099
0.195405
0.520831
0.417102
0.0779653
0.242982
0.191407
0.122679
0.335781
0.200345
0.51696
0.238363
0.405617
0.37231
0.24481
0.0783376
0.314215
0.276149
0.165179
0.662
0.155608
0.640839
0.662
0.662
0.662
0.267048
0.257845
0.392571
0.413863
0.406419
0.662
0.662
0.662
0.0658416
0.254038
0.660997
0.159123
0.157267
0.407599
0.166354
0.216613
0.294868
0.662
0.125966
0.662
0.662
0.424714
0.0877889
0.662
0.0621673
0.177198
0.0929173
0.34278
0.0649113
0.278055
0.0722953
0.662
0.161608
0.114984
0.221889
0.329458
0.662
0.298591
0.330839
0.197251
0.662
0.117942
0.0741593
0.353027
0.114296
0.0564992
0.101854
0.114332
0.662
0.0879086
0.214315
0.111338
0.662
0.0418358
0.222997
0.662
0.407771
0.149007
0.2842
0.255202
0.662
0.186694
0.662
0.29808
0.188249
0.662
0.130933
0.0763766
0.136014
0.15488
0.401573
0.119098
0.125957
0.522226
0.252633
0.662
0.113317
0.175308
0.662
0.647282
0.662
0.584726
0.662
0.0524693
0.208707
0.457129
0.0565384
0.163468
0.124839
0.0762254
0.662
0.0781206
0.0462688
0.195002
0.200412
0.128421
0.662
0.0381257
0.538827
0.397865
0.178184
0.108822
0.390206
0.156378
0.419924
0.184649
0.662
0.13737
0.343749
0.16333
0.142648
0.369373
0.18892
0.145657
0.218643
0.537863
0.106828
0.131118
0.235514
0.662
0.0522393
0.152677
0.662
0.143615
0.226425
0.658104
0.662
0.0727027
0.142024
0.462958
0.662
0.450282
0.0742361
0.2028
0.498299
0.401149
0.420503
0.291405
0.0551992
0.280156
0.140346
0.0423886
0.189958
0.0798059
0.153157
0.0137724
0.662
0.230783
0.292722
0.0785698
0.619336
0.662
0.0572706
0.662
0.0137791
0.334992
0.223478
0.494696
0.662
0.662
0.662
0.055518
0.125007
0.0856535
0.253259
0.554581
0.148326
0.0147467
0.632568
0.0750842
0.198119
0.221029
0.245988
0.662
0.267093
0.421394
0.518926
0.139891
0.207385
0.662
0.0559535
0.163642
0.13045
0.0749368
0.662
0.662
0.662
0.201595
0.281375
0.521438
0.430585
0.0976412
0.195356
0.662
0.145231
0.233471
0.662
0.501442
0.0664558
0.0093502
0.177992
0.271504
0.00536854
0.0920941
0.211003
0.452057
0.341452
0.319947
0.0387968
0.100473
0.155979
0.55733
0.144615
0.158555
0.662
0.196437
0.207694
0.662
0.0763525
0.137938
0.174561
0.126733
0.577497
0.109728
0.111845
0.234013
0.447434
0.0750929
0.662
0.179068
0.105211
0.0350025
0.662
0.189415
0.0986338
0.491587
0.056696
0.590309
0.346995
0.217747
0.662
0.418893
0.0715565
0.391474
0.662
0.0302764
0.662
0.287867
0.662
0.234224
0.277358
0.0955962
0.186269
0.168286
0.231392
0.190541
0.428467
0.210567
0.124391
0.158246
0.155115
0.246708
0.0778659
0.207356
0.223814
0.662
0.184952
0.24631
0.283238
0.251675
0.342188
0.112893
0.662
0.662
0.0514163
0.662
0.662
0.118809
0.662
0.662
0.492989
0.327578
0.505405
0.359171
0.302592
0.0716201
0.365912
0.100378
0.00763755
0.203067
0.0602542
0.160511
0.491809
0.54545
0.103529
0.229628
0.0550298
0.662
0.518384
0.290812
0.118511
0.133603
0.572542
0.225541
0.312705
0.662
0.0517326
0.662
0.129055
0.459596
0.506141
0.0979368
0.359001
0.388277
0.0811438
0.188122
0.662
0.195816
0.162857
0.422487
0.31857
0.336002
0.359829
0.00906474
0.122756
0.0837515
0.0985906
0.212424
0.603286
0.660013
0.204737
0.224634
0.297941
0.594949
0.662
0.108598
0.293846
0.201978
0.218416
0.256461
0.217904
0.662
0.056784
0.464064
0.250875
0.444507
0.236175
0.520244
0.662
0.432656
0.239954
0.128664
0.662
0.470782
0.185682
0.111834
0.138105
0.259431
0.0803717
0.336318
0.266671
0.327423
0.245289
0.129628
0.662
0.215556
0.307514
0.0719953
0.232516
0.130566
0.662
0.0205266
0.509117
0.114965
0.157246
0.168967
0.207259
0.241487
0.197446
0.339445
0.662
0.324774
0.093504
0.11882
0.141619
0.60137
0.21353
0.253056
0.0808373
0.168551
0.111541
0.138832
0.155768
0.662
0.437977
0.0219787
0.322175
0.0765244
0.264376
0.00316898
0.181365
0.00467207
0.0138933
0.178078
0.283408
0.662
0.378212
0.662
0.0466331
0.48444
0.074618
0.291712
0.217154
0.0887002
0.50211
0.197161
0.121352
0.662
0.115071
0.662
0.108621
0.418038
0.662
0.662
0.109853
0.10215
0.209077
0.101695
0.503877
0.0979332
0.137962
0.338186
0.097422
0.304948
0.223548
0.25646
0.102496
0.186989
0.189384
0.167472
0.169955
0.354703
0.110782
0.469173
0.4004
0.0638977
0.0774653
0.175244
0.240806
0.189186
0.662
0.662
0.30634
0.53978
0.459935
0.0572621
0.106517
0.083664
0.0292015
0.110729
0.166448
0.310959
0.19687
0.431091
0.122622
0.296761
0.662
0.458664
0.0978827
0.0209732
0.662
0.549114
0.163562
0.106479
0.0699052
0.0927661
0.424367
0.109874
0.662
0.160018
0.361417
0.350854
0.372112
0.193509
0.0767054
0.14228
0.178825
0.0479861
0.0784614
0.432004
0.234937
0.00911669
0.301735
0.125369
0.210824
0.215685
0.662
0.391707
0.662
0.227749
0.186485
0.100572
0.203595
0.0553388
0.560392
0.160013
0.662
0.503238
0.235434
0.307422
0.261372
0.662
0.300093
0.662
0.298071
0.662
0.457351
0.21752
0.0817489
0.106252
0.0570559
0.105869
0.0156946
0.200834
0.247119
0.275139
0.454705
0.25221
0.579479
0.218102
0.662
0.0108874
0.581653
0.165279
0.494185
0.194568
0.662
0.393319
0.318452
0.662
0.662
0.0654016
0.0253041
0.0734404
0.220223
0.0908464
0.506473
0.052169
0.1369
0.210485
0.662
0.44238
0.235088
0.301187
0.155785
0.365434
0.387599
0.236959
0.138043
0.149543
0.662
0.244476
0.662
0.662
0.102818
0.586063
0.662
0.143224
0.662
0.0472819
0.662
0.662
0.503119
0.662
0.662
0.330195
0.310243
0.331157
0.114234
0.167944
0.074717
0.165822
0.058606
0.0988769
0.196261
0.158813
0.104001
0.142793
0.638507
0.252975
0.06794
0.282111
0.371535
0.475689
0.662
0.260614
0.662
0.662
0.477458
0.377833
0.161206
0.662
0.425386
0.20988
0.47009
0.211555
0.102943
0.662
0.113592
0.0965855
0.0514907
0.149327
0.512522
0.134396
0.334113
0.425757
0.462613
0.0686849
0.171821
0.662
0.662
0.0788141
0.662
0.164958
0.1593
0.662
0.135238
0.662
0.662
0.0967323
0.288545
0.253483
0.130037
0.162038
0.432076
0.662
0.206744
0.178538
0.662
0.147122
0.324479
0.0791426
0.289951
0.0910819
0.279393
0.230802
0.16888
0.606912
0.320594
0.0924993
0.242361
0.450948
0.324555
0.226961
0.445517
0.0420053
0.460963
0.323135
0.662
0.0849566
0.424478
0.268235
0.0694706
0.189849
0.338644
0.662
0.0543165
0.0966813
0.548293
0.00647177
0.0610843
0.175201
0.355597
0.123243
0.11735
0.187297
0.135935
0.662
0.471499
0.614623
0.343413
0.662
0.390687
0.183598
0.247248
0.160269
0.216662
0.662
0.150426
0.109539
0.366312
0.191787
0.662
0.237252
0.139966
0.662
0.122927
0.186711
0.421703
0.126373
0.153693
0.102873
0.145793
0.329579
0.230035
0.0706751
0.018304
0.28443
0.0189944
0.00882972
0.137149
0.101916
0.128541
0.117833
0.55216
0.156578
0.218892
0.24063
0.0692087
0.18452
0.0925268
0.120741
0.139467
0.0579172
0.335374
0.1423
0.290022
0.662
0.279201
0.0646173
0.407878
0.0485054
0.662
0.378983
0.36633
0.317927
0.559975
0.409875
0.18087
0.266075
0.662
0.662
0.662
0.332182
0.662
0.0686581
0.436139
0.113279
0.243463
0.637735
0.0807484
0.547693
0.461803
0.374593
0.595777
0.14131
0.182562
0.662
0.109586
0.0797218
0.0802726
0.199759
0.151131
0.662
0.662
0.237014
0.0361887
0.0475357
0.59628
0.279509
0.000780198
0.108812
0.338843
0.114507
0.0681871
0.136828
0.0133867
0.0670368
0.662
0.27031
0.662
0.236863
0.662
0.445686
0.541188
0.349261
0.0993234
0.662
0.662
0.479666
0.167213
0.0897724
0.662
0.356769
0.0585416
0.662
0.41086
0.131176
0.349014
0.0931794
0.0352399
0.0889019
0.58741
0.662
0.403937
0.110292
0.285582
0.137401
0.470893
0.186519
0.662
0.248487
0.509849
0.47603
0.246015
0.125977
0.161704
0.084916
0.125122
0.128887
0.662
0.154488
0.438363
0.174869
0.141355
0.386023
0.137746
0.199011
0.492414
0.472608
0.217876
0.0774021
0.171059
0.240642
0.0298708
0.662
0.344003
0.589313
0.0335384
0.116149
0.0414458
0.567057
0.378329
0.141075
0.136055
0.232957
0.103387
0.169102
0.17102
0.378338
0.662
0.253187
0.290171
0.551589
0.183295
0.0632965
0.158084
0.534614
0.644494
0.270318
0.327709
0.241754
0.0527981
0.118735
0.124798
0.228427
0.160942
0.176497
0.298805
0.216332
0.152562
0.148447
0.128618
0.640042
0.41501
0.502479
0.662
0.20288
0.1259
0.504667
0.169506
0.165085
0.298621
0.337164
0.376767
0.662
0.153141
0.130619
0.262427
0.458306
0.662
0.0478416
0.372697
0.327856
0.34569
0.662
0.58749
0.163949
0.0108712
0.500581
0.193761
0.0728744
0.662
0.662
0.0795634
0.089324
0.0768884
0.248691
0.300962
0.662
0.662
0.111264
0.323449
0.0195988
0.662
0.0295638
0.662
0.340023
0.355151
0.298455
0.662
0.265206
0.133872
0.10703
0.17537
0.335251
0.0469213
0.118275
0.662
0.126924
0.0359369
0.464701
0.283801
0.662
0.543081
0.115193
0.10322
0.662
0.318792
0.0647837
0.243371
0.112946
0.537449
0.137852
0.156249
0.171771
0.662
0.662
0.067902
0.45386
0.177259
0.156152
0.110092
0.419982
0.137705
0.293518
0.662
0.456371
0.166608
0.138265
0.099049
0.662
0.318365
0.107318
0.0910793
0.662
0.189309
0.222908
0.0445009
0.199212
0.394113
0.141012
0.123464
0.111508
0.0629516
0.233206
0.26813
0.324549
0.119734
0.383157
0.0978025
0.24916
0.100803
0.0744298
0.118584
0.237569
0.662
0.185211
0.293535
0.422368
0.242635
0.197241
0.662
0.300198
0.109386
0.167131
0.0824292
0.277548
0.256487
0.638424
0.0662189
0.205708
0.0705868
0.0860554
0.208558
0.662
0.130456
0.265577
0.0363005
0.19892
0.662
0.140705
0.376373
0.145201
0.162151
0.213131
0.148878
0.355961
0.119171
0.359524
0.110461
0.204418
0.19061
0.205861
0.268332
0.088451
0.400623
0.662
0.312635
0.0577568
0.52893
0.460476
0.27967
0.158334
0.111699
0.113847
0.662
0.286277
0.110125
0.176395
0.0102498
0.136955
0.0512205
0.439431
0.296128
0.121004
0.35552
0.40048
0.0758732
0.127723
0.0989556
0.662
0.145026
0.31064
0.419623
0.133877
0.108245
0.187125
0.150233
0.416609
0.0697616
0.329513
0.277703
0.662
0.292591
0.662
0.662
0.222895
0.443
0.221072
0.214435
0.0974994
0.662
0.257596
0.590173
0.133144
0.523054
0.324307
0.38252
0.662
0.519413
0.662
0.662
0.662
0.662
0.0729993
0.662
0.515795
0.12228
0.260009
0.156165
0.0397056
0.0275871
0.662
0.0952737
0.457787
0.0445857
0.264072
0.60408
0.152479
0.158907
0.178581
0.212128
0.439679
0.662
0.152758
0.662
0.355559
0.506692
0.471863
0.0662063
0.662
0.662
0.0819956
0.662
0.135008
0.449781
0.450341
0.234561
0.0776801
0.662
0.222153
0.211157
0.103049
0.065946
0.100344
0.287743
0.461331
0.13702
0.0374763
0.421646
0.160132
0.0736515
0.603451
0.0152497
0.662
0.662
0.450204
0.0488036
0.485466
0.248733
0.308088
0.278733
0.156559
0.347071
0.351184
0.337896
0.0567011
0.353398
0.30247
0.662
0.229091
0.280105
0.246266
0.220193
0.381622
0.150893
0.648807
0.102635
0.0652253
0.299551
0.0953537
0.228774
0.0607395
0.0825291
0.662
0.461122
0.232476
0.3634
0.205656
0.150827
0.662
0.662
0.486771
0.639159
0.0650772
0.169353
0.161888
0.0974852
0.37688
0.192897
0.210474
0.124531
0.662
0.204098
0.0437701
0.304046
0.662
0.662
0.379731
0.662
0.0818662
0.375974
0.146506
0.437112
0.107293
0.00114894
0.662
0.662
0.169124
0.405882
0.18457
0.662
0.13544
0.290902
0.199052
0.475092
0.404555
0.662
0.0870809
0.229991
0.462606
0.130617
0.31002
0.662
0.441665
0.458158
0.350345
0.128401
0.0716315
0.20375
0.163013
0.218982
0.662
0.261171
0.662
0.3073
0.662
0.662
0.0669321
0.312465
0.10148
0.662
0.36274
0.138096
0.0665279
0.422104
0.422789
0.247761
0.257881
0.212933
0.0543475
0.662
0.0771382
0.590188
0.608323
0.0476209
0.342939
0.272862
0.154134
0.662
0.0838769
0.401211
0.662
0.274628
0.0506845
0.207332
0.135926
0.05681
0.177525
0.464148
0.265161
0.662
0.0809923
0.236168
0.170446
0.191067
0.11055
0.229948
0.0916359
0.16789
0.312128
0.662
0.40701
0.452906
0.241343
0.463954
0.204074
0.0126258
0.180317
0.121841
0.270131
0.315891
0.367415
0.0882219
0.00774536
0.386038
0.44308
0.573282
0.258853
0.346274
0.304521
0.424417
0.0825231
0.524924
0.425502
0.662
0.662
0.136424
0.166282
0.167119
0.0686447
0.662
0.232543
0.191061
0.0203774
0.184676
0.239268
0.0594202
0.168778
0.19429
0.31647
0.00838782
0.214861
0.662
0.23476
0.382447
0.181074
0.662
0.197256
0.461941
0.235873
0.0904454
0.212417
0.464867
0.662
0.226438
0.444685
0.50363
0.116873
0.0747665
0.0858859
0.391749
0.107136
0.662
0.250569
0.662
0.662
0.282771
0.262294
0.0720848
0.0727769
0.0969065
0.134873
0.275115
0.0613955
0.0466999
0.0991456
0.093942
0.0159595
0.662
0.151668
0.244934
0.615481
0.662
0.662
0.38844
0.662
0.268539
0.119905
0.223886
0.0629125
0.256987
0.334794
0.211018
0.662
0.662
0.25568
0.21537
0.662
0.662
0.632226
0.195645
0.662
0.174847
0.371446
0.662
0.194071
0.662
0.662
0.662
0.128245
0.0826608
0.44615
0.234419
0.127605
0.0227065
0.17433
0.0749081
0.497421
0.662
0.00676246
0.490578
0.158837
0.206504
0.0751833
0.175704
0.227287
0.26371
0.434909
0.226887
0.224607
0.147585
0.468703
0.0330084
0.289941
0.170721
0.0394054
0.124409
0.0131148
0.185612
0.340457
0.428993
0.0553715
0.175072
0.2254
0.0937445
0.215529
0.0281359
0.0675704
0.286261
0.645134
0.0852214
0.439877
0.228093
0.305966
0.0667384
0.250666
0.264275
0.118863
0.662
0.662
0.00192025
0.0237479
0.0533136
0.225095
0.372386
0.182558
0.294512
0.646124
0.0923575
0.188541
0.662
0.0946289
0.143295
0.291067
0.0974381
0.139943
0.40118
0.16361
0.115585
0.207595
0.101595
0.662
0.662
0.249001
0.662
0.0948036
0.320345
0.662
0.0501668
0.137964
0.0607796
0.440666
0.321583
0.101631
0.193727
0.123717
0.0623258
0.363286
0.52443
0.30568
0.249883
0.283537
0.275767
0.416416
0.0210038
0.662
0.143386
0.662
0.228102
0.0665685
0.413147
0.662
0.127466
0.142943
0.132489
0.0967692
0.341653
0.662
0.134166
0.521947
0.193188
0.119373
0.0524268
0.290517
0.662
0.281283
0.198905
0.322542
0.459129
0.145338
0.662
0.0406016
0.0588124
0.144375
0.46777
0.179186
0.31499
0.115018
0.111113
0.365977
0.662
0.0496227
0.290689
0.158375
0.250369
0.0665886
0.14136
0.662
0.213889
0.0987616
0.617681
0.460267
0.662
0.00674672
0.0804691
0.131262
0.204683
0.233266
0.29293
0.0857229
0.506923
0.558589
0.206416
0.0150732
0.291145
0.133556
0.662
0.449016
0.277796
0.21184
0.0804466
0.178442
0.327857
0.153742
0.0719467
0.196217
0.4905
0.286425
0.662
0.0691561
0.649675
0.662
0.250366
0.178837
0.354175
0.315429
0.150133
0.219684
0.1423
0.0399767
0.0368573
0.443692
0.104495
0.0466924
0.0486502
0.325124
0.379669
0.042598
0.0745459
0.187014
0.662
0.0739575
0.344435
0.054976
0.0745326
0.105852
0.231206
0.221637
0.662
0.26824
0.371258
0.266907
0.310888
0.412863
0.200222
0.0688605
0.231657
0.0725381
0.0994082
0.0423386
0.392066
0.224544
0.662
0.175771
0.112611
0.0704312
0.396989
0.039566
0.662
0.282399
0.274283
0.288432
0.118708
0.125554
0.662
0.0602892
0.143349
0.276287
0.0435113
0.0562058
0.250541
0.0917559
0.182354
0.214745
0.0541681
0.0601606
0.358914
0.283001
0.662
0.549346
0.662
0.0017331
0.201477
0.244311
0.281657
0.107186
0.0462589
0.0321197
0.318812
0.241591
0.16452
0.377597
0.125159
0.568838
0.00316739
0.0525279
0.239815
0.662
0.113174
0.161101
0.662
0.119729
0.0416271
0.0895019
0.662
0.0482372
0.416606
0.330992
0.662
0.454604
0.402161
0.0929731
0.118187
0.162674
0.584607
0.662
0.152633
0.662
0.172303
0.0394776
0.550724
0.236962
0.662
0.239168
0.117211
0.637756
0.233538
0.602373
0.145405
0.142733
0.0624489
0.142555
0.0996131
0.147873
0.0846518
0.489526
0.604474
0.159122
0.15974
0.18643
0.0866336
0.0922677
0.662
0.199943
0.237185
0.0467677
0.0984462
0.63339
0.138155
0.470176
0.142652
0.280489
0.153123
0.00734493
0.16233
0.353287
0.188351
0.0955374
0.642681
0.662
0.17201
0.662
0.170654
0.20188
0.228677
0.295673
0.269776
0.101364
0.130802
0.167073
0.113942
0.163849
0.117847
0.407466
0.254939
0.339571
0.662
0.662
0.662
0.135215
0.331027
0.204474
0.224779
0.662
0.108063
0.170841
0.22049
0.0635716
0.137708
0.662
0.662
0.216747
0.141314
0.110893
0.0620184
0.215469
0.316759
0.389665
0.104938
0.43342
0.295655
0.59128
0.47762
0.228766
0.285894
0.662
0.425295
0.258604
0.432314
0.199469
0.179613
0.212499
0.257309
0.202652
0.14992
0.0939159
0.157289
0.662
0.0907472
0.547866
0.0724114
0.244146
0.447907
0.490016
0.566252
0.0782753
0.185965
0.644158
0.441488
0.11495
0.00103276
0.662
0.433612
0.075234
0.17953
0.102824
0.198057
0.0994251
0.330811
0.432103
0.36783
0.0879282
0.333269
0.662
0.290681
0.449945
0.0931876
0.662
0.246206
0.051645
0.0954582
0.239354
0.37552
0.139986
0.438318
0.244929
0.0429822
0.0277627
0.662
0.198067
0.237057
0.465696
0.662
0.129439
0.147288
0.155158
0.0946936
0.276935
0.662
0.662
0.662
0.136189
0.662
0.662
0.286009
0.205988
0.662
0.0519468
0.137437
0.0635186
0.239648
0.434441
0.0835862
0.201653
0.437815
0.399826
0.166126
0.602486
0.662
0.662
0.0708886
0.662
0.471593
0.662
0.232947
0.0938431
0.412227
0.209088
0.211736
0.346507
0.172996
0.160568
0.182358
0.262672
0.167226
0.484099
0.662
0.109813
0.239792
0.449191
0.662
0.212971
0.212502
0.662
0.582447
0.221828
0.460527
0.662
0.662
0.166802
0.308761
0.479392
0.0213428
0.662
0.271866
0.223556
0.0392401
0.0953181
0.146518
0.0655998
0.662
0.521515
0.275527
0.276337
0.447771
0.662
0.571095
0.162236
0.128914
0.195485
0.359345
0.257015
0.13904
0.303608
0.224235
0.353099
0.329246
0.662
0.173167
0.310849
0.662
0.662
0.0178299
0.0818658
0.148406
0.613094
0.315832
0.556175
0.175748
0.170557
0.260539
0.0455443
0.0964169
0.426822
0.368436
0.330153
0.662
0.662
0.0642632
0.365438
0.662
0.196701
0.0191757
0.234943
0.11289
0.100753
0.106278
0.662
0.240634
0.098562
0.133203
0.210765
0.5829
0.0409734
0.144581
0.332896
0.0810641
0.106744
0.0454957
0.274075
0.275851
0.235756
0.0475195
0.195949
0.0530807
0.170168
0.11869
0.662
0.244917
0.662
0.662
0.15201
0.108136
0.27109
0.662
0.272744
0.090952
0.257789
0.417162
0.662
0.167056
0.0615489
0.662
0.483144
0.211004
0.3699
0.108593
0.136616
0.432969
0.0767207
0.248363
0.305614
0.356532
0.263196
0.406034
0.488083
0.202803
0.188427
0.0284471
0.17911
0.232125
0.210614
0.662
0.118654
0.0344479
0.662
0.203835
0.12881
0.396265
0.662
0.172105
0.00870272
0.540234
0.662
0.0635636
0.662
0.41775
0.161321
0.662
0.268725
0.164877
0.0902526
0.662
0.0869617
0.117631
0.250963
0.443218
0.195287
0.0679793
0.143507
0.120505
0.0943646
0.228662
0.559032
0.221027
0.0434066
0.104021
0.0973738
0.147951
0.662
0.120685
0.662
0.662
0.0127184
0.277538
0.462369
0.0680708
0.662
0.662
0.327476
0.185758
0.0833324
0.0428543
0.141581
0.662
0.0997377
0.662
0.662
0.284558
0.221032
0.151138
0.502194
0.0298099
0.0962109
0.22734
0.488064
0.138829
0.457925
0.188223
0.662
0.662
0.662
0.662
0.319545
0.25879
0.23519
0.662
0.151848
0.152251
0.531463
0.33444
0.662
0.23542
0.510577
0.134854
0.150742
0.662
0.165193
0.395849
0.236503
0.662
0.0392619
0.662
0.662
0.304262
0.222757
0.505791
0.188205
0.283407
0.0570424
0.662
0.310992
0.0567396
0.200409
0.201579
0.0668653
0.234249
0.121687
0.244659
0.145892
0.287868
0.168599
0.662
0.0925596
0.342397
0.662
0.374648
0.108173
0.0843908
0.3323
0.662
0.0665738
0.115476
0.283486
0.227051
0.410103
0.113513
0.662
0.0867107
0.423666
0.195763
0.403658
0.662
0.203181
0.102814
0.123523
0.662
0.194192
0.359812
0.662
0.63186
0.488284
0.370047
0.210617
0.163335
0.253593
0.153957
0.13733
0.0788521
0.0873078
0.0705804
0.330838
0.284147
0.072131
0.662
0.302877
0.0882643
0.164249
0.643012
0.662
0.132187
0.107841
0.333727
0.662
0.580102
0.092992
0.104428
0.662
0.103919
0.662
0.49369
0.393969
0.151171
0.011725
0.148739
0.0865532
0.255247
0.190803
0.110319
0.13082
0.662
0.633981
0.134852
0.0971451
0.0754667
0.662
0.103405
0.0753225
0.123681
0.0939663
0.662
0.33889
0.662
0.662
0.196158
0.307785
0.453593
0.210225
0.0655825
0.126472
0.184917
0.205342
0.662
0.662
0.650725
0.344859
0.262444
0.457229
0.202151
0.0787876
0.662
0.662
0.110913
0.662
0.222967
0.324335
0.636383
0.268831
0.344566
0.662
0.320558
0.287329
0.662
0.379923
0.486075
0.662
0.482424
0.417822
0.596278
0.42716
0.0889736
0.174587
0.0877532
0.414938
0.0929539
0.567248
0.662
0.155387
0.027275
0.0372659
0.0984512
0.291553
0.203298
0.0545115
0.0319451
0.0450684
0.662
0.662
0.538942
0.375917
0.0750313
0.323858
0.21562
0.55283
0.0419372
0.302831
0.51555
0.188168
0.662
0.269798
0.303653
0.448019
0.301016
0.265555
0.198469
0.14222
0.662
0.133293
0.271185
0.277678
0.128938
0.085023
0.500901
0.488042
0.451332
0.198043
0.219218
0.377531
0.605047
0.129181
0.662
0.179521
0.478875
0.154233
0.662
0.662
0.468714
0.206599
0.300556
0.662
0.153405
0.0229678
0.662
0.0991228
0.662
0.297517
0.0283351
0.662
0.0742107
0.26127
0.00924144
0.340363
0.154457
0.0640162
0.356561
0.434218
0.662
0.662
0.279281
0.448406
0.248846
0.16019
0.391645
0.238707
0.253445
0.383883
0.189496
0.662
0.0642995
0.336779
0.197864
0.423767
0.133774
0.170048
0.234949
0.112821
0.208213
0.105479
0.344928
0.441003
0.646475
0.662
0.120075
0.294136
0.340417
0.662
0.662
0.551242
0.662
0.135681
0.282602
0.11746
0.662
0.24696
0.20268
0.621203
0.0188527
0.145424
0.662
0.300027
0.167933
0.342403
0.112859
0.232238
0.18863
0.109463
0.239914
0.662
0.184784
0.30228
0.328815
0.138194
0.392332
0.662
0.44008
0.268337
0.662
0.161898
0.550206
0.422413
0.515071
0.18369
0.192976
0.27072
0.108854
0.257965
0.0893605
0.200736
0.662
0.662
0.427241
0.0830788
0.174947
0.515065
0.12648
0.177454
0.647688
0.0839972
0.393253
0.662
0.070789
0.213726
0.276279
0.662
0.378897
0.225309
0.376036
0.117568
0.200776
0.636216
0.662
0.122671
0.565124
0.523984
0.0989705
0.662
0.28299
0.146414
0.153761
0.662
0.537918
0.392334
0.62702
0.660076
0.662
0.42024
0.368161
0.662
0.23839
0.451551
0.285357
0.662
0.0487075
0.13883
0.0664307
0.157822
0.0246359
0.0190873
0.137489
0.453653
0.287889
0.470327
0.0633271
0.268058
0.662
0.662
0.435973
0.662
0.408636
0.550605
0.250281
0.507879
0.662
0.272659
0.373492
0.151713
0.204303
0.662
0.0604646
0.662
0.662
0.150338
0.104075
0.0778163
0.436149
0.576877
0.529594
0.216986
0.0669216
0.274555
0.246566
0.570399
0.0299404
0.123109
0.213541
0.0989905
0.239244
0.662
0.162015
0.175668
0.0552617
0.0504547
0.335191
0.662
0.347664
0.21107
0.662
0.124083
0.0292651
0.338701
0.216258
0.662
0.255861
0.63602
0.100901
0.0998611
0.662
0.234562
0.155346
0.527796
0.174318
0.157735
0.662
0.112604
0.607635
0.0409426
0.525934
0.150315
0.373678
0.178019
0.59964
0.23326
0.165906
0.652187
0.213413
0.548935
0.0889211
0.0162072
0.215819
0.232467
0.357956
0.238666
0.397589
0.515145
0.572852
0.252464
0.0980712
0.237045
0.00323167
0.116013
0.0945299
0.375363
0.535784
0.150254
0.198335
0.662
0.307519
0.126313
0.180382
0.33749
0.629706
0.662
0.043475
0.238284
0.364374
0.220894
0.662
0.241673
0.398786
0.108527
0.31197
0.662
0.119617
0.662
0.191943
0.00182539
0.662
0.138447
0.414776
0.662
0.662
0.147015
0.131439
0.293883
0.0349406
0.0554203
0.662
0.11567
0.18335
0.132699
0.404615
0.662
0.116814
0.662
0.286169
0.0506762
0.00465149
0.454296
0.191208
0.237895
0.662
0.113201
0.148493
0.331385
0.662
0.662
0.662
0.662
0.141338
0.662
0.247553
0.662
0.0589993
0.145651
0.0821921
0.0918265
0.662
0.0542168
0.151716
0.662
0.662
0.21505
0.165986
0.0987551
0.114585
0.309187
0.662
0.0933441
0.492651
0.121623
0.662
0.219289
0.27505
0.662
0.287579
0.240032
0.0591674
0.456155
0.0487568
0.486203
0.662
0.140745
0.235097
0.0687505
0.0782148
0.0647758
0.180532
0.104524
0.123912
0.528192
0.0361716
0.662
0.119577
0.117412
0.0492912
0.161578
0.200728
0.545702
0.17327
0.119929
0.662
0.0580763
0.185922
0.395643
0.0822707
0.0745417
0.312983
0.456507
0.115326
0.319913
0.633192
0.662
0.02198
0.134627
0.312285
0.248249
0.662
0.48232
0.288526
0.566321
0.0796074
0.0564218
0.141514
0.279036
0.176321
0.191311
0.0654313
0.546394
0.662
0.662
0.128165
0.304761
0.114484
0.327778
0.662
0.405834
0.30214
0.0770173
0.188074
0.0795405
0.332361
0.0181437
0.0936835
0.0782517
0.0854606
0.0771384
0.152862
0.20554
0.0796302
0.662
0.203482
0.129224
0.662
0.523047
0.268457
0.569002
0.293355
0.662
0.242337
0.468561
0.0663692
0.662
0.109117
0.106243
0.662
0.118626
0.192976
0.12538
0.193004
0.662
0.0323058
0.662
0.102342
0.184362
0.365764
0.170515
0.118086
0.141172
0.0992558
0.0805022
0.091966
0.087291
0.662
0.235649
0.662
0.662
0.358018
0.292927
0.194725
0.662
0.133892
0.0771443
0.662
0.662
0.432705
0.398035
0.0897768
0.367113
0.662
0.662
0.552108
0.509024
0.164086
0.285619
0.601454
0.127317
0.662
0.258106
0.112507
0.543293
0.368549
0.109386
0.160179
0.0986075
0.12664
0.0487757
0.155999
0.16118
0.552225
0.423152
0.109215
0.241349
0.227879
0.397425
0.190488
0.205557
0.0846084
0.351832
0.534362
0.268891
0.0963846
0.469403
0.0626899
0.0971
0.409717
0.662
0.136954
0.662
0.249154
0.11592
0.387632
0.662
0.397137
0.662
0.662
0.0352589
0.314236
0.436137
0.662
0.662
0.189239
0.0953813
0.216369
0.662
0.0632446
0.662
0.351349
0.662
0.662
0.662
0.0649902
0.172962
0.380231
0.0592696
0.662
0.076597
0.0249236
0.662
0.518938
0.532009
0.0754469
0.662
0.662
0.161732
0.0675363
0.0401883
0.283572
0.10606
0.121459
0.233589
0.0979617
0.0736698
0.117552
0.0846711
0.662
0.0710367
0.26404
0.316467
0.604974
0.662
0.129488
0.125287
0.159318
0.148009
0.00436286
0.662
0.115909
0.18388
0.638703
0.195167
0.0940376
0.479933
0.662
0.62327
0.419948
0.0904197
0.25744
0.0962346
0.100118
0.0753111
0.189949
0.226194
0.441041
0.381964
0.202469
0.589456
0.113731
0.093712
0.00458578
0.204654
0.389898
0.273943
0.103338
0.263821
0.154946
0.0584761
0.493662
0.418668
0.176535
0.662
0.125814
0.162117
0.163444
0.491839
0.388362
0.423995
0.369362
0.0927643
0.260171
0.221689
0.173535
0.0141753
0.336726
0.662
0.112057
0.0219829
0.162146
0.109376
0.506289
0.287631
0.600858
0.662
0.596078
0.209663
0.58474
0.164642
0.662
0.461042
0.0919958
0.223463
0.211913
0.130807
0.0343307
0.307361
0.123451
0.139573
0.385848
0.108887
0.210967
0.662
0.186572
0.277854
0.662
0.333958
0.627354
0.397855
0.662
0.0466804
0.582636
0.565446
0.662
0.662
0.375079
0.662
0.662
0.293275
0.662
0.378865
0.0996236
0.47178
0.128434
0.154415
0.320405
0.084251
0.0853647
0.662
0.662
0.208951
0.163387
0.207239
0.317201
0.161761
0.0710166
0.134534
0.0905537
0.0886591
0.662
0.216689
0.312649
0.14814
0.157169
0.209304
0.141802
0.662
0.121632
0.536441
0.148174
0.349929
0.116002
0.662
0.160167
0.510366
0.340953
0.378628
0.232779
0.291296
0.130048
0.258476
0.283821
0.129946
0.166293
0.160818
0.509255
0.116821
0.201203
0.421381
0.0432781
0.154985
0.309788
0.415818
0.191054
0.662
0.14826
0.524661
0.134592
0.0322693
0.492553
0.0900261
0.0555429
0.197717
0.232817
0.161584
0.258471
0.0211975
0.581208
0.0676347
0.159376
0.12458
0.248364
0.178973
0.662
0.188321
0.137578
0.512104
0.483025
0.0625309
0.0559815
0.0514537
0.327742
0.00932467
0.662
0.164916
0.617094
0.237345
0.280224
0.125293
0.18151
0.0414841
0.3394
0.39883
0.397887
0.662
0.118511
0.172288
0.416913
0.138066
0.0644517
0.183439
0.662
0.662
0.239891
0.403898
0.151435
0.335583
0.248432
0.0841286
0.51274
0.289073
0.445117
0.411543
0.186957
0.328548
0.627125
0.069227
0.56225
0.066768
0.290782
0.100685
0.662
0.448698
0.348105
0.270027
0.232796
0.132072
0.445444
0.23396
0.131504
0.392408
0.0836939
0.0813682
0.221234
0.299396
0.111259
0.626783
0.139553
0.188218
0.662
0.662
0.446803
0.272405
0.0903702
0.440119
0.0666152
0.662
0.467038
0.133218
0.662
0.109673
0.232908
0.263526
0.662
0.187761
0.331105
0.112816
0.662
0.0510192
0.291217
0.357886
0.101344
0.115533
0.0287667
0.145005
0.0732116
0.136167
0.394656
0.151324
0.263904
0.4449
0.0527827
0.358419
0.242888
0.15438
0.116304
0.30348
0.13034
0.3189
0.00903377
0.223251
0.297037
0.662
0.17806
0.184095
0.23091
0.249083
0.167101
0.186036
0.661607
0.521075
0.464729
0.130123
0.521853
0.325465
0.333803
0.0855529
0.231785
0.035976
0.0119339
0.106454
0.208793
0.137273
0.405424
0.0697302
0.383778
0.360187
0.498629
0.522488
0.20227
0.662
0.662
0.259958
0.384541
0.203194
0.172515
0.211571
0.662
0.0789876
0.151239
0.0635905
0.662
0.345642
0.482765
0.591301
0.322942
0.305651
0.214214
0.662
0.0913762
0.349743
0.0332237
0.227485
0.0587622
0.152334
0.662
0.181793
0.662
0.0961105
0.352789
0.170279
0.214993
0.0501869
0.333143
0.382921
0.284532
0.258377
0.594053
0.0975606
0.566414
0.251451
0.274126
0.554782
0.177889
0.0811206
0.209877
0.112298
0.418451
0.0644418
0.114366
0.233781
0.0320574
0.111568
0.247445
0.0930178
0.167606
0.13662
0.29383
0.043325
0.239994
0.306909
0.3056
0.391039
0.191121
0.0464792
0.0690491
0.184289
0.229817
0.492295
0.362302
0.497642
0.662
0.284714
0.271603
0.0824671
0.662
0.299557
0.100154
0.100647
0.114082
0.281603
0.255922
0.408403
0.244727
0.40561
0.662
0.253345
0.109987
0.0961358
0.662
0.662
0.480458
0.622657
0.662
0.214006
0.0895333
0.195527
0.662
0.314187
0.198816
0.662
0.135887
0.284887
0.662
0.316577
0.54556
0.476367
0.222592
0.354335
0.298795
0.433774
0.382319
0.0983561
0.177037
0.270456
0.126158
0.0274277
0.293235
0.25053
0.662
0.14686
0.026624
0.078164
0.662
0.182822
0.0937249
0.494403
0.424097
0.662
0.103199
0.161743
0.242091
0.662
0.346554
0.662
0.662
0.662
0.284144
0.662
0.142231
0.233785
0.249131
0.271134
0.382525
0.565898
0.372135
0.662
0.221811
0.455073
0.111899
0.177042
0.148904
0.303404
0.111684
0.286216
0.400999
0.0634034
0.113371
0.218985
0.13745
0.0174688
0.30228
0.0684546
0.187039
0.205268
0.114302
0.00629607
0.0776517
0.10235
0.273422
0.0667587
0.212885
0.662
0.211362
0.209346
0.0259876
0.218509
0.662
0.265461
0.202631
0.214838
0.662
0.651194
0.0334252
0.0865749
0.118401
0.384236
0.455984
0.350003
0.102361
0.207249
0.130229
0.65874
0.5696
0.218286
0.074187
0.320023
0.251259
0.0749295
0.495748
0.238384
0.662
0.662
0.213207
0.177809
0.217586
0.0823118
0.0351254
0.425312
0.662
0.518992
0.228479
0.0379067
0.113193
0.662
0.260154
0.662
0.0208281
0.394
0.502448
0.194943
0.133142
0.118436
0.0995562
0.662
0.662
0.286174
0.289032
0.662
0.168425
0.108324
0.126382
0.295649
0.662
0.31457
0.662
0.389889
0.067221
0.029889
0.0737429
0.199728
0.109561
0.0855681
0.662
0.16929
0.282308
0.372493
0.367891
0.0616865
0.433733
0.265989
0.200557
0.0532287
0.00060184
0.0748025
0.316704
0.179268
0.292579
0.662
0.0752039
0.178611
0.196745
0.527368
0.515942
0.0236819
0.189787
0.0305842
0.339381
0.333274
0.247856
0.196559
0.0652037
0.280875
0.662
0.34739
0.662
0.662
0.213398
0.637189
0.0842424
0.105877
0.568407
0.662
0.246974
0.662
0.545651
0.25168
0.193517
0.244196
0.118698
0.0761824
0.222997
0.170939
0.0258767
0.169283
0.37793
0.194201
0.111435
0.24689
0.625263
0.0702512
0.338061
0.0871782
0.14931
0.115924
0.440046
0.434825
0.443116
0.628558
0.460285
0.335572
0.0969015
0.211477
0.662
0.3339
0.244373
0.662
0.0699627
0.142881
0.295249
0.00232594
0.0835584
0.516791
0.0433651
0.662
0.662
0.662
0.613979
0.0372135
0.267968
0.0962832
0.274811
0.109808
0.298408
0.662
0.431475
0.164593
0.121805
0.069588
0.360594
0.15079
0.1111
0.304219
0.439902
0.314119
0.187753
0.141277
0.230394
0.472819
0.635924
0.10293
0.1592
0.0876936
0.117833
0.0701707
0.293284
0.0696048
0.465193
0.226232
0.0499109
0.0777653
0.124375
0.662
0.0370454
0.225305
0.042571
0.662
0.49287
0.190489
0.306967
0.41399
0.157489
0.0839276
0.0503116
0.211111
0.135371
0.369693
0.662
0.189178
0.126468
0.0554225
0.276715
0.0542449
0.662
0.303745
0.13778
0.0869386
0.615235
0.662
0.105893
0.125258
0.0449282
0.662
0.0539813
0.0680152
0.662
0.662
0.236076
0.156294
0.124533
0.481218
0.662
0.662
0.662
0.662
0.0883011
0.445758
0.199426
0.191534
0.251671
0.2186
0.0914121
0.0634275
0.619357
0.662
0.662
0.0926332
0.558982
0.662
0.256702
0.382468
0.218688
0.662
0.205332
0.268768
0.286249
0.458306
0.662
0.637843
0.662
0.662
0.00556741
0.662
0.216279
0.167246
0.286972
0.212657
0.119736
0.221719
0.263476
0.101728
0.200448
0.203953
0.662
0.0828916
0.662
0.204575
0.205492
0.0739381
0.662
0.560673
0.261241
0.160682
0.662
0.230043
0.30215
0.183736
0.281524
0.442659
0.0322485
0.325776
0.0658419
0.575457
0.156552
0.10211
0.181017
0.0714723
0.482726
0.662
0.662
0.2108
0.662
0.262317
0.439185
0.18644
0.662
0.662
0.270531
0.432507
0.357876
0.662
0.2889
0.285247
0.307073
0.500673
0.0875287
0.0595258
0.471866
0.54602
0.56493
0.0809757
0.215239
0.662
0.662
0.662
0.0879794
0.207615
0.135119
0.662
0.24054
0.414018
0.662
0.192005
0.288014
0.431951
0.186126
0.241488
0.231603
0.263434
0.143706
0.41025
0.662
0.497629
0.0364487
0.107284
0.576375
0.476513
0.252115
0.600156
0.205283
0.243618
0.230466
0.662
0.227898
0.359274
0.0757657
0.045624
0.662
0.266135
0.242834
0.388865
0.662
0.662
0.651974
0.00671155
0.110835
0.662
0.662
0.607036
0.0067643
0.0798762
0.313849
0.601916
0.662
0.0172143
0.653541
0.562378
0.276966
0.131664
0.662
0.445281
0.0537725
0.662
0.186579
0.165468
0.662
0.0885349
0.2111
0.662
0.425638
0.662
0.0131396
0.318949
0.137938
0.0891571
0.391136
0.132907
0.35553
0.356696
0.0861276
0.0616833
0.0718366
0.662
0.662
0.351417
0.37034
0.102819
0.445019
0.230751
0.441379
0.662
0.532539
0.447655
0.266004
0.48457
0.0821694
0.597661
0.560989
0.0826482
0.662
0.0963206
0.218542
0.207338
0.339128
0.0678195
0.0954484
0.0685639
0.205632
0.421634
0.532603
0.0932514
0.0439256
0.0389323
0.662
0.608555
0.284813
0.662
0.412167
0.131389
0.0800762
0.116113
0.137037
0.226369
0.662
0.662
0.333455
0.359557
0.334246
0.52611
0.219155
0.662
0.121336
0.59504
0.195135
0.358734
0.207117
0.452389
0.474458
0.662
0.62492
0.00877982
0.185776
0.6202
0.662
0.104686
0.0629998
0.0730454
0.322579
0.150287
0.662
0.662
0.0557956
0.236343
0.662
0.0798382
0.0795009
0.662
0.0654762
0.114444
0.11658
0.0700937
0.230029
0.584748
0.194196
0.268207
0.634246
0.207886
0.476026
0.662
0.662
0.320654
0.0940342
0.433721
0.204656
0.100598
0.0822888
0.230251
0.220548
0.0910672
0.662
0.00997081
0.143843
0.23905
0.200736
0.662
0.662
0.175598
0.191049
0.262436
0.647589
0.238041
0.0681203
0.0162067
0.662
0.642481
0.156549
0.600439
0.662
0.27833
0.476787
0.172889
0.662
0.114998
0.0824628
0.159094
0.0702988
0.101011
0.212087
0.662
0.662
0.12955
0.268999
0.116857
0.359136
0.565808
0.60575
0.277271
0.481224
0.608088
0.662
0.176644
0.0528255
0.365959
0.318497
0.568706
0.0227202
0.539872
0.105047
0.196052
0.467763
0.0513957
0.162405
0.246383
0.662
0.474707
0.239127
0.0375452
0.0251463
0.00218156
0.0723986
0.662
0.306348
0.662
0.0946918
0.662
0.662
0.232452
0.238032
0.470301
0.217295
0.0430649
0.157299
0.296044
0.311793
0.0914812
0.0932074
0.564327
0.576161
0.110178
0.0512165
0.0792187
0.019743
0.319713
0.0666085
0.24835
0.204712
0.160166
0.317761
0.357422
0.22496
0.063049
0.104128
0.208466
0.262214
0.662
0.0502609
0.662
0.662
0.274629
0.135585
0.509597
0.662
0.016559
0.0870395
0.371157
0.253716
0.347585
0.662
0.0998432
0.455419
0.124984
0.114445
0.0696173
0.457586
0.662
0.320388
0.187754
0.225419
0.239472
0.255774
0.259357
0.154281
0.132491
0.662
0.662
0.127671
0.208108
0.271499
0.662
0.171842
0.14889
0.662
0.354571
0.240735
0.662
0.138904
0.404147
0.0952202
0.278497
0.529283
0.662
0.299009
0.107618
0.25963
0.00996605
0.364955
0.0639606
0.200143
0.352748
0.662
0.0572931
0.662
0.187134
0.289489
0.307248
0.208028
0.158945
0.178169
0.0730398
0.514761
0.252844
0.062936
0.36475
0.227097
0.107379
0.0667207
0.164177
0.138366
0.105457
0.213726
0.244595
0.242374
0.0297991
0.214555
0.0905524
0.322095
0.425422
0.0805374
0.405285
0.172947
0.0538304
0.37576
0.662
0.63652
0.070598
0.277267
0.172942
0.193851
0.628627
0.662
0.242374
0.285702
0.0700874
0.662
0.145144
0.204033
0.662
0.423333
0.662
0.160731
0.520038
0.106262
0.492348
0.000518002
0.186029
0.21071
0.219924
0.329954
0.662
0.662
0.562962
0.662
0.448863
0.662
0.0947184
0.300968
0.181546
0.207552
0.308348
0.109317
0.0308416
0.130907
0.330158
0.129199
0.105954
0.0235868
0.342183
0.408787
0.318832
0.208956
0.10839
0.146069
0.458469
0.422763
0.194598
0.210405
0.662
0.0468897
0.281106
0.0486564
0.039662
0.549245
0.183731
0.662
0.211067
0.223162
0.402135
0.662
0.551397
0.662
0.0242896
0.31341
0.114276
0.193219
0.0675112
0.4375
0.0868802
0.0943348
0.378716
0.662
0.333591
0.0262229
0.267693
0.440202
0.137675
0.383773
0.176046
0.130555
0.129998
0.371006
0.503694
0.145771
0.0283808
0.255408
0.139895
0.214483
0.194202
0.662
0.0154224
0.2851
0.0488118
0.662
0.109615
0.202661
0.27928
0.662
0.124837
0.124848
0.165818
0.0810831
0.233426
0.096254
0.250984
0.160788
0.662
0.401852
0.62943
0.372964
0.0982885
0.196287
0.308004
0.662
0.162807
0.218107
0.152285
0.434444
0.542157
0.27332
0.389015
0.227061
0.20016
0.662
0.0558431
0.224582
0.424181
0.239092
0.0981803
0.0102149
0.357607
0.239298
0.445628
0.415532
0.368086
0.0793277
0.0561852
0.196948
0.180032
0.175791
0.662
0.211238
0.315141
0.518388
0.197886
0.0343948
0.0738067
0.662
0.121852
0.0624178
0.296912
0.0652718
0.106512
0.0771687
0.00319804
0.296983
0.662
0.0688297
0.265721
0.569769
0.662
0.566485
0.179766
0.186445
0.274029
0.162872
0.219028
0.0802567
0.662
0.662
0.177401
0.662
0.608133
0.0832072
0.133431
0.384415
0.0733502
0.144525
0.5899
0.28542
0.0856681
0.662
0.0274048
0.201808
0.0771351
0.662
0.248018
0.157609
0.451986
0.282783
0.157822
0.662
0.662
0.296694
0.329709
0.35393
0.0975841
0.0776632
0.527667
0.662
0.408941
0.199325
0.517365
0.662
0.0565842
0.462996
0.43714
0.450217
0.662
0.130705
0.0831421
0.23055
0.64256
0.662
0.0161233
0.414304
0.216793
0.662
0.645092
0.173771
0.0772907
0.107506
0.141409
0.262312
0.135909
0.258008
0.216914
0.516635
0.122696
0.225521
0.0665066
0.0417758
0.662
0.340834
0.524343
0.662
0.353611
0.341308
0.549934
0.0425802
0.150045
0.507628
0.0487835
0.0851554
0.429297
0.286736
0.35049
0.412324
0.236068
0.228456
0.128506
0.144855
0.244813
0.650226
0.0479481
0.662
0.167361
0.0701618
0.0460277
0.166534
0.361602
0.331715
0.0856286
0.115013
0.254576
0.201444
0.662
0.232747
0.174395
0.321434
0.209118
0.236092
0.192348
0.519001
0.12498
0.0251721
0.131176
0.167734
0.542504
0.143202
0.144636
0.295606
0.139961
0.120485
0.569698
0.340573
0.0963687
0.455053
0.0886667
0.167351
0.0885191
0.0666973
0.132903
0.198506
0.486541
0.0233997
0.662
0.40058
0.105207
0.194654
0.225707
0.662
0.0460179
0.165016
0.066541
0.132396
0.0509027
0.104459
0.374412
0.0590102
0.312203
0.196078
0.662
0.486213
0.206343
0.108001
0.0414123
0.0286709
0.119455
0.378765
0.274169
0.306844
0.458365
0.124504
0.0426881
0.0708097
0.189923
0.540041
0.0744453
0.0823804
0.662
0.200827
0.0395342
0.0408895
0.662
0.0882282
0.261894
0.662
0.662
0.202588
0.194075
0.331686
0.662
0.41291
0.0649582
0.662
0.499439
0.151945
0.0556382
0.13581
0.465596
0.662
0.0544326
0.1879
0.662
