0.16788
0.303351
0.0685655
0.224563
0.313296
0.101517
0.0518449
0.618895
0.360052
0.162718
0.243041
0.261086
0.243342
0.212763
0.662
0.0764758
0.289837
0.229151
0.148572
0.662
0.369625
0.117555
0.216657
0.201087
0.23004
0.0556037
0.662
0.116032
0.0511829
0.171768
0.17195
0.30976
0.244148
0.581542
0.298726
0.175229
0.0858195
0.190856
0.109452
0.127909
0.623628
0.662
0.558165
0.407392
0.198593
0.359709
0.621234
0.179058
0.102566
0.127997
0.279084
0.128096
0.436375
0.12112
0.0863293
0.124606
0.493163
0.662
0.0211873
0.463007
0.21053
0.0902999
0.603913
0.541643
0.153801
0.202013
0.213441
0.23082
0.343038
0.363605
0.061347
0.448401
0.0860048
0.106012
0.0953467
0.208334
0.359246
0.073168
0.0485969
0.101067
0.345721
0.6122
0.377047
0.117397
0.662
0.322213
0.0837466
0.140469
0.199177
0.488477
0.662
0.142113
0.0774133
0.612598
0.0608947
0.0698502
0.629787
0.224718
0.23339
0.130322
0.294387
0.0759248
0.412134
0.0178722
0.252793
0.0523382
0.109371
0.0403378
0.081047
0.111378
0.595618
0.0811174
0.133886
0.604403
0.110303
0.114783
0.138961
0.109788
0.128108
0.171306
0.136326
0.503307
0.0676512
0.0393849
0.110237
0.190483
0.204321
0.373775
0.223825
0.304763
0.317374
0.662
0.177917
0.109452
0.260403
0.347422
0.294953
0.085492
0.105257
0.170818
0.662
0.366692
0.0606095
0.662
0.264111
0.662
0.166695
0.212295
0.0862071
0.106398
0.28405
0.662
0.0990031
0.662
0.207897
0.111715
0.327225
0.38464
0.128403
0.305994
0.344708
0.473719
0.662
0.392355
0.189904
0.662
0.0650806
0.203094
0.208668
0.111715
0.0738484
0.151017
0.156085
0.0663747
0.193505
0.166813
0.138392
0.14153
0.662
0.460276
0.12407
0.0545866
0.0281804
0.208272
0.662
0.387086
0.436374
0.662
0.0746366
0.213875
0.284666
0.198333
0.662
0.0827658
0.155193
0.20781
0.0519541
0.160255
0.183821
0.662
0.232893
0.00983432
0.113877
0.311314
0.397573
0.662
0.213853
0.662
0.309197
0.0836725
0.217874
0.470833
0.423365
0.223073
0.662
0.0756826
0.428367
0.0748149
0.0510897
0.662
0.190935
0.236317
0.662
0.611751
0.200773
0.10834
0.173582
0.091418
0.0510866
0.662
0.594713
0.662
0.512857
0.193126
0.658616
0.22299
0.248836
0.131035
0.182128
0.0551726
0.162469
0.456829
0.360251
0.662
0.168045
0.317143
0.139833
0.242267
0.662
0.516459
0.417341
0.662
0.113758
0.0105057
0.0556483
0.338344
0.19962
0.156757
0.267431
0.0565726
0.247846
0.300494
0.107235
0.163574
0.662
0.12126
0.055382
0.200323
0.201219
0.204983
0.662
0.362084
0.226767
0.441934
0.176843
0.567067
0.0640169
0.108786
0.387348
0.661491
0.42501
0.0955201
0.0821766
0.187927
0.210308
0.446822
0.506723
0.0922015
0.375854
0.108297
0.287304
0.236945
0.662
0.662
0.41352
0.443206
0.0549354
0.662
0.235847
0.413092
0.0689078
0.0479178
0.073787
0.662
0.200796
0.0324283
0.529517
0.108842
0.0700775
0.300442
0.0878781
0.0916503
0.369809
0.662
0.662
0.609706
0.202314
0.0759511
0.586846
0.34332
0.662
0.50866
0.126352
0.124393
0.232705
0.164637
0.105804
0.513058
0.199632
0.148555
0.662
0.191111
0.444896
0.551129
0.257151
0.326344
0.105252
0.453694
0.312293
0.29339
0.662
0.309896
0.0941062
0.473616
0.269086
0.253435
0.662
0.662
0.146541
0.211763
0.10489
0.137177
0.274364
0.289693
0.247942
0.109859
0.242284
0.100786
0.108324
0.662
0.140381
0.142016
0.662
0.592967
0.123533
0.443754
0.186502
0.249592
0.33782
0.24227
0.662
0.242091
0.161741
0.053112
0.195828
0.391638
0.482926
0.401329
0.0341306
0.162847
0.662
0.138326
0.134089
0.259529
0.254041
0.160928
0.347938
0.662
0.199
0.662
0.416034
0.0139833
0.204721
0.253939
0.625428
0.399719
0.601391
0.0807613
0.141433
0.273306
0.252242
0.165405
0.218178
0.242649
0.158561
0.662
0.407111
0.0490192
0.130549
0.188624
0.336012
0.011764
0.662
0.113998
0.344245
0.624086
0.239509
0.2012
0.0450664
0.134123
0.0734128
0.218817
0.479762
0.375664
0.459408
0.140062
0.0531179
0.328734
0.410353
0.104509
0.662
0.0707204
0.507388
0.405883
0.220327
0.233848
0.39895
0.0388412
0.662
0.026637
0.0925376
0.15363
0.662
0.230856
0.24765
0.0940474
0.289312
0.095887
0.113894
0.323868
0.0726468
0.107085
0.662
0.487836
0.0658253
0.583165
0.191129
0.662
0.190709
0.0535256
0.209209
0.111457
0.0727349
0.00432527
0.243592
0.101988
0.0190781
0.16909
0.0527318
0.508741
0.051622
0.0320066
0.0835511
0.211558
0.129305
0.468804
0.228251
0.462084
0.304258
0.0826371
0.0917763
0.281889
0.662
0.222292
0.0667818
0.175052
0.466177
0.185108
0.634435
0.662
0.0984958
0.0362474
0.207265
0.357399
0.359671
0.0747031
0.47494
0.494363
0.397833
0.30035
0.145148
0.34091
0.184734
0.662
0.478419
0.580071
0.254182
0.174378
0.0561897
0.335443
0.0714531
0.280595
0.662
0.0992659
0.662
0.662
0.340544
0.0670056
0.328402
0.118894
0.481424
0.559358
0.439237
0.662
0.182293
0.130645
0.129501
0.0376856
0.0809061
0.662
0.395199
0.220497
0.412398
0.662
0.193525
0.0525699
0.0875684
0.378856
0.638911
0.0156747
0.418067
0.662
0.0905369
0.138986
0.157686
0.139292
0.505394
0.601117
0.180348
0.336359
0.465202
0.0266386
0.662
0.100897
0.0925775
0.177981
0.353756
0.151673
0.348888
0.263445
0.336195
0.607258
0.380215
0.0593533
0.303094
0.301013
0.217442
0.662
0.189597
0.045812
0.0997483
0.107053
0.1791
0.0782541
0.0722539
0.347971
0.169387
0.175847
0.248225
0.662
0.0731856
0.0742953
0.0434587
0.167705
0.114515
0.291984
0.048945
0.169346
0.662
0.656896
0.178035
0.0592326
0.102274
0.214661
0.662
0.231337
0.0246779
0.253922
0.229356
0.157971
0.00121817
0.662
0.65164
0.0550869
0.282068
0.0576459
0.14307
0.0384269
0.36867
0.121246
0.173751
0.188496
0.375031
0.00962042
0.0620413
0.0768099
0.175434
0.229234
0.0530469
0.662
0.124149
0.329418
0.152826
0.0305057
0.662
0.0975966
0.0683985
0.133895
0.151825
0.0709354
0.49474
0.378788
0.0728275
0.662
0.112154
0.163453
0.142131
0.066579
0.586862
0.312631
0.588851
0.0698133
0.427297
0.0778229
0.0391196
0.263472
0.662
0.662
0.16083
0.233592
0.579777
0.0873236
0.078386
0.0984166
0.0922712
0.137919
0.220622
0.0404049
0.0620053
0.143548
0.662
0.369078
0.094671
0.236859
0.248616
0.0404578
0.222081
0.294328
0.421488
0.208507
0.662
0.662
0.166252
0.13472
0.662
0.0457416
0.352008
0.0736289
0.0348858
0.334987
0.114744
0.172144
0.188175
0.30572
0.170079
0.214935
0.0717598
0.273151
0.22948
0.0427094
0.379575
0.0933694
0.501088
0.141021
0.0765317
0.0629791
0.303369
0.0896033
0.120843
0.189169
0.662
0.213437
0.210056
0.0586086
0.345479
0.202464
0.0497269
0.252412
0.356856
0.245755
0.332367
0.36431
0.585954
0.530979
0.357943
0.430591
0.119504
0.0844928
0.350889
0.128537
0.422125
0.338288
0.0417282
0.0815987
0.662
0.381214
0.662
0.463761
0.662
0.0654909
0.0737565
0.662
0.264716
0.00732106
0.101187
0.114972
0.0959903
0.44749
0.0664524
0.0836879
0.0928431
0.191207
0.465877
0.662
0.145051
0.662
0.662
0.33407
0.316425
0.249005
0.502648
0.234472
0.378954
0.0676442
0.662
0.0589198
0.363392
0.074705
0.181539
0.245234
0.150175
0.258126
0.662
0.0772472
0.262725
0.157038
0.112448
0.662
0.1485
0.243313
0.503032
0.146634
0.124558
0.161106
0.46397
0.258207
0.187143
0.535084
0.485328
0.412401
0.150628
0.128518
0.174254
0.40769
0.259585
0.211107
0.278853
0.662
0.0349633
0.281405
0.109738
0.053499
0.662
0.0934322
0.039002
0.251582
0.0429238
0.225417
0.608277
0.287355
0.184373
0.662
0.035858
0.394626
0.423846
0.0568712
0.0853127
0.572449
0.127239
0.35923
0.476664
0.485163
0.384927
0.292115
0.197775
0.0927206
0.509898
0.0429984
0.120425
0.0462637
0.0995892
0.298457
0.607085
0.110686
0.246439
0.2175
0.474169
0.527042
0.0719061
0.223466
0.242996
0.662
0.384009
0.662
0.00812462
0.414794
0.22996
0.141307
0.0258233
0.193063
0.403767
0.0640166
0.374653
0.106107
0.662
0.662
0.132872
0.114092
0.0626113
0.287016
0.451896
0.253738
0.321659
0.32423
0.124269
0.411369
0.501439
0.662
0.0679386
0.0810984
0.460883
0.449297
0.0405773
0.662
0.662
0.327891
0.0504119
0.329644
0.585851
0.502341
0.662
0.367906
0.662
0.0511648
0.411548
0.105584
0.0889735
0.13981
0.121317
0.538706
0.158792
0.662
0.260543
0.0828934
0.267399
0.101246
0.17424
0.164746
0.188651
0.242017
0.0587434
0.115784
0.134924
0.0951845
0.558538
0.250779
0.441659
0.158676
0.142973
0.662
0.0240149
0.331809
0.218805
0.487146
0.0847928
0.662
0.146584
0.10337
0.428675
0.0444734
0.0639477
0.278781
0.260362
0.662
0.232196
0.275362
0.23243
0.662
0.112072
0.662
0.239006
0.662
0.0974135
0.27729
0.53953
0.577526
0.173213
0.147742
0.285898
0.0589981
0.228195
0.497156
0.109469
0.527364
0.206897
0.662
0.229273
0.194333
0.165796
0.249631
0.662
0.0756868
0.229216
0.517085
0.210663
0.226302
0.103821
0.384673
0.621266
0.662
0.11095
0.174938
0.46589
0.35997
0.414683
0.168999
0.196023
0.0822628
0.077589
0.158461
0.454765
0.13893
0.134662
0.107582
0.0306202
0.442344
0.23697
0.199633
0.662
0.132644
0.238728
0.087617
0.132715
0.172829
0.159793
0.255369
0.0857065
0.449899
0.318416
0.625123
0.04955
0.15838
0.0728908
0.341678
0.0529559
0.0518573
0.662
0.125721
0.662
0.0131635
0.0250442
0.0973657
0.0122182
0.0771377
0.000993028
0.0795741
0.273869
0.0948259
0.132236
0.251112
0.260316
0.134626
0.167136
0.0737327
0.306771
0.63776
0.336397
0.324296
0.396719
0.163499
0.0828731
0.396357
0.0239193
0.0397826
0.465614
0.148896
0.662
0.141676
0.401849
0.152776
0.128466
0.0832983
0.476482
0.544351
0.0386486
0.299377
0.184644
0.275044
0.057805
0.643925
0.428929
0.252119
0.101115
0.123615
0.176258
0.161255
0.308711
0.356815
0.446935
0.304961
0.0827684
0.662
0.168513
0.0815034
0.662
0.19234
0.314164
0.457309
0.453387
0.180533
0.296254
0.493825
0.362179
0.0638759
0.202204
0.106115
0.662
0.212557
0.120796
0.662
0.380762
0.662
0.284484
0.249024
0.469746
0.164126
0.139603
0.0596462
0.350901
0.0256924
0.412871
0.457256
0.308838
0.287359
0.662
0.174711
0.48655
0.152689
0.00988503
0.173381
0.2095
0.249817
0.0803979
0.295032
0.117386
0.662
0.100278
0.662
0.259658
0.538406
0.194564
0.571203
0.0732052
0.0441418
0.0358386
0.192503
0.137787
0.118732
0.662
0.503091
0.598864
0.125565
0.22283
0.662
0.13799
0.147954
0.0806578
0.1939
0.242467
0.357544
0.186842
0.247125
0.662
0.117978
0.501674
0.0757895
0.31947
0.662
0.0754152
0.266273
0.662
0.156301
0.110656
0.662
0.513569
0.22282
0.0810841
0.087396
0.350342
0.290653
0.0151288
0.144312
0.140224
0.287927
0.17814
0.0572498
0.296694
0.32952
0.175781
0.176482
0.0519524
0.178564
0.174147
0.162486
0.169207
0.662
0.0190317
0.343323
0.0623819
0.23051
0.180752
0.662
0.662
0.118112
0.304451
0.0833935
0.187229
0.662
0.0481991
0.278973
0.12866
0.539916
0.0773462
0.0504259
0.359711
0.205203
0.507127
0.142343
0.193843
0.227813
0.305603
0.169542
0.0974216
0.406045
0.124919
0.662
0.058843
0.132203
0.107961
0.0562088
0.220711
0.0271625
0.181848
0.0743772
0.0692836
0.267543
0.119963
0.311483
0.659894
0.0614015
0.246652
0.0618257
0.662
0.662
0.480935
0.114731
0.662
0.213625
0.0501979
0.150346
0.102113
0.662
0.0664154
0.134888
0.192081
0.272586
0.101138
0.113362
0.662
0.0729708
0.662
0.469653
0.429712
0.662
0.0664335
0.656821
0.167896
0.0813093
0.0850621
0.0493141
0.662
0.353911
0.433371
0.662
0.163813
0.34717
0.0568504
0.662
0.662
0.298033
0.424561
0.122479
0.163445
0.0686193
0.662
0.33988
0.0563407
0.0799727
0.309653
0.338571
0.0607263
0.462218
0.0790758
0.095069
0.0661189
0.30629
0.112631
0.521385
0.364035
0.272569
0.189124
0.341071
0.205405
0.492176
0.0701655
0.0776952
0.126404
0.242929
0.105436
0.0963127
0.372116
0.257646
0.412883
0.0441361
0.662
0.633805
0.00917305
0.240241
0.161332
0.185573
0.0195965
0.142558
0.662
0.201296
0.182236
0.143356
0.285761
0.16873
0.113335
0.0583856
0.208966
0.126221
0.11293
0.456687
0.662
0.205383
0.0785483
0.194209
0.184864
0.124055
0.0413168
0.0412629
0.0672997
0.0744624
0.108883
0.328365
0.14995
0.102755
0.662
0.389454
0.0683901
0.0423186
0.135309
0.0691563
0.14357
0.437809
0.662
0.513205
0.00859544
0.0580445
0.49465
0.530361
0.335638
0.662
0.218806
0.0523477
0.204592
0.157414
0.0806648
0.425615
0.662
0.107537
0.404158
0.17325
0.125903
0.105396
0.399764
0.662
0.196494
0.0952467
0.100486
0.192061
0.41271
0.137139
0.376291
0.168484
0.101118
0.662
0.134404
0.252369
0.155074
0.0537253
0.102128
0.53555
0.0513154
0.384127
0.176546
0.15852
0.515122
0.662
0.071916
0.386061
0.662
0.0422819
0.26414
0.220956
0.192748
0.0290848
0.180308
0.662
0.0188969
0.210153
0.225273
0.0744679
0.348312
0.0695215
0.188477
0.0198239
0.0941814
0.111531
0.145999
0.0931254
0.210155
0.2095
0.506875
0.0794511
0.104187
0.0792448
0.0244075
0.142862
0.348866
0.143798
0.0272495
0.156841
0.313018
0.180207
0.135967
0.0360834
0.207306
0.220445
0.0802415
0.662
0.18861
0.662
0.608483
0.088019
0.0676554
0.0248002
0.0742721
0.0888784
0.295608
0.402011
0.253477
0.0538425
0.298672
0.0983303
0.0856423
0.662
0.246147
0.662
0.107695
0.0813001
0.0949366
0.452955
0.106355
0.0807337
0.0804773
0.267587
0.132148
0.0413597
0.120997
0.114964
0.648672
0.0568605
0.0119443
0.105196
0.0944403
0.200145
0.137462
0.0577118
0.0517484
0.482321
0.225651
0.356244
0.490825
0.193495
0.101779
0.237845
0.103888
0.129442
0.180738
0.0911897
0.0613961
0.365264
0.125446
0.355646
0.0574451
0.135578
0.0872666
0.266034
0.0850727
0.659821
0.156157
0.28833
0.0121718
0.109157
0.152192
0.154351
0.204926
0.169189
0.266672
0.339418
0.380799
0.319665
0.520458
0.662
0.326931
0.560583
0.0959038
0.662
0.08957
0.136085
0.216621
0.5023
0.381572
0.192499
0.179256
0.40359
0.180016
0.566022
0.577818
0.342898
0.256816
0.459985
0.361298
0.654114
0.662
0.0922229
0.647792
0.0551749
0.254559
0.0889052
0.662
0.0579464
0.30707
0.0865491
0.0836264
0.206057
0.201164
0.102763
0.0734881
0.662
0.641142
0.581689
0.283487
0.219716
0.192521
0.319778
0.0151254
0.208912
0.111915
0.662
0.344309
0.361231
0.662
0.199641
0.234649
0.0573405
0.196333
0.000113152
0.312139
0.662
0.355847
0.139323
0.662
0.139456
0.223802
0.138174
0.289985
0.662
0.662
0.662
0.662
0.662
0.163461
0.0959644
0.482407
0.662
0.662
0.209735
0.15847
0.488573
0.0977022
0.0789128
0.163036
0.449061
0.132929
0.0917831
0.50287
0.566148
0.101694
0.0661671
0.206044
0.424188
0.139788
0.224669
0.44612
0.662
0.0694715
0.0825885
0.0944297
0.620252
0.290438
0.09605
0.272174
0.122206
0.00854529
0.481961
0.0860381
0.35061
0.333052
0.103968
0.272316
0.512808
0.453776
0.199506
0.143628
0.165858
0.0600096
0.400386
0.345645
0.228769
0.11489
0.349536
0.117886
0.0866641
0.662
0.662
0.11475
0.27358
0.662
0.183611
0.228935
0.444138
0.129037
0.217158
0.662
0.143745
0.117652
0.0626073
0.204221
0.116032
0.247266
0.0904833
0.292819
0.269149
0.208516
0.0570714
0.333957
0.364726
0.393682
0.263435
0.662
0.423561
0.04217
0.13272
0.211257
0.178259
0.0228433
0.119598
0.662
0.377542
0.388078
0.0668484
0.549131
0.534654
0.214438
0.465394
0.406728
0.162598
0.0378126
0.172704
0.319887
0.0927624
0.0504157
0.0955452
0.343541
0.0699121
0.0742579
0.662
0.662
0.162243
0.231708
0.602927
0.50217
0.31579
0.662
0.1703
0.362242
0.0206374
0.662
0.064683
0.209105
0.309661
0.228542
0.22898
0.147073
0.287431
0.337375
0.662
0.0861748
0.097235
0.540231
0.0555615
0.0481893
0.353484
0.123639
0.188503
0.163175
0.0441974
0.662
0.195563
0.264658
0.505858
0.16483
0.199589
0.0904969
0.0538105
0.15733
0.231136
0.662
0.140826
0.0911528
0.517413
0.0630285
0.107573
0.108921
0.197534
0.37523
0.195063
0.585937
0.402075
0.186634
0.419682
0.300035
0.331609
0.662
0.130579
0.662
0.170907
0.119209
0.113071
0.145761
0.337425
0.109013
0.272697
0.0416797
0.598919
0.154882
0.662
0.115515
0.408268
0.450014
0.263753
0.337738
0.244806
0.207323
0.213395
0.226181
0.468298
0.0265427
0.662
0.167514
0.470705
0.432088
0.1443
0.0998302
0.121303
0.662
0.157111
0.0718544
0.143436
0.0528769
0.310393
0.364705
0.273215
0.292132
0.140807
0.0627837
0.354463
0.662
0.270771
0.178499
0.572516
0.21252
0.241341
0.662
0.096004
0.389852
0.0865717
0.490679
0.662
0.10023
0.0721144
0.315846
0.211809
0.149565
0.662
0.460244
0.246364
0.662
0.281977
0.0432714
0.36858
0.108982
0.662
0.110201
0.662
0.457285
0.0533954
0.269543
0.406432
0.0713844
0.3689
0.357882
0.356574
0.0696224
0.0374954
0.204029
0.0814237
0.100006
0.157591
0.100885
0.0590472
0.0557994
0.186861
0.261119
0.398134
0.0705654
0.119174
0.326465
0.114572
0.611333
0.109557
0.0161125
0.0785746
0.513379
0.0866439
0.662
0.662
0.108356
0.654531
0.193639
0.662
0.335059
0.355762
0.132452
0.0893787
0.142767
0.0912373
0.0392224
0.516665
0.556698
0.194533
0.0582566
0.0682606
0.0793406
0.662
0.0101992
0.662
0.410592
0.346036
0.231264
0.540974
0.412689
0.319276
0.612346
0.662
0.662
0.229859
0.658819
0.50403
0.662
0.662
0.150175
0.174158
0.0694673
0.0725326
0.222274
0.0706163
0.355235
0.480575
0.055753
0.481898
0.527285
0.503153
0.504427
0.521258
0.156836
0.202864
0.121096
0.0693155
0.0744952
0.0989716
0.184505
0.0804657
0.662
0.393723
0.296815
0.413157
0.0961739
0.214513
0.00510575
0.0971827
0.100004
0.0533356
0.14153
0.195877
0.195321
0.181537
0.0610905
0.443407
0.0540702
0.37098
0.089345
0.662
0.0994235
0.386734
0.0844301
0.118633
0.181995
0.0891655
0.662
0.0703256
0.458773
0.105734
0.174827
0.0507403
0.170726
0.187346
0.0390527
0.0461002
0.626833
0.189338
0.0777704
0.194731
0.518382
0.591126
0.214667
0.0918202
0.662
0.537542
0.148363
0.662
0.301086
0.181415
0.169713
0.662
0.373225
0.102866
0.289127
0.206493
0.224876
0.227023
0.159377
0.162222
0.203623
0.134707
0.0982711
0.351125
0.050196
0.101099
0.053479
0.489077
0.645666
0.0663263
0.174098
0.32682
0.119021
0.58366
0.0671411
0.224965
0.0171935
0.204218
0.450419
0.24017
0.171276
0.319057
0.476167
0.154195
0.662
0.16101
0.020474
0.211611
0.0640598
0.478285
0.544479
0.260296
0.662
0.33069
0.140837
0.215782
0.204559
0.0269673
0.111011
0.0507714
0.10968
0.327092
0.154867
0.662
0.662
0.614103
0.368487
0.261471
0.094241
0.103738
0.164889
0.22813
0.0983426
0.0354516
0.338316
0.0822819
0.398996
0.348631
0.364532
0.371331
0.0678859
0.0735549
0.320528
0.143026
0.149939
0.138388
0.452113
0.173737
0.662
0.662
0.140216
0.113504
0.310415
0.0679378
0.053856
0.662
0.138808
0.662
0.043058
0.123182
0.0986569
0.513909
0.0587046
0.501182
0.384514
0.0910065
0.432676
0.105734
0.228416
0.125562
0.202461
0.662
0.070992
0.280328
0.293573
0.0983455
0.519442
0.11245
0.0332435
0.403503
0.0485578
0.393798
0.662
0.0599828
0.543291
0.180662
0.153114
0.171581
0.291132
0.025868
0.226216
0.223472
0.16599
0.126757
0.201921
0.0409878
0.283367
0.453848
0.242143
0.61168
0.662
0.134014
0.0491545
0.188258
0.662
0.0856752
0.167841
0.122317
0.0365681
0.374195
0.163571
0.00239143
0.0309413
0.662
0.46422
0.321472
0.178194
0.118366
0.376807
0.0855532
0.140822
0.175197
0.0922032
0.218539
0.472195
0.062006
0.175658
0.543866
0.010695
0.662
0.314639
0.147139
0.136948
0.322006
0.0972029
0.072807
0.046134
0.136065
0.240777
0.0616408
0.148414
0.282802
0.157297
0.0390529
0.146958
0.662
0.158636
0.0531131
0.0502427
0.248031
0.03993
0.430326
0.25601
0.130552
0.138568
0.260716
0.0690107
0.203551
0.151656
0.628983
0.0698245
0.0199128
0.239436
0.27695
0.0438116
0.0516136
0.0425905
0.662
0.0766255
0.0632214
0.662
0.17788
0.356487
0.0474528
0.130514
0.0952017
0.237667
0.157285
0.370853
0.655112
0.102102
0.0147807
0.117886
0.107799
0.14012
0.0346215
0.122514
0.318269
0.199683
0.144155
0.477822
0.35649
0.662
0.120551
0.257682
0.662
0.157551
0.131118
0.203379
0.104463
0.662
0.0945794
0.611779
0.0645416
0.177216
0.415219
0.0931662
0.662
0.0763988
0.314521
0.662
0.270688
0.0936982
0.361971
0.45704
0.0828459
0.0496635
0.091216
0.110268
0.0614631
0.309442
0.211578
0.153323
0.432752
0.448101
0.220182
0.570954
0.430821
0.493088
0.0769577
0.122248
0.662
0.662
0.569701
0.653187
0.662
0.33877
0.662
0.0826705
0.121077
0.115996
0.0606257
0.631157
0.145859
0.245192
0.400186
0.00540247
0.034155
0.275386
0.109626
0.662
0.0961045
0.268173
0.442912
0.129124
0.206776
0.256572
0.662
0.0365168
0.139746
0.140362
0.252404
0.194099
0.154025
0.170039
0.240425
0.141172
0.00862122
0.276479
0.177153
0.208579
0.3079
0.249935
0.662
0.521431
0.250311
0.173406
0.361099
0.662
0.158309
0.0982919
0.123406
0.110178
0.252895
0.315795
0.244911
0.662
0.271709
0.102301
0.112983
0.272517
0.662
0.662
0.571743
0.1385
0.132834
0.158198
0.274293
0.662
0.662
0.456945
0.211903
0.0911098
0.277908
0.580453
0.352247
0.240979
0.156149
0.124015
0.413671
0.208812
0.130881
0.115686
0.662
0.275187
0.512219
0.00893723
0.3974
0.168407
0.228801
0.662
0.0774321
0.537715
0.065394
0.662
0.662
0.194664
0.230238
0.0839708
0.228623
0.222762
0.106921
0.0671342
0.134953
0.422201
0.481685
0.0151206
0.0586693
0.0582756
0.344633
0.496005
0.662
0.662
0.295329
0.662
0.234664
0.662
0.0581214
0.437064
0.057282
0.127584
0.0397876
0.0667917
0.662
0.662
0.0380163
0.135738
0.0622177
0.638811
0.0681594
0.0466647
0.474934
0.201299
0.187975
0.066602
0.47549
0.501229
0.470148
0.450022
0.163971
0.240204
0.0672033
0.20126
0.314895
0.458503
0.301191
0.662
0.0908336
0.662
0.176225
0.131414
0.412031
0.122344
0.128064
0.662
0.431833
0.662
0.199226
0.217667
0.098087
0.583532
0.661076
0.450007
0.6545
0.0735471
0.0586335
0.104194
0.0651113
0.662
0.0758391
0.187198
0.28664
0.208294
0.14092
0.122682
0.662
0.0785489
0.662
0.30326
0.0301407
0.391614
0.0165562
0.156466
0.31813
0.207005
0.624946
0.352472
0.236225
0.0534402
0.0298519
0.0746928
0.662
0.662
0.491325
0.662
0.417421
0.488186
0.0661838
0.6128
0.378029
0.419746
0.127685
0.249905
0.0990501
0.662
0.662
0.299966
0.584727
0.662
0.0999042
0.662
0.662
0.113837
0.0400703
0.0657909
0.422273
0.0845885
0.248744
0.0668143
0.260623
0.267447
0.513238
0.133805
0.0599029
0.434695
0.642649
0.200813
0.276638
0.382287
0.0497138
0.256703
0.181199
0.343129
0.0770292
0.187627
0.135756
0.561818
0.189613
0.315729
0.289497
0.0760371
0.234529
0.143505
0.237304
0.270742
0.574061
0.11671
0.0186619
0.184381
0.212455
0.171029
0.133589
0.118755
0.369835
0.303994
0.189686
0.301249
0.192451
0.553416
0.046707
0.0491066
0.0942641
0.0909416
0.0664255
0.325917
0.588718
0.117694
0.116048
0.280281
0.236151
0.160017
0.0659101
0.334878
0.145269
0.107433
0.0661257
0.341418
0.370595
0.0674184
0.662
0.0788404
0.142725
0.662
0.26444
0.181729
0.0846775
0.662
0.130752
0.391845
0.161259
0.160802
0.0655159
0.365939
0.662
0.189197
0.0197206
0.222945
0.0700049
0.13519
0.207031
0.581816
0.0938559
0.576633
0.545071
0.0866532
0.15487
0.505909
0.431024
0.0998593
0.0423125
0.38646
0.189622
0.536293
0.0941044
0.138535
0.135811
0.285337
0.441889
0.662
0.17385
0.134527
0.0548879
0.256697
0.0776062
0.136519
0.0783515
0.458655
0.206745
0.325861
0.371933
0.662
0.56636
0.662
0.0130635
0.315285
0.321972
0.0970787
0.303309
0.0573124
0.0791031
0.319332
0.662
0.171062
0.204119
0.662
0.662
0.097297
0.436733
0.293621
0.386997
0.0269178
0.351947
0.0725266
0.158245
0.070843
0.04872
0.372764
0.662
0.662
0.58131
0.0439857
0.372505
0.271837
0.662
0.362329
0.662
0.137357
0.105603
0.175373
0.175821
0.15594
0.0896367
0.445251
0.330185
0.206426
0.0761292
0.0775626
0.012482
0.397209
0.127054
0.0496135
0.113491
0.662
0.0967054
0.141573
0.513225
0.199233
0.244742
0.662
0.145671
0.155379
0.145474
0.222928
0.154736
0.0562173
0.19081
0.662
0.364941
0.0546335
0.533202
0.0685534
0.662
0.269508
0.101736
0.0827927
0.211264
0.113835
0.244015
0.142757
0.249334
0.245895
0.281302
0.140233
0.0181988
0.0658783
0.0663154
0.662
0.531815
0.227925
0.326675
0.0686514
0.0439363
0.325444
0.39067
0.110374
0.476952
0.222212
0.154367
0.662
0.258149
0.562244
0.658381
0.0753465
0.662
0.221669
0.104124
0.178599
0.170572
0.662
0.662
0.628888
0.138983
0.0955339
0.16645
0.0917618
0.21824
0.198159
0.017918
0.513478
0.258339
0.662
0.176226
0.149694
0.111677
0.152904
0.146464
0.400521
0.105388
0.561964
0.558257
0.662
0.471268
0.000287
0.0804569
0.129731
0.662
0.104241
0.0835178
0.0394865
0.293455
0.264743
0.369573
0.0598265
0.0718181
0.0720741
0.0809052
0.100035
0.662
0.427853
0.13662
0.155776
0.161121
0.00399265
0.524202
0.117185
0.111078
0.660112
0.0786689
0.465055
0.227825
0.662
0.0806726
0.234043
0.116654
0.662
0.0784324
0.0979299
0.146006
0.0575473
0.11239
0.0655794
0.042018
0.0791157
0.286418
0.13523
0.129292
0.163088
0.106228
0.248493
0.55699
0.41394
0.628789
0.183801
0.060605
0.539089
0.629706
0.158226
0.497513
0.223564
0.0575669
0.200528
0.662
0.662
0.0996638
0.624481
0.625756
0.271217
0.289529
0.469817
0.662
0.178188
0.0155347
0.100132
0.0718785
0.176192
0.13937
0.289198
0.325182
0.374247
0.662
0.189328
0.0593444
0.0875165
0.559584
0.317037
0.405045
0.0424562
0.453277
0.531936
0.0952206
0.0409674
0.662
0.316669
0.167987
0.064438
0.208539
0.152445
0.203498
0.129214
0.662
0.318619
0.221751
0.662
0.103408
0.0749257
0.662
0.296153
0.0622099
0.16037
0.219806
0.394391
0.0164806
0.184476
0.179594
0.662
0.367305
0.0486746
0.269456
0.130619
0.499209
0.518894
0.114705
0.142569
0.0656812
0.000533072
0.662
0.662
0.0224854
0.215285
0.662
0.365875
0.0926776
0.106713
0.295659
0.234607
0.341008
0.0762818
0.265916
0.0667662
0.158944
0.497762
0.662
0.383285
0.108389
0.0462017
0.3124
0.101203
0.529746
0.459247
0.26652
0.0579674
0.0999736
0.269103
0.280045
0.106777
0.328524
0.477544
0.0763673
0.3091
0.114276
0.0837096
0.314678
0.10059
0.099534
0.146752
0.159306
0.662
0.237161
0.0408902
0.662
0.172208
0.329656
0.608112
0.106593
0.0524085
0.662
0.406309
0.109955
0.439542
0.43885
0.0350248
0.0680185
0.222056
0.12203
0.0768594
0.201794
0.662
0.35997
0.142594
0.132568
0.231613
0.583454
0.0866274
0.465008
0.0436922
0.102903
0.347373
0.132348
0.331982
0.145459
0.472403
0.149741
0.42619
0.0382344
0.662
0.662
0.274984
0.318994
0.060674
0.662
0.311402
0.115283
0.239893
0.0860651
0.502601
0.255704
0.255241
0.517325
0.171564
0.338505
0.170443
0.0624777
0.0951676
0.136985
0.350378
0.131545
0.460496
0.111254
0.183683
0.0797501
0.386416
0.120942
0.142981
0.183622
0.378733
0.163706
0.176464
0.662
0.129994
0.285128
0.0615221
0.0404939
0.0857239
0.180913
0.474981
0.412159
0.259023
0.571047
0.662
0.0174796
0.240199
0.4677
0.0699041
0.0554676
0.218904
0.125327
0.662
0.147381
0.437092
0.120281
0.662
0.229492
0.662
0.164349
0.486583
0.0758679
0.535838
0.340883
0.236054
0.174639
0.0210156
0.0872206
0.213062
0.299693
0.662
0.0725944
0.171145
0.222478
0.0765504
0.322935
0.0832459
0.119006
0.179929
0.3667
0.193651
0.0669726
0.276855
0.150851
0.0563128
0.325137
0.138197
0.662
0.346396
0.293893
0.222962
0.0822713
0.18661
0.0373899
0.257909
0.662
0.225218
0.350705
0.0336643
0.074358
0.662
0.175642
0.662
0.662
0.139433
0.0558838
0.0403497
0.275876
0.333201
0.0621736
0.422301
0.0660127
0.0844362
0.229916
0.504238
0.303416
0.19576
0.585571
0.155206
0.466364
0.0957106
0.482381
0.174538
0.514854
0.150354
0.151226
0.0338037
0.662
0.269658
0.662
0.475261
0.061132
0.146691
0.086911
0.0888175
0.352079
0.0531296
0.662
0.139469
0.195643
0.047697
0.394588
0.662
0.641936
0.0309953
0.122205
0.538161
0.0682555
0.378994
0.318722
0.662
0.54422
0.0554964
0.411756
0.152233
0.0132296
0.228674
0.662
0.191526
0.662
0.402956
0.134439
0.0552478
0.662
0.52259
0.22842
0.0788896
0.0674861
0.354005
0.155893
0.223076
0.0923519
0.243904
0.321319
0.191078
0.0924581
0.265694
0.662
0.0588505
0.0887271
0.384002
0.547017
0.150363
0.0895353
0.16639
0.385845
0.373345
0.300321
0.380107
0.0939105
0.03981
0.662
0.221035
0.251963
0.0897192
0.198428
0.275542
0.0677733
0.18241
0.113313
0.0508238
0.0772457
0.11221
0.206439
0.0513569
0.187633
0.206054
0.364404
0.0547822
0.16341
0.396524
0.662
0.381147
0.189344
0.113958
0.11329
0.431185
0.201671
0.135591
0.029152
0.236914
0.0629079
0.132282
0.118887
0.0804251
0.364239
0.259458
0.105436
0.269378
0.662
0.295548
0.153685
0.0616834
0.168442
0.229972
0.194895
0.662
0.0674339
0.594164
0.241908
0.172546
0.341986
0.0592492
0.0852247
0.211321
0.662
0.179531
0.221525
0.256039
0.574428
0.662
0.163703
0.11056
0.0779411
0.631921
0.149074
0.108478
0.473643
0.248219
0.662
0.611243
0.178466
0.0694232
0.513771
0.00530458
0.234605
0.0977012
0.0835977
0.138728
0.662
0.201568
0.202324
0.662
0.033075
0.662
0.317441
0.513905
0.100593
0.662
0.463485
0.20849
0.121998
0.119809
0.143085
0.465464
0.150247
0.126929
0.0312049
0.00676123
0.00678951
0.662
0.296884
0.479845
0.166503
0.080022
0.073692
0.662
0.0528746
0.27397
0.103366
0.071615
0.076901
0.16044
0.0913388
0.176469
0.440689
0.0445706
0.0812256
0.189443
0.662
0.0520479
0.47306
0.596575
0.0880211
0.0432809
0.118721
0.366317
0.0876775
0.368725
0.492898
0.454407
0.358276
0.195963
0.0603185
0.529058
0.185076
0.0800192
0.261299
0.450403
0.109799
0.504661
0.457667
0.0578773
0.249395
0.118901
0.121535
0.457961
0.0442911
0.27517
0.662
0.662
0.160528
0.293766
0.523558
0.154922
0.226845
0.500246
0.18936
0.662
0.0558372
0.63769
0.25751
0.0685421
0.0400902
0.662
0.150487
0.132831
0.390486
0.158044
0.662
0.662
0.0491799
0.220374
0.154237
0.227591
0.177162
0.32073
0.662
0.185986
0.198227
0.212962
0.546383
0.127252
0.145445
0.186492
0.65124
0.572557
0.0503843
0.169809
0.116364
0.113505
0.38762
0.161981
0.662
0.56493
0.065994
0.304042
0.305769
0.207589
0.381574
0.249691
0.230308
0.0920744
0.560404
0.00844059
0.151588
0.110299
0.662
0.662
0.210994
0.135626
0.26694
0.30772
0.172286
0.0152915
0.0297081
0.131522
0.369632
0.169727
0.299808
0.403389
0.0413814
0.662
0.109496
0.196372
0.0794204
0.190787
0.154233
0.155327
0.308771
0.260277
0.0830868
0.41391
0.365213
0.177153
0.443841
0.0544301
0.662
0.164083
0.662
0.403794
0.111047
0.0950468
0.58529
0.154428
0.293778
0.0894888
0.325726
0.0872463
0.188786
0.193241
0.22719
0.0597115
0.28454
0.662
0.530082
0.531156
0.449343
0.124411
0.355118
0.401958
0.387537
0.0701052
0.123511
0.662
0.158644
0.0368869
0.427803
0.102858
0.037955
0.21484
0.315046
0.662
0.101899
0.211508
0.24508
0.299666
0.161032
0.417814
0.0621495
0.446046
0.15593
0.124148
0.336335
0.153637
0.116716
0.121197
0.261649
0.0803203
0.324838
0.264423
0.154126
0.662
0.633538
0.105263
0.0548262
0.662
0.615639
0.145868
0.00563756
0.662
0.605623
0.330161
0.0785888
0.415942
0.424717
0.0749687
0.662
0.573655
0.387331
0.201557
0.518258
0.0836092
0.0600694
0.128394
0.299801
0.242802
0.194451
0.235468
0.333978
0.0103331
0.396135
0.117315
0.596045
0.098068
0.00942812
0.198745
0.071641
0.0388148
0.342115
0.0456527
0.125664
0.437827
0.295973
0.662
0.133226
0.151081
0.118123
0.13376
0.390061
0.18726
0.228741
0.320162
0.0445382
0.319493
0.544175
0.353508
0.510798
0.236851
0.662
0.293928
0.662
0.0446707
0.176463
0.300375
0.153577
0.0869067
0.236476
0.0882535
0.107448
0.0903423
0.465932
0.00896975
0.429715
0.162509
0.285317
0.127802
0.318795
0.0683987
0.662
0.202318
0.662
0.34974
0.308429
0.532776
0.300623
0.445338
0.531645
0.179954
0.29651
0.20784
0.16309
0.0271802
0.295909
0.0850403
0.113362
0.220038
0.111715
0.630554
0.202506
0.10976
0.0730014
0.662
0.0848775
0.0432617
0.153621
0.662
0.566034
0.176629
0.184497
0.26226
0.121242
0.198819
0.156445
0.23574
0.662
0.358141
0.290316
0.307548
0.319811
0.101839
0.263729
0.0802328
0.0495618
0.580817
0.227742
0.662
0.114315
0.0258978
0.662
0.662
0.0791086
0.227827
0.662
0.662
0.662
0.426719
0.204349
0.279614
0.0935083
0.140425
0.34589
0.662
0.110441
0.0982734
0.662
0.0636841
0.662
0.533604
0.186811
0.106694
0.0697244
0.55217
0.147688
0.597309
0.120287
0.0199538
0.15188
0.565748
0.154054
0.0690006
0.662
0.106458
0.393484
0.413683
0.662
0.662
0.124393
0.0911726
0.662
0.431422
0.293015
0.508595
0.203314
0.0752102
0.172756
0.5264
0.235165
0.132974
0.139161
0.495225
0.173212
0.225136
0.161884
0.258949
0.662
0.0679048
0.279834
0.326613
0.448731
0.432837
0.339654
0.228199
0.662
0.1129
0.423382
0.272398
0.253668
0.231822
0.077701
0.102906
0.0480568
0.0485937
0.447742
0.387659
0.0914007
0.662
0.105632
0.662
0.0777484
0.662
0.0801569
0.128786
0.662
0.104365
0.151452
0.102235
0.157044
0.124944
0.414552
0.076035
0.062775
0.580417
0.0650383
0.20469
0.494999
0.0723379
0.363014
0.194851
0.102062
0.103799
0.334866
0.0791942
0.267268
0.0801884
0.0447537
0.0510088
0.488335
0.662
0.0587841
0.662
0.126176
0.152153
0.445019
0.460377
0.231086
0.108302
0.125065
0.0908795
0.662
0.602784
0.134439
0.131557
0.0459131
0.109341
0.221291
0.344573
0.635437
0.128986
0.385473
0.662
0.316463
0.139026
0.662
0.0833075
0.193706
0.0698983
0.0760603
0.427292
0.0811008
0.0646936
0.0853747
0.317272
0.235918
0.662
0.0586618
0.241907
0.0709646
0.514701
0.0564351
0.599848
0.045376
0.0564595
0.129317
0.186518
0.609184
0.309423
0.504902
0.130904
0.170915
0.139967
0.15311
0.0734025
0.176548
0.422285
0.662
0.143433
0.209885
0.325505
0.472467
0.232552
0.662
0.533367
0.358937
0.31938
0.559259
0.138282
0.258483
0.124101
0.59065
0.209683
0.662
0.662
0.424178
0.479714
0.662
0.22761
0.394391
0.144089
0.139662
0.155463
0.42925
0.583771
0.00561133
0.124326
0.305312
0.557148
0.0646349
0.110672
0.0749567
0.442964
0.662
0.351874
0.13243
0.662
0.662
0.315801
0.332957
0.530625
0.0920141
0.223034
0.30061
0.0823165
0.204173
0.0798337
0.029015
0.142752
0.211217
0.621659
0.551533
0.467027
0.662
0.125334
0.0652377
0.662
0.0917869
0.259416
0.158078
0.275856
0.217712
0.107328
0.10132
0.223276
0.162348
0.155594
0.0550849
0.327035
0.030899
0.0730278
0.143531
0.392139
0.263428
0.184695
0.0444343
0.102941
0.0721005
0.215219
0.112234
0.612215
0.169515
0.351555
0.291862
0.291302
0.207668
0.46789
0.102856
0.0555
0.162603
0.152055
0.0351005
0.307914
0.153114
0.250213
0.0372765
0.542117
0.298187
0.296643
0.662
0.120595
0.119524
0.381692
0.0707809
0.145736
0.568582
0.329536
0.37289
0.0457189
0.0295192
0.121543
0.273782
0.0397087
0.589717
0.344983
0.662
0.133019
0.44785
0.328741
0.309744
0.23483
0.0400379
0.579722
0.470966
0.0880752
0.358196
0.365596
0.0477665
0.509007
0.541497
0.260808
0.259664
0.49057
0.0176422
0.662
0.408371
0.38495
0.109034
0.0559753
0.158747
0.264845
0.360011
0.412027
0.283436
0.429768
0.0770602
0.145949
0.0539802
0.0662597
0.165884
0.0421176
0.0150553
0.466499
0.662
0.298908
0.114137
0.0786394
0.196853
0.0585644
0.327504
0.200925
0.112193
0.0678321
0.148957
0.046131
0.0669728
0.165399
0.508268
0.10976
0.662
0.0164308
0.660152
0.0829754
0.0534265
0.618193
0.0567842
0.50963
0.0938655
0.662
0.413053
0.310907
0.556864
0.450338
0.0907189
0.0544605
0.365484
0.536063
0.113804
0.642826
0.172415
0.109842
0.307816
0.181883
0.0192098
0.304396
0.211909
0.62845
0.0154286
0.0856718
0.176661
0.402767
0.0641241
0.0993405
0.629079
0.0667795
0.181042
0.327182
0.405718
0.662
0.0228454
0.662
0.253809
0.342601
0.0855552
0.272513
0.213549
0.662
0.662
0.360371
0.173835
0.0629967
0.123221
0.285477
0.315416
0.0644205
0.145948
0.150956
0.134228
0.662
0.114109
0.11391
0.00244691
0.139481
0.556236
0.557818
0.220482
0.557049
0.439779
0.364408
0.148227
0.0225143
0.574062
0.142218
0.375237
0.662
0.132231
0.218157
0.662
0.174636
0.110798
0.179062
0.0558599
0.236798
0.662
0.106819
0.33293
0.0613423
0.205618
0.340998
0.082113
0.662
0.291751
0.235484
0.0480501
0.186046
0.361509
0.0532558
0.662
0.205281
0.299649
0.242904
0.116539
0.361436
0.0385792
0.24107
0.302302
0.625145
0.179728
0.255996
0.662
0.175304
0.302649
0.130181
0.552671
0.662
0.434303
0.0837155
0.384174
0.197248
0.0426955
0.23459
0.080906
0.0178857
0.0630339
0.439856
0.171125
0.405486
0.272893
0.0472101
0.662
0.490972
0.286959
0.019005
0.289229
0.0587734
0.0869178
0.662
0.662
0.171502
0.132718
0.0714223
0.118915
0.214484
0.338967
0.336773
0.662
0.338162
0.290241
0.0453594
0.422468
0.662
0.0696225
0.387956
0.360367
0.0492616
0.662
0.0581948
0.0794093
0.0418849
0.191562
0.240462
0.662
0.275298
0.0972968
0.187053
0.213704
0.114011
0.411785
0.154971
0.0211646
0.0532888
0.205487
0.508614
0.662
0.122796
0.180479
0.0319872
0.212568
0.0894683
0.273356
0.400665
0.1985
0.356559
0.291747
0.476629
0.521691
0.377487
0.525614
0.0407939
0.0617259
0.662
0.381992
0.110061
0.117524
0.103584
0.0441592
0.15198
0.477914
0.340748
0.614899
0.092047
0.17039
0.164899
0.0736302
0.245828
0.0801156
0.141652
0.0530074
0.127691
0.45532
0.512716
0.157333
0.175777
0.461465
0.0613645
0.196454
0.126862
0.0429113
0.103452
0.0543497
0.101686
0.0454614
0.0480737
0.222571
0.423378
0.389361
0.262345
0.26149
0.136019
0.224702
0.246255
0.0734968
0.0529551
0.56383
0.4543
0.0690104
0.302126
0.10246
0.15395
0.0721305
0.601077
0.264943
0.0678782
0.349757
0.0176401
0.0953361
0.102157
0.227151
0.013264
0.334297
0.246078
0.18786
0.0829976
0.662
0.047229
0.0911393
0.0663519
0.0717296
0.662
0.0475792
0.172799
0.444371
0.284087
0.347526
0.366214
0.304909
0.483309
0.189325
0.305468
0.173686
0.662
0.662
0.0740723
0.189178
0.632749
0.409516
0.403194
0.662
0.248114
0.226252
0.0948218
0.111841
0.577074
0.106592
0.255296
0.589118
0.291749
0.175975
0.0173352
0.196574
0.303685
0.662
0.0956817
0.0657464
0.662
0.217214
0.18442
0.104213
0.462343
0.130104
0.662
0.0686641
0.202614
0.452906
0.662
0.113141
0.096982
0.23078
0.322419
0.222772
0.662
0.662
0.36613
0.101293
0.0250326
0.445298
0.213422
0.361169
0.662
0.138529
0.0262114
0.495049
0.0480769
0.662
0.329386
0.662
0.072476
0.0931257
0.0397716
0.0567821
0.26523
0.0835012
0.662
0.431534
0.497422
0.366472
0.379374
0.0850182
0.662
0.426501
0.0350571
0.117014
0.339946
0.0601899
0.368631
0.359618
0.048418
0.492433
0.461693
0.231178
0.653886
0.189853
0.0498873
0.190055
0.31055
0.629244
0.365462
0.0580788
0.0799296
0.265452
0.0439742
0.460795
0.530321
0.486521
0.251711
0.275956
0.662
0.507289
0.239765
0.662
0.0587634
0.152643
0.662
0.463743
0.239548
0.388309
0.0826486
0.177409
0.282829
0.0953966
0.193647
0.0436151
0.175635
0.463483
0.0795158
0.401263
0.448722
0.361741
0.0344111
0.0931348
0.378089
0.127497
0.24835
0.662
0.614362
0.516232
0.0892112
0.0689436
0.236643
0.180264
0.134982
0.0836085
0.0860753
0.213861
0.662
0.0703987
0.158143
0.0646994
0.0477425
0.346668
0.0833561
0.114642
0.00720854
0.277822
0.068845
0.154139
0.52768
0.0491977
0.519194
0.662
0.109161
0.176184
0.662
0.419839
0.45719
0.0849588
0.29095
0.160951
0.0397223
0.662
0.662
0.0166745
0.104127
0.155217
0.0473304
0.662
0.402534
0.344029
0.341798
0.410647
0.554882
0.517971
0.250518
0.225005
0.640517
0.435924
0.19314
0.153565
0.21484
0.110922
0.0724823
0.173686
0.662
0.0643241
0.0592997
0.42999
0.115602
0.482419
0.662
0.078939
0.165681
0.226898
0.640238
0.316569
0.236739
0.159001
0.150115
0.183652
0.219693
0.234491
0.0414188
0.199117
0.113396
0.254568
0.0555675
0.0910706
0.241329
0.16494
0.118121
0.201571
0.10166
0.564103
0.100417
0.379393
0.00166977
0.427071
0.448093
0.662
0.203088
0.338722
0.0987395
0.0745885
0.355003
0.21716
0.143294
0.323485
0.0677773
0.10163
0.0272352
0.607023
0.172243
0.231006
0.0380943
0.0777928
0.355935
0.356887
0.105694
0.106086
0.460521
0.11324
0.0719077
0.476443
0.0542604
0.134648
0.662
0.402096
0.219304
0.32918
0.481756
0.365272
0.155411
0.29677
0.374639
0.118302
0.177157
0.404255
0.162039
0.0982379
0.216135
0.662
0.0831192
0.662
0.429341
0.0825891
0.481493
0.150038
0.0713604
0.323074
0.264839
0.256542
0.288019
0.164604
0.450399
0.234276
0.40562
0.171718
0.0711437
0.296996
0.530239
0.0745029
0.435445
0.357564
0.179206
0.662
0.417391
0.149417
0.369684
0.0578942
0.147366
0.408222
0.662
0.662
0.138399
0.256232
0.0907018
0.578654
0.612811
0.102615
0.378331
0.0253013
0.0491743
0.139631
0.216201
0.662
0.0359127
0.20703
0.0560808
0.17734
0.136496
0.253978
0.0614865
0.241247
0.051982
0.189994
0.194548
0.131669
0.216419
0.481184
0.396708
0.165434
0.0675364
0.346151
0.662
0.146493
0.199624
0.254777
0.101136
0.309717
0.271102
0.662
0.308826
0.0993832
0.260277
0.427308
0.0766572
0.311562
0.210129
0.206937
0.0843727
0.283119
0.382555
0.645803
0.305623
0.211299
0.107916
0.0408761
0.662
0.166453
0.113529
0.400092
0.0855815
0.0262193
0.12411
0.221244
0.263487
0.180249
0.337952
0.359205
0.113686
0.39358
0.662
0.571539
0.320163
0.579169
0.206098
0.0216571
0.0811422
0.0833233
0.088276
0.172772
0.301792
0.0838717
0.662
0.212475
0.662
0.109945
0.237149
0.231069
0.232624
0.576408
0.110372
0.0967713
0.662
0.139994
0.188325
0.118818
0.662
0.202856
0.540154
0.647975
0.0921997
0.0171939
0.288993
0.236019
0.089462
0.165944
0.1215
0.662
0.662
0.647615
0.538165
