0.134848
0.0609845
0.11558
0.406813
0.164262
0.161978
0.168571
0.254361
0.0875939
0.359238
0.1067
0.31886
0.0480519
0.595293
0.113802
0.066818
0.398014
0.2826
0.102225
0.408287
0.662
0.159119
0.662
0.658532
0.280762
0.157016
0.19915
0.369428
0.183237
0.217032
0.575223
0.0201976
0.199646
0.482489
0.108653
0.470064
0.345376
0.370631
0.662
0.19186
0.179445
0.0422317
0.308018
0.282333
0.283949
0.0522561
0.347726
0.452305
0.662
0.514554
0.191436
0.135052
0.380622
0.144317
0.127705
0.600762
0.0766002
0.065001
0.054126
0.0813754
0.165784
0.473899
0.359417
0.253612
0.220949
0.0513153
0.302921
0.403624
0.0656398
0.139621
0.452334
0.493584
0.177622
0.184503
0.353244
0.144866
0.44068
0.0483501
0.488336
0.381007
0.049294
0.218614
0.125762
0.380498
0.339668
0.113025
0.662
0.662
0.267011
0.45477
0.113556
0.468993
0.10144
0.357943
0.356059
0.0502834
0.441604
0.374656
0.146128
0.0577815
0.249517
0.598596
0.0655207
0.051685
0.166335
0.0723976
0.312586
0.268806
0.185826
0.57682
0.662
0.662
0.153702
0.661727
0.299118
0.573428
0.572658
0.148003
0.355153
0.361755
0.0693632
0.109283
0.129037
0.662
0.0672974
0.127253
0.531739
0.498307
0.662
0.316157
0.37327
0.143794
0.0853516
0.16889
0.376016
0.0490619
0.107127
0.0529892
0.389952
0.067104
0.5635
0.211257
0.244939
0.408277
0.629412
0.105823
0.662
0.0994312
0.662
0.00451223
0.562372
0.252898
0.119454
0.662
0.103626
0.37339
0.551935
0.258038
0.0415585
0.132618
0.0196443
0.5463
0.158185
0.445678
0.0469973
0.573303
0.300532
0.508834
0.0637502
0.543389
0.606361
0.0746877
0.491782
0.356908
0.662
0.369846
0.271393
0.317702
0.18197
0.263635
0.0292807
0.220118
0.0910336
0.234163
0.413982
0.523474
0.662
0.482832
0.107739
0.366537
0.538694
0.198901
0.27642
0.119361
0.169861
0.662
0.0270686
0.228775
0.193121
0.214777
0.529905
0.438436
0.0797875
0.137989
0.0181016
0.0836154
0.118802
0.187844
0.121343
0.397767
0.182663
0.540175
0.0775753
0.102822
0.488099
0.430885
0.149642
0.210911
0.128584
0.411115
0.464592
0.418895
0.230704
0.05406
0.121966
0.19242
0.217947
0.662
0.385333
0.662
0.479078
0.0579975
0.530448
0.0466897
0.219683
0.246858
0.034907
0.293675
0.209239
0.442119
0.055044
0.662
0.502975
0.573937
0.662
0.23387
0.105819
0.247298
0.406324
0.53454
0.42077
0.254472
0.662
0.187475
0.0561506
0.135104
0.00954
0.533291
0.062988
0.0769822
0.116711
0.662
0.0585158
0.41167
0.431185
0.0649709
0.131459
0.0860911
0.0508677
0.140168
0.275565
0.11315
0.456688
0.425703
0.182891
0.12683
0.0851663
0.338095
0.217166
0.0329707
0.19812
0.105888
0.05678
0.0377749
0.324498
0.381882
0.110328
0.186383
0.133466
0.662
0.061392
0.0605803
0.167321
0.110463
0.0478272
0.488921
0.074682
0.297071
0.388394
0.167466
0.171618
0.0930704
0.494414
0.391806
0.0445181
0.292274
0.574644
0.0571821
0.600459
0.150817
0.219212
0.621675
0.117323
0.0862841
0.662
0.27786
0.456187
0.650966
0.648694
0.155253
0.112584
0.595948
0.505238
0.0549442
0.557209
0.641492
0.519639
0.662
0.078957
0.221168
0.140214
0.192841
0.218276
0.228068
0.135926
0.197636
0.0828588
0.341848
0.208123
0.0932647
0.0302134
0.117986
0.0586248
0.412686
0.239134
0.124406
0.141353
0.0848029
0.338946
0.0930186
0.319008
0.0455514
0.634553
0.113329
0.233098
0.216376
0.1436
0.0825713
0.182473
0.508819
0.0789698
0.0421802
0.130998
0.277343
0.573968
0.662
0.145367
0.26632
0.408057
0.250344
0.071049
0.286065
0.180723
0.592307
0.115572
0.00102711
0.331821
0.228782
0.0475362
0.662
0.423504
0.662
0.0164161
0.3472
0.106189
0.352618
0.321269
0.107382
0.642057
0.241081
0.0877595
0.662
0.611809
0.170065
0.662
0.239171
0.186975
0.55378
0.406254
0.0855467
0.224994
0.185124
0.163228
0.467229
0.0701527
0.0816373
0.303188
0.323553
0.146946
0.0573011
0.662
0.203702
0.662
0.532416
0.129768
0.530332
0.110494
0.336944
0.209138
0.0756363
