0.370191
0.47818
0.0848391
0.236036
0.407971
0.112053
0.418865
0.269478
0.102021
0.662
0.212107
0.375121
0.608653
0.662
0.475523
0.0822299
0.142845
0.326699
0.141518
0.00103652
0.662
0.206031
0.0710741
0.208816
0.0823836
0.354837
0.112858
0.156002
0.662
0.173236
0.363717
0.551822
0.221299
0.158847
0.0318012
0.131741
0.167216
0.228997
0.251682
0.310187
0.46759
0.175774
0.277165
0.662
0.123333
0.474705
0.261448
0.00639376
0.417326
0.354518
0.382786
0.0439363
0.470806
0.0712726
0.662
0.662
0.365582
0.662
0.662
0.662
0.187996
0.454477
0.433618
0.210734
0.336655
0.277811
0.167193
0.246851
0.0372004
0.314656
0.285864
0.41432
0.662
0.277427
0.232952
0.056568
0.430384
0.205276
0.0510975
0.0803071
0.662
0.108923
0.662
0.0529083
0.662
0.135705
0.614066
0.548508
0.0692614
0.662
0.525898
0.0166743
0.00541199
0.130072
0.0992694
0.195611
0.510721
0.134526
0.638879
0.186128
0.0850722
0.117146
0.566348
0.0293529
0.313567
0.55378
0.662
0.140981
0.455445
0.507083
0.247029
0.283496
0.215521
0.127844
0.662
0.177027
0.636352
0.020137
0.407388
0.28587
0.371251
0.379151
0.662
0.140927
0.338296
0.103272
0.0617413
0.280906
0.481399
0.312573
0.122289
0.175355
0.26577
0.0950817
0.611029
0.23589
0.480141
0.541137
0.0838222
0.662
0.147219
0.120455
0.662
0.0498887
0.0577011
0.267271
0.123701
0.12222
0.662
0.199463
0.152622
0.256893
0.133172
0.662
0.662
0.0774926
0.570278
0.296107
0.268238
0.221862
0.538756
0.623978
0.238136
0.051322
0.11203
0.56919
0.209188
0.1661
0.0973919
0.361802
0.331982
0.0493066
0.172942
0.128026
0.00297207
0.405964
0.258583
0.662
0.028425
0.22355
0.0483754
0.250123
0.230013
0.151243
0.052579
0.403424
0.166787
0.292708
0.662
0.275818
0.427085
0.297347
0.0974079
0.0808057
0.468852
0.531989
0.0864722
0.12855
0.174695
0.491233
0.518704
0.0316593
0.428664
0.518791
0.579532
0.662
0.10913
0.267417
0.496194
0.606852
0.175544
0.503383
0.235673
0.662
0.260881
0.264727
0.13074
0.165007
0.522849
0.539705
0.340365
0.291702
0.376276
0.662
0.222836
0.325739
0.0685446
0.662
0.547744
0.129461
0.644013
0.255198
0.319973
0.0647424
0.418304
0.662
0.104469
0.1467
0.193413
0.15816
0.101131
0.336969
0.104685
0.413098
0.604744
0.27319
0.105667
0.470983
0.379306
0.20507
0.423451
0.250256
0.503024
0.167597
0.331915
0.0457826
0.0877157
0.106311
0.246096
0.152805
0.662
0.079884
0.207041
0.159074
0.616574
0.194856
0.0715163
0.281941
0.391767
0.0394877
0.196508
0.137888
0.047305
0.62699
0.0522931
0.242949
0.12208
0.0865488
0.438614
0.103299
0.119211
0.662
0.0561205
0.330391
0.0686516
0.490525
0.316982
0.00153278
0.379717
0.165729
0.0263041
0.662
0.230251
0.478568
0.102437
0.662
0.169062
0.00608784
0.109316
0.0835659
0.402117
0.0191238
0.133462
0.0697436
0.17045
0.312743
0.662
0.258315
0.0211379
0.393606
0.133184
0.316499
0.0829593
0.466735
0.48328
0.0739001
0.203099
0.0928301
0.550552
0.199626
0.183919
0.0846347
0.149685
0.654169
0.605674
0.121935
0.662
0.159431
0.662
0.39765
0.0968075
0.435975
0.355097
0.148155
0.662
0.0799919
0.0886231
0.310289
0.213558
0.0767918
0.152812
0.0963233
0.515031
0.298069
0.496869
0.662
0.0167815
0.403328
0.125446
0.308481
0.662
0.474122
0.147881
0.165087
0.13012
0.25946
0.0483106
0.556867
0.0857687
0.244864
0.0942779
0.458656
0.0948489
0.264037
0.441329
0.0361204
0.125154
0.368037
0.16003
0.0867239
0.35156
0.0633945
0.662
0.0755091
0.662
0.22561
0.103993
0.188465
0.662
0.662
0.117038
0.158845
0.531158
0.0888627
0.032451
0.108839
0.514804
0.186086
0.662
0.579377
0.252286
0.190162
0.230889
0.190751
0.662
0.268163
0.13342
0.0726305
0.646597
0.596553
0.153869
0.0673256
0.600929
0.202233
0.413301
0.165912
0.518472
0.145333
0.168257
0.183489
0.136947
0.662
0.0921847
0.187768
0.184147
0.0748879
0.168992
0.143889
0.0387482
0.308262
0.661965
0.662
0.114399
0.187055
0.120422
0.213326
0.414563
0.383385
0.262773
0.159903
0.662
0.127352
0.0693294
0.231422
0.601501
0.662
0.42979
0.224211
0.662
0.0224554
0.248987
0.662
0.332557
0.481191
0.111396
0.22697
0.440568
0.182653
0.266675
0.0196341
0.216477
0.213609
0.551444
0.483961
0.0693741
0.392392
0.444885
0.124257
0.0538035
0.0849802
0.14814
0.662
0.115105
0.119091
0.167034
0.094148
0.0465675
0.27092
0.203818
0.201424
0.396397
0.20936
0.370906
0.129812
0.426919
0.661216
0.105617
0.568309
0.281283
0.35076
0.109471
0.544632
0.146386
0.263081
0.458612
0.445363
0.0916621
0.329712
0.0888566
0.662
0.199563
0.662
0.630745
0.417012
0.150497
0.662
0.297262
0.291426
0.225189
0.488376
0.420835
0.14046
0.662
0.248237
0.243869
0.260788
0.106819
0.636364
0.0850007
0.217265
0.316579
0.226645
0.372846
0.662
0.205965
0.418361
0.135353
0.578789
0.0271754
0.0998448
0.131403
0.100551
0.165663
0.128918
0.0672765
0.248189
0.222254
0.15205
0.662
0.330731
0.0921843
0.662
0.0881705
0.177673
0.0654793
0.280933
0.339057
0.465349
0.615118
0.171883
0.414523
0.184384
0.662
0.181945
0.0624009
0.315213
0.559856
0.0967544
0.371559
0.0174033
0.0506719
0.389302
0.0273775
0.662
0.0413183
0.220038
0.141261
0.283496
0.133922
0.410286
0.222409
0.204378
0.177934
0.118817
0.0505245
0.119482
0.401396
0.0879365
0.025003
0.126369
0.451879
0.336871
0.248736
0.585719
0.120952
0.059101
0.0773747
0.573147
0.0739627
0.0246822
0.111823
0.662
0.156552
0.0559701
0.435425
0.327596
0.18883
0.139005
0.662
0.448872
0.0202329
0.135099
0.423079
0.575969
0.240579
0.180103
0.0941627
0.662
0.205469
0.662
0.57246
0.662
0.393463
0.105723
0.200729
0.5646
0.662
0.489634
0.4388
0.510523
0.55433
0.243413
0.0882996
0.163244
0.412179
0.0255196
0.292986
0.261547
0.243781
0.650822
0.143516
0.085827
0.461159
0.201703
0.08075
0.23229
0.040287
0.229742
0.662
0.274199
0.198404
0.379299
0.106607
0.212536
0.290619
0.350622
0.329715
0.340132
0.548045
0.294874
0.128061
0.155
0.662
0.315293
0.226218
0.0751814
0.19488
0.233644
0.111806
0.0847248
0.177416
0.0551816
0.0882911
0.151435
0.627269
0.459358
0.470603
0.412263
0.110774
0.130774
0.25209
0.26103
0.0841911
0.00743731
0.113945
0.662
0.490823
0.0447568
0.347952
0.662
0.114453
0.314027
0.261024
0.339727
0.662
0.243541
0.0675716
0.192916
0.115371
0.299355
0.075187
0.188795
0.512593
0.112466
0.433661
0.662
0.367468
0.314674
0.662
0.326388
0.208453
0.319236
0.114191
0.662
0.457165
0.332496
0.342844
0.116256
0.410861
0.529333
0.0809068
0.593435
0.228651
0.273136
0.190022
0.0529412
0.040455
0.662
0.0502036
0.589242
0.217365
0.0761073
0.454808
0.472251
0.662
0.501407
0.0974731
0.116822
0.259247
0.0801231
0.149928
0.0879542
0.480601
0.0710803
0.164394
0.329673
0.205276
0.095552
0.0521021
0.662
0.0739576
0.307873
0.118484
0.662
0.264173
0.14547
0.377701
0.0475707
0.151514
0.662
0.440415
0.253305
0.57914
0.172022
0.239938
0.540648
0.118846
0.351861
0.621825
0.161434
0.343775
0.0743517
0.0199128
0.575378
0.662
0.128233
0.188377
0.111635
0.266402
0.235782
0.229601
0.333816
0.662
0.189967
0.321309
0.220991
0.360855
0.367684
0.140406
0.0892028
0.0922393
0.400368
0.409375
0.0433416
0.650559
0.476166
0.381763
0.0768865
0.192453
0.126402
0.547976
0.037744
0.263145
0.662
0.12254
0.492117
0.166994
0.335259
0.217737
0.0437948
0.0719379
0.158678
0.074839
0.0570102
0.0235202
0.131872
0.662
0.478899
0.110096
0.120629
0.210006
0.662
0.0874963
0.403449
0.117216
0.245558
0.662
0.305536
0.231727
0.49933
0.662
0.0896974
0.27922
0.555304
0.17235
0.412657
0.0085696
0.332749
0.451683
0.16637
0.0868135
0.598273
0.470925
0.178579
0.402937
0.251857
0.226811
0.419814
0.179201
0.662
0.0483284
0.0915481
0.148282
0.400794
0.662
0.662
0.453351
0.179312
0.649741
0.199758
0.662
0.137712
0.303608
0.662
0.621393
0.662
0.538874
0.504483
0.0815161
0.293696
0.20452
0.662
0.319441
0.160827
0.150343
0.059911
0.260779
0.127869
0.383551
0.369266
0.662
0.0947086
0.659971
0.220122
0.449238
0.408424
0.419645
0.504206
0.126202
0.112684
0.0728317
0.269829
0.339281
0.102114
0.130326
0.0671938
0.059911
0.643505
0.15533
0.0963719
0.229669
0.419328
0.124013
0.181478
0.0966537
0.32739
0.574235
0.180924
0.328313
0.0389905
0.27714
0.0426039
0.126606
0.178221
0.258048
0.112422
0.133651
0.0900594
0.0291433
0.112828
0.662
0.162583
0.386448
0.185745
0.307496
0.540493
0.58053
0.133589
0.235751
0.178344
0.279817
0.662
0.0844827
0.474582
0.335523
0.263559
0.0104251
0.0640655
0.193302
0.113256
0.458472
0.352615
0.172422
0.145806
0.362637
0.185057
0.0991228
0.289806
0.662
0.662
0.366801
0.561964
0.152372
0.204595
0.601467
0.113358
0.271313
0.224984
0.146642
0.255724
0.202411
0.453604
0.662
0.212744
0.617859
0.662
0.391503
0.354064
0.103247
0.198171
0.384966
0.276796
0.331587
0.195932
0.165724
0.655653
0.193068
0.0542607
0.179326
0.662
0.662
0.662
0.314784
0.0871519
0.0889589
0.492054
0.662
0.662
0.470103
0.408051
0.478331
0.317804
0.178643
0.185859
0.0545578
0.170935
0.362052
0.0566604
0.405844
0.662
0.422389
0.662
0.270049
0.020014
0.113222
0.06838
0.0754287
0.463687
0.11393
0.278645
0.0720345
0.289815
0.367005
0.585492
0.149014
0.621536
0.489607
0.657178
0.111402
0.662
0.103255
0.342257
0.139892
0.118853
0.184716
0.311768
0.287293
0.209191
0.168046
0.0882941
0.00160296
0.13402
0.462313
0.162008
0.214729
0.0819499
0.606202
0.662
0.578791
0.141478
0.430297
0.125258
0.246036
0.18006
0.0737214
0.0160555
0.042433
0.167161
0.576594
0.013466
0.185724
0.0422203
0.0931871
0.546208
0.307254
0.232194
0.498576
0.256482
0.190703
0.171614
0.440962
0.65957
0.648211
0.0813894
0.400772
0.662
0.566311
0.0809635
0.251019
0.101767
0.213493
0.662
0.199426
0.583705
0.31103
0.410268
0.196702
0.340653
0.229867
0.30321
0.239528
0.0776076
0.662
0.547203
0.386544
0.119997
0.459743
0.118076
0.258793
0.250564
0.254587
0.567113
0.662
0.329143
0.296755
0.662
0.290791
0.615874
0.275959
0.299815
0.077595
0.355427
0.282146
0.308874
0.487874
0.0279551
0.168214
0.534694
0.112397
0.375444
0.184367
0.662
0.567228
0.376709
0.633694
0.126706
0.374402
0.106094
0.662
0.662
0.112658
0.348831
0.662
0.349057
0.388046
0.189441
0.655936
0.03608
0.181492
0.251401
0.0919767
0.167815
0.348645
0.108083
0.239338
0.276542
0.476039
0.372968
0.180672
0.0744781
0.083886
0.120151
0.0700095
0.110276
0.442577
0.473505
0.0570066
0.194494
0.0710036
0.355272
0.24454
0.0907394
0.150514
0.662
0.230957
0.101236
0.395406
0.443517
0.661549
0.0512222
0.423307
0.597916
0.36041
0.515913
0.186888
0.0660373
0.277638
0.160294
0.263314
0.275635
0.662
0.255052
0.159323
0.613532
0.0917538
0.327145
0.0518223
0.199708
0.614953
0.120937
0.0514602
0.662
0.104609
0.0184594
0.114378
0.142734
0.0359552
0.662
0.136967
0.662
0.662
0.0630394
0.0787653
0.114668
0.258293
0.116697
0.0763
0.0111179
0.104145
0.181642
0.26773
0.0372628
0.311641
0.226423
0.467334
0.344054
0.662
0.357065
0.24291
0.561847
0.130256
0.376709
0.508546
0.0867558
0.0664484
0.0158419
0.187864
0.148611
0.254855
0.662
0.028689
0.204341
0.113561
0.395687
0.0799666
0.173849
0.662
0.642989
0.619915
0.340329
0.249542
0.0912857
0.198911
0.121018
0.263647
0.0164365
0.552588
0.571262
0.517461
0.346831
0.0740667
0.375743
0.561175
0.42318
0.662
0.204037
0.0767063
0.197357
0.239845
0.387099
0.0413398
0.58748
0.0926118
0.240856
0.0566714
0.0749403
0.103915
0.29847
0.212273
0.474139
0.662
0.201334
0.0792034
0.239416
0.228662
0.272376
0.0538436
0.662
0.10506
0.575587
0.0537073
0.485803
0.177328
0.0526734
0.514622
0.295649
0.18444
0.361642
0.200665
0.0448932
0.180854
0.662
0.1128
0.662
0.259674
0.349576
0.0541371
0.0756208
0.255203
0.440564
0.56726
0.0881935
0.127146
0.262972
0.42277
0.164398
0.557774
0.335296
0.662
0.0436058
0.662
0.255224
0.0437077
0.21092
0.618733
0.318469
0.239335
0.13913
0.620855
0.115763
0.0888943
0.078894
0.662
0.0755162
0.0515641
0.0424104
0.151884
0.662
0.662
0.00132133
0.662
0.662
0.165263
0.430415
0.162547
0.10108
0.0411631
0.653901
0.273126
0.422266
0.662
0.662
0.131218
0.141417
0.0343493
0.13967
0.182126
0.614975
0.288257
0.135926
0.186996
0.194074
0.0934812
0.0667078
0.227783
0.0490197
0.662
0.662
0.121882
0.162525
0.174091
0.445213
0.621038
0.214804
0.145209
0.102844
0.240521
0.238894
0.135244
0.662
0.373662
0.662
0.42274
0.228814
0.122864
0.246133
0.0746986
0.104835
0.456605
0.0425207
0.395474
0.0963262
0.0990376
0.0569721
0.637144
0.346031
0.474116
0.264626
0.452765
0.100888
0.0833821
0.115389
0.0711008
0.289339
0.391797
0.215369
0.457505
0.0807181
0.619375
0.127142
0.0643472
0.461539
0.659547
0.0462509
0.0688486
0.0800323
0.533576
0.041515
0.662
0.638731
0.662
0.237582
0.48984
0.48839
0.429082
0.359989
0.441185
0.486239
0.575433
0.402981
0.209416
0.283541
0.0105781
0.122987
0.196987
0.109334
0.423064
0.10271
0.507906
0.24827
0.236261
0.13287
0.589325
0.368069
0.372473
0.392369
0.433935
0.0217142
0.163999
0.193022
0.385215
0.611952
0.169424
0.195625
0.0822208
0.0756708
0.205642
0.451937
0.0770374
0.662
0.118767
0.231819
0.0679752
0.662
0.112004
0.0923757
0.139347
0.17143
0.567649
0.117547
0.465309
0.140625
0.315716
0.181207
0.276549
0.121872
0.278957
0.208643
0.0576046
0.567379
0.0630257
0.662
0.637052
0.662
0.312165
0.0996747
0.662
0.351191
0.289454
0.0600562
0.502575
0.290401
0.305132
0.0179066
0.0651779
0.287272
0.213492
0.662
0.103626
0.662
0.149544
0.0704675
0.0566029
0.291043
0.662
0.1863
0.400641
0.416175
0.160468
0.500356
0.183571
0.116583
0.0377656
0.662
0.532274
0.157757
0.143297
0.463878
0.0937035
0.113938
0.0448436
0.157781
0.662
0.395356
0.0610678
0.124037
0.239883
0.530931
0.116981
0.0839122
0.440762
0.442906
0.64678
0.579053
0.662
0.07722
0.282123
0.0818767
0.222397
0.10179
0.228591
0.333707
0.235618
0.0750412
0.258802
0.073059
0.08208
0.188916
0.105061
0.397169
0.429661
0.261963
0.295405
0.19122
0.420753
0.662
0.0617701
0.11121
0.662
0.214169
0.662
0.13304
0.32238
0.256191
0.05691
0.662
0.536448
0.662
0.0816819
0.0665549
0.662
0.350485
0.169299
0.421642
0.242625
0.251142
0.629086
0.577779
0.226386
0.334847
0.465319
0.176175
0.0653716
0.0433176
0.0579899
0.0548047
0.405057
0.0645358
0.110333
0.379712
0.128586
0.101107
0.662
0.573445
0.45469
0.169458
0.267797
0.241964
0.662
0.0595487
0.184545
0.426528
0.211087
0.662
0.150009
0.456132
0.662
0.146491
0.0795396
0.442086
0.0209023
0.181599
0.0660867
0.453684
0.255196
0.344924
0.662
0.216169
0.0410955
0.10375
0.0813668
0.662
0.00340524
0.0556682
0.258716
0.169367
0.180671
0.119048
0.0771499
0.662
0.248993
0.0219637
0.0652644
0.312169
0.0573343
0.295249
0.535059
0.662
0.0790415
0.437569
0.662
0.245256
0.519308
0.573357
0.0612875
0.545966
0.127245
0.378013
0.160831
0.15698
0.212019
0.331674
0.323103
0.11194
0.187256
0.165381
0.0570109
0.662
0.0940553
0.0687252
0.187298
0.662
0.340116
0.381582
0.0851131
0.297292
0.175662
0.411607
0.0738188
0.204913
0.579227
0.309248
0.238536
0.54181
0.295576
0.238288
0.662
0.398811
0.276443
0.0301074
0.151301
0.215227
0.15303
0.662
0.162603
0.0807621
0.254019
0.323376
0.2228
0.0904275
0.194228
0.0831442
0.140682
0.515155
0.501712
0.559478
0.632288
0.662
0.406832
0.181359
0.194669
0.617266
0.662
0.070484
0.662
0.208871
0.662
0.398686
0.281849
0.447749
0.199277
0.0585724
0.14246
0.107636
0.213661
0.131389
0.462377
0.141548
0.548148
0.404493
0.523617
0.570061
0.064362
0.172221
0.257162
0.335594
0.255228
0.376159
0.159473
0.140945
0.0850502
0.0448136
0.443905
0.136255
0.09706
0.363216
0.185854
0.168957
0.542546
0.256393
0.119711
0.0648757
0.662
0.064457
0.662
0.58202
0.172471
0.662
0.574154
0.662
0.441944
0.345038
0.099532
0.122479
0.23914
0.662
0.133208
0.0904169
0.195404
0.0665195
0.600785
0.0779768
0.099481
0.321987
0.109424
0.0717715
0.662
0.362517
0.0139392
0.111769
0.0811751
0.343283
0.134713
0.193751
0.662
0.333704
0.0878494
0.503116
0.474901
0.287538
0.123218
0.370691
0.191462
0.381161
0.0394212
0.18714
0.647549
0.0850858
0.263
0.662
0.138238
0.662
0.13898
0.248341
0.240217
0.314904
0.221828
0.0510274
0.179492
0.595227
0.0204083
0.662
0.019443
0.117253
0.190103
0.557852
0.197802
0.076136
0.0460341
0.662
0.662
0.0444868
0.339821
0.175556
0.311794
0.156313
0.232489
0.0483842
0.110124
0.117503
0.181963
0.662
0.143996
