0.0384308
0.0318152
0.338095
0.340692
0.522783
0.126425
0.0710008
0.562746
0.149686
0.0310933
0.119095
0.131184
0.191436
0.0863327
0.354137
0.234163
0.129635
0.131169
0.265202
0.116711
0.15315
0.263461
0.0688231
0.162491
0.057497
0.136793
0.471922
0.0936105
0.118616
0.0524924
0.30048
0.662
0.365047
0.314587
0.135926
0.257171
0.145367
0.10294
0.608461
0.662
0.236626
0.350626
0.47399
0.0841836
0.13166
0.470064
0.524328
0.336944
0.252898
0.271393
0.113025
0.305519
0.256671
0.619494
0.148003
0.0915497
0.254361
0.121912
0.248936
0.0233785
0.243304
0.15131
0.597721
0.0748292
0.347726
0.211093
0.444127
0.203503
0.662
0.265735
0.0498265
0.15149
0.135052
0.233644
0.209138
0.0930704
0.250026
0.092244
0.644872
0.474021
0.0829328
0.232346
0.183178
0.323702
0.546966
0.662
0.123856
0.05678
0.479991
0.618056
0.187475
0.114375
0.0101906
0.662
0.0649709
0.358715
0.662
0.427006
0.662
0.218614
0.545343
0.253612
0.508834
0.245487
0.136711
0.0626016
0.500637
0.0977964
0.541359
0.539888
0.514554
0.662
0.662
0.136936
0.323553
0.502002
0.305291
0.0392289
0.414698
0.0959364
0.0509532
0.502978
0.213365
0.662
0.662
0.0240634
0.395848
0.662
0.26632
0.0797875
0.407373
0.167466
0.0725266
0.193464
0.615713
0.0669223
0.343452
0.160585
0.180346
0.119585
0.366537
0.135457
0.268806
0.662
0.133178
0.195711
0.154522
0.388229
0.0475362
0.581381
0.00917791
0.12683
0.220803
0.11216
0.153702
0.662
0.31886
0.0758391
0.209664
0.368932
0.0282318
0.213062
0.102602
0.0205629
0.469829
0.308031
0.0466006
0.0529892
0.43429
0.439389
0.121201
0.662
0.662
0.541153
0.124416
0.0569659
0.662
0.237356
0.15946
0.159043
0.237396
0.248897
0.181706
0.178078
0.0272966
0.0739557
0.124544
0.596141
0.395263
0.0928236
0.190573
0.479029
0.272474
0.0917904
0.198901
0.420282
0.104359
0.464289
0.335437
0.220118
0.172612
0.0579975
0.236298
0.473899
0.172896
0.181426
0.167594
0.439968
0.662
0.381882
0.197403
0.154845
0.569873
0.464592
0.482017
0.116381
0.155253
0.662
0.483335
0.662
0.122575
0.128904
0.158185
0.262907
0.600459
0.359238
0.478959
0.171679
0.0826389
0.501849
0.258447
0.293675
0.2294
0.308553
0.100571
0.662
0.203187
0.148105
0.0397825
0.239171
0.157154
0.11246
0.064741
0.182456
0.0674969
0.318159
0.216483
0.124804
0.330913
0.143089
0.141353
0.441577
0.193121
0.0671144
0.37339
0.134302
0.0525391
0.160375
0.126771
0.140214
0.104126
0.662
0.357943
0.662
0.433665
0.662
0.118802
0.653249
0.357141
0.442016
0.0693632
0.276045
0.0816078
0.110328
0.0561506
0.0769822
0.52226
0.289932
0.0979247
0.662
0.0705389
0.125211
0.129037
0.131986
0.0181016
0.222307
0.215974
0.662
0.0905265
0.00732357
0.133466
0.209224
0.187197
0.144411
0.101641
0.106122
0.119454
0.662
0.392542
0.662
0.662
0.0951754
0.401115
0.0935295
0.106882
0.197501
0.108901
0.380541
0.337679
0.015923
0.540175
0.110463
0.112901
0.145184
0.285836
0.0927129
0.149858
0.402664
0.289033
0.662
0.0930848
0.474261
0.166335
0.370084
0.154811
0.662
0.0707799
0.407199
0.662
0.0529192
0.245705
0.591454
0.185368
0.11558
0.246669
0.0466897
0.302921
0.391806
0.639033
0.0766002
0.0619315
0.187605
0.250344
0.183842
0.15628
0.226767
0.425703
0.0816373
0.0526613
0.48356
0.662
0.212624
0.163508
0.113373
0.117986
0.0586248
0.0833598
0.0976702
0.0583085
0.0543353
0.0445181
0.355785
0.0977692
0.0603275
0.064227
0.417308
0.311356
0.380755
0.346839
0.498929
0.0377059
0.0127635
0.0454639
0.222092
0.206112
0.257563
0.387348
0.662
0.662
0.634553
0.41535
0.0379209
0.394501
0.149586
0.159986
0.0959569
0.421575
0.428841
0.155228
0.0808764
0.573968
0.252096
0.462671
0.411292
0.192309
0.0451196
0.129768
0.292819
0.451241
0.172668
0.0623489
0.532069
0.662
0.19926
0.343153
0.660754
0.0659495
0.0404549
0.422924
0.175423
0.353839
0.203488
0.198044
0.423504
0.152288
0.317702
0.376912
0.0246608
0.0912098
0.0270686
0.280762
0.157016
0.139614
0.509799
0.332365
0.354967
0.204258
0.472511
0.318773
0.21555
0.255274
0.583303
0.05406
0.385333
0.167042
0.195899
0.595677
0.367768
0.223455
0.513038
0.296034
0.662
0.642057
0.148023
0.468993
0.0860911
0.0671944
0.562372
0.23214
0.363658
0.364535
0.606361
0.216081
0.283827
0.180258
0.229809
0.232712
0.327698
0.219257
0.117323
0.108963
0.166364
0.662
0.0841804
0.662
0.450031
0.662
0.105858
0.0108028
0.180723
0.066818
0.662
0.169639
0.193742
0.270355
0.186598
0.245869
0.16438
0.324498
0.594105
0.413982
0.0824849
0.162234
0.136734
0.662
0.172341
0.0853516
0.304579
0.479551
0.0864859
0.350197
0.274539
0.302672
0.0756201
0.211257
0.143794
0.28047
0.0466417
0.652249
0.277451
0.212656
0.175866
0.135512
0.529525
0.177622
0.113235
0.220949
0.368275
0.417145
0.0888159
0.107239
0.369846
0.164453
0.399224
0.533291
0.132504
0.111245
0.218276
0.061392
0.298644
0.442119
0.331821
0.222524
0.0798233
0.151234
0.161338
0.112263
0.662
0.182931
0.592307
0.662
0.662
0.297281
0.240979
0.0469973
0.20053
0.662
0.164038
0.32808
0.054126
0.137519
0.122443
0.289454
0.166609
0.390925
0.1067
0.0138508
0.105531
0.462369
0.662
0.124778
0.662
0.169596
0.0608992
0.147112
0.335897
0.57562
0.344895
0.146554
0.662
0.168467
0.074682
0.053092
0.207498
0.189742
0.292835
0.067037
0.285628
0.12203
0.471521
0.374725
0.186383
0.662
0.38087
0.174969
0.147112
0.662
0.662
0.188345
0.108075
0.529164
0.217032
0.42077
0.283211
0.0463342
0.500798
0.376016
0.0535367
0.37327
0.16341
0.168341
0.337912
0.0761132
0.396628
0.662
0.447592
0.115354
0.105019
0.275823
0.662
0.120235
0.136623
0.573966
0.0744509
0.275565
0.662
0.159907
0.127294
0.0830958
0.388761
0.240442
0.139557
0.557322
0.0661838
0.662
0.298125
0.611194
0.42641
0.0432108
0.0480519
0.493584
0.437759
0.629412
0.0502834
0.406813
0.319461
0.0425957
0.103287
0.11242
0.445388
0.106043
0.0571821
0.0994312
0.537775
0.202984
0.034907
0.0349644
0.453972
0.0590032
0.600762
0.254968
0.538694
0.0583186
0.0605803
0.0664652
0.539778
0.212927
0.456738
0.185737
0.219683
0.662
0.175793
0.233098
0.108352
0.346859
0.662
0.0792966
0.133574
0.246858
0.176259
0.452364
0.456187
0.189622
0.275511
0.329228
0.196284
0.305613
0.662
0.0788485
0.146139
0.0379706
0.0733066
0.217166
0.216376
0.168932
0.246257
0.662
0.120623
0.662
0.364763
0.662
0.0656398
0.662
0.483309
0.0707809
0.0723976
0.0213752
0.482832
0.25508
0.135104
0.0637502
0.603024
0.601735
0.420201
0.113778
0.498122
0.662
0.0256084
0.181007
0.133603
0.0377749
0.127705
0.0335477
0.318139
0.397767
0.620523
0.456932
0.187512
0.0655207
0.662
0.479078
0.00414388
0.502975
0.182865
0.119603
0.0386672
0.0259476
0.384346
0.57682
0.662
0.183237
0.356059
0.163228
0.268292
0.0813754
0.340806
0.171959
0.574661
0.0670364
0.374656
0.662
0.662
0.0530074
0.221843
0.160557
0.0231085
0.350808
0.182864
0.191731
0.662
0.048603
0.277343
0.244643
0.277832
0.20469
0.126079
0.393233
0.0836569
0.124957
0.322891
0.662
0.203912
0.648694
0.0756363
0.522637
0.174641
0.255746
0.559235
0.16889
0.400839
0.179445
0.662
0.0775753
0.27043
0.418895
0.267052
0.517966
0.230704
0.138813
0.112903
0.289217
0.0771021
0.110719
0.0805306
0.491782
0.160167
0.120604
0.206392
0.661727
0.458571
0.0458086
0.289134
0.19242
0.662
0.556487
0.0834814
0.150926
0.184373
0.149275
0.151506
0.426483
0.22422
0.107739
0.042338
0.283993
0.106189
0.250736
0.388537
0.472789
0.140593
0.398713
0.204473
0.117866
0.0975458
0.257386
0.0862841
0.633923
0.456688
0.109283
0.131096
0.324611
0.38468
0.146128
0.543389
0.170639
0.0963951
0.160489
0.411859
0.0825713
0.0877595
0.265033
0.64754
0.355153
0.101784
0.0957201
0.0976203
0.131109
0.317453
0.0485354
0.4979
0.328038
0.081357
0.0879466
0.541197
0.404814
