0.207179
0.135926
0.214777
0.385333
0.348458
0.191765
0.389743
0.0746877
0.662
0.18197
0.408287
0.098847
0.0801384
0.662
0.35179
0.10144
0.228782
0.144027
0.346589
0.0233785
0.662
0.0813754
0.361755
0.121966
0.452305
0.575186
0.125459
0.210327
0.403624
0.131377
0.067104
0.324498
0.519639
0.0853516
0.24243
0.488099
0.185137
0.193121
0.600762
0.0379209
0.163228
0.115534
0.0816373
0.0543353
0.0502834
0.300322
0.270419
0.629039
0.592449
0.165784
0.595948
0.0693632
0.431185
0.216839
0.132618
0.166335
0.650966
0.662
0.662
0.467229
0.5463
0.0575913
0.175619
0.219683
0.0505558
0.662
0.524604
0.0656398
0.05678
0.0698617
0.321767
0.44068
0.166609
0.412686
0.143013
0.0549442
0.0862841
0.123391
0.0648546
0.074682
0.508834
0.113556
0.10858
0.113168
0.116711
0.0339478
0.110494
0.334978
0.662
0.592801
0.442992
0.148003
0.0936623
0.153066
0.0959901
0.338946
0.0557928
0.456187
0.105628
0.662
0.345376
0.218276
0.216376
0.124517
0.49424
0.633749
0.572658
0.155253
0.0952381
0.209239
0.354967
0.662
0.175763
0.0575188
0.0797875
0.585079
0.523474
0.662
0.124406
0.408277
0.662
0.430004
0.0201976
0.388394
0.0579975
0.0756363
0.304659
0.127705
0.662
0.0984966
0.31886
0.51192
0.239171
0.634553
0.192841
0.218391
0.167466
0.662
0.311878
0.164664
0.217032
0.221168
0.292628
0.488921
0.357943
0.220949
0.0386789
0.0480519
0.246858
0.193115
0.0649709
0.0233184
0.131459
0.543389
0.369428
0.662
0.131986
0.034907
0.281459
0.662
0.11558
0.18184
0.217947
0.110328
0.316157
0.185561
0.218152
0.0936241
0.185124
0.0875939
0.145367
0.376125
0.0725186
0.238533
0.308518
0.0526497
0.587912
0.167595
0.130998
0.662
0.150817
0.557209
0.445678
0.331331
0.0876454
0.385486
0.149642
0.106111
0.263635
0.129037
0.18653
0.479248
0.0516562
0.189717
0.11315
0.528437
0.0853589
0.540175
0.147288
0.174766
0.220118
0.1059
0.300034
0.021491
0.0558534
0.061392
0.117986
0.0470276
0.0773684
0.217166
0.1067
0.662
0.230457
0.662
0.299118
0.391806
0.107127
0.370376
0.464592
0.306293
0.662
0.0672974
0.26632
0.226767
0.267011
0.0181016
0.065001
0.471496
0.579306
0.0775753
0.300335
0.598596
0.352618
0.338095
0.0415585
0.413982
0.662
0.317702
0.228068
0.331821
0.137001
0.658532
0.662
0.150918
0.648694
0.452334
0.319557
0.133507
0.17827
0.0932647
0.3472
