0.18539
0.662
0.232852
0.186419
0.217654
0.14576
0.11409
0.662
0.546807
0.662
0.131358
0.176189
0.662
0.210652
0.662
0.456143
0.140351
0.662
0.382061
0.441979
0.057825
0.662
0.662
0.243344
0.0512825
0.00174805
0.662
0.496874
0.214964
0.662
0.658455
0.0438657
0.662
0.091182
0.127411
0.304091
0.231729
0.653843
0.157954
0.662
0.133575
0.662
0.127823
0.401854
0.662
0.116442
0.368446
0.0493121
0.662
0.472535
0.159147
0.662
0.54628
0.662
0.0157781
0.662
0.444889
0.297879
0.210397
0.0963483
0.489172
0.200256
0.107406
0.211487
0.145789
0.0668108
0.319469
0.468144
0.0813381
0.14396
0.158068
0.233365
0.392734
0.326599
0.229635
0.502542
0.242268
0.121575
0.341542
0.0683613
0.662
0.208849
0.121365
0.152789
0.662
0.662
0.126906
0.0190941
0.218996
0.190957
0.167369
0.087733
0.213209
0.129481
0.4303
0.539838
0.126796
0.0727704
0.35922
0.136458
0.209829
0.126604
0.267178
0.0925665
0.0123202
0.153742
0.00294371
0.280532
0.662
0.099917
0.262481
0.662
0.640133
0.260491
0.411276
0.328293
0.57942
0.0574761
0.0105301
0.126433
0.21759
0.201684
0.157426
0.192114
0.0495591
0.105645
0.0790803
0.0853882
0.662
0.0623107
0.487933
0.120367
0.238056
0.161968
0.354031
0.383913
0.364699
0.429812
0.662
0.199223
0.154175
0.299522
0.266578
0.184593
0.604343
0.576673
0.186755
0.399896
0.235142
0.330728
0.662
0.185742
0.17436
0.268802
0.316371
0.425024
0.662
0.12753
0.662
0.168415
0.346508
0.177232
0.528945
0.427387
0.328358
0.0780993
0.213405
0.26336
0.15173
0.00879606
0.0850395
0.343693
0.608717
0.21442
0.327526
0.636041
0.254967
0.307661
0.0121604
0.316117
0.1033
0.662
0.568325
0.271599
0.0678169
0.662
0.662
0.176288
0.111492
0.457292
0.208607
0.187446
0.125828
0.39683
0.32835
0.345595
0.37065
0.47061
0.419427
0.453494
0.0575824
0.0442338
0.153539
0.60719
0.650298
0.540623
0.194274
0.2747
0.662
0.461458
0.361337
0.0684011
0.19717
0.384262
0.168558
0.175439
0.212877
0.34789
0.266523
0.376243
0.61299
0.0732478
0.662
0.272381
0.662
0.431051
0.205457
0.590055
0.222997
0.354643
0.100309
0.662
0.0940105
0.121495
0.151055
0.114157
0.37554
0.125294
0.127625
0.362858
0.094565
0.146859
0.268283
0.289398
0.477059
0.460971
0.251213
0.112319
0.662
0.255018
0.662
0.379423
0.573197
0.118924
0.348288
0.382972
0.400491
0.120299
0.398509
0.27246
0.662
0.24664
0.533666
0.12339
0.421927
0.178881
0.662
0.267145
0.662
0.0356937
0.662
0.148693
0.13571
0.235389
0.653665
0.662
0.62003
0.101445
0.088149
0.209588
0.244603
0.0813629
0.0699555
0.220792
0.652425
0.234173
0.0754327
0.112773
0.470722
0.0591464
0.343472
0.662
0.227959
0.383844
0.616025
0.470816
0.384072
0.258553
0.333977
0.662
0.205481
0.662
0.255133
0.662
0.232753
0.249398
0.0978503
0.0821532
0.314207
0.0594917
0.0852847
0.0499976
0.129052
0.461808
0.038617
0.373732
0.265014
0.0491557
0.467487
0.108002
0.260482
0.18009
0.662
0.531497
0.491154
0.0942048
0.0624576
0.202253
0.185926
0.403589
0.336955
0.0757393
0.320716
0.218793
0.335025
0.062759
0.0943137
0.0422
0.116723
0.623975
0.0746854
0.492253
0.0214791
0.145555
0.135212
0.662
0.19564
0.662
0.365718
0.151438
0.402936
0.202922
0.623126
0.401271
0.662
0.152018
0.131054
0.548593
0.401735
0.122574
0.176927
0.618971
0.210301
0.462797
0.106589
0.662
0.15585
0.4064
0.283922
0.256472
0.15657
0.445872
0.0693902
0.0898493
0.275596
0.0698552
0.662
0.0158957
0.386872
0.149539
0.0484292
0.00440364
0.00283667
0.246426
0.493309
0.662
0.152219
0.462373
0.662
0.447159
0.0697163
0.308006
0.324137
0.00890094
0.662
0.337741
0.374357
0.0633258
0.32464
0.428246
0.331725
0.264098
0.612511
0.0862683
0.405744
0.0954293
0.662
0.139882
0.662
0.662
0.0397344
0.207337
0.339676
0.109938
0.143031
0.164485
0.113623
0.264379
0.18621
0.662
0.662
0.199172
0.158541
0.111064
0.095197
0.156165
0.459883
0.0526527
0.425459
0.299448
0.662
0.342924
0.662
0.248585
0.126286
0.0707766
0.662
0.234148
0.304358
0.662
0.662
0.617222
0.0169492
0.662
0.186047
0.042225
0.157216
0.139151
0.17793
0.110642
0.662
0.662
0.662
0.662
0.0805184
0.186565
0.662
0.151931
0.662
0.58283
0.195403
0.121928
0.540381
0.0671399
0.662
0.199726
0.125731
0.355569
0.0901233
0.221768
0.41002
0.32722
0.191271
0.100852
0.0341963
0.173969
0.662
0.349978
0.662
0.0955854
0.0129201
0.155465
0.235138
0.0686007
0.662
0.236977
0.320636
0.330468
0.144918
0.0672556
0.246862
0.662
0.662
0.431278
0.662
0.208316
0.182469
0.0755677
0.366665
0.127461
0.145625
0.266304
0.662
0.390519
0.200383
0.507048
0.44449
0.248508
0.0597953
0.260238
0.662
0.39334
0.101869
0.603693
0.158025
0.480964
0.152928
0.148304
0.138042
0.662
0.419454
0.222218
0.662
0.561667
0.662
0.241576
0.0391668
0.171247
0.163182
0.662
0.629439
0.158156
0.198111
0.125767
0.140162
0.154298
0.196614
0.27503
0.00264882
0.0658846
0.159781
0.210173
0.241748
0.212004
0.167906
0.662
0.0729936
0.539675
0.662
0.0279434
0.127915
0.0688635
0.161131
0.180234
0.167767
0.473418
0.662
0.264076
0.0946028
0.662
0.460749
0.662
0.130499
0.066881
0.189728
0.258804
0.0857403
0.662
0.325437
0.309882
0.193487
0.661457
0.662
0.116672
0.537603
0.130157
0.447873
0.145256
0.553706
0.0953122
0.246344
0.101695
0.452913
0.662
0.0731612
0.662
0.516494
0.375655
0.662
0.194373
0.486977
0.119387
0.0836881
0.200754
0.662
0.189688
0.255026
0.522314
0.178132
0.561742
0.662
0.202937
0.662
0.134193
0.232195
0.162628
0.160706
0.390309
0.336999
0.155281
0.222266
0.662
0.567696
0.662
0.0660469
0.662
0.328476
0.403906
0.0970201
0.602041
0.0523696
0.313077
0.660691
0.662
0.33653
0.564576
0.15072
0.178129
0.0458754
0.662
0.592793
0.466912
0.495044
0.464853
0.132373
0.662
0.0341111
0.662
0.497086
0.197888
0.402639
0.0532313
0.312778
0.662
0.0867473
0.100697
0.358502
0.662
0.199293
0.662
0.409291
0.662
0.662
0.662
0.522191
0.662
0.237806
0.20078
0.000993824
0.0647827
0.348205
0.0457164
0.353348
0.662
0.138197
0.0527414
0.662
0.662
0.125943
0.426565
0.0736217
0.283143
0.265492
0.45748
0.653917
0.173818
0.203605
0.0860767
0.266369
0.389123
0.0828327
0.140212
0.155746
0.580011
0.107558
0.197964
0.318469
0.662
0.42429
0.0428556
0.591581
0.0711051
0.114384
0.320438
0.128332
0.662
0.419627
0.162822
0.662
0.662
0.089128
0.128696
0.251669
0.117051
0.662
0.526122
0.121414
0.10717
0.435596
0.662
0.662
0.351343
0.272485
0.271943
0.662
0.111072
0.248388
0.662
0.110381
0.199493
0.635764
0.662
0.127856
0.662
0.046719
0.254192
0.662
0.662
0.259246
0.12679
0.0735987
0.412405
0.11063
0.128932
0.0315032
0.412635
0.662
0.142156
0.0793488
0.144323
0.262057
0.101038
0.273519
0.0806693
0.032645
0.662
0.180434
0.575112
0.085307
0.261802
0.0931654
0.271172
0.662
0.210992
0.103367
0.158454
0.0979831
0.101122
0.346288
0.431097
0.0728695
0.452495
0.300393
0.0704992
0.662
0.20578
0.662
0.662
0.251357
0.11773
0.029677
0.0610559
0.0485121
0.454233
0.358931
0.306211
0.662
0.428904
0.260344
0.026738
0.292508
0.210848
0.0385466
0.141246
0.503966
0.422183
0.335444
0.0775673
0.576056
0.662
0.0410719
0.662
0.184422
0.493823
0.148967
0.334472
0.312586
0.178718
0.26934
0.662
0.662
0.662
0.13899
0.465571
0.236934
0.615507
0.496743
0.467428
0.247988
0.186456
0.662
0.57888
0.0781337
0.389402
0.662
0.662
0.238619
0.662
0.662
0.0655016
0.546991
0.0596383
0.662
0.251083
0.168961
0.0433471
0.267045
0.264913
0.28313
0.12573
0.422508
0.224804
0.188278
0.0964381
0.263772
0.1203
0.321737
0.271616
0.0886908
0.562526
0.490127
0.662
0.30317
0.662
0.167523
0.662
0.397189
0.0945411
0.218525
0.356803
0.325858
0.253013
0.233735
0.325641
0.662
0.560174
0.662
0.115256
0.447136
0.662
0.210695
0.306174
0.498105
0.340659
0.147025
0.0866179
0.0517049
0.316954
0.228587
0.0322795
0.0455123
0.101489
0.466567
0.202601
0.231021
0.169738
0.351009
0.189547
0.0247781
0.0437916
0.505248
0.0489764
0.412336
0.12133
0.471356
0.662
0.087508
0.0648936
0.126585
0.662
0.207888
0.138431
0.137405
0.0701132
0.445184
0.662
0.662
0.15845
0.244563
0.0221598
0.362571
0.662
0.0751005
0.600301
0.0946985
0.544851
0.662
0.23202
0.662
0.109749
0.117137
0.406186
0.096824
0.662
0.346036
0.260944
0.230163
0.438937
0.535309
0.190741
0.0741531
0.108376
0.662
0.625625
0.0483686
0.354885
0.285483
0.496851
0.105246
0.207735
0.294177
0.0378817
0.195767
0.0480532
0.662
0.662
0.124259
0.0305871
0.185332
0.156285
0.17319
0.156271
0.134243
0.312386
0.259758
0.623858
0.284989
0.254566
0.662
0.179048
0.11572
0.200137
0.120561
0.12732
0.432934
0.119123
0.662
0.662
0.662
0.113082
0.450889
0.122646
0.0689186
0.0911444
0.244598
0.29039
0.120455
0.662
0.0942503
0.294714
0.11776
0.331049
0.662
0.662
0.0250864
0.0982716
0.662
0.11894
0.662
0.554282
0.27362
0.0779138
0.662
0.662
0.662
0.662
0.0921617
0.459349
0.264397
0.316827
0.124858
0.122474
0.129871
0.382657
0.106004
0.102782
0.0776432
0.436676
0.227381
0.0928729
0.294942
0.662
0.149823
0.406007
0.316788
0.438032
0.262111
0.662
0.487083
0.0984746
0.201096
0.385304
0.122866
0.458876
0.287149
0.495714
0.199693
0.662
0.463177
0.0884692
0.134343
0.662
0.56296
0.0666585
0.662
0.299328
0.26925
0.0541875
0.210953
0.352912
0.201132
0.49527
0.400995
0.662
0.662
0.662
0.293323
0.0928908
0.220724
0.313404
0.0437922
0.314443
0.496181
0.662
0.662
0.662
0.662
0.662
0.0857111
0.535697
0.662
0.258634
0.465586
0.157836
0.220953
0.0091602
0.0708987
0.0541982
0.154789
0.108657
0.122368
0.097935
0.277275
0.662
0.662
0.65065
0.138347
0.156034
0.107447
0.662
0.662
0.0836182
0.325643
0.242062
0.662
0.340964
0.662
0.662
0.24743
0.285145
0.371591
0.232158
0.662
0.0518916
0.501961
0.000898631
0.662
0.206107
0.0499096
0.662
0.0677862
0.203747
0.0521959
0.621158
0.199811
0.471827
0.0722749
0.115271
0.0370044
0.265705
0.491429
0.662
0.132843
0.160837
0.461328
0.311677
0.23775
0.180653
0.208744
0.21476
0.218856
0.662
0.24016
0.193224
0.215992
0.222224
0.286149
0.240301
0.662
0.162417
0.252824
0.662
0.0526366
0.662
0.662
0.302959
0.201332
0.275511
0.365467
0.356459
0.176032
0.245094
0.187905
0.280571
0.337607
0.316949
0.0996612
0.208548
0.207944
0.2811
0.257315
0.00120525
0.607521
0.141597
0.232769
0.110047
0.292599
0.158124
0.0490788
0.662
0.662
0.0824713
0.199882
0.258876
0.662
0.662
0.662
0.154684
0.0212393
0.174662
0.662
0.184715
0.210609
0.662
0.662
0.206174
0.199617
0.453056
0.334851
0.0758361
0.207234
0.201237
0.466447
0.662
0.0806171
0.0237683
0.426588
0.128375
0.4533
0.662
0.0436155
0.0728291
0.352565
0.21815
0.230189
0.662
0.472698
0.604071
0.244839
0.305884
0.129892
0.0658683
0.156273
0.0682575
0.34042
0.157461
0.662
0.236452
0.152599
0.11302
0.662
0.346946
0.194076
0.344433
0.0980357
0.608275
0.119639
0.322317
0.662
0.0848169
0.404005
0.360304
0.04055
0.387039
0.285757
0.118362
0.189511
0.582576
0.10028
0.201706
0.269246
0.207481
0.204806
0.349308
0.473443
0.494898
0.168172
0.183963
0.535439
0.0644517
0.662
0.229111
0.335788
0.0994375
0.221468
0.203967
0.662
0.662
0.165849
0.423764
0.318769
0.245151
0.662
0.662
0.59954
0.360429
0.408596
0.662
0.215857
0.0851914
0.662
0.0871637
0.0995366
0.131403
0.245575
0.309817
0.206645
0.117743
0.182526
0.194569
0.192392
0.614281
0.662
0.404772
0.207142
0.234605
0.0975574
0.451017
0.233748
0.18475
0.109724
0.440937
0.1571
0.120173
0.114872
0.0633246
0.012741
0.179321
0.0651276
0.202111
0.1468
0.662
0.192242
0.351734
0.114205
0.230228
0.198598
0.359242
0.213851
0.109713
0.253868
0.420278
0.149292
0.377105
0.662
0.148874
0.240779
0.662
0.0474258
0.466036
0.662
0.410096
0.362453
0.265277
0.217978
0.420156
0.662
0.310775
0.0317419
0.0553765
0.0562757
0.156804
0.0774671
0.14609
0.139939
0.0642771
0.14736
0.281111
0.28485
0.206676
0.662
0.103319
0.662
0.662
0.662
0.0693148
0.110555
0.351011
0.662
0.391608
0.0358203
0.662
0.252254
0.662
0.167424
0.0978187
0.318322
0.0455799
0.458484
0.271094
0.276864
0.662
0.0649497
0.454004
0.264285
0.117243
0.277892
0.140484
0.197273
0.2292
0.348034
0.662
0.239793
0.0912646
0.662
0.361683
0.454896
0.350539
0.145644
0.645468
0.0718127
0.0924357
0.234084
0.222268
0.516737
0.334963
0.573431
0.0742391
0.290952
0.632522
0.0344333
0.662
0.388559
0.121827
0.45045
0.662
0.0592893
0.662
0.259699
0.403959
0.0999738
0.0988
0.0840957
0.0703485
0.449766
0.0602075
0.291304
0.585191
0.394872
0.244146
0.225227
0.422318
0.662
0.662
0.26829
0.0914669
0.662
0.662
0.0873693
0.386442
0.662
0.100383
0.214607
0.477557
0.164965
0.221999
0.662
0.506378
0.223523
0.433067
0.109875
0.065302
0.662
0.202838
0.532676
0.386389
0.140882
0.662
0.24893
0.179366
0.390074
0.274686
0.662
0.322455
0.117357
0.0969407
0.112511
0.0705117
0.662
0.0716529
0.385854
0.618539
0.436314
0.331974
0.380674
0.268484
0.292776
0.335816
0.141785
0.0687955
0.132344
0.215872
0.662
0.443664
0.0776899
0.662
0.461732
0.662
0.090578
0.662
0.148021
0.111291
0.199097
0.475891
0.0590024
0.0232288
0.101971
0.336809
0.662
0.224619
0.342085
0.229595
0.153218
0.0948512
0.662
0.165989
0.0382845
0.662
0.322082
0.372315
0.100336
0.236925
0.662
0.265565
0.10645
0.258412
0.132646
0.662
0.189432
0.662
0.662
0.662
0.662
0.205343
0.662
0.227445
0.160693
0.547794
0.210836
0.109208
0.552699
0.261686
0.662
0.662
0.183532
0.513536
0.643343
0.3786
0.149414
0.662
0.662
0.662
0.218224
0.662
0.168035
0.123997
0.0732713
0.407977
0.189323
0.662
0.0436703
0.0217782
0.0894472
0.662
0.206955
0.136034
0.662
0.238132
0.267295
0.377579
0.539991
0.208829
0.134234
0.131815
0.208878
0.662
0.473248
0.220796
0.00533926
0.141271
0.159419
0.094352
0.0306727
0.215127
0.0856587
0.175135
0.330353
0.538828
0.662
0.00937039
0.213326
0.0638871
0.291704
0.389967
0.175141
0.432878
0.65491
0.178447
0.662
0.335784
0.193531
0.263728
0.662
0.662
0.273986
0.288056
0.662
0.0882582
0.103131
0.479654
0.377264
0.227793
0.662
0.498697
0.662
0.155062
0.113172
0.443764
0.327693
0.130373
0.133095
0.164903
0.129585
0.308986
0.435259
0.300625
0.243605
0.0708775
0.121941
0.0426525
0.236238
0.245349
0.662
0.662
0.419805
0.60421
0.525076
0.29193
0.184247
0.177686
0.662
0.41739
0.242663
0.148602
0.0110161
0.0345497
0.662
0.352162
0.134624
0.0564821
0.662
0.135575
0.123963
0.545886
0.111004
0.282789
0.101452
0.122412
0.229613
0.65136
0.308194
0.611566
0.244037
0.120313
0.104937
0.292368
0.186147
0.162538
0.172732
0.387285
0.203404
0.26717
0.196381
0.160613
0.260648
0.482061
0.121779
0.662
0.0461153
0.0735781
0.662
0.424442
0.00830246
0.0655932
0.655781
0.205835
0.28263
0.546835
0.662
0.0533956
0.662
0.145648
0.112958
0.166703
0.482325
0.210174
0.662
0.589364
0.0451291
0.622404
0.662
0.662
0.438114
0.0783571
0.157415
0.662
0.0708736
0.00771541
0.0680262
0.0575539
0.232952
0.256577
0.00662726
0.153059
0.171702
0.236698
0.212002
0.216733
0.107357
0.662
0.187279
0.662
0.0987597
0.238459
0.121631
0.065889
0.227695
0.341429
0.096543
0.0782466
0.0728345
0.083046
0.399037
0.271852
0.137876
0.0768677
0.0950047
0.100286
0.430988
0.0926755
0.253926
0.60792
0.0470583
0.211225
0.458741
0.0720145
0.478899
0.554441
0.592115
0.0346612
0.662
0.0401023
0.419864
0.0299379
0.248102
0.662
0.110724
0.25981
0.135509
0.302082
0.206383
0.370032
0.662
0.400846
0.204977
0.18666
0.105242
0.111432
0.458564
0.391117
0.341996
0.199706
0.662
0.0987291
0.662
0.0736715
0.122772
0.193178
0.11793
0.354053
0.117544
0.483374
0.0353016
0.233617
0.311443
0.662
0.662
0.371193
0.662
0.224729
0.145987
0.359807
0.143806
0.596532
0.234652
0.258631
0.114062
0.61942
0.662
0.662
0.309052
0.662
0.237738
0.0849456
0.0714218
0.126839
0.229633
0.069897
0.662
0.103097
0.274428
0.662
0.0650745
0.0678724
0.127418
0.0269642
0.188948
0.441851
0.100483
0.662
0.662
0.139997
0.144551
0.662
0.111136
0.493547
0.389522
0.0828426
0.167215
0.662
0.20424
0.523026
0.208554
0.208731
0.0869578
0.246618
0.0570119
0.310934
0.0300536
0.270413
0.143054
0.229139
0.0498196
0.106926
0.149871
0.167706
0.249555
0.133919
0.186067
0.468929
0.257842
0.179013
0.137188
0.252781
0.188392
0.119256
0.238795
0.225439
0.190457
0.662
0.0893279
0.499771
0.150185
0.422417
0.200943
0.331239
0.0614196
0.123102
0.435374
0.59087
0.265575
0.248116
0.107876
0.133136
0.116391
0.142056
0.153686
0.387608
0.662
0.662
0.458122
0.431512
0.106263
0.428451
0.115912
0.15048
0.662
0.0883797
0.192541
0.142214
0.153835
0.149339
0.50231
0.13082
0.0927765
0.662
0.0893485
0.186668
0.295447
0.309012
0.662
0.191822
0.183139
0.487109
0.0774681
0.116699
0.662
0.198317
0.0229397
0.0622813
0.238079
0.639703
0.184536
0.568557
0.635889
0.0633828
0.281676
0.416153
0.156871
0.0179208
0.662
0.328878
0.380351
0.662
0.0671695
0.0934157
0.391581
0.49202
0.172585
0.0420021
0.273784
0.165715
0.384465
0.2435
0.124515
0.184915
0.467137
0.662
0.206748
0.662
0.242716
0.381927
0.473085
0.279887
0.165418
0.286831
0.212078
0.0306883
0.226458
0.21253
0.0774724
0.0707562
0.662
0.125363
0.0532322
0.210951
0.050529
0.487767
0.204503
0.333367
0.0751226
0.244553
0.662
0.328525
0.318158
0.548871
0.26867
0.247785
0.484557
0.662
0.260533
0.217145
0.297221
0.180436
0.562164
0.309987
0.0872537
0.0996965
0.311954
0.633225
0.396366
0.0864809
0.143043
0.204326
0.141879
0.228896
0.422502
0.39669
0.303258
0.225221
0.218811
0.0988597
0.387934
0.18362
0.0273387
0.662
0.654868
0.21352
0.157919
0.431083
0.223443
0.48186
0.0526572
0.104287
0.359885
0.662
0.0690334
0.40238
0.23656
0.180628
0.601303
0.425314
0.262055
0.260002
0.424478
0.060711
0.0407157
0.114656
0.355021
0.302737
0.662
0.662
0.379489
0.662
0.0181397
0.662
0.662
0.0576099
0.340186
0.662
0.255392
0.370182
0.470685
0.431527
0.662
0.54499
0.137603
0.125069
0.186084
0.103497
0.176163
0.662
0.00929959
0.195474
0.46593
0.131165
0.386826
0.259882
0.268938
0.0835882
0.179952
0.119423
0.342139
0.259927
0.662
0.0326298
0.100867
0.0576691
0.179311
0.146949
0.0840592
0.121507
0.317771
0.097677
0.00575509
0.366558
0.0701747
0.232302
0.103004
0.351914
0.662
0.227347
0.662
0.136976
0.445528
0.297854
0.154683
0.0470088
0.0758411
0.130351
0.0979952
0.177789
0.662
0.323002
0.552409
0.419152
0.0680387
0.223767
0.662
0.36368
0.361699
0.662
0.662
0.635034
0.119024
0.662
0.275635
0.125047
0.228983
0.0746442
0.203408
0.301773
0.0621188
0.210055
0.229841
0.455463
0.662
0.429921
0.475846
0.280651
0.056037
0.413363
0.248013
0.38269
0.393615
0.114199
0.281006
0.471849
0.361314
0.213743
0.22203
0.662
0.204876
0.0053599
0.316217
0.0591591
0.0178178
0.662
0.0139908
0.223547
0.304019
0.205499
0.159611
0.662
0.441741
0.184103
0.615157
0.0186014
0.0518314
0.240443
0.447393
0.662
0.20042
0.192707
0.0750445
0.109002
0.662
0.662
0.119769
0.19765
0.41551
0.187595
0.662
0.113106
0.0570889
0.17057
0.13946
0.662
0.156734
0.290537
0.107689
0.662
0.59797
0.0286914
0.662
0.0827346
0.29681
0.613094
0.617858
0.51139
0.136605
0.276691
0.662
0.0327097
0.0919777
0.0209008
0.279811
0.176223
0.0929179
0.116417
0.662
0.612451
0.210923
0.172126
0.0103662
0.196122
0.219211
0.301327
0.125299
0.476593
0.662
0.662
0.366164
0.469081
0.447053
0.0757877
0.402765
0.662
0.662
0.149398
0.10394
0.0612653
0.662
0.0676224
0.0774958
0.662
0.662
0.046743
0.123172
0.0841571
0.299852
0.662
0.0447999
0.662
0.0644664
0.176111
0.307372
0.0393991
0.188838
0.22432
0.343591
0.139791
0.182983
0.662
0.662
0.662
0.617744
0.226023
0.517327
0.196342
0.573011
0.662
0.274571
0.662
0.0565216
0.071058
0.0810664
0.369691
0.662
0.109989
0.308579
0.154377
0.225534
0.662
0.108075
0.448721
0.428984
0.662
0.194745
0.104765
0.310884
0.181239
0.154165
0.207852
0.244424
0.316023
0.0601393
0.115625
0.0179131
0.212764
0.134131
0.0848049
0.27053
0.662
0.255552
0.121282
0.0771937
0.11052
0.0616275
0.237262
0.0853982
0.145374
0.662
0.422275
0.662
0.662
0.662
0.0288789
0.120477
0.0938727
0.247069
0.268004
0.585651
0.119914
0.0378109
0.662
0.0923964
0.23293
0.641058
0.00281209
0.414443
0.662
0.662
0.0821354
0.0582792
0.340594
0.280843
0.41614
0.251229
0.066202
0.0735609
0.662
0.146524
0.303063
0.0548017
0.662
0.662
0.239636
0.294918
0.382615
0.557097
0.183621
0.234918
0.215922
0.662
0.524984
0.662
0.662
0.662
0.212207
0.189431
0.124637
0.0656256
0.353067
0.38719
0.239146
0.332931
0.277871
0.559369
0.116046
0.33041
0.140904
0.458097
0.662
0.353628
0.662
0.119744
0.00608159
0.662
0.166165
0.0554489
0.305195
0.103177
0.0910229
0.134971
0.330129
0.368321
0.315754
0.123282
0.169746
0.0236496
0.0723437
0.27848
0.207193
0.38188
0.662
0.198731
0.228203
0.0913958
0.0789977
0.643452
0.240088
0.0156979
0.243604
0.662
0.072996
0.109536
0.126288
0.0740655
0.209061
0.147222
0.662
0.464682
0.662
0.15896
0.116686
0.131563
0.248034
0.0801557
0.391442
0.662
0.229887
0.662
0.0377332
0.0753408
0.083069
0.186241
0.577226
0.462407
0.288889
0.662
0.591155
0.0619982
0.213213
0.156939
0.0472081
0.496849
0.191677
0.186622
0.379063
0.140516
0.520032
0.116399
0.662
0.448466
0.208845
0.492392
0.187636
0.662
0.252971
0.662
0.490331
0.565471
0.125084
0.125067
0.133979
0.280653
0.0761217
0.233923
0.196251
0.143717
0.196834
0.662
0.0788306
0.161424
0.399792
0.147332
0.662
0.662
0.374012
0.194564
0.165804
0.662
0.662
0.269185
0.268685
0.662
0.662
0.0759577
0.203712
0.259013
0.103541
0.596075
0.554391
0.226048
0.34427
0.662
0.195004
0.254707
0.662
0.152846
0.313348
0.245052
0.2633
0.213422
0.264873
0.122923
0.259763
0.195038
0.0837805
0.25594
0.217869
0.662
0.662
0.371125
0.561137
0.142316
0.00249709
0.0894195
0.411191
0.0848513
0.662
0.106522
0.333808
0.242373
0.188209
0.322352
0.231559
0.222643
0.0497072
0.165869
0.152576
0.094873
0.530111
0.111394
0.191559
0.156649
0.0770133
0.475487
0.0703927
0.0860916
0.205926
0.189684
0.581343
0.467737
0.662
0.0950826
0.233179
0.0807616
0.279364
0.114865
0.262686
0.100424
0.18821
0.134286
0.08965
0.138097
0.27794
0.662
0.662
0.662
0.483595
0.662
0.662
0.471872
0.113298
0.460476
0.484036
0.613222
0.206367
0.497266
0.513887
0.0497061
0.261443
0.367517
0.484659
0.13063
0.122604
0.0589954
0.244318
0.0599735
0.145488
0.595761
0.427751
0.232556
0.562264
0.254603
0.572203
0.363484
0.210022
0.0635018
0.0551107
0.198986
0.435102
0.0337547
0.396604
0.251198
0.662
0.0323437
0.16277
0.662
0.662
0.20664
0.0934982
0.460197
0.170094
0.139597
0.0922799
0.174247
0.662
0.119011
0.662
0.0786247
0.271883
0.418894
0.397506
0.127095
0.0796593
0.0373111
0.415876
0.416666
0.442853
0.161049
0.156576
0.148549
0.261654
0.135157
0.207934
0.33783
0.662
0.467461
0.136255
0.295835
0.302507
0.631827
0.662
0.131686
0.662
0.662
0.527357
0.216876
0.253564
0.662
0.200058
0.642605
0.361779
0.132114
0.149632
0.375646
0.0937468
0.195328
0.0442867
0.28752
0.205648
0.662
0.414767
0.157416
0.0526152
0.0487829
0.227803
0.558216
0.224679
0.598335
0.662
0.281605
0.155927
0.370527
0.195277
0.0400978
0.13493
0.110079
0.0698182
0.184088
0.535569
0.236399
0.182315
0.436114
0.187823
0.109348
0.112081
0.0706315
0.0982431
0.248813
0.141479
0.0928041
0.662
0.053601
0.129466
0.102259
0.662
0.662
0.0657315
0.273546
0.662
0.229008
0.237859
0.481317
0.0914445
0.662
0.1351
0.217907
0.0762657
0.0986405
0.114235
0.110675
0.228659
0.662
0.132149
0.662
0.215386
0.178028
0.21043
0.662
0.0684541
0.15369
0.0554353
0.662
0.0951728
0.388671
0.471138
0.414109
0.467645
0.049984
0.0869159
0.1721
0.167575
0.0643508
0.208037
0.614109
0.190618
0.134757
0.505126
0.602431
0.160167
0.662
0.501718
0.662
0.662
0.014972
0.221982
0.662
0.0997953
0.662
0.275645
0.0755327
0.199177
0.662
0.662
0.442298
0.208135
0.64651
0.662
0.00761537
0.070606
0.662
0.152633
0.262016
0.392441
0.259787
0.0873507
0.125467
0.116778
0.101067
0.662
0.230605
0.579867
0.0514514
0.0104525
0.396012
0.608366
0.245979
0.35771
0.662
0.0954389
0.586437
0.255448
0.662
0.292661
0.662
0.265889
0.336477
0.486383
0.412043
0.633391
0.45397
0.662
0.0638551
0.0875569
0.117288
0.137805
0.121566
0.662
0.365689
0.102802
0.662
0.0339049
0.662
0.403241
0.11491
0.0435881
0.662
0.277347
0.662
0.198294
0.41209
0.222567
0.455847
0.428646
0.280486
0.207772
0.662
0.419124
0.285169
0.227703
0.0875838
0.398034
0.12598
0.646314
0.455942
0.662
0.0887055
0.201834
0.195458
0.563618
0.662
0.312162
0.141155
0.307011
0.662
0.662
0.662
0.662
0.662
0.128045
0.662
0.226781
0.662
0.0873335
0.306628
0.662
0.0499974
0.662
0.201819
0.465827
0.199012
0.384336
0.388319
0.662
0.662
0.579372
0.11582
0.15199
0.0130271
0.131913
0.139395
0.0423135
0.181929
0.00341322
0.088773
0.0778859
0.384614
0.196197
0.662
0.351341
0.662
0.662
0.413906
0.10671
0.269266
0.662
0.338821
0.00895534
0.0696852
0.31564
0.317936
0.452913
0.289327
0.662
0.207955
0.440018
0.662
0.13301
0.662
0.305374
0.312332
0.406555
0.348706
0.662
0.536267
0.103905
0.662
0.0164631
0.662
0.108579
0.279212
0.333072
0.00981732
0.205224
0.344774
0.0618099
0.324371
0.662
0.255221
0.186121
0.0624332
0.181161
0.0808901
0.0610465
0.302042
0.432711
0.0971952
0.356588
0.401469
0.302737
0.11827
0.458671
0.211927
0.117706
0.0760815
0.217873
0.192188
0.309681
0.387579
0.410199
0.30462
0.220631
0.130558
0.0472518
0.662
0.176439
0.662
0.4419
0.126689
0.190331
0.253566
0.0405979
0.156098
0.399455
0.0971587
0.221443
0.355716
0.0183157
0.222126
0.0831979
0.170352
0.0194089
0.144545
0.162898
0.662
0.662
0.173753
0.662
0.106842
0.295018
0.187753
0.251272
0.133068
0.146075
0.117096
0.662
0.0171993
0.434639
0.299112
0.116246
0.0206426
0.267723
0.179308
0.158414
0.116858
0.662
0.662
0.565871
0.275447
0.0491089
0.196641
0.431443
0.171994
0.662
0.644929
0.289128
0.580897
0.662
0.116618
0.163012
0.0966044
0.415926
0.00293757
0.0741385
0.110412
0.0848901
0.662
0.662
0.134931
0.591065
0.662
0.211972
0.297752
0.31688
0.0841353
0.45741
0.662
0.150848
0.0915028
0.19352
0.662
0.0982852
0.661187
0.136888
0.300532
0.00249701
0.224008
0.662
0.662
0.31844
0.662
0.633678
0.136082
0.0930902
0.102651
0.357085
0.662
0.223605
0.0787027
0.662
0.31592
0.368761
0.0111755
0.202974
0.311567
0.139653
0.477088
0.584569
0.0891368
0.0784125
0.04382
0.31435
0.121001
0.662
0.0679209
0.263453
0.338225
0.0917042
0.441408
0.120391
0.393387
0.478316
0.108151
0.127488
0.523105
0.474005
0.464765
0.662
0.654174
0.0246504
0.0813143
0.662
0.59054
0.570223
0.353689
0.662
0.171527
0.662
0.502935
0.262598
0.296362
0.0603747
0.237154
0.662
0.662
0.432931
0.11326
0.662
0.387558
0.252179
0.157934
0.304293
0.0818205
0.285946
0.168086
0.662
0.24078
0.237879
0.357876
0.156918
0.463752
0.662
0.662
0.289285
0.0559639
0.0475557
0.662
0.662
0.25897
0.0723113
0.489754
0.284058
0.662
0.662
0.415492
0.652008
0.36606
0.288058
0.662
0.662
0.660705
0.200833
0.437839
0.445864
0.364718
0.134092
0.0741535
0.198218
0.131359
0.14819
0.662
0.454506
0.291503
0.0939029
0.455182
0.165518
0.432626
0.137589
0.535341
0.0973753
0.0354147
0.662
0.662
0.16908
0.083091
0.0815173
0.662
0.237069
0.214414
0.109204
0.246881
0.189339
0.291707
0.0713661
0.446831
0.662
0.0384361
0.0454949
0.209271
0.662
0.179258
0.368455
0.207396
0.352419
0.662
0.235156
0.581671
0.0981012
0.454239
0.280643
0.276127
0.116271
0.404617
0.0628656
0.625181
0.146883
0.361145
0.0694511
0.307097
0.125628
0.310507
0.662
0.269138
0.0321818
0.662
0.662
0.430002
0.367287
0.662
0.0628317
0.662
0.136536
0.0622895
0.304546
0.118196
0.0358116
0.662
0.363963
0.100862
0.138688
0.163347
0.101104
0.45158
0.278147
0.10698
0.287781
0.193903
0.0822741
0.231977
0.140458
0.148815
0.21973
0.662
0.285624
0.17175
0.148115
0.244319
0.308782
0.213221
0.150577
0.233788
0.0516399
0.113009
0.662
0.22417
0.333363
0.640537
0.0660325
0.159715
0.115319
0.268443
0.0319935
0.128509
0.662
0.662
0.25315
0.236418
0.657585
0.27768
0.234594
0.662
0.107613
0.0843092
0.464238
0.422987
0.075809
0.168705
0.313305
0.273785
0.147254
0.147956
0.168675
0.383151
0.31788
0.662
0.662
0.350619
0.309141
0.662
0.537503
0.00814523
0.173021
0.267486
0.161164
0.61684
0.662
0.154466
0.107802
0.40003
0.204585
0.661066
0.336895
0.359039
0.116706
0.389056
0.44384
0.178998
0.214121
0.601167
0.0540015
0.0800686
0.662
0.662
0.205925
0.146492
0.662
0.213565
0.394822
0.662
0.252945
0.131312
0.361776
0.424269
0.217378
0.662
0.142396
0.342051
0.243887
0.0255098
0.226332
0.01312
0.120932
0.259344
0.662
0.139116
0.269914
0.0961319
0.373963
0.662
0.492001
0.353676
0.240988
0.148883
0.0711736
0.182226
0.0605199
0.0463351
0.209677
0.235456
0.657749
0.0491727
0.0873836
0.0831909
0.662
0.259744
0.0758798
0.544065
0.662
0.237213
0.662
0.0874041
0.376437
0.119127
0.662
0.255931
0.0830932
0.662
0.378812
0.649839
0.440145
0.0315781
0.487117
0.662
0.0432187
0.265694
0.295937
0.0594877
0.102241
0.0939445
0.168296
0.250113
0.662
0.662
0.460555
0.140291
0.166634
0.571548
0.4035
0.114719
0.0642187
0.662
0.662
0.0831013
0.326248
0.104392
0.268582
0.382987
0.167683
0.618979
0.264757
0.662
0.390852
0.0737739
0.174471
0.270617
0.662
0.237404
0.243253
0.662
0.260954
0.150448
0.0325403
0.662
0.220118
0.442528
0.0855339
0.662
0.0444688
0.662
0.108224
0.662
0.167905
0.0335286
0.156551
0.229657
0.0513897
0.0950318
0.662
0.226105
0.0399851
0.523952
0.662
0.087252
0.400341
0.221627
0.0925166
0.662
0.0446687
0.263433
0.103716
0.662
0.207913
0.54526
0.208611
0.0797862
0.0707868
0.429281
0.0496155
0.156862
0.10179
0.0880834
0.221108
0.160756
0.662
0.214375
0.287835
0.662
0.446868
0.37299
0.392273
0.147966
0.111028
0.0498988
0.315474
0.636081
0.117926
0.662
0.297191
0.15458
0.303767
0.232876
0.122196
0.659393
0.123488
0.173654
0.15685
0.255361
0.179302
0.277924
0.251148
0.336583
0.326104
0.662
0.632032
0.129675
0.128702
0.123224
0.583791
0.273121
0.110652
0.560097
0.662
0.662
0.160031
0.0539364
0.457786
0.236186
0.0770207
0.30522
0.152947
0.101246
0.662
0.208003
0.110747
0.264588
0.0630776
0.639941
0.0673487
0.181652
0.0380603
0.0407654
0.408685
0.662
0.225383
0.0392877
0.540834
0.105549
0.0811203
0.376221
0.11889
0.193206
0.662
0.426864
0.0841798
0.330873
0.318906
0.293136
0.358657
0.382303
0.146396
0.253116
0.0917399
0.369231
0.461514
0.321176
0.347813
0.134323
0.225266
0.321182
0.0527721
0.191395
0.138034
0.160797
0.336348
0.214738
0.662
0.101314
0.0975503
0.662
0.278593
0.662
0.634019
0.135386
0.287592
0.16729
0.0496199
0.113407
0.662
0.451552
0.194093
0.149642
0.124759
0.194114
0.11356
0.639078
0.340791
0.662
0.662
0.0497684
0.424642
0.364346
0.302321
0.490021
0.223209
0.110104
0.662
0.0473885
0.186503
0.0780992
0.431751
0.662
0.21332
0.307914
0.328682
0.217931
0.15886
0.662
0.161668
0.662
0.300655
0.662
0.425839
0.302877
0.122264
0.112155
0.0963209
0.195633
0.0695182
0.0397115
0.662
0.662
0.662
0.175284
0.198912
0.173498
0.662
0.263971
0.438534
0.205357
0.662
0.0951697
0.102442
0.662
0.0696921
0.452147
0.662
0.224465
0.26493
0.240257
0.233617
0.222521
0.092923
0.0751708
0.375425
0.459103
0.20426
0.192027
0.0939813
0.169952
0.123479
0.417294
0.387485
0.120103
0.662
0.300203
0.662
0.662
0.146445
0.0288735
0.417826
0.225467
0.142196
0.242179
0.662
0.250473
0.226974
0.166548
0.106062
0.127799
0.662
0.0838883
0.125284
0.158097
0.662
0.182365
0.297174
0.471636
0.280674
0.113483
0.662
0.604671
0.084222
0.340947
0.662
0.171679
0.133044
0.567219
0.107176
0.114599
0.662
0.217772
0.0640163
0.144958
0.224531
0.569933
0.242154
0.315326
0.466274
0.246301
0.0701382
0.166573
0.0122597
0.0355095
0.0697727
0.327362
0.0456314
0.0586006
0.0596496
0.0391168
0.662
0.557287
0.185913
0.633047
0.135298
0.127424
0.44322
0.570146
0.181855
0.484193
0.38427
0.233207
0.180746
0.662
0.561408
0.162064
0.303308
0.0622696
0.135772
0.376855
0.0567282
0.662
0.0647633
0.662
0.394277
0.220444
0.110326
0.366775
0.288832
0.12564
0.112367
0.474041
0.662
0.662
0.170863
0.303121
0.234328
0.225058
0.662
0.0843556
0.107926
0.606933
0.156596
0.054717
0.0672146
0.662
0.197688
0.653755
0.0828491
0.223038
0.390111
0.0646276
0.268255
0.344713
0.149129
0.662
0.0134419
0.182609
0.662
0.13597
0.0326777
0.0538264
0.266757
0.349336
0.0471016
0.201673
0.25574
0.505656
0.204113
0.470384
0.12737
0.134451
0.444433
0.662
0.0630313
0.354098
0.3578
0.297898
0.37616
0.474889
0.261836
0.64287
0.131229
0.0532818
0.209075
0.0492434
0.323533
0.383352
0.0906108
0.211037
0.662
0.0962292
0.293286
0.290234
0.662
0.662
0.156341
0.0593643
0.0953073
0.403168
0.105295
0.558956
0.094514
0.147839
0.662
0.188166
0.408979
0.171877
0.662
0.172107
0.213436
0.332138
0.599574
0.20947
0.250428
0.662
0.541065
0.0535581
0.273489
0.413428
0.662
0.662
0.0817366
0.224105
0.14069
0.188047
0.045918
0.154832
0.0376305
0.263672
0.214221
0.37279
0.554616
0.477046
0.662
0.183924
0.0568658
0.207693
0.0916896
0.01951
0.29238
0.442992
0.173417
0.662
0.117876
0.45111
0.433091
0.0780364
0.662
0.238284
0.0518948
0.420328
0.451913
0.197229
0.662
0.662
0.0902732
0.135589
0.428903
0.39466
0.662
0.0470194
0.367926
0.327311
0.134371
0.562573
0.197111
0.662
0.199684
0.194365
0.0797346
0.275785
0.203284
0.470932
0.622841
0.662
0.236043
0.643505
0.0965016
0.0937852
0.54263
0.662
0.426837
0.0943481
0.385618
0.662
0.101975
0.142135
0.385643
0.662
0.0633541
0.293184
0.171027
0.0723054
0.177802
0.423899
0.159102
0.147302
0.0619218
0.459612
0.408477
0.172545
0.662
0.18349
0.662
0.662
0.20889
0.481216
0.662
0.263762
0.662
0.246001
0.378002
0.00291368
0.192162
0.131763
0.357202
0.632373
0.662
0.662
0.212354
0.181001
0.0855743
0.662
0.115936
0.662
0.0640195
0.0207778
0.197544
0.491547
0.0863496
0.662
0.00253737
0.0583165
0.237596
0.482515
0.662
0.0920294
0.226142
0.186581
0.213272
0.418173
0.211623
0.127135
0.0529199
0.0188486
0.26468
0.0309958
0.22294
0.111064
0.158708
0.251727
0.649492
0.0620854
0.15641
0.312259
0.111313
0.308261
0.662
0.392403
0.313241
0.201801
0.626321
0.108266
0.298735
0.1872
0.264136
0.0983216
0.0917228
0.11349
0.222652
0.108474
0.662
0.100729
0.662
0.662
0.178123
0.298469
0.0847175
0.662
0.298095
0.568694
0.662
0.152964
0.643911
0.569144
0.580344
0.117531
0.20849
0.408632
0.662
0.662
0.252315
0.0952244
0.154856
0.662
0.662
0.270234
0.0552476
0.44097
0.493429
0.274029
0.430296
0.662
0.0518284
0.0815847
0.0274909
0.104672
0.0835001
0.195435
0.169105
0.662
0.662
0.0887105
0.0878576
0.540996
0.3013
0.171886
0.265291
0.112985
0.180516
0.359962
0.662
0.326337
0.609156
0.424716
0.348607
0.246008
0.191596
0.101642
0.116638
0.150236
0.53386
0.547017
0.484338
0.12117
0.146819
0.662
0.11466
0.508067
0.633391
0.589703
0.662
0.0796102
0.662
0.36211
0.086277
0.182828
0.210497
0.662
0.100353
0.662
0.662
0.638761
0.095201
0.662
0.662
0.155908
0.101127
0.139488
0.662
0.662
0.442842
0.0974426
0.477092
0.348956
0.170476
0.280551
0.213668
0.098802
0.662
0.662
0.12282
0.173777
0.177654
0.0706709
0.662
0.0935239
0.481613
0.384757
0.204376
0.369181
0.308256
0.00979258
0.662
0.217749
0.142634
0.31487
0.0745099
0.662
0.177056
0.106331
0.662
0.662
0.490654
0.0459211
0.103908
0.169872
0.471215
0.141773
0.0221246
0.283311
0.47136
0.0852706
0.420829
0.248897
0.459873
0.20831
0.501772
0.330302
0.224636
0.129423
0.662
0.103086
0.0783919
0.217532
0.362123
0.00268468
0.185437
0.176185
0.458793
0.137509
0.114194
0.267561
0.375676
0.431847
0.498846
0.0813287
0.319456
0.495916
0.0807173
0.196824
0.324279
0.662
0.257649
0.378438
0.0556733
0.141759
0.126317
0.403014
0.283942
0.662
0.154206
0.129778
0.451794
0.0570676
0.453055
0.305366
0.150029
0.662
0.140929
0.179826
0.238471
0.662
0.21237
0.662
0.263223
0.0811285
0.315809
0.389948
0.0587882
0.00813671
0.104028
0.00171433
0.337066
0.0272284
0.662
0.117706
0.662
0.0993386
0.155597
0.30626
0.239157
0.298282
0.662
0.662
0.184824
0.418375
0.386524
0.0852718
0.146526
0.203673
0.42651
0.121402
0.424815
0.662
0.189472
0.222955
0.309419
0.0620921
0.247959
0.343582
0.662
0.234714
0.384018
0.10503
0.0764903
0.0902211
0.261871
0.0912872
0.167204
0.267083
0.174674
0.662
0.350112
0.662
0.224576
0.518518
0.662
0.35375
0.616832
0.0555127
0.270112
0.39975
0.152207
0.662
0.168537
0.130079
0.662
0.358801
0.126684
0.104027
0.662
0.142463
0.119186
0.09742
0.662
0.25683
0.00464108
0.662
0.662
0.221522
0.161275
0.155517
0.0664957
0.126715
0.0851323
0.205152
0.169183
0.662
0.662
0.30502
0.309771
0.662
0.662
0.444695
0.216816
0.367447
0.0290217
0.175316
0.375448
0.0902151
0.343236
0.236403
0.0883452
0.147011
0.0892527
0.234905
0.662
0.233376
0.479061
0.1534
0.258856
0.40773
0.662
0.330462
0.142484
0.0745857
0.207407
0.662
0.115038
0.662
0.662
0.334539
0.0307628
0.464121
0.624698
0.315288
0.181193
0.662
0.662
0.187705
0.215646
0.345977
0.211803
0.384488
0.130422
0.315046
0.511995
0.180092
0.662
0.396256
0.384349
0.147138
0.316403
0.13413
0.662
0.504387
0.0463597
0.235086
0.143213
0.00462482
0.101246
0.092156
0.0710646
0.287354
0.186212
0.331076
0.226462
0.0360319
0.137907
0.225136
0.313332
0.166123
0.662
0.446194
0.268166
0.396064
0.662
0.0964908
0.637852
0.662
0.0573637
0.326976
0.304468
0.0694896
0.662
0.396028
0.339958
0.165696
0.662
0.149513
0.303441
0.426585
0.214427
0.162673
0.111619
0.272473
0.328727
0.171841
0.371568
0.225979
0.0564069
0.362404
0.257778
0.0484275
0.00114859
0.421412
0.106879
0.356819
0.252245
0.156669
0.0864559
0.0390655
0.573649
0.0954149
0.035293
0.0719423
0.0950442
0.129607
0.199315
0.45346
0.594141
0.343167
0.440518
0.346771
0.208866
0.662
0.662
0.266906
0.127513
0.662
0.662
0.489698
0.0542082
0.185998
0.0971443
0.662
0.149229
0.373317
0.0337221
0.157092
0.662
0.273917
0.134838
0.255846
0.256856
0.0565587
0.662
0.102758
0.0444664
0.0295966
0.233583
0.308594
0.0740062
0.662
0.0529179
0.140341
0.585777
0.662
0.20519
0.347265
0.636458
0.662
0.396381
0.662
0.662
0.128955
0.612221
0.159595
0.446262
0.17594
0.239631
0.0765168
0.662
0.192055
0.662
0.226123
0.217652
0.302603
0.164513
0.422871
0.08453
0.662
0.662
0.29867
0.107339
0.0764999
0.243642
0.0972127
0.662
0.170418
0.124603
0.662
0.292811
0.107171
0.495743
0.11688
0.335864
0.166567
0.203381
0.00697265
0.662
0.182272
0.33409
0.662
0.12305
0.565665
0.556191
0.329545
0.122467
0.268828
0.115054
0.0838488
0.305579
0.166333
0.132486
0.26774
0.0640861
0.662
0.0666444
0.662
0.11556
0.223004
0.424583
0.662
0.662
0.0656216
0.387138
0.245046
0.283102
0.662
0.0141773
0.514463
0.0436225
0.201887
0.662
0.275111
0.662
0.113427
0.0464709
0.359484
0.662
0.662
0.603092
0.125241
0.662
0.244817
0.101634
0.120253
0.258787
0.544707
0.25918
0.205474
0.140162
0.123023
0.280192
0.310641
0.334568
0.136738
0.275153
0.214106
0.662
0.207232
0.0422271
0.0752147
0.106632
0.345455
0.410324
0.627796
0.404857
0.182035
0.169378
0.587272
0.090167
0.162709
0.0960759
0.162493
0.662
0.149364
0.60558
0.0448156
0.600795
0.113594
0.259015
0.364984
0.339969
0.601568
0.35984
0.322765
0.259151
0.168414
0.191798
0.241864
0.201698
0.662
0.134796
0.100949
0.312314
0.161305
0.662
0.364601
0.662
0.662
0.134422
0.0371986
0.152783
0.207622
0.662
0.113791
0.0707642
0.0668147
0.37529
0.662
0.361875
0.166785
0.415092
0.0654327
0.662
0.0573867
0.0389073
0.662
0.167597
0.089844
0.42613
0.399535
0.653766
0.272616
0.142693
0.187975
0.143588
0.0921716
0.222052
0.159629
0.421079
0.303626
0.148717
0.040996
0.662
0.202571
0.0417697
0.292916
0.169033
0.274588
0.0915002
0.092837
0.26449
0.18568
0.405129
0.0669392
0.662
0.185347
0.187588
0.231314
0.0598063
0.405505
0.0237832
0.14963
0.566047
0.662
0.0897192
0.662
0.356565
0.0697738
0.0631588
0.091744
0.0634842
0.164257
0.110095
0.662
0.07335
0.25358
0.464664
0.153917
0.123687
0.0792718
0.406063
0.359926
0.215403
0.329148
0.560939
0.452927
0.508472
0.187656
0.125017
0.0852059
0.662
0.094323
0.236264
0.214968
0.215861
0.662
0.121635
0.169959
0.157177
0.11429
0.274111
0.350304
0.0682229
0.251102
0.246615
0.44026
0.285465
0.339195
0.124068
0.662
0.358103
0.379042
0.0496365
0.276369
0.00415535
0.215596
0.198961
0.00161105
0.111356
0.0709922
0.49708
0.0932444
0.288518
0.268562
0.405442
0.251245
0.31924
0.160374
0.112153
0.662
0.221752
0.222743
0.0778535
0.448072
0.203544
0.0658517
0.244891
0.429896
0.490093
0.124369
0.259557
0.662
0.245751
0.131455
0.33319
0.662
0.171041
0.178639
0.0315099
0.662
0.138841
0.202128
0.176929
0.00540364
0.34486
0.130799
0.195453
0.115266
0.136976
0.19933
0.662
0.132777
0.112634
0.0884221
0.247881
0.467436
0.662
0.662
0.0099931
0.152972
0.444669
0.476114
0.662
0.39667
0.481878
0.662
0.662
0.662
0.468683
0.0854448
0.239901
0.0676415
0.0552812
0.0433851
0.662
0.0724929
0.145203
0.0818591
0.138343
0.376619
0.662
0.445937
0.204587
0.0834005
0.100465
0.440185
0.35788
0.0134329
0.255486
0.137717
0.235357
0.132458
0.173783
0.0971426
0.428575
0.662
0.503307
0.137666
0.384379
0.349555
0.202905
0.230226
0.0344794
0.208334
0.44337
0.235355
0.506667
0.662
0.15648
0.173648
0.114884
0.144319
0.452926
0.204631
0.6513
0.335167
0.042996
0.0379723
0.0977167
0.115503
0.24076
0.247577
0.1795
0.0790417
0.288609
0.240841
0.141167
0.662
0.0623341
0.662
0.111976
0.440745
0.237394
0.343159
0.312515
0.141757
0.168742
0.662
0.1608
0.175271
0.196786
0.117927
0.206136
0.14959
0.130434
0.119423
0.0367166
0.36119
0.0856807
0.125513
0.144861
0.148255
0.578173
0.266052
0.0679029
0.265432
0.662
0.0430846
0.662
0.662
0.376928
0.0218626
0.0532412
0.662
0.184228
0.335207
0.212413
0.212285
0.0396417
0.184507
0.580853
0.662
0.154465
0.256439
0.0870473
0.200756
0.221655
0.00915445
0.0931207
0.662
0.637991
0.184389
0.18033
0.62298
0.111024
0.556599
0.662
0.0155186
0.449955
0.513556
0.136183
0.242825
0.379627
0.662
0.482005
0.114736
0.255029
0.15244
0.662
0.183915
0.266038
0.662
0.423377
0.662
0.662
0.502251
0.40273
0.435356
0.151845
0.203668
0.26232
0.24844
0.526611
0.387933
0.389908
0.141292
0.0746183
0.487382
0.0686277
0.100736
0.662
0.188537
0.394019
0.346371
0.00590563
0.271556
0.662
0.662
0.278621
0.217283
0.304979
0.408058
0.106091
0.190062
0.214893
0.0726825
0.391493
0.655277
0.326038
0.263531
0.334295
0.662
0.241319
0.556285
0.0983969
0.363595
0.131419
0.15264
0.0848996
0.304956
0.100069
0.461836
0.187703
0.0954563
0.286284
0.0243765
0.227227
0.103386
0.662
0.28436
0.170732
0.0933533
0.429375
0.36547
0.36093
0.0745158
0.116972
0.194097
0.231829
0.114966
0.662
0.13852
0.177393
0.130519
0.109642
0.466256
0.186897
0.111554
0.159112
0.251034
0.662
0.193813
0.519576
0.362421
0.662
0.0666941
0.28548
0.0854157
0.662
0.17765
0.300236
0.402441
0.455008
0.661853
0.382946
0.337175
0.263022
0.0253647
0.054235
0.358363
0.188072
0.159176
0.245691
0.0086128
0.417713
0.113447
0.662
0.662
0.101694
0.652716
0.167108
0.662
0.662
0.0687899
0.283991
0.0447055
0.472069
0.193149
0.121018
0.130121
0.427102
0.155191
0.146366
0.0967592
0.224254
0.46806
0.662
0.662
0.238319
0.256755
0.10506
0.153297
0.208805
0.147565
0.662
0.662
0.662
0.0914349
0.315634
0.662
0.385622
0.423957
0.244564
0.150382
0.0829581
0.610546
0.477238
0.0956232
0.275555
0.131718
0.190133
0.652619
0.585587
0.572738
0.276935
0.0924698
0.0755356
0.662
0.294798
0.206069
0.247952
0.662
0.428772
0.347622
0.662
0.31816
0.483057
0.0747736
0.466159
0.571964
0.426727
0.301794
0.194405
0.662
0.178553
0.0147033
0.662
0.193868
0.296944
0.662
0.157481
0.104407
0.327846
0.284885
0.662
0.21252
0.281673
0.031274
0.390646
0.178804
0.662
0.662
0.0421237
0.148269
0.662
0.0849988
0.336731
0.174645
0.338828
0.662
0.662
0.662
0.591459
0.156594
0.20457
0.206714
0.124393
0.662
0.134777
0.0559706
0.241732
0.662
0.107517
0.662
0.235467
0.269427
0.154431
0.662
0.662
0.196464
0.259977
0.662
0.662
0.141057
0.662
0.379676
0.118314
0.280899
0.117182
0.0440101
0.662
0.662
0.662
0.662
0.142083
0.172454
0.181102
0.112494
0.322151
0.662
0.229683
0.662
0.266382
0.18301
0.662
0.38322
0.159767
0.0432022
0.267592
0.662
0.0693441
0.0628432
0.662
0.169681
0.313602
0.662
0.091058
0.466895
0.354041
0.111136
0.270023
0.662
0.0493943
0.662
0.337949
0.134294
0.662
0.0379999
0.500754
0.662
0.662
0.196617
0.457402
0.42699
0.347982
0.218129
0.194727
0.421184
0.227119
0.00674704
0.466493
0.142995
0.662
0.332944
0.0887662
0.202456
0.0327541
0.242723
0.290171
0.496345
0.36842
0.270465
0.30845
0.1683
0.073383
0.0750984
0.0766068
0.0818276
0.262218
0.538008
0.0642142
0.169585
0.0352111
0.616584
0.662
0.119636
0.085515
0.0951281
0.470676
0.463043
0.317192
0.26505
0.662
0.504344
0.058542
0.37672
0.610401
0.237327
0.122152
0.0937917
0.662
0.662
0.297421
0.662
0.233161
0.13946
0.431995
0.662
0.137418
0.275275
0.609078
0.662
0.393896
0.0681034
0.662
0.662
0.160611
0.166061
0.147935
0.613056
0.191094
0.222121
0.00864053
0.223211
0.0550622
0.662
0.662
0.313906
0.174279
0.0897824
0.257433
0.14328
0.187281
0.662
0.662
0.509225
0.662
0.651497
0.381882
0.15667
0.103634
0.166474
0.0634901
0.662
0.662
0.312369
0.417189
0.39017
0.264919
0.662
0.164004
0.198227
0.662
0.430854
0.662
0.662
0.110314
0.0995301
0.145318
0.0269273
0.264677
0.662
0.448915
0.662
0.0771884
0.104219
0.0308807
0.210738
0.655046
0.237359
0.100585
0.434172
0.646512
0.0231478
0.0242257
0.205168
0.166229
0.125663
0.165531
0.305469
0.100997
0.238758
0.421237
0.450941
0.0883847
0.662
0.122424
0.21854
0.176379
0.586003
0.245366
0.277064
0.0122313
0.149317
0.220285
0.469087
0.662
0.105751
0.186309
0.0382205
0.121135
0.257777
0.298631
0.472344
0.662
0.19085
0.279345
0.103129
0.130573
0.563451
0.130268
0.662
0.266552
0.662
0.0888651
0.662
0.0879717
0.103185
0.406098
0.493014
0.373572
0.235338
0.31258
0.170818
0.184696
0.0420833
0.221332
0.662
0.125051
0.228457
0.0071382
0.101368
0.662
0.148346
0.098208
0.325275
0.0912364
0.262951
0.248918
0.170698
0.149972
0.0449429
0.237422
0.662
0.0568621
0.157316
0.662
0.662
0.662
0.13938
0.187163
0.420782
0.0916481
0.0206075
0.0276244
0.109796
0.227445
0.13862
0.124101
0.263259
0.422655
0.140451
0.410823
0.211754
0.497604
0.0654166
0.381106
0.467195
0.0718708
0.0803758
0.264633
0.251247
0.0628971
0.0967123
0.297101
0.653011
0.40556
0.662
0.662
0.0163314
0.206253
0.419221
0.399198
0.108265
0.662
0.3183
0.2686
0.288716
0.18525
0.653202
0.254613
0.143647
0.103663
0.284117
0.390225
0.206274
0.249994
0.229366
0.662
0.0740871
0.0510213
0.0704641
0.0696296
0.662
0.108145
0.352779
0.662
0.194839
0.571873
0.0923104
0.179408
0.433294
0.369903
0.662
0.414708
0.249219
0.662
0.166566
0.114074
0.2448
0.0316817
0.460853
0.454913
0.113091
0.34847
0.209633
0.049529
0.0378459
0.107415
0.105808
0.662
0.410538
0.00190852
0.201444
0.0619306
0.101914
0.649424
0.327221
0.17604
0.0474033
0.302941
0.452431
0.0471516
0.0695012
0.0851408
0.204603
0.48603
0.662
0.201649
0.180051
0.132556
0.24756
0.662
0.140575
0.615962
0.0613687
0.0926103
0.128252
0.139232
0.18526
0.243307
0.122421
0.28446
0.662
0.662
0.213775
0.155548
0.0671261
0.0258698
0.228119
0.0748498
0.574241
0.662
0.167726
0.662
0.0916733
0.0465343
0.112127
0.0559928
0.0919889
0.309064
0.424836
0.662
0.662
0.0995527
0.0260555
0.180243
0.662
0.485334
0.592102
0.420739
0.193518
0.407728
0.662
0.206401
0.396296
0.104343
0.662
0.659911
0.662
0.168698
0.281694
0.055715
0.282177
0.662
0.499481
0.432847
0.662
0.487246
0.351795
0.383387
0.0694786
0.00621488
0.135793
0.068894
0.662
0.203739
0.285444
0.245216
0.616811
0.0765932
0.210997
0.167581
0.662
0.662
0.122513
0.142688
0.414704
0.361921
0.520966
0.229925
0.113108
0.128868
0.141781
0.662
0.0396614
0.662
0.280301
0.188304
0.123367
0.0578807
0.612917
0.129128
0.477903
0.446578
0.540533
0.242291
0.0663221
0.133094
0.27826
0.174849
0.662
0.0540575
0.662
0.17265
0.0924669
0.201413
0.0428681
0.237165
0.0845828
0.0686381
0.662
0.0845469
0.0583036
0.321541
0.177242
0.327697
0.0691836
0.247877
0.191503
0.0417298
0.125801
0.376504
0.0896946
0.483747
0.129181
0.492571
0.230952
0.381072
0.177254
0.552508
0.662
0.0639895
0.388862
0.586336
0.123921
0.0977186
0.125245
0.662
0.376816
0.00640787
0.172851
0.449246
0.662
0.185835
0.38186
0.662
0.454105
0.101195
0.662
0.483418
0.0809552
0.4826
0.476946
0.662
0.662
0.287217
0.084458
0.662
0.223784
0.288471
0.270273
0.144257
0.128861
0.0777374
0.458674
0.0999018
0.073549
0.0197803
0.0730621
0.0583796
0.662
0.10903
0.397231
0.452126
0.0302806
0.36436
0.472793
0.231926
0.662
0.662
0.244899
0.503526
0.419344
0.662
0.662
0.166161
0.356646
0.223653
0.272083
0.149605
0.0668758
0.0633179
0.224847
0.516914
0.536919
0.337883
0.502705
0.370721
0.295655
0.405732
0.0440305
0.27889
0.421305
0.385332
0.144901
0.317667
0.181734
0.245019
0.662
0.433844
0.0884659
0.312683
0.202734
0.105443
0.141203
0.49882
0.0943204
0.177106
0.332232
0.337284
0.250002
0.662
0.521564
0.11839
0.662
0.662
0.0823757
0.662
0.159896
0.584835
0.0967329
0.39008
0.662
0.617121
0.472426
0.256603
0.289065
0.356446
0.233004
0.662
0.343887
0.577442
0.662
0.138877
0.474309
0.0653568
0.657328
0.662
0.292152
0.0776728
0.662
0.240242
0.158451
0.392122
0.193102
0.414593
0.371114
0.585566
0.0485103
0.293585
0.662
0.0949534
0.0604262
0.289543
0.224962
0.355878
0.190696
0.316756
0.662
0.41859
0.292731
0.0624209
0.179884
0.0301911
0.410438
0.250436
0.211969
0.0675258
0.0361874
0.23292
0.121987
0.196265
0.635189
0.662
0.223895
0.190129
0.0554792
0.225234
0.662
0.136321
0.0958062
0.127299
0.0646696
0.115814
0.138403
0.227326
0.125997
0.0655688
0.143114
0.277409
0.352517
0.0128413
0.662
0.45018
0.1841
0.235437
0.186911
0.127865
0.229957
0.662
0.224377
0.423101
0.382719
0.501582
0.222673
0.662
0.662
0.0774753
0.0446012
0.171142
0.519247
0.196356
0.0822005
0.167574
0.615804
0.0727287
0.302591
0.662
0.102294
0.440306
0.160749
0.233098
0.41016
0.333219
0.0477797
0.0888574
0.193502
0.356733
0.0963757
0.352212
0.492909
0.662
0.265458
0.51583
0.187119
0.619883
0.610978
0.0757114
0.624325
0.464108
0.518665
0.115101
0.10601
0.323293
0.365487
0.130812
0.0647505
0.211122
0.192192
0.452904
0.0838851
0.146736
0.604803
0.237927
0.142417
0.197469
0.606603
0.220254
0.422845
0.207137
0.0931395
0.347527
0.500985
0.0915318
0.662
0.312113
0.662
0.556432
0.078393
0.529532
0.45319
0.190548
0.239006
0.207003
0.0765825
0.195287
0.47944
0.662
0.0321005
0.536895
0.0802852
0.290225
0.662
0.407173
0.662
0.662
0.209479
0.0675153
0.353802
0.662
0.662
0.315144
0.124512
0.122034
0.295364
0.183059
0.257402
0.0852135
0.2154
0.107314
0.0856302
0.0559436
0.564053
0.0211517
0.212746
0.157126
0.662
0.662
0.0685154
0.662
0.126802
0.00285152
0.182731
0.463185
0.176885
0.662
0.346292
0.662
0.074294
0.475724
0.24025
0.482332
0.188434
0.5546
0.662
0.0686764
0.116817
0.509251
0.208493
0.445031
0.15064
0.255611
0.662
0.194229
0.0959022
0.251539
0.254632
0.0592798
0.662
0.349955
0.662
0.110264
0.662
0.17591
0.193394
0.265335
0.401514
0.124221
0.398682
0.662
0.420016
0.446043
0.662
0.0544541
0.226325
0.260027
0.107139
0.347529
0.662
0.201901
0.468716
0.0914643
0.241252
0.373818
0.129419
0.15311
0.662
0.619356
0.354403
0.290732
0.6022
0.114489
0.0960185
0.258132
0.0655816
0.0951848
0.575245
0.662
0.164744
0.136319
0.606353
0.275727
0.414496
0.138862
0.662
0.662
0.169914
0.571012
0.597317
0.210258
0.0597456
0.0549511
0.0845202
0.25636
0.203556
0.200879
0.0994439
0.18725
0.116757
0.13452
0.570423
0.148654
0.0683269
0.133493
0.662
0.662
0.372041
0.662
0.379359
0.489054
0.611014
0.205973
0.0746928
0.101166
0.433498
0.558852
0.253539
0.102248
0.571191
0.162687
0.065418
0.227812
0.0435301
0.662
0.121941
0.177415
0.662
0.318565
0.590994
0.44838
0.467623
0.412451
0.120123
0.116408
0.20388
0.17307
0.662
0.104401
0.387087
0.270166
0.342066
0.405195
0.190544
0.184911
0.662
0.244204
0.34117
0.337745
0.127071
0.121956
0.286967
0.488531
0.662
0.443788
0.307955
0.144496
0.161828
0.662
0.164956
0.343785
0.501593
0.152671
0.237179
0.662
0.662
0.0468584
0.400138
0.542642
0.372168
0.191026
0.189703
0.14836
0.385609
0.0574487
0.0364524
0.00633557
0.326736
0.107331
0.175291
0.157441
0.291764
0.576831
0.200602
0.0118746
0.540897
0.662
0.303991
0.0855469
0.647554
0.0548006
0.468397
0.113615
0.29006
0.00532232
0.408393
0.112943
0.197968
0.133129
0.662
0.148654
0.0707239
0.435305
0.662
0.662
0.463612
0.399569
0.106803
0.662
0.0838737
0.662
0.443909
0.662
0.0474567
0.170627
0.447079
0.221494
0.0478362
0.0921443
0.457683
0.317146
0.662
0.539696
0.418771
0.0104151
0.49225
0.26361
0.16406
0.23504
0.457374
0.662
0.146063
0.0898125
0.155526
0.662
0.129036
0.264997
0.487326
0.0862369
0.662
0.109943
0.0529748
0.359031
0.127661
0.495208
0.33448
0.199429
0.113741
0.197265
0.134606
0.0693447
0.302633
0.0260219
0.212142
0.422802
0.236353
0.662
0.474715
0.109886
0.0545155
0.194991
0.0207388
0.140818
0.202954
0.216603
0.662
0.397868
0.662
0.212992
0.335767
0.135593
0.256577
0.179713
0.0247726
0.1928
0.403689
0.0957948
0.295444
0.662
0.143133
0.165964
0.175143
0.134619
0.662
0.144347
0.508763
0.493054
0.199174
0.330749
0.253824
0.223745
0.065261
0.444749
0.662
0.208496
0.312281
0.259709
0.210024
0.209977
0.163513
0.493411
0.662
0.662
0.099926
0.662
0.662
0.134784
0.0537463
0.494198
0.301404
0.321054
0.426437
0.124995
0.102624
0.217876
0.15656
0.291451
0.20272
0.662
0.0552917
0.0838423
0.608102
0.287486
0.0494397
0.136129
0.662
0.662
0.321262
0.662
0.230271
0.0954024
0.375406
0.226451
0.138458
0.14257
0.0862764
0.104857
0.241221
0.0957942
0.0707652
0.516274
0.453149
0.200983
0.662
0.54795
0.409096
0.365893
0.274339
0.44441
0.521348
0.219013
0.363762
0.662
0.114236
0.662
0.192072
0.357539
0.173175
0.662
0.455304
0.17685
0.580092
0.0459408
0.18123
0.306767
0.102243
0.116984
0.662
0.662
0.25277
0.662
0.0907959
0.183692
0.238894
0.662
0.269744
0.0324986
0.24417
0.256389
0.218357
0.136624
0.189197
0.278155
0.39313
0.111118
0.277513
0.390921
0.115401
0.371581
0.431769
0.122738
0.384146
0.580647
0.0361144
0.438393
0.0466846
0.15455
0.662
0.536925
0.0705924
0.251625
0.235848
0.328108
0.310205
0.149598
0.426151
0.200509
0.0681993
0.269807
0.592203
0.662
0.662
0.428329
0.662
0.422884
0.147094
0.0405045
0.192621
0.446866
0.0970656
0.475986
0.197933
0.253636
0.662
0.651751
0.115237
0.662
0.236672
0.662
0.515701
0.319289
0.662
0.240185
0.0934008
0.223341
0.146339
0.362342
0.432891
0.061922
0.355303
0.3633
0.170162
0.17181
0.498048
0.240845
0.354855
0.222805
0.255001
0.209735
0.662
0.180161
0.109412
0.11415
0.19681
0.662
0.0563416
0.416748
0.0236499
0.269769
0.199316
0.261337
0.208176
0.343243
0.108417
0.662
0.662
0.662
0.335304
0.15065
0.662
0.157429
0.184336
0.0845119
0.128636
0.662
0.13041
0.662
0.243008
0.0809724
0.178731
0.0572974
0.5903
0.157167
0.228915
0.487108
0.472662
0.609453
0.662
0.307719
0.096896
0.662
0.484288
0.662
0.20856
0.435185
0.662
0.592494
0.0527431
0.172156
0.113426
0.137938
0.16509
0.584685
0.526847
0.317121
0.536408
0.211798
0.160994
0.662
0.0883343
0.208178
0.212452
0.451896
0.662
0.126219
0.11033
0.197442
0.276571
0.0534954
0.316696
0.662
0.27869
0.570447
0.200617
0.120162
0.499889
0.185584
0.141826
0.141164
0.396323
0.562919
0.174916
0.0978375
0.217648
0.185408
0.0984907
0.184071
0.0276124
0.187128
0.143432
0.662
0.284205
0.180219
0.309292
0.237884
0.0787921
0.428276
0.216793
0.14487
0.382574
0.488417
0.0748021
0.311699
0.225291
0.101228
0.0501598
0.413689
0.052543
0.456058
0.0605053
0.0482192
0.481807
0.221898
0.274747
0.495635
0.132967
0.379119
0.425581
0.204938
0.0776676
0.662
0.241175
0.119526
0.146637
0.120021
0.290031
0.238992
0.122522
0.0868704
0.19466
0.124816
0.0610346
0.662
0.232143
0.147017
0.662
0.0854628
0.662
0.169557
0.445961
0.662
0.0543816
0.158477
0.110531
0.177293
0.237373
0.0831744
0.230953
0.197919
0.213109
0.662
0.558255
0.247815
0.423618
0.16854
0.256916
0.231587
0.108552
0.13804
0.0928692
0.0982513
0.118823
0.662
0.0686154
0.249503
0.209716
0.662
0.136062
0.360569
0.662
0.198999
0.209549
0.177326
0.662
0.429043
0.147746
0.270045
0.0956511
0.420457
0.115147
0.662
0.577889
0.342848
0.187315
0.1323
0.0200042
0.35813
0.21085
0.0971774
0.494432
0.662
0.543106
0.125124
0.591047
0.385314
0.229312
0.587604
0.0836735
0.256664
0.551557
0.249737
0.236966
0.186404
0.662
0.110817
0.230201
0.248904
0.446505
0.662
0.055869
0.515677
0.657423
0.302519
0.662
0.172112
0.259157
0.125264
0.22454
0.356137
0.598295
0.129992
0.136819
0.523526
0.217321
0.662
0.219702
0.292162
0.0996488
0.117206
0.347368
0.186418
0.212219
0.203708
0.392846
0.438621
0.525724
0.0859621
0.491375
0.227083
0.222654
0.662
0.263227
0.1457
0.347746
0.139136
0.421167
0.215774
0.662
0.108682
0.202808
0.148011
0.662
0.0940364
0.502331
0.614722
0.0429145
0.543431
0.662
0.188416
0.218199
0.143987
0.31454
0.662
0.147844
0.662
0.662
0.0755987
0.120491
0.2784
0.584431
0.450226
0.485813
0.394434
0.113694
0.0888268
0.352842
0.393421
0.17014
0.662
0.459135
0.643831
0.418651
0.0364803
0.465153
0.384894
0.387332
0.0949005
0.387642
0.4542
0.134635
0.16952
0.0921639
0.160727
0.196458
0.662
0.0518268
0.620116
0.662
0.187783
0.303466
0.58562
0.318188
0.662
0.580968
0.138884
0.0677463
0.662
0.400863
0.358959
0.102125
0.0742277
0.0187911
0.0990559
0.0911341
0.269987
0.107686
0.209401
0.21759
0.0951535
0.056717
0.199285
0.271017
0.118659
0.386478
0.0989621
0.662
0.662
0.0871887
0.320666
0.460853
0.146018
0.0470798
0.138372
0.1412
0.662
0.538855
0.416769
0.0623058
0.0463931
0.41682
0.0849199
0.138389
0.662
0.216342
0.00776818
0.0633019
0.147879
0.179857
0.4448
0.198953
0.662
0.0780363
0.04264
0.0838864
0.193085
0.21371
0.544663
0.0588997
0.662
0.260456
0.514186
0.0446579
0.662
0.662
0.462978
0.380931
0.300905
0.362786
0.126684
0.340535
0.662
0.0722463
0.0934656
0.110191
0.10297
0.434923
0.662
0.0244912
0.149041
0.0541864
0.612678
0.472351
0.154143
0.0788234
0.192991
0.200658
0.187067
0.0741769
0.320736
0.188781
0.165975
0.107923
0.662
0.398101
0.146052
0.151332
0.195237
0.406542
0.287959
0.10694
0.0929187
0.139313
0.64608
0.461067
0.474279
0.253202
0.191801
0.0102443
0.171545
0.473239
0.412712
0.502015
0.190934
0.196769
0.167432
0.246084
0.662
0.419701
0.662
0.0170151
0.662
0.195559
0.499786
0.662
0.662
0.126055
0.0379538
0.43659
0.106996
0.662
0.340579
0.267866
0.662
0.461662
0.0899014
0.3512
0.412945
0.662
0.662
0.0935413
0.488926
0.0775876
0.228845
0.244625
0.662
0.251015
0.25044
0.662
0.662
0.0950708
0.527122
0.350164
0.328981
0.171695
0.356215
0.0765418
0.180861
0.108812
0.0736084
0.121161
0.381222
0.168308
0.0563338
0.0679982
0.336595
0.301349
0.080608
0.187635
0.519884
0.646787
0.39031
0.231427
0.140157
0.662
0.482704
0.225874
0.662
0.662
0.377194
0.662
0.106752
0.662
0.168469
0.444315
0.358323
0.0517093
0.47797
0.611705
0.513156
0.548593
0.327929
0.662
0.274317
0.309382
0.0838215
0.662
0.402382
0.248872
0.0534545
0.364036
0.564482
0.178095
0.207812
0.100204
0.313962
0.145148
0.662
0.328695
0.513182
0.386519
0.259931
0.383981
0.530849
0.187815
0.138094
0.0838497
0.288921
0.522582
0.199253
0.329986
0.198829
0.192921
0.0462631
0.662
0.126578
0.398745
0.211712
0.237092
0.0536481
0.662
0.531778
0.634938
0.427166
0.118047
0.492113
0.662
0.355969
0.0760141
0.662
0.414131
0.271549
0.103151
0.0365278
0.323995
0.206614
0.662
0.10442
0.160337
0.528197
0.0969773
0.0743186
0.179924
0.172156
0.558517
0.389227
0.329157
0.662
0.241626
0.200375
0.119875
0.198953
0.43853
0.118947
0.662
0.250523
0.238808
0.662
0.400489
0.106116
0.191628
0.315241
0.662
0.385326
0.349423
0.0502027
0.0706179
0.201125
0.348865
0.101336
0.195135
0.110262
0.176401
0.430312
0.149937
0.662
0.0474924
0.426879
0.0774082
0.183946
0.353249
0.396883
0.466046
0.271855
0.0944566
0.361238
0.0391872
0.0774453
0.119952
0.204555
0.144752
0.662
0.0869435
0.662
0.624025
0.379148
0.312072
0.0868128
0.166001
0.0766951
0.204007
0.662
0.0901861
0.662
0.0934177
0.662
0.444775
0.186154
0.264302
0.662
0.0956389
0.0378516
0.662
0.662
0.662
0.0144869
0.55688
0.0490601
0.293152
0.253558
0.131132
0.211535
0.443917
0.114659
0.064137
0.322867
0.505838
0.317309
0.102791
0.365874
0.106929
0.170645
0.246589
0.178199
0.662
0.308692
0.133249
0.377248
0.210772
0.322706
0.0795145
0.085282
0.195524
0.0940366
0.377408
0.0896195
0.0947366
0.232267
0.0907425
0.269909
0.379311
0.420983
0.288999
0.181344
0.662
0.185481
0.236217
0.41453
0.214224
0.107271
0.156549
0.662
0.373955
0.34461
0.106214
0.426583
0.0318822
0.148181
0.0897722
0.4503
0.055072
0.158559
0.662
0.122806
0.167407
0.428532
0.662
0.0230962
0.129425
0.100477
0.21268
0.180632
0.144632
0.662
0.662
0.0231772
0.0975292
0.316001
0.662
0.326362
0.662
0.0685863
0.182512
0.0837907
0.662
0.475882
0.00654098
0.188513
0.662
0.211463
0.00376684
0.469326
0.211599
0.232581
0.283054
0.662
0.441904
0.0717685
0.377473
0.085364
0.147184
0.207823
0.288538
0.131919
0.100376
0.556871
0.353208
0.662
0.0713929
0.40236
0.495054
0.56541
0.146078
0.0725071
0.662
0.0145925
0.276746
0.102857
0.336749
0.178893
0.152092
0.106889
0.662
0.474246
0.0748602
0.203184
0.114713
0.307877
0.158366
0.296654
0.247426
0.465677
0.446961
0.273666
0.205627
0.552521
0.103923
0.662
0.662
0.169145
0.570664
0.0124007
0.662
0.434841
0.0826199
0.0473987
0.121624
0.101755
0.23372
0.352089
0.460623
0.115841
0.0143524
0.0536869
0.047554
0.270095
0.596904
0.188453
0.136588
0.200067
0.566068
0.306526
0.0758357
0.378331
0.219536
0.487276
0.181369
0.237099
0.419477
0.523692
0.422161
0.660829
0.302124
0.415811
0.415796
0.131472
0.195843
0.538872
0.0897221
0.421783
0.662
0.246748
0.0354386
0.217723
0.297877
0.256517
0.0551933
0.0348975
0.388783
0.0111626
0.329671
0.271846
0.662
0.0768402
0.0134934
0.458213
0.0798581
0.143656
0.662
0.0800569
0.291294
0.149503
0.0342792
0.0653177
0.14775
0.202549
0.517607
0.624938
0.265257
0.152422
0.358318
0.309535
0.104525
0.209093
0.0917076
0.294218
0.17231
0.383788
0.0818101
0.662
0.0894166
0.130449
0.16115
0.162739
0.147828
0.173143
0.287225
0.178054
0.614608
0.662
0.592091
0.219232
0.168007
0.0968722
0.465777
0.0348012
0.0170915
0.224325
0.271923
0.12541
0.0645508
0.0388344
0.194143
0.42542
0.148716
0.392692
0.38341
0.136549
0.210611
0.0818489
0.0471619
0.137693
0.662
0.338138
0.104236
0.343462
0.662
0.511625
0.0905247
0.15466
0.292738
0.308615
0.529688
0.0472144
0.3313
0.0442203
0.177135
0.20613
0.662
0.611772
0.102533
0.662
0.136551
0.0392866
0.300739
0.164864
0.072707
0.332979
0.0824943
0.110589
0.129299
0.662
0.438148
0.153503
0.175758
0.132503
0.103103
0.132372
0.095812
0.190388
0.037276
0.170315
0.117889
0.507326
0.0530246
0.13782
0.0584058
0.114417
0.195517
0.152974
0.0721418
0.662
0.315152
0.662
0.252205
0.208029
0.456999
0.662
0.648685
0.0644404
0.647852
0.068651
0.184478
0.363421
0.0867108
0.467746
0.0582965
0.472967
0.20044
0.662
0.476584
0.214605
0.662
0.440146
0.143041
0.142441
0.293518
0.205378
0.100505
0.138819
0.601901
0.25914
0.662
0.0582171
0.662
0.118145
0.207474
0.0487387
0.229593
0.224563
0.057126
0.200274
0.18876
0.220991
0.188373
0.436528
0.206929
0.128554
0.0970066
0.662
0.662
0.662
0.2487
0.167148
0.410839
0.124733
0.662
0.166523
0.662
0.281662
0.339891
0.218891
0.209124
0.404178
0.147455
0.384434
0.662
0.662
0.198839
0.290749
0.662
0.130723
0.326001
0.662
0.274838
0.0496406
0.384737
0.0883204
0.417183
0.525501
0.0661253
0.0774482
0.443281
0.650704
0.233805
0.433064
0.0856434
0.0501166
0.662
0.662
0.22141
0.15681
0.234717
0.206677
0.5555
0.662
0.0445338
0.0729671
0.172296
0.104055
0.0754611
0.453714
0.65118
0.134822
0.0583391
0.662
0.0934457
0.400951
0.144711
0.203139
0.0544888
0.496345
0.347653
0.454898
0.0485137
0.1162
0.399214
0.0436609
0.662
0.662
0.460922
0.0574128
0.151532
0.0867028
0.419365
0.453579
0.29732
0.258714
0.662
0.662
0.172526
0.280224
0.0172167
0.377442
0.052521
0.662
0.387688
0.20114
0.0103538
0.251196
0.458313
0.111784
0.165911
0.662
0.662
0.308739
0.662
0.0981893
0.316306
0.0751783
0.385608
0.453313
0.662
0.173066
0.198856
0.174199
0.465117
0.662
0.662
0.662
0.662
0.236596
0.536264
0.662
0.662
0.358186
0.492437
0.281727
0.214634
0.363317
0.140708
0.128315
0.0961474
0.161283
0.662
0.069517
0.15818
0.0310564
0.662
0.132531
0.297565
0.136802
0.592047
0.120272
0.136762
0.198542
0.184572
0.46317
0.662
0.662
0.266437
0.106318
0.306139
0.662
0.601493
0.122174
0.320214
0.320904
0.618588
0.381392
0.103343
0.168532
0.17929
0.44454
0.272891
0.662
0.662
0.349046
0.200759
0.115117
0.243227
0.662
0.188865
0.343236
0.113174
0.662
0.0925703
0.187868
0.436023
0.100555
0.0799881
0.0887679
0.549862
0.160911
0.378293
0.256052
0.445802
0.342168
0.169295
0.260822
0.2164
0.20008
0.0648295
0.0756272
0.0908624
0.115223
0.208817
0.0786009
0.573829
0.662
0.13755
0.455053
0.611369
0.662
0.103696
0.454682
0.301348
0.0568989
0.427619
0.215556
0.404952
0.104028
0.138884
0.356547
0.122035
0.127936
0.064403
0.20385
0.326475
0.0789822
0.087249
0.330005
0.662
0.662
0.133202
0.306858
0.454713
0.662
0.20599
0.360987
0.278431
0.494268
0.662
0.097087
0.662
0.662
0.0887723
0.150414
0.296557
0.662
0.371147
0.662
0.222473
0.162523
0.650948
0.142772
0.0522611
0.189668
0.549879
0.44907
0.662
0.502537
0.0814385
0.0848136
0.0570879
0.143675
0.107113
0.662
0.521013
0.385481
0.0718187
0.166339
0.272156
0.0516608
0.662
0.115388
0.114875
0.139061
0.251908
0.177904
0.0954933
0.612469
0.173424
0.375733
0.130199
0.0842504
0.213035
0.251656
0.372299
0.185557
0.0154916
0.41926
0.662
0.0465128
0.0899319
0.112751
0.662
0.662
0.0959268
0.390815
0.215856
0.140321
0.120478
0.201313
0.335379
0.198597
0.491542
0.19112
0.242082
0.662
0.327383
0.253361
0.0683897
0.587346
0.325453
0.138715
0.662
0.662
0.2046
0.0561706
0.25297
0.159007
0.113519
0.505955
0.311904
0.29226
0.662
0.170321
0.311077
0.158394
0.662
0.0951872
0.169887
0.191157
0.214634
0.262097
0.463184
0.117068
0.229366
0.192028
0.144748
0.106362
0.244346
0.264589
0.362592
0.578032
0.0534068
0.117265
0.00642217
0.662
0.0549986
0.150778
0.10429
0.131739
0.185609
0.0593228
0.356745
0.337323
0.241428
0.662
0.312138
0.196282
0.256628
0.183128
0.263332
0.0416652
0.0758787
0.203359
0.662
0.662
0.415497
0.134874
0.34613
0.348731
0.0489022
0.301488
0.146901
0.257965
0.127799
0.163755
0.662
0.00987806
0.430105
0.241597
0.137415
0.219656
0.297768
0.662
0.286375
0.208786
0.173736
0.570835
0.158223
0.167463
0.662
0.662
0.494045
0.272495
0.406979
0.149186
0.374067
0.151202
0.386916
0.662
0.0417139
0.425778
0.194464
0.214456
0.253911
0.111291
0.3881
0.205761
0.423357
0.0896024
0.105705
0.389647
0.204791
0.0189563
0.319713
0.159302
0.130647
0.662
0.467601
0.266366
0.630392
0.0418031
0.130416
0.401067
0.0511623
0.406284
0.0967153
0.0656464
0.0726367
0.662
0.27887
0.354373
0.166521
0.113704
0.504533
0.203319
0.193503
0.662
0.662
0.373314
0.384307
0.172594
0.0106679
0.662
0.253455
0.0435824
0.105251
0.565924
0.230974
0.498105
0.115426
0.149464
0.0718939
0.06456
0.32504
0.316511
0.435763
0.204462
0.127387
0.530261
0.00848011
0.140991
0.133747
0.463776
0.279978
0.0593671
0.186735
0.0627973
0.132829
0.32458
0.662
0.592439
0.280198
0.295081
0.318796
0.382936
0.662
0.475916
0.230092
0.662
0.410359
0.102914
0.119243
0.162199
0.420672
0.255398
0.273871
0.390665
0.188535
0.373291
0.318107
0.662
0.221794
0.662
0.110104
0.202737
0.374575
0.188518
0.171788
0.0904623
0.0791443
0.504093
0.181603
0.0613448
0.625457
0.662
0.299789
0.253885
0.31457
0.13895
0.0996209
0.662
0.251506
0.0416416
0.350809
0.662
0.266204
0.662
0.14113
0.662
0.217081
0.172964
0.177615
0.342888
0.613984
0.222707
0.0744923
0.142393
0.123625
0.238919
0.287905
0.236674
0.58433
0.403007
0.662
0.070811
0.083008
0.662
0.184612
0.271807
0.662
0.128797
0.162006
0.47637
0.354972
0.112635
0.599301
0.0873349
0.265089
0.280327
0.376372
0.0860703
0.0579066
0.435061
0.662
0.348835
0.510655
0.317897
0.151863
0.0915127
0.266255
0.662
0.133001
0.291097
0.662
0.268863
0.415801
0.180487
0.161965
0.518416
0.633391
0.437676
0.662
0.56303
0.445459
0.115723
0.142475
0.0331365
0.0234686
0.305773
0.2643
0.155836
0.250772
0.662
0.662
0.0107795
0.419955
0.662
0.135406
0.564418
0.0919012
0.226792
0.324993
0.0481262
0.269486
0.662
0.207733
0.375685
0.662
0.662
0.15913
0.297613
0.0787703
0.662
0.662
0.206168
0.0806218
0.563831
0.527913
0.0251353
0.345536
0.0593837
0.662
0.132276
0.385712
0.138171
0.0828936
0.0794473
0.133227
0.169337
0.332941
0.662
0.234926
0.127037
0.0986436
0.207982
0.188148
0.429515
0.198318
0.132869
0.306364
0.662
0.0705664
0.662
0.591818
0.0215463
0.10668
0.22871
0.344799
0.662
0.207373
0.177134
0.127834
0.662
0.662
0.662
0.62144
0.3173
0.11688
0.0147933
0.662
0.128212
0.239007
0.553348
0.0460511
0.101773
0.535311
0.267953
0.283592
0.219755
0.134502
0.0942541
0.662
0.15045
0.470228
0.05625
0.149585
0.291708
0.431714
0.270376
0.662
0.152076
0.012926
0.104089
0.241492
0.0773089
0.148634
0.0784854
0.33037
0.107775
0.0294319
0.662
0.47055
0.200895
0.662
0.28116
0.662
0.274342
0.0550574
0.0841908
0.165652
0.0214722
0.301738
0.460759
0.662
0.662
0.27115
0.276863
0.0875078
0.662
0.539155
0.269546
0.21397
0.293106
0.428137
0.341834
0.0604303
0.662
0.273317
0.162959
0.143159
0.126191
0.208798
0.662
0.202833
0.318625
0.172537
0.662
0.662
0.0480597
0.647022
0.132974
0.114466
0.00747833
0.662
0.0393593
0.241096
0.421783
0.116002
0.131496
0.185781
0.101793
0.0655113
0.355392
0.0490113
0.662
0.468169
0.0728808
0.236621
0.662
0.105786
0.662
0.413703
0.162764
0.387173
0.350825
0.406028
0.344239
0.30026
0.0847705
0.3605
0.662
0.334448
0.030051
0.218451
0.119517
0.376997
0.662
0.376958
0.12847
0.441038
0.662
0.0745141
0.163552
0.126579
0.662
0.235799
0.0397429
0.135115
0.159501
0.139368
0.0631447
0.0658732
0.0171942
0.215017
0.0597942
0.147503
0.223895
0.662
0.662
0.123096
0.36449
0.144451
0.643948
0.216675
0.0589789
0.384268
0.439181
0.122766
0.074466
0.514863
0.466149
0.223016
0.487531
0.184592
0.238741
0.601404
0.571976
0.136985
0.447375
0.451973
0.662
0.390445
0.0767937
0.236792
0.112821
0.126324
0.386679
0.214008
0.0702996
0.18092
0.234882
0.15602
0.0856836
0.31514
0.117004
0.0831218
0.105031
0.268592
0.133147
0.662
0.662
0.662
0.0285831
0.36475
0.0823594
0.0607422
0.662
0.662
0.525462
0.299095
0.662
0.0215612
0.130955
0.404905
0.113572
0.449538
0.662
0.0968943
0.662
0.132645
0.0974795
0.662
0.662
0.0564516
0.662
0.119288
0.263211
0.184847
0.662
0.203738
0.662
0.332511
0.128719
0.662
0.149327
0.293738
0.662
0.0121134
0.0834989
0.216978
0.0693537
0.0452934
0.29575
0.607117
0.100351
0.662
0.234031
0.339963
0.157651
0.244472
0.0260847
0.269798
0.17274
0.471134
0.102966
0.112227
0.0951389
0.0418522
0.290426
0.254956
0.113575
0.662
0.0652676
0.0925831
0.0868781
0.380117
0.127652
0.15929
0.546519
0.662
0.361607
0.204442
0.240047
0.662
0.148822
0.662
0.151762
0.220182
0.554037
0.157626
0.108955
0.0233631
0.662
0.467079
0.662
0.61772
0.167415
0.0773076
0.149979
0.103147
0.163564
0.0975286
0.0467934
0.662
0.468103
0.0395136
0.0530897
0.662
0.234318
0.449165
0.0301931
0.29443
0.662
0.174393
0.453347
0.22485
0.335682
0.117065
0.211846
0.662
0.662
0.0764082
0.0695307
0.386782
0.072245
0.350989
0.0992893
0.23023
0.458006
0.465791
0.238421
0.477386
0.0940979
0.597455
0.117927
0.576075
0.662
0.662
0.662
0.157913
0.339888
0.287676
0.270108
0.351136
0.293599
0.00111909
0.162896
0.229246
0.662
0.188097
0.102044
0.662
0.662
0.179361
0.313398
0.120192
0.662
0.662
0.105031
0.0832918
0.140078
0.272504
0.662
0.0618238
0.0798048
0.132377
0.662
0.662
0.529097
0.35015
0.662
0.568355
0.629763
0.0297916
0.158352
0.662
0.0445382
0.662
0.14801
0.324117
0.149497
0.320593
0.515632
0.145338
0.415481
0.574386
0.195183
0.0284264
0.10133
0.230323
0.209457
0.0796129
0.259704
0.662
0.230769
0.538662
0.662
0.0372215
0.0326419
0.662
0.34598
0.184647
0.388599
0.118204
0.662
0.570138
0.074912
0.229471
0.141214
0.0870258
0.31844
0.159529
0.160737
0.199908
0.102868
0.110597
0.662
0.662
0.146012
0.134393
0.436949
0.662
0.03694
0.662
0.056085
0.402835
0.651618
0.302779
0.0822772
0.459962
0.649638
0.0108914
0.12484
0.154729
0.0733279
0.0910522
0.134676
0.155653
0.662
0.662
0.662
0.131908
0.115107
0.662
0.431013
0.662
0.511896
0.476229
0.139127
0.0621676
0.662
0.0524967
0.547204
0.311997
0.33406
0.070903
0.167588
0.662
0.501715
0.662
0.441903
0.120629
0.25077
0.0513861
0.565973
0.662
0.0360035
0.27172
0.133083
0.0974389
0.046466
0.419315
0.246557
0.662
0.411132
0.109145
0.0779593
0.101933
0.105463
0.206439
0.155249
0.662
0.509056
0.662
0.143817
0.228316
0.182676
0.105796
0.231807
0.399707
0.324883
0.106798
0.264184
0.378334
0.629706
0.089537
0.0487606
0.330765
0.302601
0.0883769
0.017744
0.0393403
0.512545
0.217951
0.0446817
0.180813
0.662
0.378978
0.199946
0.328613
0.662
0.196287
0.260751
0.401017
0.0155226
0.436523
0.411712
0.662
0.14634
0.0215862
0.210019
0.253784
0.181167
0.269419
0.306179
0.662
0.0714668
0.145249
0.197212
0.623456
0.184104
0.381454
0.241164
0.662
0.16181
0.61664
0.662
0.149488
0.550744
0.421619
0.000927125
0.518498
0.640036
0.0582942
0.225704
0.341209
0.138412
0.534867
0.662
0.580407
0.0794846
0.124977
0.662
0.0235462
0.639542
0.0939245
0.373906
0.144586
0.397295
0.0764564
0.492925
0.45655
0.150225
0.662
0.552468
0.426696
0.53155
0.0896882
0.146077
0.00478103
0.106219
0.190665
0.107664
0.193362
0.219373
0.411118
0.259284
0.0679232
0.0398675
0.129854
0.662
0.0781031
0.662
0.0321188
0.188081
0.242269
0.106129
0.0597011
0.235602
0.560087
0.152249
0.0778791
0.173626
0.558995
0.164895
0.276385
0.662
0.323705
0.086251
0.662
0.246207
0.386159
0.455411
0.40792
0.57141
0.183905
0.146414
0.175429
0.567585
0.493906
0.317069
0.11801
0.0923657
0.0584805
0.0604002
0.294512
0.145155
0.43167
0.145834
0.662
0.348493
0.409957
0.114878
0.435242
0.119638
0.662
0.662
0.276635
0.534331
0.0597868
0.00566207
0.0729345
0.34099
0.500219
0.00627581
0.297057
0.39135
0.121278
0.662
0.0977443
0.0153436
0.508002
0.126495
0.175793
0.0860475
0.572222
0.171938
0.662
0.20403
0.126082
0.536121
0.662
0.662
0.234304
0.0764436
0.662
0.662
0.187792
0.662
0.107562
0.147758
0.441205
0.0541129
0.194124
0.662
0.20245
0.262318
0.247395
0.662
0.094298
0.158333
0.31476
0.452968
0.223419
0.0300634
0.193447
0.154316
0.112093
0.662
0.0937795
0.19014
0.65891
0.295464
0.188947
0.218026
0.158665
0.0413955
0.414872
0.413245
0.0263801
0.662
0.0578746
0.477085
0.662
0.342258
0.49645
0.662
0.026637
0.0937548
0.662
0.25794
0.662
0.0485722
0.216993
0.0942276
0.16454
0.324094
0.0882973
0.662
0.584803
0.133843
0.428038
0.0501085
0.0825854
0.579019
0.0375886
0.22184
0.197903
0.290545
0.144836
0.662
0.662
0.0763963
0.152114
0.27807
0.221168
0.25595
0.104286
0.195508
0.146037
0.496944
0.227143
0.235253
0.194653
0.563367
0.480578
0.354757
0.189103
0.38907
0.0511196
0.0908798
0.159422
0.0780383
0.0465073
0.410747
0.275022
0.662
0.0940373
0.662
0.662
0.233917
0.237002
0.113708
0.0816071
0.662
0.662
0.21106
0.165911
0.25613
0.662
0.252392
0.572573
0.0138597
0.00254023
0.280517
0.175502
0.0450134
0.662
0.362658
0.134985
0.287433
0.306039
0.368286
0.0895496
0.391615
0.560363
0.158576
0.304611
0.339383
0.122781
0.274485
0.156493
0.213921
0.076209
0.261322
0.219603
0.662
0.662
0.182187
0.41774
0.559378
0.0855043
0.353468
0.662
0.0849034
0.0666024
0.12036
0.1024
0.0505614
0.0929156
0.358719
0.427068
0.662
0.662
0.46208
0.662
0.662
0.200333
0.14453
0.117932
0.662
0.392824
0.662
0.165832
0.116672
0.195367
0.276688
0.396109
0.378344
0.06325
0.46043
0.662
0.201746
0.124897
0.662
0.235111
0.203945
0.357967
0.273753
0.143535
0.168852
0.0453523
0.54453
0.262957
0.619027
0.662
0.201234
0.154024
0.363444
0.401293
0.160537
0.117337
0.189665
0.662
0.301225
0.512959
0.025501
0.662
0.211138
0.0924974
0.199489
0.115467
0.365609
0.0755638
0.545414
0.427802
0.482206
0.662
0.557262
0.544947
0.263323
0.662
0.213757
0.662
0.533763
0.195826
0.494044
0.0847277
0.259246
0.308247
0.183707
0.662
0.110211
0.205124
0.662
0.662
0.662
0.662
0.0759855
0.132163
0.175595
0.266977
0.220902
0.047912
0.214145
0.260278
0.223988
0.405813
0.17334
0.662
0.0654385
0.212594
0.116427
0.163566
0.0106605
0.098373
0.465759
0.203279
0.358056
0.662
0.233875
0.156546
0.0612373
0.224899
0.662
0.12238
0.662
0.662
0.477779
0.126569
0.224202
0.101697
0.662
0.662
0.281768
0.143094
0.184722
0.202096
0.272552
0.131348
0.407149
0.135016
0.662
0.263327
0.662
0.0629945
0.252298
0.153999
0.166776
0.662
0.662
0.0828262
0.298145
0.070834
0.662
0.0537325
0.662
0.662
0.662
0.662
0.42156
0.649334
0.371823
0.173747
0.277641
0.120446
0.380534
0.530584
0.467898
0.0430065
0.662
0.608768
0.662
0.0244953
0.662
0.0884347
0.257961
0.118829
0.145042
0.0632354
0.256723
0.194316
0.0892447
0.290491
0.24157
0.0382034
0.444551
0.0413052
0.139336
0.0690146
0.662
0.401225
0.206201
0.662
0.662
0.18793
0.0896819
0.458208
0.0979265
0.496528
0.176849
0.0747589
0.0823905
0.41299
0.662
0.662
0.187171
0.214636
0.243747
0.0921335
0.0960537
0.530516
0.310893
0.359887
0.0870168
0.412231
0.380461
0.049629
0.204134
0.361783
0.662
0.229956
0.272571
0.11887
0.262166
0.1447
0.151971
0.117781
0.662
0.137353
0.216693
0.146184
0.0711873
0.662
0.207066
0.255505
0.0280489
0.182535
0.090675
0.149475
0.381687
0.245201
0.507787
0.184909
0.556593
0.327182
0.142379
0.109091
0.0655824
0.266352
0.662
0.640966
0.662
0.241188
0.285578
0.150595
0.48455
0.199873
0.299664
0.355638
0.662
0.158773
0.633694
0.207139
0.18433
0.0538301
0.0100642
0.662
0.0925028
0.0765713
0.261849
0.365746
0.563446
0.0355335
0.130569
0.0813319
0.588147
0.436686
0.0608609
0.0758026
0.258156
0.506373
0.00380276
0.00788287
0.102039
0.0999761
0.0667468
0.442738
0.390325
0.662
0.190439
0.662
0.136652
0.530966
0.662
0.186435
0.459371
0.188103
0.0798416
0.411522
0.220685
0.108117
0.0843765
0.106145
0.0886343
0.363363
0.191668
0.40403
0.150738
0.472506
0.255798
0.356606
0.662
0.0683574
0.0714846
0.00737919
0.191249
0.662
0.214811
0.0187965
0.316636
0.560731
0.12545
0.0306542
0.0957842
0.657245
0.662
0.162002
0.115379
0.100004
0.0736462
0.336114
0.103684
0.460938
0.26676
0.000155019
0.166052
0.662
0.30411
0.277585
0.152294
0.47581
0.662
0.149591
0.262972
0.662
0.463637
0.0369924
0.662
0.492981
0.395953
0.446903
0.491344
0.0508734
0.662
0.0709643
0.5555
0.24757
0.195407
0.359695
0.662
0.110734
0.336186
0.303057
0.174396
0.0982182
0.662
0.308861
0.0811396
0.298486
0.0883174
0.176012
0.00657202
0.270626
0.197999
0.662
0.106579
0.662
0.578887
0.360134
0.0803057
0.330418
0.410864
0.400703
0.0343605
0.181131
0.329624
0.587052
0.662
0.314936
0.662
0.503769
0.513473
0.0539473
0.662
0.279116
0.442403
0.186092
0.241143
0.214462
0.489882
0.0503408
0.408514
0.436357
0.339069
0.0638223
0.178281
0.297187
0.322733
0.662
0.162231
0.402268
0.630421
0.144234
0.314561
0.472266
0.662
0.662
0.0512129
0.662
0.369358
0.15788
0.116537
0.662
0.389618
0.346915
0.31351
0.0672373
0.662
0.35207
0.662
0.178623
0.197079
0.304649
0.662
0.662
0.662
0.152779
0.0907621
0.662
0.662
0.662
0.566924
0.662
0.554263
0.177904
0.104037
0.507476
0.0935332
0.185317
0.436278
0.206635
0.662
0.136708
0.662
0.112329
0.642341
0.662
0.171208
0.25029
0.662
0.179533
0.104265
0.171066
0.351282
0.323362
0.197649
0.000706529
0.366249
0.0894706
0.662
0.298745
0.43319
0.230338
0.138655
0.256916
0.0972335
0.159088
0.213088
0.662
0.258246
0.226287
0.169224
0.561818
0.506838
0.601756
0.623239
0.275679
0.250818
0.0520494
0.1794
0.0822333
0.191057
0.662
0.662
0.19336
0.284595
0.0615108
0.662
0.289411
0.410358
0.220219
0.178612
0.274323
0.183574
0.0919898
0.351763
0.153164
0.364677
0.662
0.412989
0.16578
0.404012
0.4764
0.120766
0.0821306
0.304901
0.107772
0.180335
0.137981
0.662
0.492792
0.339015
0.662
0.0991662
0.142317
0.575863
0.113676
0.662
0.497132
0.259317
0.182274
0.358478
0.658578
0.144378
0.0876201
0.424078
0.126823
0.107586
0.233599
0.0334256
0.501615
0.0735514
0.0788347
0.448277
0.373366
0.00580814
0.190356
0.519337
0.253779
0.497486
0.325047
0.439876
0.124325
0.526271
0.0611414
0.307113
0.445203
0.0584803
0.091316
0.295233
0.289852
0.34811
0.1607
0.49775
0.095317
0.248661
0.443303
0.084238
0.662
0.217508
0.483911
0.149666
0.662
0.662
0.0863805
0.396039
0.134465
0.0313271
0.221666
0.14908
0.0232624
0.104791
0.122731
0.0419849
0.301446
0.328221
0.662
0.662
0.263995
0.0671934
0.168095
0.633391
0.107298
0.662
0.062445
0.33877
0.0185445
0.215866
0.0318135
0.2999
0.142459
0.0317424
0.413776
0.662
0.2783
0.662
0.130602
0.340545
0.0896536
0.502543
0.662
0.308832
0.0996347
0.662
0.350697
0.662
0.119996
0.310514
0.327371
0.0469442
0.256185
0.225219
0.318516
0.0503832
0.353655
0.662
0.219504
0.618209
0.118506
0.171839
0.185431
0.076168
0.662
0.074991
0.662
0.166851
0.54645
0.100704
0.0765011
0.29406
0.0672818
0.2871
0.23912
0.600499
0.406682
0.169552
0.120182
0.5694
0.256122
0.662
0.329344
0.662
0.46292
0.0827001
0.107503
0.139728
0.128746
0.609869
0.138553
0.490855
0.100073
0.145341
0.0510214
0.138222
0.121631
0.231223
0.662
0.662
0.232168
0.0689038
0.0567051
0.240012
0.167261
0.252538
0.112887
0.339314
0.369761
0.12893
0.660551
0.202807
0.227608
0.662
0.218415
0.327629
0.602496
0.545259
0.121712
0.590211
0.224097
0.248512
0.662
0.21929
0.143214
0.158099
0.422111
0.0985911
0.113968
0.206596
0.137723
0.118405
0.204074
0.205779
0.0878263
0.189564
0.121302
0.662
0.57828
0.432163
0.0685435
0.408553
0.0613875
0.022774
0.26815
0.456267
0.190102
0.152945
0.330639
0.0624027
0.662
0.213354
0.662
0.210319
0.305435
0.662
0.550119
0.662
0.113986
0.163485
0.0314157
0.117482
0.300467
0.513848
0.491672
0.17389
0.257911
0.0583913
0.0715634
0.0691316
0.662
0.662
0.0778135
0.662
0.206969
0.0631047
0.0549955
0.111536
0.0961257
0.44404
0.623145
0.115551
0.0558383
0.322157
0.662
0.289707
0.0532557
0.257564
0.530954
0.662
0.662
0.183804
0.28982
0.151473
0.0817082
0.204293
0.662
0.441318
0.136867
0.0795899
0.134784
0.154928
0.0918809
0.662
0.0665065
0.0615153
0.662
0.662
0.662
0.30291
0.104576
0.272009
0.384449
0.336176
0.662
0.0866203
0.536326
0.31303
0.244519
0.272233
0.662
0.0708371
0.662
0.275291
0.191997
0.662
0.552059
0.111268
0.503389
0.0140268
0.190463
0.590833
0.0770119
0.0849409
0.30871
0.135891
0.165265
0.519411
0.530791
0.115076
0.106505
0.21954
0.410968
0.111543
0.414658
0.655674
0.477404
0.175976
0.226801
0.472547
0.179329
0.609632
0.460428
0.618521
0.446258
0.126552
0.394757
0.389798
0.633533
0.104377
0.189366
0.0954256
0.500276
0.0503169
0.212728
0.349777
0.174108
0.29519
0.207993
0.139625
0.0631586
0.182666
0.236664
0.360277
0.456495
0.188165
0.662
0.463121
0.128067
0.0469612
0.00672446
0.421873
0.446731
0.397717
0.367525
0.301901
0.662
0.662
0.662
0.148225
0.0590276
0.0734507
0.444779
0.104803
0.662
0.251385
0.311858
0.0328387
0.245348
0.142655
0.235101
0.641685
0.245866
0.075697
0.662
0.293834
0.130997
0.424219
0.361029
0.138569
0.511479
0.163429
0.661035
0.0719907
0.127468
0.258794
0.662
0.0766056
0.202249
0.396933
0.199179
0.134525
0.21761
0.34935
0.662
0.662
0.118334
0.0566167
0.139811
0.662
0.267205
0.0798745
0.119792
0.0681302
0.107462
0.289127
0.172917
0.0652237
0.662
0.428977
0.662
0.139906
0.0231883
0.139176
0.662
0.124542
0.120415
0.425399
0.662
0.13913
0.208337
0.0837179
0.0764307
0.404434
0.0421823
0.496412
0.0828133
0.0218551
0.135413
0.119526
0.662
0.167697
0.662
0.662
0.340288
0.397387
0.662
0.279578
0.094767
0.284519
0.0903018
0.353987
0.149292
0.119884
0.662
0.47717
0.320887
0.503288
0.195541
0.415552
0.125919
0.581988
0.0796783
0.483376
0.399046
0.0317121
0.662
0.208746
0.662
0.183948
0.104654
0.662
0.184103
0.54154
0.270987
0.0603857
0.0691437
0.183301
0.662
0.288052
0.662
0.164732
0.288847
0.161841
0.243512
0.348066
0.43496
0.0955153
0.442857
0.151844
0.662
0.364736
0.140208
0.110586
0.117643
0.516817
0.250612
0.472888
0.112563
0.456585
0.223168
0.1876
0.0489836
0.662
0.662
0.138543
0.129723
0.0268592
0.218168
0.0576313
0.182571
0.214202
0.127796
0.156359
0.520329
0.107123
0.662
0.150524
0.590256
0.252814
0.0942361
0.1328
0.00760635
0.4514
0.327
0.15321
0.185728
0.203772
0.276584
0.413964
0.245491
0.199282
0.662
0.363681
0.516859
0.139725
0.516632
0.0728534
0.312742
0.146148
0.662
0.662
0.662
0.147218
0.253363
0.449602
0.0750927
0.0942537
0.178722
0.178304
0.0830715
0.274881
0.127985
0.108443
0.662
0.15195
0.167521
0.145992
0.662
0.06082
0.216381
0.243727
0.194068
0.0564421
0.662
0.624419
0.0627513
0.453787
0.192062
0.334272
0.209033
0.425634
0.193767
0.322415
0.266324
0.108128
0.358371
0.197718
0.0730635
0.442206
0.0958624
0.0847534
0.0980803
0.231932
0.662
0.446599
0.0738718
0.662
0.411137
0.662
0.662
0.215703
0.141061
0.277936
0.429537
0.048091
0.0940551
0.4549
0.208573
0.0679744
0.371009
0.297662
0.15662
0.110044
0.556272
0.419766
0.196282
0.122846
0.531243
0.119376
0.662
0.152743
0.111573
0.0880289
0.662
0.662
0.0771468
0.186495
0.662
0.019809
0.251947
0.662
0.662
0.0571795
0.10059
0.662
0.142343
0.195484
0.0701624
0.22497
0.205681
0.163889
0.198335
0.247277
0.107994
0.246977
0.554205
0.506529
0.303458
0.662
0.50033
0.417499
0.110072
0.358842
0.44295
0.284286
0.0764917
0.285495
0.0460557
0.662
0.449964
0.610695
0.104311
0.662
0.0296729
0.129311
0.0700691
0.179523
0.161696
0.264151
0.147021
0.0698882
0.292004
0.662
0.253202
0.319004
0.152181
0.288629
0.0993932
0.594953
0.145741
0.255364
0.141454
0.662
0.146577
0.640279
0.640004
0.662
0.662
0.139431
0.207509
0.495215
0.265107
0.171186
0.0455843
0.382572
0.0761628
0.662
0.270224
0.0594249
0.152368
0.368457
0.0230611
0.260412
0.0619271
0.297624
0.309838
0.0902085
0.402441
0.075431
0.0876562
0.125076
0.369497
0.0111514
0.22228
0.662
0.281516
0.0783821
0.662
0.348289
0.325316
0.662
0.270997
0.203896
0.118273
0.339793
0.618634
0.0724583
0.0742591
0.662
0.216825
0.0819352
0.662
0.0812075
0.127303
0.662
0.172628
0.604499
0.155526
0.0389365
0.187089
0.362177
0.0794814
0.151334
0.0463563
0.109956
0.662
0.207557
0.0605114
0.0360612
0.186745
0.46724
0.0751073
0.187163
0.0490641
0.247841
0.10026
0.0455983
0.0894435
0.0681143
0.056595
0.10657
0.0762129
0.0747771
0.141173
0.234887
0.1328
0.662
0.662
0.662
0.424803
0.517867
0.131476
0.662
0.0779092
0.195238
0.662
0.0931864
0.662
0.179957
0.075227
0.662
0.162905
0.662
0.456855
0.226402
0.162055
0.368112
0.0932393
0.217804
0.313819
0.552481
0.158463
0.161606
0.662
0.0553691
0.05494
0.0691169
0.0453685
0.662
0.0519226
0.201403
0.263959
0.164905
0.112385
0.0891329
0.662
0.365388
0.160526
0.154972
0.662
0.230775
0.605417
0.116432
0.634739
0.263819
0.662
0.111131
0.333835
0.0947156
0.24524
0.662
0.50638
0.536087
0.662
0.32833
0.0544306
0.662
0.0651447
0.185223
0.133443
0.126452
0.371343
0.133609
0.034235
0.662
0.213652
0.662
0.314641
0.662
0.19249
0.662
0.168126
0.662
0.662
0.213737
0.193472
0.0944133
0.662
0.125157
0.662
0.0811839
0.662
0.269027
0.377861
0.00554719
0.662
0.0212203
0.104397
0.0593797
0.121341
0.114355
0.213911
0.531209
0.214435
0.117667
0.435886
0.102167
0.122484
0.464072
0.414628
0.662
0.174567
0.286947
0.309214
0.0802124
0.34918
0.343797
0.0145535
0.2046
0.0609853
0.0114462
0.662
0.214656
0.662
0.313133
0.193321
0.491218
0.620817
0.255845
0.0330026
0.3562
0.662
0.242072
0.101581
0.662
0.0481872
0.351866
0.0892954
0.0989903
0.165959
0.204916
0.174544
0.662
0.104068
0.147129
0.662
0.144891
0.141493
0.266933
0.313985
0.662
0.204685
0.299212
0.145554
0.266366
0.110055
0.0668907
0.183488
0.203473
0.0425917
0.369303
0.218837
0.595647
0.662
0.0128236
0.281327
0.483358
0.472131
0.662
0.42808
0.043075
0.249163
0.338223
0.0854355
0.181723
0.662
0.550036
0.0640749
0.035731
0.662
0.254755
0.256754
0.143257
0.596804
0.5331
0.447927
0.662
0.282984
0.331513
0.212242
0.493504
0.169109
0.290421
0.104037
0.222717
0.179478
0.111945
0.451837
0.0685387
0.662
0.100414
0.662
0.218212
0.0751167
0.292899
0.129722
0.17193
0.150678
0.645178
0.0957093
0.34923
0.029905
0.332471
0.0934028
0.172635
0.662
0.186704
0.442524
0.215355
0.662
0.436014
0.154267
0.199434
0.202116
0.662
0.5571
0.662
0.662
0.145942
0.12531
0.279169
0.354504
0.253323
0.411964
0.111314
0.00556633
0.218785
0.22172
0.0577137
0.17944
0.662
0.152855
0.215895
0.0934992
0.220855
0.0917673
0.219225
0.662
0.662
0.662
0.0950931
0.115201
0.070927
0.192494
0.58562
0.257775
0.277704
0.058343
0.224961
0.650678
0.194065
0.240966
0.0626049
0.0346548
0.383664
0.189473
0.056397
0.270383
0.494836
0.231363
0.610613
0.0209591
0.218589
0.0562258
0.37233
0.122963
0.662
0.662
0.339705
0.299952
0.0627313
0.662
0.644126
0.197154
0.298336
0.114704
0.574404
0.0275581
0.101519
0.662
0.21253
0.14326
0.147352
0.0504873
0.388123
0.247985
0.476276
0.191306
0.0848072
0.070338
0.555449
0.21243
0.418438
0.662
0.345321
0.244746
0.0429587
0.0737772
0.172166
0.212234
0.464808
0.0892923
0.662
0.526937
0.0409411
0.503606
0.501899
0.259019
0.62353
0.141152
0.00783568
0.461394
0.214725
0.246461
0.662
0.217449
0.518423
0.137497
0.662
0.662
0.662
0.514201
0.113852
0.130515
0.600172
0.0837673
0.394649
0.124374
0.0064877
0.662
0.355587
0.261244
0.223956
0.662
0.521754
0.173141
0.155525
0.0445736
0.311143
0.576425
0.196843
0.176991
0.662
0.662
0.547101
0.121833
0.048379
0.563566
0.310376
0.636818
0.0689488
0.423841
0.251431
0.212874
0.559266
0.421636
0.662
0.662
0.0159493
0.125653
0.583717
0.100669
0.0951547
0.0958731
0.183449
0.0903388
0.184975
0.406547
0.377859
0.600892
0.662
0.0646247
0.40222
0.42387
0.662
0.0932074
0.459747
0.662
0.125659
0.0959646
0.409772
0.662
0.218626
0.197461
0.106292
0.120256
0.429224
0.226885
0.120013
0.163377
0.0934415
0.183363
0.39883
0.0765765
0.308076
0.0685316
0.115245
0.11119
0.099932
0.228125
0.112456
0.0452985
0.200502
0.177022
0.0554997
0.284303
0.662
0.196812
0.255965
0.227485
0.257717
0.0321965
0.662
0.453055
0.192091
0.38426
0.199972
0.662
0.204952
0.166537
0.118182
0.662
0.662
0.0614393
0.662
0.331832
0.19167
0.643643
0.309308
0.662
0.241667
0.0702121
0.275958
0.218551
0.179446
0.438004
0.0748628
0.0830403
0.290048
0.173248
0.153195
0.662
0.357506
0.297571
0.421271
0.274157
0.135057
0.292809
0.11232
0.224524
0.462963
0.125712
0.221663
0.0185706
0.662
0.662
0.0639362
0.146288
0.46618
0.214164
0.662
0.139218
0.662
0.414928
0.662
0.450274
0.206913
0.208437
0.459265
0.358138
0.23138
0.349974
0.213753
0.63003
0.361927
0.153786
0.354553
0.114287
0.662
0.662
0.0455814
0.446769
0.310313
0.0932117
0.04105
0.662
0.33416
0.427309
0.186568
0.243474
0.0985037
0.406049
0.13727
0.514003
0.662
0.552748
0.632798
0.463108
0.13015
0.662
0.0875478
0.285285
0.620281
0.662
0.0923127
0.449875
0.25773
0.662
0.471153
0.303283
0.662
0.146578
0.289147
0.160372
0.313794
0.0266283
0.00819247
0.100638
0.135616
0.312741
0.256463
0.0990237
0.0495499
0.17152
0.53957
0.149356
0.197708
0.171903
0.581798
0.649329
0.388865
0.293367
0.390121
0.278444
0.36436
0.44572
0.662
0.284611
0.44253
0.662
0.662
0.110632
0.396294
0.0954322
0.108366
0.614494
0.166232
0.0747166
0.212438
0.662
0.172111
0.0515704
0.0725793
0.494574
0.662
0.12721
0.128505
0.159318
0.662
0.662
0.103832
0.116156
0.662
0.331453
0.662
0.148877
0.20531
0.176091
0.53091
0.662
0.368861
0.0807997
0.620004
0.662
0.65963
0.662
0.385821
0.253538
0.662
0.252965
0.0388784
0.662
0.221019
0.176537
0.391462
0.0523454
0.662
0.662
0.662
0.071652
0.662
0.591544
0.225276
0.33447
0.662
0.0481636
0.662
0.662
0.286197
0.414936
0.0782282
0.0359615
0.246669
0.302491
0.277941
0.0425659
0.418315
0.65798
0.192486
0.662
0.42925
0.0783599
0.478629
0.496398
0.127985
0.53668
0.662
0.396983
0.266551
0.245103
0.662
0.209685
0.0366149
0.159814
0.11995
0.286233
0.293179
0.662
0.24886
0.662
0.0715886
0.0740644
0.207397
0.0525564
0.662
0.147118
0.322615
0.407409
0.226429
0.20312
0.662
0.662
0.319113
0.326769
0.220981
0.135737
0.0498704
0.153735
0.0730759
0.278067
0.447297
0.406088
0.183229
0.427471
0.0365396
0.133547
0.058497
0.254051
0.199814
0.184116
0.172798
0.328604
0.662
0.148966
0.597093
0.356785
0.22445
0.21177
0.662
0.0290522
0.238125
0.17704
0.417143
0.312642
0.220979
0.408928
0.457533
0.120168
0.214911
0.662
0.402291
0.383913
0.0672885
0.161311
0.44914
0.116246
0.475994
0.390332
0.293823
0.211029
0.154541
0.662
0.201933
0.253566
0.296562
0.471418
0.662
0.103459
0.427015
0.199961
0.11459
0.321856
0.662
0.662
0.0672025
0.420982
0.0616384
0.382623
0.361863
0.151503
0.36548
0.470356
0.344927
0.099624
0.2144
0.317804
0.12885
0.146676
0.0850748
0.288991
0.0674312
0.0953286
0.295173
0.662
0.0669785
0.662
0.534286
0.195197
0.0702167
0.0899885
0.662
0.399309
0.0903057
0.367825
0.202463
0.538056
0.247855
0.245669
0.115787
0.467771
0.662
0.511766
0.519802
0.0725408
0.348126
0.194365
0.251607
0.662
0.180536
0.393647
0.2619
0.216075
0.633937
0.662
0.56661
0.183549
0.319166
0.462607
0.3039
0.140439
0.185012
0.101071
0.0487356
0.0980359
0.145976
0.0773695
0.191092
0.285477
0.163888
0.118833
0.362674
0.204486
0.376594
0.31701
0.662
0.403461
0.662
0.150746
0.128301
0.124527
0.662
0.188395
0.229381
0.618427
0.662
0.553354
0.252055
0.297141
0.136917
0.384657
0.247623
0.19124
0.203922
0.662
0.0975887
0.513033
0.0409033
0.267987
0.239132
0.0762853
0.121613
0.662
0.336333
0.210037
0.134987
0.662
0.584369
0.217976
0.662
0.410975
0.0325138
0.179264
0.243009
0.121969
0.204836
0.0236693
0.662
0.28952
0.662
0.157427
0.108208
0.0733444
0.662
0.582834
0.484729
0.662
0.0835563
0.662
0.133979
0.223157
0.165734
0.477861
0.0991215
0.465588
0.662
0.445185
0.335148
0.188861
0.156457
0.662
0.186631
0.0840301
0.564665
0.186674
0.662
0.412267
0.246916
0.662
0.489707
0.170247
0.179265
0.385715
0.249299
0.662
0.111829
0.149842
0.0630108
0.205918
0.201644
0.0538905
0.302131
0.662
0.662
0.133364
0.156067
0.0601578
0.213787
0.662
0.369828
0.128961
0.394663
0.13679
0.229746
0.662
0.344659
0.320173
0.526425
0.0378327
0.138852
0.601664
0.662
0.255127
0.15795
0.216408
0.620465
0.168298
0.263859
0.200226
0.122901
0.469718
0.246831
0.323136
0.434866
0.0549866
0.662
0.442871
0.662
0.114115
0.41302
0.232554
0.3794
0.0501925
0.662
0.209691
0.055364
0.662
0.422946
0.0843861
0.398055
0.662
0.334034
0.524509
0.0455025
0.111821
0.354192
0.266422
0.353123
0.0542033
0.188443
0.128987
0.226698
0.662
0.307675
0.662
0.239363
0.430283
0.0411138
0.165318
0.181152
0.163461
0.470815
0.662
0.198059
0.523589
0.590537
0.187384
0.179587
0.228335
0.0453021
0.221922
0.19114
0.0948734
0.178864
0.363159
0.0269319
0.480483
0.147942
0.197256
0.29109
0.0817652
0.0600297
0.0226154
0.34314
0.0767327
0.662
0.662
0.662
0.203769
0.662
0.237253
0.662
0.662
0.239718
0.326027
0.0892343
0.225758
0.126379
0.219193
0.0757943
0.0418059
0.390573
0.217143
0.192456
0.151624
0.109419
0.662
0.0792442
0.193758
0.427668
0.0637092
0.149838
0.0557071
0.0702834
0.219798
0.00105755
0.662
0.0667036
0.00239336
0.418548
0.336971
0.662
0.227856
0.577321
0.294655
0.14082
0.461241
0.373762
0.662
0.0229191
0.139832
0.0492536
0.150747
0.662
0.209175
0.662
