0.245748
0.195879
0.104612
0.209004
0.0124879
0.386751
0.105982
0.536554
0.409997
0.642233
0.662
0.196342
0.0943156
0.410898
0.203268
0.662
0.117891
0.568331
0.274809
0.183548
0.662
0.244327
0.567263
0.163938
0.356651
0.234048
0.119458
0.104777
0.150036
0.467122
0.321061
0.332009
0.0887349
0.258713
0.207112
0.177554
0.112376
0.12196
0.662
0.352052
0.454094
0.258477
0.34858
0.298479
0.662
0.662
0.332665
0.390791
0.34137
0.327916
0.662
0.656328
0.0173148
0.140898
0.468193
0.106734
0.599433
0.202507
0.189781
0.247119
0.0748132
0.0739299
0.284965
0.232621
0.369825
0.339768
0.227091
0.662
0.131524
0.350046
0.38201
0.0239147
0.54386
0.145403
0.662
0.109605
0.396479
0.128622
0.410785
0.662
0.273648
0.474592
0.296386
0.0399958
0.134449
0.271949
0.662
0.0116864
0.635069
0.1107
0.179652
0.399239
0.121625
0.4805
0.149273
0.0176447
0.424175
0.418833
0.129386
0.605779
0.175437
0.462123
0.662
0.177307
0.625348
0.0886374
0.662
0.101155
0.0995002
0.414509
0.397007
0.391849
0.467636
0.0843061
0.390823
0.630506
0.0377989
0.662
0.168739
0.107447
0.060763
0.181013
0.0089605
0.177491
0.141745
0.384944
0.153685
0.0273192
0.340049
0.62256
0.354084
0.17769
0.0810499
0.232225
0.212371
0.563495
0.44026
0.640991
0.382639
0.179092
0.140889
0.0888462
0.0440162
0.351496
0.149888
0.454201
0.356476
0.662
0.412148
0.662
0.625378
0.271135
0.108776
0.346728
0.383172
0.345834
0.109263
0.0270615
0.151851
0.662
0.636459
0.255964
0.662
0.662
0.131142
0.00108525
0.0589489
0.0484322
0.386248
0.0307815
0.0851944
0.662
0.0793536
0.662
0.0723719
0.228967
0.0641672
0.203825
0.470618
0.0585192
0.109941
0.130693
0.231045
0.12326
0.0983279
0.556591
0.0541254
0.350176
0.662
0.662
0.0402454
0.22116
0.662
0.353416
0.152472
0.447139
0.100529
0.662
0.1196
0.0400896
0.394806
0.423229
0.0204763
0.368623
0.662
0.0804197
0.366487
0.173563
0.288456
0.0811488
0.15665
0.100762
0.329744
0.23151
0.534631
0.615221
0.134083
0.662
0.237353
0.662
0.147038
0.318984
0.0177226
0.0532147
0.308208
0.135725
0.662
0.125453
0.135552
0.270077
0.0509008
0.34459
0.61816
0.207339
0.235614
0.298076
0.116038
0.0519682
0.594214
0.227732
0.662
0.311002
0.662
0.463978
0.445648
0.662
0.362885
0.662
0.465419
0.0721163
0.0478173
0.000306749
0.116919
0.130785
0.6485
0.662
0.199925
0.0700126
0.0606287
0.478035
0.0321225
0.662
0.0887273
0.169677
0.295607
0.558572
0.0142627
0.0584747
0.00276824
0.139109
0.662
0.662
0.662
0.437907
0.372828
0.418126
0.189687
0.0710068
0.546744
0.184625
0.662
0.469308
0.113246
0.0933589
0.47247
0.179391
0.198339
0.662
0.306217
0.521056
0.223005
0.240209
0.500536
0.15934
0.331585
0.185656
0.58593
0.662
0.0729617
0.0818475
0.306428
0.116195
0.496567
0.478071
0.662
0.232543
0.403774
0.624537
0.466455
0.340058
0.452337
0.418547
0.270917
0.366321
0.0678548
0.662
0.513988
0.11203
0.0622413
0.662
0.662
0.16318
0.071024
0.166986
0.289093
0.662
0.0408202
0.662
0.540432
0.346631
0.145963
0.190814
0.0492988
0.452636
0.165439
0.662
0.309717
0.195768
0.472532
0.150458
0.464613
0.125716
0.354035
0.176372
0.208541
0.279179
0.258509
0.0671792
0.197648
0.227133
0.208485
0.406452
0.109559
0.244423
0.262642
0.0771084
0.662
0.0665885
0.0194487
0.0822383
0.182444
0.111099
0.20779
0.131401
0.157534
0.662
0.395142
0.264407
0.505587
0.117896
0.293134
0.199074
0.474704
0.304559
0.597216
0.119753
0.163798
0.135438
0.662
0.123752
0.440194
0.662
0.197287
0.382203
0.0399813
0.662
0.662
0.190443
0.360837
0.253621
0.549367
0.0234893
0.0452884
0.30398
0.189165
0.171283
0.620435
0.0788038
0.060865
0.662
0.662
0.155237
0.145716
0.281654
0.662
0.335992
0.662
0.0510066
0.212025
0.190392
0.440205
0.249933
0.331973
0.0318878
0.292762
0.401851
0.15008
0.388071
0.25629
0.662
0.28037
0.662
0.662
0.24243
0.00724123
0.0581532
0.376022
0.662
0.49009
0.275686
0.346906
0.0757359
0.578257
0.619036
0.00287428
0.662
0.662
0.556834
0.155505
0.244711
0.662
0.512479
0.187392
0.0505465
0.270449
0.0541059
0.00515901
0.00183957
0.579906
0.137925
0.186278
0.662
0.597718
0.51659
0.104973
0.0864272
0.650198
0.449616
0.212865
0.640521
0.0138655
0.193125
0.662
0.0880443
0.206015
0.662
0.211167
0.00750421
0.297209
0.662
0.208921
0.662
0.662
0.434997
0.0287685
0.313827
0.19977
0.662
0.224905
0.116803
0.15859
0.48534
0.368098
0.172494
0.662
0.218482
0.437378
0.316209
0.320533
0.142312
0.258099
0.0217283
0.216579
0.114618
0.238713
0.55554
0.662
0.13796
0.405618
0.19022
0.588722
0.0549256
0.10164
0.0335939
0.385486
0.578284
0.662
0.00154595
0.0488577
0.22866
0.1085
0.111171
0.107172
0.108906
0.0303934
0.103283
0.292916
0.147117
0.121752
0.133643
0.0918838
0.0959611
0.082837
0.177189
0.577781
0.171397
0.662
0.550171
0.662
0.0721094
0.158163
0.662
0.367172
0.461616
0.662
0.346609
0.662
0.636467
0.25987
0.0936821
0.253419
0.18654
0.0730006
0.468008
0.53638
0.420621
0.121988
0.108322
0.0488589
0.111041
0.339506
0.258299
0.593664
0.525235
0.185049
0.123554
0.286948
0.185551
0.184318
0.176793
0.430179
0.0970322
0.364182
0.662
0.0779082
0.093031
0.0298498
0.120109
0.107306
0.205608
0.662
0.13586
0.0472701
0.548863
0.609926
0.334002
0.319608
0.277842
0.0843938
0.662
0.343914
0.0931433
0.3383
0.0740385
0.547536
0.63339
0.495615
0.171732
0.105566
0.205988
0.662
0.662
0.446388
0.104148
0.188439
0.306452
0.290412
0.591808
0.29957
0.315702
0.216663
0.662
0.275919
0.656704
0.662
0.110829
0.549625
0.0814856
0.258218
0.503573
0.662
0.408896
0.506575
0.288237
0.40957
0.662
0.241529
0.115976
0.311599
0.662
0.322996
0.278806
0.456119
0.268495
0.129277
0.662
0.430768
0.457281
0.00498634
0.178173
0.662
0.176082
0.141252
0.346089
0.0857082
0.147394
0.628125
0.180468
0.0578601
0.22633
0.0511477
0.211428
0.297178
0.662
0.153851
0.0713178
0.350801
0.275937
0.387168
0.203421
0.164355
0.20221
0.441063
0.269448
0.662
0.226766
0.193424
0.662
0.168694
0.117015
0.662
0.274497
0.0675351
0.584565
0.486931
0.20598
0.0852079
0.147313
0.159286
0.0499677
0.0212351
0.384878
0.422944
0.24524
0.0692178
0.0695233
0.648474
0.268773
0.123488
0.441311
0.662
0.300275
0.120177
0.072182
0.141608
0.0660069
0.662
0.227294
0.133702
0.662
0.127784
0.105565
0.0924216
0.083583
0.405775
0.122134
0.158687
0.0921369
0.124423
0.275404
0.146175
0.0702494
0.586432
0.0271319
0.662
0.443371
0.493921
0.03616
0.272373
0.662
0.275547
0.662
0.662
0.279522
0.306919
0.662
0.227651
0.0980469
0.349586
0.235157
0.202457
0.273022
0.183502
0.391988
0.0629286
0.307553
0.0892019
0.547282
0.235676
0.662
0.218491
0.334008
0.103548
0.100217
0.107244
0.2311
0.662
0.662
0.662
0.287682
0.662
0.561857
0.215763
0.370188
0.216364
0.620228
0.6008
0.0364551
0.575397
0.440873
0.537233
0.120847
0.0878006
0.626507
0.0938992
0.496345
0.224071
0.133382
0.0181181
0.236673
0.570609
0.149682
0.638302
0.587065
0.139663
0.0610756
0.0895723
0.526365
0.662
0.124525
0.540074
0.0821189
0.032034
0.208647
0.662
0.0620582
0.0553937
0.662
0.514087
0.0637111
0.104072
0.327221
0.116339
0.272776
0.167568
0.662
0.654245
0.354231
0.662
0.0887821
0.327995
0.510237
0.578195
0.137102
0.016538
0.0173789
0.521876
0.187562
0.0177837
0.545779
0.0588722
0.0842474
0.655927
0.0158242
0.662
0.662
0.662
0.662
0.120919
0.280096
0.662
0.0834739
0.359253
0.0799036
0.662
0.231459
0.116765
0.129441
0.105078
0.447647
0.387662
0.154155
0.662
0.110616
0.662
0.368594
0.277521
0.382674
0.611903
0.190329
0.222568
0.0876283
0.223761
0.662
0.087854
0.258222
0.0669303
0.3681
0.14229
0.254604
0.410015
0.657963
0.0810672
0.609197
0.0922806
0.0963531
0.393666
0.12974
0.373218
0.379874
0.662
0.662
0.135949
0.662
0.23669
0.593422
0.662
0.139568
0.662
0.662
0.128009
0.286672
0.234465
0.662
0.232497
0.402024
0.343857
0.353613
0.468507
0.11009
0.158303
0.552221
0.449846
0.523464
0.201405
0.662
0.109401
0.0400768
0.0781921
0.291554
0.576652
0.153667
0.662
0.2876
0.0478123
0.296581
0.319574
0.096686
0.629622
0.502935
0.662
0.373575
0.0691204
0.205437
0.0855839
0.32023
0.662
0.356368
0.662
0.544394
0.0564016
0.48264
0.29866
0.206512
0.0945141
0.180503
0.631441
0.304473
0.152318
0.279799
0.244437
0.205666
0.191282
0.398292
0.151241
0.662
0.109693
0.321819
0.147355
0.269526
0.211671
0.576798
0.0875167
0.162789
0.618459
0.217965
0.644176
0.0208018
0.0606569
0.202523
0.209069
0.662
0.124465
0.00666324
0.197122
0.191847
0.547265
0.0681007
0.218956
0.318427
0.187076
0.425492
0.00569731
0.662
0.294086
0.413432
0.662
0.256772
0.188995
0.0582125
0.230983
0.231917
0.052398
0.445755
0.466758
0.622472
0.662
0.662
0.171903
0.313114
0.093675
0.312174
0.662
0.318381
0.329563
0.130418
0.128137
0.219054
0.662
0.127721
0.0865136
0.117869
0.584578
0.16478
0.564586
0.662
0.21039
0.20875
0.263135
0.23585
0.108786
0.080925
0.662
0.472603
0.0700408
0.296669
0.342827
0.078046
0.329007
0.311975
0.114338
0.254335
0.660497
0.326683
0.148119
0.524537
0.59198
0.662
0.0418143
0.0509765
0.662
0.365143
0.0160674
0.662
0.662
0.138421
0.219637
0.535382
0.662
0.381431
0.212317
0.112904
0.104163
0.0054647
0.0384886
0.168734
0.0720463
0.219694
0.215775
0.24269
0.643702
0.379749
0.178305
0.0359595
0.193013
0.474162
0.257108
0.150561
0.163175
0.662
0.0934883
0.662
0.662
0.662
0.395873
0.179309
0.187153
0.0928026
0.0635209
0.118376
0.0813936
0.662
0.434968
0.069262
0.662
0.662
0.12024
0.259903
0.0728378
0.385078
0.167704
0.21383
0.0538103
0.1494
0.110711
0.147424
0.0384718
0.507841
0.228339
0.132793
0.37182
0.182411
0.117275
0.432204
0.35038
0.0466889
0.369122
0.0607685
0.0606496
0.128348
0.662
0.260673
0.379768
0.229218
0.45386
0.33783
0.183877
0.477784
0.0649593
0.390863
0.0987832
0.662
0.638792
0.204836
0.594455
0.0453821
0.379504
0.267245
0.528103
0.0574866
0.205047
0.0744402
0.288656
0.106199
0.14879
0.585355
0.0343596
0.263978
0.662
0.0431237
0.570163
0.515537
0.0940315
0.449134
0.662
0.187022
0.112257
0.069325
0.185297
0.446351
0.265112
0.0742796
0.662
0.578611
0.0716136
0.454007
0.222948
0.505435
0.145228
0.0443903
0.225962
0.204466
0.662
0.374126
0.162364
0.662
0.214404
0.117834
0.10982
0.139881
0.662
0.0954276
0.318969
0.132395
0.203813
0.42571
0.662
0.12809
0.24175
0.662
0.488448
0.662
0.334976
0.662
0.101175
0.398308
0.404602
0.301191
0.0172117
0.662
0.233463
0.242161
0.138728
0.0834638
0.0549683
0.251231
0.111417
0.437986
0.643694
0.615829
0.24802
0.157258
0.0837458
0.662
0.0982201
0.662
0.0429797
0.0344915
0.662
0.662
0.657405
0.289606
0.140159
0.0607644
0.0709593
0.248834
0.428266
0.586039
0.447288
0.136849
0.15441
0.462143
0.241993
0.562637
0.113356
0.0834693
0.146183
0.629706
0.137389
0.293598
0.159784
0.0656887
0.11603
0.331525
0.193232
0.53578
0.400297
0.278431
0.147588
0.114448
0.633086
0.143329
0.0770216
0.383218
0.432201
0.328301
0.178833
0.232565
0.0976666
0.273691
0.554234
0.281746
0.371757
0.0982296
0.105318
0.0335293
0.0779651
0.353066
0.340181
0.662
0.21628
0.314879
0.351635
0.184586
0.113143
0.471292
0.46958
0.186556
0.640086
0.149076
0.113508
0.234983
0.556131
0.351069
0.662
0.662
0.405549
0.195198
0.312629
0.393979
0.194237
0.46424
0.104323
0.113607
0.51985
0.265732
0.0859534
0.309825
0.0542806
0.55334
0.244253
0.325157
0.438642
0.0818141
0.662
0.662
0.167923
0.0707207
0.186593
0.662
0.2947
0.268392
0.0239562
0.287764
0.00269123
0.662
0.0268142
0.169367
0.269503
0.471341
0.280235
0.129072
0.103954
0.184849
0.133801
0.662
0.1696
0.232511
0.662
0.662
0.360851
0.117815
0.52575
0.177629
0.251584
0.265584
0.313619
0.662
0.478034
0.0776616
0.443609
0.219017
0.10413
0.0706373
0.101809
0.134426
0.0878384
0.264438
0.180013
0.662
0.53064
0.0627431
0.312429
0.0592741
0.662
0.18316
0.231257
0.662
0.162375
0.0821274
0.662
0.0502443
0.107181
0.662
0.456549
0.455446
0.662
0.0575284
0.200138
0.494377
0.175184
0.378355
0.662
0.0491779
0.126044
0.5775
0.625042
0.0619856
0.19687
0.195754
0.21911
0.432817
0.293821
0.38869
0.0988393
0.367834
0.408451
0.232193
0.108477
0.167524
0.534221
0.435155
0.351083
0.323789
0.137965
0.175165
0.438814
0.172633
0.311139
0.183665
0.576965
0.662
0.178557
0.0817013
0.191239
0.214897
0.57555
0.662
0.662
0.434389
0.105683
0.148304
0.0331863
0.446558
0.60889
0.662
0.374175
0.290449
0.397187
0.185859
0.382208
0.284644
0.0909235
0.193261
0.254135
0.183662
0.662
0.606255
0.109819
0.0846651
0.245604
0.0561945
0.265937
0.53441
0.254188
0.253077
0.0398428
0.474991
0.212741
0.300553
0.321142
0.089566
0.160314
0.12771
0.273019
0.130465
0.662
0.225438
0.0420049
0.55174
0.623141
0.549697
0.662
0.087154
0.144701
0.0526419
0.0732544
0.29107
0.273295
0.39322
0.344232
0.472718
0.0874632
0.662
0.2392
0.127147
0.148736
0.215797
0.0841888
0.0539407
0.662
0.449872
0.38596
0.159276
0.145711
0.284228
0.254535
0.47751
0.237201
0.0458729
0.24811
0.439268
0.271149
0.1366
0.33891
0.64197
0.350004
0.525937
0.351441
0.344326
0.286325
0.608385
0.0994003
0.0650268
0.076063
0.0174755
0.263961
0.350264
0.262856
0.25168
0.419638
0.348836
0.662
0.412176
0.159773
0.0231332
0.0876066
0.662
0.188321
0.662
0.591792
0.402183
0.200878
0.313106
0.0908992
0.225166
0.261995
0.236863
0.308193
0.280644
0.402708
0.527367
0.0153148
0.387731
0.208865
0.0772791
0.270209
0.296179
0.662
0.391746
0.334843
0.489406
0.0271494
0.34872
0.245117
0.145057
0.662
0.418447
0.0201588
0.16788
0.079351
0.129825
0.0594926
0.411856
0.092729
0.323284
0.148547
0.197694
0.105666
0.052778
0.0702062
0.0700931
0.226105
0.383569
0.61317
0.473221
0.217333
0.662
0.64761
0.207989
0.13027
0.184618
0.0270084
0.0942528
0.165055
0.165137
0.662
0.0350748
0.414601
0.0766519
0.0560516
0.175345
0.121529
0.662
0.210651
0.0872762
0.203825
0.200138
0.616299
0.41827
0.157725
0.237036
0.25946
0.470354
0.662
0.093749
0.0774896
0.323398
0.612904
0.163267
0.0771879
0.146428
0.0663988
0.015311
0.136221
0.662
0.104474
0.581796
0.214767
0.0425256
0.662
0.1365
0.0777868
0.0551634
0.135323
0.461166
0.414619
0.108374
0.126231
0.124757
0.144337
0.662
0.0673938
0.0743579
0.662
0.662
0.205123
0.101932
0.282945
0.0330352
0.24068
0.0673256
0.107983
0.16211
0.392879
0.293903
0.65732
0.422833
0.0405726
0.272262
0.225873
0.240678
0.616027
0.195432
0.662
0.337996
0.205951
0.032807
0.446529
0.0814557
0.36059
0.0849153
0.406901
0.662
0.491702
0.115204
0.166833
0.416418
0.367217
0.0964518
0.662
0.208465
0.349948
0.323718
0.298079
0.662
0.092042
0.112303
0.0938421
0.504196
0.116051
0.26677
0.173621
0.375267
0.0246291
0.15539
0.23329
0.395892
0.320838
0.130563
0.036195
0.42666
0.36308
0.239349
0.532421
0.593168
0.545187
0.0710461
0.0771583
0.0336522
0.133515
0.662
0.216426
0.498529
0.464886
0.185731
0.0834711
0.117374
0.662
0.5695
0.121605
0.0982428
0.256805
0.0827991
0.400304
0.184567
0.662
0.115679
0.0446064
0.145393
0.115571
0.149219
0.1943
0.180266
0.183023
0.652758
0.16927
0.32291
0.337186
0.100638
0.0841578
0.114213
0.0798235
0.662
0.0710612
0.662
0.39997
0.415679
0.134424
0.662
0.422316
0.233372
0.618082
0.662
0.476424
0.10723
0.467962
0.662
0.128172
0.140741
0.138037
0.641147
0.0495996
0.41654
0.153129
0.206392
0.0366749
0.2915
0.461927
0.237905
0.478661
0.662
0.266473
0.662
0.424841
0.662
0.18003
0.0860678
0.662
0.639011
0.532868
0.249583
0.0696713
0.634469
0.060773
0.662
0.226067
0.0648175
0.662
0.212656
0.358242
0.10134
0.0649685
0.0861799
0.459931
0.328649
0.0357296
0.0683497
0.410587
0.662
0.662
0.662
0.120804
0.102144
0.026228
0.53208
0.0528176
0.219224
0.132772
0.199627
0.654666
0.146284
0.603489
0.0989466
0.205674
0.254171
0.124426
0.55998
0.26476
0.268208
0.0934538
0.187591
0.631864
0.349205
0.156276
0.286733
0.475099
0.290252
0.202712
0.626386
0.30975
0.662
0.662
0.184496
0.350861
0.204733
0.642797
0.109979
0.0536249
0.392594
0.0514679
0.111352
0.23788
0.308681
0.348749
0.28744
0.366173
0.246156
0.257395
0.45327
0.0391412
0.0342879
0.108002
0.0943836
0.24944
0.133783
0.56098
0.0802536
0.298382
0.0551372
0.0330855
0.11435
0.662
0.39242
0.132738
0.648799
0.107466
0.662
0.435622
0.257346
0.187553
0.377201
0.662
0.421068
0.283019
0.262588
0.334248
0.402296
0.222144
0.0251521
0.662
0.468915
0.330816
0.541846
0.509664
0.662
0.239904
0.212855
0.662
0.248018
0.0948559
0.236616
0.44434
0.307111
0.0834517
0.662
0.662
0.272409
0.565754
0.205403
0.240357
0.163328
0.379963
0.409063
0.130316
0.555474
0.306179
0.160892
0.101022
0.662
0.235081
0.214097
0.0751341
0.662
0.00753387
0.0907069
0.443964
0.102657
0.662
0.1021
0.324238
0.238224
0.662
0.431535
0.432358
0.113464
0.0703849
0.199101
0.352383
0.361016
0.633693
0.200329
0.0905951
0.228418
0.0437399
0.0813438
0.662
0.181808
0.662
0.180329
0.559475
0.310782
0.250487
0.128671
0.662
0.108531
0.496962
0.285679
0.14339
0.406782
0.298967
0.181466
0.0786673
0.0824052
0.190484
0.662
0.605552
0.204555
0.087076
0.176427
0.394646
0.382096
0.662
0.202682
0.135881
0.0897256
0.107581
0.394129
0.101353
0.231367
0.149928
0.269951
0.344871
0.662
0.272633
0.212012
0.252999
0.256903
0.190308
0.662
0.220041
0.0682526
0.662
0.198173
0.09685
0.584584
0.25671
0.27186
0.1155
0.241304
0.662
0.227594
0.410629
0.0539819
0.457089
0.0436107
0.110777
0.272238
0.662
0.255682
0.1381
0.662
0.0835961
0.521586
0.0859524
0.177439
0.0806278
0.569952
0.507314
0.0828858
0.111753
0.194298
0.014393
0.360079
0.214411
0.337434
0.292978
0.205624
0.464821
0.0384956
0.0973511
0.578155
0.150549
0.101222
0.377188
0.52907
0.254905
0.662
0.206452
0.112968
0.0807348
0.662
0.437328
0.299262
0.596648
0.0923296
0.186865
0.268751
0.271456
0.662
0.144141
0.32238
0.559888
0.248653
0.470186
0.282515
0.16155
0.222367
0.215376
0.662
0.121348
0.140225
0.607812
0.137571
0.662
0.588445
0.306903
0.26357
0.462728
0.626384
0.458226
0.0339951
0.405685
0.0396329
0.565114
0.181531
0.593119
0.662
0.00644496
0.662
0.588132
0.242999
0.324398
0.121468
0.216531
0.188523
0.267208
0.293713
0.352477
0.0863748
0.114912
0.288527
0.662
0.662
0.0663839
0.0815921
0.574321
0.337717
0.277322
0.662
0.111688
0.110541
0.0852953
0.642809
0.373396
0.08468
0.029105
0.662
0.281766
0.193311
0.314814
0.0700968
0.662
0.272029
0.317755
0.216562
0.185284
0.339824
0.662
0.662
0.662
0.64253
0.238007
0.025182
0.572254
0.125268
0.179315
0.662
0.662
0.440639
0.0935619
0.662
0.436792
0.282181
0.377563
0.0923635
0.108321
0.104539
0.662
0.412392
0.0835462
0.0997028
0.466051
0.197579
0.542156
0.178923
0.475688
0.207958
0.138158
0.10655
0.0882252
0.662
0.113066
0.57579
0.623094
0.213721
0.0237674
0.140875
0.662
0.23739
0.45997
0.134164
0.370914
0.043041
0.576765
0.152537
0.662
0.442688
0.338566
0.232381
0.0695448
0.135969
0.341287
0.0244761
0.0936577
0.00270761
0.0963177
0.162291
0.228892
0.662
0.429159
0.631405
0.662
0.234822
0.0988095
0.424176
0.0625109
0.0834392
0.228881
0.0904065
0.662
0.302916
0.178869
0.490574
0.286018
0.185517
0.0611483
0.0728454
0.0432611
0.27599
0.340471
0.0950173
0.467131
0.572571
0.166184
0.12517
0.20524
0.134556
0.662
0.227366
0.107943
0.662
0.126029
0.662
0.0423677
0.641239
0.0907334
0.232033
0.376011
0.474817
0.349921
0.238804
0.660662
0.105025
0.291165
0.0880523
0.662
0.378046
0.287564
0.0665413
0.662
0.302607
0.662
0.0297546
0.523797
0.104376
0.0401144
0.662
0.38625
0.662
0.155452
0.199519
0.120488
0.662
0.0403419
0.573885
0.0918626
0.662
0.397688
0.402009
0.154824
0.265033
0.0930024
0.211389
0.341918
0.0845381
0.0741151
0.238714
0.0619214
0.196392
0.662
0.34297
0.276183
0.451387
0.0223945
0.301313
0.0445234
0.0811345
0.379385
0.127261
0.20006
0.0687826
0.0779777
0.433714
0.105224
0.662
0.0503374
0.424423
0.102193
0.106083
0.432354
0.377562
0.329437
0.440252
0.0803973
0.662
0.0503406
0.247179
0.21239
0.132408
0.0968102
0.252555
0.467228
0.455987
0.662
0.222365
0.0748346
0.0706255
0.0345837
0.159214
0.206924
0.0738858
0.25068
0.141675
0.662
0.0292349
0.563937
0.0936089
0.184652
0.0851537
0.404045
0.0848838
0.662
0.198809
0.0654223
0.512515
0.38582
0.140625
0.579624
0.257051
0.114923
0.0997145
0.546667
0.124818
0.551633
0.662
0.506102
0.572339
0.467714
0.0199797
0.662
0.43428
0.662
0.662
0.331865
0.0194592
0.110202
0.361405
0.248407
0.192451
0.552865
0.109393
0.143246
0.114249
0.0186375
0.265788
0.425884
0.157835
0.551651
0.206434
0.657528
0.049042
0.302129
0.593179
0.0500983
0.403112
0.524888
0.275067
0.323531
0.319949
0.315865
0.662
0.499448
0.336379
0.0184799
0.321513
0.174009
0.454084
0.0645427
0.337302
0.0287505
0.269454
0.200219
0.543123
0.0142702
0.296583
0.662
0.363189
0.0510982
0.0804389
0.451977
0.637597
0.662
0.120003
0.0304087
0.592664
0.169012
0.662
0.43876
0.292914
0.160415
0.497384
0.662
0.237422
0.0148851
0.228393
0.248289
0.36343
0.263722
0.0522335
0.126806
0.146566
0.662
0.0577436
0.458963
0.272838
0.313287
0.277747
0.137592
0.162535
0.159268
0.352562
0.662
0.63542
0.301944
0.094767
0.497355
0.102113
0.139732
0.128261
0.662
0.258619
0.105109
0.390627
0.426635
0.224753
0.662
0.278425
0.322026
0.170739
0.468325
0.259362
0.662
0.662
0.102137
0.0253593
0.0289391
0.000453228
0.125729
0.176972
0.489187
0.376754
0.0762282
0.612583
0.0345008
0.444662
0.11685
0.0565225
0.10482
0.114857
0.156939
0.202849
0.27426
0.662
0.0675806
0.649621
0.012304
0.0856186
0.421044
0.373503
0.662
0.277446
0.0906512
0.423787
0.163417
0.044569
0.110816
0.662
0.605286
0.135398
0.12612
0.151201
0.388619
0.0593739
0.040205
0.138522
0.584694
0.662
0.0201291
0.3798
0.0829127
0.00713182
0.203713
0.0885789
0.472774
0.262369
0.410324
0.112601
0.00478051
0.398937
0.358607
0.179326
0.471156
0.112986
0.239341
0.662
0.33035
0.662
0.662
0.115868
0.662
0.13572
0.343644
0.112154
0.662
0.339622
0.114788
0.408812
0.662
0.542174
0.662
0.0915377
0.0669563
0.169867
0.252946
0.411119
0.107699
0.166762
0.0600994
0.421831
0.662
0.302145
0.284338
0.0429679
0.101562
0.638903
0.189177
0.647187
0.111384
0.662
0.31848
0.662
0.373045
0.0546959
0.077771
0.155846
0.0881786
0.45487
0.355023
0.0933356
0.662
0.145996
0.548853
0.0847545
0.507838
0.156451
0.662
0.394513
0.213385
0.290633
0.282521
0.282866
0.662
0.279313
0.0473308
0.507571
0.238021
0.11113
0.392174
0.0109586
0.244047
0.254091
0.453606
0.370991
0.346751
0.466211
0.0698837
0.658649
0.266423
0.1574
0.163378
0.187461
0.23361
0.473348
0.526812
0.112101
0.589827
0.40686
0.132029
0.662
0.241619
0.257265
0.389991
0.662
0.662
0.150684
0.662
0.318288
0.456715
0.0592052
0.0859806
0.336925
0.618395
0.207618
0.00240832
0.562946
0.192328
0.662
0.0785419
0.539802
0.377481
0.492381
0.662
0.407931
0.501705
0.653815
0.196953
0.172943
0.400047
0.0762787
0.536081
0.0277539
0.0206119
0.189395
0.148912
0.263388
0.0910506
0.0591153
0.472073
0.298396
0.0131259
0.477316
0.662
0.423684
0.0563171
0.0960176
0.469901
0.0108474
0.421193
0.480984
0.120069
0.0870784
0.116028
0.160681
0.279465
0.0685416
0.0967722
0.662
0.209736
0.163892
0.452456
0.0418894
0.662
0.662
0.198925
0.515751
0.183685
0.230994
0.382914
0.252669
0.489284
0.545243
0.617885
0.662
0.187422
0.187284
0.13987
0.434066
0.345703
0.662
0.472719
0.0652327
0.460073
0.40799
0.00720794
0.315916
0.0858072
0.349511
0.540063
0.152396
0.28043
0.210734
0.662
0.0720612
0.0217962
0.177703
0.227515
0.382226
0.116647
0.143551
0.250137
0.0250753
0.398078
0.108096
0.239654
0.649938
0.0927491
0.662
0.099063
0.453784
0.662
0.645175
0.662
0.0964106
0.0924971
0.406448
0.0819649
0.121266
0.522198
0.125356
0.117994
0.176542
0.145897
0.158447
0.317201
0.662
0.105514
0.554381
0.290825
0.516825
0.318081
0.192402
0.305338
0.017849
0.372304
0.662
0.226379
0.3843
0.662
0.595868
0.416866
0.554825
0.491697
0.115803
0.158696
0.0978696
0.138631
0.312247
0.201169
0.166428
0.662
0.239737
0.241386
0.581563
0.512573
0.662
0.532836
0.209878
0.266051
0.129475
0.662
0.0867309
0.108077
0.179851
0.422837
0.312296
0.106921
0.662
0.0733094
0.662
0.18901
0.484014
0.205222
0.349383
0.301762
0.416353
0.607104
0.662
0.12739
0.121468
0.153375
0.206243
0.434034
0.562473
0.249054
0.179803
0.570879
0.662
0.554682
0.118375
0.662
0.146842
0.249307
0.294894
0.0799195
0.662
0.257073
0.41549
0.289091
0.466555
0.181078
0.170455
0.0405426
0.197552
0.0976279
0.0306534
0.0533856
0.185421
0.586905
0.445016
0.262894
0.1847
0.178962
0.0765055
0.0470668
0.0909865
0.322596
0.605155
0.235015
0.0759703
0.53273
0.18623
0.0868754
0.118986
0.0698382
0.311886
0.136646
0.662
0.0359219
0.402695
0.042411
0.465895
0.202908
0.259028
0.506344
0.284225
0.252954
0.35413
0.079219
0.400328
0.169147
0.127175
0.291163
0.357252
0.42186
0.324356
0.0291601
0.160889
0.39831
0.274684
0.414188
0.382563
0.475498
0.392437
0.0884749
0.113742
0.483216
0.644583
0.231173
0.344679
0.092103
0.334595
0.181276
0.163678
0.258063
0.221352
0.0785386
0.322741
0.0474786
0.662
0.145311
0.0752923
0.124417
0.131495
0.101958
0.662
0.192879
0.360918
0.662
0.490348
0.0671506
0.277789
0.192824
0.0342568
0.662
0.139395
0.583105
0.562055
0.0215595
0.439321
0.662
0.356634
0.0628756
0.619345
0.413196
0.482135
0.122817
0.0742457
0.662
0.662
0.173057
0.635558
0.638506
0.653291
0.453935
0.662
0.109847
0.662
0.654957
0.428051
0.358033
0.0839448
0.662
0.341412
0.110948
0.113113
0.101712
0.662
0.0127718
0.217434
0.0534818
0.196116
0.37705
0.151004
0.16328
0.224657
0.113465
0.32776
0.0534853
0.447639
0.662
0.488022
0.418377
0.147491
0.226139
0.178908
0.662
0.662
0.506217
0.21206
0.324592
0.49444
0.203043
0.0416689
0.190574
0.144813
0.608601
0.149974
0.596456
0.259536
0.381503
0.247484
0.662
0.202284
0.662
0.662
0.119108
0.00758915
0.0806757
0.279095
0.164151
0.0568942
0.0782971
0.0831624
0.305284
0.266364
0.662
0.13545
0.217028
0.108548
0.342221
0.052829
0.150755
0.662
0.0476407
0.123045
0.273974
0.420226
0.314559
0.301025
0.275211
0.105758
0.425113
0.11756
0.332213
0.110762
0.473411
0.253175
0.299392
0.662
0.395908
0.15122
0.0510039
0.406519
0.662
0.0459122
0.575873
0.281566
0.257674
0.175619
0.662
0.540557
0.0814705
0.208031
0.218159
0.420335
0.662
0.344686
0.139154
0.00228258
0.415713
0.491416
0.470842
0.662
0.662
0.662
0.34465
0.171108
0.253379
0.0296694
0.14755
0.216225
0.0894082
0.145912
0.0678776
0.326046
0.423914
0.662
0.102772
0.662
0.131885
0.662
0.201344
0.0471983
0.112816
0.385979
0.569034
0.662
0.260692
0.298814
0.173704
0.215662
0.662
0.0841507
0.328085
0.662
0.0785986
0.0903916
0.418426
0.24204
0.245798
0.401579
0.578868
0.301187
0.39499
0.662
0.632844
0.256949
0.103768
0.142821
0.204367
0.363466
0.662
0.662
0.198216
0.353374
0.0833628
0.075447
0.662
0.0447849
0.147331
0.377328
0.282674
0.223752
0.662
0.662
0.662
0.162545
0.254254
0.662
0.662
0.20968
0.662
0.143712
0.630818
0.477151
0.158229
0.219727
0.126069
0.202157
0.0921771
0.332949
0.308785
0.333578
0.662
0.112062
0.129302
0.185689
0.0111262
0.176004
0.0134034
0.180323
0.662
0.224643
0.0917308
0.143044
0.640013
0.0299752
0.144681
0.0685384
0.552841
0.246647
0.126278
0.552379
0.0969999
0.248196
0.593501
0.273397
0.274773
0.46981
0.386506
0.0522994
0.0581826
0.181217
0.221838
