0.662
0.182406
0.662
0.174407
0.519406
0.662
0.300498
0.109111
0.495122
0.463693
0.410109
0.0168755
0.168369
0.662
0.652384
0.662
0.123399
0.125071
0.590227
0.246091
0.0532624
0.429872
0.126917
0.488603
0.10368
0.662
0.456913
0.046889
0.248463
0.173662
0.0684476
0.159816
0.120221
0.10786
0.416322
0.476681
0.469073
0.579041
0.0685251
0.0458025
0.0969215
0.363588
0.662
0.172764
0.16819
0.432257
0.097615
0.537215
0.156705
0.662
0.0747914
0.301218
0.354908
0.662
0.0834712
0.532169
0.20025
0.603248
0.614607
0.303379
0.187416
0.140609
0.126189
0.0633917
0.302977
0.142062
0.265632
0.31733
0.0823459
0.106125
0.1266
0.593568
0.373482
0.278697
0.191052
0.103313
0.110471
0.0603043
0.618413
0.0768037
0.571531
0.139213
0.160801
0.662
0.444756
0.662
0.24222
0.478741
0.385814
0.178624
0.437353
0.196044
0.32632
0.0635919
0.0685165
0.267931
0.474323
0.0623376
0.366506
0.252114
0.393152
0.60215
0.111277
0.505486
0.428401
0.377504
0.446322
0.662
0.0774023
0.230196
0.412253
0.381473
0.662
0.173708
0.0655704
0.0646047
0.303055
0.493659
0.662
0.323492
0.436984
0.0743637
0.662
0.0710756
0.272653
0.482235
0.24419
0.284119
0.139759
0.0481729
0.159276
0.381644
0.109313
0.340569
0.113771
0.199231
0.423497
0.027488
0.662
0.309018
0.146386
0.472588
0.407277
0.0647021
0.103788
0.488515
0.467118
0.0886086
0.107901
0.209916
0.201104
0.077838
0.00282244
0.662
0.315297
0.662
0.491428
0.563978
0.662
0.10838
0.159843
0.0902204
0.0949469
0.662
0.178058
0.110473
0.471634
0.564931
0.0503571
0.194382
0.292886
0.368225
0.602096
0.164354
0.0629164
0.287802
0.170438
0.330511
0.00794819
0.179259
0.0912939
0.612576
0.500564
0.522824
0.365532
0.230751
0.182891
0.0944602
0.274138
0.0202113
0.229096
0.169209
0.413371
0.662
0.382902
0.247246
0.621462
0.0883543
0.527017
0.641352
0.553528
0.591308
0.0825217
0.11611
0.662
0.220658
0.12338
0.191692
0.395403
0.245677
0.13609
0.122571
0.00968626
0.244638
0.626777
0.52718
0.199548
0.263056
0.314139
0.539328
0.405223
0.662
0.336231
0.53848
0.0894422
0.284185
0.425157
0.580854
0.307177
0.389491
0.43328
0.222977
0.316309
0.662
0.098216
0.187073
0.662
0.152536
0.219547
0.0511918
0.317212
0.413992
0.501059
0.442793
0.11078
0.415441
0.112273
0.164796
0.460434
0.387638
0.200459
0.0523234
0.107659
0.0483042
0.365417
0.113752
0.215171
0.214326
0.637833
0.130775
0.0796519
0.153176
0.661909
0.0263787
0.662
0.281515
0.0859734
0.148711
0.154685
0.662
0.102482
0.393147
0.322775
0.647434
0.134367
0.419148
0.662
0.177632
0.662
0.471628
0.13053
0.662
0.127481
0.18903
0.662
0.460417
0.234782
0.0679152
0.662
0.11082
0.536249
0.144997
0.0520895
0.516632
0.602746
0.662
0.212551
0.65403
0.524419
0.24738
0.641863
0.374557
0.0230007
0.277464
0.195165
0.0224395
0.082281
0.262501
0.378735
0.564196
0.202711
0.662
0.0309828
0.212993
0.662
0.647568
0.448872
0.492317
0.136608
0.0229153
0.234953
0.354028
0.0897274
0.231304
0.662
0.654822
0.0827298
0.240332
0.233924
0.142864
0.0639977
0.28572
0.307315
0.317748
0.0435495
0.234645
0.462211
0.289542
0.465539
0.104127
0.246766
0.556001
0.309849
0.48937
0.185987
0.352967
0.132789
0.135089
0.280668
0.174053
0.279283
0.662
0.174628
0.201035
0.384701
0.137346
0.336007
0.49304
0.579545
0.615032
0.662
0.0600363
0.0804659
0.0787578
0.444109
0.279076
0.116915
0.524859
0.0636091
0.409049
0.27207
0.0748723
0.156518
0.442781
0.0732773
0.662
0.414142
0.285722
0.259176
0.662
0.146358
0.0926548
0.222256
0.0684904
0.316053
0.074202
0.362335
0.106327
0.662
0.26181
0.229076
0.0854795
0.0285169
0.23321
0.0142838
0.0889001
0.529524
0.260339
0.326547
0.206796
0.132533
0.116479
0.455848
0.662
0.0113543
0.195325
0.155158
0.103778
0.231671
0.0838671
0.662
0.571583
0.662
0.177591
0.130065
0.561567
0.373081
0.0942306
0.662
0.278565
0.250467
0.662
0.314317
0.141444
0.662
0.366234
0.0658454
0.183642
0.0904782
0.0121399
0.0157883
0.486575
0.0495712
0.662
0.228974
0.0607506
0.0677973
0.271158
0.172374
0.150819
0.0782453
0.313745
0.120644
0.199418
0.644109
0.294817
0.346295
0.257354
0.205183
0.104253
0.251105
0.365522
0.0898017
0.196696
0.0519407
0.625542
0.0998889
0.420925
0.216326
0.201892
0.277596
0.463479
0.301388
0.122099
0.363071
0.381239
0.224176
0.181603
0.110925
0.0568943
0.154412
0.627471
0.302991
0.662
0.156921
0.662
0.169245
0.662
0.662
0.531504
0.175904
0.0912003
0.350634
0.0636061
0.271735
0.233979
0.101935
0.0721174
0.662
0.39546
0.252593
0.0709713
0.157901
0.662
0.611979
0.482189
0.482379
0.181997
0.202021
0.268275
0.582239
0.368281
0.451533
0.0896019
0.44581
0.229657
0.266756
0.463091
0.437364
0.283956
0.662
0.229375
0.662
0.200403
0.577168
0.515845
0.455366
0.0938312
0.0811984
0.176417
0.260098
0.403496
0.249058
0.374942
0.123804
0.400577
0.593011
0.340554
0.180666
0.455865
0.273084
0.376578
0.662
0.0313043
0.103987
0.120453
0.182115
0.201962
0.216072
0.309551
0.101646
0.593617
0.0664941
0.0169428
0.156872
0.308937
0.18426
0.545696
0.34315
0.319123
0.0488434
0.0825224
0.419959
0.190535
0.614061
0.0815512
0.0886168
0.316206
0.283607
0.0721744
0.162287
0.661275
0.491417
0.322396
0.0596473
0.213035
0.208949
0.0689744
0.114558
0.0588908
0.0903694
0.48909
0.179357
0.662
0.166502
0.167173
0.00664709
0.662
0.499961
0.662
0.156265
0.0864751
0.635055
0.268995
0.140024
0.413447
0.326156
0.662
0.662
0.113951
0.662
0.28165
0.371129
0.363879
0.374499
0.608819
0.414444
0.177759
0.202756
0.662
0.662
0.131662
0.0604181
0.157396
0.540567
0.414744
0.234428
0.0955308
0.0852229
0.662
0.662
0.6537
0.0841115
0.41981
0.579726
0.103348
0.277145
0.107479
0.129849
0.151045
0.617296
0.662
0.662
0.297261
0.243583
0.163951
0.0176903
0.302309
0.25416
0.65474
0.662
0.385544
0.0356652
0.0872299
0.662
0.662
0.341762
0.444925
0.16171
0.195591
0.26195
0.662
0.565781
0.525459
0.411271
0.491464
0.0633116
0.0389072
0.662
0.0255905
0.0972665
0.250316
0.438427
0.0332472
0.47273
0.662
0.519971
0.318858
0.344914
0.177887
0.127818
0.472721
0.536467
0.337785
0.326599
0.599075
0.662
0.169335
0.297823
0.662
0.662
0.0823914
0.140977
0.278382
0.175277
0.623187
0.115386
0.0094479
0.662
0.392479
0.130891
0.549499
0.142499
0.421825
0.102038
0.0526405
0.289989
0.101864
0.534714
0.651919
0.0242728
0.0708432
0.562903
0.662
0.647299
0.662
0.662
0.132619
0.163509
0.427681
0.600689
0.488005
0.589018
0.228992
0.21347
0.276862
0.443397
0.662
0.13788
0.315995
0.122822
0.115185
0.556978
0.20373
0.662
0.0482537
0.0797464
0.0826552
0.662
0.662
0.0736813
0.369279
0.246698
0.211837
0.278815
0.491673
0.314964
0.239899
0.335613
0.0588897
0.344297
0.237749
0.0329596
0.10008
0.499074
0.0101377
0.662
0.0906389
0.11115
0.479759
0.0665656
0.107038
0.0597604
0.432169
0.662
0.0824924
0.102311
0.356696
0.206221
0.371899
0.437098
0.141983
0.375964
0.596366
0.0427736
0.330316
0.662
0.271409
0.424034
0.662
0.532155
0.0792333
0.090856
0.00315456
0.0640101
0.233341
0.662
0.389845
0.0368702
0.184457
0.660299
0.470357
0.299438
0.659513
0.312395
0.0591148
0.626614
0.662
0.396399
0.0816268
0.332221
0.0444466
0.428469
0.474207
0.662
0.371234
0.293894
0.470653
0.161799
0.38008
0.541654
0.0426689
0.336111
0.234602
0.395174
0.0791321
0.0583357
0.127541
0.653473
0.546912
0.396071
0.292537
0.378204
0.512028
0.662
0.201888
0.150635
0.17497
0.0875074
0.0372241
0.506222
0.662
0.194654
0.410225
0.201972
0.110022
0.662
0.336617
0.662
0.088821
0.35179
0.025572
0.230922
0.489511
0.6311
0.0812664
0.590764
0.635491
0.140742
0.0994379
0.448521
0.293545
0.252143
0.503446
0.188192
0.0735882
0.11768
0.121691
0.131465
0.0506544
0.232198
0.0851822
0.469166
0.261381
0.479229
0.421681
0.44162
0.222429
0.175704
0.330599
0.454162
0.496041
0.0227067
0.295574
0.429087
0.662
0.0370908
0.474632
0.0224017
0.662
0.0843183
0.0188462
0.124806
0.63617
0.662
0.0702885
0.0689835
0.662
0.0111639
0.127272
0.662
0.130506
0.28793
0.389003
0.246016
0.662
0.0523133
0.193422
0.662
0.224729
0.376426
0.0316185
0.100801
0.416631
0.218266
0.662
0.438041
0.582743
0.159299
0.438834
0.662
0.106534
0.134098
0.132041
0.214012
0.662
0.241969
0.232532
0.46277
0.0807356
0.105675
0.0599088
0.662
0.467971
0.464322
0.132084
0.199621
0.26763
0.662
0.17773
0.370049
0.107375
0.282611
0.118713
0.376254
0.662
0.153367
0.56972
0.429527
0.159874
0.662
0.327552
0.0952882
0.244255
0.0670129
0.434059
0.662
0.233667
0.105286
0.336484
0.592279
0.075901
0.384874
0.107738
0.294468
0.214641
0.484906
0.338222
0.498168
0.378464
0.662
0.0753473
0.662
0.225063
0.0976968
0.600884
0.326551
0.616479
0.352141
0.0678175
0.180802
0.382361
0.309249
0.470685
0.0928172
0.496069
0.662
0.406929
0.662
0.256039
0.662
0.472149
0.662
0.538253
0.0854251
0.662
0.0734547
0.203404
0.466736
0.662
0.258395
0.100247
0.0560756
0.209993
0.231168
0.221665
0.662
0.183037
0.0676444
0.0956574
0.662
0.242207
0.11722
0.662
0.14902
0.201294
0.585897
0.662
0.662
0.618729
0.0710025
0.164469
0.379422
0.441188
0.237402
0.175612
0.116467
0.662
0.155967
0.336841
0.0481798
0.0351437
0.0965167
0.529665
0.526194
0.494183
0.662
0.3673
0.662
0.469552
0.330172
0.378634
0.662
0.11907
0.324008
0.60357
0.28031
0.468547
0.0449503
0.423023
0.662
0.0817808
0.403007
0.0671765
0.629732
0.365141
0.281483
0.00589612
0.260112
0.662
0.294398
0.193422
0.0474751
0.629707
0.0673489
0.0749966
0.0584016
0.102568
0.254448
0.381892
0.195042
0.661679
0.27988
0.182183
0.662
0.199836
0.0919186
0.377423
0.662
0.0620207
0.0920507
0.138724
0.116351
0.540045
0.222089
0.105233
0.0647123
0.21607
0.0717489
0.249459
0.662
0.468374
0.224532
0.227542
0.00777566
0.252433
0.179737
0.254197
0.235224
0.107126
0.0829948
0.662
0.116374
0.43298
0.0148967
0.185474
0.0592298
0.511529
0.29128
0.553433
0.145135
0.442438
0.196377
0.0500656
0.418498
0.185739
0.249387
0.662
0.120434
0.568435
0.137101
0.174192
0.662
0.476831
0.161734
0.114126
0.00968583
0.300339
0.662
0.232632
0.115821
0.378541
0.662
0.224648
0.191969
0.233886
0.368563
0.410532
0.0553589
0.51628
0.0762033
0.658674
0.101602
0.0822395
0.156739
0.244264
0.427577
0.51795
0.451202
0.662
0.127544
0.318931
0.605755
0.662
0.146993
0.0411649
0.662
0.117039
0.20722
0.662
0.547512
0.310919
0.139715
0.296123
0.212632
0.390786
0.662
0.0540609
0.335899
0.168724
0.662
0.315078
0.225887
0.0950282
0.184597
0.20256
0.243356
0.662
0.420235
0.662
0.0939133
0.170411
0.122136
0.423215
0.495595
0.662
0.161033
0.0901453
0.662
0.662
0.229418
0.35719
0.216661
0.171374
0.465439
0.294656
0.509708
0.0879331
0.0544057
0.494264
0.0713008
0.0973691
0.662
0.582708
0.662
0.17506
0.662
0.294276
0.216477
0.0737886
0.0195497
0.107966
0.168895
0.123109
0.385866
0.256202
0.0695282
0.0443215
0.34408
0.0775825
0.204906
0.188103
0.101596
0.188417
0.329343
0.0825179
0.662
0.509441
0.263434
0.161404
0.262698
0.266397
0.121389
0.153267
0.476838
0.136437
0.545644
0.299528
0.218567
0.235556
0.0845112
0.520937
0.18866
0.108016
0.288501
0.0509638
0.245265
0.662
0.0500272
0.563745
0.22265
0.299123
0.0436211
0.163426
0.238089
0.468997
0.094806
0.461828
0.200755
0.182828
0.398134
0.102427
0.304775
0.0993506
0.451669
