0.0139033
0.662
0.243541
0.413301
0.0923757
0.0917538
0.476166
0.120422
0.264173
0.107695
0.352615
0.0779721
0.291702
0.280906
0.456605
0.66072
0.179326
0.441971
0.104341
0.662
0.662
0.367684
0.0992694
0.172221
0.323725
0.480563
0.662
0.139005
0.138583
0.242758
0.661549
0.0336886
0.336655
0.195625
0.239338
0.376276
0.662
0.387099
0.0964321
0.577888
0.455445
0.662
0.103412
0.662
0.10419
0.22355
0.118833
0.0988652
0.561175
0.235751
0.190374
0.269238
0.280065
0.662
0.662
0.236036
0.662
0.13318
0.329712
0.53219
0.48109
0.189718
0.00743731
0.162008
0.204595
0.507653
0.119711
0.662
0.242625
0.0617701
0.598273
0.649741
0.662
0.582428
0.0411631
0.297292
0.276796
0.0718315
0.343775
0.585719
0.196879
0.659971
0.0922701
0.662
0.595227
0.272851
0.0380254
0.251682
0.662
0.662
0.405844
0.662
0.474582
0.114655
0.534694
0.175396
0.419645
0.0945062
0.23566
0.0940608
0.0658531
0.519308
0.5646
0.205965
0.130256
0.214804
0.128233
0.40424
0.156552
0.278732
0.0411341
0.540493
0.662
0.579227
0.661965
0.662
0.1264
0.433618
0.334906
0.222397
0.237883
0.662
0.289806
0.375323
0.11846
0.662
0.220991
0.152372
0.16424
0.368422
0.100885
0.0700418
0.231311
0.20879
0.662
0.100775
0.310289
0.0436058
0.0922393
0.24098
0.322241
0.104145
0.316579
0.572293
0.48328
0.131023
0.329673
0.376709
0.508546
0.076205
0.430853
0.330343
0.338493
0.614975
0.615118
0.20224
0.611952
0.217386
0.178202
0.249559
0.321987
0.135353
0.220461
0.371131
0.161762
0.662
0.218339
0.0863979
0.458612
0.414563
0.0609158
0.508388
0.451937
0.662
0.0587997
0.113945
0.297262
0.314064
0.662
0.662
0.375743
0.366204
0.228997
0.212662
0.367468
0.19725
0.133208
0.662
0.134713
0.0715163
0.150147
0.474122
0.0928301
0.0551481
0.662
0.0509164
0.0226334
0.0700095
0.181478
0.0148265
0.238536
0.461539
0.409614
0.232598
0.465319
0.00953319
0.614066
0.501407
0.198448
0.293455
0.335259
0.494953
0.409634
0.589242
0.548148
0.536552
0.44077
0.600785
0.239504
0.183489
0.528047
0.106094
0.014911
0.475095
0.184357
0.195932
0.0403928
0.218524
0.195611
0.662
0.410286
0.662
0.647549
0.587262
0.477461
0.260446
0.430297
0.165609
0.185859
0.416211
0.65957
0.0712726
0.662
0.332501
0.642989
0.263081
0.32739
0.221299
0.061444
0.480601
0.632288
0.233644
0.331982
0.103954
0.112397
0.14778
0.17895
0.196987
0.226645
0.365314
0.157176
0.019443
0.0840737
0.12208
0.662
0.0857687
0.0585724
0.185854
0.421642
0.602184
0.0978014
0.161898
0.232046
0.191355
0.662
0.136427
0.0566604
0.462313
0.0660867
0.0085696
0.362972
0.238438
0.0667078
0.201449
0.57914
0.055702
0.267222
0.359709
0.643505
0.130072
0.102844
0.206943
0.0437948
0.662
0.54181
0.662
0.515913
0.542053
0.662
0.0424104
0.0974731
0.061072
0.323052
0.11121
0.0780744
0.15816
0.101131
0.25209
0.116565
0.335463
0.256191
0.24657
0.569434
0.662
0.106514
0.105541
0.216169
0.337332
0.12902
0.235782
0.630777
0.246851
0.0767063
0.121882
0.193775
0.0809635
0.662
0.013466
0.662
0.428521
0.222254
0.516333
0.1671
0.662
0.179492
0.0556682
0.157102
0.000724405
0.0190857
0.589325
0.0448932
0.17235
0.255196
0.400368
0.370906
0.278645
0.445948
0.0740667
0.172422
0.145806
0.107118
0.0537913
0.226218
0.281283
0.317317
0.0947086
0.07722
0.0877157
0.492054
0.367447
0.239471
0.469371
0.104232
0.177475
0.193022
0.228314
0.13012
0.0604925
0.0881705
0.232952
0.0731119
0.662
0.535412
0.457165
0.111772
0.181945
0.662
0.0281698
0.103785
0.146079
0.124257
0.542546
0.188723
0.321452
0.201424
0.459358
0.0710036
0.185057
0.277427
0.183583
0.529108
0.135099
0.29996
0.662
0.662
0.272376
0.115897
0.140945
0.108839
0.314027
0.54094
0.264794
0.361006
0.102021
0.115371
0.34164
0.272546
0.073976
0.149015
0.441529
0.662
0.111769
0.0927425
0.111402
0.575969
0.662
0.364666
0.178158
0.111635
0.468852
0.135516
0.147615
0.193413
0.0403109
0.0530336
0.343762
0.164398
0.662
0.152622
0.23589
0.0300955
0.0337928
0.416214
0.458656
0.319441
0.428679
0.0577748
0.0515082
0.151301
0.101236
0.0647439
0.148282
0.347816
0.427318
0.0430817
0.543151
0.110816
0.324949
0.0389905
0.204037
0.662
0.507083
0.168214
0.442577
0.662
0.644124
0.140927
0.338296
0.0693294
0.176175
0.130774
0.276549
0.278957
0.263066
0.256893
0.252615
0.0444868
0.393463
0.454553
0.0948489
0.636352
0.246133
0.12391
0.132626
0.653901
0.181207
0.262972
0.376377
0.199277
0.0401781
0.662
0.20452
0.662
0.400093
0.247771
0.601467
0.171464
0.283205
0.42143
0.0877472
0.0285172
0.0235021
0.662
0.0726305
0.662
0.655653
0.522526
0.103247
0.0671485
0.0903576
0.317351
0.14046
0.14227
0.0903444
0.186086
0.0992244
0.235481
0.246445
0.0749665
0.36041
0.525907
0.153869
0.155324
0.01017
0.250287
0.600929
0.0725733
0.171225
0.662
0.126402
0.474901
0.127352
0.515155
0.501712
0.276443
0.108666
0.625701
0.306858
0.163196
0.662
0.276732
0.143516
0.120937
0.0802098
0.398686
0.662
0.195914
0.0628066
0.18006
0.312165
0.503116
0.291417
0.280172
0.248796
0.191283
0.326388
0.00249808
0.121624
0.388046
0.0931871
0.16003
0.194422
0.0556997
0.253691
0.662
0.0209775
0.383385
0.458472
0.0693074
0.272831
0.619915
0.662
0.199463
0.00608784
0.073524
0.0422203
0.662
0.34217
0.121316
0.111443
0.29686
0.662
0.0742609
0.496194
0.305054
0.376814
0.120075
0.229601
0.0439468
0.150162
0.0433176
0.152812
0.0185041
0.0749745
0.606202
0.103198
0.0569721
0.637144
0.412657
0.239335
0.53179
0.489634
0.277684
0.264626
0.191975
0.662
0.485803
0.348599
0.119997
0.459743
0.662
0.662
0.250256
0.258793
0.257776
0.218525
0.00392152
0.378882
0.662
0.0232302
0.140406
0.170438
0.1128
0.662
0.245558
0.449238
0.355272
0.0787653
0.138238
0.298069
0.157391
0.0697138
0.618733
0.466005
0.357065
0.24291
0.584695
0.150009
0.23827
0.104779
0.662
0.172751
0.199198
0.662
0.0426039
0.0770374
0.353097
0.379712
0.027057
0.0582102
0.662
0.454808
0.214499
0.129238
0.662
0.112422
0.150514
0.204218
0.116697
0.269478
0.0801231
0.308481
0.188505
0.0235202
0.126202
0.3028
0.41432
0.32238
0.160633
0.347952
0.060599
0.13967
0.351462
0.22697
0.192646
0.0836084
0.153942
0.271572
0.222868
0.17649
0.421884
0.0100447
0.49434
0.0888627
0.138258
0.410877
0.213748
0.0840007
0.0686977
0.367005
0.596553
0.287272
0.621038
0.0630394
0.109554
0.201501
0.0720576
0.114162
0.381582
0.137193
0.155149
0.0774926
0.339821
0.662
0.329143
0.516606
0.236261
0.608006
0.198171
0.314674
0.11475
0.109471
0.270049
0.145179
0.662
0.372473
0.460048
0.496869
0.171883
0.112684
0.228651
0.432673
0.135685
0.307408
0.513778
0.00232692
0.662
0.378086
0.503383
0.616574
0.213661
0.13898
0.570278
0.419231
0.167597
0.148991
0.662
0.0454779
0.408687
0.135661
0.0926118
0.122479
0.0515641
0.0900496
0.0849594
0.417326
0.452765
0.185733
0.051322
0.441944
0.0809999
0.239845
0.474041
0.547203
0.106014
0.118076
0.573445
0.662
0.539879
0.58053
0.205642
0.0654793
0.456132
0.161434
0.0880492
0.0931047
0.552272
0.14107
0.0643769
0.368037
0.153443
0.560592
0.521292
0.0967102
0.0463571
0.551444
0.55378
0.161115
0.662
0.561964
0.347131
0.280933
0.083886
0.2884
0.0514602
0.662
0.15193
0.0914728
0.317721
0.426528
0.42794
0.321467
0.662
0.208816
0.167034
0.00153278
0.226386
0.334847
0.648211
0.228591
0.106526
0.244444
0.662
0.272295
0.155064
0.662
0.103626
0.662
0.489607
0.133198
0.45954
0.662
0.372974
0.479201
0.531989
0.0350424
0.255228
0.190022
0.478568
0.115105
0.0807621
0.0621541
0.662
0.662
0.0705573
0.0537793
0.405057
0.285619
0.335523
0.342844
0.404493
0.571262
0.119699
0.0831442
0.275174
0.243413
0.411607
0.0779411
0.110808
0.303398
0.0739576
0.355776
0.579098
0.220764
0.662
0.203099
0.26659
0.299609
0.116981
0.292986
0.131403
0.104719
0.350622
0.453351
0.333816
0.293186
0.0926479
0.0135485
0.0947192
0.662
0.188795
0.662
0.184716
0.0550136
0.451916
0.197934
0.116583
0.0542607
0.325384
0.275361
0.662
0.10375
0.355695
0.0425207
0.416175
0.132651
0.230957
0.240504
0.14814
0.567379
0.0786098
0.418289
0.303027
0.0773747
0.662
0.0163022
0.404846
0.0277881
0.0576046
0.650822
0.117271
0.256043
0.00707823
0.147219
0.583705
0.318469
0.512593
0.470103
0.662
0.559478
0.518791
0.662
0.637959
0.662
0.23841
0.118466
0.327596
0.0637438
0.334815
0.101107
0.662
0.248861
0.119501
0.095523
0.13304
0.132734
0.19488
0.312169
0.248237
0.522849
0.621566
0.202838
0.100501
0.58748
0.338245
0.662
0.0613894
0.264742
0.419215
0.25774
0.662
0.14147
0.45469
0.306169
0.0215285
0.268163
0.111788
0.653699
0.568309
0.212273
0.655936
0.662
0.245614
0.486239
0.128852
0.662
0.560292
0.291043
0.115101
0.205276
0.419814
0.162603
0.299355
0.349576
0.567228
0.662
0.0612875
0.371559
0.30855
0.248993
0.399165
0.532274
0.107636
0.0847248
0.361921
0.0191238
0.219382
0.0173048
0.351191
0.518704
0.127146
0.0502469
0.451879
0.0988045
0.237582
0.0456036
0.662
0.662
0.108923
0.200729
0.662
0.10271
0.662
0.607768
0.510523
0.0900096
0.619375
0.149544
0.402117
0.177689
0.0919927
0.0339326
0.165007
0.00340524
0.615874
0.282451
0.426919
0.525898
0.226811
0.474705
0.261448
0.303728
0.0785101
0.172942
0.409964
0.100065
0.047305
0.465309
0.662
0.260359
0.0968075
0.281849
0.105667
0.382135
0.229669
0.213492
0.504483
0.0878494
0.0677335
0.662
0.646597
0.119048
0.662
0.662
0.0608353
0.544632
0.217928
0.662
0.545966
0.550552
0.14829
0.208406
0.1661
0.658754
0.0796692
0.213558
0.190992
0.662
0.180103
0.260788
0.332496
0.0566029
0.0194281
0.103993
0.0359552
0.183919
0.662
0.365582
0.27922
0.331794
0.163999
0.257162
0.215453
0.119211
0.223211
0.255905
0.662
0.467334
0.662
0.178221
0.662
0.415107
0.151921
0.639595
0.141478
0.414148
0.122987
0.194228
0.104835
