0.421343
0.335559
0.221812
0.475704
0.011518
0.070919
0.160972
0.0557709
0.269994
0.0291543
0.339981
0.167535
0.0600784
0.196451
0.0981125
0.455813
0.0606172
0.383878
0.127013
0.652037
0.188423
0.10926
0.0336969
0.200953
0.185817
0.162642
0.169747
0.150036
0.0645689
0.428016
0.0535094
0.0943393
0.0485482
0.301267
0.0682921
0.56998
0.306241
0.184929
0.244947
0.253141
0.0582598
0.0911427
0.168792
0.240645
0.0423849
0.379152
0.662
0.0841325
0.0459693
0.11297
0.327351
0.662
0.0615065
0.0329847
0.104333
0.435031
0.252678
0.142671
0.31589
0.318464
0.0215297
0.0716683
0.662
0.108699
0.22849
0.187119
0.662
0.360195
0.247779
0.128098
0.273281
0.104554
0.15268
0.267122
0.118413
0.105542
0.132997
0.420698
0.284951
0.0215573
0.228888
0.212571
0.256803
0.542818
0.22675
0.511529
0.566849
0.338519
0.0174573
0.249356
0.446211
0.173659
0.388123
0.088512
0.101083
0.132945
0.0929921
0.141769
0.662
0.0301729
0.239264
0.662
0.120062
0.662
0.14919
0.662
0.662
0.223713
0.150642
0.662
0.0756553
0.0860437
0.293397
0.17861
0.293095
0.390692
0.215558
0.662
0.310522
0.198095
0.662
0.301404
0.182236
0.134717
0.286559
0.510851
0.245423
0.122526
0.160074
0.239807
0.0797826
0.345015
0.145257
0.046631
0.0842838
0.0429599
0.444257
0.467407
0.316019
0.646138
0.428198
0.133442
0.0977008
0.187987
0.662
0.662
0.662
0.662
0.572447
0.139645
0.479336
0.27622
0.0604203
0.662
0.662
0.55603
0.170275
0.124095
0.133628
0.163752
0.662
0.662
0.406198
0.177213
0.642965
0.272678
0.262474
0.662
0.662
0.0336286
0.072941
0.170704
0.238693
0.662
0.243061
0.62554
0.196615
0.208842
0.11578
0.155478
0.17993
0.102213
0.188494
0.243174
0.662
0.0311729
0.662
0.662
0.240134
0.101998
0.168671
0.662
0.109964
0.083666
0.106276
0.102127
0.122197
0.13217
0.181905
0.235718
0.286242
0.156115
0.181354
0.200623
0.0870407
0.419725
0.662
0.662
0.174588
0.662
0.662
0.40565
0.260375
0.15452
0.49817
0.342728
0.0617617
0.0587166
0.485795
0.130239
0.0578897
0.0973817
0.0835659
0.194016
0.0415415
0.191687
0.189581
0.139772
0.363491
0.0152798
0.141158
0.101303
0.579499
0.182413
0.122959
0.116735
0.278602
0.221445
0.300478
0.442678
0.0915618
0.163301
0.100122
0.176513
0.19727
0.0562197
0.224609
0.286599
0.136426
0.45581
0.662
0.411536
0.0793796
0.662
0.123884
0.662
0.128363
0.16873
0.159641
0.383779
0.346444
0.0540244
0.662
0.323736
0.0258731
0.161723
0.141245
0.167219
0.196912
0.605939
0.457019
0.147776
0.413702
0.214156
0.336958
0.586597
0.212554
0.218606
0.162038
0.0893723
0.244452
0.154782
0.304826
0.10281
0.113513
0.618498
0.313702
0.281369
0.662
0.453395
0.187516
0.0487156
0.186095
0.0695695
0.662
0.0973387
0.569585
0.662
0.0544907
0.0677007
0.249422
0.662
0.14183
0.293674
0.510172
0.418589
0.133922
0.206091
0.0912264
0.255199
0.0382796
0.464455
0.413873
0.332377
0.494702
0.303494
0.417796
0.139286
0.577042
0.125238
0.591506
0.114424
0.378947
0.144645
0.11984
0.662
0.0875616
0.290188
0.397387
0.344332
0.318824
0.662
0.303596
0.662
0.0253628
0.238638
0.42743
0.134364
0.421012
0.322245
0.166252
0.123114
0.396852
0.662
0.253204
0.662
0.0607358
0.521663
0.598335
0.356852
0.135906
0.237369
0.588261
0.612068
0.334728
0.0471452
0.437123
0.0537239
0.0912023
0.178764
0.247522
0.124083
0.103252
0.10639
0.316058
0.105533
0.242984
0.230054
0.489378
0.662
0.186033
0.540832
0.435963
0.204225
0.122436
0.457958
0.441151
0.0642347
0.662
0.107251
0.271813
0.106976
0.0082271
0.157353
0.0498035
0.0651456
0.140682
0.139113
0.662
0.363436
0.0637857
0.236834
0.047124
0.111979
0.179765
0.0153075
0.473026
0.347857
0.492274
0.0859092
0.0923929
0.662
0.31644
0.279366
0.662
0.662
0.155059
0.0152429
0.662
0.135664
0.16198
0.0775207
0.353354
0.662
0.662
0.216444
0.149853
0.225258
0.343732
0.169555
0.136854
0.374243
0.165038
0.038234
0.331608
0.177687
0.21976
0.0884192
0.142918
0.195385
0.459973
0.0811703
0.545123
0.662
0.210695
0.662
0.191149
0.235053
0.253144
0.662
0.0557799
0.553165
0.662
0.0500106
0.517907
0.492121
0.16896
0.199055
0.324616
0.0336671
0.0691951
0.328711
0.123653
0.325145
0.579716
0.0257226
0.662
0.114476
0.0735229
0.0956376
0.662
0.317159
0.394322
0.194296
0.231485
0.662
0.0578989
0.164864
0.323749
0.662
0.118195
0.0630678
0.145452
0.662
0.0370719
0.0967598
0.363198
0.662
0.0384715
0.21814
0.147018
0.304355
0.174528
0.662
0.253388
0.259933
0.274619
0.172165
0.170514
0.100501
0.147151
0.108974
0.185332
0.371738
0.361546
0.0808439
0.509929
0.662
0.0647475
0.196663
0.185962
0.0782602
0.137325
0.662
0.22845
0.662
0.179117
0.0953761
0.662
0.259191
0.662
0.662
0.0718081
0.0337792
0.195871
0.0315758
0.107366
0.500445
0.567021
0.442127
0.0187933
0.309004
0.0390681
0.0903425
0.179404
0.454274
0.312478
0.0755118
0.119928
0.071165
0.662
0.257641
0.475486
0.662
0.662
0.259205
0.110138
0.1485
0.662
0.662
0.662
0.18011
0.362167
0.116726
0.105697
0.295458
0.0468571
0.150558
0.101434
0.12175
0.0776158
0.160056
0.243416
0.13949
0.0731081
0.662
0.0236493
0.579749
0.152973
0.126259
0.662
0.0643156
0.580127
0.183904
0.171724
0.161673
0.234283
0.314416
0.662
0.177769
0.200881
0.3092
0.506281
0.190548
0.415002
0.0552013
0.662
0.583403
0.0783256
0.337941
0.165222
0.279665
0.090878
0.445282
0.217942
0.270772
0.0707637
0.179201
0.107407
0.245064
0.291281
0.264311
0.390266
0.149825
0.248191
0.175146
0.584498
0.400918
0.123599
0.277102
0.130654
0.158395
0.315267
0.15758
0.602199
0.662
0.363478
0.481709
0.0710229
0.116179
0.435882
0.358919
0.23101
0.662
0.196497
0.00603994
0.111182
0.662
0.182322
0.013414
0.136132
0.254781
0.064025
0.0194354
0.146561
0.0978315
0.210223
0.17438
0.0439177
0.222986
0.104424
0.662
0.0837003
0.408956
0.234317
0.0811487
0.477728
0.211403
0.35221
0.166923
0.158769
0.34076
0.662
0.0692662
0.298991
0.662
0.277691
0.355914
0.438366
0.553819
0.662
0.0503446
0.12587
0.079884
0.0795928
0.0798109
0.138881
0.662
0.121648
0.433417
0.662
0.517819
0.662
0.604346
0.352619
0.205889
0.104323
0.489964
0.272867
0.104536
0.0694491
0.23391
0.24193
0.0809076
0.285282
0.662
0.154107
0.0832047
0.306267
0.120341
0.428486
0.662
0.182627
0.0458737
0.30404
0.0356598
0.133239
0.473598
0.662
0.200047
0.226332
0.134702
0.129532
0.662
0.257239
0.662
0.197704
0.267909
0.0936815
0.286364
0.271102
0.0841598
0.2246
0.253912
0.662
0.662
0.103499
0.490995
0.291596
0.0967948
0.313997
0.472092
0.177156
0.507925
0.582084
0.112791
0.27063
0.304422
0.662
0.662
0.0222326
0.541694
0.162347
0.143433
0.058842
0.0971175
0.538788
0.11858
0.179802
0.0669953
0.305418
0.155545
0.0833721
0.0419759
0.310832
0.662
0.14335
0.546227
0.218415
0.0794933
0.0291737
0.300083
0.0265852
0.0903333
0.110885
0.326389
0.0505849
0.368981
0.662
0.351948
0.103153
0.283831
0.662
0.133689
0.31793
0.177089
0.228857
0.0464579
0.0824906
0.0768955
0.130561
0.657164
0.124819
0.662
0.0945909
0.467026
0.136162
0.0321928
0.662
0.180396
0.113348
0.31771
0.077291
0.229919
0.00510151
0.249534
0.0900658
0.383319
0.567124
0.0783515
0.234945
0.274254
0.161045
0.136451
0.322007
0.133786
0.118416
0.170386
0.0432281
0.130212
0.461429
0.662
0.0770838
0.253825
0.178508
0.226179
0.0754648
0.0654026
0.662
0.00569458
0.128521
0.221565
0.14805
0.646066
0.122764
0.220854
0.0163947
0.0628175
0.662
0.174557
0.377064
0.153988
0.662
0.662
0.662
0.106271
0.454229
0.325954
0.499863
0.166393
0.662
0.23938
0.242703
0.203794
0.104276
0.115142
0.025797
0.095784
0.662
0.230612
0.662
0.505065
0.158391
0.138936
0.109113
0.662
0.174441
0.121624
0.175891
0.0750565
0.55633
0.166419
0.392148
0.263408
0.123829
0.662
0.662
0.189072
0.0949239
0.335755
0.662
0.129013
0.363913
0.135404
0.33778
0.428668
0.0827229
0.201395
0.00798989
0.34789
0.154239
0.117022
0.290787
0.243143
0.14485
0.662
0.63584
0.379866
0.300127
0.662
0.457891
0.21981
0.202005
0.3845
0.662
0.296037
0.260659
0.471442
0.0151597
0.216382
0.106294
0.369324
0.106439
0.146689
0.056509
0.375707
0.662
0.662
0.185159
0.652436
0.18033
0.404716
0.465702
0.0638244
0.177579
0.105702
0.44604
0.268144
0.0848504
0.1459
0.0335571
0.138641
0.10768
0.28266
0.534825
0.0797406
0.11682
0.117343
0.119945
0.164232
0.234028
0.205431
0.662
0.0590768
0.0805366
0.254489
0.184318
0.084073
0.233254
0.190104
0.0859879
0.0786479
0.662
0.213493
0.588875
0.662
0.662
0.160411
0.156394
0.420982
0.662
0.120589
0.147976
0.15443
0.0288485
0.0814335
0.225665
0.461097
0.352251
0.0721088
0.0822162
0.154031
0.152223
0.662
0.0963758
0.0561549
0.157739
0.184642
0.662
0.226423
0.200858
0.0859857
0.257395
0.171079
0.0867968
0.328158
0.550793
0.178422
0.662
0.245158
0.347895
0.159675
0.00704389
0.306107
0.203582
0.0541383
0.649791
0.0811199
0.0911221
0.188677
0.266482
0.14443
0.662
0.152675
0.493633
0.270824
0.662
0.0572306
0.591237
0.222748
0.0972175
0.662
0.0762182
0.223299
0.179559
0.322301
0.571375
0.465454
0.34871
0.166309
0.662
0.267812
0.105449
0.59938
0.00236536
0.157342
0.131753
0.662
0.144944
0.113817
0.662
0.150411
0.0456203
0.578841
0.446043
0.338236
0.176228
0.616575
0.212389
0.214368
0.662
0.662
0.0904244
0.425937
0.110412
0.292362
0.0427177
0.13673
0.205794
0.662
0.0631654
0.662
0.282813
0.1047
0.260955
0.0912102
0.130211
0.172497
0.567978
0.662
0.607934
0.352579
0.197465
0.0930076
0.110128
0.202282
0.222948
0.170844
0.118053
0.298448
0.533449
0.411265
0.131103
0.662
0.172705
0.231748
0.314381
0.662
0.0995137
0.0829634
0.295596
0.662
0.298723
0.294173
0.129634
0.200205
0.233434
0.165402
0.218746
0.0690266
0.428672
0.338472
0.132808
0.202379
0.0554119
0.662
0.219706
0.336604
0.239376
0.618794
0.0753983
0.243276
0.118415
0.169737
0.662
0.178952
0.0901277
0.220738
0.174911
0.628852
0.116769
0.199376
0.0943517
0.201406
0.1054
0.259115
0.662
0.0262288
0.182772
0.378507
0.0182224
0.662
0.522579
0.662
0.187256
0.195119
0.220477
0.396579
0.451891
0.210277
0.221255
0.662
0.131604
0.31007
0.203591
0.216538
0.366236
0.17602
0.147896
0.577328
0.139164
0.662
0.0984247
0.195412
0.438423
0.329059
0.172425
0.0867457
0.126968
0.399991
0.662
0.0994388
0.0814506
0.662
0.129869
0.0671485
0.0407972
0.193869
0.273518
0.189142
0.652189
0.662
0.20471
0.0631991
0.119845
0.0832688
0.0912854
0.35894
0.0640661
0.0676976
0.629405
0.116015
0.238918
0.0527152
0.183148
0.320825
0.342495
0.389447
0.283379
0.108524
0.0427214
0.164979
0.289528
0.228918
0.662
0.105609
0.192319
0.304112
0.23773
0.108972
0.662
0.130111
0.146791
0.19837
0.0684569
0.0664671
0.662
0.361886
0.101918
0.115468
0.270343
0.382766
0.501924
0.662
0.662
0.374684
0.0983609
0.0866154
0.0966241
0.138092
0.205105
0.357119
0.226298
0.0197092
0.19692
0.129492
0.21824
0.074256
0.346141
0.32477
0.113359
0.276316
0.127715
0.0468907
0.120948
0.207117
0.662
0.456542
0.253478
0.169575
0.644782
0.298443
0.662
0.115877
0.0483231
0.0180288
0.195593
0.145905
0.122853
0.662
0.135912
0.568322
0.590344
0.435173
0.657248
0.0567316
0.466029
0.372383
0.662
0.662
0.662
0.541638
0.16397
0.271889
0.662
0.662
0.662
0.662
0.507582
0.376517
0.662
0.0650615
0.0884856
0.0762464
0.140404
0.413962
0.662
0.145359
0.662
0.131387
0.426721
0.117644
0.662
0.438061
0.340883
0.163923
0.194431
0.233045
0.506233
0.263499
0.350999
0.0471203
0.192542
0.115243
0.312185
0.254609
0.557342
0.110777
0.153266
0.0128441
0.0830542
0.662
0.229846
0.360303
0.477076
0.316384
0.111202
0.120326
0.0219216
0.209522
0.158438
0.3026
0.556652
0.226433
0.342874
0.233884
0.662
0.662
0.662
0.037448
0.0259915
0.19896
0.470209
0.662
0.064505
0.157571
0.197144
0.225827
0.608864
0.662
0.662
0.0477029
0.024081
0.501046
0.662
0.662
0.257052
0.207887
0.135507
0.212292
0.204485
0.614339
0.199599
0.316294
0.180731
0.442888
0.427076
0.662
0.147902
0.662
0.0823977
0.662
0.0635834
0.662
0.304777
0.404617
0.0656734
0.0786775
0.201799
0.150273
0.222711
0.102945
0.172791
0.221035
0.125679
0.0783526
0.213861
0.219001
0.464377
0.662
0.109925
0.309711
0.223406
0.589457
0.137623
0.467006
0.179188
0.219844
0.318454
0.164217
0.0497839
0.662
0.662
0.0922556
0.227961
0.486346
0.310727
0.116279
0.339701
0.0940027
0.0685675
0.593556
0.662
0.662
0.125089
0.0233919
0.311045
0.651471
0.438591
0.151501
0.441143
0.662
0.243257
0.230902
0.41002
0.222483
0.252873
0.346238
0.137264
0.0819071
0.244342
0.618952
0.101768
0.251378
0.0912319
0.288055
0.12152
0.210626
0.535422
0.662
0.662
0.172566
0.451643
0.662
0.313917
0.662
0.662
0.116843
0.148564
0.103548
0.0713222
0.144427
0.31087
0.0896341
0.302988
0.662
0.662
0.459141
0.139013
0.0668153
0.52518
0.557903
0.662
0.662
0.662
0.0753943
0.00317292
0.207627
0.479198
0.141417
0.662
0.0316217
0.420734
0.662
0.268401
0.0901652
0.117755
0.290094
0.110894
0.161354
0.0266762
0.662
0.0695772
0.170176
0.064968
0.0875646
0.447793
0.056629
0.277896
0.523483
0.237897
0.370344
0.100531
0.14406
0.55927
0.392464
0.149074
0.264803
0.15373
0.264721
0.662
0.0153095
0.662
0.600414
0.0725147
0.100534
0.165608
0.175463
0.343384
0.662
0.662
0.231727
0.0975085
0.246901
0.132021
0.528046
0.528228
0.261069
0.23819
0.117794
0.36189
0.0225268
0.0888654
0.662
0.17635
0.662
0.182312
0.37055
0.0772422
0.152309
0.220038
0.0234271
0.0117025
0.231404
0.182126
0.329555
0.286572
0.581433
0.259415
0.286067
0.306315
0.186922
0.0819771
0.426685
0.149431
0.196277
0.419744
0.151812
0.0274954
0.114218
0.662
0.371272
0.30004
0.662
0.662
0.662
0.0672791
0.267428
0.193106
0.102209
0.594457
0.18278
0.0858411
0.336163
0.662
0.59679
0.662
0.157915
0.467339
0.118045
0.212018
0.603409
0.214437
0.554681
0.348414
0.419967
0.20929
0.347538
0.662
0.560166
0.133945
0.346367
0.129207
0.255766
0.134755
0.0826238
0.189271
0.394543
0.216802
0.338206
0.120774
0.353094
0.408693
0.0954935
0.115841
0.297264
0.0808735
0.499863
0.482151
0.0778533
0.0601612
0.662
0.0589042
0.661952
0.108443
0.635232
0.459668
0.468358
0.376032
0.347796
0.124038
0.445806
0.109292
0.26294
0.109916
0.0657658
0.064212
0.274968
0.662
0.157068
0.122733
0.0683169
0.22007
0.111289
0.0630361
0.105577
0.662
0.240084
0.399452
0.662
0.185464
0.662
0.443051
0.662
0.163085
0.0657888
0.157689
0.246878
0.0547879
0.175182
0.302043
0.276973
0.23882
0.3767
0.0860833
0.348611
0.125578
0.550681
0.118665
0.104971
0.662
0.662
0.100002
0.271508
0.198093
0.255334
0.378206
0.409178
0.0544809
0.157102
0.520166
0.492844
0.613109
0.412532
0.306668
0.212227
0.0790087
0.0387195
0.0218194
0.662
0.283408
0.128158
0.662
0.0722882
0.0466152
0.395272
0.414509
0.0905372
0.403449
0.230475
0.137067
0.13249
0.267165
0.662
0.662
0.101699
0.000245527
0.464805
0.366448
0.134064
0.662
0.131378
0.214197
0.12593
0.662
0.0794751
0.105078
0.196976
0.108394
0.176791
0.235411
0.428329
0.128711
0.427554
0.0371944
0.162727
0.192633
0.662
0.0903145
0.342178
0.105547
0.662
0.149908
0.128802
0.0739228
0.336262
0.12398
0.662
0.140573
0.133134
0.230583
0.0579518
0.352345
0.197065
0.0725961
0.529031
0.0850398
0.0592273
0.421512
0.3731
0.169222
0.488606
0.125718
0.189063
0.0561006
0.14704
0.206929
0.662
0.246445
0.271674
0.172742
0.505339
0.308128
0.146315
0.300651
0.662
0.0782041
0.0503717
0.389737
0.152167
0.662
0.662
0.48761
0.064457
0.104872
0.118008
0.0882117
0.662
0.0827716
0.0638984
0.0809954
0.133114
0.662
0.439529
0.0979595
0.568273
0.662
0.662
0.47304
0.0527888
0.0411881
0.115657
0.413301
0.349288
0.119267
0.167741
0.354125
0.0738596
0.509501
0.000980369
0.254299
0.0527844
0.0839266
0.170995
0.430546
0.126202
0.211237
0.233645
0.0335521
0.662
0.300838
0.133242
0.202261
0.261223
0.244605
0.180266
0.41198
0.429195
0.494087
0.426912
0.504371
0.662
0.409935
0.054687
0.434695
0.662
0.662
0.429358
0.263616
0.662
0.222928
0.244254
0.0511491
0.0478593
0.113598
0.544666
0.662
0.104921
0.134295
0.102316
0.244957
0.662
0.166882
0.424456
0.254018
0.187055
0.0788143
0.108234
0.264595
0.662
0.14678
0.662
0.662
0.0728915
0.429356
0.16698
0.0520779
0.662
0.397825
0.662
0.355897
0.322462
0.0545578
0.13297
0.496055
0.408176
0.110494
0.419192
0.0704614
0.404347
0.0159209
0.421552
0.210437
0.0957855
0.265872
0.138621
0.166628
0.617113
0.144675
0.577507
0.331715
0.415634
0.42798
0.419988
0.538285
0.151239
0.467348
0.662
0.208335
0.662
0.118625
0.423223
0.382859
0.531703
0.455081
0.662
0.0698002
0.339028
0.315596
0.03654
0.111647
0.234616
0.130484
0.535661
0.662
0.292966
0.0136852
0.298614
0.358466
0.579664
0.185776
0.542277
0.0961648
0.321659
0.0855054
0.412777
0.25261
0.662
0.246291
0.176482
0.377515
0.164965
0.0623268
0.662
0.238456
0.163485
0.183775
0.0995632
0.662
0.245356
0.241764
0.0826116
0.662
0.117082
0.304356
0.477461
0.662
0.231847
0.214963
0.169549
0.130291
0.100246
0.189246
0.48082
0.662
0.662
0.119041
0.144238
0.294418
0.662
0.0763498
0.662
0.149783
0.364282
0.603142
0.0230351
0.0578189
0.662
0.57726
0.333634
0.662
0.662
0.242009
0.192292
0.104198
0.223848
0.117681
0.400394
0.136147
0.120615
0.127642
0.199321
0.245615
0.186775
0.662
0.134605
0.141161
0.56735
0.361048
0.264038
0.650066
0.154274
0.662
0.200615
0.068639
0.0817408
0.174943
0.144381
0.662
0.0807275
0.00701291
0.077611
0.0830859
0.21439
0.127896
0.662
0.14925
0.231789
0.0794024
0.0956156
0.662
0.301052
0.016425
0.662
0.10948
0.171795
0.579098
0.0037771
0.662
0.193052
0.307568
0.448741
0.0408639
0.0616497
0.0787202
0.0557222
0.401219
0.228074
0.0889577
0.210473
0.362332
0.121974
0.204166
0.662
0.0232768
0.662
0.290478
0.0991936
0.218661
0.0719606
0.040341
0.112407
0.172706
0.662
0.12333
0.385364
0.0915223
0.442792
0.176711
0.00370306
0.15533
0.27999
0.0687189
0.179677
0.115068
0.0811158
0.253399
0.533395
0.178992
0.180636
0.366788
0.488416
0.106695
0.0840925
0.662
0.662
0.39576
0.662
0.0716139
0.215132
0.390558
0.0565214
0.255501
0.555088
0.132871
0.272057
0.0806979
0.210693
0.209987
0.47411
0.662
0.662
0.141763
0.0453267
0.662
0.0586278
0.100557
0.201807
0.313998
0.0544937
0.321945
0.23163
0.633391
0.120688
0.662
0.325296
0.244612
0.179514
0.122241
0.5038
0.165729
0.195685
0.198674
0.19406
0.0643557
0.270999
0.416173
0.156853
0.221149
0.0908519
0.433851
0.662
0.20412
0.12604
0.0374326
0.662
0.0880575
0.0797087
0.395208
0.206568
0.285216
0.111239
0.600156
0.662
0.470326
0.620372
0.419437
0.100173
0.169798
0.0376208
0.0616518
0.118004
0.289496
0.336743
0.120969
0.112526
0.243826
0.128918
0.184139
0.385413
0.0539422
0.230476
0.306109
0.662
0.585063
0.0612886
0.662
0.662
0.213077
0.0509245
0.0689403
0.370962
0.301556
0.662
0.615976
0.224591
0.219961
0.662
0.341733
0.531512
0.219336
0.0657041
0.251868
0.181033
0.0850991
0.0799201
0.111695
0.662
0.111658
0.119377
0.455855
0.168515
0.170227
0.097023
0.30436
0.0289148
0.106237
0.662
0.662
0.662
0.143753
0.259754
0.264494
0.352977
0.23124
0.386757
0.089692
0.362677
0.36844
0.133395
0.301166
0.1135
0.662
0.06661
0.52482
0.662
0.113864
0.299606
0.534041
0.103024
0.231758
0.662
0.0269451
0.0941969
0.0993457
0.367702
0.662
0.0327449
0.662
0.251267
0.662
0.190608
0.259376
0.287449
0.136754
0.0749764
0.662
0.148026
0.264162
0.106576
0.270274
0.633237
0.437124
0.212431
0.100171
0.264558
0.178789
0.23742
0.0929916
0.0754097
0.178242
0.225407
0.492234
0.093475
0.205185
0.0695987
0.0348478
0.662
0.469362
0.461045
0.225992
0.424357
0.134977
0.126543
0.662
0.217245
0.260908
0.426009
0.181391
0.0601222
0.023481
0.105639
0.0853316
0.24214
0.141548
0.187039
0.45064
0.265141
0.344949
0.216785
0.662
0.121332
0.226835
0.112679
0.00707839
0.585256
0.156448
0.462418
0.662
0.230635
0.115911
0.24869
0.181953
0.058413
0.014885
0.152974
0.0756597
0.662
0.225208
0.273429
0.389249
0.0403659
0.186971
0.386401
0.662
0.628483
0.151282
0.322893
0.0862269
0.122696
0.0756776
0.111783
0.662
0.221333
0.662
0.139778
0.244803
0.0514835
0.145193
0.0548346
0.662
0.0272682
0.371415
0.501717
0.140918
0.662
0.662
0.210997
0.0872927
0.0429094
0.0797759
0.227306
0.139915
0.133512
0.662
0.662
0.14756
0.409447
0.101472
0.208849
0.399723
0.332039
0.14208
0.195832
0.56603
0.0377426
0.410575
0.505133
0.0434153
0.322239
0.151267
0.24062
0.212351
0.0482097
0.0702341
0.540135
0.309148
0.0761261
0.224076
0.0613544
0.250979
0.20971
0.41656
0.255245
0.183703
0.505062
0.150882
0.256197
0.111776
0.176723
0.520947
0.190983
0.0916233
0.155999
0.475461
0.300672
0.235181
0.0878852
0.531818
0.651355
0.133291
0.662
0.15423
0.222214
0.662
0.255139
0.356511
0.0690302
0.237564
0.511156
0.331445
0.039072
0.132878
0.547836
0.662
0.23822
0.440421
0.662
0.0323763
0.662
0.359118
0.334432
0.470848
0.662
0.0707502
0.0373071
0.292789
0.324746
0.0445565
0.11682
0.183241
0.13818
0.662
0.662
0.662
0.185117
0.27004
0.150381
0.187087
0.310054
0.246335
0.463316
0.0728999
0.197201
0.573359
0.349249
0.248109
0.0664973
0.129201
0.0850455
0.0561854
0.566749
0.135976
0.189845
0.662
0.127493
0.385077
0.190587
0.490068
0.204552
0.0532366
0.433944
0.155827
0.126079
0.26887
0.0841101
0.041648
0.634931
0.071383
0.662
0.263402
0.336271
0.662
0.662
0.0151532
0.662
0.140478
0.335376
0.662
0.134518
0.193024
0.0653575
0.550369
0.226803
0.205394
0.313787
0.286108
0.0803382
0.105412
0.171426
0.0832583
0.0768192
0.248671
0.224864
0.0570217
0.21461
0.623949
0.403807
0.115122
0.434711
0.0932956
0.284212
0.272717
0.152896
0.211303
0.134184
0.135353
0.084234
0.484348
0.455656
0.371185
0.208901
0.0264091
0.340553
0.651313
0.159287
0.151321
0.662
0.180414
0.367274
0.0938194
0.0737244
0.160038
0.559921
0.662
0.119834
0.123184
0.0690231
0.225292
0.148458
0.312748
0.662
0.662
0.662
0.158995
0.1688
0.202453
0.156091
0.15927
0.223406
0.283903
0.0458437
0.662
0.146581
0.418114
0.346324
0.16092
0.0490236
0.0368319
0.662
0.138779
0.662
0.140516
0.0706403
0.662
0.265223
0.0785451
0.148825
0.169709
0.593736
0.331914
0.0978198
0.0781541
0.131364
0.240574
0.304489
0.132042
0.0341566
0.366735
0.114351
0.14319
0.662
0.162462
0.662
0.305295
0.0907644
0.00850001
0.0203068
0.400726
0.0979809
0.0898748
0.172324
0.278237
0.662
0.465387
0.662
0.345228
0.547172
0.073944
0.230357
0.294898
0.172941
0.298214
0.0813124
0.243292
0.297969
0.662
0.361875
0.539923
0.619664
0.186315
0.185669
0.662
0.00710338
0.432174
0.662
0.23534
0.133941
0.566147
0.154569
0.0841076
0.662
0.189778
0.662
0.260864
0.662
0.375287
0.154491
0.106502
0.363053
0.136101
0.662
0.551057
0.170184
0.145001
0.112494
0.662
0.144668
0.173336
0.181482
0.1895
0.592011
0.0531377
0.106789
0.405111
0.273889
0.148353
0.390078
0.332306
0.193042
0.0565834
0.228892
0.0563584
0.274993
0.0738755
0.662
0.608728
0.416124
0.280405
0.0939766
0.145855
0.376612
0.0747829
0.104
0.126054
0.134729
0.357237
0.442292
0.085465
0.0985207
0.662
0.206298
0.154419
0.50487
0.653339
0.244737
0.3444
0.06684
0.0783145
0.114298
0.156044
0.662
0.0842641
0.400878
0.444698
0.384161
0.045933
0.100904
0.00832029
0.134143
0.381185
0.662
0.295085
0.0730002
0.166775
0.295176
0.269096
0.0898506
0.662
0.225308
0.130604
0.0652883
0.108901
0.131511
0.662
0.306368
0.0052294
0.22787
0.186286
0.238512
0.276924
0.662
0.662
0.662
0.062776
0.286209
0.0020315
0.202509
0.651727
0.130716
0.236608
0.0341029
0.093344
0.311182
0.662
0.0770633
0.377423
0.274488
0.27503
0.325782
0.352214
0.662
0.662
0.121999
0.0999579
0.119256
0.408961
0.148662
0.469914
0.0760878
0.0382032
0.106764
0.357224
0.0738855
0.01903
0.336313
0.662
0.168546
0.161474
0.411531
0.108192
0.476007
0.296217
0.248915
0.606296
0.149433
0.284154
0.0668405
0.527125
0.0784957
0.109319
0.292238
0.214636
0.123026
0.194396
0.662
0.133738
0.662
0.433113
0.405801
0.23613
0.272613
0.145137
0.442906
0.0621488
0.273811
0.562893
0.365685
0.547528
0.662
0.117617
0.175766
0.080579
0.662
0.15769
0.137149
0.197308
0.207093
0.152724
0.296684
0.208868
0.269772
0.108123
0.33041
0.662
0.0583049
0.445806
0.0269807
0.0410795
0.010598
0.662
0.0691621
0.165565
0.163198
0.460555
0.662
0.0616488
0.213872
0.109091
0.191719
0.178198
0.136636
0.369747
0.144417
0.306045
0.190619
0.0886272
0.662
0.129026
0.585551
0.319327
0.142213
0.328482
0.616693
0.662
0.58835
0.0586458
0.0349047
0.50116
0.237537
0.216347
0.0748482
0.432267
0.476131
0.662
0.126651
0.197315
0.406263
0.142223
0.662
0.177866
0.106171
0.279351
0.249402
0.662
0.449752
0.59773
0.662
0.0207924
0.17143
0.463457
0.258778
0.662
0.0585427
0.0673207
0.284067
0.601536
0.0916755
0.10411
0.235885
0.202778
0.138786
0.599592
0.118755
0.0592607
0.080674
0.315117
0.621809
0.102658
0.662
0.209931
0.140773
0.390481
0.303439
0.0105276
0.557529
0.183708
0.471282
0.662
0.345444
0.0873262
0.662
0.662
0.136306
0.16023
0.604379
0.149052
0.21359
0.387794
0.145394
0.0959392
0.189005
0.0724161
0.0391021
0.164934
0.467553
0.0558702
0.100307
0.203449
0.312638
0.107109
0.349512
0.662
0.331586
0.662
0.00862697
0.387256
0.0948883
0.392973
0.662
0.0537112
0.496112
0.21567
0.185108
0.340017
0.662
0.181338
0.19029
0.151637
0.145401
0.259648
0.173548
0.662
0.259437
0.164445
0.0526619
0.323281
0.498915
0.532531
0.356802
0.662
0.662
0.159435
0.271567
0.5577
0.205265
0.662
0.437919
0.269787
0.104324
0.304667
0.0685428
0.272127
0.186404
0.0894917
0.355012
0.662
0.662
0.113334
0.0512629
0.662
0.662
0.527608
0.452876
0.0286862
0.207069
0.000589547
0.0508875
0.180858
0.162442
0.166582
0.315868
0.662
0.0895573
0.425381
0.065977
0.51082
0.516805
0.18351
0.147
0.196156
0.375349
0.106834
0.219461
0.35616
0.368204
0.24579
0.17857
0.296805
0.236815
0.164664
0.143357
0.310909
0.0797675
0.0881451
0.469032
0.214999
0.445392
0.0039531
0.159672
0.662
0.246474
0.0576334
0.188621
0.0605418
0.452592
0.246277
0.0994077
0.39634
0.178074
0.153111
0.104895
0.308179
0.178546
0.654182
0.662
0.431769
0.0668054
0.137194
0.146962
0.0510331
0.401348
0.121734
0.225391
0.0513586
0.293174
0.48717
0.662
0.373273
0.195691
0.198506
0.0690026
0.0869805
0.493172
0.205601
0.177793
0.53872
0.117947
0.253009
0.406473
0.146641
0.0866446
0.499819
0.0089886
0.243412
0.46643
0.0398033
0.249722
0.216734
0.0574236
0.562899
0.234434
0.158073
0.265577
0.062474
0.0555569
0.12412
0.5371
0.662
0.467161
0.118324
0.264123
0.130238
0.662
0.662
0.52578
0.405814
0.120484
0.19266
0.662
0.0993905
0.166453
0.0899914
0.131034
0.0829323
0.662
0.438998
0.2225
0.31212
0.467403
0.0979947
0.0434139
0.252959
0.216024
0.07007
0.185292
0.330524
0.202863
0.102132
0.176533
0.116022
0.662
0.214284
0.188429
0.07235
0.0988676
0.101234
0.662
0.534824
0.244408
0.0495581
0.662
0.23648
0.235297
0.340503
0.145038
0.457971
0.102938
0.336795
0.662
0.349226
0.0461003
0.0791183
0.270025
0.234
0.567191
0.0576576
0.0600667
0.0873925
0.34713
0.253444
0.283931
0.223683
0.121933
0.175902
0.662
0.101811
0.11412
0.0570641
0.662
0.45316
0.159668
0.093149
0.332299
0.240048
0.0672446
0.00404497
0.132088
0.330835
0.151238
0.0768086
0.662
0.0400358
0.662
0.228797
0.354132
0.00990184
0.243946
0.107007
0.0523597
0.662
0.0687729
0.662
0.338891
0.662
0.107817
0.662
0.0988986
0.119843
0.164936
0.32769
0.662
0.0925579
0.662
0.0661855
0.662
0.467513
0.178686
0.270302
0.662
0.19601
0.20332
0.291091
0.12955
0.662
0.0648296
0.510483
0.124388
0.270832
0.110442
0.20789
0.132457
0.406814
0.336227
0.389802
0.662
0.59475
0.344371
0.141025
0.2134
0.452612
0.226994
0.227003
0.196446
0.662
0.251156
0.0455648
0.402824
0.126578
0.662
0.662
0.144846
0.0795857
0.347346
0.142453
0.363695
0.0735242
0.247466
0.231619
0.182747
0.0863976
0.521541
0.112376
0.241464
0.238908
0.240352
0.146903
0.200899
0.0673602
0.250517
0.194329
0.662
0.662
0.227319
0.155473
0.53727
0.156358
0.0839222
0.0867099
0.14886
0.12499
0.250866
0.061777
0.465801
0.125981
0.12229
0.0908545
0.151809
0.662
0.405062
0.662
0.662
0.483987
0.33514
0.113044
0.124551
0.520628
0.509978
0.277019
0.361079
0.276951
0.0447207
0.299788
0.354496
0.0712688
0.365406
0.122417
0.132517
0.0900202
0.0570118
0.233787
0.307045
0.251113
0.331321
0.662
0.102157
0.154641
0.146991
0.501287
0.131514
0.268162
0.102959
0.505423
0.0869787
0.312833
0.0433731
0.168806
0.170396
0.0973951
0.0592199
0.195834
0.552494
0.371247
0.146025
0.609895
0.0996747
0.662
0.381098
0.147037
0.51503
0.662
0.033098
0.283295
0.181283
0.0772401
0.209414
0.662
0.144589
0.0261231
0.142613
0.662
0.142521
0.434623
0.474027
0.0510827
0.662
0.0340034
0.341719
0.307219
0.0576275
0.337612
0.317351
0.31686
0.662
0.662
0.134711
0.113812
0.288425
0.328519
0.662
0.200604
0.0817862
0.0872202
0.267772
0.46506
0.314712
0.0846482
0.463666
0.0636638
0.324535
0.337691
0.662
0.167922
0.0851081
0.254652
0.112317
0.309803
0.662
0.0712803
0.0535385
0.662
0.279086
0.309026
0.464663
0.0709902
0.662
0.234897
0.258763
0.310448
0.131683
0.523089
0.422738
0.0684853
0.624544
0.248668
0.0914723
0.14418
0.51815
0.226022
0.106417
0.00412357
0.145572
0.662
0.662
0.189146
0.0209513
0.0879314
0.582158
0.43526
0.0863886
0.197744
0.204185
0.514405
0.219188
0.0192959
0.0950725
0.493116
0.210565
0.662
0.325158
0.662
0.100084
0.206338
0.240925
0.365617
0.423534
0.440076
0.662
0.151243
0.11766
0.18519
0.0919787
0.438912
0.177673
0.163665
0.122811
0.15911
0.37621
0.321197
0.0896928
0.070753
0.086109
0.396218
0.345497
0.662
0.337487
0.12564
0.250689
0.489369
0.309561
0.164704
0.370504
0.235763
0.480902
0.457481
0.275572
0.0927861
0.46625
0.662
0.264809
0.279642
0.0791711
0.542652
0.662
0.380783
0.111274
0.129131
0.0922068
0.631548
0.272667
0.662
0.217592
0.36783
0.0450948
0.452127
0.12512
0.479089
0.250337
0.167187
0.662
0.420163
0.0228328
0.0939427
0.662
0.662
0.427847
0.0311766
0.311757
0.124111
0.110856
0.0715728
0.0922344
0.332544
0.625442
0.097073
0.292308
0.0439515
0.107561
0.0963284
0.227115
0.0536349
0.0889984
0.367215
0.261848
0.187664
0.219266
0.413509
0.325876
0.643291
0.202884
0.12786
0.0473491
0.0801421
0.588838
0.300901
0.285471
0.00956497
0.223899
0.0972687
0.170547
0.197468
0.216726
0.260484
0.205572
0.641481
0.662
0.662
0.296749
0.0789068
0.302186
0.123361
0.133486
0.318094
0.12569
0.286567
0.450762
0.0612901
0.178476
0.552638
0.662
0.352555
0.662
0.40661
0.19737
0.0920022
0.232831
0.121213
0.0930307
0.294333
0.164276
0.617246
0.403288
0.456458
0.249703
0.168374
0.113842
0.0724462
0.431146
0.662
0.212428
0.0484489
0.662
0.318384
0.546563
0.219021
0.662
0.325497
0.622522
0.0580349
0.488553
0.144786
0.662
0.407942
0.215031
0.662
0.662
0.645822
0.0986039
0.226278
0.0816354
0.56521
0.0558325
0.662
0.278939
0.141089
0.367006
0.163027
0.0182738
0.0826796
0.662
0.0536726
0.143195
0.580976
0.545381
0.115186
0.336136
0.662
0.634453
0.0891227
0.492351
0.129345
0.246488
0.194625
0.0481219
0.503449
0.199222
0.0874634
0.127244
0.269231
0.130859
0.163781
0.257663
0.111597
0.151621
0.545281
0.450369
0.151435
0.0433624
0.0358446
0.190028
0.662
0.570615
0.195485
0.491382
0.0277634
0.132708
0.30585
0.662
0.277576
0.631249
0.241867
0.662
0.492712
0.176074
0.102272
0.662
0.152823
0.174777
0.100949
0.205591
0.167302
0.579968
0.190513
0.643118
0.0351237
0.662
0.196332
0.0854291
0.662
0.104783
0.348114
0.33137
0.202826
0.0760442
0.10658
0.19725
0.14071
0.128349
0.461408
0.180052
0.164147
0.152908
0.126369
0.187752
0.0479938
0.132959
0.143251
0.12388
0.156327
0.0377812
0.662
0.283989
0.149402
0.272905
0.638744
0.418865
0.1649
0.662
0.212417
0.588745
0.206323
0.221875
0.209263
0.322889
0.457244
0.240805
0.0484049
0.35966
0.328591
0.662
0.641123
0.305325
0.240487
0.247588
0.137976
0.459949
0.309501
0.377818
0.0415142
0.662
0.662
0.291152
0.662
0.469362
0.513752
0.126815
0.561541
0.662
0.0655333
0.141214
0.244749
0.0916835
0.19309
0.298982
0.21303
0.0660233
0.182325
0.556904
0.242411
0.441921
0.0275837
0.409104
0.161806
0.372791
0.554237
0.33528
0.189752
0.203312
0.240521
0.0384697
0.530045
0.662
0.0194301
0.0161516
0.119548
0.199178
0.0963281
0.0945238
0.13858
0.0634833
0.318473
0.402351
0.0953472
0.0544039
0.118962
0.268326
0.204732
0.293363
0.272154
0.322776
0.501382
0.662
0.116866
0.0932123
0.131175
0.662
0.113618
0.240272
0.316441
0.11657
0.6342
0.0947611
0.130773
0.197679
0.531445
0.369439
0.521445
0.108275
0.623005
0.442475
0.176449
0.107892
0.149164
0.458928
0.648334
0.0438685
0.374852
0.196444
0.0605879
0.0892786
0.35756
0.622541
0.347094
0.073905
0.567334
0.386775
0.0955043
0.125653
0.0984029
0.323298
0.662
0.563616
0.356331
0.0983895
0.601202
0.0924447
0.316008
0.102953
0.0670531
0.662
0.118899
0.307434
0.143844
0.0945886
0.6157
0.662
0.17148
0.225952
0.179219
0.662
0.3144
0.181706
0.116421
0.161161
0.166141
0.135423
0.17724
0.0603771
0.662
0.179584
0.204378
0.293596
0.662
0.0904299
0.162386
0.152452
0.0299245
0.101578
0.393987
0.203151
0.0771179
0.140782
0.131645
0.145226
0.166867
0.116945
0.375292
0.299496
0.118004
0.0243723
0.662
0.211907
0.211721
0.017967
0.32354
0.662
0.356553
0.0478492
0.662
0.282299
0.285477
0.40364
0.00177021
0.127577
0.0734842
0.116815
0.662
0.439926
0.222252
0.0389705
0.111406
0.207599
0.437538
0.302534
0.474043
0.0270875
0.0918076
0.275459
0.220914
0.175429
0.662
0.662
0.241418
0.18897
0.116158
0.257642
0.304645
0.016145
0.662
0.458678
0.420843
0.120351
0.120072
0.0479573
0.0871822
0.11622
0.331331
0.29508
0.429026
0.638896
0.135589
0.0537213
0.19994
0.443091
0.0805995
0.662
0.122289
0.662
0.411487
0.379818
0.0849995
0.662
0.0970574
0.223492
0.640034
0.128882
0.662
0.174587
0.12485
0.12632
0.0619345
0.0719777
0.0579286
0.052412
0.0532197
0.103179
0.189599
0.138484
0.170732
0.514303
0.071443
0.300948
0.296256
0.123447
0.405036
0.0804273
0.180057
0.310497
0.0763586
0.550296
0.662
0.0380972
0.0423594
0.449098
0.148714
0.163451
0.662
0.157282
0.155539
0.116103
0.662
0.131328
0.083775
0.130288
0.662
0.337659
0.281392
0.250732
0.452176
0.0675279
0.25277
0.662
0.115956
0.662
0.662
0.333168
0.144536
0.382763
0.182999
0.326807
0.222129
0.65544
0.275939
0.0458071
0.155433
0.118209
0.42094
0.0674321
0.208435
0.0696324
0.158564
0.209845
0.62313
0.290872
0.072295
0.157991
0.0995954
0.0189844
0.207811
0.662
0.19291
0.0800931
0.425396
0.104815
0.196809
0.662
0.076151
0.133457
0.124183
0.161622
0.406799
0.287928
0.296016
0.470876
0.373727
0.140989
0.156282
0.210469
0.166757
0.00172707
0.0631897
0.408604
0.283328
0.139541
0.0875739
0.407157
0.168274
0.662
0.662
0.211631
0.0711309
0.0248593
0.134743
0.0939984
0.352988
0.662
0.493816
0.482289
0.429785
0.366859
0.0663554
0.467384
0.662
0.13658
0.544444
0.581582
0.496548
0.662
0.333573
0.210444
0.0834786
0.0431813
0.347502
0.224678
0.384989
0.111126
0.139846
0.160573
0.325576
0.199356
0.427848
0.260518
0.662
0.162082
0.44391
0.150547
0.107671
0.118232
0.100794
0.293005
0.148866
0.267706
0.30947
0.156416
0.17805
0.329272
0.068856
0.662
0.312787
0.127294
0.117175
0.657376
0.104113
0.662
0.0920269
0.147042
0.100998
0.350376
0.249945
0.114787
0.409361
0.662
0.377675
0.214738
0.0534552
0.0387819
0.401588
0.103491
0.201288
0.356649
0.0781654
0.114702
0.662
0.356998
0.122928
0.221633
0.0800716
0.189774
0.11812
0.127568
0.0570216
0.129666
0.224645
0.208441
0.188618
0.379993
0.10693
0.662
0.0766629
0.0655021
0.146135
0.662
0.414927
0.0720207
0.137974
0.426106
0.161169
0.106656
0.186732
0.208748
0.0868788
0.662
0.114657
0.109706
0.603694
0.199572
0.104925
0.496202
0.0823449
0.363799
0.662
0.646824
0.119436
0.662
0.662
0.662
0.0960494
0.423221
0.662
0.21907
0.133874
0.0950842
0.594593
0.0903714
0.210266
0.630604
0.278289
0.372252
0.195998
0.337647
0.502975
0.662
0.152608
0.516817
0.0948075
0.261064
0.206783
0.288495
0.203653
0.140994
0.0897017
0.168582
0.479824
0.206866
0.190489
0.341421
0.662
0.0958198
0.168438
0.647977
0.19449
0.18207
0.235529
0.141145
0.662
0.14883
0.662
0.453546
0.20688
0.510556
0.33487
0.147602
0.0885094
0.158577
0.161103
0.406005
0.662
0.662
0.128201
0.257959
0.193631
0.149524
0.555849
0.134847
0.155423
0.268058
0.128586
0.614257
0.197113
0.0391721
0.0183339
0.0625141
0.132208
0.490075
0.0621351
0.662
0.0278976
0.0299096
0.417291
0.175498
0.0470689
0.11882
0.374992
0.662
0.132557
0.070279
0.101432
0.662
0.210021
0.662
0.0727296
0.0403564
0.539522
0.0658768
0.318753
0.662
0.662
0.334184
0.274695
0.444052
0.131821
0.194075
0.202997
0.160187
0.292778
0.0311661
0.361802
0.110633
0.277483
0.183906
0.662
0.121145
0.0794786
0.47919
0.293703
0.222979
0.0656266
0.180443
0.0019397
0.60516
0.466362
0.662
0.324178
0.145666
0.0150531
0.32002
0.46385
0.290078
0.662
0.0956042
0.490265
0.23733
0.11335
0.427838
0.170757
0.662
0.0243973
0.081578
0.662
0.29842
0.285552
0.0390568
0.109615
0.355198
0.662
0.662
0.0583311
0.12034
0.662
0.167637
0.662
0.178783
0.0820967
0.350966
0.1025
0.156587
0.20494
0.29848
0.411056
0.216494
0.20499
0.395812
0.281237
0.206905
0.0167373
0.173292
0.507847
0.0626045
0.0985808
0.662
0.503891
0.662
0.662
0.100499
0.291875
0.0995604
0.5579
0.254297
0.00217679
0.524796
0.409099
0.210591
0.180048
0.294114
0.662
0.662
0.478669
0.662
0.662
0.4942
0.165402
0.0979484
0.400921
0.214524
0.662
0.0659164
0.196385
0.0448234
0.0731632
0.331158
0.233965
0.206206
0.05828
0.384631
0.176257
0.219007
0.662
0.398425
0.19205
0.341322
0.301954
0.104812
0.662
0.662
0.117967
0.473699
0.215794
0.133193
0.21018
0.0819481
0.662
0.133173
0.176543
0.249686
0.00963363
0.485692
0.131721
0.144759
0.205749
0.649045
0.0982197
0.180508
0.662
0.323848
0.662
0.0540541
0.220487
0.284439
0.395007
0.0945939
0.384707
0.0251431
0.0962832
0.0995522
0.0898211
0.662
0.0919787
0.337657
0.662
0.232774
0.662
0.238646
0.124119
0.0928866
0.154914
0.326244
0.0684933
0.403667
0.0969588
0.46699
0.206413
0.180756
0.295805
0.283135
0.117633
0.0345391
0.173812
0.206051
0.157044
0.547632
0.0685828
0.289095
0.122252
0.224766
0.0421257
0.45294
0.662
0.141306
0.25812
0.074615
0.157725
0.136168
0.44859
0.255847
0.662
0.16454
0.406274
0.173798
0.0628205
0.0582409
0.00726758
0.144521
0.256639
0.273849
0.411606
0.0176063
0.166887
0.662
0.159607
0.0647923
0.273971
0.111792
0.230408
0.662
0.371559
0.588183
0.147643
0.470459
0.112423
0.156663
0.109789
0.065692
0.239345
0.66189
0.136589
0.342369
0.204021
0.17198
0.285747
0.272141
0.129895
0.02353
0.652937
0.422843
0.574709
0.065201
0.255488
0.177239
0.156802
0.0947098
0.203355
0.262459
0.303909
0.638456
0.490222
0.0995081
0.465991
0.156972
0.1159
0.207028
0.0873758
0.0999465
0.549677
0.186673
0.637638
0.586249
0.339153
0.159371
0.325366
0.066517
0.0736569
0.0646158
0.0913551
0.279455
0.0361929
0.532793
0.251945
0.276085
0.217745
0.0664133
0.105872
0.662
0.375659
0.453016
0.662
0.04218
0.346479
0.276991
0.0903514
0.142283
0.250581
0.662
0.662
0.662
0.289112
0.179552
0.0787605
0.662
0.254936
0.0522713
0.0401336
0.458692
0.136504
0.137642
0.349712
0.357249
0.179475
0.397312
0.154575
0.194799
0.091671
0.0886169
0.0926805
0.214248
0.191318
0.26881
0.288095
0.0580902
0.11615
0.0970253
0.0753542
0.412476
0.223045
0.082612
0.0672057
0.375489
0.662
0.662
0.421988
0.0566511
0.114311
0.263622
0.662
0.190864
0.346484
0.164053
0.318053
0.442891
0.23032
0.0664734
0.294933
0.11238
0.111633
0.22571
0.378785
0.52105
0.111068
0.662
0.412199
0.217718
0.416093
0.662
0.276526
0.191527
0.365851
0.221357
0.238732
0.662
0.595595
0.117731
0.0399891
0.511271
0.155994
0.184405
0.554629
0.22735
0.662
0.662
0.190086
0.129724
0.183496
0.662
0.662
0.177241
0.0883068
0.0105171
0.194416
0.10076
0.360312
0.053296
0.500178
0.521738
0.0990456
0.662
0.493504
0.519872
0.163771
0.20896
0.0762767
0.106718
0.135362
0.141995
0.107509
0.662
0.197736
0.165854
0.278112
0.662
0.0739367
0.246187
0.392596
0.304615
0.233349
0.19697
0.606784
0.662
0.662
0.206876
0.455561
0.31953
0.2021
0.0760808
0.225419
0.168614
0.120507
0.662
0.0529664
0.17619
0.329464
0.662
0.616131
0.662
0.237148
0.193278
0.662
0.110085
0.241066
0.248083
0.195031
0.143674
0.124734
0.334425
0.213807
0.662
0.662
0.317934
0.662
0.251684
0.239946
0.125661
0.0193964
0.121794
0.120774
0.662
0.187744
0.429522
0.662
0.118002
0.267151
0.0741173
0.139414
0.09278
0.147315
0.178045
0.176518
0.340552
0.240023
0.388355
0.195508
0.0968478
0.662
0.187184
0.562031
0.651885
0.372802
0.0569855
0.0250188
0.0776076
0.390017
0.662
0.377486
0.202555
0.0554517
0.447468
0.0816254
0.186018
0.304356
0.599084
0.662
0.662
0.662
0.0886231
0.0758269
0.215062
0.39283
0.662
0.662
0.236594
0.159878
0.152461
0.381262
0.215936
0.40267
0.485846
0.172889
0.35081
0.372994
0.56225
0.322731
0.662
0.104696
0.0611311
0.0277769
0.237727
0.435909
0.0570716
0.153306
0.292226
0.0576654
0.101363
0.213889
0.339632
0.064704
0.559131
0.514437
0.129287
0.366182
0.0786185
0.179147
0.255244
0.424419
0.0510274
0.330062
0.216868
0.321311
0.215622
0.0542951
0.0957458
0.240308
0.0882228
0.18461
0.414419
0.651321
0.1678
0.662
0.126876
0.250409
0.230075
0.0159017
0.0915434
0.272203
0.204256
0.0862014
0.057555
0.069702
0.233408
0.0555987
0.273754
0.261009
0.196799
0.119559
0.316606
0.118198
0.662
0.0584032
0.0281638
0.662
0.0704302
0.180193
0.139252
0.150782
0.0615637
0.306478
0.138113
0.0950839
0.0843547
0.353413
0.351404
0.659093
0.0836094
0.105441
0.63339
0.0416329
0.0515948
0.662
0.2101
0.48792
0.00113387
0.114694
0.05604
0.228546
0.106099
0.0575986
0.0797739
0.30392
0.342158
0.250782
0.0873939
0.143409
0.373079
0.0684435
0.0499676
0.0321147
0.662
0.449236
0.0768865
0.176707
0.0712936
0.166975
0.107429
0.662
0.0803544
0.662
0.153259
0.253789
0.0699491
0.0331461
0.198594
0.438389
0.413165
0.251837
0.0833239
0.662
0.662
0.0912672
0.108631
0.194437
0.206961
0.104006
0.662
0.620468
0.155787
0.385242
0.240809
0.662
0.289141
0.662
0.28879
0.0564511
0.123588
0.139425
0.0692434
0.509921
0.113719
0.47266
0.286026
0.0182239
0.332245
0.216092
0.405485
0.233597
0.076941
0.0918235
0.313783
0.409953
0.0488372
0.585911
0.0312115
0.169835
0.164407
0.207952
0.0337917
0.304108
0.534445
0.474809
0.151197
0.32623
0.607399
0.144264
0.142422
0.407748
0.276531
0.292143
0.301177
0.106044
0.348645
0.425214
0.135266
0.0649799
0.570282
0.172872
0.662
0.662
0.556493
0.103505
0.19462
0.254664
0.172023
0.0110615
0.43657
0.165769
0.0137401
0.0418535
0.0619432
0.339112
0.328332
0.0467417
0.253224
0.107835
0.0215953
0.0208312
0.15734
0.32615
0.238958
0.161207
0.28336
0.662
0.160027
0.0995952
0.625011
0.239145
0.0691306
0.578301
0.0799378
0.368528
0.662
0.156031
0.662
0.0936945
0.0812198
0.147769
0.115346
0.391506
0.128889
0.380813
0.590094
0.279838
0.0904932
0.189429
0.366566
0.165366
0.345717
0.139726
0.662
0.635656
0.294539
0.662
0.187958
0.311256
0.662
0.0810634
0.385373
0.662
0.168892
0.131812
0.401107
0.266749
0.0978386
0.304251
0.257502
0.272925
0.105991
0.565107
0.154879
0.209898
0.0114377
0.662
0.049181
0.340335
0.092058
0.226055
0.047418
0.192609
0.191817
0.118729
0.209033
0.140342
0.16207
0.0482097
0.236796
0.268848
0.596318
0.32112
0.208167
0.530293
0.447336
0.662
0.0387075
0.473264
0.0042276
0.471616
0.19348
0.269048
0.293589
0.0459921
0.152429
0.092917
0.591935
0.213863
0.440268
0.318141
0.276436
0.122005
0.662
0.26251
0.309455
0.208781
0.341257
0.339106
0.328138
0.103898
0.122998
0.662
0.0574811
0.384684
0.559938
0.142458
0.241885
0.275219
0.662
0.309061
0.220156
0.111945
0.473906
0.386817
0.046044
0.341664
0.131862
0.198255
0.662
0.662
0.216794
0.662
0.60668
0.502681
0.310716
0.142713
0.0432742
0.0839439
0.150831
0.260225
0.662
0.189818
0.161021
0.133035
0.330637
0.162664
0.302481
0.210654
0.0109998
0.433974
0.107756
0.539529
0.22629
0.0389706
0.662
0.0636873
0.0638467
0.220496
0.225385
0.129518
0.104557
0.662
0.168713
0.362532
0.0768186
0.000181621
0.643421
0.662
0.125894
0.285315
0.0689194
0.147146
0.223995
0.662
0.0538587
0.662
0.662
0.564718
0.362219
0.17271
0.287689
0.1458
0.662
0.204312
0.10794
0.197071
0.17931
0.11517
0.617876
0.662
0.0580813
0.0854407
0.662
0.244489
0.445809
0.424708
0.308487
0.210706
0.441293
0.295873
0.20641
0.245111
0.136563
0.662
0.662
0.264167
0.453428
0.662
0.0959539
0.662
0.662
0.187062
0.222005
0.269598
0.0472386
0.662
0.392329
0.296423
0.417808
0.146085
0.204592
0.116105
0.295828
0.662
0.236367
0.2431
0.385828
0.390667
0.430765
0.231721
0.137366
0.0849635
0.206777
0.263217
0.326522
0.0844122
0.662
0.144734
0.120365
0.662
0.195094
0.431393
0.29082
0.15786
0.0695573
0.662
0.0799699
0.152032
0.662
0.662
0.0889897
0.170075
0.448741
0.261972
0.0942073
0.259154
0.218853
0.356839
0.0821206
0.0656181
0.463471
0.265942
0.365544
0.568224
0.213592
0.13955
0.0560305
0.329899
0.13655
0.111614
0.411175
0.239737
0.019665
0.0961369
0.116523
0.662
0.662
0.431456
0.299347
0.102785
0.198044
0.384316
0.0783202
0.430994
0.0945135
0.251945
0.0991456
0.041938
0.233982
0.215977
0.662
0.11975
0.125741
0.313421
0.0627616
0.191964
0.246421
0.662
0.250985
0.662
0.140546
0.119412
0.228644
0.539816
0.0955105
0.411761
0.0871401
0.662
0.510155
0.662
0.475264
0.662
0.415293
0.0285492
0.346539
0.233187
0.193655
0.131303
0.268399
0.204196
0.662
0.155851
0.0450682
0.266658
0.109703
0.0911286
0.0403804
0.0705803
0.0575202
0.170394
0.308845
0.283683
0.21157
0.0318012
0.662
0.445665
0.131737
0.164777
0.124787
0.188762
0.0328398
0.054557
0.330927
0.544105
0.662
0.110884
0.112466
0.14019
0.426718
0.0861215
0.28732
0.662
0.15032
0.23038
0.229348
0.662
0.0494844
0.418567
0.174888
0.662
0.32342
0.442964
0.102444
0.509792
0.0724271
0.298517
0.646092
0.0439475
0.0959664
0.564129
0.64541
0.110518
0.0382331
0.171656
0.0985508
0.443231
0.14005
0.281749
0.662
0.561742
0.263799
0.25053
0.374411
0.154968
0.114904
0.107492
0.161562
0.0724721
0.318439
0.222505
0.659852
0.328402
0.0715787
0.142492
0.662
0.394046
0.319958
0.0853899
0.427304
0.662
0.304518
0.054164
0.418722
0.0615386
0.583996
0.199127
0.0201696
0.510345
0.130079
0.0944737
0.140794
0.222816
0.109874
0.0639724
0.662
0.0988764
0.141581
0.0980002
0.0776125
0.529925
0.0855376
0.10971
0.175084
0.145083
0.267829
0.219006
0.226935
0.502024
0.360751
0.149405
0.0969939
0.281667
0.234074
0.125464
0.0941181
0.105667
0.189977
0.146384
0.311184
0.326496
0.662
0.228036
0.102396
0.443653
0.217174
0.285127
0.238093
0.257905
0.19247
0.27338
0.335386
0.662
0.0518192
0.0908473
0.236122
0.0746414
0.121125
0.167353
0.151474
0.347275
0.493602
0.117614
0.175836
0.191284
0.492833
0.375895
0.190182
0.0742609
0.643326
0.662
0.201845
0.38405
0.468672
0.129482
0.2155
0.324389
0.110251
0.117751
0.111851
0.273128
0.662
0.481174
0.123569
0.207637
0.134025
0.155481
0.115694
0.189027
0.191445
0.142522
0.148874
0.142475
0.398643
0.214068
0.354284
0.198534
0.27864
0.0700526
0.08157
0.1061
0.10108
0.0865264
0.11122
0.129131
0.409996
0.156282
0.0267495
0.637645
0.087683
0.558701
0.662
0.388465
0.00074931
0.205724
0.0647838
0.662
0.466277
0.00155662
0.105721
0.146601
0.0911414
0.0881013
0.337976
0.662
0.0940475
0.339607
0.0857274
0.101379
0.662
0.249968
0.170886
0.127908
0.167781
0.662
0.110327
0.224498
0.552182
0.114715
0.0973093
0.160425
0.308096
0.039513
0.205244
0.0586913
0.662
0.128868
0.482956
0.0456595
0.559066
0.250096
0.479213
0.662
0.130117
0.0924845
0.0905024
0.0934047
0.364129
0.311457
0.186666
0.099241
0.0670747
0.123713
0.533048
0.0603447
0.135305
0.290204
0.145184
0.201026
0.453713
0.216439
0.379276
0.0983823
0.278888
0.0797363
0.158546
0.662
0.0228135
0.0211095
0.662
0.0168517
0.12793
0.662
0.662
0.417035
0.120484
0.226969
0.188817
0.427176
0.384274
0.579083
0.0504682
0.189471
0.662
0.012815
0.304956
0.131334
0.283297
0.264412
0.662
0.10913
0.662
0.662
0.485945
0.190422
0.060665
0.235063
0.100652
0.20352
0.185259
0.23795
0.0866712
0.107398
0.141474
0.0721084
0.0644521
0.288096
0.192625
0.662
0.124082
0.30214
0.134166
0.465341
0.452716
0.662
0.0287668
0.186436
0.662
0.0445745
0.506661
0.223095
0.154305
0.342309
0.297123
0.0497351
0.183527
0.227487
0.147953
0.103851
0.296007
0.124498
0.100141
0.267408
0.091894
0.469349
0.162322
0.662
0.110147
0.22599
0.176112
0.350254
0.133291
0.273665
0.218391
0.662
0.190974
0.103413
0.113972
0.169749
0.129092
0.049773
0.209269
0.182312
0.453534
0.0595154
0.353947
0.662
0.121157
0.388128
0.0274503
0.286127
0.341292
0.120777
0.413293
0.239846
0.662
0.649765
0.662
0.130979
0.197248
0.134913
0.662
0.201221
0.200857
0.597617
0.236352
0.662
0.485002
0.158364
0.271212
0.0415581
0.0855211
0.16053
0.613155
0.367901
0.662
0.662
0.206484
0.281269
0.0799919
0.0672134
0.252301
0.0298541
0.107074
0.278563
0.138381
0.0529293
0.47546
0.311442
0.662
0.194171
0.284611
0.150099
0.222708
0.138788
0.2371
0.11837
0.110449
0.662
0.610981
0.144262
0.00229541
0.333465
0.662
0.325096
0.432285
0.187325
0.662
0.486593
0.163339
0.103346
0.379803
0.177201
0.662
0.045604
0.157249
0.162758
0.0852742
0.207031
0.086636
0.402627
0.662
0.0646378
0.0607621
0.195194
0.247309
0.662
0.20949
0.222139
0.175714
0.269121
0.293792
0.437902
0.662
0.662
0.0347772
0.43701
0.0588776
0.627074
0.129726
0.273463
0.458936
0.662
0.0550953
0.662
0.478168
0.128466
0.299022
0.0719856
0.600446
0.228187
0.202853
0.0475328
0.271321
0.0573949
0.286067
0.0755749
0.248947
0.166619
0.110959
0.0893475
0.21789
0.125972
0.243671
0.180789
0.0940454
0.265512
0.234366
0.0209376
0.326261
0.237875
0.245504
0.184424
0.0355552
0.202204
0.662
0.252836
0.291039
0.161269
0.0657488
0.131872
0.0371335
0.345386
0.136834
0.438268
0.230269
0.0870905
0.106036
0.235641
0.214478
0.0990519
0.662
0.188083
0.112967
0.366739
0.0984977
0.440843
0.06784
0.0596182
0.210345
0.0996009
0.281067
0.662
0.199646
0.662
0.0725328
0.257496
0.0412739
0.294237
0.662
0.0791961
0.662
0.201877
0.119234
0.129669
0.434381
0.0598318
0.662
0.146298
0.138711
0.21843
0.493252
0.0961797
0.520356
0.298968
0.225159
0.161844
0.144778
0.662
0.0144876
0.662
0.219551
0.43802
0.0383073
0.252123
0.0329921
0.61687
0.169857
0.2168
0.0509259
0.103111
0.199645
0.0722019
0.0873243
0.158589
0.65413
0.662
0.0895646
0.193964
0.410424
0.116078
0.0562724
0.217083
0.153986
0.0483025
0.287724
0.385732
0.0493547
0.463609
0.349584
0.662
0.261884
0.153119
0.169486
0.108914
0.218381
0.363459
0.400973
0.0716514
0.103223
0.103832
0.0872151
0.0733088
0.0623498
0.180777
0.662
0.225975
0.662
0.362615
0.116466
0.141827
0.0697554
0.662
0.108676
0.405391
0.0910828
0.135123
0.222645
0.662
0.168179
0.662
0.216077
0.0803087
0.219434
0.122478
0.4344
0.613625
0.335637
0.566433
0.105749
0.247367
0.00128946
0.503363
0.133387
0.144891
0.637486
0.386555
0.372603
0.662
0.47558
0.430468
0.0223195
0.155174
0.0926206
0.662
0.102992
0.114513
0.0643116
0.286286
0.0440434
0.0601022
0.000931062
0.391387
0.216221
0.111854
0.191703
0.394117
0.472119
0.162338
0.593303
0.324185
0.0847444
0.0378566
0.169458
0.325429
0.247512
0.0855576
0.184578
0.0716127
0.0888253
0.153934
0.635018
0.200156
0.110539
0.662
0.662
0.167502
0.314095
0.633694
0.0898962
0.205566
0.0636667
0.316357
0.102353
0.156683
0.280916
0.131522
0.0859656
0.0420274
0.37002
0.558442
0.206165
0.320507
0.631811
0.157688
0.365524
0.530353
0.0857248
0.0391236
0.153652
0.598134
0.124479
0.100992
0.235944
0.662
0.13297
0.240232
0.128396
0.136695
0.146993
0.275174
0.626396
0.662
0.0513073
0.0908551
0.65337
0.102586
0.662
0.142602
0.0351101
0.182371
0.0747986
0.113371
0.105494
0.161435
0.459122
0.0955629
0.223564
0.378761
0.0816295
0.144769
0.1306
0.662
0.289714
0.230642
0.00214822
0.455597
0.153863
0.306993
0.456538
0.00258628
0.423461
0.193083
0.187858
0.0386244
0.0951519
0.5479
0.288232
0.442403
0.151603
0.147893
0.132001
0.209606
0.365403
0.0614677
0.325621
0.328825
0.662
0.657241
0.225568
0.6392
0.168594
0.179685
0.249246
0.072563
0.131852
0.164412
0.0528384
0.254119
0.00905837
0.0939301
0.020263
0.210642
0.111416
0.390298
0.0987655
0.143333
0.662
0.0971364
0.509921
0.570874
0.181252
0.232194
0.123286
0.548878
0.419769
0.662
0.220985
0.662
0.404728
0.159576
0.270276
0.44081
0.136468
0.481847
0.429874
0.279493
0.245457
0.282568
0.631019
0.132291
0.172932
0.0838533
0.411298
0.403846
0.124867
0.0453489
0.112286
0.182497
0.439079
0.0927405
0.299544
0.662
0.662
0.245023
0.0920495
0.603136
0.174875
0.18682
0.463417
0.0967443
0.662
0.328146
0.0648914
0.0788908
0.181143
0.0965595
0.245841
0.619559
0.157195
0.662
0.147341
0.15766
0.454662
0.0752205
0.662
0.191938
0.662
0.662
0.472392
0.421705
0.247329
0.662
0.239239
0.662
0.0589343
0.662
0.136266
0.13689
0.385042
0.662
0.199823
0.175942
0.00494595
0.204885
0.662
0.225894
0.04629
0.0941191
0.0838222
0.0495766
0.152271
0.0548517
0.178887
0.272405
0.336772
0.434027
0.446333
0.452815
0.0803543
0.123648
0.155258
0.0127943
0.0765126
0.34622
0.137647
0.46207
0.309956
0.268706
0.489093
0.339369
0.470892
0.198818
0.293802
0.351178
0.0377089
0.0891257
0.113949
0.188322
0.662
0.0788128
0.102317
0.140188
0.0411116
0.377188
0.124455
0.194565
0.260314
0.461482
0.600635
0.0954075
0.122619
0.662
0.0933389
0.441932
0.247045
0.051826
0.256781
0.223299
0.157427
0.0382162
0.662
0.662
0.662
0.152036
0.429447
0.247936
0.0785271
0.0482291
0.662
0.138193
0.148341
0.211226
0.237907
0.133736
0.201176
0.0594885
0.662
0.662
0.387665
0.237734
0.00166559
0.205157
0.218143
0.0975603
0.0858802
0.0243697
0.111193
0.235999
0.191749
0.0707336
0.376277
0.216193
0.151349
0.124271
0.287513
0.189007
0.588541
0.657214
0.0150651
0.215504
0.320676
0.429505
0.071478
0.141482
0.129401
0.0353285
0.662
0.662
0.134741
0.498985
0.0163065
0.662
0.333687
0.662
0.137513
0.209926
0.662
0.615629
0.130272
0.0927496
0.125716
0.662
0.312448
0.662
0.25941
0.196292
0.228465
0.197613
0.416456
0.362789
0.253284
0.11554
0.0771772
0.158038
0.179742
0.104616
0.613246
0.084121
0.277429
0.182822
0.211478
0.10586
0.662
0.325627
0.0851568
0.146989
0.0519727
0.319848
0.433961
0.00919469
0.135928
0.473229
0.662
0.0330965
0.139506
0.662
0.00533453
0.139466
0.402407
0.662
0.115277
0.357474
0.0919135
0.153628
0.0916302
0.123233
0.185748
0.37554
0.210162
0.540411
0.0823602
0.269395
0.00331781
0.662
0.519945
0.662
0.101043
0.096507
0.205485
0.179662
0.0615951
0.0521026
0.168173
0.138444
0.0151281
0.662
0.649498
0.613435
0.318074
0.294571
0.0707906
0.662
0.158211
0.0207838
0.109394
0.309333
0.363528
0.27471
0.662
0.0410636
0.308809
0.232955
0.194363
0.662
0.548504
0.320751
0.0801756
0.662
0.0832996
0.0645498
0.152849
0.174145
0.0976845
0.662
0.662
0.16565
0.0854097
0.510478
0.123509
0.149345
0.136597
0.627234
0.662
0.117371
0.513077
0.466921
0.381973
0.0287813
0.192638
0.144181
0.208976
0.0528228
0.289235
0.072687
0.00437109
0.624927
0.197065
0.260951
0.122345
0.133077
0.113403
0.0054214
0.498055
0.0494264
0.662
0.184624
0.4432
0.165864
0.0426442
0.0753642
0.0681248
0.345742
0.0859381
0.0729319
0.443128
0.662
0.119993
0.219466
0.662
0.147801
0.368617
0.105726
0.110802
0.662
0.102442
0.589665
0.169786
0.175003
0.0273449
0.341731
0.105008
0.0447687
0.225062
0.12084
0.292036
0.241097
0.662
0.358851
0.150112
0.167155
0.195751
0.642264
0.177753
0.534719
0.100081
0.120199
0.242946
0.118667
0.1193
0.254378
0.343475
0.211265
0.19459
0.291526
0.662
0.118978
0.662
0.349649
0.0358363
0.125707
0.3484
0.429053
0.0510014
0.163249
0.452892
0.0673579
0.225613
0.108114
0.662
0.0489738
0.103891
0.0399674
0.662
0.377436
0.529734
0.662
0.0169756
0.128747
0.0666305
0.0962108
0.217251
0.144949
0.483496
0.115512
0.128134
0.10461
0.164222
0.159717
0.273082
0.0986932
0.0691041
0.662
0.0452364
0.410581
0.194376
0.195401
0.662
0.217185
0.251203
0.0496887
0.043785
0.336088
0.0911688
0.433506
0.662
0.202411
0.118109
0.662
0.662
0.31791
0.351949
0.386602
0.158996
0.108119
0.127239
0.17561
0.0722537
0.0604172
0.159933
0.541646
0.129875
0.0762205
0.662
0.117372
0.225256
0.388265
0.141523
0.412371
0.21549
0.21394
0.0711008
0.156891
0.357713
0.533818
0.104284
0.0950067
0.177313
0.0657159
0.111499
0.0471718
0.662
0.0929701
0.225697
0.097538
0.500778
0.259239
0.139756
0.103745
0.0694212
0.11464
0.662
0.538367
0.0568809
0.446042
0.662
0.662
0.0383031
0.00753309
0.266626
0.427904
0.25277
0.284031
0.0736457
0.138214
0.0586773
0.21265
0.662
0.0129443
0.424206
0.306931
0.380292
0.530403
0.071813
0.662
0.173325
0.102792
0.39348
0.156776
0.235841
0.0505909
0.175635
0.275815
0.108275
0.254834
0.104383
0.662
0.188956
0.481718
0.190909
0.662
0.0496244
0.662
0.0678964
0.131899
0.23037
0.251608
0.256266
0.135733
0.238568
0.143141
0.146174
0.116515
0.328926
0.12465
0.58208
0.112389
0.662
0.0429284
0.259742
0.108079
0.0653902
0.105283
0.123222
0.0895657
0.0452209
0.401886
0.631947
0.0569637
0.662
0.127933
0.662
0.12488
0.660021
0.145622
0.516039
0.560145
0.0658196
0.093767
0.477516
0.0656443
0.140554
0.662
0.305946
0.189136
0.0932607
0.242432
0.145241
0.0193768
0.322757
0.243079
0.0938379
0.275951
0.27372
0.0532445
0.158383
0.0709879
0.662
0.662
0.364794
0.662
0.148192
0.218039
0.0952294
0.111834
0.147729
0.627068
0.324957
0.662
0.319955
0.598731
0.212551
0.475556
0.225914
0.0917851
0.662
0.662
0.662
0.44464
0.0960514
0.155474
0.115685
0.226968
0.662
0.148564
0.662
0.077959
0.662
0.0833313
0.398151
0.0428581
0.619354
0.00275782
0.0821322
0.0678806
0.662
0.662
0.349062
0.191122
0.0751159
0.340606
0.11171
0.420295
0.625578
0.218019
0.432573
0.377577
0.622393
0.0757296
0.158354
0.00428798
0.374288
0.0160744
0.169502
0.487106
0.17498
0.662
0.32631
0.497221
0.662
0.561092
0.0636493
0.226975
0.263133
0.0943254
0.662
0.2734
0.49008
0.409302
0.662
0.662
0.241081
0.102998
0.171545
0.0610035
0.205818
0.0526184
0.626057
0.0212206
0.351593
0.26851
0.124438
0.567149
0.316949
0.198082
0.290346
0.18838
0.15157
0.0523917
0.662
0.662
0.0576451
0.220541
0.138678
0.0649756
0.189605
0.0992154
0.0477498
0.0513599
0.233308
0.136296
0.662
0.124072
0.00566977
0.249466
0.169402
0.042254
0.182141
0.0524062
0.0954038
0.28565
0.662
0.142521
0.441754
0.662
0.343096
0.127034
0.0734145
0.662
0.0667421
0.0452977
0.256011
0.150122
0.136346
0.406149
0.0572459
0.662
0.017097
0.383081
0.602256
0.441317
0.662
0.100157
0.270637
0.205276
0.662
0.182175
0.332915
0.159594
0.086832
0.119979
0.0809292
0.16967
0.162062
0.0552947
0.222345
0.662
0.333973
0.218986
0.167892
0.142717
0.307861
0.274588
0.0773687
0.374431
0.0502752
0.662
0.158245
0.115611
0.0921217
0.0506464
0.054731
0.236451
0.106358
0.272455
0.124898
0.454166
0.353319
0.529883
0.662
0.177235
0.10194
0.526769
0.662
0.18378
0.308038
0.662
0.662
0.0852649
0.14733
0.125364
0.114096
0.113707
0.425064
0.554205
0.462155
0.0460465
0.120392
0.0347613
0.13225
0.111924
0.115441
0.0438868
0.314948
0.0932724
0.027253
0.1122
0.0729357
0.234044
0.411422
0.286432
0.167215
0.123027
0.198003
0.0690969
0.200558
0.662
0.132955
0.146341
0.1517
0.662
0.414743
0.224228
0.0733239
0.0369216
0.507109
0.262044
0.578799
0.146204
0.662
0.205829
0.0226941
0.112493
0.662
0.152752
0.062123
0.662
0.019926
0.662
0.103826
0.249688
0.288337
0.29266
0.271002
0.435981
0.255045
0.662
0.662
0.082602
0.375629
0.0753249
0.353645
0.179341
0.173105
0.155059
0.244323
0.378731
0.190592
0.207975
0.0907049
0.202263
0.365147
0.248115
0.0659373
0.207691
0.281751
0.0488578
0.301652
0.431556
0.119452
0.118235
0.4521
0.392413
0.172789
0.0499169
0.0556054
0.187538
0.250531
0.662
0.333623
0.234801
0.492987
0.286291
0.662
0.201984
0.0691475
0.438216
0.444923
0.364777
0.662
0.0805907
0.163401
0.12877
0.17169
0.0810911
0.405119
0.662
0.384805
0.177128
0.244481
0.662
0.662
0.662
0.208322
0.150723
0.260963
0.098228
0.40668
0.312434
0.5938
0.288339
0.204878
0.141891
0.392942
0.188194
0.464738
0.0929368
0.0978093
0.144812
0.166008
0.662
0.123075
0.337718
0.121194
0.473432
0.166742
0.595042
0.0690576
0.131702
0.410223
0.0410029
0.662
0.565767
0.533028
0.662
0.0671901
0.166996
0.328569
0.195632
0.401418
0.0993639
0.00649682
0.107609
0.508131
0.00856361
0.373272
0.46112
0.221114
0.617852
0.311801
0.662
0.0728328
0.662
0.194095
0.0236536
0.113247
0.16347
0.175624
0.662
0.0819807
0.0591695
0.123328
0.101517
0.334093
0.221211
0.235806
0.0737612
0.364859
0.434934
0.274518
0.259492
0.21524
0.393553
0.662
0.0777281
0.106401
0.0957751
0.391582
0.662
0.286211
0.224346
0.652194
0.185004
0.297629
0.229569
0.165476
0.489743
0.0715293
0.159367
0.662
0.45892
0.497841
0.662
0.0506492
0.461917
0.233613
0.0626273
0.213084
0.335687
0.0831742
0.105409
0.393383
0.660905
0.261808
0.0510122
0.418254
0.055945
0.205242
0.146724
0.444982
0.114819
0.220441
0.182208
0.0314301
0.662
0.210874
0.0901427
0.255034
0.0353531
0.613088
0.078214
0.25716
0.641914
0.11162
0.170698
0.630664
0.0990503
0.662
0.662
0.416921
0.148841
0.0906476
0.0535451
0.396144
0.12345
0.045798
0.285629
0.127156
0.136072
0.423259
0.662
0.0613836
0.184676
0.397919
0.183761
0.117609
0.172936
0.407449
0.15987
0.161335
0.662
0.290167
0.0705013
0.177953
0.662
0.090668
0.215521
0.164821
0.44401
0.122011
0.0833496
0.0735093
0.217245
0.0219193
0.354476
0.460773
0.662
0.662
0.0865995
0.104702
0.29958
0.45137
0.220618
0.162648
0.159045
0.232213
0.127127
0.0862001
0.179834
0.211696
0.131505
0.0589548
0.268845
0.21465
0.238588
0.662
0.278005
0.662
0.133501
0.662
0.662
0.112511
0.313367
0.457235
0.48026
0.120067
0.0762674
0.381098
0.22391
0.159191
0.303802
0.18786
0.399498
0.0260973
0.1296
0.662
0.124007
0.262793
0.160677
0.138836
0.13308
0.0578123
