0.662
0.416444
0.662
0.105522
0.662
0.274963
0.412184
0.529564
0.193242
0.209099
0.662
0.312355
0.662
0.106164
0.247476
0.251297
0.658323
0.655397
0.662
0.625165
0.416019
0.0983467
0.265816
0.662
0.662
0.341472
0.586411
0.190732
0.302372
0.298349
0.639797
0.366303
0.263643
0.42166
0.653134
0.038496
0.237216
0.662
0.410636
0.662
0.161515
0.151966
0.426418
0.165274
0.363184
0.662
0.662
0.214432
0.320711
0.324583
0.124405
0.582162
0.662
0.451731
0.0103726
0.60429
0.436435
0.662
0.519461
0.62292
0.662
0.344834
0.662
0.334289
0.423493
0.19449
0.0100319
0.662
0.309022
0.662
0.0190898
0.414866
0.114876
0.456673
0.120251
0.24563
0.366236
0.479141
0.064102
0.0940963
0.662
0.0919013
0.662
0.549231
0.662
0.662
0.662
0.330337
0.662
0.198354
0.584796
0.662
0.0573077
0.136099
0.466566
0.334801
0.371311
0.645876
0.489855
0.109312
0.46153
0.0526543
0.248038
0.00539791
0.369767
0.662
0.515373
0.0578242
0.151004
0.0487134
0.205267
0.258677
0.662
0.662
0.0981579
0.128682
0.662
0.202416
0.146762
0.242803
0.221063
0.0517033
0.662
0.391087
0.662
0.388142
0.0397141
0.662
0.283826
0.188963
0.177445
0.134069
0.49793
0.265191
0.570815
0.662
0.662
0.662
0.156794
0.358477
0.320167
0.225607
0.462597
0.455475
0.222343
0.0524911
0.289686
0.0965989
0.134159
0.00760096
0.462116
0.217013
0.662
0.565821
0.0586771
0.413201
0.662
0.474575
0.572325
0.0800044
0.419594
0.299253
0.318396
0.187156
0.487811
0.301637
0.308805
0.662
0.662
0.662
0.130587
0.662
0.229224
0.433278
0.0248211
0.264285
0.345464
0.320583
0.607848
0.46158
0.105214
0.368964
0.145271
0.662
0.115578
0.105323
0.662
0.105951
0.363928
0.662
0.479322
0.310043
0.662
0.474409
0.320439
0.088708
0.241968
0.280013
0.647335
0.356668
0.151006
0.275861
0.662
0.0943505
0.654593
0.662
0.114183
0.0100434
0.379424
0.206146
0.0530556
0.203862
0.662
0.0292429
0.662
0.235805
0.277219
0.422367
0.445495
0.431095
0.285186
0.650175
0.134921
0.662
0.0784101
0.662
0.0727889
0.333904
0.186475
0.432441
0.129199
0.122623
0.662
0.431661
0.0500281
0.1147
0.130478
0.349947
0.0818191
0.209091
0.362844
0.373281
0.662
0.0289698
0.662
0.127495
0.127657
0.257026
0.578567
0.248145
0.322777
0.20107
0.19942
0.267191
0.662
0.0580109
0.662
0.101057
0.0961255
0.281751
0.324696
0.662
0.286914
0.662
0.362225
0.405971
0.449338
0.0501612
0.375915
0.23497
0.622483
0.0798945
0.0210855
0.1875
0.115932
0.164071
0.662
0.0702684
0.455899
0.313427
0.401451
0.217044
0.104265
0.129658
0.105149
0.382397
0.662
0.290833
0.487397
0.662
0.345526
0.256728
0.265417
0.560339
0.371045
0.47175
0.469032
0.175328
0.0423549
0.536608
0.11133
0.241656
0.0317565
0.662
0.414455
0.08724
0.121114
0.433778
0.536799
0.183645
0.626996
0.628906
0.292265
0.442431
0.658126
0.147919
0.662
0.297666
0.120221
0.121599
0.0734306
0.662
0.421569
0.344719
0.662
0.240627
0.662
0.182999
0.333298
0.608481
0.454764
0.662
0.120237
0.0314137
0.183583
0.662
0.662
0.150086
0.588482
0.324297
0.0605737
0.540226
0.0429642
0.134254
0.662
0.0630213
0.232082
0.185834
0.132086
0.179387
0.121306
0.505483
0.449992
0.230522
0.64868
0.264687
0.662
0.568159
0.662
0.646536
0.60964
0.662
0.268763
0.373489
0.34426
0.318982
0.235165
0.172397
0.594283
0.622287
0.145439
0.189703
0.260375
0.212724
0.272894
0.209193
0.662
0.40235
0.255624
0.257379
0.108578
0.205727
0.317598
0.0580716
0.0131986
0.134277
0.438278
0.0707096
0.197439
0.662
0.339255
0.0232626
0.0747403
0.377048
0.276638
0.263444
0.0528208
0.662
0.326257
0.500561
0.49843
0.662
0.601094
0.144518
0.20377
0.545462
0.161188
0.0202814
0.190377
0.0864773
0.351997
0.662
0.662
0.202393
0.367425
0.347196
0.662
0.125995
0.22112
0.244595
0.662
0.322931
0.0860531
0.14048
0.0604878
0.481274
0.389849
0.35981
0.288515
0.662
0.0472082
0.662
0.358501
0.0460255
0.662
0.662
0.105645
0.662
0.662
0.0996948
0.0921294
0.199482
0.0827967
0.270869
0.417979
0.367609
0.117884
0.157371
0.35334
0.302667
0.31105
0.525688
0.0775873
0.438432
0.186157
0.662
0.662
0.162759
0.346658
0.0137932
0.325961
0.182684
0.504209
0.0109345
0.662
0.662
0.465882
0.662
0.41842
0.628121
0.62326
0.162181
0.265767
0.412635
0.18114
0.44267
0.189086
0.325285
0.544797
0.662
0.595067
0.59122
0.218651
0.222387
0.662
0.308177
0.111124
0.55212
0.441388
0.450057
0.662
0.304301
0.662
0.18673
0.513374
0.0688335
0.0720225
0.27536
0.26453
0.662
0.24829
0.278502
0.0637197
0.0862802
0.0531453
0.200937
0.0944933
0.129784
0.304433
0.102684
0.662
0.662
0.112006
0.288131
0.662
0.662
0.652248
0.329353
0.258223
0.417824
0.15449
0.372345
0.1192
0.116222
0.662
0.662
0.649762
0.662
0.244191
0.193071
0.657806
0.662
0.102416
0.662
0.331719
0.462836
0.148806
0.402609
0.245235
0.116203
0.662
0.206575
0.662
0.662
0.662
0.25121
0.632892
0.106665
0.611557
0.662
0.509191
0.662
0.149723
0.11691
0.372105
0.662
0.629202
0.319613
0.0949978
0.390775
0.662
0.327461
0.662
0.11454
0.099853
0.662
0.662
0.218104
0.232818
0.267927
0.176902
0.610296
0.378955
0.650942
0.158926
0.0596707
0.399871
0.662
0.0815087
0.473456
0.662
0.195601
0.0670309
0.137137
0.169734
0.311108
0.0958172
0.0822213
0.515917
0.145882
0.386403
0.398765
0.324276
0.213948
0.00353156
0.235814
0.2368
0.621432
0.101994
0.0499087
0.662
0.654116
0.662
0.607172
0.662
0.0300532
0.175291
0.11998
0.419409
0.299987
0.21005
0.310176
0.14721
0.102646
0.662
0.014311
0.662
0.367327
0.662
0.14826
0.193476
0.662
0.213186
0.162706
0.610021
0.0733971
0.662
0.491803
0.457822
0.392588
0.662
0.398203
0.311894
0.557419
0.662
0.569188
0.662
0.582436
0.662
0.662
0.33801
0.173836
0.621819
0.248463
0.185563
0.662
0.347352
0.126035
0.224842
0.053359
0.281764
0.135183
0.326048
0.246928
0.417231
0.425124
0.109551
0.486755
0.37499
0.13836
0.450878
0.31141
0.0656831
0.128749
0.403431
0.172918
0.662
0.266761
0.662
0.229366
0.662
0.0556139
0.662
0.652376
0.213581
0.662
0.116805
0.191633
0.169402
0.0772788
0.443817
0.0952154
0.324334
0.662
0.119569
0.192659
0.662
0.529943
0.662
0.662
0.468652
0.200433
0.127238
0.662
0.662
0.662
0.0864377
0.583978
0.0912899
0.472767
0.000692644
0.447518
0.662
0.0910202
0.0507579
0.662
0.191873
0.662
0.662
0.0133056
0.271027
0.662
0.274599
0.220594
0.147096
0.14198
0.404852
0.662
0.550434
0.290998
0.662
0.229869
0.437869
0.107898
0.386576
0.662
0.203205
0.662
0.37848
0.204621
0.0633106
0.662
0.126795
0.28041
0.662
0.501995
0.329352
0.227199
0.130178
0.273119
0.208663
0.662
0.630741
0.662
0.18926
0.289467
0.162017
0.522239
0.0640697
0.268362
0.0989906
0.437514
0.3089
0.662
0.0946997
0.0576596
0.0700538
0.428152
0.662
0.13094
0.0122393
0.195564
0.286506
0.662
0.662
0.0645378
0.514778
0.662
0.0420587
0.0665013
0.154475
0.0536484
0.559531
0.662
0.662
0.662
0.243737
0.0762521
0.341233
0.610711
0.374045
0.174251
0.295545
0.199054
0.662
0.298071
0.194777
0.362369
0.0632151
0.172475
0.11396
0.0250392
0.269858
0.158612
0.15156
0.578926
0.543758
0.451893
0.222164
0.0262232
0.662
0.35
0.395213
0.429665
0.115629
0.439558
0.620582
0.306571
0.662
0.662
0.662
0.627029
0.0248444
0.190483
0.568284
0.318567
0.00327201
0.083597
0.586687
0.162725
0.372328
0.432517
0.662
0.0963285
0.412762
0.278456
0.662
0.390956
0.490901
0.536022
0.298885
0.662
0.217422
0.662
0.233767
0.662
0.357179
0.379947
0.443929
0.299118
0.188618
0.0647163
0.0132246
0.165631
0.310906
0.662
0.0715655
0.313201
0.161252
0.0278866
0.256065
0.14886
0.15847
0.187907
0.662
0.0446593
0.647129
0.662
0.11878
0.351182
0.662
0.0503066
0.662
0.550362
0.0510549
0.322863
0.121311
0.234966
0.173102
0.0688276
0.611151
0.564015
0.444854
0.280364
0.223176
0.0715113
0.0148516
0.3092
0.154589
0.339817
0.276492
0.662
0.190688
0.0553617
0.464377
0.0482625
0.5786
0.288626
0.662
0.662
0.512021
0.391042
0.110268
0.662
0.528243
0.662
0.662
0.496049
0.635505
0.662
0.662
0.662
0.0932034
0.662
0.26653
0.662
0.662
0.165113
0.510211
0.651248
0.662
0.575082
0.207627
0.236907
0.422771
0.126623
0.333363
0.438759
0.119593
0.157923
0.566435
0.100629
0.217333
0.122076
0.0793393
0.13188
0.662
0.470935
0.236908
0.0788194
0.662
0.31389
0.657928
0.0778245
0.510982
0.232577
0.221252
0.358707
0.252308
0.501888
0.3027
0.662
0.0728279
0.140338
0.289643
0.113426
0.355932
0.0728336
0.0911543
0.231563
0.662
0.0366098
0.662
0.229131
0.330567
0.398568
0.662
0.394594
0.11165
0.0429333
0.237621
0.222786
0.662
0.662
0.543915
0.662
0.0999917
0.257082
0.662
0.662
0.507303
0.0875148
0.300864
0.0671647
0.662
0.373799
0.662
0.662
0.601226
0.662
0.286475
0.0672211
0.0643876
0.080985
0.169614
0.447427
0.160948
0.662
0.662
0.221542
0.213551
0.662
0.662
0.389563
0.0791891
0.662
0.334804
0.274412
0.123508
0.222985
0.28835
0.662
0.250489
0.220265
0.2092
0.111031
0.311745
0.2573
0.656058
0.138914
0.662
0.345024
0.38919
0.662
0.53435
0.662
0.636486
0.108725
0.329957
0.62076
0.274419
0.061969
0.326843
0.662
0.10353
0.0973774
0.193828
0.248046
0.384043
0.148866
0.217198
0.662
0.237114
0.298418
0.662
0.152338
0.201281
0.0227999
0.308981
0.413684
0.325107
0.30612
0.0146719
0.0514947
0.56642
0.182151
0.237947
0.162102
0.0841659
0.0435175
0.662
0.256143
0.431868
0.662
0.662
0.480948
0.349551
0.207872
0.359379
0.373301
0.232259
0.662
0.586581
0.20836
0.0650287
0.580284
0.0674233
0.374047
0.153676
0.399163
0.265257
0.0390647
0.157917
0.0624417
0.311925
0.662
0.237378
0.20123
0.330035
0.354664
0.0948537
0.662
0.226656
0.662
0.358204
0.203256
0.633694
0.177636
0.576433
0.550472
0.158724
0.379441
0.3247
0.479738
0.215004
0.394895
0.0782704
0.662
0.241607
0.662
0.662
0.0876919
0.266211
0.102627
0.662
0.0581943
0.0101801
0.274402
0.209166
0.33352
0.662
0.107793
0.0554306
0.378841
0.164056
0.261183
0.160602
0.202187
0.476438
0.236131
0.662
0.0285667
0.196037
0.0561082
0.266935
0.343965
0.140624
0.204351
0.46839
0.662
0.556743
0.662
0.433011
0.662
0.662
0.233083
0.310634
0.418339
0.0505711
0.433016
0.185082
0.662
0.168791
0.594853
0.662
0.662
0.368696
0.0921238
0.662
0.336081
0.327468
0.192086
0.52644
0.0808341
0.17132
0.662
0.213161
0.227484
0.363026
0.267903
0.622479
0.362122
0.335655
0.538654
0.328587
0.554597
0.511567
0.662
0.662
0.10813
0.221363
0.126221
0.662
0.200359
0.132148
0.144619
0.0668367
0.662
0.662
0.662
0.637191
0.132938
0.421384
0.361867
0.662
0.509438
0.662
0.0105696
0.662
0.208106
0.662
0.187138
0.403383
0.0845348
0.616829
0.572364
0.535297
0.662
0.196529
0.197924
0.352134
0.112178
0.224481
0.489353
0.0836486
0.22583
0.662
0.662
0.662
0.110534
0.662
0.244186
0.0962242
0.252535
0.662
0.662
0.47029
0.552437
0.119948
0.177231
0.662
0.0800984
0.13506
0.662
0.430723
0.200465
0.181903
0.12025
0.662
0.484694
0.569263
0.0753072
0.27247
0.662
0.41131
0.24441
0.478673
0.313691
0.271253
0.198362
0.477382
0.332155
0.183897
0.325574
0.662
0.0850393
0.238029
0.00612641
0.290423
0.597873
0.179124
0.00634838
0.194082
0.424535
0.149993
0.277984
0.510731
0.304361
0.27453
0.410113
0.407062
0.187422
0.0654351
0.662
0.199559
0.100889
0.202405
0.65858
0.068631
0.619898
0.0767714
0.161735
0.0752977
0.444385
0.024563
0.0981248
0.662
0.172644
0.111531
0.662
0.468924
0.384062
0.22154
0.00325213
0.149611
0.153846
0.315892
0.126951
0.327956
0.533944
0.241885
0.347051
0.256902
0.432134
0.257735
0.662
0.106637
0.0693982
0.194068
0.242112
0.662
0.662
0.10661
0.148187
0.662
0.332654
0.188271
0.111921
0.186801
0.29255
0.662
0.445847
0.414148
0.196782
0.126084
0.662
0.495224
0.662
0.662
0.236925
0.0476727
0.340039
0.126416
0.578479
0.148898
0.163328
0.169226
0.662
0.662
0.0224351
0.284373
0.00871255
0.0546127
0.178382
0.237482
0.539317
0.434224
0.194756
0.170823
0.0210727
0.135644
0.662
0.121016
0.0850895
0.441014
0.135071
0.662
0.309561
0.139201
0.00940709
0.662
0.350116
0.137309
0.595232
0.575533
0.261443
0.320979
0.539716
0.386227
0.662
0.114349
0.528997
0.495184
0.662
0.662
0.451652
0.15296
0.174838
0.182928
0.239517
0.547508
0.0910567
0.278938
0.204414
0.662
0.0614084
0.151421
0.031985
0.227766
0.46748
0.182557
0.0626453
0.311472
0.596325
0.662
0.289598
0.087506
0.265348
0.361849
0.12414
0.662
0.118661
0.0758197
0.166009
0.126849
0.131266
0.662
0.444868
0.662
0.662
0.265305
0.657203
0.662
0.662
0.364798
0.256625
0.27333
0.618345
