0.0554377
0.347789
0.662
0.662
0.448996
0.4489
0.113706
0.449648
0.27319
0.152335
0.0832796
0.640153
0.0482312
0.606855
0.269751
0.0889697
0.604158
0.400064
0.132524
0.0905175
0.207516
0.138058
0.312564
0.158892
0.0724899
0.0977272
0.36321
0.662
0.631547
0.538254
0.057031
0.473974
0.329218
0.142981
0.0856095
0.250629
0.0907746
0.0856163
0.125796
0.452012
0.434923
0.249594
0.353614
0.431928
0.204042
0.055386
0.379854
0.472634
0.662
0.482777
0.662
0.574804
0.662
0.124516
0.230616
0.572797
0.345072
0.138789
0.0440589
0.035547
0.301364
0.183402
0.408491
0.498595
0.0257328
0.596765
0.516031
0.0886061
0.191915
0.108294
0.639268
0.265706
0.477445
0.158734
0.662
0.174339
0.15028
0.099828
0.662
0.662
0.068363
0.661018
0.469871
0.496998
0.451698
0.145154
0.424859
0.538886
0.662
0.662
0.0625234
0.0532653
0.297721
0.319957
0.160773
0.0479512
0.433874
0.662
0.153901
0.662
0.244146
0.336189
0.150531
0.0594
0.340413
0.426421
0.153062
0.662
0.42178
0.0138617
0.500157
0.662
0.662
0.0619323
0.151268
0.101786
0.27856
0.065101
0.180765
0.439876
0.123891
0.171481
0.150934
0.161311
0.0968961
0.0505548
0.0530192
0.424355
0.030209
0.366592
0.0615563
0.512277
0.447778
0.648603
0.156947
0.426166
0.662
0.427091
0.0923655
0.237204
0.108594
0.37601
0.0719521
0.152382
0.430778
0.662
0.00386617
0.200894
0.662
0.293148
0.093505
0.662
0.16048
0.54289
0.150936
0.491589
0.178268
0.12746
0.662
0.292463
0.0351284
0.662
0.342197
0.035663
0.662
0.662
0.514687
0.146863
0.662
0.583244
0.662
0.00975102
0.104955
0.0689312
0.657932
0.260985
0.662
0.332187
0.20291
0.149171
0.662
0.550748
0.0776558
0.10932
0.193395
0.278713
0.13529
0.252929
0.662
0.390273
0.0309439
0.457036
0.308009
0.262987
0.201433
0.280401
0.264014
0.378404
0.662
0.634348
0.206041
0.662
0.0520531
0.0633232
0.376049
0.0422639
0.445498
0.462173
0.662
0.095524
0.662
0.0785939
0.0980116
0.0162611
0.440253
0.463926
0.441888
0.662
0.662
0.316144
0.125617
0.495015
0.481144
0.160054
0.0706985
0.662
0.0649054
0.184267
0.0270324
0.141556
0.662
0.0547833
0.61736
0.437383
0.662
0.662
0.142074
0.662
0.0525588
0.251872
0.140225
0.125912
0.024672
0.141984
0.662
0.188058
0.613091
0.208566
0.564609
0.580063
0.0691767
0.22931
0.169699
0.081947
0.133727
0.339484
0.611902
0.0585708
0.153212
0.206308
0.0401962
0.0405286
0.179795
0.238997
0.213233
0.510222
0.211353
0.638677
0.0904296
0.193128
0.379695
0.134957
0.0927886
0.193075
0.392203
0.440576
0.662
0.1111
0.406654
0.0901615
0.48782
0.0577019
0.233237
0.105546
0.42143
0.115408
0.662
0.196168
0.457222
0.126054
0.315165
0.130283
0.337997
0.262278
0.156446
0.0286095
0.402322
0.0854687
0.113946
0.401171
0.472593
0.662
0.1687
0.113608
0.0305985
0.233254
0.07056
0.0632046
0.173737
0.572072
0.57468
0.662
0.124124
0.088472
0.207338
0.311768
0.132185
0.171362
0.18406
0.22512
0.374606
0.662
0.592104
0.546854
0.162804
0.662
0.112975
0.215527
0.415078
0.156862
0.187858
0.440174
0.24617
0.103378
0.465632
0.662
0.0269518
0.662
0.582051
0.662
0.662
0.662
0.0752779
0.654588
0.630295
0.216773
0.662
0.610347
0.348912
0.627958
0.00146831
0.0809648
0.136917
0.197765
0.209132
0.662
0.127648
0.043038
0.0826241
0.193974
0.209599
0.118935
0.0703832
0.0897094
0.662
0.463557
0.172232
0.291681
0.599197
0.277623
0.579067
0.362632
0.0948443
0.0646264
0.0260592
0.322467
0.22883
0.284522
0.0090101
0.662
0.36345
0.411843
0.638255
0.241291
0.595289
0.156705
0.545844
0.103838
0.183054
0.10509
0.0607882
0.529156
0.0705921
0.0490137
0.583161
0.662
0.432705
0.406396
0.117471
0.188986
0.0648141
0.156442
0.662
0.662
0.662
0.662
0.28143
0.271042
0.196309
0.65099
0.0253509
0.128348
0.133318
0.662
0.241539
0.137778
0.295128
0.0577736
0.411926
0.0407444
0.662
0.13349
0.198307
0.447551
0.662
0.185228
0.13523
0.0384773
0.136002
0.0542219
0.477661
0.412352
0.0989845
0.649767
0.172691
0.159728
0.0108057
0.00664157
0.156182
0.347334
0.0271657
0.257881
0.44468
0.0977164
0.662
0.0437421
0.236493
0.253851
0.0777741
0.111433
0.642056
0.0221098
0.252583
0.662
0.236326
0.37074
0.327018
0.459615
0.34529
0.554513
0.277712
0.082079
0.413171
0.136633
0.0808619
0.31729
0.662
0.640067
0.113718
