0.0762203
0.447651
0.662
0.0520531
0.276996
0.662
0.402322
0.502478
0.54289
0.0577736
0.180721
0.113608
0.0736244
0.3743
0.257396
0.150934
0.115431
0.440576
0.624228
0.463264
0.159728
0.662
0.065749
0.379854
0.0865444
0.0860413
0.0213374
0.0368661
0.527767
0.332195
0.277623
0.342197
0.662
0.030209
0.339484
0.156182
0.1687
0.290234
0.430778
0.627958
0.59007
0.662
0.0437421
0.130283
0.374606
0.238997
0.0490137
0.112975
0.173613
0.662
0.208816
0.347789
0.662
0.0957597
0.662
0.472154
0.517209
0.624639
0.237204
0.44468
0.662
0.662
0.557694
0.02687
0.128384
0.152335
0.662
0.27856
0.34529
0.0276525
0.19264
0.662
0.0752779
0.0813978
0.662
0.335691
0.662
0.243852
0.312564
0.166674
0.427156
0.662
0.338543
0.115408
0.662
0.125796
0.166763
0.268019
0.133318
0.0290162
0.0362993
0.662
0.196309
0.312391
0.61293
0.341617
0.662
0.00855848
0.220058
0.463926
0.432781
0.0714058
0.662
0.327018
0.554513
0.662
0.529856
0.483046
0.057031
0.215717
0.662
0.329218
0.65099
0.0253509
0.105674
0.61736
0.564609
0.662
0.268532
0.0688312
0.088472
0.595289
0.058159
0.22883
0.353614
0.523202
0.193395
0.260985
0.662
0.178268
0.437604
0.572797
0.105305
0.310053
0.607552
0.662
0.134957
0.529156
0.662
0.111512
0.495015
0.180823
0.662
0.662
0.21637
0.0029893
0.0615563
0.662
0.317927
0.241539
0.662
0.662
0.0585708
0.227995
0.124516
0.0854687
0.175847
0.147317
0.662
0.13529
0.15028
0.662
0.186919
0.662
0.102554
0.500157
0.662
0.271042
0.343668
0.662
0.580063
0.534836
0.339155
0.190461
0.0889548
0.198307
0.44559
0.0118716
0.266421
0.0703293
0.459615
0.0705921
0.0633687
0.546025
0.435352
0.380942
0.469359
0.662
0.662
0.19127
0.307267
0.0364678
0.411843
0.0037072
0.185228
0.498595
0.103838
0.433874
0.155498
0.171553
0.213233
0.0324037
0.231599
0.220768
0.127648
0.37634
0.283307
0.441888
0.380861
0.579067
0.251169
0.0703469
0.662
0.662
0.662
0.248282
0.610347
0.180765
0.1215
0.0607882
0.091629
0.644931
0.316144
0.0257328
0.662
0.383065
0.204042
0.156446
0.662
0.174799
0.0547833
0.172691
0.118935
0.631547
0.156442
0.304318
0.448996
0.336538
0.662
0.435382
0.0809648
0.209599
0.662
0.662
0.0603962
0.369058
0.395195
0.273636
0.162148
0.153237
0.424859
0.648603
0.662
0.525559
0.23781
0.662
0.0730708
0.114595
0.371987
0.22931
0.131021
0.207463
0.662
0.348967
0.122564
0.440174
0.294451
0.0550444
0.662
0.662
0.00804449
0.451698
0.342763
0.480025
0.662
0.0680608
0.463557
0.059996
0.174292
0.368964
0.102965
0.076503
0.215527
0.280719
0.504501
0.0632046
0.0542219
0.0053915
0.113138
0.186936
0.283791
0.12581
0.400064
0.352092
0.662
0.13523
0.546854
0.0838885
0.0422643
0.336189
0.0728032
0.113946
0.187858
0.662
0.125856
0.0187479
0.0784379
0.208247
0.228184
0.244939
0.662
0.34321
0.126054
0.110862
0.101786
0.378404
0.0856163
0.065101
0.153062
0.0713732
0.531144
0.152382
0.441172
0.367232
0.662
0.128348
0.243633
0.464102
0.317743
0.0724899
0.462173
0.0499491
0.181212
0.366493
0.176573
0.179795
0.208566
0.358663
0.209499
0.308009
0.0835013
0.358238
0.285983
0.117471
0.284522
0.0593072
0.389489
0.209239
0.293148
0.211353
0.147181
0.111993
0.151326
0.662
0.42178
0.206041
0.147484
0.36321
0.4489
0.00975102
0.141556
0.36345
0.329697
0.0689312
0.400269
0.662
0.252583
0.470889
0.130566
0.206308
0.0405286
0.219198
0.0619323
0.043038
0.447551
0.401171
0.199174
0.332187
0.662
0.105992
0.412352
0.409734
0.571079
0.111433
0.439753
0.1111
0.406654
0.292463
0.408491
0.152743
0.193974
0.445498
0.662
0.560737
0.207866
0.0505548
0.473974
0.122899
0.194032
0.161311
0.469587
0.657932
0.451826
0.57468
0.241291
0.648599
0.494938
0.171202
0.662
0.103163
0.3468
0.0984001
0.113706
0.545844
0.434319
0.503532
0.638677
0.0578787
0.662
0.662
0.0604057
0.662
0.628396
0.377355
0.509524
0.406396
0.103736
0.227632
0.662
0.0812882
0.138058
0.457787
0.193218
0.662
0.0464946
0.662
0.0904296
0.306325
0.640067
0.662
0.12746
0.137607
0.0927886
0.662
0.472593
0.233597
0.311768
0.176649
0.662
0.142981
0.395445
0.662
0.101098
0.247784
0.295245
0.329609
0.173737
0.598394
0.10509
0.315758
0.233254
0.082079
0.145154
0.194826
0.295128
0.035547
0.364644
0.662
0.390273
0.0785893
0.297721
0.145841
0.174339
0.16535
0.12981
0.662
0.412263
0.319022
0.662
0.48782
0.239944
0.125912
0.304383
0.035663
0.599197
0.245796
0.351694
0.452012
0.0436607
0.158734
0.434906
0.662
0.0649054
0.184267
0.267256
0.662
0.662
0.102022
0.0440589
0.0776558
0.27841
0.113718
0.0494791
0.437086
0.0706985
0.542173
0.189008
0.252896
0.0573685
0.197765
0.0834809
0.188058
0.093552
0.320473
0.231188
0.310636
0.345072
0.245633
0.269751
0.174861
0.0131693
0.093505
0.280401
0.662
0.398
0.662
0.591573
0.0693981
0.627369
0.583161
0.0384773
0.208298
0.0437113
0.662
0.0989845
0.662
0.662
0.151268
0.252473
0.662
0.362547
0.111983
0.255278
0.431928
0.649767
0.352321
0.254605
0.24617
0.0290374
0.108721
0.538886
0.613091
0.582051
0.662
0.132218
0.337433
0.132122
0.0721626
0.149171
0.320413
0.0577019
0.348912
0.662
0.662
0.469345
0.297398
0.480954
0.180889
0.292768
0.330832
0.336593
0.0955638
0.662
0.138789
0.00895696
0.156705
0.639268
0.662
0.329884
0.225914
0.264014
0.439876
0.249594
0.108405
0.188524
0.0856095
0.07056
0.213624
0.44046
0.168694
0.291681
0.0422588
0.0269518
0.662
0.00386617
0.0829844
0.08176
0.0691767
0.0461075
0.280801
0.0980116
0.00232571
0.16393
0.392203
0.265706
0.095524
0.200742
0.0426765
0.209132
0.662
0.662
0.322582
0.289884
0.661018
0.340413
0.284513
0.157586
0.315165
0.647209
0.156862
0.0482312
0.329983
0.662
0.253703
0.662
0.159866
0.431768
0.270977
0.0531279
0.304427
0.662
0.0665292
0.132524
0.0826241
0.0974014
0.201433
0.115572
0.565747
0.244473
0.283804
0.236588
0.606855
0.0450361
0.250629
0.013216
0.255478
0.117206
0.415078
0.0648141
0.0858343
0.0138617
0.0214576
0.662
0.214092
0.141984
0.0923655
0.426421
0.133727
0.440253
0.574804
0.28143
0.412958
0.127788
0.520284
0.459218
0.362632
0.0260592
0.379824
0.0870034
0.216773
0.228257
0.424285
0.225883
0.0998643
0.233237
0.214969
0.128559
0.287017
0.230616
0.0221098
0.0601149
0.484816
0.217531
0.0831227
0.42575
0.662
0.196168
0.323887
0.264501
0.662
0.0948443
0.534854
0.0792528
0.0305985
