0.371918
0.302139
0.198312
0.31962
0.138058
0.1687
0.0246721
0.193395
0.319031
0.249594
0.330391
0.23781
0.662
0.662
0.546854
0.268019
0.153237
0.533854
0.091629
0.329958
0.554513
0.662
0.1215
0.219609
0.463264
0.641071
0.303271
0.494938
0.126045
0.0823526
0.204646
0.202037
0.192649
0.462173
0.0884107
0.21637
0.307514
0.241543
0.115152
0.0999397
0.319957
0.405501
0.132122
0.0771353
0.043038
0.115408
0.145377
0.448996
0.0632046
0.662
0.547154
0.254605
0.662
0.146033
0.353614
0.472593
0.48782
0.102965
0.426445
0.0323842
0.103736
0.316144
0.541951
0.441888
0.515599
0.274979
0.662
0.389569
0.0660592
0.526811
0.122185
0.338543
0.157855
0.362632
0.662
0.0528276
0.0604057
0.431768
0.572797
0.662
0.0625234
0.0260592
0.0837211
0.0730708
0.161311
0.347789
0.297398
0.662
0.146084
0.00804449
0.10509
0.298561
0.228252
0.652763
0.193218
0.627369
0.212187
0.495507
0.149171
0.411843
0.412958
0.529156
0.662
0.180845
0.498595
0.237204
0.43431
0.203508
0.307267
0.0708738
0.342142
0.156672
0.624639
0.413549
0.534888
0.477445
0.662
0.171202
0.142583
0.0253509
0.267256
0.463557
0.662
0.621291
0.662
0.0817733
0.400064
0.0846129
0.398475
0.208818
0.105099
0.233237
0.295128
0.356477
0.538886
0.188524
0.161672
0.0583947
0.435382
0.463926
0.153062
0.352084
0.213233
0.36321
0.099559
0.662
0.440174
0.0652828
0.122899
0.244236
0.216773
0.514215
0.106767
0.662
0.403587
0.362974
0.458537
0.238997
0.264014
0.204042
0.610347
0.152743
0.119939
0.363474
0.406654
0.662
0.514369
0.185228
0.607552
0.149883
0.647209
0.0913017
0.317927
0.467597
0.340413
0.29154
0.0125844
0.265706
0.662
0.192157
0.0785893
0.16419
0.662
0.574804
0.120387
0.084383
0.412352
0.0831227
0.662
0.209296
0.231176
0.0972356
0.495015
0.401171
0.534189
0.662
0.0384773
0.368964
0.662
0.657932
0.358453
0.351696
0.312992
0.427156
0.133318
0.222495
0.207463
0.363262
0.22883
0.469345
0.402527
0.265464
0.181371
0.624776
0.306334
0.367317
0.344869
0.536992
0.138789
0.245429
0.369284
0.662
0.379854
0.145154
0.306095
0.662
0.220568
0.545844
0.180889
0.109919
0.193479
0.0836872
0.437086
0.19264
0.355968
0.662
0.224795
0.662
0.13529
0.210228
0.116291
0.662
0.662
0.111577
0.34321
0.254123
0.662
0.54289
0.42575
0.0593072
0.251448
0.0505548
0.662
0.342197
0.0290374
0.662
0.0856163
0.514687
0.0833832
0.178268
0.557694
0.662
0.245912
0.22931
0.402322
0.662
0.255379
0.0531279
0.579067
0.142981
0.0989845
0.33551
0.662
0.459615
0.386737
0.662
0.271059
0.273696
0.662
0.644931
0.662
0.284522
0.115431
0.256068
0.133727
0.0644716
0.180765
0.208247
0.662
0.0400466
0.308136
0.408561
0.125617
0.20628
0.638677
0.662
0.257758
0.312818
0.101786
0.662
0.255532
0.621748
0.311768
0.424355
0.043273
0.219717
0.0600562
0.662
0.222197
0.0773181
0.00386617
0.0957597
0.661184
0.339044
0.277469
0.414659
0.395195
0.126143
0.0553526
0.125856
0.484816
0.662
0.409624
0.127648
0.508397
0.0688312
0.142955
0.315165
0.0607974
0.270977
0.00202311
0.0703293
0.178869
0.112975
0.16727
0.101413
0.120182
0.16863
0.088472
0.0964839
0.662
0.205828
0.596765
0.151078
0.661018
0.662
0.21045
0.500563
0.200742
0.124516
0.130283
0.277623
0.0477325
0.059996
0.662
0.176641
0.154703
0.103788
0.662
0.225883
0.343323
0.141556
0.113706
0.141984
0.512277
0.326094
0.269751
0.400269
0.133216
0.044633
0.0705921
0.280401
0.0980116
0.480353
0.0377197
0.590871
0.276996
0.662
0.132218
0.456452
0.599197
0.209499
0.48907
0.264501
0.4489
0.428092
0.167747
0.0615563
0.406396
0.0776558
0.362897
0.321647
0.128348
0.662
0.547301
0.16535
0.413064
0.460076
0.602641
0.649767
0.662
0.112949
0.152335
0.467831
0.0839124
0.0554377
0.0584915
0.0221098
0.308621
0.0864346
0.168694
0.409734
0.37763
0.174292
0.635603
0.582051
0.156862
0.156182
0.452012
0.186936
0.0721626
0.160489
0.50363
0.551571
0.214359
0.662
0.111993
0.0736244
0.662
0.662
0.0769188
0.426421
0.065101
