0.191805
0.662
0.209241
0.394515
0.195797
0.196892
0.213935
0.28869
0.139945
0.522072
0.662
0.0337794
0.174187
0.377627
0.144729
0.309951
0.187649
0.27597
0.201255
0.178522
0.449169
0.101971
0.0280961
0.662
0.53028
0.662
0.0282991
0.0437648
0.417269
0.0285006
0.153543
0.339151
0.121336
0.185755
0.341923
0.0376687
0.0449407
0.342404
0.662
0.269516
0.540353
0.0479929
0.434979
0.232775
0.601046
0.293886
0.368251
0.662
0.577819
0.662
0.290527
0.0893089
0.662
0.0769151
0.174674
0.227852
0.491548
0.118082
0.579171
0.379759
0.184677
0.662
0.383963
0.357995
0.287202
0.0140722
0.662
0.33228
0.0274942
0.541839
0.204264
0.662
0.159607
0.549401
0.154938
0.662
0.113098
0.662
0.0442983
0.252043
0.235236
0.0259835
0.662
0.422345
0.142384
0.430008
0.107814
0.127074
0.344876
0.472751
0.115755
0.261696
0.543751
0.372091
0.662
0.644768
0.127248
0.28073
0.0855277
0.307355
0.421941
0.00223732
0.39513
0.326405
0.169264
0.306783
0.349259
0.0459231
0.522593
0.296975
0.232304
0.152185
0.0564273
0.0694605
0.235794
0.0706216
0.566904
0.302188
0.134747
0.0277276
0.0436516
0.20171
0.662
0.0588432
0.10645
0.662
0.310609
0.128681
0.0815397
0.207865
0.662
0.242784
0.323232
0.0653517
0.662
0.111521
0.137136
0.144119
0.0189121
0.104553
0.233319
0.452832
0.245254
0.485496
0.459581
0.592611
0.0676051
0.0517854
0.662
0.267508
0.291507
0.662
0.070784
0.352706
0.306965
0.338888
0.199069
0.13398
0.246307
0.523805
0.196911
0.0343364
0.570921
0.492135
0.0639738
0.307617
0.0109008
0.0196519
0.662
0.557023
0.662
0.534329
0.235754
0.170168
0.662
0.209669
0.662
0.648447
0.0941789
0.662
0.0755458
0.633576
0.44113
0.0982532
0.149345
0.0849815
0.129448
0.0521992
0.22465
0.0807289
0.662
0.0795285
0.116484
0.340788
0.157134
0.0621908
0.662
0.662
0.560997
0.466424
0.104356
0.376838
0.115955
0.22928
0.381207
0.048509
0.270738
0.195581
0.662
0.176352
0.329456
0.278685
0.122048
0.476943
0.662
0.567846
0.272134
0.130201
0.218239
0.223873
0.128663
0.227717
0.603526
0.245849
0.234587
0.210134
0.151622
0.321184
0.662
0.662
0.549871
0.0350909
0.488414
0.095791
0.128505
0.070304
0.378861
0.349537
0.350867
0.259474
0.0693136
0.662
0.456949
0.340973
0.262055
0.662
0.0399794
0.350917
0.331674
0.662
0.662
0.29848
0.34654
0.662
0.140959
0.12161
0.0577802
0.151629
0.132972
0.115532
0.0950299
0.165257
0.662
0.0474473
0.0969268
0.662
0.0553209
0.275254
0.151501
0.239508
0.165078
0.0587191
0.101012
0.412271
0.150705
0.0628982
0.208613
0.258835
0.662
0.334737
0.435555
0.112106
0.179771
0.0705319
0.623779
0.341237
0.233609
0.143846
0.511571
0.662
0.0966165
0.662
0.464978
0.166531
0.662
0.58775
0.662
0.14058
0.223599
0.0516347
0.116836
0.120714
0.190422
0.0609344
0.0501222
0.107263
0.0258895
0.400906
0.549069
0.130668
0.0385929
0.662
0.411715
0.153819
0.101289
0.159268
0.557885
0.0119459
0.28637
0.111222
0.155901
0.65428
0.116721
0.153941
0.492515
0.0787189
0.0194163
0.141865
0.433255
0.120188
0.662
0.662
0.0808158
0.1828
0.344476
0.482968
0.301207
0.57602
0.130441
0.0459277
0.0669764
0.662
0.571865
0.35895
0.135987
0.242576
0.473591
0.349323
0.063348
0.14185
0.432981
0.387259
0.391541
0.2717
0.662
0.662
0.206563
0.128218
0.276554
0.0890725
0.225566
0.662
0.634452
0.446134
0.229945
0.150397
0.0556416
0.030812
0.0740725
0.162543
0.258307
0.0919701
0.662
0.475419
0.114329
0.175776
0.215723
0.44123
0.662
0.0463933
0.140486
0.495797
0.0467835
0.0747829
0.0499236
0.103871
0.0821923
0.662
0.34328
0.375088
0.197333
0.301017
0.662
0.189497
0.379912
0.345501
0.330924
0.229251
0.170547
0.662
0.159202
0.662
0.662
0.30557
0.119717
0.12143
0.616821
0.353719
0.142038
0.391787
0.118996
0.134053
0.256125
0.134722
0.583656
0.118226
0.205523
0.662
0.112845
0.175125
0.0811789
0.431454
0.325659
0.662
0.662
0.0764177
0.0622238
0.0853869
0.506822
0.484631
0.139771
0.185904
0.0471986
0.662
0.0872535
0.151822
0.0883667
0.138197
0.113429
0.149825
0.115827
0.07629
0.276386
0.427025
0.0517888
0.355138
0.0478834
0.252648
0.135584
0.613734
0.3518
0.138202
0.338538
0.0482087
0.188297
0.0432702
0.662
0.0860492
0.497488
0.13258
0.525678
0.2221
0.0790958
0.621186
0.0509885
0.268643
0.00633113
0.0698836
0.180014
0.288394
0.160696
0.0935601
0.462066
0.0919196
0.362443
0.163767
0.272454
0.652762
0.127265
0.161631
0.094357
0.201414
0.119695
0.662
0.319825
0.134777
0.0755492
0.172073
0.00342048
0.337957
0.662
0.662
0.0575859
0.249991
0.662
0.446577
0.13047
0.632009
0.662
0.291121
0.640916
0.662
0.0196799
0.0916924
0.171346
0.336058
0.0735124
0.237297
0.662
0.161948
0.0983708
0.0660967
0.345041
0.262699
0.378305
0.141394
0.181761
0.0252091
0.170854
0.0348233
0.0954617
0.101763
0.662
0.146892
0.228705
0.108682
0.662
0.0973499
0.662
0.341936
0.162076
0.252674
0.18747
0.13621
0.112414
0.0843724
0.0196894
0.160743
0.481432
0.327948
0.217812
0.313946
0.483061
0.0830556
0.20553
0.087297
0.662
0.487634
0.531534
0.290808
0.163022
0.202157
0.0608656
0.060527
0.198003
0.662
0.0811207
0.662
0.105257
0.184014
0.0623256
0.295581
0.0779566
0.662
0.297714
0.399185
0.0998526
0.470577
0.662
0.296527
0.0781753
0.484223
0.109798
0.133426
0.662
0.00613307
0.0971071
0.0847177
0.138028
0.14998
0.662
0.529993
0.225664
0.662
0.0581371
0.662
0.220953
0.662
0.662
0.428101
0.056647
0.311138
0.104147
0.0601259
0.556279
0.282773
0.173933
0.662
0.662
0.411107
0.662
0.475491
0.0543125
0.0887645
0.662
0.0613078
0.0688819
0.662
0.30994
0.24945
0.616431
0.109397
0.201295
0.392949
0.0636266
0.527713
0.05688
0.662
0.090975
0.235728
0.0771525
0.485994
0.451854
0.261068
0.662
0.173663
0.114864
0.359542
0.283003
0.662
0.0806864
0.170506
0.260278
0.222634
0.0766823
0.300235
0.320311
0.293646
0.0973799
0.155318
0.152443
0.662
0.0176096
0.662
0.114986
0.395587
0.0351414
0.158421
0.064525
0.277289
0.417748
0.00320788
0.662
0.390589
0.118149
0.119639
0.505157
0.11462
0.662
0.126501
0.0647341
0.213793
0.158705
0.213083
0.662
0.14568
0.517357
0.662
0.0980348
0.478928
0.0928835
0.151391
0.251571
0.538837
0.258749
0.662
0.242927
0.088183
0.0982889
0.289086
0.205249
0.0627333
0.0931029
0.125512
0.115789
0.494132
0.196584
0.142962
0.662
0.382641
0.110989
0.0434853
0.662
0.368473
0.328987
0.219616
0.129873
0.0332944
0.662
0.39185
0.337251
0.0766002
0.662
0.610421
0.227587
0.100433
0.118695
0.263136
0.115345
0.538594
0.073767
0.20418
0.303179
0.152709
0.242177
0.0665197
0.265594
0.0982992
0.362769
0.372093
0.640923
0.368509
0.315046
0.102124
0.39433
0.260225
0.151433
0.177656
0.105642
0.197654
0.092107
0.662
0.590318
0.0953611
0.344834
0.49761
0.599143
0.136675
0.118078
0.148878
0.662
0.184116
0.175369
0.105086
0.468267
0.324297
0.370225
0.118781
0.330183
0.355502
0.392135
0.0576037
0.252391
0.198528
0.231817
0.016612
0.662
0.360113
0.388657
0.118589
0.0900544
0.327238
0.237368
0.116746
0.178993
0.0453505
0.117619
0.238873
0.286433
0.147172
0.662
0.0936104
0.0593316
0.135919
0.602216
0.175489
0.333907
0.647109
0.0766472
0.253153
0.0548339
0.168973
0.662
0.199817
0.118961
0.163306
0.0440159
0.296226
0.238247
0.214774
0.285713
0.44679
0.36029
0.161596
0.318322
0.343177
0.0456711
0.184536
0.22226
0.0767922
0.122348
0.662
0.285621
0.0681463
0.580083
0.429582
0.380973
0.322231
0.0874044
0.414603
0.15688
0.572605
0.658712
0.160391
0.474986
0.0729633
0.0411097
0.204092
0.236343
0.0851674
0.0483073
0.0314506
0.198048
0.662
0.164703
0.242294
0.107803
0.662
0.0756616
0.411583
0.211021
0.245254
0.305246
0.14076
0.155884
0.0899303
0.205159
0.050495
0.662
0.662
0.521311
0.662
0.421077
0.185231
0.0529341
0.0844077
0.227563
0.110141
0.0715518
0.0684962
0.344559
0.662
0.658728
0.0788764
0.0566829
0.0241807
0.60336
0.0461793
0.662
0.189469
0.0763463
0.278883
0.290927
0.170436
0.226665
0.196546
0.464639
0.166087
0.11013
0.129477
0.238269
0.407467
0.286264
0.581783
0.149878
0.424714
0.662
0.169116
0.0969813
0.247727
0.33324
0.209912
0.00658467
0.172924
0.537057
0.662
0.138516
0.618355
0.338003
0.052197
0.289846
0.45138
0.257779
0.450786
0.662
0.0786721
0.0949288
0.257688
0.66125
0.197904
0.662
0.00229713
0.240775
0.219093
0.24976
0.101119
0.129693
0.0551577
0.0755603
0.662
0.622411
0.0775326
0.662
0.0448416
0.242503
0.104728
0.424095
0.662
0.662
0.469269
0.111815
0.0542827
0.0874108
0.176163
0.135091
0.242672
0.11047
0.462633
0.123364
0.0252745
0.23924
0.467343
0.036865
0.157522
0.662
0.662
0.173452
0.203215
0.0689769
0.325045
0.1011
0.662
0.268271
0.293625
0.383397
0.313695
0.190882
0.199704
0.410833
0.462918
0.0741033
0.124043
0.0833818
0.540724
0.153631
0.125211
0.662
0.151863
0.12522
0.0577096
0.221655
0.662
0.407424
0.104642
0.0685893
0.123249
0.219839
0.0391774
0.0128565
0.31963
0.662
0.0756708
0.116491
0.379015
0.0950126
0.209239
0.33056
0.00889522
0.592643
0.291367
0.0737751
0.662
0.266053
0.0547509
0.331037
0.173311
0.0674672
0.163513
0.259945
0.233633
0.0888802
0.635132
0.166013
0.0628332
0.0337565
0.662
0.137781
0.358345
0.100425
0.176938
0.38489
0.158902
0.57698
0.662
0.662
0.272962
0.103925
0.662
0.450116
0.0152002
0.652419
0.339493
0.117083
0.0809043
0.0985595
0.396198
0.234005
0.662
0.25355
0.453637
0.662
0.0689281
0.221382
0.431819
0.195322
0.189964
0.138016
0.348441
0.662
0.193036
0.65235
0.355212
0.0678724
0.187673
0.427632
0.0434841
0.310144
0.175717
0.191867
0.113053
0.116547
0.647376
0.308002
0.351469
0.662
0.146678
0.235023
0.214324
0.0379822
0.181246
0.121283
0.229624
0.095303
0.662
0.0637408
0.106208
0.258938
0.662
0.0550623
0.571428
0.0213079
0.10102
0.142087
0.203579
0.11729
0.131695
0.0766513
0.62897
0.345419
0.213434
0.0774053
0.382836
0.090457
0.662
0.123994
0.0525721
0.35104
0.344101
0.155586
0.662
0.217919
0.231616
0.554928
0.662
0.107392
0.395107
0.190071
0.526581
0.267424
0.155877
0.0714005
0.225953
0.0735544
0.0636412
0.221126
0.0391731
0.328639
0.207453
0.196672
0.13075
0.182133
0.088151
0.662
0.160472
0.662
0.58265
0.335391
0.291008
0.256376
0.138066
0.246291
0.0875448
0.484653
0.107647
0.662
0.223825
0.334098
0.662
0.0583857
0.376734
0.0479981
0.170831
0.133409
0.662
0.0546538
0.294375
0.0813666
0.226367
0.346042
0.163909
0.0959264
0.311826
0.167493
0.130432
0.165854
0.073608
0.546617
0.17378
0.662
0.515577
0.203043
0.374104
0.320648
0.662
0.109834
0.10709
0.132351
0.0974102
0.0963286
0.480728
0.544348
0.0788055
0.359587
0.603563
0.662
0.054921
0.140649
0.259366
0.525563
0.0717671
0.303412
0.662
0.662
0.0390656
0.149256
0.233605
0.662
0.0565403
0.248537
0.228895
0.0713366
0.0637442
0.166972
0.07564
0.147642
0.2035
0.263521
0.0069126
0.138427
0.105249
0.239252
0.00222752
0.662
0.144195
0.0777992
0.225344
0.172623
0.0733077
0.174441
0.235729
0.479507
0.435482
0.149172
0.0860899
0.222881
0.0652316
0.245603
0.129643
0.479519
0.276027
0.554296
0.138984
0.0879751
0.237207
0.29581
0.241865
0.372916
0.107891
0.629039
0.4616
0.253536
0.0838185
0.163264
0.438989
0.485145
0.514628
0.158001
0.165363
0.0933953
0.662
0.274455
0.430416
0.443548
0.383432
0.118706
0.15975
0.512521
0.118744
0.141743
0.0129306
0.0715477
0.0880784
0.662
0.141716
0.16988
0.134746
0.662
0.380061
0.0765873
0.505857
0.0839538
0.13405
0.195827
0.0362796
0.0822441
0.662
0.0760988
0.0420783
0.392361
0.147771
0.0926081
0.0539157
0.0466744
0.662
0.219703
0.101703
0.662
0.23086
0.187782
0.469547
0.267204
0.0538982
0.123375
0.372425
0.196939
0.0419041
0.409947
0.389357
0.156278
0.216222
0.185575
0.0848105
0.53823
0.493482
0.0785889
0.346156
0.662
0.629285
0.367146
0.0407541
0.0783598
0.292619
0.104604
0.662
0.350567
0.0945335
0.288051
0.0975327
0.392147
0.0647904
0.128396
0.121508
0.325631
0.363592
0.35742
0.371696
0.288058
0.662
0.298711
0.610431
0.112748
0.0829735
0.149497
0.40534
0.0406349
0.382433
0.466536
0.281166
0.635032
0.105428
0.30551
0.526467
0.254105
0.110826
0.135485
0.662
0.244816
0.0618615
0.370566
0.463478
0.0810385
0.0304764
0.3323
0.150423
0.662
0.662
0.104044
0.195339
0.344556
0.249327
0.160231
0.662
0.0874235
0.22758
0.662
0.150992
0.644268
0.205209
0.137436
0.662
0.486663
0.246283
0.662
0.149939
0.537574
0.248108
0.144772
0.18354
0.580813
0.257871
0.110852
0.0861406
0.0325633
0.0553586
0.662
0.374549
0.214646
0.0677933
0.411803
0.13706
0.662
0.662
0.251768
0.662
0.0953046
0.336094
0.136065
0.28679
0.231217
0.00282908
0.135962
0.563164
0.192536
0.245681
0.334294
0.418241
0.0868888
0.472185
0.260807
0.0748516
0.662
0.0927085
0.399319
0.16564
0.0920954
0.662
0.235339
0.233458
0.320893
0.557452
0.0879944
0.662
0.225252
0.112538
0.185123
0.112356
0.286199
0.0542644
0.215316
0.205394
0.299069
0.174646
0.276464
0.170984
0.106185
0.239263
0.662
0.0261463
0.0906712
0.0378042
0.520074
0.434694
0.662
0.257387
0.550571
0.0489337
0.101821
0.662
0.233416
0.0661772
0.169313
0.111249
0.280744
0.0290109
0.662
0.297909
0.662
0.154994
0.662
0.395389
0.156418
0.0935451
0.212604
0.236162
0.106936
0.241794
0.0740668
0.204516
0.585018
0.125976
0.662
0.320486
0.232087
0.662
0.662
0.662
0.0600964
0.153655
0.500844
0.0160656
0.173008
0.227868
0.271139
0.18928
0.662
0.126005
0.177356
0.19563
0.575172
0.108178
0.0847571
0.662
0.218877
0.389613
0.127294
0.0444313
0.150706
0.0486559
0.182888
0.212246
0.177875
0.216883
0.662
0.0804413
0.536421
0.412262
0.194229
0.193226
0.338997
0.327955
0.217259
0.662
0.258427
0.0931583
0.0634453
0.131771
0.0314206
0.416006
0.386338
0.662
0.4318
0.662
0.152098
0.179557
0.234577
0.188522
0.0636545
0.662
0.662
0.437375
0.662
0.213097
0.191316
0.140517
0.0482654
0.244841
0.217182
0.571106
0.195343
0.0512941
0.662
0.618795
0.127704
0.662
0.319329
0.0509289
0.269258
0.00555797
0.366253
0.235041
0.662
0.147915
0.662
0.262473
0.0752184
0.084379
0.639984
0.122526
0.662
0.421437
0.277232
0.626715
0.120117
0.072419
0.0268197
0.141428
0.145508
0.356058
0.0347627
0.383215
0.220287
0.221849
0.117992
0.242919
0.00538691
0.114982
0.107558
0.0396353
0.14438
0.01574
0.127676
0.24925
0.662
0.0639841
0.146634
0.546326
0.0583178
0.310769
0.662
0.445788
0.0738346
0.203208
0.211773
0.662
0.149967
0.105038
0.561313
0.366745
0.397163
0.144588
0.23264
0.382596
0.384528
0.193573
0.0570246
0.392409
0.662
0.220546
0.485792
0.24724
0.281899
0.662
0.0321923
0.107076
0.182305
0.662
0.662
0.662
0.304075
0.193555
0.1401
0.302305
0.662
0.662
0.662
0.145405
0.187813
0.271245
0.0745406
0.211067
0.131013
0.292023
0.268832
0.662
0.100113
0.259569
0.139715
0.166915
0.0658724
0.468254
0.129446
0.662
0.104597
0.183121
0.253284
0.0864481
0.188724
0.662
0.0460581
0.116452
0.0550871
0.319518
0.22221
0.403299
0.249085
0.160705
0.0476
0.15862
0.139734
0.127559
0.153385
0.114429
0.300396
0.127369
0.0844429
0.14625
0.147124
0.198752
0.0209469
0.103384
0.0626345
0.207164
0.115154
0.662
0.662
0.0586623
0.185848
0.585137
0.106591
0.310819
0.0915201
0.423279
0.234605
0.0557133
0.206515
0.0105658
0.261061
0.296511
0.089877
0.123144
0.647698
0.360329
0.245901
0.107487
0.0715774
0.00709473
0.662
0.662
0.662
0.0731438
0.0624402
0.119266
0.303129
0.117881
0.221173
0.118553
0.351736
0.555733
0.113539
0.353398
0.37936
0.373238
0.662
0.163197
0.467729
0.662
0.0961939
0.243859
0.0605149
0.278277
0.662
0.207701
0.069328
0.17826
0.104363
0.19927
0.0392619
0.107522
0.353064
0.249278
0.117799
0.103256
0.0969541
0.662
0.125204
0.662
0.326189
0.393433
0.662
0.105303
0.0971183
0.0506182
0.259722
0.458809
0.10393
0.0968986
0.401079
0.153274
0.0453327
0.19404
0.285245
0.211079
0.348671
0.211633
0.174448
0.413474
0.332106
0.18711
0.165138
0.229979
0.150849
0.117848
0.0866503
0.506923
0.662
0.351565
0.0774995
0.398305
0.0794963
0.423953
0.07016
0.662
0.263883
0.0282346
0.179535
0.231357
0.166341
0.0538314
0.052305
0.0785054
0.178109
0.0663384
0.179385
0.103336
0.315954
0.362433
0.144102
0.166156
0.384629
0.0197022
0.114656
0.0145274
0.662
0.362783
0.0776958
0.120528
0.0964362
0.0591073
0.00427094
0.205408
0.345143
0.161887
0.46162
0.12258
0.192297
0.0799301
0.272933
0.662
0.124054
0.652359
0.523628
0.0920716
0.130287
0.114058
0.110515
0.662
0.0516868
0.1708
0.0915048
0.321699
0.414624
0.0245974
0.662
0.149721
0.465277
0.126908
0.39386
0.0710306
0.150077
0.233911
0.662
0.662
0.156865
0.0826249
0.135319
0.0886845
0.493879
0.662
0.342802
0.662
0.58807
0.183203
0.57603
0.616382
0.372802
0.0914264
0.271622
0.123138
0.489867
0.253865
0.235708
0.0631867
0.472377
0.662
0.662
0.348225
0.273853
0.0561307
0.10327
0.6435
0.0858582
0.316795
0.128926
0.512581
0.0948182
0.165081
0.187647
0.227051
0.191261
0.149873
0.0371487
0.158927
0.323923
0.270062
0.662
0.0710125
0.0350245
0.662
0.0872665
0.503532
0.501035
0.0723852
0.662
0.662
0.662
0.102987
0.347962
0.299591
0.0779638
0.184619
0.541513
0.0717273
0.100228
0.406752
0.443811
0.286545
0.448233
0.0775278
0.662
0.267375
0.121541
0.283773
0.209498
0.085951
0.352172
0.230763
0.0886531
0.29415
0.226207
0.662
0.400706
0.551532
0.166683
0.0604815
0.352188
0.28102
0.199832
0.461948
0.576021
0.155541
0.156467
0.457859
0.662
0.19504
0.250926
0.067622
0.0904884
0.662
0.113281
0.343022
0.280452
0.248235
0.444492
0.36852
0.0239114
0.0498228
0.592794
0.577036
0.13843
0.318265
0.24514
0.423886
0.385685
0.0529324
0.0529693
0.262133
0.298357
0.305328
0.662
0.320834
0.0492009
0.356379
0.246869
0.662
0.188296
0.0819357
0.106725
0.511434
0.475017
0.137652
0.662
0.335591
0.348012
0.662
0.107918
0.252843
0.119538
0.161043
0.287616
0.188891
0.21196
0.46343
0.662
0.605563
0.0264424
0.662
0.238335
0.0604132
0.130172
0.160766
0.661951
0.080019
0.642553
0.26025
0.131821
0.446945
0.662
0.083518
0.427269
0.378194
0.109054
0.191008
0.169574
0.0855202
0.0913066
0.464663
0.176905
0.0895888
0.312362
0.0422129
0.342598
0.0814411
0.249012
0.0498128
0.062198
0.31958
0.662
0.35411
0.403301
0.15241
0.258339
0.175903
0.346411
0.613474
0.139025
0.125503
0.662
0.0858499
0.135267
0.188217
0.189566
0.132419
0.16386
0.256809
0.579954
0.10977
0.157307
0.0695919
0.0566863
0.152823
0.475334
0.277492
0.662
0.459514
0.234882
0.442517
0.138544
0.445863
0.186976
0.264702
0.198184
0.200887
0.240468
0.10451
0.0856565
0.337877
0.335621
0.0251988
0.633777
0.154619
0.107862
0.124469
0.662
0.403493
0.0719025
0.305299
0.158739
0.560325
0.117812
0.351477
0.132756
0.0871287
0.155121
0.0761826
0.12802
0.071562
0.175062
0.202557
0.0899597
0.422998
0.190704
0.150758
0.0830684
0.0522885
0.394277
0.198799
0.175575
0.128618
0.0141832
0.105987
0.115365
0.237253
0.124931
0.177422
0.0887174
0.309232
0.345089
0.15104
0.0791208
0.0460423
0.662
0.104186
0.239931
0.662
0.10395
0.0425376
0.0578432
0.158783
0.211793
0.0262773
0.162536
0.047734
0.107835
0.216985
0.0788814
0.272861
0.0540141
0.05102
0.662
0.662
0.179434
0.111438
0.161787
0.311752
0.662
0.662
0.309275
0.362522
0.0646316
0.662
0.138642
0.501681
0.0371391
0.50311
0.114065
0.662
0.298849
0.235249
0.278325
0.608947
0.662
0.662
0.45864
0.0448435
0.303077
0.0788267
0.492104
0.452075
0.174402
0.446884
0.187181
0.288392
0.117785
0.59311
0.662
0.153837
0.662
0.105531
0.386506
0.230879
0.289584
0.158079
0.661101
0.662
0.108067
0.140912
0.235718
0.291527
0.133104
0.0752094
0.395398
0.167262
0.176801
0.662
0.226808
0.02879
0.0622816
0.662
0.198155
0.0607804
0.11933
0.168739
0.341347
0.0715496
0.662
0.238027
0.166047
0.0960498
0.434923
0.0941055
0.0275008
0.107626
0.24701
0.124643
0.223876
0.396504
0.37586
0.112031
0.0630683
0.662
0.280232
0.662
0.099089
0.114556
0.33629
0.2455
0.219222
0.588579
0.342389
0.472123
0.264617
0.20736
0.109183
0.0986236
0.662
0.0991667
0.0037641
0.263297
0.102194
0.139011
0.0685368
0.0849399
0.341523
0.578659
0.120375
0.141173
0.216676
0.157151
0.434939
0.313701
0.581522
0.114181
0.0433914
0.580966
0.13379
0.119751
0.662
0.607451
0.473981
0.16785
0.0863712
0.246646
0.34373
0.208058
0.0862947
0.098844
0.662
0.662
0.662
0.662
0.0985246
0.28982
0.125287
0.113871
0.406076
0.173291
0.662
0.402764
0.15938
0.315043
0.123938
0.662
0.417524
0.154024
0.409516
0.361407
0.0690729
0.0519018
0.662
0.0202484
0.10078
0.0773574
0.0880762
0.246453
0.448785
0.281196
0.192502
0.166418
0.127821
0.294695
0.115492
0.123864
0.166143
0.12426
0.130192
0.15233
0.196616
0.0697741
0.0676439
0.0310884
0.0435271
0.662
0.305389
0.10366
0.662
0.0702751
0.188829
0.108381
0.0486843
0.259249
0.114655
0.0218361
0.104783
0.191204
0.196298
0.0363406
0.276268
0.080809
0.662
0.186819
0.639186
0.443851
0.122618
0.159251
0.662
0.0141198
0.184741
0.0979949
0.136257
0.662
0.0398171
0.193763
0.430276
0.122808
0.0833085
0.217998
0.298791
0.208366
0.476337
0.344695
0.130592
0.19336
0.27971
0.0903835
0.22959
0.196805
0.662
0.042735
0.201728
0.205394
0.189678
0.0342089
0.662
0.209212
0.633626
0.489436
0.173388
0.217697
0.4108
0.0707671
0.183614
0.0302618
0.27404
0.662
0.22609
0.633552
0.143517
0.167881
0.367921
0.260462
0.0755973
0.260087
0.0186043
0.208243
0.314396
0.028628
0.148575
0.0142321
0.0756851
0.309894
0.111629
0.0679954
0.14116
0.0864809
0.0513692
0.0360262
0.104287
0.299203
0.160912
0.662
0.205396
0.114914
0.226224
0.0543286
0.368205
0.220223
0.512562
0.18651
0.645605
0.277295
0.134388
0.593677
0.286725
0.662
0.596555
0.216212
0.662
0.460755
0.662
0.0166385
0.0921871
0.346872
0.202211
0.629521
0.315376
0.133422
0.662
0.113836
0.150508
0.0499566
0.226781
0.359529
0.45707
0.0552011
0.662
0.204234
0.413074
0.202416
0.662
0.145152
0.0709649
0.61542
0.584492
0.203488
0.0942622
0.426249
0.129688
0.401353
0.0909087
0.308214
0.181546
0.253734
0.0472854
0.662
0.250743
0.191183
0.250493
0.27671
0.0519311
0.38852
0.213831
0.626892
0.13322
0.662
0.156097
0.0925659
0.60183
0.320539
0.0896853
0.318978
0.0772382
0.0603431
0.275467
0.257321
0.13304
0.0485913
0.20672
0.089729
0.415121
0.662
0.127065
0.140805
0.278756
0.457346
0.17692
0.143022
0.547036
0.662
0.291412
0.078899
0.169329
0.191218
0.266397
0.340553
0.216356
0.351004
0.198537
0.662
0.662
0.342425
0.522267
0.161758
0.051633
0.256213
0.246623
0.0823269
0.0564758
0.219743
0.0683192
0.504848
0.157809
0.246232
0.1483
0.068825
0.247331
0.266682
0.226284
0.244408
0.257016
0.469285
0.105554
0.206201
0.407542
0.176239
0.0547724
0.613478
0.662
0.662
0.0965778
0.662
0.57535
0.269545
0.229735
0.46089
0.12095
0.0675376
0.0750115
0.116551
0.40966
0.0350332
0.454302
0.662
0.0277647
0.160783
0.188407
0.662
0.3507
0.118959
0.161293
0.527844
0.0760887
0.200991
0.393151
0.192674
0.138834
0.314749
0.660666
0.421964
0.209724
0.0949003
0.11441
0.662
0.024803
0.087041
0.534224
0.101005
0.160108
0.354625
0.108033
0.448474
0.303533
0.142967
0.0471289
0.516029
0.16585
0.298292
0.417896
0.662
0.346766
0.135156
0.227894
0.529004
0.526094
0.177448
0.639387
0.332754
0.160684
0.223261
0.247605
0.319458
0.647877
0.393806
0.169059
0.173592
0.109461
0.0510145
0.45216
0.0613157
0.45084
0.0626552
0.662
0.662
0.662
0.0721379
0.316266
0.0695202
0.662
0.13631
0.122838
0.11664
0.116275
0.662
0.109558
0.177512
0.662
0.1414
0.148693
0.0864247
0.4264
0.179722
0.174307
0.144555
0.223368
0.224083
0.456312
0.482487
0.0703927
0.116251
0.330528
0.554847
0.15628
0.208706
0.0655043
0.144422
0.127408
0.221595
0.162294
0.662
0.181061
0.327957
0.115081
0.0554114
0.646798
0.118338
0.568239
0.199871
0.575784
0.156151
0.188971
0.608642
0.0590607
0.0710062
0.0854359
0.132961
0.167243
0.53803
0.0795222
0.222772
0.0646745
0.243268
0.1143
0.248266
0.310475
0.0586546
0.181786
0.0888307
0.148533
0.309021
0.354122
0.0693002
0.662
0.119806
0.142062
0.662
0.265879
0.384091
0.0215592
0.118402
0.648791
0.34042
0.0550367
0.606027
0.118067
0.537752
0.662
0.498577
0.662
0.434627
0.662
0.092291
0.0561218
0.110501
0.662
0.071498
0.328461
0.518282
0.475289
0.0569666
0.160873
0.119503
0.0707433
0.0464943
0.0780957
0.0813426
0.379357
0.333431
0.273542
0.0602026
0.139897
0.119904
0.413166
0.226698
0.662
0.123247
0.293266
0.429196
0.0695442
0.016359
0.662
0.491247
0.310546
0.662
0.285692
0.207998
0.409843
0.176569
0.543529
0.427946
0.207556
0.662
0.195634
0.083908
0.143961
0.281854
0.120975
0.662
0.662
0.516562
0.662
0.208716
0.246696
0.31884
0.158028
0.112189
0.662
0.471828
0.487144
0.105499
0.662
0.0723891
0.344696
0.0820806
0.0117127
0.217853
0.356523
0.0576187
0.662
0.662
0.0741552
0.0997759
0.136177
0.152881
0.318761
0.662
0.11328
0.133135
0.2747
0.102642
0.0449873
0.175086
0.00993831
0.0236383
0.105436
0.136426
0.575636
0.25305
0.101829
0.369083
0.0728258
0.136162
0.0883686
0.102899
0.617227
0.0712249
0.100787
0.158645
0.132878
0.126466
0.325927
0.201587
0.352745
0.0970659
0.286509
0.662
0.662
0.163844
0.111781
0.0538291
0.0465209
0.185891
0.102404
0.388702
0.101995
0.0708468
0.139831
0.0297402
0.0758973
0.329726
0.0607002
0.0328501
0.272251
0.167156
0.662
0.569773
0.351009
0.350501
0.159429
0.080616
0.050069
0.236189
0.0726392
0.209795
0.0160655
0.0920462
0.344153
0.303925
0.0781845
0.242293
0.132923
0.475213
0.642385
0.236708
0.146573
0.20536
0.28996
0.30724
0.275361
0.0402321
0.293675
0.612931
0.165416
0.662
0.0497494
0.0861861
0.0433651
0.662
0.525141
0.539405
0.0753375
0.662
0.0595924
0.518731
0.437763
0.662
0.183057
0.550704
0.07663
0.227247
0.286619
0.0205768
0.422127
0.0688422
0.139926
0.0911589
0.163692
0.130019
0.515821
0.0987494
0.112543
0.662
0.0278328
0.0672496
0.588931
0.662
0.527896
0.0576701
0.497078
0.302626
0.137515
0.662
0.210622
0.00651678
0.0699473
0.662
0.244711
0.170776
0.239222
0.662
0.154904
0.662
0.619887
0.662
0.662
0.102744
0.373731
0.501864
0.0793632
0.379512
0.187441
0.0153349
0.254087
0.174991
0.35246
0.125178
0.427249
0.235643
0.183551
0.137364
0.0689911
0.258981
0.13651
0.119502
0.103698
0.463812
0.460726
0.172712
0.21141
0.299434
0.190368
0.141618
0.347363
0.0548709
0.265388
0.111135
0.662
0.1695
0.111018
0.662
0.129141
0.344494
0.152326
0.452775
0.662
0.186747
0.292783
0.335382
0.147666
0.446065
0.0911335
0.59078
0.261675
0.180309
0.460888
0.227154
0.0474028
0.0624661
0.166685
0.517345
0.338059
0.137705
0.655464
0.22745
0.107041
0.159457
0.0988367
0.24355
0.425881
0.537464
0.377525
0.376273
0.309087
0.13936
0.0821226
0.100571
0.332959
0.108235
0.662
0.233784
0.285055
0.051117
0.0687396
0.662
0.180166
0.192356
0.076331
0.431077
0.418923
0.433614
0.148214
0.179614
0.0674458
0.549002
0.662
0.252112
0.184845
0.127475
0.182415
0.0556044
0.373028
0.0666489
0.627382
0.133229
0.191222
0.383174
0.0967945
0.179577
0.233013
0.0609596
0.150511
0.662
0.335408
0.124629
0.302106
0.662
0.152374
0.370258
0.0936653
0.0656892
0.125618
0.552517
0.358517
0.662
0.386105
0.662
0.307341
0.56286
0.662
0.116911
0.662
0.325887
0.0485624
0.12853
0.286929
0.0751785
0.465582
0.100313
0.662
0.207674
0.440386
0.150144
0.0257646
0.153386
0.5759
0.127604
0.641083
0.129432
0.233782
0.662
0.343471
0.112048
0.379042
0.201564
0.515149
0.662
0.065651
0.551072
0.41776
0.0893567
0.530788
0.163582
0.0967338
0.29798
0.241099
0.662
0.662
0.662
0.0759226
0.144526
0.662
0.241104
0.510672
0.210319
0.178452
0.134685
0.117863
0.401342
0.402756
0.165421
0.466877
0.662
0.158748
0.33678
0.489117
0.474069
0.449371
0.473935
0.605031
0.662
0.150574
0.11815
0.662
0.0731052
0.231584
0.0582706
0.0985658
0.662
0.458201
0.342739
0.101726
0.409753
0.662
0.192577
0.117009
0.153873
0.133892
0.0161212
0.230108
0.552855
0.128213
0.662
0.0453832
0.196712
0.114044
0.243967
0.395864
0.359577
0.0881757
0.315916
0.382285
0.375386
0.091833
0.464819
0.556299
0.306388
0.662
0.180397
0.662
0.0204594
0.0384485
0.222177
0.278641
0.662
0.103035
0.0625959
0.109329
0.199909
0.284754
0.414805
0.0407626
0.211584
0.257516
0.376831
0.193437
0.662
0.662
0.0677588
0.223104
0.137732
0.217706
0.158489
0.512973
0.662
0.138612
0.423585
0.0673546
0.197619
0.251978
0.555595
0.161607
0.182379
0.131982
0.64195
0.272193
0.662
0.12841
0.0855305
0.0379746
0.166907
0.662
0.329094
0.139925
0.662
0.17767
0.130934
0.0650422
0.267995
0.122164
0.662
0.339514
0.400368
0.282743
0.662
0.0639858
0.162094
0.236954
0.173439
0.079269
0.532093
0.241681
0.138607
0.129807
0.198489
0.259079
0.633532
0.139462
0.17474
0.154165
0.194958
0.662
0.137597
0.475858
0.662
0.597421
0.48187
0.662
0.231676
0.0900743
0.639252
0.428283
0.482456
0.144793
0.231547
0.0442579
0.662
0.0767041
0.0529242
0.136812
0.138527
0.521247
0.0731864
0.662
0.235305
0.208966
0.662
0.233984
0.422636
0.241711
0.0588472
0.662
0.469825
0.643003
0.235331
0.293514
0.123077
0.0135124
0.0994881
0.14594
0.40228
0.360472
0.435348
0.243858
0.350006
0.164643
0.390598
0.0662802
0.309772
0.187898
0.192699
0.381112
0.336851
0.555853
0.662
0.21446
0.119993
0.00193767
0.662
0.662
0.141299
0.111551
0.248149
0.0461221
0.28827
0.139812
0.0328426
0.298028
0.103777
0.0601308
0.662
0.158698
0.209908
0.662
0.203005
0.407696
0.00983702
0.0744706
0.452969
0.375366
0.0936876
0.179064
0.662
0.12187
0.148392
0.0579315
0.274548
0.113269
0.227531
0.0964434
0.662
0.138066
0.0416579
0.200394
0.307934
0.134808
0.142582
0.162108
0.288871
0.086801
0.246273
0.0702928
0.662
0.202621
0.059054
0.114777
0.207975
0.048779
0.113799
0.345539
0.00931716
0.14887
0.409077
0.662
0.309617
0.662
0.0202283
0.0787817
0.159224
0.662
0.331186
0.279802
0.0749803
0.114709
0.0720091
0.430892
0.0555195
0.529978
0.50119
0.662
0.32179
0.662
0.296371
0.0673027
0.354151
0.200989
0.662
0.250412
0.662
0.0103811
0.0826228
0.161167
0.481087
0.196875
0.148486
0.154711
0.662
0.0993587
0.231955
0.0598147
0.247213
0.531012
0.271989
0.0218325
0.0545582
0.415272
0.533603
0.662
0.174704
0.662
0.27632
0.0441565
0.662
0.0993495
0.198795
0.522969
0.0677543
0.170065
0.240278
0.215559
0.615013
0.17881
0.286589
0.445788
0.0700424
0.0682693
0.167296
0.1259
0.486897
0.662
0.211652
0.244262
0.163282
0.180359
0.039323
0.438679
0.0321103
0.261971
0.0398771
0.662
0.519246
0.141084
0.14722
0.114254
0.191297
0.165704
0.0710297
0.0414495
0.662
0.140834
0.0787479
0.221903
0.349006
0.250301
0.131024
0.0127405
0.662
0.662
0.283466
0.421768
0.102187
0.101742
0.45492
0.406735
0.132925
0.0283144
0.662
0.140591
0.186123
0.149853
0.0829195
0.0568961
0.0957711
0.128632
0.0381811
0.0580129
0.40709
0.478198
0.246267
0.400611
0.347336
0.368866
0.599797
0.0879947
0.280532
0.154521
0.124008
0.542178
0.120917
0.471997
0.0590609
0.111597
0.495078
0.0351313
0.0648121
0.343137
0.399666
0.21578
0.0735373
0.123339
0.134337
0.050866
0.0179833
0.203129
0.662
0.0719419
0.21735
0.0896007
0.155732
0.0434022
0.662
0.313129
0.375618
0.274364
0.194655
0.534246
0.139392
0.219632
0.185321
0.342929
0.139454
0.353469
0.0773433
0.473446
0.141075
0.404105
0.662
0.407718
0.15723
0.193124
0.017882
0.641038
0.662
0.0779052
0.166311
0.387855
0.587253
0.497845
0.454999
0.662
0.0684863
0.148387
0.348093
0.146729
0.0774382
0.248266
0.432741
0.0292557
0.638145
0.25567
0.0795247
0.536845
0.087214
0.120997
0.493113
0.213887
0.00565664
0.36864
0.376066
0.494398
0.511502
0.0696054
0.520921
0.662
0.171077
0.121434
0.106593
0.162768
0.391945
0.157226
0.450942
0.142245
0.301296
0.212388
0.275276
0.662
0.0787334
0.293089
0.0772927
0.662
0.115997
0.0644001
0.662
0.117058
0.291108
0.101661
0.113694
0.535826
0.0337438
0.0722087
0.498535
0.230933
0.191603
0.135983
0.0190887
0.00426054
0.0566847
0.183358
0.343031
0.186974
0.370344
0.446972
0.114279
0.615264
0.114834
0.376105
0.273363
0.144888
0.662
0.339537
0.0340484
0.356537
0.0661242
0.256704
0.121937
0.6455
0.189121
0.662
0.0903647
0.301956
0.190871
0.662
0.060697
0.147411
0.42992
0.114859
0.362145
0.199628
0.173798
0.662
0.0320695
0.19217
0.337261
0.662
0.27874
0.662
0.662
0.0957458
0.512566
0.167425
0.184657
0.353822
0.204772
0.662
0.483707
0.302351
0.129562
0.279106
0.173606
0.0949169
0.215863
0.129515
0.0777559
0.652635
0.286136
0.105638
0.263031
0.656205
0.298909
0.287828
0.10484
0.662
0.103531
0.397184
0.662
0.0652312
0.149427
0.597857
0.0741512
0.662
0.28955
0.092698
0.624764
0.0678008
0.662
0.116615
0.662
0.0968968
0.0718776
0.166314
0.139797
0.390227
0.156284
0.0534866
0.0989979
0.452467
0.233903
0.662
0.661506
0.0671535
0.158693
0.160625
0.00671161
0.662
0.104325
0.0864996
0.47196
0.312085
0.0650575
0.057513
0.0958076
0.275645
0.662
0.102588
0.531553
0.166235
0.438019
0.120069
0.662
0.0720442
0.0484161
0.0862684
0.123479
0.101608
0.133252
0.131656
0.30625
0.185606
0.38842
0.0458704
0.177021
0.0567138
0.0590776
0.108278
0.0478744
0.0981068
0.470548
0.0444399
0.301025
0.290553
0.172384
0.42934
0.140216
0.15108
0.651584
0.20075
0.441164
0.6443
0.662
0.246426
0.662
0.200361
0.113562
0.0741589
0.100731
0.105566
0.593001
0.536908
0.298528
0.251056
0.372386
0.662
0.0868624
0.266523
0.216581
0.182614
0.274369
0.227845
0.662
0.160106
0.432051
0.104818
0.662
0.184309
0.141088
0.415199
0.244591
0.101707
0.0405844
0.0187311
0.106865
0.214665
0.445696
0.394483
0.260184
0.0891152
0.132957
0.249956
0.330173
0.0296159
0.225432
0.360442
0.162506
0.274158
0.0838415
0.620509
0.662
0.300876
0.373788
0.1188
0.228513
0.662
0.111865
0.652674
0.064835
0.485979
0.390513
0.283014
0.0149849
0.124463
0.16816
0.662
0.609768
0.0895458
0.119668
0.662
0.125036
0.198678
0.0133327
0.112122
0.0381842
0.132568
0.0975391
0.179928
0.082606
0.0662928
0.0869637
0.409462
0.235202
0.105219
0.484092
0.292237
0.02944
0.276312
0.662
0.440531
0.119017
0.043
0.107645
0.54773
0.217005
0.616244
0.662
0.00622839
0.0717616
0.0952419
0.406638
0.434435
0.138303
0.296256
0.107833
0.569676
0.30827
0.169824
0.3309
0.388002
0.410256
0.0875486
0.290181
0.58981
0.662
0.225405
0.0569192
0.117382
0.19708
0.089422
0.127385
0.27348
0.197572
0.653771
0.230309
0.662
0.0444635
0.0823819
0.106401
0.662
0.094743
0.179524
0.0603312
0.199786
0.356725
0.126232
0.290758
0.511528
0.20865
0.662
0.492816
0.036424
0.152655
0.114541
0.258162
0.160127
0.196666
0.46883
0.146247
0.192892
0.0924961
0.662
0.448785
0.0961609
0.471586
0.662
0.226767
0.0582282
0.0567836
0.0483071
0.0277975
0.0808963
0.208531
0.0637616
0.345382
0.244974
0.0875431
0.103176
0.120335
0.662
0.662
0.406708
0.513371
0.0682767
0.384366
0.167409
0.468975
0.00651027
0.662
0.662
0.136722
0.212673
0.0924988
0.662
0.0821993
0.0541479
0.662
0.516016
0.459162
0.0335779
0.107974
0.0795818
0.265493
0.191731
0.633822
0.45661
0.47472
0.172563
0.131941
0.0796448
0.382331
0.62236
0.25467
0.662
0.0959032
0.662
0.179143
0.620824
0.662
0.409331
0.460975
0.662
0.430435
0.206089
0.36366
0.251856
0.389754
0.0989839
0.136932
0.662
0.0746294
0.212159
0.212053
0.0966806
0.186403
0.0863259
0.274197
0.0290843
0.132186
0.18083
0.226904
0.628981
0.135682
0.0451153
0.129916
0.662
0.0468218
0.0771647
0.0235147
0.104556
0.405479
0.0900279
0.213448
0.166472
0.662
0.0704457
0.19109
0.113466
0.321969
0.17421
0.147988
0.635317
0.185713
0.662
0.183919
0.534447
0.145347
0.351843
0.0543501
0.0478089
0.0747953
0.0559578
0.033568
0.662
0.566987
0.455405
0.662
0.662
0.496216
0.102249
0.238638
0.170021
0.0482211
0.224425
0.0655684
0.0983651
0.348872
0.431149
0.0712871
0.15099
0.461825
0.28332
0.136515
0.159829
0.662
0.662
0.230594
0.287647
0.20922
0.143745
0.113654
0.132516
0.177571
0.662
0.388393
0.0316975
0.662
0.0673826
0.0689506
0.13217
0.580611
0.353785
0.485283
0.425874
0.453281
0.301542
0.082354
0.242335
0.662
0.0975915
0.344952
0.202373
0.0324595
0.201273
0.246782
0.286683
0.662
0.206786
0.141051
0.270456
0.127004
0.067731
0.128602
0.109039
0.101144
0.662
0.231933
0.0618361
0.0625142
0.662
0.160911
0.160063
0.171802
0.224757
0.12611
0.0860732
0.0652941
0.13495
0.076297
0.0744864
0.0917243
0.105869
0.309309
0.662
0.186737
0.120355
0.168174
0.32512
0.662
0.662
0.241936
0.140274
0.47191
0.0974766
0.0967152
0.662
0.421495
0.47758
0.180975
0.323878
0.120076
0.1351
0.171676
0.662
0.0870539
0.0395902
0.0406574
0.133231
0.246626
0.14522
0.452484
0.204214
0.262701
0.0548872
0.0817386
0.0702473
0.135103
0.0624003
0.0707003
0.19419
0.341305
0.662
0.0748286
0.0512534
0.036454
0.486186
0.235108
0.180196
0.0543253
0.242484
0.662
0.110976
0.0688487
0.289261
0.213593
0.081328
0.662
0.362502
0.0527991
0.3007
0.166221
0.215026
0.270099
0.352711
0.400993
0.208744
0.0593714
0.103639
0.410158
0.124365
0.119789
0.662
0.342658
0.322432
0.446192
0.662
0.0643463
0.180521
0.070135
0.0460551
0.0721422
0.0788105
0.0994312
0.0720874
0.662
0.576777
0.0744584
0.321896
0.204901
0.228722
0.206248
0.537422
0.109472
0.18832
0.116964
0.502338
0.259211
0.343378
0.173922
0.107683
0.539574
0.147202
0.0205066
0.195656
0.662
0.519171
0.662
0.396271
0.41391
0.357955
0.662
0.197162
0.396711
0.0119288
0.340226
0.295224
0.0626289
0.231112
0.267929
0.18915
0.199393
0.184943
0.0170761
0.159374
0.360584
0.161902
0.606672
0.206571
0.662
0.169074
0.277039
0.114643
0.0718154
0.0664742
0.441829
0.191148
0.586042
0.662
0.249077
0.0526804
0.132068
0.0198145
0.21962
0.303139
0.384653
0.306072
0.662
0.0250714
0.044673
0.203604
0.188269
0.329558
0.110619
0.120953
0.650998
0.00508371
0.118139
0.145197
0.347261
0.106827
0.662
0.112269
0.0485589
0.11669
0.0959526
0.0946903
0.1972
0.062833
0.263649
0.604399
0.44016
0.418115
0.151094
0.111248
0.122624
0.173481
0.141895
0.416453
0.0660851
0.592864
0.662
0.0750154
0.234919
0.662
0.413975
0.145197
0.662
0.472441
0.662
0.283953
0.662
0.576591
0.245239
0.0576795
0.341539
0.102278
0.422301
0.26552
0.212504
0.239917
0.00357126
0.662
0.127467
0.361145
0.212761
0.17907
0.0503476
0.662
0.275254
0.662
0.281042
0.633899
0.376038
0.662
0.00425894
0.35462
0.182676
0.104927
0.558439
0.0758568
0.167594
0.0802443
0.118559
0.623353
0.26288
0.186007
0.662
0.392292
0.39062
0.103287
0.125873
0.0860302
0.078591
0.662
0.235844
0.470983
0.154629
0.130439
0.289291
0.634947
0.662
0.0643058
0.662
0.153798
0.259751
0.662
0.662
0.454234
0.103343
0.229479
0.17512
0.341451
0.11079
0.156448
0.29165
0.219763
0.0636742
0.662
0.316308
0.0449054
0.104732
0.129161
0.0590211
0.0816769
0.195873
0.090358
0.662
0.39713
0.662
0.0667193
0.285584
0.0731877
0.0415155
0.662
0.0497588
0.417194
0.276984
0.289174
0.0931432
0.177517
0.662
0.419043
0.165411
0.0804974
0.0898358
0.0427935
0.0290092
0.238735
0.266249
0.534106
0.269068
0.190685
0.188538
0.460588
0.151862
0.662
0.115775
0.174375
0.366604
0.254825
0.0391603
0.662
0.203943
0.494216
0.662
0.192609
0.0788206
0.20402
0.135895
0.331691
0.0989001
0.287482
0.518926
0.655333
0.0795865
0.0942812
0.662
0.31772
0.662
0.129428
0.08177
0.226354
0.124981
0.0383657
0.267772
0.191522
0.0838151
0.143373
0.110581
0.450653
0.44319
0.289445
0.617448
0.662
0.168465
0.391109
0.0345691
0.0722541
0.205546
0.357768
0.422586
0.0343366
0.662
0.1742
0.621763
0.0796413
0.091589
0.105701
0.455759
0.295671
0.0565164
0.662
0.662
0.109383
0.173877
0.101056
0.08088
0.265529
0.169066
0.295891
0.0419216
0.159695
0.155697
0.0543371
0.463281
0.0626573
0.0603459
0.096392
0.169968
0.146424
0.12535
0.0487974
0.296965
0.620966
0.198957
0.275046
0.297719
0.16146
0.21682
0.102606
0.662
0.281481
0.104591
0.196041
0.0842832
0.117534
0.662
0.127473
0.245024
0.662
0.27979
0.662
0.223986
0.123
0.17547
0.153856
0.475168
0.211466
0.134797
0.198518
0.127831
0.187746
0.149864
0.130207
0.162686
0.5107
0.125619
0.0881922
0.0734951
0.214892
0.365472
0.228705
0.102939
0.110365
0.158839
0.555424
0.544296
0.277604
0.662
0.662
0.0542798
0.242006
0.111564
0.339193
0.662
0.145124
0.111255
0.61011
0.465894
0.0940908
0.397399
0.32212
0.115232
0.623126
0.3314
0.0634827
0.472644
0.117249
0.312047
0.0531049
0.236452
0.293857
0.0606486
0.158606
0.120389
0.112154
0.254575
0.134001
0.0787768
0.336275
0.015486
0.105715
0.0862564
0.060832
0.662
0.077681
0.392857
0.122016
0.496021
0.417827
0.0536383
0.662
0.334953
0.0134543
0.144366
0.662
0.123812
0.15047
0.151329
0.0406444
0.139762
0.507357
0.245394
0.293049
0.153894
0.136884
0.316011
0.195865
0.23509
0.278009
0.22331
0.662
0.469101
0.662
0.638445
0.216187
0.246821
0.407857
0.0803683
0.0545671
0.105514
0.0838398
0.085833
0.662
0.131531
0.132811
0.30106
0.0682145
0.0627014
0.152811
0.662
0.0902872
0.405793
0.569339
0.224948
0.120512
0.131231
0.0816546
0.315059
0.14055
0.0818685
0.206668
0.0766103
0.0897224
0.0890971
0.414879
0.141651
0.0783345
0.45501
0.172269
0.0756814
0.352532
0.350985
0.662
0.191756
0.662
0.250919
0.206076
0.155676
0.319805
0.118305
0.232839
0.0967658
0.107393
0.395489
0.662
0.156723
0.0372838
0.526441
0.568114
0.427353
0.0414979
0.113657
0.0396365
0.091764
0.154026
0.0491874
0.376937
0.0666512
0.152112
0.0859652
0.391599
0.161582
0.662
0.469598
0.103647
0.138496
0.134109
0.473455
0.0494383
0.135379
0.167293
0.662
0.114665
0.662
0.213143
0.385272
0.168887
0.11494
0.0595823
0.200938
0.156067
0.657991
0.106112
0.100716
0.108376
0.662
0.399582
0.662
0.0872371
0.188139
0.189938
0.0872087
0.662
0.0925629
0.255147
0.228079
0.0616173
0.247135
0.118658
0.36641
0.0952642
0.168797
0.630526
0.271829
0.104684
0.662
0.254226
0.181832
0.205386
0.335909
0.0453911
0.166822
0.386099
0.0642945
0.662
0.0589516
0.662
0.236102
0.178421
0.390123
0.158057
0.329964
0.246479
0.107062
0.0378727
0.228991
0.116992
0.662
0.399517
0.525415
0.0906648
0.353675
0.120787
0.0815268
0.662
0.550968
0.0477208
0.164587
0.662
0.118955
0.078413
0.0123672
0.662
0.160924
0.0110882
0.632469
0.662
0.337518
0.662
0.0978211
0.201916
0.297161
0.190906
0.145104
0.662
0.257971
0.0820891
0.584576
0.226377
0.0724199
0.204034
0.345288
0.0823432
0.162949
0.211853
0.338302
0.0933875
0.0487319
0.113073
0.497161
0.000973108
0.0374459
0.361403
0.546471
0.662
0.065347
0.0295698
0.447122
0.109188
0.0419358
0.662
0.0560585
0.662
0.0682532
0.662
0.399134
0.132394
0.0499828
0.147366
0.106003
0.206328
0.142631
0.07261
0.475287
0.477185
0.591999
0.089999
0.127824
0.307467
0.662
0.136812
0.21132
0.115205
0.505137
0.204786
0.202793
0.662
0.257097
0.116115
0.207935
0.662
0.114802
0.662
0.550314
0.025159
0.122517
0.336948
0.142482
0.0720536
0.0251149
0.489389
0.542262
0.129501
0.0610242
0.662
0.187437
0.183584
0.0947761
0.0663334
0.14895
0.121241
0.111089
0.12026
0.0455893
0.0845196
0.130337
0.128786
0.207841
0.0553512
0.143667
0.104865
0.114472
0.240512
0.244862
0.116892
0.0828194
0.0799077
0.662
0.287944
0.0753948
0.459162
0.104567
0.132169
0.662
0.662
0.097538
0.209846
0.662
0.366874
0.172217
0.435679
0.10734
0.662
0.662
0.662
0.158666
0.662
0.0282035
0.250775
0.574117
0.209854
0.130071
0.50457
0.0468362
0.0741046
0.227184
0.346437
0.623292
0.600334
0.161616
0.189505
0.102728
0.543076
0.0210451
0.0978428
0.453828
0.27286
0.254875
0.294828
0.662
0.117797
0.662
0.113901
0.14778
0.114432
0.0777678
0.232332
0.394536
0.120779
0.662
0.101428
0.53416
0.179175
0.529252
0.62683
0.263684
0.30044
0.115695
0.194942
0.264791
0.662
0.0684019
0.210295
0.0369696
0.486172
0.0848975
0.0924807
0.104898
0.129294
0.0596311
0.0654984
0.211294
0.110068
0.444114
0.198668
0.184398
0.319823
0.651367
0.422538
0.523854
0.662
0.155886
0.454301
0.0572187
0.453035
0.662
0.13793
0.662
0.03653
0.0639502
0.0448081
0.262095
0.417092
0.185057
0.426404
0.189922
0.521173
0.133385
0.224447
0.374876
0.0446668
0.197981
0.253749
0.662
0.583615
0.0407858
0.488341
0.248094
0.268313
0.47793
0.246296
0.662
0.184705
0.662
0.191164
0.182106
0.662
0.208857
0.305947
0.108971
0.238777
0.19819
0.107358
0.102581
0.213203
0.470818
0.0409838
0.256989
0.33342
0.201616
0.1117
0.362796
0.253035
0.355497
0.255266
0.202428
0.0477762
0.662
0.298317
0.211022
0.224926
0.232301
0.118569
0.23172
0.0867938
0.152432
0.280011
0.0955566
0.116407
0.0254965
0.519562
0.149444
0.662
0.465201
0.662
0.662
0.515558
0.263777
0.0654498
0.270637
0.275148
0.208644
0.107697
0.400941
0.358559
0.195333
0.238609
0.662
0.149592
0.161782
0.246921
0.227671
0.118358
0.283192
0.116842
0.662
0.662
0.359744
0.662
0.662
0.063048
0.249963
0.111908
0.0597606
0.229055
0.0329187
0.048606
0.340156
0.237624
0.662
0.100343
0.231649
0.100142
0.356351
0.0745331
0.662
0.108774
0.0448981
0.412262
0.169549
0.467805
0.0804949
0.0703483
0.287834
0.662
0.178987
0.324373
0.630228
0.341808
0.139767
0.0576684
0.394169
0.159143
0.266105
0.0639255
0.208521
0.556831
0.0748738
0.446838
0.141564
0.257358
0.215702
0.0679261
0.0969472
0.547549
0.118159
0.0495301
0.0918296
0.323997
0.272465
0.0661464
0.520215
0.230045
0.0715551
0.329911
0.229572
0.470223
0.389802
0.257849
0.122592
0.104869
0.213331
0.567796
0.621466
0.386677
0.308123
0.165913
0.11986
0.167895
0.243879
0.224733
0.662
0.308038
0.0380108
0.662
0.516616
0.248092
0.108165
0.662
0.662
0.662
0.0270052
0.141737
0.221976
0.100984
0.104006
0.662
0.333623
0.073025
0.187617
0.662
0.532795
0.567432
0.0655722
0.205938
0.491156
0.0275817
0.662
0.107126
0.234647
0.229304
0.0466304
0.662
0.232934
0.173121
0.476631
0.0811214
0.662
0.191306
0.422204
0.116524
0.130113
0.316464
0.511484
0.0476695
0.112447
0.11525
0.662
0.244694
0.0458429
0.192411
0.096362
0.557535
0.405147
0.662
0.662
0.371059
0.088286
0.614626
0.209958
0.388934
0.0431364
0.0640526
0.0907996
0.261235
0.0789132
0.0570411
0.321721
0.0794358
0.223874
0.152234
0.302426
0.662
0.305184
0.129868
0.06778
0.123611
0.108488
0.0991733
0.0394282
0.0559025
0.122064
0.43254
0.179579
0.0768775
0.0394026
0.0852434
0.203292
0.358308
0.662
0.087653
0.662
0.662
0.662
0.212722
0.662
0.0831487
0.188234
0.440376
0.156522
0.526046
0.223576
0.662
0.153706
0.300039
0.662
0.125443
0.0925742
0.662
0.662
0.10768
0.0294441
0.237613
0.407411
0.159928
0.12827
0.309644
0.348612
0.662
0.393297
0.2827
0.277533
0.19467
0.111063
0.0642646
0.135472
0.601003
0.389773
0.662
0.410429
0.212083
0.662
0.292881
0.135971
0.130633
0.137722
0.0814485
0.112983
0.310716
0.0794031
0.106099
0.126261
0.321028
0.336401
0.633946
0.662
0.391824
0.133648
0.662
0.194485
0.518951
0.289287
0.0522509
0.0632613
0.113027
0.125647
0.247123
0.2119
0.0588148
0.277653
0.123445
0.0814923
0.108426
0.371628
0.622338
0.0733803
0.0659052
0.0203153
0.0190909
0.662
0.662
0.424291
0.286748
0.460207
0.168028
0.662
0.654029
0.124118
0.0733919
0.0897645
0.173808
0.0465729
0.184368
0.610958
0.194101
0.183936
0.094514
0.051982
0.151859
0.158027
0.235599
0.106742
0.369372
0.432697
0.0912421
0.225618
0.26011
0.276972
0.0418151
0.0852173
0.0362722
0.191221
0.340377
0.0492238
0.155288
0.00600224
0.0812298
0.633694
0.662
0.181457
0.0507219
0.662
0.165822
0.030801
0.13892
0.222376
0.0628338
0.0884841
0.204341
0.250669
0.662
0.310722
0.0786673
0.34957
0.116668
0.373504
0.151553
0.11464
0.105124
0.229018
0.229837
0.0865194
0.412325
0.483516
0.133914
0.0986997
0.166439
0.206041
0.462121
0.111903
0.32234
0.63339
0.496072
0.551538
0.122634
0.0095836
0.0515017
0.662
0.633391
0.35023
0.269689
0.662
0.195873
0.662
0.662
0.117964
0.0788334
0.177979
0.651327
0.191658
0.087469
0.203969
0.110099
0.193732
0.662
0.572398
0.310783
0.416745
0.195378
0.300365
0.662
0.158609
0.0685363
0.126639
0.0580992
0.201208
0.0992906
0.48842
0.189099
0.662
0.0917559
0.485339
0.271607
0.396752
0.153186
0.0695056
0.388893
0.423044
0.0761063
0.129244
0.235671
0.662
0.662
0.046082
0.208793
0.147457
0.0747819
0.283664
0.254586
0.299308
0.123742
0.662
0.114386
0.0880998
0.396985
0.0824843
0.625805
0.0998532
0.123752
0.335002
0.662
0.211586
0.0735191
0.378118
0.10942
0.0732485
0.30587
0.662
0.14699
0.33126
0.404762
0.662
0.30138
0.577272
0.554253
0.0816463
0.0830922
0.662
0.404485
0.319536
0.0365545
0.662
0.189417
0.167938
0.218396
0.154453
0.400313
0.662
0.23123
0.396682
0.247284
0.662
0.254405
0.39927
0.168143
0.420873
0.164545
0.038015
0.138686
0.26021
0.257715
0.408478
0.662
0.427946
0.134991
0.119016
0.288903
0.107278
0.328004
0.218438
0.306105
0.662
0.662
0.365871
0.0625421
0.0935692
0.232392
0.112959
0.0920865
0.167808
0.45571
0.48208
0.191909
0.259328
0.407618
0.0984096
0.391416
0.215826
0.319197
0.191536
0.0195493
0.662
0.297346
0.0619391
0.662
0.119048
0.662
0.253625
0.0505683
0.662
0.293998
0.352842
0.0838168
0.424516
0.662
0.0780349
0.448907
0.269631
0.467042
0.309755
0.0806619
0.371377
0.0993421
0.138782
0.491047
0.0482511
0.135194
0.126365
0.459416
0.406342
0.147871
0.269816
0.104498
0.662
0.0500662
0.662
0.0282367
0.241597
0.14817
0.474253
0.128022
0.331753
0.0929207
0.0760827
0.386678
0.0866535
0.0619707
0.117005
0.219496
0.241909
0.464514
0.662
0.655289
0.0661048
0.222285
0.223839
0.136517
0.432082
0.170825
0.111079
0.216061
0.505634
0.324314
0.144532
0.180416
0.0720091
0.311313
0.170786
0.120723
0.116987
0.145466
0.0922777
0.388426
0.19512
0.662
0.601096
0.662
0.593553
0.662
0.138963
0.0690007
0.147147
0.0869302
0.148932
0.29034
0.16869
0.466948
0.662
0.330419
0.187965
0.119691
0.662
0.104299
0.0451607
0.140734
0.376557
0.490835
0.359295
0.0716331
0.509474
0.662
0.262284
0.149342
0.148963
0.256206
0.10455
0.143154
0.231217
0.0982633
0.280839
0.432583
0.122947
0.0962643
0.421158
0.258078
0.186494
0.00863145
0.207449
0.0769387
0.662
0.167576
0.266196
0.0342118
0.263461
0.654297
0.0473918
0.129788
0.242503
0.235285
0.662
0.662
0.223254
0.175754
0.197891
0.322564
0.386009
0.0550049
0.181813
0.266569
0.109304
0.27036
0.189401
0.0948101
0.459947
0.662
0.0869691
0.013941
0.264003
0.662
0.350211
0.59963
0.157894
0.064598
0.662
0.409307
0.362459
0.375244
0.172112
0.0551908
0.662
0.375231
0.0545009
0.485131
0.662
0.300771
0.662
0.0877429
0.110384
0.0465157
0.384253
0.662
0.0973588
0.387405
0.251845
0.0601065
0.375445
0.372216
0.155039
0.662
0.135527
0.218861
0.0658878
0.103443
0.662
0.0530381
0.142699
0.281422
0.0199582
0.662
0.198669
0.0761013
0.0966682
0.0876774
0.0944186
0.428651
0.662
0.231911
0.367625
0.1081
0.662
0.662
0.662
0.662
0.213414
0.0221303
0.192089
0.111311
0.0782338
0.230694
0.133606
0.0429191
0.0658268
0.662
0.662
0.284553
0.557757
0.299175
0.561866
0.456301
0.241862
0.390581
0.418814
0.0496196
0.459572
0.145442
0.145367
0.324172
0.247827
0.305237
0.177293
0.0707248
0.208674
0.662
0.344212
0.662
0.244584
0.0421962
0.138241
0.205783
0.0633263
0.391944
0.146608
0.357773
0.170702
0.082468
0.187923
0.662
0.21872
0.625843
0.129028
0.662
0.197311
0.416173
0.559255
0.0341665
0.470871
0.131661
0.216693
0.580155
0.151663
0.0122532
0.52469
0.176333
0.662
0.0480073
0.662
0.466542
0.117329
0.662
0.158057
0.546286
0.424263
0.193381
0.594145
0.179805
0.45725
0.383593
0.0674984
0.662
0.186736
0.612606
0.158956
0.174866
0.662
0.662
0.439784
0.127692
0.549148
0.177655
0.385263
0.151512
0.073165
0.050978
0.662
0.136442
0.662
0.216676
0.0856622
0.452388
0.0459653
0.142247
0.355135
0.368187
0.469241
0.279615
0.329103
0.24894
0.162866
0.164839
0.137813
0.662
0.249674
0.662
0.662
0.582853
0.0685472
0.662
0.236024
0.468245
0.0969339
0.151665
0.266445
0.26311
0.159994
0.209908
0.0511869
0.104184
0.124997
0.211339
0.0757263
0.0649287
0.104953
0.286525
0.065398
0.114151
0.234813
0.662
0.0795567
0.662
0.0362887
0.326319
0.0616588
0.224949
0.0121594
0.288513
0.0846241
0.215783
0.403555
0.284893
0.0185837
0.0530151
0.15341
0.019862
0.128257
0.552408
0.349856
0.320751
0.318578
0.108224
0.662
0.110819
0.662
0.146593
0.0469712
0.0722321
0.0796736
0.646964
0.269469
0.662
0.662
0.309349
0.662
0.114213
0.313261
0.0856658
0.346934
0.162277
0.337437
0.0669745
0.424904
0.321211
0.662
0.267624
0.119738
0.559648
0.131206
0.427049
0.194682
0.167991
0.293715
0.0450783
0.108133
0.293974
0.0856099
0.2457
0.0986042
0.20675
0.0907464
0.298329
0.308076
0.105486
0.237345
0.18828
0.0858207
0.662
0.135588
0.0457024
0.61949
0.21462
0.105262
0.0676525
0.25459
0.25516
0.464754
0.329652
0.0588218
0.0573992
0.0229498
0.644146
0.662
0.161285
0.113104
0.181365
0.069096
0.240127
0.119557
0.26777
0.124403
0.347433
0.0604409
0.30704
0.0841727
0.642201
0.599409
0.224593
0.498507
0.226243
0.14313
0.322758
0.390286
0.360199
0.080758
0.163433
0.0778684
0.256331
0.0622426
0.122762
0.222862
0.12021
0.178457
0.485082
0.128639
0.0417102
0.0681588
0.662
0.503762
0.296724
0.662
0.138965
0.190518
0.283048
0.662
0.308623
0.52461
0.155393
0.456363
0.557124
0.161286
0.118168
0.662
0.041435
0.0417933
0.105051
0.119938
0.418126
0.476087
0.4527
0.662
0.662
0.662
0.0696776
0.26878
0.129326
0.136447
0.255791
0.589793
0.210653
0.343035
0.231808
0.0510812
0.119921
0.0777996
0.52746
0.154684
0.0896223
0.551454
0.236562
0.115459
0.101425
0.0856467
0.272651
0.10564
0.662
0.0273731
0.0188102
0.246939
0.0697006
0.101338
0.32844
0.251825
0.30728
0.662
0.109077
0.0832716
0.143514
0.135743
0.493031
0.662
0.245373
0.109099
0.0907677
0.0210637
0.662
0.134577
0.207892
0.0812858
0.233016
0.038394
0.349491
0.0824436
0.222337
0.0915523
0.100601
0.535715
0.0454597
0.155549
0.0654767
0.121644
0.110444
0.204425
0.662
0.0783519
0.384037
0.0581579
0.218173
0.662
0.14072
0.538077
0.238509
0.335868
0.149451
0.662
0.217145
0.0764427
0.115854
0.255234
0.662
0.0716634
0.305617
0.0655704
0.654075
0.100832
0.149483
0.135004
0.662
0.133449
0.159484
0.26493
0.193991
0.582164
0.0552868
0.0344602
0.662
0.298787
0.662
0.651031
0.11752
0.662
0.599304
0.115399
0.159816
0.0826591
0.576825
0.662
0.056797
0.0913101
0.143971
0.22801
0.6213
0.118017
0.662
0.662
0.094813
0.370725
0.043805
0.230891
0.171445
0.0347017
0.10637
0.0650531
0.400531
0.16693
0.277331
0.288658
0.161518
0.132141
0.202657
0.088811
0.251676
0.662
0.559774
0.0376356
0.202264
0.0610061
0.175641
0.208093
0.433857
0.154501
0.438122
0.151475
0.292584
0.662
0.349753
0.371447
0.11455
0.366591
0.182009
0.0466813
0.119248
0.483179
0.171426
0.662
0.460617
0.247175
0.0907193
0.243999
0.298065
0.0396035
0.662
0.223982
0.394473
0.181542
0.135308
0.241533
0.0718294
0.366143
0.291317
0.0328025
0.220683
0.20745
0.0664667
0.409041
0.166295
0.218286
0.0391377
0.142047
0.606138
0.515868
0.294138
0.465958
0.0698385
0.662
0.0550049
0.0263028
0.662
0.115235
0.0709872
0.0528462
0.0797789
0.0773704
0.134624
0.073411
0.319954
0.178516
0.270506
0.190893
0.151669
0.24099
0.376045
0.11324
0.173725
0.267956
0.226978
0.298572
0.662
0.0904275
0.662
0.662
0.0956597
0.0910708
0.0786201
0.257668
0.662
0.662
0.116673
0.134009
0.169437
0.127592
0.662
0.17629
0.111009
0.0930067
0.198374
0.662
0.0784303
0.156831
0.0334228
0.662
0.260309
0.523157
0.662
0.383015
0.1947
0.3647
0.0479355
0.216522
0.199663
0.110882
0.662
0.146772
0.353376
0.0919839
0.162333
0.662
0.297175
0.662
0.0312579
0.377766
0.294828
0.265726
0.662
0.0664957
0.662
0.0195737
0.613016
0.327254
0.208771
0.662
0.647949
0.0538219
0.0507745
0.280765
0.065211
0.188095
0.662
0.144578
0.662
0.0250416
0.24914
0.293803
0.484397
0.198321
0.320882
0.0976584
0.0861588
0.446963
0.662
0.662
0.21932
0.193475
0.512507
0.0141772
0.466644
0.153813
0.222867
0.0799845
0.662
0.348761
0.302169
0.149373
0.0440261
0.176791
0.213009
0.662
0.189825
0.191732
0.191641
0.0970343
0.247937
0.0732608
0.166351
0.191525
0.0861396
0.174925
0.0561768
0.147672
0.284794
0.627259
0.182803
0.093835
0.110801
0.60346
0.662
0.390719
0.662
0.511322
0.0877786
0.0722117
0.1205
0.146999
0.0368413
0.212296
0.192264
0.532001
0.160906
0.349276
0.233612
0.553574
0.0270365
0.0701694
0.0485751
0.662
0.391217
0.662
0.217288
0.0692014
0.386834
0.199937
0.148939
0.180644
0.216247
0.136799
0.20131
0.240418
0.0487446
0.166182
0.662
0.10501
0.337458
0.590012
0.662
0.662
0.44505
0.0554145
0.195152
0.446401
0.129531
0.126459
0.0389589
0.185311
0.176221
0.646817
0.0956671
0.662
0.072038
0.0681314
0.157038
0.071888
0.23983
0.232141
0.152836
0.662
0.288992
0.238576
0.0681349
0.0444794
0.533928
0.0596134
0.376439
0.0907207
0.0815759
0.223559
0.0951505
0.0245793
0.662
0.0162698
0.213845
0.4478
0.203515
0.662
0.662
0.0681781
0.00908373
0.403246
0.430299
0.0504237
0.293137
0.219357
0.0565154
0.042972
0.22426
0.0152824
0.215301
0.418668
0.198406
0.321223
0.514978
0.662
0.444004
0.47615
0.277661
0.0659053
0.104535
0.589486
0.0882998
0.082678
0.178653
0.209669
0.473033
0.169791
0.418116
0.0822161
0.0448531
0.113638
0.105517
0.335472
0.445439
0.662
0.111398
0.350948
0.0988395
0.662
0.117984
0.662
0.155807
0.0668633
0.252967
0.424155
0.072424
0.0636809
0.0372683
0.238828
0.494198
0.0571356
0.249806
0.158611
0.317563
0.38962
0.203271
0.435215
0.662
0.0450371
0.662
0.247623
0.0598349
0.0721587
0.0469767
0.476909
0.257025
0.121734
0.0755654
0.0366419
0.10863
0.106067
0.400361
0.0384661
0.662
0.183852
0.0133375
0.662
0.447921
0.247831
0.140575
0.151906
0.102448
0.307651
0.0606823
0.662
0.157849
0.0538893
0.356535
0.457265
0.135504
0.116906
0.474348
0.137306
0.0611887
0.120806
0.0274592
0.0716506
0.0554642
0.662
0.0571337
0.0331419
0.154194
0.224833
0.0435535
0.518639
0.276935
0.662
0.203566
0.235429
0.220426
0.198048
0.147682
0.0467778
0.395799
0.085305
0.0246091
0.389618
0.320977
0.102947
0.132451
0.150062
0.107165
0.0998871
0.52795
0.157072
0.238123
0.662
0.0757637
0.273819
0.0724361
0.410259
0.163712
0.19337
0.507947
0.0350415
0.249918
0.240266
0.559511
0.0689704
0.157309
0.0751179
0.553944
0.0323377
0.421662
0.311809
0.319124
0.27719
0.0689389
0.291694
0.249728
0.12093
0.0368635
0.5389
0.173707
0.139438
0.118372
0.169775
0.0357006
0.392239
0.241523
0.459283
0.0322062
0.123209
0.118949
0.116256
0.296116
0.662
0.103683
0.301836
0.125414
0.00105816
0.662
0.248623
0.367366
0.311538
0.494784
0.11112
0.200999
0.662
0.367378
0.20819
0.139263
0.117679
0.211143
0.612154
0.0766263
0.00831298
0.0789095
0.393139
0.0510317
0.662
0.133433
0.662
0.6348
0.0921523
0.118643
0.255281
0.548582
0.662
0.0717986
0.0417273
0.423487
0.171422
0.0883123
0.183109
0.662
0.153701
0.232998
0.119001
0.102093
0.246072
0.662
0.153946
0.662
0.231644
0.084276
0.225049
0.38998
0.266516
0.174167
0.0907842
0.575237
0.0792517
0.662
0.515636
0.468147
0.122691
0.662
0.662
0.177116
0.147286
0.125563
0.478769
0.166961
0.58284
0.208385
0.0819088
0.0636244
0.338529
0.287126
0.104298
0.113641
0.662
0.124576
0.0625207
0.400606
0.093224
0.613047
0.611989
0.662
0.662
0.268823
0.662
0.348552
0.0808328
0.111361
0.0852882
0.0516306
0.158897
0.151699
0.331122
0.0904594
0.247494
0.662
0.0658514
0.461831
0.0972143
0.662
0.612595
0.293727
0.130599
0.480047
0.662
0.662
0.17815
0.354176
0.407534
0.128575
0.313896
0.185972
0.368488
0.169494
0.0897821
0.18654
0.518371
0.136406
0.0546658
0.426043
0.0473033
0.662
0.0741353
0.262063
0.180428
0.278059
0.0999668
0.132567
0.22355
0.163554
0.0890672
0.662
0.121201
0.0972767
0.148982
0.662
0.279818
0.662
0.0508008
0.548131
0.240358
0.109581
0.200747
0.102664
0.0164543
0.521903
0.0406084
0.230218
0.0825552
0.662
0.0927826
0.535765
0.202816
0.587655
0.662
0.123962
0.120242
0.178745
0.109899
0.339734
0.662
0.0995674
0.0367024
0.168222
0.188063
0.0674379
0.0333197
0.0949889
0.207455
0.662
0.41797
0.094885
0.471831
0.168119
0.506283
0.0683901
0.0927856
0.060234
0.114105
0.112278
0.167959
0.190602
0.133788
0.298922
0.662
0.160299
0.00976532
0.510716
0.662
0.148944
0.00536701
0.436147
0.307928
0.266842
0.163914
0.0434986
0.661558
0.526969
0.071963
0.662
0.281968
0.0998535
0.203396
0.215937
0.662
0.662
0.157168
0.662
0.114789
0.375145
0.662
0.167054
0.662
0.454866
0.103627
0.372729
0.272191
0.0795805
0.0581832
0.316006
0.143513
0.0729008
0.462334
0.0801904
0.113078
0.157939
0.662
0.064398
0.417661
0.225553
0.570171
0.090779
0.298943
0.662
0.217811
0.109459
0.233324
0.450353
0.0450159
0.529166
0.10783
0.194084
0.444069
0.521743
0.440593
0.516757
0.22304
0.122988
0.0540904
0.377497
0.12248
0.0532906
0.196975
0.662
0.107547
0.0563694
0.321948
0.148591
0.352875
0.182403
0.662
0.0613752
0.15831
0.110248
0.0987874
0.0842069
0.0501496
0.0635186
0.206183
0.570127
0.206667
0.252122
0.179838
0.309014
0.662
0.119185
0.662
0.155783
0.0773079
0.195451
0.0682117
0.468741
0.261166
0.12669
0.320175
0.37605
0.25724
0.394682
0.216264
0.662
0.133818
0.294991
0.333919
0.132274
0.427644
0.662
0.197071
0.188722
0.264077
0.0104529
0.150058
0.0503415
0.249336
0.166586
0.51641
0.117694
0.662
0.662
0.116114
0.452908
0.0998573
0.201758
0.0752279
0.218642
0.041945
0.00900352
0.662
0.0523749
0.287106
0.127925
0.0401191
0.10186
0.146495
0.57617
0.159001
0.145409
0.2387
0.662
0.11048
0.128195
0.192104
0.660432
0.426467
0.456304
0.662
0.662
0.107023
0.156659
0.145652
0.115861
0.276626
0.203275
0.556295
0.330052
0.069757
0.222885
0.313603
0.662
0.162499
0.173738
0.0975489
0.662
0.350163
0.0633294
0.662
0.524856
0.662
0.292312
0.246139
0.125718
0.662
0.179499
0.0772298
0.231896
0.662
0.662
0.321464
0.46903
0.662
0.0733455
0.112807
0.0782888
0.108774
0.0360489
0.456678
0.250649
0.0529254
0.219363
0.0897793
0.126373
0.0706086
0.105331
0.422072
0.000176298
0.158534
0.0819912
0.155674
0.662
0.292328
0.213043
0.662
0.279391
0.531775
0.206645
0.376829
0.0665904
0.662
0.072524
0.0285965
0.0339246
0.0229268
0.662
0.125963
0.0133292
0.170029
0.536945
0.0357017
0.051536
0.300581
0.662
0.0544574
0.0795013
0.470974
0.662
0.184005
0.266996
0.34179
0.662
0.0448127
0.560526
0.266518
0.449282
0.170416
0.0616163
0.0321614
0.0729764
0.172002
0.0742592
0.294438
0.0428521
0.436838
0.241315
0.165105
0.662
0.0857282
0.0946306
0.272735
0.152799
0.128126
0.0964715
0.662
0.259249
0.0934041
0.031574
0.526097
0.310953
0.145694
0.164395
0.0735669
0.269934
0.443738
0.135467
0.662
0.367386
0.123752
0.182444
0.0859154
0.662
0.0778595
0.241027
0.0636578
0.662
0.0670957
0.0298499
0.0779202
0.100269
0.427851
0.662
0.299194
0.0749483
0.110409
0.662
0.588908
0.342558
0.197931
0.092724
0.139008
0.228229
0.0380542
0.220589
0.0816038
0.662
0.319453
0.662
0.413874
0.312082
0.0299084
0.463503
0.263684
0.100447
0.430673
0.226437
0.233853
0.0843116
0.205919
0.124543
0.230056
0.0693311
0.662
0.252072
0.662
0.223226
0.050241
0.284243
0.567721
0.356171
0.254517
0.0228628
0.445594
0.0655459
0.275409
0.194266
0.0523476
0.248378
0.582
0.0827181
0.290686
0.662
0.171214
0.619748
0.662
0.0886549
0.165623
0.498665
0.662
0.134553
0.662
0.481825
0.206186
0.662
0.452281
0.0262172
0.198311
0.25003
0.419501
0.245516
0.0762639
0.140224
0.411519
0.176856
0.0625274
0.394565
0.662
0.203329
0.662
0.0895423
0.535206
0.30958
0.278992
0.0105997
0.236141
0.126372
0.15636
0.180178
0.0926528
0.249879
0.368422
0.0888014
0.0610244
0.0509048
0.662
0.175937
0.515298
0.124803
0.334323
0.269502
0.416086
0.0499084
0.12452
0.118622
0.359451
0.426144
0.662
0.0659062
0.0887172
0.662
0.102045
0.0641295
0.264758
0.174857
0.148022
0.662
0.0219585
0.281904
0.084359
0.647888
0.473905
0.306802
0.662
0.662
0.128858
0.106144
0.0899984
0.0944978
0.139873
0.662
0.601852
0.398607
0.459789
0.0853316
0.643452
0.421958
0.381084
0.0853907
0.25178
0.662
0.211292
0.0856142
0.184049
0.0729575
0.109605
0.662
0.156053
0.570241
0.11987
0.155936
0.34544
0.323831
0.0824499
0.186962
0.160392
0.317394
0.0708187
0.0724828
0.40719
0.460199
0.255688
0.411493
0.289211
0.276307
0.159556
0.393374
0.141423
0.150463
0.055294
0.0616027
0.296035
0.266426
0.202637
0.0571368
0.115353
0.109828
0.268606
0.182553
0.429201
0.0368692
0.0114176
0.0563283
0.152588
0.662
0.169882
0.315081
0.324469
0.323733
0.662
0.178869
0.26499
0.356828
0.298601
0.154144
0.410987
0.0957709
0.0569599
0.229131
0.0253404
0.252193
0.137373
0.40842
0.0769022
0.662
0.197686
0.662
0.462447
0.281005
0.124568
0.0571944
0.00260489
0.225352
0.037132
0.120127
0.26874
0.128915
0.662
0.0640753
0.329925
0.0900597
0.233288
0.176968
0.104204
0.180641
0.662
0.117462
0.23145
0.228293
0.0839011
0.152325
0.454718
0.0713244
0.0552834
0.095549
0.340389
0.150259
0.15206
0.190934
0.0517296
0.0225271
0.607679
0.233996
0.411553
0.0087957
0.154326
0.210138
0.0963035
0.446127
0.382744
0.610916
0.1548
0.0614425
0.220176
0.152297
0.243747
0.158677
0.662
0.202248
0.413007
0.217546
0.181485
0.225767
0.225486
0.662
0.205669
0.322668
0.648279
0.167989
0.4748
0.662
0.0479844
0.203628
0.662
0.0999734
0.185708
0.0950843
0.662
0.0819739
0.0531427
0.422465
0.662
0.383806
0.131126
0.152229
0.0770937
0.183528
0.0353921
0.065156
0.296756
0.202646
0.178144
0.662
0.222994
0.104294
0.20462
0.662
0.662
0.157468
0.080444
0.0322395
0.565264
0.210843
0.0516846
0.611073
0.662
0.420575
0.0649386
0.123797
0.090339
0.549425
0.0442851
0.0864015
0.158969
0.227077
0.662
0.159908
0.090081
0.204311
0.18656
0.45077
0.0452146
0.381561
0.662
0.588862
0.290918
0.662
0.365591
0.0750436
0.0806561
0.0739857
0.290521
0.154031
0.0588815
0.0693291
0.662
0.256891
0.662
0.304309
0.51222
0.0526657
0.115012
0.166921
0.344771
0.662
0.662
0.206623
0.662
0.177254
0.16196
0.0604179
0.455681
0.613538
0.100334
0.150226
0.381794
0.313526
0.371465
0.0853821
0.286933
0.437727
0.0570981
0.662
0.662
0.373474
0.219631
0.433739
0.0834039
0.147846
0.534451
0.0626196
0.0918139
0.410605
0.0779659
0.129077
0.15621
0.101171
0.662
0.218035
0.0703419
0.137386
0.403226
0.112879
0.307478
0.591298
0.0543125
0.242771
0.219175
0.662
0.0941042
0.0529639
0.245386
0.11761
0.257585
0.0860077
0.263945
0.107851
0.159214
0.187413
0.391135
0.0660968
0.0730438
0.662
0.0741334
0.662
0.648551
0.257056
0.492882
0.0806587
0.0902938
0.207615
0.240188
0.175659
0.134473
0.303386
0.0377789
0.188174
0.140303
0.0386113
0.153537
0.440314
0.170473
0.650966
0.116688
0.662
0.186207
0.224866
0.313802
0.202174
0.417399
0.0779235
0.295814
0.321334
0.388764
0.105112
0.268339
0.16515
0.201241
0.316754
0.352272
0.189215
0.662
0.197792
0.0286493
0.0269858
0.116669
0.392178
0.39264
0.279928
0.628079
0.227276
0.138426
0.151701
0.0957488
0.137983
0.221402
0.406607
0.0864878
0.082895
0.246948
0.058188
0.0746224
0.662
0.662
0.181367
0.152668
0.662
0.435638
0.132312
0.265848
0.331131
0.194391
0.219029
0.662
0.121877
0.297178
0.233358
0.662
0.23109
0.0849491
0.195611
0.412982
0.640474
0.15051
0.426509
0.0989412
0.229351
0.206899
0.526411
0.28984
0.123482
0.0535095
0.417768
0.0733429
0.360019
0.123648
0.140757
0.268766
0.403306
0.55372
0.154027
0.163079
0.10728
0.662
0.178015
0.164359
0.26044
0.289543
0.441993
0.662
0.305873
0.511538
0.179803
0.662
0.397721
0.526925
0.0918839
0.196104
0.13853
0.246759
0.0816854
0.662
0.174969
0.662
0.431292
0.114981
0.343538
0.252958
0.187615
0.082019
0.440353
0.109105
0.386916
0.662
0.662
0.662
0.345895
0.457543
0.190485
0.662
0.442017
0.662
0.429091
0.0842035
0.662
0.662
0.0891307
0.5991
0.0643273
0.224078
0.0859746
0.105084
0.349687
0.163938
0.050944
0.305448
0.328995
0.370689
0.174016
0.420607
0.280782
0.0788894
0.515809
0.061471
0.0526581
0.136905
0.207567
0.0500881
0.287927
0.236434
0.267617
0.119176
0.179668
0.0802209
0.261348
0.0521293
0.340823
0.100574
0.129585
0.0249527
0.202144
0.137209
0.0342738
0.064538
0.333607
0.11872
0.0814188
0.662
0.42734
0.662
0.149684
0.0240837
0.358105
0.024981
0.068327
0.662
0.0740173
0.0726419
0.0738443
0.415948
0.0911694
0.0881384
0.183895
0.275583
0.662
0.181154
0.0723913
0.255085
0.194933
0.573512
0.662
0.1453
0.0839267
0.174323
0.209785
0.102545
0.321155
0.0575287
0.0844613
0.0913092
0.662
0.224291
0.163378
0.334135
0.22437
0.0530998
0.0937626
0.654555
0.209301
0.0316456
0.0441514
0.652849
0.0670037
0.077762
0.44476
0.052083
0.221829
0.154308
0.662
0.228982
0.461708
0.148284
0.41217
0.105171
0.167619
0.148102
0.118638
0.59169
0.154065
0.202036
0.0384305
0.24086
0.00145898
0.047497
0.119235
0.208209
0.35092
0.179896
0.306876
0.662
0.226963
0.284677
0.183063
0.343736
0.136238
0.0991871
0.333485
0.305438
0.206527
0.441833
0.104147
0.295458
0.108929
0.437454
0.00612859
0.0958547
0.662
0.236535
0.0726836
0.156414
0.479126
0.314192
0.137171
0.100438
0.180027
0.595421
0.357928
0.641503
0.060811
0.662
0.092698
0.07965
0.0331567
0.126458
0.445208
0.0544811
0.227052
0.0495132
0.283228
0.120401
0.0939194
0.0196056
0.244041
0.425769
0.180673
0.166613
0.0877209
0.185175
0.102717
0.110449
0.146477
0.101588
0.272182
0.142314
0.056577
0.0788913
0.169244
0.302353
0.263379
0.568215
0.0780924
0.177214
0.332266
0.471256
0.0722757
0.0258745
0.662
0.326682
0.0773563
0.19501
0.229829
0.247529
0.193407
0.315714
0.313939
0.0397988
0.662
0.64305
0.065412
0.252591
0.252234
0.117965
0.662
0.0146888
0.104864
0.260835
0.204471
0.391019
0.662
0.140187
0.662
0.272067
0.174256
0.426491
0.452302
0.298127
0.662
0.370851
0.532561
0.248405
0.261533
0.20868
0.662
0.102422
0.178982
0.146791
0.1927
0.189331
0.161933
0.0660517
0.0577148
0.180041
0.143412
0.0976045
0.199681
0.221296
0.137759
0.208051
0.0490976
0.0756405
0.662
0.231993
0.188883
0.108972
0.0987478
0.464832
0.0173569
0.186735
0.16344
0.0365733
0.120037
0.442344
0.210875
0.209069
0.155444
0.278138
0.302483
0.112181
0.662
0.329721
0.325361
0.130219
0.393424
0.0907782
0.32231
0.216565
0.247116
0.122353
0.662
0.0924317
0.211765
0.0441052
0.112917
0.0977989
0.15189
0.134219
0.271803
0.0437378
0.0702349
0.0812225
0.169164
0.49205
0.307515
0.347018
0.662
0.318285
0.159558
0.275892
0.39
0.0608982
0.347917
0.110741
0.156718
0.146395
0.414776
0.128986
0.0198847
0.157265
0.197198
0.545109
0.256201
0.171564
0.363238
0.035145
0.662
0.251645
0.0974063
0.133105
0.112718
0.200355
0.395627
0.207428
0.662
0.0893566
0.179383
0.108771
0.10046
0.0724909
0.656021
0.662
0.662
0.607927
0.228703
0.494828
0.0534592
0.0644034
0.342681
0.58412
0.196995
0.662
0.448041
0.0986847
0.344557
0.273227
0.126158
0.100126
0.379707
0.0199819
0.176449
0.338728
0.257149
0.112849
0.64676
0.11725
0.0551427
0.0707
0.227908
0.516662
0.420452
0.24498
0.431598
0.0688607
0.193798
0.225297
0.0580988
0.445572
0.400906
0.206839
0.275033
0.122218
0.0508297
0.137304
0.0345923
0.199345
0.662
0.404548
0.173069
0.0627792
0.196548
0.129851
0.157755
0.662
0.044353
0.343862
0.662
0.174772
0.0591338
0.18279
0.211511
0.10502
0.14714
0.106822
0.236131
0.252767
0.662
0.175067
0.143849
0.267148
0.073128
0.207897
0.0929815
0.189929
0.0158698
0.620039
0.344186
0.396645
0.054177
0.0696415
0.321152
0.519572
0.157893
0.390876
0.093772
0.121701
0.0957272
0.22972
0.103367
0.140681
0.191444
0.0509843
0.112158
0.662
0.224662
0.0652084
0.298339
0.446332
0.266404
0.0789037
0.167131
0.225898
0.151014
0.127302
0.0945877
0.111062
0.634771
0.388261
0.117733
0.100754
0.662
0.231362
0.212572
0.454664
0.155078
0.221419
0.296109
0.0422237
0.662
0.292337
0.151481
0.21494
0.0523133
0.662
0.299637
0.0575365
0.181692
0.662
0.662
0.245966
0.223008
0.506259
0.0545604
0.0416963
0.43398
0.104665
0.0636419
0.662
0.440684
0.0992992
0.188243
0.350318
0.0226278
0.244201
0.348947
0.205483
0.0681649
0.310819
0.123989
0.132574
0.270749
0.659838
0.085612
0.378719
0.127581
0.094863
0.126214
0.262432
0.656783
0.263296
0.432613
0.662
0.0368159
0.662
0.112257
0.102276
0.0341467
0.0863107
0.342517
0.0213776
0.0934928
0.116865
0.375661
0.662
0.662
0.662
0.356023
0.0687332
0.107563
0.287228
0.105157
0.662
0.518368
0.662
0.216441
0.347962
0.244432
0.662
0.0972056
0.662
0.274633
0.662
0.190929
0.165262
0.58996
0.0682433
0.237149
0.662
0.268585
0.200427
0.145559
0.653238
0.346918
0.113962
0.083226
0.415204
0.662
0.162518
0.120266
0.166649
0.407076
0.466825
0.157942
0.569664
0.662
0.441479
0.196721
0.0518881
0.385985
0.105523
0.136155
0.0750253
0.519673
0.662
0.0569949
0.662
0.662
0.177509
0.128512
0.662
0.188707
0.662
0.0776835
0.43416
0.574392
0.299432
0.256855
0.150936
0.0781243
0.662
0.173789
0.178111
0.609841
0.0897114
0.0572663
0.0770481
0.0701251
0.662
0.0175301
0.533565
0.662
0.126675
0.231263
0.662
0.0830087
0.112454
0.0952657
0.245816
0.662
0.0982792
0.662
0.124218
0.0421812
0.356609
0.289395
0.104102
0.264946
0.234704
0.00398733
0.160543
0.331891
0.0757102
0.662
0.223633
0.199387
0.105704
0.414023
0.147416
0.662
0.22784
0.437889
0.204229
0.627259
0.212419
0.435697
0.452607
0.662
0.280567
0.242687
0.099986
0.0177656
0.360438
0.662
0.461546
0.195485
0.126965
0.60236
0.662
0.165711
0.0640689
0.28222
0.25348
0.314655
0.153927
0.662
0.153294
0.288835
0.23938
0.662
0.656693
0.133729
0.101469
0.564418
0.164674
0.662
0.662
0.0980897
0.191417
0.46873
0.0785511
0.232625
0.0773085
0.212975
0.662
0.32191
0.313685
0.271026
0.593875
0.248814
0.198012
0.0779613
0.135503
0.129302
0.584201
0.321434
0.662
0.227633
0.165879
0.0985348
0.197162
0.204379
0.441808
0.154509
0.0179094
0.188003
0.131307
0.120632
0.176153
0.209465
0.207265
0.136899
0.44151
0.217608
0.662
0.117008
0.301937
0.170097
0.207516
0.164276
0.183098
0.226133
0.395654
0.662
0.287462
0.591016
0.456015
0.176357
0.213575
0.40849
0.137654
0.283267
0.215247
0.265821
0.156665
0.109775
0.662
0.237942
0.533281
0.139436
0.398649
0.182858
0.465191
0.351028
0.10631
0.411735
0.362891
0.00819952
0.227264
0.318589
0.0220132
0.130797
0.0950882
0.165646
0.327065
0.159632
0.110946
0.100936
0.233214
0.229664
0.0876462
0.0319234
0.127107
0.662
0.0806049
0.0886374
0.561088
0.20602
0.0570345
0.04987
0.133534
0.608757
0.224184
0.405791
0.662
0.662
0.0895093
0.0886053
0.379116
0.0263529
0.1937
0.206634
0.187063
0.10725
0.583471
0.164108
0.539113
0.11133
0.662
0.163835
0.331743
0.337002
0.662
0.18272
0.662
0.110602
0.0822634
0.245569
0.492893
0.148624
0.148104
0.357832
0.146634
0.585416
0.256162
0.125316
0.35262
0.320274
0.662
0.0553935
0.662
0.0956188
0.444492
0.335509
0.0258775
0.0916164
0.0713718
0.205366
0.0597278
0.604036
0.106744
0.454623
0.662
0.305514
0.455732
0.662
0.442861
0.0764313
0.220199
0.556226
0.662
0.318587
0.280389
0.081334
0.357295
0.662
0.224764
0.114426
0.0458039
0.308226
0.192236
0.115664
0.662
0.121762
0.435764
0.250225
0.264214
0.0577771
0.145567
0.163495
0.330016
0.184554
0.662
0.0396161
0.189745
0.662
0.240445
0.436692
0.662
0.0996296
0.0884223
0.0723001
0.0502526
0.207444
0.0706757
0.175292
0.0786069
0.204842
0.199902
0.105097
0.580029
0.159979
0.233862
0.120988
0.0817883
0.161942
0.184041
0.298891
0.112605
0.662
0.384932
0.283497
0.197231
0.435853
0.0967109
0.298436
0.424059
0.121536
0.435901
0.258186
0.0527711
0.298421
0.0975743
0.323405
0.429088
0.15237
0.144263
0.662
0.254245
0.662
0.115245
0.133373
0.662
0.409383
0.662
0.158929
0.270268
0.118502
0.662
0.313486
0.244083
0.256458
0.662
0.0634511
0.216522
0.0491041
0.613565
0.662
0.151035
0.013375
0.606037
0.329734
0.112809
0.0959587
0.30066
0.662
0.125276
0.196942
0.116653
0.27997
0.362299
0.0759959
0.0682949
0.662
0.0113141
0.134082
0.0927748
0.117751
0.0304656
0.468145
0.227683
0.430559
0.269564
0.0730291
0.107499
0.0714724
0.0540183
0.662
0.315732
0.068981
0.269505
0.323746
0.461824
0.250551
0.314599
0.214304
0.120155
0.0974391
0.195664
0.170708
0.662
0.352832
0.0559627
0.196627
0.30999
0.0618895
0.0830123
0.662
0.0631964
0.400573
0.165544
0.500201
0.460326
0.588701
0.650207
0.662
0.150462
0.624509
0.0753928
0.580248
0.0937055
0.291818
0.662
0.0932149
0.662
0.332729
0.144648
0.111532
0.196488
0.662
0.137938
0.311786
0.0434928
0.0432697
0.0612289
0.110424
0.112803
0.153158
0.199854
0.33087
0.179978
0.418295
0.662
0.507967
0.0516406
0.545172
0.0605401
0.259891
0.662
0.164833
0.0908226
0.217723
0.378895
0.100235
0.15112
0.544297
0.136868
0.160532
0.662
0.0565378
0.662
0.0877952
0.662
0.117952
0.00352654
0.326671
0.168135
0.161776
0.662
0.0289317
0.191639
0.397925
0.383302
0.400714
0.331523
0.193905
0.0867353
0.261185
0.0493984
0.0663251
0.194533
0.662
0.446221
0.662
0.496023
0.178081
0.662
0.492119
0.217889
0.385664
0.214007
0.0904741
0.215327
0.17366
0.662
0.42611
0.567424
0.434073
0.106741
0.662
0.357371
0.245208
0.192388
0.198881
0.0483137
0.0313624
0.0992325
0.106945
0.405669
0.14073
0.221956
0.238492
0.428182
0.263397
0.365986
0.057078
0.453288
0.101764
0.15937
0.348374
0.162779
0.337296
0.0851971
0.40496
0.074142
0.0665029
0.511347
0.281279
0.277939
0.351425
0.0846721
0.303027
0.662
0.175274
0.236702
0.45071
0.0864733
0.265094
0.542054
0.662
0.662
0.147744
0.162373
0.167369
0.0595971
0.0278473
0.662
0.472274
0.365517
0.0969247
0.219147
0.146362
0.0553984
0.0941114
0.190554
0.132788
0.0452859
0.48605
0.296865
0.233722
0.0971126
0.662
0.0994563
0.415057
0.490643
0.589128
0.428757
0.100147
0.0606812
0.105409
0.0657073
0.162671
0.662
0.0650898
0.219153
0.363579
0.161205
0.357514
0.103119
0.662
0.133824
0.231014
0.0941233
0.210503
0.466689
0.383634
0.105516
0.155152
0.291274
0.0962239
0.15937
0.155434
0.114427
0.131174
0.109554
0.060993
0.195875
0.0734261
0.662
0.141117
0.120499
0.113581
0.0490355
0.166635
0.101436
0.276513
0.191425
0.249631
0.0488431
0.165243
0.0458021
0.098488
0.200051
0.0907714
0.322599
0.115537
0.0107893
0.120636
0.250172
0.28085
0.402275
0.256708
0.19852
0.261392
0.00666374
0.424695
0.217777
0.507487
0.171724
0.0665247
0.0358198
0.345899
0.13762
0.0978035
0.232012
0.132263
0.238291
0.662
0.227785
0.131013
0.0814518
0.0901789
0.0708289
0.662
0.00230004
0.132142
0.0342128
0.434644
0.102781
0.208949
0.550765
0.252319
0.0995741
0.460578
0.662
0.662
0.12509
0.300192
0.236054
0.618127
0.175698
0.485613
0.108482
0.271872
0.443981
0.0847759
0.199568
0.123477
0.0546022
0.32345
0.485058
0.0724677
0.253451
0.0593691
0.594322
0.33191
0.114253
0.119
0.23426
0.0584277
0.174169
0.0382882
0.306128
0.2082
0.307893
0.0834825
0.204357
0.192882
0.662
0.427868
0.166275
0.348086
0.53689
0.338082
0.487557
0.247272
0.219305
0.246547
0.0926791
0.0754326
0.159838
0.180642
0.478882
0.159032
0.0729791
0.24075
0.578079
0.0570965
0.0658805
0.37852
0.196511
0.662
0.342917
0.0505486
0.543961
0.262532
0.662
0.238773
0.191602
0.199308
0.236022
0.071926
0.173185
0.662
0.0758554
0.0896249
0.0667415
0.662
0.348171
0.2305
0.662
0.159742
0.120921
0.119215
0.0475344
0.328384
0.0271649
0.373216
0.23681
0.434485
0.147467
0.0696472
0.662
0.137075
0.0727945
0.0896601
0.0602626
0.0470544
0.312761
0.0883506
0.0211744
0.166648
0.108622
0.662
0.662
0.192484
0.316164
0.132655
0.186437
0.0700984
0.662
0.209935
0.0620561
0.0357583
0.662
0.0880186
0.106102
0.371423
0.662
0.0205102
0.120769
0.473036
0.46784
0.507142
0.0994298
0.662
0.662
0.124205
0.340863
0.126494
0.171433
0.313001
0.662
0.242388
0.0996144
0.209164
0.339985
0.564685
0.591726
0.11823
0.196883
0.0730555
0.662
0.0925588
0.117392
0.251886
0.104668
0.177757
0.100719
0.127499
0.391952
0.0872069
0.412938
0.137116
0.126364
0.243388
0.367144
0.305281
0.0580766
0.0821946
0.111245
0.128417
0.662
0.27603
0.166776
0.232955
0.284903
0.408979
0.0789123
0.0908919
0.494124
0.111424
0.112939
0.107853
0.0897483
0.0796792
0.662
0.63327
0.253764
0.0851333
0.495215
0.0802558
0.348451
0.458702
0.192849
0.559094
0.662
0.0193054
0.00675753
0.00736688
0.26291
0.385801
0.0530105
0.122919
0.218788
0.509864
0.436129
0.0752674
0.16587
0.129848
0.314256
0.37618
0.0993371
0.353334
0.507717
0.314402
0.60316
0.175391
0.110362
0.0833606
0.616129
0.0888526
0.662
0.0496601
0.17018
0.662
0.174707
0.662
0.208949
0.0973474
0.122464
0.123905
0.236646
0.0174873
0.0765178
0.168214
0.662
0.0807475
0.398478
0.144652
0.273912
0.110888
0.119831
0.154671
0.313744
0.0766219
0.0915354
0.436752
0.0609353
0.0582846
0.338426
0.103163
0.662
0.0254896
0.315145
0.662
0.591147
0.125635
0.138372
0.134689
0.268644
0.228573
0.198853
0.355981
0.105335
0.434323
0.0537992
0.133801
0.344367
0.230484
0.0850266
0.0702513
0.246358
0.125886
0.112578
0.122933
0.0845374
0.346958
0.0154398
0.0966754
0.662
0.178781
0.0926697
0.28852
0.181196
0.231044
0.207932
0.266332
0.0678511
0.196053
0.148636
0.395009
0.0706759
0.128114
0.155634
0.352949
0.0768814
0.322361
0.284908
0.0589548
0.245106
0.247079
0.0713698
0.190279
0.437652
0.484588
0.164303
0.662
0.11081
0.64677
0.119051
0.0545117
0.170529
0.16766
0.294282
0.585896
0.115607
0.250754
0.0918147
0.388934
0.0982993
0.52409
0.662
0.662
0.0451329
0.200715
0.406111
0.434608
0.0423246
0.0825229
0.177154
0.346527
0.303999
0.24626
0.662
0.278094
0.422047
0.616177
0.662
0.0735122
0.0209983
0.204942
0.519418
0.280387
0.443207
0.662
0.103172
0.368762
0.281488
0.0656664
0.662
0.204037
0.090911
0.335594
0.0730041
0.0621372
0.0254933
0.267235
0.0855551
0.573331
0.112106
0.0539857
0.662
0.662
0.374433
0.24084
0.294524
0.662
0.1909
0.365361
0.104266
0.0277703
0.25974
0.204299
0.128735
0.10795
0.147543
0.246772
0.567803
0.305502
0.662
0.0920516
0.0177328
0.274915
0.0631022
0.47381
0.187882
0.516863
0.620982
0.0855619
0.0825897
0.195018
0.662
0.0757661
0.0944923
0.0435325
0.112075
0.274108
0.128426
0.179127
0.173647
0.662
0.662
0.0618094
0.433534
0.169554
0.591603
0.098465
0.210411
0.0773524
0.316895
0.0667976
0.18717
0.00991221
0.0713096
0.662
0.0558199
0.345586
0.391688
0.118071
0.113662
0.505792
0.119367
0.377413
0.212206
0.354037
0.0543972
0.102021
0.0895203
0.182666
0.297205
0.222788
0.23869
0.0714345
0.195245
0.240357
0.0674897
0.27605
0.18183
0.514094
0.147478
0.248716
0.24481
0.180232
0.662
0.26733
0.629431
0.416434
0.662
0.339768
0.337124
0.234598
0.147253
0.303422
0.1563
0.29384
0.176828
0.29941
0.451256
0.160856
0.224719
0.635563
0.364778
0.0800379
0.105969
0.1317
0.0974478
0.662
0.542996
0.224897
0.119291
0.5261
0.119377
0.148637
0.315652
0.519413
0.662
0.204726
0.22643
0.276613
0.136649
0.637344
0.283484
0.569274
0.383607
0.075801
0.352214
0.12184
0.246754
0.571444
0.0781259
0.154882
0.36507
0.210151
0.417814
0.157185
0.662
0.526925
0.103491
0.662
0.230444
0.662
0.340306
0.148138
0.334896
0.662
0.240627
0.493337
0.170728
0.207448
0.662
0.662
0.225514
0.16729
0.266234
0.161971
0.662
0.106242
0.355857
0.206027
0.662
0.210885
0.139409
0.128438
0.0466211
0.17304
0.0909784
0.0874507
0.377154
0.0514257
0.223067
0.11289
0.306907
0.409148
0.440098
0.662
0.638269
0.159066
0.130886
0.135229
0.341695
0.131104
0.0912946
0.0412421
0.141962
0.0831927
0.149723
0.311463
0.345974
0.662
0.497348
0.324808
0.0859231
0.0633095
0.386872
0.271111
0.233433
0.158826
0.193317
0.466342
0.263052
0.662
0.662
0.411263
0.116504
0.662
0.194528
0.0899635
0.310426
0.466419
0.386534
0.278934
0.0613922
0.125711
0.559768
0.233631
0.112689
0.447833
0.235735
0.0955258
0.126863
0.31161
0.230788
0.267488
0.278898
0.109764
0.106886
0.101933
0.117209
0.267744
0.121907
0.411249
0.662
0.0799237
0.105211
0.303201
0.561314
0.250062
0.364386
0.168035
0.105224
0.0669607
0.161389
0.141656
0.199632
0.0824657
0.141033
0.627102
0.0679442
0.100068
0.137855
0.662
0.662
0.0832692
0.0582585
0.200909
0.516658
0.247529
0.445382
0.161836
0.111653
0.364158
0.125595
0.0151314
0.199205
0.53015
0.220816
0.589071
0.127017
0.130117
0.177781
0.357044
0.137948
0.0954757
0.114934
0.662
0.624065
0.135218
