0.108693
0.48139
0.149042
0.256504
0.0424697
0.102822
0.65097
0.458547
0.458205
0.11614
0.662
0.212553
0.653361
0.553671
0.239343
0.265735
0.0912588
0.0132657
0.1122
0.507919
0.662
0.562746
0.295367
0.284427
0.632276
0.342763
0.396716
0.0922527
0.43429
0.236722
0.247106
0.662
0.626977
0.488792
0.119586
0.116806
0.662
0.662
0.294853
0.460628
0.257606
0.662
0.662
0.0536572
0.188483
0.0655674
0.150298
0.662
0.311356
0.313631
0.370075
0.0529892
0.28672
0.086469
0.370506
0.355153
0.454664
0.275217
0.379191
0.190655
0.128899
0.589051
0.15819
0.237302
0.183054
0.430102
0.382323
0.427923
0.540961
0.104101
0.189846
0.342713
0.0415585
0.148126
0.662
0.134652
0.0177017
0.381657
0.0315667
0.0881375
0.0610478
0.120532
0.412403
0.039661
0.171657
0.0290054
0.315536
0.206308
0.0936775
0.108757
0.0611651
0.013216
0.0657156
0.202746
0.490915
0.283949
0.208926
0.298091
0.106075
0.0145068
0.29061
0.243085
0.0548887
0.136523
0.192634
0.201397
0.0527233
0.108569
0.36345
0.160945
0.052223
0.202143
0.161223
0.30422
0.662
0.128096
0.339673
0.0365412
0.197798
0.0741313
0.146549
0.0692739
0.428021
0.280464
0.392897
0.662
0.187283
0.0666903
0.178384
0.662
0.058159
0.081271
0.581471
0.233183
0.10835
0.578339
0.11623
0.125913
0.14536
0.1701
0.227799
0.472353
0.273294
0.0727241
0.0477584
0.164453
0.662
0.0470942
0.232455
0.266462
0.103163
0.215527
0.662
0.540452
0.420614
0.166485
0.0390158
0.110218
0.0954154
0.161799
0.00358291
0.382083
0.228252
0.662
0.0549289
0.137519
0.391549
0.0341306
0.230037
0.037135
0.156983
0.0798925
0.0790559
0.215404
0.37877
0.12269
0.0060045
0.568309
0.649231
0.120056
0.125856
0.472521
0.44571
0.254148
0.250736
0.197828
0.662
0.403554
0.275235
0.662
0.158889
0.334807
0.0618578
0.325193
0.0509368
0.238492
0.0167957
0.239777
0.0865444
0.142009
0.0662242
0.181847
0.116486
0.331108
0.251872
0.565696
0.451698
0.194696
0.279685
0.662
0.3309
0.266309
0.382462
0.0447525
0.0885478
0.0635253
0.562469
0.343609
0.0516604
0.662
0.119603
0.123317
0.0882264
0.186924
0.0773515
0.0955682
0.168598
0.0688532
0.337709
0.124975
0.0546748
0.12628
0.662
0.662
0.305363
0.0417864
0.662
0.0949099
0.361231
0.365219
0.52803
0.367037
0.204945
0.31257
0.372966
0.060827
0.0642867
0.662
0.0864535
0.173427
0.224979
0.0257328
0.0830421
0.234219
0.0516635
0.0908952
0.0656401
0.224228
0.153501
0.662
0.601211
0.236499
0.140776
0.13884
0.120577
0.208808
0.279651
0.662
0.136534
0.236318
0.392499
0.662
0.211257
0.120039
0.253703
0.143204
0.157967
0.209939
0.454244
0.178381
0.263933
0.169146
0.16159
0.256671
0.487995
0.44622
0.0893413
0.662
0.129005
0.14808
0.0911083
0.169411
0.417308
0.439017
0.662
0.271715
0.126942
0.606082
0.166444
0.119162
0.0546287
0.271141
0.0842141
0.134526
0.0776158
0.160217
0.503625
0.345276
0.113756
0.198887
0.254867
0.378627
0.0541478
0.1417
0.135662
0.151184
0.0908007
0.101038
0.13529
0.453034
0.573901
0.523903
0.201771
0.0980184
0.501465
0.426007
0.0773684
0.662
0.662
0.3727
0.279283
0.170752
0.416878
0.516207
0.583898
0.0786911
0.360948
0.385078
0.0522389
0.33153
0.136282
0.440483
0.218439
0.146139
0.56973
0.268644
0.428327
0.464296
0.584117
0.43964
0.329609
0.0810165
0.383227
0.0753269
0.0827135
0.662
0.30203
0.155945
0.0883049
0.130425
0.213062
0.662
0.0902438
0.662
0.488921
0.471922
0.662
0.0542219
0.0587489
0.286123
0.193799
0.0613827
0.177622
0.363821
0.188873
0.662
0.578275
0.213873
0.107643
0.168408
0.0595858
0.641343
0.20114
0.279494
0.422934
0.426522
0.0511117
0.588937
0.105858
0.337883
0.525559
0.0298205
0.0486977
0.292463
0.519426
0.0466897
0.0763004
0.281653
0.222244
0.290089
0.662
0.0605183
0.140843
0.191799
0.160489
0.0954498
0.200239
0.126425
0.201758
0.0035736
0.114635
0.131169
0.0969502
0.0597
0.662
0.124479
0.0323602
0.0101077
0.256509
0.0744706
0.0979247
0.309866
0.388885
0.248068
0.0637111
0.0460782
0.345596
0.662
0.401424
0.564609
0.0631441
0.216759
0.355329
0.579067
0.28673
0.662
0.106266
0.130089
0.662
0.363188
0.662
0.15999
0.0754694
0.415477
0.301364
0.0464075
0.0646264
0.39456
0.23839
0.662
0.326746
0.449575
0.319849
0.638255
0.662
0.659722
0.135306
0.242393
0.554727
0.35701
0.143487
0.340413
0.0422363
0.0809648
0.549498
0.115201
0.295109
0.536645
0.315752
0.510187
0.140825
0.144021
0.662
0.117772
0.554006
0.0344032
0.24617
0.0889548
0.565787
0.631798
0.198332
0.0270344
0.120994
0.366508
0.0440589
0.644019
0.335897
0.0493065
0.514391
0.662
0.356103
0.330584
0.0787968
0.13035
0.662
0.10416
0.057086
0.0675074
0.364235
0.603433
0.486662
0.0939512
0.196803
0.31631
0.618214
0.134741
0.171202
0.0444939
0.662
0.359945
0.118756
0.114775
0.24227
0.662
0.201627
0.308201
0.458319
0.662
0.190359
0.228595
0.513655
0.662
0.350626
0.0567957
0.497817
0.662
0.196996
0.315184
0.182022
0.344167
0.227195
0.0482743
0.0457977
0.106802
0.550748
0.662
0.0616481
0.662
0.204695
0.221288
0.0835013
0.236719
0.122833
0.249455
0.142699
0.0221241
0.662
0.307843
0.466428
0.371252
0.0696101
0.0766002
0.0872162
0.496934
0.0644078
0.035616
0.186419
0.369846
0.413942
0.0994969
0.0671426
0.277423
0.551562
0.0490565
0.290783
0.1399
0.109862
0.165097
0.574599
0.622385
0.103801
0.0685356
0.503663
0.211004
0.0664005
0.0923655
0.0593319
0.0189864
0.662
0.145367
0.377258
0.180664
0.152358
0.196378
0.298246
0.461099
0.302513
0.662
0.131197
0.46886
0.11253
0.183702
0.00473742
0.1813
0.160815
0.160585
0.662
0.662
0.0553546
0.662
0.0601149
0.247029
0.203051
0.227767
0.252231
0.338147
0.0906666
0.662
0.273488
0.232242
0.0994608
0.231829
0.464289
0.0319911
0.599152
0.596213
0.428108
0.147317
0.123006
0.117062
0.563932
0.502347
0.246166
0.618326
0.214372
0.475462
0.281572
0.199617
0.185326
0.22931
0.0432933
0.135532
0.421763
0.460077
0.0751123
0.306325
0.406851
0.310298
0.11497
0.635783
0.310954
0.350694
0.440609
0.517737
0.254629
0.149975
0.223481
0.627958
0.0745206
0.605719
0.2282
0.0147111
0.148319
0.289242
0.0774659
0.582209
0.520697
0.490849
0.00956923
0.148712
0.45903
0.204325
0.0615293
0.10503
0.00999559
0.151268
0.0726811
0.123105
0.12565
0.524275
0.307092
0.662
0.662
0.62355
0.245414
0.334982
0.0791962
0.516977
0.662
0.160355
0.0282872
0.12606
0.381815
0.0232753
0.126443
0.426929
0.430252
0.342369
0.0744705
0.0935083
0.328697
0.426549
0.15786
0.252583
0.256974
0.424353
0.0672098
0.121309
0.146626
0.0461735
0.662
0.202007
0.226259
0.395424
0.355977
0.19599
0.594485
0.662
0.662
0.115041
0.297262
0.207792
0.230582
0.610347
0.488739
0.103386
0.417972
0.374661
0.560698
0.481557
0.662
0.318143
0.0646186
0.0670405
0.476372
0.198849
0.197807
0.274071
0.0609795
0.0374144
0.127284
0.111521
0.112845
0.619892
0.143137
0.207116
0.662
0.355347
0.222
0.246452
