0.0786054
0.662
0.662
0.117838
0.0270344
0.133193
0.233628
0.492516
0.467382
0.123633
0.344167
0.236225
0.45873
0.20076
0.115918
0.413184
0.118866
0.232455
0.201341
0.0967745
0.201771
0.11497
0.140485
0.414208
0.166145
0.662
0.306421
0.109172
0.179223
0.147484
0.0827135
0.381692
0.262352
0.396679
0.0206554
0.243943
0.518685
0.617854
0.131856
0.662
0.373626
0.662
0.240671
0.213958
0.116806
0.247929
0.3309
0.281653
0.260024
0.0451838
0.662
0.140104
0.162583
0.0630213
0.458735
0.367526
0.662
0.31631
0.0532938
0.047557
0.472123
0.191248
0.279651
0.350928
0.152633
0.209303
0.120947
0.0894491
0.205124
0.15579
0.662
0.326224
0.181847
0.121752
0.254052
0.343475
0.206332
0.422934
0.365272
0.162998
0.122624
0.588937
0.464248
0.164671
0.210505
0.662
0.100044
0.318353
0.127979
0.583898
0.0853796
0.662
0.603024
0.188814
0.629797
0.181664
0.107842
0.662
0.266667
0.132111
0.483842
0.256489
0.117324
0.0060045
0.194116
0.639797
0.171339
0.662
0.135642
0.0972457
0.330136
0.250341
0.148126
0.179369
0.0609321
0.0209577
0.601211
0.297673
0.662
0.180545
0.183864
0.140776
0.13884
0.31886
0.181202
0.19394
0.539778
0.249745
0.332111
0.298901
0.166444
0.662
0.283272
0.208151
0.662
0.00214559
0.186233
0.662
0.100149
0.464296
0.501433
0.138164
0.120127
0.0612767
0.044827
0.314048
0.361864
0.510636
0.329166
0.382462
0.147074
0.625615
0.447522
0.651558
0.0845935
0.267774
0.0960918
0.131178
0.100419
0.037135
0.277439
0.38466
0.134186
0.109518
0.129826
0.662
0.498769
0.662
0.662
0.0517563
0.224527
0.560619
0.131418
0.158251
0.659722
0.0667925
0.662
0.662
0.0502227
0.0465461
0.224228
0.153501
0.36163
0.150827
0.133282
0.0464334
0.199617
0.0285046
0.662
0.137501
0.261366
0.155977
0.391924
0.142315
0.209131
0.106806
0.583343
0.257084
0.250384
0.145709
0.45611
0.319519
0.566959
0.0477584
0.662
0.0491667
0.0505275
0.646843
0.530178
0.175853
0.662
0.0798925
0.383888
0.662
0.576969
0.662
0.102554
0.403541
0.537529
0.0427883
0.0696628
0.0623008
0.111368
0.472353
0.0784871
0.349305
0.629496
0.662
0.19889
0.662
0.320736
0.0449246
0.662
0.262184
0.106724
0.220166
0.662
0.303704
0.119586
0.0589516
0.581471
0.662
0.662
0.396087
0.515354
0.662
0.260349
0.102119
0.662
0.10472
0.628204
0.0197764
0.662
0.482463
0.358171
0.28068
0.662
0.26474
0.447796
0.37016
0.113427
0.662
0.662
0.0908007
0.140843
0.662
0.196905
0.359899
0.412018
0.347913
0.057815
0.458205
0.0307811
0.06051
0.158889
0.161483
0.160489
0.375855
0.251154
0.619892
0.42493
0.661807
0.0135855
0.662
0.280645
0.238026
0.0586603
0.19092
0.493131
0.0906651
0.584117
0.120037
0.197798
0.00426829
0.0741313
0.192788
0.47881
0.118988
0.209831
0.271447
0.662
0.0247921
0.0480523
0.662
0.251022
0.0939512
0.120319
0.195565
0.215287
0.120497
0.105743
0.63351
0.0808416
0.662
0.160355
0.563113
0.367518
0.0635253
0.610895
0.0363715
0.339605
0.127578
0.662
0.313057
0.502002
0.662
0.11771
0.300799
0.216221
0.283657
0.217631
0.344874
0.369058
0.121491
0.165002
0.0900803
0.348627
0.346956
0.303749
0.442344
0.0855903
0.185423
0.157244
0.16887
0.151602
0.413368
0.0684807
0.0324773
0.274992
0.049822
0.313691
0.1833
0.499457
0.662
0.17253
0.233402
0.662
0.0914832
0.568309
0.458498
0.612294
0.185976
0.383357
0.163248
0.293886
0.319313
0.380824
0.58663
0.662
0.115821
0.0453463
0.584767
0.150059
0.662
0.27465
0.123105
0.30422
0.447714
0.0688532
0.371531
0.124079
0.25801
0.662
0.0759363
0.662
0.0999217
0.12181
0.662
0.182065
0.635755
0.662
0.353839
0.286123
0.206856
0.490849
0.161379
0.116125
0.0741455
0.239564
0.662
0.657908
0.181883
0.393695
0.0889548
0.24943
0.202921
0.0768186
0.100083
0.425667
0.0600438
0.148877
0.101038
0.187586
0.55969
0.12269
0.250813
0.205559
0.438165
0.166485
0.0390158
0.368932
0.662
0.657238
0.0554739
0.662
0.230421
0.662
0.0585954
0.178381
0.096447
0.0838981
0.551002
0.0664435
0.631999
0.588936
0.0716701
0.662
0.513655
0.662
0.220813
0.149328
0.0304152
0.0679906
0.662
0.643315
0.343943
0.352463
0.662
0.180346
0.662
0.662
0.0927515
0.155507
0.264475
0.662
0.144704
0.0527229
0.662
0.132366
0.0691433
0.596811
0.198044
0.0622439
0.163944
0.625774
0.662
0.304607
0.227943
0.342818
0.27514
0.0631441
0.164875
0.364428
0.662
0.461237
0.265125
0.0672713
0.234537
0.457752
0.178208
0.358499
0.414031
0.127451
0.0723428
0.0501519
0.374661
0.516166
0.0776062
0.132193
0.299884
0.200643
0.129233
0.145066
0.222925
0.662
0.662
0.177758
0.206901
0.209412
0.0583172
0.13124
0.0597
0.201873
0.0526213
0.200373
0.16553
0.437138
0.0612941
0.1036
0.0541996
0.105992
0.0781999
0.0759841
0.462901
0.454664
0.247106
0.155425
0.626879
0.326998
0.662
0.0282938
0.469295
0.180536
0.0936775
0.120165
0.418623
0.211004
0.262917
0.220337
0.662
0.0826513
0.16171
0.389001
0.662
0.0959569
0.134818
0.428637
0.162673
0.257223
0.211179
0.283122
0.275036
0.204325
0.0954058
0.11253
0.239292
0.155648
0.534154
0.233738
0.428108
0.1794
0.321906
0.448476
0.1707
0.18273
0.578464
0.290089
0.0655737
0.0945144
0.417245
0.552604
0.451443
0.264206
0.545911
0.138043
0.137519
0.119708
0.0955375
0.114635
0.151828
0.0923105
0.162392
0.12606
0.221288
0.0861919
0.137104
0.662
0.151515
0.469553
0.296669
0.0555185
0.167879
0.185725
0.165954
0.057086
0.254629
0.290783
0.662
0.000249243
0.225481
0.000339156
0.139253
0.123304
0.279494
0.301521
0.232549
0.350626
0.205548
0.239343
0.0655674
0.637758
0.204443
0.662
0.662
0.138169
0.132029
0.500025
0.291498
0.329609
0.11019
0.662
0.662
0.105285
0.311992
0.217644
0.119086
0.31973
0.363256
0.0635095
0.163952
0.329823
0.0664652
0.307843
0.420336
0.130686
0.034496
0.0159267
0.0604182
0.0916635
0.6547
0.142506
0.170644
0.228662
0.450317
0.238055
0.12228
0.345813
0.104097
0.254709
0.118302
0.29061
0.428992
0.300644
0.411201
0.08944
0.312285
0.28869
0.518463
0.662
0.188897
0.153096
0.0817382
0.507876
0.100505
0.423545
0.087143
0.0741748
0.0787968
0.0554944
0.272513
0.662
0.0685356
0.466428
0.662
0.0975255
0.151125
0.254867
0.102189
0.0917904
0.32567
0.290086
0.142699
0.0981016
0.227213
0.37802
0.0987568
0.226785
0.131569
0.0816357
0.0883049
0.131546
0.157004
0.105239
0.662
0.337559
0.662
0.0374057
0.246858
0.212436
0.106277
0.603433
0.662
0.214008
0.662
0.0574625
0.233182
0.662
0.521148
0.112585
0.286649
0.183556
0.35701
0.34753
0.191069
0.662
0.0425282
0.0564695
0.232551
0.443299
0.210689
0.0154916
0.229747
0.662
0.25289
0.318907
0.156259
0.0540088
0.219403
0.0249572
0.560595
0.023382
0.196977
0.56973
0.268644
0.634587
0.428283
0.160945
0.662
0.29654
0.076752
0.461099
0.251027
0.0776158
0.165174
0.144296
0.364235
0.662
0.117062
0.0442487
0.289242
0.183116
0.105245
0.242515
0.0616181
0.161223
0.104842
0.662
0.10606
0.597201
0.119875
0.228989
0.217139
0.481557
0.662
0.258908
0.240249
0.0587489
0.472271
0.181415
0.0774659
0.326499
0.139891
0.0660424
0.0398866
0.62609
0.662
0.243304
0.425448
0.316839
0.240593
0.396105
0.0348807
0.0911888
0.444738
0.465677
0.119917
0.106671
0.0791505
0.569041
0.460077
0.662
0.0717619
0.181749
0.561417
0.231666
0.0988456
0.42811
0.662
0.0996439
0.104487
0.662
0.287402
0.395128
0.207481
0.562966
0.570809
0.186502
0.0294482
0.0680813
0.186129
0.136374
0.268743
0.218399
0.035546
0.180114
0.225837
0.067907
0.0951545
0.572296
0.217339
0.662
0.216128
0.224856
0.202143
0.241347
0.315573
0.286382
0.662
0.0175
0.509918
0.0233335
0.384475
0.0460655
0.16445
0.0722427
0.123879
0.371774
0.0593943
0.0320308
0.219215
0.662
0.449299
0.528617
0.123088
0.243543
0.356432
0.109284
0.0278647
0.0766182
0.12936
0.309866
0.244789
0.230037
0.662
0.344859
0.0193459
0.374752
0.662
0.181036
0.147958
0.662
0.216509
0.201397
0.662
0.0948589
0.13122
0.120056
0.337961
0.323626
0.121899
0.293044
0.135433
0.267215
0.129736
0.0442657
0.147514
0.258756
0.0530832
0.189876
0.473548
0.112846
0.609935
0.329412
0.0706993
0.151987
0.168265
0.253703
0.0758427
0.287682
0.662
0.136043
0.525348
0.104214
0.662
0.413308
0.110778
0.328038
0.662
0.250736
0.662
0.662
0.392984
0.0612037
0.0875186
0.106093
0.662
0.572005
0.273187
0.307652
0.108352
0.646814
0.662
0.0127501
0.212845
0.627026
0.108693
0.0131081
0.43411
0.662
0.145367
0.536645
0.223596
0.222774
0.178989
0.137952
0.121374
0.211786
0.292716
0.617754
0.0458534
0.295367
0.198887
0.441563
0.149959
0.105189
0.208392
0.0611651
0.153615
0.270713
0.135891
0.203325
0.495042
0.460236
0.0269956
0.0840735
0.0887876
0.108452
0.231699
0.0943415
0.0872209
0.0180094
0.168122
0.0825713
0.583196
0.223279
0.0859022
0.236499
0.139051
0.143137
0.458704
0.282738
0.0776461
0.0998402
0.184257
0.202007
0.0444634
0.0908447
0.588199
0.21795
0.0356134
0.160197
0.0922052
0.0481357
0.222031
0.476686
0.150443
0.183261
0.196284
0.199794
0.398671
0.0722888
0.662
0.0343758
0.323333
0.442669
0.106585
0.293926
0.0746265
0.294309
0.217503
0.466625
0.232094
0.0894472
0.13585
0.237681
0.19977
0.108395
0.1569
0.15489
0.653361
0.266309
0.0640166
0.150687
0.122733
0.0810204
0.160031
0.0152332
0.107716
0.222208
0.150138
0.381508
0.662
0.149042
0.331033
0.141332
0.343609
0.0725825
0.0695965
0.0759077
0.152436
0.0779507
0.255943
0.183114
0.198419
0.384655
0.256138
0.0997428
0.539718
0.174371
0.125363
0.187302
0.199462
0.321959
0.0656111
0.139844
0.0875664
0.448354
0.162994
0.0670405
0.662
0.333004
0.0469456
0.115833
0.0927236
0.450576
0.662
0.110339
0.292456
0.14695
0.115077
0.422765
0.416636
0.112075
0.117456
0.0893911
0.180823
0.0677291
0.308704
0.391622
0.0549055
0.0928386
0.21732
0.622811
0.117814
0.0948632
0.636695
0.15611
0.367037
0.662
0.306325
0.406851
0.0725266
0.137494
0.27182
0.562469
0.398295
0.196805
0.0722793
0.25817
0.122495
0.28928
0.125235
0.224893
0.338748
0.297719
0.178475
0.163137
0.120506
0.148294
0.211241
0.258003
0.25503
0.464216
0.282522
0.343899
0.212498
0.123627
0.428476
0.506665
0.343098
0.253493
0.0620778
0.42739
0.251097
0.0571821
0.0822748
0.0564843
0.090043
0.0955298
0.662
0.0369548
0.662
0.0945036
0.662
0.400142
0.178825
0.252358
0.186892
0.237115
0.0662242
0.0825045
0.184161
0.662
0.308017
0.662
0.13827
0.177362
0.341053
0.146037
0.3149
0.0662935
0.207396
0.334227
0.409902
0.0630907
0.39437
0.233183
0.0928236
0.0705878
0.425829
0.243693
0.304955
0.278746
0.080376
0.14336
0.0762159
0.069473
0.057116
0.394501
0.0199436
0.292974
0.189435
0.574735
0.138656
0.147317
0.068872
0.263461
0.474021
0.070766
0.256637
0.447165
0.0374144
0.219276
0.279813
0.150274
0.335014
0.17583
0.662
0.197653
0.662
0.546966
0.157586
0.0577519
0.317502
0.662
0.662
0.0744804
0.662
0.0882896
0.617507
0.315184
0.199687
0.219271
0.662
0.115201
0.662
0.211504
0.207116
0.114389
0.169146
0.662
0.662
0.252466
0.115917
0.310298
0.168274
0.307114
0.224798
0.172893
0.185578
0.155254
0.662
0.102821
0.0966983
0.662
0.662
0.3663
0.135662
0.02576
0.146626
0.16742
0.0400739
0.0864535
0.0850104
0.648029
0.108704
0.495556
0.246903
0.134371
0.105281
0.633425
0.207513
0.280313
0.643782
0.198421
0.31257
0.334448
0.275511
0.180993
0.383736
0.196704
0.248068
0.644019
0.0288497
0.0857616
0.0871526
0.0850835
0.255599
0.113465
0.418307
0.488739
0.0621346
0.0873386
0.140559
0.139499
0.172832
0.545425
0.662
0.130869
0.119162
0.307945
0.326853
0.052825
0.277427
0.311602
0.0349644
0.10732
0.505147
0.260045
0.255051
0.282579
0.0188441
0.281332
0.662
0.284169
0.425727
0.662
0.494363
0.180876
0.325726
0.16056
0.251148
0.125929
0.352581
0.124366
0.151905
0.198747
0.142074
0.13665
0.129082
0.137772
0.0422366
0.0228606
0.602185
0.236873
0.0921006
0.0970633
0.135306
0.078596
0.0901267
0.0808835
0.618214
0.450366
0.133391
0.307146
0.390443
0.662
0.0776584
0.169596
0.445978
0.662
0.126942
0.503625
0.10207
0.162301
0.193097
0.662
0.352193
0.170182
0.597684
0.423205
0.075622
0.302513
0.102564
0.458547
0.0473525
0.351955
0.189471
0.357592
0.254294
0.190608
0.11115
0.0831678
0.208812
0.141988
0.536473
0.394128
0.111073
0.662
0.444227
0.130993
0.662
0.10621
0.662
0.604458
0.170695
0.078437
0.107828
0.662
0.269224
0.298091
0.178715
0.263336
0.201758
0.278649
0.266462
0.167569
0.0981629
0.278349
0.0237043
0.241871
0.306023
0.662
0.138126
0.411493
0.200207
0.186419
0.662
0.200975
0.212837
0.33027
0.454433
0.485772
0.215404
0.00159498
0.133503
0.097748
0.294963
0.192657
0.0981155
0.063899
0.0471145
0.602484
0.0349487
0.123967
0.662
0.613198
0.0874907
0.498006
0.114698
0.662
0.0730629
0.375542
0.0521933
0.149975
0.143398
0.056456
0.196501
0.182301
0.0908952
0.386301
0.662
0.571155
0.040105
0.31042
0.0704716
0.0512009
0.0638426
0.179629
0.433875
0.115607
0.191112
0.258782
0.413942
0.611881
0.161919
0.521363
0.24227
0.662
0.0297709
0.512641
0.120056
0.0858109
0.181635
0.0307369
0.177456
0.0775727
0.596213
0.224236
0.434166
0.184643
0.126498
0.205806
0.123756
0.421838
0.170143
0.0639225
0.662
0.558308
0.585535
0.233073
0.0309311
0.486054
0.0486567
0.0630429
0.0234041
0.662
0.0712351
0.133458
0.159495
0.156661
0.57498
0.0683958
0.464705
0.0348682
0.236626
0.0773515
0.400532
0.655169
0.486599
0.393804
0.121364
0.237735
0.216489
0.083181
0.297875
0.117201
0.662
0.662
0.128436
0.662
0.247182
0.662
0.0436217
0.29267
0.102268
0.207792
0.502478
0.228862
0.647165
0.233265
0.103161
0.662
0.662
0.10572
0.282459
0.186514
0.114804
0.363188
0.0588062
0.379093
0.662
0.662
0.252583
0.433078
0.039374
0.221303
0.392465
0.186143
0.35573
0.186148
0.0763076
0.0642789
0.0969991
0.648212
0.587974
0.174521
0.605989
0.549498
0.662
0.089329
0.431535
0.0694455
0.168598
0.128096
0.114671
0.147379
0.463943
0.358692
0.117651
0.434967
0.140862
0.271028
0.0549289
0.321279
0.0264242
0.0728845
0.166639
0.477005
0.16331
0.0844071
0.486366
0.662
0.12565
0.237643
0.438656
0.0529892
0.662
0.662
0.153317
0.323023
0.207684
0.662
0.0508958
0.302492
0.0727241
0.201212
0.305363
0.168907
0.0591636
0.161395
0.128957
0.124975
0.357278
0.487995
0.0512704
0.154703
0.330811
0.313033
0.662
0.342791
0.335603
0.295812
0.408872
0.0606193
0.588946
0.0684114
0.15999
0.353773
0.304101
0.481884
0.580022
0.525763
0.530445
0.481478
0.633694
0.293607
0.126017
0.426929
0.26935
0.191594
0.662
0.492831
0.106583
0.126666
0.161468
0.660929
0.112349
0.150871
0.230127
0.430668
0.386977
0.127357
0.28847
0.209146
0.161475
0.421164
0.365543
0.050225
0.288497
0.662
0.0378796
0.621136
0.0722409
0.0676059
0.417308
0.331321
0.152949
0.237238
0.279976
0.135104
0.273778
0.150295
0.0948639
0.251872
0.1555
0.110006
0.542063
0.390081
0.227093
0.44358
0.28881
0.263933
0.588065
0.0174927
0.662
0.149958
0.120604
0.234981
0.0715302
0.38331
0.178197
0.169814
0.662
0.212462
0.197367
0.276292
0.396729
0.113941
0.662
0.108901
0.211748
0.262115
0.249878
0.16782
0.138947
0.0338029
0.326746
0.0807178
0.220444
0.0521389
0.343719
0.152031
0.292054
0.0546748
0.538412
0.415121
0.142897
0.0746477
0.480991
0.28614
0.254148
0.662
0.0451324
0.0160123
0.088415
0.251283
0.171202
0.0829498
0.364835
0.0448608
0.62355
0.564595
0.452364
0.301445
0.0351224
0.163121
0.295787
0.136626
0.145867
0.0673719
0.178303
0.662
0.167061
0.173147
0.017516
0.121198
0.0763116
0.319226
0.269766
0.045184
0.117426
0.114821
0.260489
0.337709
0.190345
0.662
0.182586
0.113274
0.171533
0.622574
0.662
0.169292
0.408844
0.142203
0.207039
0.0189539
0.214706
0.662
0.422445
0.204893
0.227263
0.125913
0.150089
0.0772457
0.167184
0.201627
0.146961
0.239366
0.662
0.284064
0.662
0.394823
0.214276
0.224617
0.117192
0.371252
0.471058
0.142434
0.123728
0.242393
0.662
0.238522
0.148816
0.636969
0.335389
0.228081
0.275752
0.457073
0.251403
0.192299
0.176422
0.15059
0.662
0.0287736
0.0464075
0.385401
0.509543
0.45903
0.662
0.0726352
0.307584
0.329573
0.201083
0.415199
0.3727
0.013216
0.0727627
0.56602
0.058778
0.662
0.0271229
0.662
0.0140397
0.662
0.157947
0.46886
0.392897
0.0989975
0.166
0.383986
0.0636958
0.175673
0.0560949
0.191642
0.186514
0.181237
0.0802539
0.39608
0.32229
0.0242609
0.662
0.28024
0.181117
0.24766
0.100686
0.181374
0.662
0.662
0.207262
0.345596
0.553671
0.52226
0.229944
0.230704
0.662
0.526936
0.295047
0.662
0.165859
0.442348
0.0527692
0.509532
0.406122
0.094143
0.405395
0.171333
0.342763
0.155082
0.660276
0.0223765
0.662
0.325478
0.370953
0.662
0.0563541
0.662
0.662
0.209829
0.206933
0.202746
0.475924
0.465274
0.242607
0.660202
0.216716
0.501797
0.0524554
0.606661
0.415477
