0.356775
0.2448
0.248312
0.662
0.00890088
0.0622095
0.335361
0.214523
0.662
0.402927
0.129734
0.121215
0.0365946
0.236422
0.443634
0.230622
0.358455
0.101346
0.412725
0.312523
0.288142
0.351085
0.342515
0.371569
0.662
0.662
0.0665549
0.0753262
0.313113
0.254778
0.0167448
0.662
0.232478
0.0119932
0.334891
0.127842
0.51631
0.591665
0.662
0.200566
0.490901
0.195611
0.149521
0.0699441
0.658449
0.181112
0.0399836
0.630812
0.0911172
0.547437
0.662
0.238992
0.0423589
0.468173
0.517769
0.11016
0.662
0.226866
0.403907
0.437032
0.165585
0.0749713
0.662
0.139157
0.203818
0.584668
0.342268
0.0544441
0.543919
0.662
0.0378113
0.284004
0.607542
0.651179
0.30586
0.183777
0.567379
0.0883293
0.539776
0.443361
0.00255514
0.504967
0.121918
0.490155
0.494078
0.105228
0.170686
0.549612
0.234358
0.261393
0.5817
0.662
0.135896
0.0915708
0.117735
0.150345
0.310094
0.386639
0.385477
0.0582655
0.187543
0.400916
0.0249724
0.143253
0.0683534
0.464872
0.237921
0.0197093
0.371858
0.45431
0.11768
0.662
0.585284
0.0680576
0.106682
0.266619
0.106514
0.069782
0.154334
0.220879
0.144977
0.149217
0.662
0.12239
0.0934765
