0.145405
0.662
0.338321
0.42063
0.312697
0.0703704
0.292967
0.588147
0.0580559
0.662
0.267409
0.256964
0.118067
0.602355
0.163043
0.0461615
0.105291
0.552023
0.54718
0.377041
0.092618
0.0516864
0.320844
0.355412
0.662
0.662
0.662
0.507326
0.126104
0.127894
0.472888
0.500086
0.0465134
0.662
0.662
0.34884
0.169952
0.443909
0.207824
0.662
0.0439539
0.0853747
0.0258423
0.0731111
0.08671
0.0795327
0.250308
0.46073
0.300693
0.412054
0.332408
0.22996
0.13376
0.252375
0.425336
0.260297
0.147267
0.662
0.145594
0.0928544
0.605395
0.662
0.141844
0.490453
0.290537
0.591656
0.341899
0.390397
0.200288
0.662
0.0723428
0.0636402
0.313648
0.616652
0.608583
0.466273
0.041548
0.100802
0.662
0.101127
0.0875967
0.195093
0.166459
0.174829
0.122522
0.456116
0.307611
0.0823146
0.484403
0.0737096
0.0673461
0.228334
0.163941
0.157193
0.222465
0.662
0.414899
0.0745355
0.17788
0.117617
0.121348
0.339951
0.147624
0.311697
0.164013
0.149124
0.628338
0.0957844
0.224079
0.0273191
0.662
0.162796
0.662
0.243554
0.158857
0.586696
0.653814
0.235082
0.662
0.194489
0.345935
0.662
0.218443
0.446795
0.662
0.116876
0.662
0.0846148
0.0786591
0.0791018
0.0341566
0.0504738
0.310131
0.0839202
0.662
0.0973199
0.220622
0.0943411
0.662
0.0569585
0.0760775
0.389754
0.0712267
0.137511
0.239915
0.139109
0.0930114
0.0706571
0.322439
0.308211
0.12583
0.188794
0.289621
0.0526441
0.174805
0.115453
0.15543
0.662
0.321311
0.308063
0.393868
0.372157
0.12737
0.662
0.1484
0.151935
0.201393
0.134585
0.447194
0.0436886
0.06456
0.0943568
0.144568
0.244398
0.662
0.662
0.0917343
0.118891
0.0944882
0.348437
0.394584
0.461465
0.346895
0.590852
0.22652
0.276065
0.662
0.0466283
0.345765
0.428872
0.428787
0.290055
0.410897
0.180189
0.483398
0.258529
0.523053
0.212491
0.662
0.154769
0.662
0.176716
0.0671914
0.637991
0.055257
0.0176997
0.0908254
0.662
0.166129
0.196344
0.662
0.0673217
0.00846034
0.435596
0.0968658
0.588468
0.202905
0.01951
0.662
0.310825
0.427965
0.502429
0.15729
0.495409
0.364044
0.262895
0.176579
0.224639
0.662
0.223337
0.00823318
0.0800569
0.434673
0.0566902
0.119511
0.45095
0.421848
0.422699
0.18356
0.200226
0.230092
0.0948613
0.183583
0.46897
0.662
0.246306
0.0186388
0.0946644
0.305999
0.464926
0.242721
0.524901
0.15372
0.662
0.208725
0.13852
0.224377
0.139205
0.0687669
0.0990649
0.452071
0.0460928
0.236268
0.353483
0.4532
0.0556857
0.352342
0.143458
0.170489
0.0993454
0.0298138
0.205123
0.423772
0.0751862
0.248013
0.262147
0.046921
0.14725
0.662
0.0527666
0.0346215
0.640722
0.0818487
0.0761594
0.128375
0.124431
0.143675
0.194933
0.0606677
0.662
0.195396
0.119163
0.648895
0.0912257
0.204483
0.44005
0.662
0.244628
0.286126
0.662
0.662
0.223181
0.0138752
0.116417
0.165731
0.509398
0.662
0.119024
0.127875
0.333551
0.389893
0.0352385
0.175487
0.193514
0.184085
0.297936
0.239416
0.270593
0.119112
0.140882
0.0171264
0.19374
0.616068
0.122881
0.662
0.119243
0.344658
0.148198
0.516327
0.662
0.581711
0.104456
0.264827
0.556403
0.241597
0.113807
0.590516
0.0579734
0.0347341
0.473862
0.441954
0.662
0.0950873
0.288915
0.249694
0.433572
0.203605
0.0938246
0.0925028
0.662
0.157038
0.243916
0.192405
0.643639
0.47759
0.034159
0.148249
0.0703269
0.548807
0.0748149
0.0814138
0.259573
0.0784739
0.662
0.308746
0.51268
0.200226
0.652713
0.172075
0.662
0.15878
0.573011
0.662
0.319212
0.136519
0.316708
0.0489383
0.128786
0.350381
0.146314
0.0830787
0.0911558
0.112814
0.154466
0.253961
0.196571
0.499576
0.103465
0.572812
0.300794
0.120723
0.209617
0.258701
0.0454573
0.196334
0.300855
0.662
0.561859
0.0509725
0.358414
0.370182
0.0164157
0.258634
0.0632654
0.430051
0.111725
0.662
0.282077
0.45185
0.270166
0.332408
0.0993089
0.0355221
0.153839
0.130029
0.323356
0.274462
0.368448
0.427198
0.431887
0.306057
0.241618
0.123731
0.662
0.159024
0.240317
0.277029
0.107993
0.15165
0.662
0.599645
0.353103
0.247881
0.0879046
0.354005
0.374895
0.166701
0.43526
0.139771
0.416719
0.654625
0.263083
0.579222
0.0844514
0.0565709
0.330619
0.234623
0.0909878
0.0139757
0.202069
0.0694076
0.0850277
0.0513444
0.0385694
0.242071
0.0499339
0.1088
0.0830715
0.107841
0.27637
0.0632689
0.662
0.159546
0.186651
0.644079
0.135237
0.662
0.662
0.295046
0.443664
0.0667741
0.305617
0.662
0.0693077
0.00373625
0.436939
0.13219
0.196786
0.0510871
0.333289
0.662
0.0537387
0.106224
0.13693
0.159171
0.310698
0.0266138
0.0493504
0.131849
0.044847
0.0189348
0.222233
0.327182
0.223533
0.485536
0.662
0.662
0.662
0.254499
0.395685
0.501711
0.201717
0.662
0.0871967
0.113186
0.1665
0.662
0.265768
0.145786
0.0906916
0.270621
0.0877485
0.421167
0.15214
0.113969
0.193635
0.662
0.211122
0.452904
0.363749
0.0492425
0.101864
0.322384
0.284117
0.155581
0.0495384
0.242373
0.144926
0.482203
0.662
0.0765991
0.198084
0.369281
0.117619
0.39047
0.0366587
0.288659
0.184549
0.0804826
0.426871
0.204344
0.100755
0.330851
0.233663
0.205649
0.13715
0.400273
0.662
0.213442
0.134692
0.0891178
0.178109
0.119275
0.17307
0.344236
0.180034
0.223892
0.161158
0.386717
0.21972
0.102168
0.0994252
0.222956
0.662
0.0219627
0.662
0.128636
0.522478
0.351496
0.146736
0.658232
0.355496
0.191282
0.137873
0.0873275
0.169904
0.0802146
0.0650035
0.372083
0.100123
0.662
0.151965
0.0762134
0.322692
0.473108
0.0756995
0.144978
0.256343
0.048844
0.276081
0.12139
0.662
0.34362
0.442869
0.662
0.662
0.263761
0.0932635
0.20632
0.662
0.147869
0.201265
0.00763304
0.245019
0.28055
0.662
0.176043
0.662
0.174674
0.350112
0.192901
0.384717
0.215782
0.40469
0.0643019
0.490654
0.0726546
0.195476
0.346366
0.584692
0.551282
0.0230708
0.428252
0.662
0.283967
0.171648
0.0589118
0.127212
0.0719525
0.125733
0.628212
0.215502
0.662
0.176512
0.192654
0.365758
0.135072
0.0814272
0.662
0.0331641
0.0896893
0.457656
0.167241
0.0806171
0.662
0.502293
0.544592
0.243293
0.10874
0.0811078
0.123538
0.12883
0.117301
0.130348
0.646527
0.110615
0.247461
0.0993765
0.0866957
0.215532
0.0860941
0.437356
0.55425
0.254934
0.662
0.492869
0.0849972
0.088541
0.0730052
0.267009
0.47306
0.662
0.118356
0.154387
0.128994
0.0917645
0.662
0.160044
0.662
0.111468
0.431845
0.0866555
0.0851137
0.564437
0.0734669
0.113836
0.662
0.0690052
0.140162
0.132819
0.0743154
0.409702
0.0786475
0.526099
0.160946
0.134527
0.307914
0.601666
0.434474
0.594026
0.0695002
0.243009
0.0772904
0.0475869
0.209304
0.340429
0.170545
0.18511
0.126922
0.0881566
0.365075
0.422096
0.476084
0.425982
0.0990188
0.309178
0.112979
0.26805
0.227337
0.117035
0.033523
0.413021
0.662
0.642004
0.642772
0.162662
0.32458
0.18631
0.548211
0.121287
0.104591
0.432742
0.662
0.637615
0.520338
0.0931395
0.0688328
0.13801
0.360544
0.662
0.148242
0.138423
0.266596
0.0404385
0.121941
0.0105974
0.114403
0.215498
0.662
0.241161
0.109956
0.504387
0.662
0.101056
0.171324
0.0890183
0.0746803
0.434163
0.662
0.474532
0.163522
0.662
0.387896
0.135394
0.405739
0.360853
0.662
0.662
0.662
0.317121
0.445403
0.377904
0.482389
0.387579
0.48678
0.00881943
0.218043
0.502624
0.662
0.347127
0.294357
0.250781
0.169225
0.662
0.23908
0.0435196
0.203967
0.213219
0.0887881
0.0870234
0.460853
0.662
0.425174
0.0799262
0.00265848
0.0723187
0.597821
0.132418
0.302633
0.662
0.232203
0.370246
0.481446
0.461877
0.18719
0.351007
0.662
0.0715478
0.17274
0.431015
0.187244
0.0674363
0.0857913
0.47345
0.110886
0.0345893
0.662
0.619027
0.0585127
0.165296
0.221438
0.140154
0.662
0.0794488
0.194518
0.156768
0.137677
0.173108
0.662
0.217372
0.12528
0.278935
0.322449
0.339648
0.46923
0.00011376
0.160137
0.603494
0.0842709
0.0800836
0.314109
0.173713
0.151029
0.319653
0.160364
0.255602
0.259623
0.618405
0.101408
0.0759166
0.0521635
0.104376
0.531297
0.0465479
0.178128
0.10787
0.284303
0.28482
0.662
0.144454
0.0798129
0.0841202
0.138556
0.112375
0.098345
0.039516
0.662
0.541977
0.142837
0.115588
0.54645
0.662
0.250316
0.0657322
0.21392
0.359931
0.158585
0.0183592
0.662
0.124916
0.139974
0.662
0.662
0.155049
0.662
0.379668
0.117643
0.204632
0.662
0.435591
0.0316464
0.130645
0.159441
0.236521
0.169281
0.141332
0.0627227
0.30093
0.589983
0.395168
0.17102
0.136941
0.295012
0.385992
0.320465
0.118047
0.18256
0.324416
0.431012
0.436439
0.641934
0.123561
0.662
0.264113
0.432071
0.662
0.278224
0.118401
0.169803
0.19793
0.662
0.168873
0.658035
0.318622
0.21315
0.358255
0.442634
0.607465
0.0464007
0.0751486
0.372859
0.062028
0.0748571
0.540463
0.187089
0.512902
0.00798724
0.208503
0.0549914
0.0858161
0.477297
0.25827
0.503996
0.465603
0.473953
0.379434
0.186838
0.655367
0.153572
0.456129
0.662
0.301476
0.357481
0.143717
0.0663064
0.0663263
0.191875
0.525695
0.161945
0.0686502
0.0655039
0.309112
0.297093
0.334475
0.382829
0.0907288
0.145306
0.240296
0.377133
0.662
0.12214
0.0979193
0.0768456
0.0903444
0.0812497
0.0717609
0.333641
0.0589578
0.662
0.0816864
0.0990869
0.101606
0.420142
0.231559
0.181657
0.324448
0.102317
0.139069
0.0815862
0.197889
0.0743782
0.037951
0.662
0.662
0.173272
0.123074
0.413909
0.187287
0.364699
0.0300049
0.259764
0.256869
0.247934
0.0688925
0.121047
0.662
0.356896
0.0672428
0.126566
0.269369
0.0678635
0.391974
0.318332
0.110767
0.386782
0.111661
0.0556797
0.289039
0.0589159
0.217608
0.244634
0.223373
0.0891769
0.0833337
0.578459
0.662
0.441941
0.308146
0.297912
0.192774
0.107009
0.535011
0.662
0.207234
0.260592
0.272769
0.0758787
0.249819
0.662
0.106887
0.0612622
0.0926657
0.290439
0.148822
0.134258
0.252747
0.367212
0.4039
0.116673
0.323677
0.662
0.0711634
0.538496
0.0559807
0.456252
0.561216
0.108153
0.106487
0.662
0.0472231
0.662
0.296671
0.150734
0.0737002
0.200879
0.377624
0.165884
0.0725451
0.0328752
0.323895
0.211045
0.122399
0.352196
0.277821
0.121781
0.238132
0.49841
0.229613
0.207457
0.110206
0.662
0.419672
0.259246
0.301277
0.662
0.262771
0.105808
0.148607
0.662
0.0358373
0.0407893
0.11553
0.662
0.662
0.0948149
0.614503
0.173524
0.363316
0.377101
0.104274
0.12756
0.0741531
0.345923
0.00790784
0.257192
0.15761
0.54606
0.518374
0.0848816
0.662
0.279338
0.126163
0.569693
0.0952075
0.662
0.368824
0.208031
0.662
0.136293
0.370788
0.662
0.338703
0.265127
0.182966
0.662
0.0158713
0.0945084
0.170105
0.146533
0.345733
0.068305
0.356592
0.0517693
0.114178
0.180286
0.177926
0.179441
0.17629
0.449846
0.0527701
0.0235653
0.146638
0.00763485
0.436109
0.149127
0.263819
0.556359
0.250073
0.115379
0.529845
0.445986
0.65894
0.427467
0.189014
0.353079
0.188548
0.551521
0.118209
0.141087
0.662
0.0155323
0.3216
0.137913
0.142908
0.21412
0.1065
0.257777
0.450777
0.193706
0.0529641
0.502543
0.0409145
0.481768
0.271889
0.0774689
0.419485
0.403641
0.24209
0.0476747
0.417222
0.341557
0.173105
0.040966
0.246844
0.233897
0.217934
0.589524
0.147846
0.193978
0.200658
0.190724
0.0666081
0.662
0.0949517
0.570664
0.0787656
0.33985
0.662
0.0615042
0.588118
0.141494
0.156109
0.662
0.119914
0.0288836
0.321159
0.00453383
0.481659
0.113071
0.185846
0.662
0.116332
0.0779991
0.16981
0.286056
0.629821
0.0968501
0.320926
0.213523
0.0659788
0.632655
0.521831
0.0909497
0.178986
0.0708089
0.156848
0.114307
0.108431
0.388676
0.504444
0.111251
0.192027
0.00586549
0.101809
0.662
0.215522
0.662
0.662
0.560987
0.0710658
0.125284
0.662
0.629321
0.0924115
0.190573
0.58763
0.0768395
0.137229
0.267344
0.0308769
0.40555
0.343178
0.644167
0.206417
0.352695
0.44677
0.10641
0.0495076
0.000626506
0.168742
0.0946577
0.0586074
0.130424
0.0672821
0.528817
0.662
0.591322
0.0473074
0.536584
0.0641813
0.10148
0.214156
0.18754
0.662
0.492204
0.142032
0.345024
0.300739
0.343051
0.0766845
0.352659
0.464103
0.111035
0.370363
0.458741
0.368584
0.0153609
0.13427
0.0975087
0.662
0.662
0.285613
0.403396
0.602987
0.185122
0.22721
0.0150467
0.0365797
0.169205
0.100006
0.61769
0.662
0.102484
0.188081
0.493405
0.508656
0.398745
0.0761192
0.115199
0.041089
0.255064
0.0521178
0.662
0.0333506
0.263995
0.61656
0.377698
0.104856
0.10977
0.334617
0.0923919
0.220236
0.487382
0.149569
0.18373
0.126675
0.136371
0.0115641
0.0693124
0.0814712
0.280918
0.232465
0.108075
0.0460121
0.187578
0.058546
0.223157
0.165734
0.126189
0.662
0.056543
0.352522
0.117895
0.196816
0.209302
0.154255
0.662
0.0643034
0.0487438
0.117834
0.267045
0.662
0.638657
0.172383
0.374827
0.356425
0.192073
0.104257
0.429273
0.124068
0.450746
0.0568727
0.0606938
0.21687
0.208313
0.13732
0.141656
0.130424
0.118082
0.111477
0.146366
0.150265
0.433937
0.55169
0.662
0.117531
0.662
0.662
0.36051
0.284427
0.662
0.0290217
0.0731641
0.224243
0.00120539
0.136395
0.115162
0.283281
0.464376
0.413665
0.335663
0.169059
0.238428
0.0431781
0.662
0.236192
0.501585
0.252398
0.662
0.117265
0.365482
0.501741
0.239614
0.255066
0.662
0.0388357
0.642573
0.22124
0.154331
0.39267
0.223467
0.297752
0.662
0.0850852
0.630038
0.0238724
0.128857
0.00873783
0.600733
0.140942
0.662
0.298288
0.475891
0.0888591
0.0772281
0.400459
0.152624
0.110199
0.526622
0.473391
0.0968644
0.176096
0.480665
0.344509
0.0982527
0.137205
0.186154
0.0686627
0.383481
0.598835
0.662
0.662
0.158865
0.584735
0.121575
0.290506
0.0856868
0.514011
0.424591
0.52894
0.296303
0.332857
0.662
0.30852
0.252092
0.375078
0.30245
0.172321
0.405589
0.261972
0.36469
0.413427
0.653458
0.576746
0.127902
0.23778
0.065994
0.0850456
0.338686
0.211683
0.108877
0.309907
0.488202
0.0540385
0.0873498
0.131124
0.10431
0.293922
0.0368722
0.324642
0.617443
0.118933
0.203116
0.478832
0.052873
0.218687
0.662
0.471781
0.321221
0.105052
0.124831
0.203359
0.305318
0.116924
0.135145
0.662
0.164914
0.0922577
0.444397
0.091918
0.0809106
0.0784861
0.662
0.0248002
0.481639
0.0514958
0.213449
0.662
0.242061
0.662
0.22421
0.253799
0.16509
0.414845
0.00899195
0.344258
0.0364031
0.528854
0.201686
0.299455
0.0940571
0.176679
0.266101
0.347134
0.39604
0.315144
0.537488
0.0412223
0.222634
0.40339
0.109749
0.439438
0.662
0.180422
0.236161
0.223443
0.0716775
0.640321
0.0529936
0.0949934
0.239276
0.662
0.43533
0.208707
0.248391
0.106805
0.0694643
0.105495
0.601568
0.657082
0.254462
0.110576
0.50333
0.110323
0.662
0.197517
0.159477
0.30694
0.120168
0.402291
0.662
0.216269
0.0689563
0.404604
0.0691248
0.343685
0.388381
0.143159
0.117586
0.122016
0.144188
0.0703732
0.227478
0.662
0.189865
0.239513
0.450007
0.178099
0.157118
0.633005
0.140803
0.360689
0.122927
0.0726813
0.19713
0.311332
0.149155
0.12154
0.662
0.299716
0.0724318
0.332684
0.153875
0.302322
0.440007
0.114557
0.621109
0.13394
0.133028
0.0862079
0.403481
0.0658445
0.118172
0.238969
0.099393
0.662
0.0752584
0.166916
0.336633
0.662
0.662
0.227287
0.126506
0.154834
0.662
0.521791
0.662
0.0930667
0.662
0.351172
0.144221
0.101608
0.179713
0.165295
0.0822709
0.067507
0.0624162
0.662
0.0621676
0.234415
0.217485
0.183827
0.257213
0.161919
0.47133
0.143506
0.423406
0.186356
0.0819415
0.132564
0.662
0.0795073
0.530774
0.182479
0.571548
0.0618232
0.662
0.219806
0.662
0.0536806
0.0932596
0.0894043
0.135169
0.215127
0.0455153
0.662
0.294337
0.109595
0.662
0.268578
0.435154
0.281675
0.424833
0.350891
0.036504
0.363563
0.312213
0.0550466
0.46879
0.131871
0.164499
0.23297
0.246801
0.662
0.0488918
0.39916
0.662
0.312571
0.0465488
0.205848
0.183931
0.230376
0.213215
0.662
0.0375781
0.0426327
0.275778
0.284377
0.4192
0.0954389
0.293787
0.11809
0.344913
0.113031
0.192217
0.144377
0.182258
0.24543
0.143431
0.00646059
0.326282
0.0529198
0.21129
0.249555
0.197313
0.662
0.555382
0.213196
0.165166
0.548592
0.662
0.0700554
0.415105
0.662
0.662
0.0125107
0.106656
0.130499
0.116606
0.158795
0.201314
0.0016032
0.330876
0.112519
0.154162
0.103487
0.100346
0.0912166
0.210038
0.662
0.614445
0.0546361
0.282885
0.633047
0.163142
0.505887
0.381882
0.388599
0.150604
0.0554692
0.11331
0.177807
0.236235
0.199097
0.099704
0.549448
0.0524988
0.0693122
0.662
0.236761
0.172358
0.235291
0.640116
0.264675
0.233914
0.0437361
0.662
0.236634
0.316798
0.0619306
0.27906
0.662
0.284513
0.448227
0.336762
0.384523
0.100729
0.193918
0.301889
0.0515386
0.0436354
0.381981
0.513608
0.219951
0.099789
0.662
0.00460187
0.662
0.0231873
0.226946
0.13934
0.577176
0.536355
0.275005
0.662
0.0456923
0.221942
0.210116
0.0572095
0.0443632
0.228917
0.0691652
0.126146
0.10253
0.662
0.0961023
0.0668504
0.248918
0.343019
0.228292
0.301399
0.100577
0.104668
0.338501
0.304406
0.0855043
0.0175078
0.252386
0.662
0.140815
0.0217959
0.662
0.440836
0.077017
0.455621
0.519204
0.610399
0.118353
0.137084
0.0784825
0.488023
0.32014
0.136856
0.662
0.0572262
0.340597
0.263736
0.081869
0.297732
0.126707
0.0828773
0.476002
0.308854
0.0319828
0.401722
0.53778
0.311822
0.662
0.00523126
0.178692
0.331842
0.662
0.662
0.174401
0.110225
0.296854
0.50033
0.136573
0.394244
0.493323
0.228883
0.513256
0.233677
0.212728
0.0654607
0.201201
0.285336
0.662
0.240386
0.191477
0.0111236
0.0807255
0.399879
0.0552681
0.216338
0.214462
0.0537758
0.343887
0.32396
0.601391
0.662
0.0824632
0.0863912
0.10297
0.359448
0.339155
0.111837
0.204836
0.460327
0.662
0.338357
0.133359
0.46319
0.153061
0.135824
0.51343
0.170638
0.320432
0.140553
0.407721
0.0691785
0.422433
0.0106605
0.182452
0.45246
0.207219
0.64331
0.205589
0.0563542
0.140356
0.558284
0.11655
0.536199
0.0407262
0.126373
0.662
0.224981
0.185703
0.323981
0.11143
0.224421
0.195978
0.623299
0.508706
0.167597
0.219848
0.272495
0.123928
0.0808788
0.0362339
0.103696
0.314461
0.426151
0.0996185
0.221538
0.116502
0.662
0.0699365
0.234802
0.453389
0.18948
0.240257
0.108943
0.118562
0.177004
0.595564
0.120035
0.662
0.0754269
0.455733
0.662
0.222266
0.124887
0.263383
0.128251
0.217262
0.292901
0.31073
0.270665
0.24482
0.477421
0.158708
0.60133
0.191268
0.225155
0.662
0.254232
0.17659
0.10867
0.0417067
0.273007
0.260204
0.424491
0.278006
0.587511
0.444512
0.154474
0.146758
0.112184
0.139997
0.569356
0.287307
0.486779
0.185948
0.662
0.437604
0.145789
0.00131489
0.12621
0.0633161
0.0954217
0.0391734
0.227917
0.127668
0.0844033
0.283145
0.245667
0.662
0.310826
0.293445
0.0957319
0.0666481
0.005531
0.241313
0.662
0.566292
0.199617
0.0423871
0.150873
0.0741904
0.412402
0.662
0.0955633
0.080802
0.377525
0.0469476
0.0624174
0.198591
0.23824
0.0628595
0.662
0.306833
0.451473
0.662
0.109248
0.466683
0.461419
0.0973807
0.273607
0.263679
0.180582
0.262111
0.140852
0.455635
0.105481
0.344235
0.0898702
0.662
0.248709
0.119024
0.220603
0.367948
0.0425541
0.12878
0.0119279
0.20606
0.155449
0.103521
0.292093
0.639081
0.532081
0.662
0.234285
0.213556
0.325115
0.279116
0.210234
0.571187
0.322332
0.0949855
0.662
0.662
0.214314
0.138536
0.307596
0.326662
0.134494
0.22093
0.26518
0.107697
0.351624
0.0923127
0.0760815
0.662
0.0631179
0.435434
0.337349
0.168142
0.361321
0.517568
0.0430687
0.458741
0.188248
0.363946
0.304938
0.342159
0.662
0.662
0.14629
0.178341
0.566068
0.184104
0.172754
0.0681674
0.125094
0.360951
0.104407
0.0674118
0.635285
0.158663
0.0984328
0.166353
0.662
0.150778
0.580785
0.154636
0.0681915
0.393207
0.218721
0.0291869
0.115475
0.323214
0.00117367
0.336585
0.662
0.200625
0.100628
0.16291
0.310787
0.478863
0.109973
0.189977
0.0518911
0.180607
0.523843
0.244212
0.106517
0.118254
0.235386
0.125939
0.465054
0.0456787
0.642783
0.163086
0.21187
0.321794
0.0573734
0.309772
0.0648681
0.662
0.0925259
0.208611
0.110989
0.447856
0.131115
0.379705
0.336233
0.643968
0.0572524
0.354362
0.0876238
0.0066706
0.415314
0.579376
0.0972585
0.0976316
0.662
0.320649
0.259148
0.0133155
0.662
0.042649
0.104742
0.0421841
0.24292
0.662
0.296189
0.662
0.0772634
0.254478
0.331538
0.605946
0.249792
0.121716
0.105693
0.137529
0.662
0.0958677
0.662
0.320218
0.0801348
0.0944026
0.166102
0.662
0.231755
0.319283
0.662
0.227702
0.251448
0.424906
0.176019
0.0408035
0.180979
0.240658
0.115528
0.0643502
0.116738
0.307431
0.432416
0.445873
0.199119
0.348478
0.108537
0.0588251
0.374306
0.0443555
0.303624
0.0507661
0.148518
0.534863
0.365336
0.463391
0.641232
0.662
0.122092
0.212378
0.152686
0.127581
0.295245
0.607521
0.212432
0.110902
0.233875
0.0799348
0.0763336
0.0864976
0.373748
0.243224
0.138825
0.0645151
0.205555
0.2174
0.121897
0.169931
0.124696
0.0983216
0.147465
0.662
0.0599252
0.166216
0.0585059
0.662
0.0811422
0.15315
0.179441
0.160345
0.504926
0.153781
0.662
0.119947
0.414189
0.662
0.0372215
0.417695
0.0595319
0.485889
0.064369
0.302099
0.245667
0.525462
0.406856
0.291598
0.126371
0.142867
0.0926204
0.286989
0.618834
0.0977872
0.635509
0.493784
0.0847561
0.209883
0.115612
0.243273
0.425452
0.662
0.662
0.205944
0.232805
0.662
0.0520699
0.0670151
0.0831515
0.617801
0.180428
0.289548
0.662
0.662
0.100548
0.204442
0.223308
0.0613491
0.0547167
0.0937439
0.325912
0.153091
0.183566
0.390774
0.118317
0.267316
0.662
0.471165
0.138148
0.533515
0.405129
0.165435
0.368683
0.111661
0.299241
0.2442
0.227325
0.320211
0.049182
0.166177
0.0335745
0.211243
0.0492086
0.276509
0.420832
0.214721
0.208508
0.102298
0.662
0.618229
0.499591
0.0898947
0.662
0.152586
0.1213
0.568958
0.360593
0.0578899
0.270694
0.226897
0.259988
0.225201
0.399512
0.291888
0.396245
0.248348
0.071836
0.197105
0.0827753
0.123738
0.498937
0.130558
0.449586
0.0282959
0.229085
0.473283
0.662
0.118037
0.131815
0.347514
0.0262118
0.0375647
0.508919
0.108184
0.248189
0.373306
0.110294
0.196435
0.11404
0.171757
0.125219
0.099932
0.157684
0.182849
0.662
0.662
0.259712
0.612702
0.0421978
0.0919398
0.260111
0.0859428
0.662
0.662
0.125048
0.27483
0.0799308
0.662
0.402073
0.175662
0.0703514
0.469596
0.0919183
0.0116935
0.098357
0.586151
0.216738
0.0665527
0.237154
0.117445
0.441026
0.550867
0.174974
0.209495
0.338593
0.19466
0.300953
0.155444
0.274838
0.0580891
0.2407
0.351341
0.40293
0.0930536
0.392441
0.223022
0.0746569
0.325471
0.177297
0.405626
0.662
0.273937
0.538807
0.0615512
0.124164
0.18135
0.104283
0.0553338
0.104066
0.559584
0.230864
0.594663
0.662
0.44739
0.475341
0.0799435
0.401134
0.155952
0.57354
0.526584
0.121627
0.335276
0.357966
0.132543
0.325432
0.251394
0.662
0.0607103
0.127607
0.104049
0.158864
0.662
0.50863
0.662
0.3733
0.19994
0.121003
0.179671
0.251971
0.20211
0.662
0.117416
0.163301
0.662
0.253372
0.369222
0.0853164
0.239256
0.00121817
0.110897
0.635402
0.152794
0.662
0.606649
0.218603
0.062048
0.1359
0.376013
0.103003
0.0172167
0.234324
0.224542
0.251764
0.421387
0.567486
0.571312
0.526076
0.3313
0.155969
0.219304
0.239731
0.409237
0.662
0.466706
0.0733046
0.122971
0.0782573
0.662
0.124023
0.0910058
0.297722
0.0839931
0.0634165
0.52338
0.226282
0.662
0.440063
0.273856
0.0491805
0.0792234
0.110818
0.151331
0.662
0.612476
0.0371622
0.3208
0.407702
0.107
0.235918
0.092109
0.291007
0.621139
0.116713
0.662
0.0750984
0.239392
0.258815
0.586783
0.0925665
0.0882926
0.10205
0.37928
0.423349
0.662
0.187921
0.474264
0.658877
0.0549244
0.229141
0.101489
0.271
0.662
0.162107
0.291737
0.133657
0.199241
0.662
0.241435
0.0816738
0.662
0.462109
0.162432
0.0526589
0.370053
0.0796516
0.374007
0.0859171
0.470832
0.662
0.171877
0.395229
0.141155
0.125102
0.0198953
0.532048
0.0662802
0.342817
0.437705
0.0783769
0.662
0.207025
0.108727
0.00140082
0.431512
0.160365
0.0568864
0.662
0.6218
0.353403
0.0574531
0.331049
0.220101
0.662
0.453673
0.13239
0.0986103
0.326366
0.662
0.110486
0.31279
0.636434
0.209748
0.45382
0.662
0.460667
0.0448244
0.461658
0.100671
0.15329
0.43372
0.231829
0.0978953
0.631769
0.248633
0.216413
0.106796
0.0792999
0.054126
0.0827707
0.0481479
0.152311
0.0590544
0.34923
0.254807
0.333357
0.579244
0.281478
0.259559
0.0751368
0.34028
0.047008
0.0902109
0.453402
0.239207
0.109586
0.484532
0.662
0.00655194
0.273822
0.662
0.263987
0.0352582
0.611543
0.662
0.51708
0.155413
0.662
0.177023
0.662
0.306169
0.0210947
0.315774
0.017605
0.37728
0.0688936
0.315874
0.662
0.1639
0.156776
0.208064
0.0591461
0.279226
0.0642984
0.0288388
0.0365246
0.0464499
0.0116344
0.0956927
0.120107
0.662
0.0706159
0.662
0.17928
0.223651
0.209547
0.241576
0.107375
0.30259
0.198717
0.347144
0.0767608
0.490331
0.58723
0.264445
0.0782033
0.18051
0.345834
0.205355
0.662
0.0948611
0.662
0.200733
0.0818527
0.161037
0.662
0.0670142
0.360569
0.0354766
0.320074
0.365484
0.392194
0.341012
0.0310359
0.274892
0.662
0.461224
0.1534
0.221301
0.292731
0.121985
0.165805
0.16762
0.436565
0.112722
0.213173
0.0476942
0.467836
0.121365
0.662
0.127605
0.0958364
0.26587
0.351861
0.106198
0.662
0.488696
0.0589711
0.662
0.272928
0.367952
0.361118
0.151845
0.106688
0.0991889
0.105231
0.212934
0.0626257
0.105048
0.232609
0.141264
0.265718
0.273372
0.336742
0.662
0.00905959
0.304246
0.640719
0.195183
0.662
0.0844862
0.411623
0.278728
0.283909
0.139276
0.310934
0.0876288
0.243123
0.260098
0.392086
0.205343
0.0208626
0.0988095
0.234599
0.202609
0.410336
0.426649
0.343247
0.360616
0.29082
0.168031
0.171525
0.114956
0.662
0.296909
0.194877
0.0752545
0.542179
0.439095
0.18745
0.269187
0.0707851
0.32039
0.462714
0.603357
0.423034
0.295958
0.662
0.294036
0.407449
0.662
0.5479
0.204165
0.0818201
0.217557
0.662
0.304327
0.0311105
0.024238
0.662
0.329194
0.0688404
0.257802
0.246777
0.105541
0.191861
0.454945
0.0172124
0.306722
0.320301
0.132901
0.529768
0.100613
0.112737
0.224369
0.274584
0.662
0.343497
0.231018
0.10824
0.155907
0.0751073
0.00559695
0.110056
0.398248
0.320481
0.072023
0.0788566
0.424515
0.152973
0.401364
0.0574761
0.0332726
0.462863
0.188247
0.0943302
0.0434624
0.0972559
0.0477411
0.127382
0.662
0.423879
0.662
0.125505
0.662
0.0391301
0.608957
0.00831135
0.236541
0.19689
0.355057
0.308149
0.316625
0.0761065
0.124043
0.162857
0.438274
0.391408
0.279282
0.353802
0.0594658
0.0378817
0.395864
0.591581
0.0101952
0.133606
0.156468
0.134646
0.36984
0.257123
0.662
0.662
0.504097
0.662
0.115912
0.150303
0.53026
0.410722
0.198718
0.461298
0.344488
0.517419
0.203397
0.662
0.272586
0.118465
0.112979
0.582307
0.662
0.0821616
0.311548
0.454081
0.0701279
0.0399481
0.235315
0.409379
0.372676
0.662
0.329338
0.322761
0.12775
0.170213
0.130862
0.0684446
0.407626
0.283238
0.269124
0.554743
0.054518
0.0642759
0.103138
0.308209
0.525534
0.0533905
0.0676134
0.105923
0.183686
0.083825
0.434894
0.124477
0.398947
0.145847
0.169187
0.0705222
0.0396281
0.183754
0.154953
0.330302
0.573842
0.240641
0.503774
0.505491
0.375972
0.457241
0.0715962
0.0500935
0.397653
0.0638548
0.0792303
0.565799
0.519728
0.47645
0.141936
0.662
0.581892
0.156694
0.259517
0.569575
0.0648772
0.00560571
0.130555
0.206141
0.0752018
0.662
0.662
0.13082
0.18301
0.10175
0.0317424
0.199335
0.0682774
0.198317
0.0329752
0.662
0.0986032
0.100748
0.166061
0.277943
0.20173
0.114666
0.16674
0.121627
0.662
0.0959506
0.171153
0.189293
0.476202
0.252061
0.0518196
0.164739
0.075008
0.189847
0.33855
0.265531
0.386806
0.463134
0.546214
0.134587
0.0664408
0.299934
0.439713
0.0943791
0.180968
0.0307094
0.230669
0.0329875
0.326901
0.0544109
0.0910994
0.0681425
0.446642
0.662
0.0912646
0.126379
0.148383
0.252245
0.170127
0.0677886
0.152932
0.076469
0.22084
0.662
0.662
0.318372
0.0789977
0.259396
0.273711
0.458068
0.105963
0.314365
0.154776
0.650596
0.662
0.0620471
0.482659
0.430902
0.00179515
0.126474
0.279229
0.0473543
0.116572
0.425609
0.650765
0.046963
0.650758
0.468022
0.0696835
0.193329
0.266141
0.190156
0.0832922
0.368907
0.366816
0.103342
0.662
0.310911
0.187991
0.455709
0.116741
0.0981203
0.367525
0.0336611
0.0795834
0.259475
0.0545604
0.0743785
0.0267957
0.185493
0.0703745
0.200541
0.0946917
0.662
0.468169
0.183059
0.0628317
0.0414645
0.386478
0.642559
0.0634798
0.250641
0.365224
0.236672
0.567948
0.175441
0.209863
0.115259
0.662
0.32137
0.188908
0.080087
0.472014
0.662
0.493761
0.164826
0.195927
0.583975
0.560369
0.292776
0.25099
0.662
0.662
0.336543
0.138919
0.0586284
0.267199
0.233794
0.196166
0.157136
0.477292
0.0391898
0.662
0.450869
0.0875204
0.0808548
0.390812
0.176025
0.461844
0.180644
0.105861
0.202394
0.231803
0.469411
0.210652
0.285494
0.629887
0.357804
0.158124
0.00444148
0.376653
0.135295
0.662
0.110124
0.0729388
0.22645
0.401053
0.0736009
0.101163
0.182348
0.599534
0.166857
0.135349
0.269937
0.473992
0.217786
0.0918782
0.300343
0.0279011
0.163616
0.206579
0.270578
0.564482
0.118019
0.0719305
0.295362
0.662
0.102085
0.335292
0.344927
0.141247
0.662
0.118797
0.518712
0.333081
0.662
0.127385
0.128719
0.323886
0.0698252
0.230367
0.117165
0.403594
0.0827733
0.662
0.0889158
0.472325
0.267603
0.0549495
0.0234358
0.447348
0.159896
0.584835
0.0922511
0.0742721
0.235579
0.064599
0.326271
0.662
0.397116
0.0956354
0.498161
0.15112
0.528333
0.251247
0.174265
0.197256
0.6276
0.217876
0.100315
0.111209
0.226826
0.171527
0.48964
0.329539
0.172112
0.229366
0.111071
0.46369
0.126118
0.0360612
0.12105
0.662
0.200738
0.33584
0.0948845
0.662
0.0421779
0.0301367
0.0675909
0.291097
0.294766
0.198733
0.662
0.137578
0.466709
0.662
0.208438
0.217922
0.200928
0.278621
0.111917
0.173269
0.0466788
0.0800098
0.0972502
0.137706
0.119834
0.604587
0.0914759
0.105565
0.0356777
0.225043
0.623661
0.206961
0.256348
0.662
0.662
0.0543312
0.0935478
0.157866
0.169341
0.285035
0.177738
0.413374
0.0768991
0.0872966
0.26281
0.207349
0.662
0.267201
0.531497
0.662
0.274817
0.0888082
0.662
0.119942
0.146706
0.104298
0.341267
0.150953
0.403068
0.083024
0.349506
0.101379
0.101098
0.614722
0.305302
0.0930501
0.2501
0.0760633
0.281908
0.662
0.214924
0.108208
0.642047
0.662
0.138553
0.377231
0.228335
0.202015
0.0785072
0.0739503
0.477428
0.0483614
0.35963
0.00639892
0.479164
0.11889
0.0701544
0.386673
0.662
0.123362
0.491473
0.598367
0.161871
0.0945683
0.0872262
0.0607705
0.187277
0.0483901
0.461493
0.248118
0.278203
0.109489
0.177113
0.106814
0.00753892
0.461734
0.241592
0.0259281
0.662
0.108396
0.401128
0.195796
0.368831
0.0829208
0.662
0.136587
0.212848
0.0248125
0.238667
0.662
0.294953
0.0345674
0.662
0.257341
0.605043
0.11678
0.0453317
0.0135109
0.211487
0.126681
0.185268
0.0857288
0.229462
0.189507
0.662
0.228216
0.078536
0.107905
0.0836925
0.064051
0.293136
0.662
0.455285
0.306279
0.351616
0.614532
0.662
0.250173
0.0670471
0.251251
0.662
0.224884
0.525223
0.320475
0.414907
0.365162
0.101278
0.662
0.103626
0.662
0.109344
0.259282
0.662
0.26659
0.62607
0.397833
0.628843
0.404271
0.17769
0.34334
0.27754
0.120197
0.231416
0.413509
0.115834
0.424583
0.321557
0.0800993
0.0737056
0.0151567
0.128347
0.180265
0.193769
0.662
0.121711
0.662
0.662
0.662
0.283413
0.662
0.0745134
0.662
0.0406842
0.662
0.176013
0.564363
0.42051
0.360274
0.191422
0.210126
0.483925
0.107637
0.662
0.1618
0.110151
0.662
0.226774
0.32807
0.393439
0.298735
0.156117
0.109848
0.0745124
0.286095
0.317728
0.0716015
0.278744
0.159241
0.0415486
0.236392
0.0232694
0.529075
0.180882
0.404805
0.662
0.420625
0.293968
0.120904
0.254461
0.404825
0.178476
0.202963
0.311021
0.358692
0.131657
0.380324
0.0477025
0.662
0.221127
0.0818366
0.662
0.0633258
0.215846
0.322115
0.0626645
0.181959
0.662
0.0573979
0.11776
0.357985
0.573954
0.339725
0.662
0.5535
0.0979589
0.0429481
0.0804
0.0612435
0.105772
0.580662
0.072281
0.0819439
0.354752
0.460142
0.662
0.10435
0.662
0.501948
0.06064
0.662
0.339903
0.0796417
0.0705164
0.145925
0.662
0.662
0.18181
0.621517
0.260882
0.0744369
0.309361
0.222665
0.106337
0.174293
0.0130127
0.374394
0.117344
0.199402
0.0713663
0.192548
0.535357
0.059788
0.0628501
0.241126
0.662
0.662
0.177219
0.662
0.188503
0.441301
0.310831
0.134421
0.136031
0.662
0.662
0.662
0.188285
0.662
0.177445
0.0759564
0.147712
0.280958
0.23649
0.662
0.662
0.647714
0.0720711
0.662
0.54655
0.467771
0.395645
0.326387
0.0524702
0.662
0.168999
0.662
0.213102
0.558585
0.662
0.662
0.0857496
0.662
0.454455
0.662
0.662
0.0824867
0.0762798
0.520774
0.662
0.0857403
0.662
0.188802
0.155256
0.148594
0.124738
0.162458
0.190868
0.163309
0.1723
0.0353558
0.102432
0.0661805
0.662
0.34343
0.186436
0.164481
0.291312
0.33769
0.199486
0.264552
0.177561
0.662
0.0925617
0.368519
0.136468
0.0407157
0.0856434
0.321037
0.175698
0.192487
0.307121
0.617514
0.215081
0.102056
0.602655
0.522742
0.124419
0.00462705
0.307597
0.662
0.0963265
0.0600097
0.0742511
0.561786
0.277488
0.62285
0.0867941
0.301362
0.424479
0.250221
0.0721077
0.542075
0.0995165
0.662
0.125855
0.479349
0.490251
0.0977037
0.0920503
0.662
0.216736
0.310311
0.662
0.276758
0.0954376
0.0453976
0.071075
0.259124
0.606726
0.246771
0.102651
0.191355
0.23105
0.151598
0.563854
0.246728
0.120819
0.366681
0.0987201
0.494141
0.171734
0.662
0.336503
0.327285
0.258339
0.0782818
0.478706
0.145077
0.0794511
0.154563
0.369798
0.136186
0.43391
0.662
0.0526608
0.0561105
0.0898519
0.55138
0.177303
0.076787
0.0521567
0.188384
0.100864
0.455576
0.0833935
0.400426
0.175758
0.662
0.24476
0.30499
0.203252
0.662
0.591355
0.436683
0.662
0.116189
0.0469408
0.0922623
0.196762
0.475059
0.633685
0.120957
0.284137
0.0833462
0.249398
0.557426
0.229905
0.275945
0.0474753
0.272571
0.130532
0.491553
0.114619
0.220857
0.0899836
0.0832599
0.278794
0.297988
0.151992
0.189374
0.434123
0.177363
0.0720264
0.207501
0.662
0.579271
0.662
0.135982
0.214693
0.662
0.570876
0.500255
0.0760032
0.521295
0.0595701
0.0504318
0.280423
0.321151
0.057902
0.266962
0.535031
0.296469
0.0921716
0.0254401
0.125456
0.198835
0.108674
0.450413
0.385314
0.433955
0.137556
0.14609
0.333293
0.40561
0.038804
0.0257566
0.21106
0.173933
0.662
0.0641747
0.427185
0.481775
0.131908
0.0576976
0.399854
0.662
0.427666
0.313357
0.662
0.105032
0.0225535
0.662
0.662
0.0597942
0.216057
0.662
0.255392
0.24802
0.108954
0.000478152
0.155465
0.27454
0.662
0.311883
0.379227
0.101275
0.58385
0.303228
0.279237
0.176309
0.20443
0.200168
0.662
0.263515
0.0917155
0.0408349
0.662
0.148214
0.0155586
0.0654726
0.532771
0.121537
0.0854632
0.385028
0.0361618
0.0539605
0.293738
0.0463303
0.662
0.662
0.0946459
0.085056
0.0886242
0.362674
0.662
0.337245
0.164778
0.482162
0.0617185
0.0813911
0.484897
0.198118
0.055753
0.140768
0.130147
0.421274
0.219726
0.362091
0.120182
0.0866255
0.07414
0.662
0.0884448
0.662
0.0474209
0.662
0.330943
0.115858
0.354607
0.318478
0.158697
0.368682
0.208587
0.0605573
0.0437544
0.22497
0.254322
0.1721
0.0980473
0.662
0.21368
0.434175
0.303458
0.226347
0.558699
0.172762
0.0596766
0.119678
0.633451
0.177468
0.206317
0.662
0.312276
0.154481
0.381225
0.0534047
0.284643
0.230549
0.109843
0.165521
0.342085
0.210421
0.326836
0.331905
0.304904
0.151532
0.264439
0.0141654
0.34081
0.442842
0.0925687
0.128878
0.159902
0.508678
0.662
0.311763
0.4305
0.563107
0.057805
0.0197591
0.528996
0.102851
0.662
0.662
0.662
0.394365
0.104028
0.662
0.203714
0.129124
0.0948392
0.40238
0.0636021
0.16994
0.0515689
0.136794
0.310063
0.0640384
0.123853
0.116206
0.0505913
0.0725402
0.0381091
0.4998
0.128236
0.104358
0.238745
0.42613
0.245199
0.115824
0.0975068
0.326114
0.662
0.188736
0.301756
0.0683562
0.539656
0.317291
0.265592
0.289363
0.0733447
0.662
0.419442
0.662
0.662
0.172732
0.0272114
0.0830646
0.0261863
0.0488073
0.451914
0.476168
0.112161
0.245847
0.102441
0.320452
0.662
0.184879
0.0838312
0.662
0.662
0.119751
0.103945
0.215975
0.158916
0.339912
0.393071
0.621797
0.0588986
0.037013
0.396512
0.662
0.170721
0.0689558
0.278638
0.191017
0.251144
0.122257
0.0743291
0.239048
0.146524
0.0854543
0.127354
0.467461
0.120719
0.54289
0.206714
0.20856
0.351136
0.662
0.223083
0.583856
0.0703446
0.30053
0.662
0.552757
0.0684367
0.126992
0.152075
0.61454
0.31131
0.228713
0.207068
0.133146
0.231155
0.145534
0.195305
0.253194
0.662
0.0738114
0.04363
0.630909
0.109397
0.0985644
0.508115
0.662
0.095036
0.391571
0.229989
0.386586
0.134122
0.138032
0.651353
0.662
0.395746
0.110056
0.126384
0.0824748
0.662
0.468101
0.05047
0.36784
0.460912
0.0770669
0.237955
0.200041
0.191621
0.254985
0.662
0.144378
0.262982
0.108141
0.0728604
0.555087
0.0925762
0.460481
0.662
0.311783
0.51396
0.539612
0.104265
0.0376089
0.484939
0.383082
0.0796593
0.278929
0.197918
0.101017
0.114273
0.0176995
0.0741369
0.0537257
0.0338057
0.596007
0.28177
0.408843
0.384483
0.264981
0.144341
0.63016
0.189438
0.399578
0.0456588
0.0821698
0.14657
0.371432
0.275401
0.0704094
0.273974
0.0701217
0.20392
0.196003
0.0631993
0.447467
0.218169
0.171415
0.066706
0.12494
0.607369
0.0877456
0.6052
0.102041
0.369606
0.324721
0.254613
0.0570822
0.34248
0.0743394
0.40685
0.582047
0.463901
0.59954
0.662
0.586393
0.117793
0.415509
0.371792
0.0318902
0.293957
0.144857
0.198607
0.208872
0.180164
0.143077
0.662
0.073667
0.444049
0.0624034
0.0682276
0.152705
0.0922056
0.500792
0.662
0.543514
0.334955
0.302029
0.101403
0.196135
0.110597
0.0598208
0.215547
0.662
0.312628
0.457055
0.497702
0.216256
0.662
0.46461
0.0891852
0.554006
0.0165435
0.376244
0.477015
0.461519
0.382769
0.0151887
0.105346
0.255418
0.120945
0.339335
0.662
0.294123
0.0662455
0.321693
0.514626
0.0545836
0.336436
0.392493
0.139428
0.27444
0.0904552
0.15833
0.174763
0.588149
0.662
0.405447
0.163794
0.0559488
0.587771
0.351795
0.662
0.662
0.56062
0.375895
0.181117
0.258218
0.105751
0.118696
0.12935
0.164004
0.122846
0.626411
0.12737
0.318312
0.346553
0.257263
0.0568038
0.546989
0.30845
0.141841
0.074517
0.196491
0.179849
0.188503
0.0723669
0.086047
0.168429
0.478951
0.0679381
0.0667515
0.198603
0.2024
0.61285
0.662
0.217553
0.662
0.265335
0.529063
0.0306881
0.138572
0.266052
0.581982
0.189077
0.251546
0.18541
0.205459
0.662
0.0646242
0.130114
0.174289
0.109839
0.135186
0.344239
0.203676
0.253711
0.40995
0.579389
0.155011
0.311316
0.662
0.662
0.338603
0.42487
0.234739
0.115564
0.0618832
0.662
0.203703
0.479143
0.0323791
0.0635184
0.0663463
0.0775819
0.0257851
0.4573
0.161854
0.524622
0.204126
0.489048
0.0957381
0.163259
0.117268
0.182472
0.046859
0.572446
0.264293
0.232799
0.290808
0.453149
0.0567714
0.0475907
0.482321
0.147277
0.336892
0.63899
0.109684
0.283814
0.0331881
0.0347298
0.157644
0.662
0.662
0.336205
0.104813
0.268689
0.187917
0.0531723
0.533367
0.0703086
0.267977
0.133143
0.0854338
0.0740094
0.0481067
0.07573
0.231781
0.662
0.175579
0.202638
0.320736
0.304672
0.195005
0.359079
0.0579964
0.662
0.657825
0.266466
0.423377
0.190188
0.662
0.576557
0.109419
0.162678
0.318218
0.250988
0.1036
0.0894001
0.391495
0.309261
0.510022
0.0587259
0.434308
0.0370205
0.433453
0.069365
0.662
0.044995
0.0879276
0.410601
0.298134
0.0462589
0.365209
0.0799912
0.224271
0.201394
0.0399181
0.00411061
0.0658732
0.135007
0.445413
0.647796
0.180031
0.486536
0.583359
0.100665
0.504971
0.302792
0.165097
0.435987
0.0670834
0.25938
0.0685539
0.0584551
0.168364
0.279677
0.662
0.156623
0.485887
0.371379
0.662
0.0862147
0.662
0.301026
0.238302
0.0869221
0.229064
0.0985806
0.199186
0.222923
0.037595
0.110039
0.332349
0.0506448
0.578118
0.0305945
0.511636
0.0417814
0.0558086
0.102673
0.254362
0.184657
0.0839291
0.10064
0.662
0.288847
0.174009
0.662
0.232299
0.0876422
0.325602
0.131428
0.0716071
0.214007
0.0378703
0.46199
0.131769
0.0726592
0.432664
0.263557
0.0320662
0.0217837
0.289884
0.262029
0.116089
0.0738651
0.662
0.357106
0.15702
0.106384
0.0969233
0.239175
0.41064
0.662
0.470694
0.191044
0.153341
0.260456
0.0656359
0.0661964
0.419598
0.323612
0.102301
0.422549
0.0793141
0.379724
0.514063
0.268481
0.290693
0.156013
0.0758181
0.187432
0.135967
0.243957
0.259056
0.378348
0.158458
0.26336
0.0308807
0.0851773
0.515401
0.141826
0.404958
0.435784
0.0877306
0.108956
0.0604726
0.170156
0.151348
0.662
0.0827577
0.278961
0.662
0.149929
0.370032
0.162215
0.0572366
0.662
