0.312394
0.662
0.166037
0.180602
0.295583
0.373881
0.662
0.344903
0.23019
0.116302
0.358024
0.111702
0.236016
0.622801
0.324893
0.0323851
0.247305
0.597903
0.347549
0.0815961
0.662
0.278328
0.624579
0.239184
0.394557
0.0070345
0.0287916
0.279423
0.279236
0.152337
0.134006
0.63339
0.662
0.244202
0.291601
0.337884
0.116222
0.514778
0.560097
0.662
0.0803996
0.224205
0.126736
0.614439
0.606035
0.244232
0.134067
0.167728
0.660169
0.662
0.181903
0.661424
0.10195
0.396029
0.0278866
0.209454
0.0821302
0.334655
0.0442459
0.0837024
0.662
0.22583
0.190456
0.0414288
0.352202
0.127156
0.662
0.662
0.313118
0.217013
0.662
0.374045
0.662
0.405592
0.272894
0.209995
0.162214
0.123006
0.455899
0.0847113
0.520106
0.437153
0.117415
0.427077
0.0957402
0.662
0.00188651
0.250234
0.213161
0.350535
0.444868
0.0794434
0.115654
0.662
0.134613
0.662
0.381703
0.130607
0.662
0.103099
0.58969
0.210957
0.662
0.662
0.0668911
0.130926
0.662
0.269495
0.527054
0.0532707
0.212066
0.111375
0.268648
0.114998
0.258284
0.207627
0.0866253
0.662
0.0544244
0.297745
0.0262232
0.224481
0.373511
0.139608
0.114269
0.0874648
0.662
0.662
0.662
0.0742655
0.621722
0.208582
0.661307
0.237449
0.662
0.225858
0.262169
0.224461
0.315227
0.662
0.662
0.159241
0.566614
0.109706
0.404371
0.583802
0.647129
0.610296
0.343082
0.662
0.2273
0.462817
0.0780784
0.412995
0.327461
0.233337
0.17591
0.118918
0.491803
0.112558
0.26284
0.166564
0.0654662
0.1363
0.657928
0.594853
0.311486
0.324477
0.100307
0.208868
0.218539
0.563269
0.261443
0.313681
0.478894
0.327362
0.255821
0.099191
0.347196
0.322627
0.385311
0.662
0.662
0.180225
0.283826
0.342097
0.662
0.575667
0.133409
0.400009
0.662
0.456141
0.0682658
0.169238
0.403732
0.0672394
0.589482
0.294267
0.662
0.309137
0.201985
0.337074
0.566225
0.318567
0.62292
0.133941
0.0596637
0.662
0.325574
0.145103
0.220653
0.12655
0.439336
0.662
0.580284
0.487397
0.11691
0.245287
0.413684
0.144659
0.662
0.662
0.662
0.204998
0.662
0.134664
0.0597202
0.628369
0.569334
0.250166
0.228754
0.269327
0.662
0.0943505
0.00576924
0.165828
0.572664
0.227552
0.662
0.42579
0.293776
0.590405
0.23172
0.130927
0.662
0.151832
0.199428
0.0911543
0.563356
0.662
0.135241
0.294206
0.201007
0.175966
0.260292
0.0879924
0.0660899
0.34248
0.237301
0.133818
0.160713
0.214793
0.618565
0.50368
0.26072
0.414866
0.662
0.0721548
0.466121
0.0826795
0.0769072
0.422311
0.17132
0.44258
0.0920769
0.513594
0.325297
0.47462
0.662
0.381983
0.107898
0.139755
0.132233
0.662
0.380587
0.0924348
0.0564679
0.531058
0.543481
0.105448
0.625635
0.182928
0.0331009
0.0938492
0.0224548
0.485823
0.22627
0.662
0.103231
0.662
0.338454
0.386015
0.174221
0.153033
0.339362
0.12873
0.224161
0.395585
0.324602
0.23879
0.106857
0.662
0.224745
0.313427
0.0804821
0.0341907
0.418215
0.0571583
0.479322
0.438283
0.23175
0.619306
0.0464997
0.596325
0.656426
0.156281
0.180692
0.57926
0.459115
0.187907
0.225262
0.135568
0.144068
0.236563
0.48062
0.282174
0.16002
0.662
0.662
0.459287
0.430635
0.212252
0.662
0.0964249
0.65858
0.369767
0.150068
0.0949978
0.110305
0.461984
