0.0869775
0.531058
0.187907
0.413684
0.662
0.51901
0.422311
0.283826
0.57926
0.386844
0.380587
0.513594
0.126736
0.489369
0.578879
0.324477
0.130927
0.628369
0.569334
0.162214
0.139755
0.139608
0.144659
0.224461
0.459115
0.48062
0.593588
0.207627
0.235419
0.0532707
0.245287
0.350535
0.159011
0.17591
0.187021
0.134067
0.0721548
0.657928
0.00188651
0.209454
0.228754
0.662
0.175966
0.662
0.662
0.279236
0.661307
0.260292
0.662
0.294206
0.268648
0.262169
0.662
0.662
0.0879924
0.662
0.237301
0.520106
0.174221
0.250234
0.322627
0.1363
0.22583
0.662
0.227552
0.662
0.0769072
0.312394
0.313118
0.0323851
0.145103
0.294267
0.0500729
0.0564679
0.662
0.153033
0.169238
0.0866253
0.430635
0.514778
0.580284
0.662
0.0924348
0.596325
0.297745
0.0442459
0.236016
0.261443
0.23879
0.106857
0.232785
0.395585
0.0596637
0.244736
0.278328
0.175505
0.662
0.662
0.662
0.575667
0.444868
0.315227
0.338454
0.589482
0.26284
0.387249
0.304155
0.385311
0.0768976
0.381703
0.662
0.307297
0.115654
0.201985
0.218775
0.100307
0.58969
0.217013
0.0911543
0.487397
0.647129
0.127156
0.313427
0.239248
0.386015
0.2273
0.180602
0.0262232
0.224205
0.662
0.327362
0.0660899
0.662
0.490873
0.325297
0.233337
0.18757
0.662
0.590405
0.342097
0.662
0.167728
0.237449
0.220653
0.369767
0.347549
0.224481
0.117415
0.239184
0.225262
0.114998
0.560097
0.619306
0.182409
0.156879
0.212066
0.235338
0.572664
0.130926
0.44258
0.103469
0.597903
0.662
0.0667011
0.180692
0.662
0.0943505
0.621722
0.134006
0.0287916
0.543481
0.212252
0.183485
0.156281
0.62292
0.400009
0.109706
0.662
0.414866
0.110305
0.0544244
0.201007
0.209995
0.190456
0.0414288
0.280982
0.313681
0.0837024
0.250166
0.606035
0.23175
0.662
0.662
0.662
0.132233
0.662
0.662
0.135241
0.1697
0.0810719
0.127329
0.279423
0.247305
0.0920769
0.16002
0.0682658
0.418215
0.662
0.624579
0.00664993
0.116222
0.272894
0.211168
0.181903
0.224161
0.662
0.225461
0.165828
0.347196
0.0804821
0.0821302
0.344903
0.225429
0.374045
0.462817
0.662
0.111702
0.255821
0.0278866
0.116302
0.0759687
0.50368
0.309137
0.133941
0.662
0.12655
0.134664
0.662
0.536254
0.656426
0.269495
0.439336
0.325574
0.218539
0.563356
0.0542752
0.23019
0.662
0.103231
0.478894
0.614439
0.358901
0.151832
0.107898
0.116707
0.0815961
0.352202
0.0776339
0.47462
0.311486
0.256728
0.0654662
0.26072
0.618565
0.662
0.456141
0.17132
0.214793
0.396029
0.594853
0.0957402
0.660169
0.224745
0.244202
0.208582
0.337884
0.213161
0.427077
0.662
0.662
0.662
0.0697213
0.0826795
0.160713
0.0331009
0.373511
0.405592
0.42579
0.293776
0.159845
0.152337
0.662
0.0742655
0.204998
0.662
0.343082
0.107463
0.400048
0.583802
0.382794
0.566614
0.282174
0.662
0.403732
0.438283
0.182928
0.610296
0.135568
0.662
0.318567
0.244232
0.479322
0.662
0.23172
0.0847113
0.662
0.103099
0.527054
0.324893
0.447014
0.662
0.291601
0.327461
0.130607
0.105448
0.358024
0.662
0.455899
0.662
0.0668911
0.566225
0.0571583
0.258284
0.662
0.208867
0.485823
0.408173
0.144068
0.334655
0.381983
0.00576924
0.339362
0.114269
0.00828251
0.662
0.662
0.269327
0.159241
0.225858
0.133818
0.337074
0.466121
0.437153
0.111375
0.0757294
0.199428
0.0937438
0.625635
0.0175516
0.10195
0.491803
0.662
0.12873
0.123006
0.0597202
0.0761142
0.461984
