0.308745
0.614883
0.150701
0.64268
0.662
0.112201
0.251653
0.367324
0.0222851
0.127521
0.312954
0.298569
0.416763
0.223912
0.0753341
0.662
0.662
0.306775
0.123179
0.169886
0.189261
0.431697
0.363717
0.415633
0.111206
0.082282
0.0672176
0.662
0.529981
0.462765
0.662
0.121777
0.662
0.470879
0.130659
0.533864
0.662
0.662
0.662
0.515827
0.25107
0.306372
0.287824
0.559831
0.385443
0.395337
0.0336452
0.557807
0.622605
0.201642
0.552261
0.508312
0.405106
0.662
0.43122
0.182511
0.460242
0.145848
0.598092
0.108015
0.103305
0.435224
0.0491159
0.0813444
0.339152
0.157309
0.42384
0.60483
0.137016
0.455874
0.287777
0.662
0.026937
0.249632
0.214863
0.317461
0.469633
0.662
0.191102
0.111727
0.0893297
0.562825
0.279246
0.0798842
0.482386
0.204288
0.035494
0.41394
0.186931
0.105098
0.142571
0.46743
0.170992
0.198614
0.63974
0.513558
0.365452
0.0776827
0.111969
0.0483234
0.107226
0.451174
0.43059
0.0798959
0.00532575
0.0456289
0.312809
0.662
0.662
0.662
0.524818
0.0829176
0.149217
0.662
0.070045
0.0764881
0.386149
0.210652
0.34176
0.229051
0.136358
0.273683
0.13273
0.156733
0.662
0.167145
0.398242
0.425423
0.662
0.180027
0.108674
0.235481
0.481169
0.12703
0.662
0.22329
0.141612
0.177417
0.637319
0.626946
0.149521
0.257829
0.641568
0.116261
0.120145
0.662
0.158354
0.0660598
0.0510002
0.523753
0.314574
0.662
0.631267
0.386243
0.399198
0.41963
0.662
0.0874982
0.293899
0.23358
0.137382
0.198008
0.485541
0.33154
0.466632
0.662
0.223099
0.515098
0.151412
0.662
0.0800185
0.662
0.574681
0.186709
0.254243
0.386554
0.662
0.0677137
0.349557
0.175617
0.404101
0.295526
0.183813
0.0466394
0.000840398
0.0621627
0.00773782
0.0652463
0.47704
0.260606
0.0569675
0.344205
0.0360522
0.504916
0.432696
0.662
0.662
0.419618
0.105344
0.0815083
0.615347
0.111156
0.662
0.39292
0.300652
0.662
0.65268
0.302953
0.335072
0.2999
0.401817
0.0697324
0.127541
0.480265
0.49058
0.3109
0.593931
0.578791
0.438597
0.0667665
0.287125
0.662
0.488729
0.638479
0.223657
0.662
0.474086
0.117071
0.662
0.18672
0.413762
0.0606603
0.662
0.241706
0.662
0.290981
0.662
0.335399
0.0706012
0.318272
0.189117
0.592942
0.662
0.142797
0.3778
0.241987
0.452295
0.601426
0.193115
0.257824
0.29571
0.0660168
0.134906
0.069323
0.0518576
0.137723
0.519692
0.234989
0.174668
0.374559
0.616338
0.0890758
0.404481
0.662
0.487619
0.662
0.233992
0.619484
0.662
0.0705565
0.376097
0.0957312
0.240214
0.462841
0.116641
0.0612594
0.662
0.263927
0.160854
0.163766
0.090031
0.183597
0.321707
0.2448
0.222434
0.572665
0.212219
0.422448
0.645068
0.186289
0.157362
0.0847074
0.391141
0.126694
0.662
0.0990321
0.197675
0.180555
0.049739
0.260946
0.43985
0.212946
0.0425451
0.159037
0.62766
0.662
0.0913383
0.0993447
0.313079
0.282136
0.225115
0.0898846
0.24944
0.0423946
0.496769
0.0571456
0.249746
0.388801
0.321488
0.0150149
0.109886
0.338367
0.285844
0.0821461
0.346125
0.358065
0.0902232
0.138646
0.240531
0.347141
0.139803
0.12619
0.409456
0.0105418
0.507722
0.025516
0.196401
0.581282
0.554494
0.293997
0.384346
0.0812468
0.662
0.271593
0.662
0.221549
0.273937
0.662
0.221644
0.406715
0.0629316
0.295868
0.044815
