0.473675
0.415999
0.662
0.386842
0.662
0.106081
0.390634
0.662
0.264331
0.0794097
0.256893
0.360319
0.662
0.43278
0.306098
0.356853
0.662
0.0597615
0.0201063
0.409464
0.0757856
0.189672
0.196687
0.204161
0.0797243
0.189519
0.23559
0.1279
0.0697218
0.213742
0.662
0.662
0.0610646
0.110837
0.305516
0.160801
0.662
0.320405
0.191222
0.662
0.134488
0.466024
0.209044
0.197999
0.249023
0.120562
0.0495675
0.0409665
0.247747
0.363431
0.30483
0.662
0.18155
0.221986
0.533918
0.250191
0.41193
0.662
0.101045
0.662
0.458607
0.0706806
0.359057
0.662
0.313917
0.131215
0.212693
0.474536
0.662
0.101717
0.135126
0.304713
0.367102
0.0437515
0.235364
0.620631
0.662
0.279287
0.228816
0.519488
0.662
0.0724464
0.397201
0.662
0.197211
0.169179
0.662
0.428804
0.662
0.474792
0.223701
0.296177
0.266752
0.0123384
0.0861072
0.11529
0.160854
0.633391
0.12372
0.234653
0.111585
0.148621
0.109243
0.662
0.53484
0.555064
0.145505
0.328986
0.662
0.161077
0.661887
0.662
0.205697
0.500151
0.662
0.264926
0.139476
0.662
0.644343
0.124681
0.459756
0.662
0.662
0.574676
0.0275886
0.192833
0.205132
0.419448
0.116393
0.558165
0.15212
0.117532
0.275254
0.565884
0.166081
0.163721
0.194096
0.146918
0.627777
0.210555
0.0781846
0.245194
0.662
0.662
0.662
0.208429
0.662
0.418614
0.0953115
0.337124
0.125718
0.552468
0.285822
0.143114
0.252127
0.173341
0.475623
0.235381
0.662
0.406773
0.35343
0.662
0.0915485
0.409165
0.275948
0.662
0.37491
0.662
0.0971152
0.469264
0.662
0.116059
0.1749
0.424959
0.4184
0.662
0.662
0.205459
0.662
0.537445
0.117082
0.233629
0.0991597
0.662
0.163587
0.311914
0.243902
0.356621
0.313504
0.0589902
0.287736
0.390101
0.488458
0.197181
0.0183667
0.396081
0.662
0.27766
0.17281
0.662
0.0817986
0.170509
0.0934949
0.662
0.137161
0.518761
0.117313
0.0270037
0.270008
0.662
0.240181
0.0660112
0.275897
0.534446
0.21044
0.662
0.441036
0.566251
0.0182716
0.0639234
0.238383
0.33039
0.349743
0.662
0.353932
0.0333882
0.119695
0.40521
0.662
0.662
0.44594
0.297757
0.662
0.234654
0.347372
0.400958
0.39803
0.091675
0.413152
0.662
0.662
0.0523662
0.543243
0.548488
0.142423
0.662
0.382615
0.129235
0.662
0.661045
0.138766
0.177945
0.662
0.129586
0.662
0.606311
0.0599393
0.0333816
0.349186
0.575356
0.662
0.341154
0.0164666
0.341603
0.662
0.662
0.0601994
0.662
0.662
0.39526
0.22217
0.113684
0.126817
0.197434
0.662
0.662
0.34597
0.307675
0.662
0.395421
0.296444
0.0120151
0.413063
0.417433
0.206153
0.247758
0.662
0.662
0.157476
0.0755869
0.662
0.0822605
0.0619933
0.153412
0.662
0.349752
0.0872223
0.193029
0.352224
0.662
0.396737
0.130977
0.662
0.190035
0.314635
0.248774
0.0768871
0.388388
0.00932617
0.35875
0.412247
0.270764
0.576392
0.662
0.233499
0.286243
0.156481
0.493804
0.467434
0.313398
0.188294
0.21934
0.112394
0.272399
0.172607
0.662
0.55517
0.157301
0.662
0.243186
0.662
0.662
0.336884
0.352096
0.167816
0.0877759
0.115587
0.633862
0.347987
0.209634
0.662
0.514716
0.196134
0.171541
0.403657
0.662
0.458152
0.412803
0.0419248
0.662
0.146464
0.242613
0.662
0.662
0.0173101
0.183645
0.302906
0.209949
0.226735
0.108929
0.074762
0.127771
0.361592
0.13967
0.239714
0.222246
0.302228
0.141431
0.0266401
0.247785
0.0215835
0.0746849
0.377153
0.662
0.366529
0.662
0.662
0.285453
0.0660696
0.449866
0.120874
0.662
0.359332
0.501493
0.101236
0.255721
0.542499
0.167362
0.404066
0.0686456
0.255871
0.662
0.134297
0.248646
0.282096
0.0367014
0.190686
0.41702
0.351279
0.473357
0.21992
0.24119
0.138317
0.15096
0.577901
0.287745
0.157645
0.404218
0.0969643
0.0560845
0.654869
0.160976
0.304165
0.228297
0.096162
0.662
0.249947
0.372479
0.0877249
0.154627
0.319466
0.187179
0.488774
0.17768
0.279848
0.184337
0.185441
0.662
0.662
0.205014
0.209128
0.184198
0.106049
0.515718
0.662
0.20214
0.662
0.0609952
0.662
0.662
0.14515
0.662
0.190967
0.248683
0.232264
0.193219
0.122212
0.116451
0.0146926
0.662
0.488778
0.662
0.364416
0.138592
0.662
0.123183
0.193471
0.0522971
0.0962919
0.338087
0.662
0.258494
0.110178
0.210569
0.0663564
0.237752
0.337326
0.662
0.0530673
0.167528
0.0739049
0.662
0.662
0.0460242
0.662
0.362276
0.217608
0.140705
0.662
0.104119
0.148725
0.472239
0.364319
0.255986
0.173155
0.0116559
0.624803
0.235183
0.0740156
0.152406
0.662
0.662
0.483832
0.124831
0.662
0.426839
0.662
0.165422
0.0696114
0.192262
0.157021
0.52
0.225533
0.142125
0.662
0.48018
0.662
0.128543
0.478367
0.204301
0.320643
0.199159
0.0615037
0.662
0.596826
0.0787164
0.542855
0.140217
0.212594
0.316775
0.096055
0.141274
0.328707
0.432064
0.0505181
0.065447
0.0923202
0.20727
0.0865604
0.290465
0.19856
0.39523
0.454036
0.389846
0.27377
0.354838
0.115923
0.0861744
0.0669353
0.662
0.662
0.662
0.429992
0.162419
0.0287563
0.433937
0.324944
0.343432
0.195685
0.186878
0.231994
0.170734
0.129143
0.263698
0.662
0.510012
0.662
0.646757
0.662
0.468441
0.662
0.190912
0.429238
0.00848316
0.295673
0.142164
0.662
0.134782
0.340411
0.171755
0.254153
0.575004
0.161137
0.460575
0.421644
0.0375946
0.0687962
0.277981
0.0703868
0.246449
0.373749
0.539303
0.30145
0.159263
0.352897
0.0993357
0.662
0.662
0.55182
0.177989
0.07242
0.396593
0.662
0.00961141
0.662
0.662
0.0689116
0.126285
0.317951
0.662
0.596784
0.359958
0.143516
0.0622547
0.436592
0.2406
0.156316
0.144602
0.488404
0.140585
0.17428
0.328113
0.274744
0.537723
0.662
0.084366
0.00100392
0.0982287
0.120006
0.662
0.0681365
0.662
0.443563
0.405365
0.292909
0.00389346
0.259646
0.481341
0.227163
0.223789
0.211302
0.113962
0.0752486
0.175679
0.662
0.0265654
0.0428107
0.113206
0.358568
0.229539
0.619341
0.220999
0.589636
0.662
0.662
0.10213
0.662
0.606366
0.0418668
0.22172
0.662
0.0633479
0.232024
0.389555
0.329831
0.151789
0.194725
0.332519
0.662
0.662
0.660514
0.063536
0.255972
0.0723147
0.42577
0.492354
0.306186
0.410819
0.362094
0.0887629
0.662
0.0530235
0.330049
0.151506
0.0737305
0.369716
0.426133
0.0220056
0.137326
0.139527
0.662
0.22558
0.582474
0.108552
0.286864
0.605276
0.662
0.208163
0.662
0.34843
0.132546
0.662
0.12256
0.662
0.158011
0.662
0.616585
0.156095
0.451402
0.662
0.184575
0.250227
0.501105
0.351681
0.290764
0.0802873
0.338976
0.52421
0.598256
0.515721
0.00487237
0.662
0.191134
0.392538
0.520025
0.234866
0.125542
0.071876
0.111474
0.228303
0.168134
0.117405
0.292136
0.0979662
0.662
0.113531
0.0862666
0.213535
0.662
0.106371
0.662
0.662
0.045569
0.205563
0.399199
0.312878
0.132792
0.15541
0.174356
0.340399
0.421393
0.662
0.110287
0.656812
0.662
0.0858359
0.662
0.358372
0.0192957
0.532885
0.132206
0.123259
0.0298704
0.662
0.142173
0.662
0.662
0.476079
0.166268
0.662
0.059028
0.470981
0.0961887
0.662
0.662
0.134522
0.506389
0.0879562
0.253042
0.106321
0.61949
0.662
0.324882
0.303544
0.319815
0.122966
0.0704217
0.620142
0.106896
0.0264796
0.149829
0.142753
0.208411
0.171258
0.383026
0.563853
0.528106
0.0661746
0.345752
0.114415
0.570786
0.0820687
0.0357126
0.621837
0.469952
0.425025
0.662
0.662
0.274508
0.341961
0.065449
0.166026
0.433106
0.0178151
0.225079
0.0866277
0.175768
0.277929
0.662
0.0985394
0.0498596
0.12082
0.0792079
0.214514
0.617091
0.201961
0.167786
0.181294
0.0609369
0.441263
0.177273
0.415496
0.662
0.275139
0.662
0.378239
0.411751
0.27453
0.662
0.466409
0.249308
0.085971
0.254727
0.225613
0.394366
0.1248
0.139905
0.216894
0.662
0.252127
0.233124
0.0584675
0.662
0.662
0.497799
0.112189
0.0808233
0.662
0.0830238
0.405519
0.662
0.111423
0.662
0.132569
0.378735
0.203352
0.4998
0.435905
0.662
0.376451
0.372168
0.29672
0.134542
0.342331
0.625251
0.317955
0.401445
0.004533
0.193221
0.192619
0.0461533
0.370806
0.134995
0.623749
0.414142
0.404853
0.177101
0.0340193
0.0428195
0.403245
0.160006
0.0297174
0.56641
0.516717
0.44401
0.28922
0.0657123
0.188381
0.265665
0.368737
0.157238
0.0383566
0.12276
0.228782
0.405626
0.281241
0.124829
0.662
0.276519
0.0679776
0.147649
0.0912487
0.463262
0.662
0.294998
0.661425
0.0414135
0.128875
0.346448
0.493984
0.182567
0.228588
0.0738018
0.0413463
0.131902
0.474751
0.662
0.400503
0.216322
0.190357
0.419544
0.39648
0.00230215
0.662
0.662
0.182698
0.116495
0.0339713
0.20586
0.119058
0.291129
0.0846402
0.140791
0.435199
0.118681
0.662
0.0970108
0.662
0.333734
0.138632
0.104439
0.219033
0.100189
0.147545
0.662
0.0198715
0.662
0.472376
0.176617
0.662
0.151702
0.0805594
0.16826
0.515087
0.186381
0.0973332
0.195529
0.0893185
0.3482
0.438832
0.370466
0.103529
0.0458228
0.339588
0.387357
0.50467
0.636025
0.18918
0.662
0.0716555
0.317211
0.0538848
0.662
0.29973
0.388668
0.19978
0.40527
0.0124466
0.523271
0.164993
0.0990899
0.17577
0.662
0.255323
0.40377
0.644003
0.562805
0.131196
0.229805
0.662
0.338519
0.662
0.512059
0.662
0.155102
0.314566
0.662
0.662
0.662
0.662
0.00168485
0.551888
0.092586
0.175777
0.183065
0.0553509
0.141018
0.215685
0.662
0.662
0.538011
0.110513
0.144706
0.190947
0.244651
0.396736
0.177546
0.184707
0.662
0.340893
0.1696
0.0970892
0.33416
0.139646
0.146216
0.326708
0.0565361
0.662
0.121351
0.662
0.00809104
0.192283
0.436491
0.659282
0.191564
0.0824736
0.2092
0.577985
0.0967914
0.0184539
0.17338
0.528571
0.19065
0.0153023
0.397976
0.349313
0.324831
0.222078
0.139172
0.105335
0.323482
0.662
0.101476
0.662
0.571552
0.271642
0.1383
0.146856
0.140531
0.662
0.0741408
0.385143
0.226253
0.643104
0.105505
0.582549
0.0271259
0.662
0.531853
0.315056
0.366756
0.202559
0.00480573
0.662
0.662
0.296846
0.127505
0.215762
0.629083
0.662
0.347662
0.0258789
0.413799
0.389544
0.662
0.314131
0.289527
0.662
0.256932
0.589196
0.119398
0.662
0.51202
0.0525405
0.281598
0.336727
0.662
0.0815029
0.0765727
0.0756078
0.19177
0.217052
0.0842606
0.169778
0.662
0.132005
0.662
0.143136
0.21547
0.221138
0.579303
0.142715
0.662
0.662
0.37887
0.499316
0.169668
0.662
0.294766
0.25171
0.522441
0.129898
0.134276
0.220639
0.238517
0.662
0.08828
0.200926
0.0823583
0.272279
0.152052
0.662
0.204803
0.128372
0.265098
0.215253
0.138544
0.194072
0.00952725
0.315971
0.113794
0.16064
0.107514
0.312044
0.156184
0.141287
0.238507
0.662
0.421612
0.512354
0.0376156
0.56411
0.36925
0.150391
0.0478858
0.106958
0.265882
0.0763808
0.20271
0.107311
0.662
0.26234
0.508667
0.185265
0.0950039
0.458176
0.447252
0.365568
0.0911037
0.0951508
0.660433
0.583242
0.662
0.0121965
0.451347
0.411088
0.662
0.292939
0.662
0.107692
0.11588
0.0343865
0.329406
0.0898052
0.406427
0.103209
0.102994
0.282714
0.662
0.662
0.662
0.352166
0.128188
0.0893529
0.218235
0.351699
0.662
0.362123
0.326373
0.202557
0.173519
0.123677
0.0831448
0.198523
0.662
0.545106
0.662
0.0132626
0.257883
0.58388
0.27416
0.089864
0.662
0.101251
0.224944
0.427224
0.122417
0.383578
0.154364
0.662
0.15589
0.37911
0.104027
0.276262
0.662
0.0863652
0.0647074
0.0554243
0.156272
0.26702
0.20008
0.0565846
0.662
0.169179
0.662
0.482866
0.265879
0.183566
0.479878
0.420869
0.662
0.143304
0.525717
0.0826378
0.662
0.152656
0.0176237
0.240153
0.115591
0.520183
0.433765
0.365213
0.362176
0.662
0.629766
0.0496423
0.662
0.662
0.195213
0.409913
0.662
0.306415
0.140875
0.481608
0.662
0.31862
0.121964
0.662
0.662
0.662
0.101606
0.155169
0.210371
0.278707
0.662
0.276273
0.634837
0.662
0.22022
0.662
0.0786623
0.236863
0.662
0.160869
0.662
0.100771
0.108025
0.621641
0.662
0.0124964
0.389914
0.357205
0.286261
0.662
0.287221
0.134662
0.609273
0.662
0.662
0.342034
0.104722
0.17269
0.334261
0.662
0.0616241
0.662
0.184658
0.244147
0.317674
0.662
0.502057
0.319792
0.662
0.185157
0.203779
0.103485
0.638071
0.618456
0.12268
0.283932
0.609647
0.175204
0.039959
0.102421
0.253459
0.662
0.0806755
0.382904
0.410611
0.15893
0.0932386
0.0620457
0.000967454
0.212139
0.0760383
0.662
0.182727
0.164458
0.338972
0.0952082
0.13655
0.354866
0.0467973
0.662
0.0982105
0.288937
0.176521
0.662
0.113382
0.662
0.662
0.050656
0.16286
0.160929
0.662
0.315984
0.532114
0.662
0.118587
0.23742
0.573678
0.217932
0.0723423
0.282502
0.100436
0.662
0.244541
0.662
0.0886093
0.662
0.193422
0.662
0.084488
0.134963
0.42218
0.200842
0.53998
0.320904
0.160506
0.290425
0.295797
0.141988
0.403597
0.142866
0.662
0.662
0.199409
0.165674
0.164368
0.662
0.278898
0.192108
0.413303
0.268809
0.236653
0.453256
0.211344
0.207036
0.169094
0.238039
0.210032
0.019992
0.264557
0.662
0.302235
0.247267
0.0986503
0.204409
0.189429
0.152495
0.126836
0.662
0.0457312
0.243228
0.114448
0.466511
0.341271
0.183234
0.577727
0.294762
0.28875
0.183507
0.204298
0.305691
0.662
0.54836
0.441422
0.121382
0.662
0.256586
0.662
0.141074
0.124169
0.141518
0.188307
0.0758312
0.555683
0.662
0.180914
0.157133
0.561562
0.148094
0.0671381
0.192009
0.142119
0.273881
0.292705
0.202025
0.127066
0.538829
0.334878
0.207917
0.406255
0.662
0.662
0.396298
0.123576
0.420284
0.423873
0.0489927
0.263873
0.208305
0.474681
0.662
0.194577
0.241928
0.290725
0.102237
0.662
0.179967
0.516559
0.447776
0.662
0.662
0.662
0.116546
0.189991
0.432385
0.511895
0.124925
0.281734
0.239419
0.662
0.166645
0.322876
0.131595
0.662
0.662
0.662
0.444785
0.103733
0.299433
0.248834
0.662
0.428468
0.416093
0.662
0.662
0.662
0.662
0.0311391
0.39432
0.662
0.45329
0.217717
0.662
0.662
0.662
0.662
0.662
0.0852302
0.258229
0.0617897
0.0739923
0.662
0.662
0.226424
0.348059
0.662
0.313591
0.363049
0.602161
0.662
0.662
0.292546
0.504641
0.662
0.181109
0.641142
0.148263
0.183654
0.433033
0.126431
0.49125
0.662
0.334966
0.662
0.216962
0.662
0.0421934
0.0805438
0.0629141
0.662
0.533426
0.561856
0.645614
0.203894
0.279176
0.0932801
0.173751
0.335702
0.432449
0.662
0.531965
0.0513499
0.662
0.662
0.203318
0.479281
0.329704
0.237885
0.0920309
0.520314
0.6291
0.397263
0.662
0.0836743
0.662
0.444369
0.0355704
0.11147
0.330406
0.194582
0.226011
0.0971323
0.50282
0.662
0.135587
0.163187
0.104938
0.218358
0.662
0.12428
0.662
0.128311
0.141981
0.0378478
0.662
0.643762
0.395598
0.662
0.662
0.662
0.407659
0.176761
0.662
0.43367
0.286403
0.295874
0.331846
0.232287
0.0472545
0.158981
0.154128
0.167715
0.313863
0.438944
0.436375
0.470827
0.279514
0.662
0.662
0.3926
0.662
0.662
0.662
0.213622
0.376464
0.096747
0.190574
0.0813481
0.451561
0.0910334
0.0761427
0.662
0.186173
0.662
0.109185
0.662
0.0612023
0.023569
0.662
0.398629
0.0649846
0.312464
0.0697292
0.136274
0.413466
0.440662
0.0207843
0.6514
0.116465
0.258059
0.662
0.0458196
0.0898789
0.662
0.206636
0.198778
0.0290693
0.397008
0.0924145
0.662
0.662
0.198652
0.185693
0.122404
0.187347
0.662
0.662
0.662
0.662
0.186134
0.411379
0.125603
0.521313
0.0728384
0.662
0.178725
0.418535
0.480597
0.211542
0.2131
0.662
0.134473
0.662
0.193485
0.150784
0.297522
0.662
0.293353
0.662
0.400957
0.662
0.0597274
0.662
0.512066
0.662
0.662
0.107109
0.662
0.222489
0.0399505
0.568943
0.347271
0.662
0.423014
0.451211
0.115184
0.662
0.115995
0.662
0.622562
0.164619
0.447316
0.177203
0.119067
0.662
0.203638
0.662
0.135351
0.662
0.247141
0.662
0.0500926
0.42334
0.662
0.375839
0.324841
0.126588
0.08127
0.0812764
0.570128
0.662
0.143321
0.0963065
0.106361
0.662
0.207307
0.392951
0.285024
0.0101186
0.184256
0.193619
0.0932118
0.272807
0.648012
0.0541766
0.173753
0.0699994
0.109607
0.118521
0.271511
0.485575
0.662
0.212882
0.516627
0.662
0.101806
0.0729555
0.106778
0.662
0.209283
0.662
0.662
0.493943
0.0886181
0.0126587
0.602289
0.102759
0.115907
0.662
0.662
0.662
0.280357
0.662
0.662
0.221324
0.186695
0.662
0.0290302
0.151124
0.161912
0.662
0.130979
0.435301
0.131103
0.564265
0.516058
0.260223
0.468652
0.314357
0.662
0.0907169
0.365562
0.167041
0.662
0.59141
0.10552
0.264728
0.0837444
0.524351
0.201332
0.0991869
0.2237
0.200736
0.482351
0.181144
0.283398
0.178557
0.473607
0.18338
0.662
0.0644744
0.272693
0.349972
0.318325
0.24932
0.58221
0.662
0.112796
0.652581
0.251073
0.235384
0.662
0.1549
0.662
0.0164805
0.0683115
0.130896
0.0163867
0.00232499
0.459913
0.662
0.017891
0.432404
0.0454022
0.357349
0.146193
0.169932
0.36836
0.311143
0.662
0.662
0.0808719
0.461588
0.0606116
0.237869
0.20356
0.424551
0.423668
0.0768667
0.11867
0.662
0.043162
0.457838
0.196455
0.662
0.433983
0.109523
0.0306911
0.117813
0.494376
0.170167
0.258234
0.0399293
0.159072
0.264764
0.171999
0.587307
0.169983
0.401027
0.0937316
0.496598
0.230014
0.662
0.157984
0.223009
0.196862
0.166756
0.135518
0.406316
0.20309
0.151892
0.662
0.662
0.662
0.287124
0.0176828
0.035805
0.284581
0.662
0.0819271
0.177293
0.100734
0.161776
0.00839755
0.471827
0.316598
0.349429
0.498449
0.219476
0.364034
0.662
0.208116
0.355541
0.246141
0.29811
0.142166
0.0103301
0.384752
0.360196
0.178511
0.662
0.473892
0.157252
0.518425
0.557461
0.154564
0.278724
0.349222
0.317717
0.410917
0.086043
0.662
0.310976
0.0920975
0.117464
0.0936251
0.183064
0.31253
0.320463
0.124457
0.167161
0.662
0.662
0.317281
0.13564
0.061364
0.662
0.143931
0.175554
0.232634
0.15036
0.422171
0.0131749
0.179729
0.0966626
0.114751
0.277619
0.167992
0.311156
0.58193
0.662
0.036728
0.105952
0.182103
0.0712395
0.200937
0.582285
0.0068636
0.111065
0.662
0.125466
0.543432
0.0981526
0.122862
0.164391
0.662
0.495932
0.174661
0.116284
0.319897
0.290941
0.0937932
0.167632
0.103369
0.163082
0.119951
0.132184
0.662
0.000403235
0.290388
0.133527
0.337073
0.183764
0.628944
0.20331
0.217037
0.662
0.512404
0.0697154
0.0995812
0.259547
0.0747402
0.132074
0.658764
0.298723
0.424373
0.353318
0.280817
0.453551
0.662
0.0749571
0.0665796
0.471859
0.662
0.662
0.189913
0.084913
0.662
0.140357
0.140962
0.184942
0.46914
0.354631
0.247479
0.623721
0.297996
0.662
0.662
0.211443
0.618798
0.662
0.662
0.206937
0.35742
0.152363
0.333336
0.417827
0.498593
0.256986
0.662
0.429679
0.222523
0.628039
0.662
0.185654
0.171375
0.102249
0.0907318
0.662
0.650358
0.467425
0.262406
0.199762
0.103484
0.0995683
0.335937
0.153946
0.269988
0.146789
0.662
0.119321
0.662
0.337467
0.119606
0.112733
0.121575
0.345163
0.47142
0.139391
0.662
0.271955
0.662
0.194384
0.327587
0.0677836
0.0369851
0.313539
0.662
0.190714
0.386112
0.415658
0.219758
0.0563742
0.203404
0.115331
0.662
0.662
0.570782
0.606988
0.225448
0.350394
0.380887
0.0723027
0.0572485
0.662
0.662
0.662
0.11791
0.584229
0.0696758
0.107037
0.172036
0.421128
0.451843
0.175804
0.369103
0.390462
0.0186153
0.452159
0.18685
0.662
0.0225856
0.601155
0.247977
0.0789585
0.192873
0.0992576
0.0618274
0.195743
0.00606631
0.662
0.242375
0.114442
0.12899
0.155846
0.662
0.326846
0.0862796
0.438712
0.169616
0.662
0.662
0.0916636
0.0840166
0.662
0.128759
0.429961
0.662
0.0836932
0.647185
0.491544
0.521168
0.580099
0.209672
0.207868
0.474333
0.662
0.306005
0.254893
0.0796965
0.0508606
0.0721142
0.0979461
0.0431658
0.0778755
0.18334
0.328163
0.395612
0.662
0.0424854
0.109159
0.398987
0.0147462
0.489403
0.196503
0.123038
0.219091
0.194587
0.537334
0.662
0.662
0.662
0.5973
0.0401221
0.0784502
0.616625
0.662
0.662
0.662
0.662
0.425136
0.424972
0.662
0.329011
0.437621
0.425977
0.206475
0.115588
0.124493
0.0862613
0.4143
0.176074
0.0661925
0.102403
0.662
0.233716
0.109618
0.240065
0.363874
0.115792
0.192492
0.0257067
0.485496
0.470865
0.662
0.465325
0.212882
0.363244
0.662
0.0470691
0.662
0.0740181
0.324618
0.199103
0.171355
0.662
0.443814
0.138914
0.662
0.374788
0.305796
0.1198
0.662
0.0735903
0.304805
0.254681
0.199801
0.662
0.0254867
0.662
0.122302
0.248089
0.657896
0.194216
0.460968
0.183044
0.422113
0.433892
0.247426
0.413931
0.237266
0.0818199
0.662
0.255325
0.662
0.662
0.662
0.267388
0.662
0.232035
0.57192
0.0910619
0.0875554
0.416146
0.662
0.0854543
0.11947
0.45459
0.32199
0.353654
0.662
0.0517522
0.384435
0.432621
0.181685
0.153646
0.376184
0.0645
0.544246
0.0203578
0.390159
0.13907
0.638918
0.259344
0.0956147
0.175054
0.140623
0.357156
0.35342
0.122977
0.234071
0.210757
0.3143
0.071683
0.662
0.496997
0.213972
0.662
0.399817
0.261752
0.649594
0.383144
0.124867
0.662
0.145598
0.15471
0.329335
0.300235
0.584211
0.662
0.152566
0.360024
0.399436
0.444776
0.244979
0.129034
0.662
0.371451
0.219019
0.16551
0.370793
0.266924
0.0513273
0.156247
0.662
0.148679
0.0671779
0.219996
0.143157
0.053122
0.0906021
0.165098
0.17533
0.662
0.625393
0.183793
0.1355
0.611886
0.324481
0.312925
0.662
0.212958
0.179051
0.662
0.662
0.254708
0.12974
0.3185
0.145971
0.346058
0.0930104
0.088181
0.0832769
0.478919
0.0795518
0.0778912
0.13513
0.41235
0.106026
0.0389649
0.0514974
0.360325
0.293676
0.662
0.104629
0.303498
0.486848
0.662
0.132161
0.309143
0.662
0.387368
0.0745064
0.56471
0.235822
0.158427
0.0753986
0.20073
0.517408
0.439518
0.0634287
0.366587
0.331765
0.341836
0.662
0.662
0.185457
0.108202
0.662
0.380285
0.349863
0.662
0.194073
0.662
0.421502
0.499649
0.416867
0.0877828
0.513916
0.662
0.376136
0.387165
0.662
0.36668
0.349728
0.631789
0.165155
0.662
0.662
0.662
0.216576
0.197889
0.662
0.105388
0.285805
0.124141
0.380729
0.206593
0.0252749
0.396127
0.413478
0.193241
0.662
0.662
0.412186
0.640649
0.19015
0.662
0.116967
0.662
0.662
0.544988
0.662
0.0835871
0.108793
0.312946
0.246982
0.662
0.447899
0.212761
0.662
0.662
0.532759
0.662
0.351834
0.662
0.662
0.662
0.662
0.0670162
0.662
0.662
0.0359749
0.326427
0.335865
0.662
0.550266
0.00615245
0.596215
0.0537214
0.124197
0.504486
0.112154
0.201949
0.176064
0.399849
0.045597
0.195336
0.261713
0.253731
0.0657925
0.662
0.527648
0.426813
0.662
0.140345
0.368576
0.417562
0.102808
0.409015
0.114753
0.662
0.386851
0.662
0.311462
0.358016
0.145204
0.662
0.133548
0.254716
0.184196
0.466964
0.434288
0.662
0.151183
0.0401379
0.245531
0.347852
0.455693
0.652759
0.662
0.082702
0.662
0.147852
0.208255
0.516284
0.0523323
0.662
0.0138528
0.146972
0.491476
0.138991
0.0314542
0.662
0.219306
0.447428
0.102315
0.662
0.115579
0.137189
0.620165
0.217806
0.0953077
0.104213
0.174322
0.421155
0.029173
0.0887896
0.183351
0.191935
0.527481
0.287162
0.114623
0.662
0.249562
0.353269
0.280528
0.372935
0.235078
0.154201
0.200277
0.229041
0.27277
0.260414
0.662
0.662
0.389161
0.258477
0.410147
0.662
0.0524643
0.141199
0.662
0.0666055
0.0509563
0.662
0.271137
0.558487
0.0342965
0.447519
0.0846916
0.0809301
0.169142
0.151922
0.172137
0.205037
0.662
0.618672
0.250127
0.613011
0.32556
0.662
0.348649
0.0692488
0.662
0.662
0.662
0.261321
0.167415
0.377095
0.0839724
0.662
0.662
0.290631
0.662
0.217187
0.136806
0.662
0.057427
0.286564
0.195168
0.216741
0.443232
0.288832
0.0981472
0.0801701
0.662
0.319741
0.349294
0.194078
0.112349
0.220818
0.388779
0.203924
0.614134
0.227516
0.391969
0.23791
0.662
0.123362
0.662
0.0922612
0.662
0.662
0.242301
0.581381
0.377075
0.359749
0.267523
0.217201
0.662
0.0388932
0.662
0.280451
0.177428
0.2721
0.505442
0.110992
0.662
0.662
0.379562
0.428883
0.662
0.397033
0.303652
0.503896
0.0608712
0.0186322
0.166537
0.278698
0.0540674
0.035722
0.662
0.453207
0.526772
0.545843
0.218997
0.361801
0.0795162
0.158592
0.264105
0.445827
0.662
0.662
0.419951
0.662
0.195789
0.662
0.606037
0.532645
0.662
0.104582
0.429604
0.662
0.662
0.662
0.174945
0.0292023
0.259747
0.0767391
0.250085
0.662
0.147721
0.543311
0.662
0.662
0.662
0.110318
0.2826
0.662
0.662
0.662
0.113041
0.662
0.186518
0.396787
0.36311
0.467191
0.413006
0.109729
0.192338
0.662
0.611463
0.0934731
0.662
0.381075
0.662
0.662
0.409516
0.662
0.543634
0.384633
0.0317764
0.322079
0.0727059
0.151275
0.662
0.340123
0.130495
0.0979856
0.109873
0.11454
0.662
0.106683
0.456009
0.633391
0.100548
0.242383
0.547801
0.107556
0.662
0.0593436
0.433636
0.40806
0.184762
0.636117
0.0761489
0.172509
0.298981
0.23168
0.34395
0.604174
0.255061
0.363456
0.376904
0.662
0.662
0.121143
0.0642131
0.0211728
0.0836723
0.0909721
0.662
0.358056
0.648312
0.0957669
0.617032
0.662
0.648463
0.32172
0.332478
0.662
0.0423578
0.662
0.662
0.662
0.319321
0.416588
0.0913286
0.40682
0.389569
0.186824
0.662
0.338265
0.0321566
0.224291
0.662
0.100167
0.0853422
0.130304
0.662
0.310244
0.46913
0.563864
0.373787
0.662
0.662
0.432114
0.662
0.662
0.057097
0.662
0.14723
0.235503
0.27436
0.662
0.0154199
0.227822
0.0343805
0.0942758
0.085565
0.25175
0.662
0.117497
0.129631
0.30219
0.293368
0.249258
0.0725533
0.585465
0.662
0.605719
0.30889
0.102938
0.38355
0.662
0.190688
0.0351515
0.662
0.662
0.498332
0.662
0.295815
0.662
0.233625
0.276288
0.210512
0.0972678
0.662
0.361848
0.5536
0.047738
0.662
0.388542
0.110547
0.508445
0.309617
0.221126
0.172678
0.612568
0.342747
0.662
0.111843
0.557651
0.0704502
0.369078
0.0988826
0.521536
0.0594289
0.456134
0.662
0.0705856
0.149333
0.126933
0.662
0.166704
0.427349
0.0740075
0.0504897
0.662
0.14956
0.200587
0.553153
0.348695
0.662
0.213752
0.0738483
0.662
0.504481
0.662
0.267351
0.662
0.592108
0.153438
0.662
0.322464
0.386182
0.19201
0.138533
0.337579
0.130269
0.142869
0.520941
0.605952
0.0902773
0.0827922
0.00852794
0.0865138
0.662
0.236228
0.658385
0.1456
0.598786
0.182067
0.425564
0.198266
0.337756
0.00314448
0.193057
0.0665807
0.307362
0.402425
0.662
0.662
0.43184
0.235692
0.0816352
0.333695
0.662
0.139194
0.557417
0.662
0.140394
0.267662
0.0446847
0.217659
0.12396
0.445279
0.662
0.40712
0.662
0.387482
0.0990254
0.273238
0.397808
0.176227
0.662
0.179259
0.624322
0.205263
0.562736
0.662
0.132252
0.151732
0.0777983
0.662
0.12664
0.0732121
0.490941
0.22352
0.337848
0.196019
0.560285
0.524126
0.417441
0.11792
0.182361
0.29503
0.662
0.662
0.170189
0.662
0.662
0.662
0.0660212
0.327555
0.662
0.403255
0.0641421
0.469116
0.0474809
0.107012
0.116748
0.662
0.231156
0.192596
0.662
0.662
0.0985231
0.24156
0.0831766
0.0824766
0.184056
0.662
0.39004
0.345964
0.0148806
0.500939
0.203901
0.148208
0.261817
0.652952
0.219137
0.103894
0.604361
0.662
0.662
0.116175
0.371048
0.0132034
0.381189
0.136817
0.178342
0.164117
0.419078
0.218149
0.662
0.413852
0.662
0.662
0.662
0.32799
0.622536
0.279435
0.662
0.477319
0.0818085
0.637327
0.136242
0.662
0.321247
0.449956
0.0594774
0.209832
0.641913
0.662
0.176541
0.662
0.17309
0.530262
0.542745
0.040124
0.360266
0.302789
0.0111674
0.0038474
0.585874
0.0900647
0.310306
0.416966
0.662
0.156602
0.0779281
0.132265
0.0914041
0.44251
0.389834
0.0254411
0.534655
0.0100255
0.662
0.171647
0.593359
0.28889
0.108693
0.238784
0.419789
0.191781
0.400659
0.0180763
0.559559
0.662
0.371903
0.177654
0.662
0.00393321
0.427403
0.342125
0.135953
0.0195338
0.53988
0.413125
0.34651
0.39152
0.275771
0.247802
0.351601
0.662
0.17577
0.151808
0.662
0.215423
0.547656
0.289684
0.346701
0.5078
0.0812867
0.0656634
0.0695778
0.0585234
0.169368
0.12975
0.0981494
0.207611
0.133478
0.662
0.302938
0.662
0.221687
0.538042
0.0108654
0.053619
0.151619
0.271803
0.645172
0.0930836
0.141237
0.20934
0.13665
0.275836
0.42741
0.109811
0.660708
0.103047
0.163956
0.208866
0.243227
0.116209
0.0730426
0.442396
0.662
0.564922
0.561559
0.423082
0.662
0.662
0.332997
0.330501
0.0601957
0.380714
0.233475
0.35652
0.202404
0.291124
0.308057
0.662
0.0843769
0.274082
0.662
0.662
0.0295995
0.270742
0.262841
0.20874
0.662
0.218336
0.126457
0.181985
0.09225
0.213363
0.208619
0.0865559
0.380108
0.0895183
0.502703
0.0905506
0.112509
0.662
0.124414
0.146348
0.236869
0.0336231
0.662
0.0965639
0.662
0.189133
0.285368
0.662
0.257045
0.396186
0.572813
0.299868
0.170064
0.662
0.147606
0.304842
0.662
0.145537
0.162085
0.445407
0.588313
0.118307
0.584113
0.662
0.038879
0.206012
0.0458692
0.168051
0.162432
0.662
0.300341
0.478456
0.0333496
0.457941
0.355198
0.491954
0.314025
0.662
0.022109
0.151187
0.20601
0.163835
0.36024
0.395026
0.0928008
0.0390431
0.226983
0.131447
0.662
0.14366
0.662
0.37075
0.662
0.283101
0.331405
0.303811
0.287149
0.168004
0.31117
0.662
0.662
0.246674
0.001813
0.155358
0.136413
0.662
0.662
0.662
0.413885
0.662
0.439391
0.139709
0.508033
0.662
0.359441
0.0648875
0.199134
0.156609
0.162812
0.15475
0.662
0.038201
0.383186
0.662
0.0878894
0.11752
0.506672
0.0462463
0.363158
0.0896032
0.662
0.0912871
0.508927
0.116368
0.0868326
0.456863
0.662
0.168597
0.200072
0.0759826
0.256871
0.120639
0.662
0.12168
0.111656
0.662
0.38172
0.16681
0.662
0.584739
0.123426
0.147344
0.244608
0.0981415
0.164875
0.158454
0.304639
0.364531
0.0633576
0.662
0.150384
0.491217
0.191205
0.662
0.252577
0.0618167
0.375927
0.662
0.378326
0.662
0.177445
0.0052493
0.489884
0.662
0.259937
0.152862
0.458493
0.531627
0.426784
0.0266388
0.197866
0.395326
0.48251
0.42965
0.336765
0.341845
0.594857
0.33718
0.662
0.662
0.087849
0.286196
0.557809
0.263541
0.662
0.367885
0.107587
0.260487
0.632285
0.207958
0.151124
0.137414
0.0431533
0.573535
0.0583494
0.125603
0.287416
0.289572
0.0578919
0.352047
0.325221
0.190689
0.224736
0.577901
0.19863
0.0524676
0.535975
0.18177
0.459775
0.662
0.662
0.118988
0.456382
0.105842
0.11115
0.305843
0.0695335
0.662
0.662
0.256249
0.662
0.0766919
0.143753
0.0770982
0.175872
0.246538
0.468769
0.392938
0.384548
0.662
0.107294
0.662
0.0993668
0.662
0.184213
0.106692
0.138204
0.637563
0.147906
0.116351
0.343493
0.193938
0.22101
0.526772
0.341065
0.169357
0.220103
0.1303
0.237996
0.200499
0.096535
0.270644
0.662
0.0531692
0.139656
0.0824344
0.104422
0.662
0.196404
0.238908
0.44021
0.456141
0.371326
0.227105
0.499545
0.395946
0.276113
0.662
0.574462
0.0531427
0.0218653
0.064562
0.0561302
0.198818
0.466456
0.295271
0.048983
0.140004
0.56477
0.662
0.0396068
0.662
0.443146
0.662
0.185841
0.198119
0.124574
0.662
0.662
0.362691
0.416357
0.536829
0.427639
0.662
0.662
0.476079
0.662
0.260605
0.070008
0.105021
0.662
0.117796
0.154572
0.103782
0.207328
0.662
0.148062
0.322967
0.662
0.495148
0.662
0.312289
0.662
0.662
0.530943
0.546442
0.662
0.386542
0.30155
0.662
0.0223343
0.17467
0.662
0.35148
0.407639
0.22452
0.440269
0.662
0.662
0.13254
0.190788
0.662
0.0606578
0.35819
0.0952474
0.194384
0.662
0.0293979
0.257784
0.662
0.523615
0.00318888
0.160943
0.0677043
0.237897
0.397577
0.46799
0.437982
0.504414
0.662
0.0837854
0.662
0.145809
0.365076
0.276515
0.340762
0.304851
0.662
0.662
0.227221
0.662
0.149596
0.226699
0.268631
0.0514829
0.305947
0.169105
0.216355
0.662
0.0415101
0.278472
0.0771854
0.530151
0.662
0.197659
0.0888199
0.662
0.452459
0.662
0.136746
0.0958934
0.295832
0.237511
0.446528
0.662
0.420489
0.220039
0.301562
0.300563
0.168943
0.118879
0.0935565
0.0837607
0.222738
0.662
0.132817
0.183441
0.605772
0.662
0.363162
0.123294
0.242051
0.186968
0.266023
0.320765
0.351894
0.662
0.402975
0.662
0.085486
0.110683
0.182436
0.145366
0.662
0.107955
0.046455
0.0426013
0.662
0.219317
0.145398
0.222479
0.662
0.662
0.569257
0.469304
0.123845
0.359028
0.662
0.135254
0.411816
0.662
0.353679
0.133437
0.541991
0.211366
0.468649
0.662
0.103648
0.662
0.334901
0.27069
0.0454075
0.158904
0.205237
0.157766
0.662
0.212821
0.14476
0.110377
0.138163
0.575428
0.0345448
0.0982398
0.470613
0.0857686
0.066346
0.321258
0.662
0.662
0.578382
0.12295
0.598478
0.662
0.662
0.662
0.509611
0.38826
0.662
0.160425
0.181032
0.662
0.0630141
0.263934
0.662
0.135095
0.662
0.302893
0.380109
0.662
0.662
0.242517
0.662
0.468152
0.478398
0.662
0.119433
0.549547
0.124324
0.240591
0.662
0.0301151
0.0493423
0.0739113
0.124076
0.322874
0.144448
0.438861
0.381189
0.15446
0.117938
0.0891955
0.453666
0.662
0.0777334
0.100726
0.272389
0.149245
0.176741
0.0949605
0.662
0.158575
0.264632
0.324914
0.356044
0.662
0.587274
0.0975034
0.618666
0.107666
0.0624573
0.23256
0.234897
0.538391
0.0803369
0.662
0.231233
0.097525
0.0767752
0.1273
0.254402
0.546318
0.152199
0.184184
0.662
0.469761
0.172169
0.662
0.510733
0.492851
0.0801318
0.464532
0.317191
0.662
0.165252
0.119216
0.472882
0.649473
0.029181
0.139136
0.13912
0.102148
0.388181
0.662
0.662
0.176551
0.0220259
0.0821077
0.662
0.0863088
0.392961
0.662
0.500341
0.662
0.163492
0.205299
0.282991
0.662
0.0687308
0.199914
0.104653
0.319378
0.662
0.418587
0.242169
0.122683
0.345326
0.0501973
0.12755
0.208546
0.662
0.279704
0.0808578
0.662
0.417495
0.214772
0.662
0.266193
0.115789
0.393822
0.495082
0.212672
0.662
0.0983541
0.12004
0.662
0.584192
0.662
0.22229
0.662
0.662
0.125573
0.227207
0.549741
0.662
0.662
0.17954
0.194776
0.23698
0.662
0.662
0.662
0.49138
0.0485105
0.11195
0.205354
0.0850839
0.662
0.0275002
0.225427
0.311553
0.601983
0.273893
0.071208
0.662
0.50288
0.429059
0.10745
0.283023
0.662
0.549994
0.0816317
0.0419621
0.617101
0.320315
0.662
0.662
0.497416
0.131333
0.102267
0.310627
0.168705
0.280291
0.091503
0.212455
0.662
0.393886
0.662
0.121412
0.662
0.186685
0.293654
0.378642
0.0664406
0.438394
0.659198
0.274154
0.662
0.662
0.30375
0.106193
0.127861
0.148716
0.662
0.662
0.33553
0.153425
0.11313
0.440524
0.662
0.118469
0.122197
0.0763229
0.162217
0.662
0.289973
0.146992
0.468378
0.662
0.313269
0.662
0.304925
0.562209
0.528084
0.25039
0.418575
0.0991763
0.662
0.398635
0.219779
0.074025
0.662
0.662
0.662
0.121673
0.224458
0.120964
0.344052
0.662
0.328142
0.662
0.580806
0.172333
0.0674173
0.147895
0.662
0.662
0.662
0.662
0.662
0.215008
0.276027
0.662
0.293743
0.0983536
0.0912857
0.0749955
0.173537
0.27714
0.10698
0.121689
0.662
0.563965
0.100779
0.335898
0.178948
0.662
0.662
0.662
0.112011
0.662
0.634397
0.216148
0.39083
0.0544436
0.354217
0.157563
0.338322
0.313705
0.296708
0.111679
0.126947
0.662
0.488678
0.071424
0.410903
0.0812725
0.126154
0.123828
0.305369
0.627956
0.47741
0.155595
0.149071
0.661953
0.192735
0.360573
0.662
0.662
0.086356
0.394618
0.200872
0.372519
0.662
0.364904
0.662
0.662
0.662
0.180439
0.629678
0.148247
0.189509
0.662
0.662
0.0681834
0.662
0.32518
0.105171
0.46208
0.386631
0.228802
0.662
0.279469
0.0444315
0.653796
0.333971
0.33703
0.662
0.14364
0.462449
0.174526
0.219799
0.662
0.0957396
0.662
0.0907281
0.0574199
0.662
0.252616
0.36212
0.00294806
0.662
0.525628
0.331492
0.106853
0.165015
0.662
0.109044
0.662
0.0528207
0.119034
0.662
0.309338
0.225855
0.315212
0.133929
0.256145
0.230978
0.272701
0.662
0.418764
0.662
0.166732
0.0238358
0.0034122
0.233661
0.531253
0.662
0.366475
0.142968
0.388578
0.129063
0.414361
0.170122
0.404243
0.16492
0.504053
0.0863648
0.623379
0.194792
0.117574
0.342199
0.631658
0.662
0.662
0.151803
0.0797751
0.414866
0.279223
0.309609
0.467583
0.606563
0.662
0.662
0.662
0.18649
0.163234
0.268245
0.143533
0.512885
0.214205
0.142772
0.662
0.493231
0.122321
0.662
0.181769
0.662
0.231761
0.662
0.529854
0.662
0.130454
0.207021
0.0781953
0.253267
0.22628
0.392862
0.340308
0.588064
0.0662226
0.662
0.226879
0.412714
0.654981
0.126474
0.662
0.0237953
0.225533
0.103159
0.662
0.129604
0.156485
0.128852
0.11872
0.449509
0.0743648
0.0801763
0.132702
0.147725
0.0864961
0.662
0.464884
0.662
0.243145
0.662
0.370967
0.662
0.183674
0.30791
0.214797
0.568751
0.478954
0.0308034
0.23406
0.107242
0.662
0.662
0.122682
0.0776759
0.492554
0.474332
0.13797
0.662
0.0493636
0.306385
0.0501015
0.233507
0.632796
0.437713
0.388587
0.122971
0.662
0.662
0.662
0.134011
0.102874
0.339188
0.662
0.128748
0.11373
0.427804
0.319594
0.0422915
0.269445
0.184098
0.127001
0.124648
0.662
0.25473
0.596339
0.0891252
0.253488
0.126308
0.255038
0.314937
0.168744
0.401397
0.476213
0.0216784
0.230636
0.294475
0.662
0.0753007
0.16086
0.415449
0.162168
0.662
0.239651
0.195119
0.0782491
0.291997
0.159393
0.165851
0.341022
0.589005
0.662
0.208962
0.252927
0.507336
0.253169
0.662
0.199956
0.160428
0.662
0.0696059
0.333787
0.076586
0.662
0.240483
0.161732
0.662
0.26407
0.006444
0.455532
0.662
0.140945
0.662
0.087039
0.185824
0.226564
0.236807
0.662
0.285672
0.602724
0.0813596
0.602811
0.0701903
0.27618
0.662
0.18284
0.560946
0.662
0.258797
0.317848
0.662
0.340955
0.229424
0.230433
0.339764
0.407699
0.662
0.0939664
0.662
0.361734
0.148674
0.662
0.377977
0.104041
0.314315
0.662
0.143446
0.309622
0.171523
0.246792
0.455445
0.369711
0.562702
0.662
0.662
0.0546526
0.0779924
0.0564567
0.171043
0.36989
0.143555
0.307565
0.167567
0.115786
0.412383
0.363554
0.362465
0.511304
0.0473664
0.662
0.339759
0.134406
0.0356889
0.241199
0.662
0.62775
0.257096
0.662
0.115342
0.166415
0.0798594
0.172502
0.420688
0.662
0.643329
0.0743995
0.125592
0.0976073
0.0979814
0.662
0.0691175
0.266274
0.248709
0.662
0.29263
0.127684
0.662
0.662
0.166771
0.246224
0.312134
0.190352
0.227411
0.518072
0.60196
0.286464
0.432705
0.325143
0.662
0.0513583
0.662
0.157372
0.473024
0.662
0.188789
0.385345
0.329776
0.586869
0.0949984
0.57918
0.0624973
0.662
0.537252
0.332278
0.0569809
0.388262
0.0957254
0.00602573
0.107257
0.458943
0.16236
0.101065
0.662
0.662
0.267341
0.39313
0.662
0.662
0.270236
0.112974
0.06038
0.603563
0.362517
0.662
0.111822
0.662
0.662
0.0822738
0.155973
0.249173
0.134498
0.347512
0.306505
0.367365
0.277842
0.321735
0.662
0.157992
0.101301
0.281448
0.138607
0.215441
0.543165
0.227895
0.148115
0.167097
0.118852
0.662
0.32366
0.454479
0.11138
0.168657
0.0896642
0.12702
0.23687
0.207252
0.465659
0.326365
0.422758
0.16513
0.617304
0.448826
0.193416
0.0941939
0.510442
0.145455
0.225128
0.37365
0.372471
0.436929
0.325632
0.487473
0.662
0.0756498
0.0554722
0.599679
0.51875
0.274228
0.0184684
0.347636
0.662
0.353631
0.210651
0.201251
0.0215119
0.626543
0.662
0.127607
0.369628
0.326021
0.109246
0.662
0.188915
0.0280297
0.0175987
0.0903348
0.00927382
0.220914
0.546252
0.0966105
0.0827912
0.662
0.110406
0.185276
0.662
0.171184
0.310785
0.115762
0.662
0.662
0.0751762
0.437501
0.426806
0.662
0.238492
0.662
0.536021
0.334489
0.396867
0.280309
0.167113
0.358947
0.299992
0.662
0.208565
0.363157
0.0855096
0.525153
0.414771
0.110854
0.204007
0.0871525
0.455595
0.662
0.648443
0.0549235
0.0564196
0.0311216
0.662
0.662
0.40645
0.23726
0.323219
0.0279389
0.124256
0.523557
0.128484
0.311504
0.518485
0.199046
0.662
0.115144
0.418377
0.633391
0.41888
0.176628
0.662
0.33505
0.174895
0.662
0.404989
0.239512
0.490927
0.662
0.0588986
0.275749
0.662
0.110457
0.102561
0.134937
0.0592786
0.228621
0.149723
0.260798
0.190792
0.662
0.151673
0.354137
0.416539
0.526019
0.234018
0.339791
0.662
0.124834
0.120261
0.662
0.037478
0.133491
0.193462
0.372222
0.662
0.0479871
0.150908
0.59076
0.152561
0.198203
0.375147
0.142582
0.373334
0.418284
0.662
0.449279
0.662
0.153419
0.662
0.247847
0.450234
0.21939
0.662
0.507696
0.187433
0.282619
0.274524
0.229174
0.177743
0.0273695
0.137793
0.589097
0.109683
0.662
0.356355
0.0666349
0.662
0.178138
0.211747
0.662
0.662
0.504139
0.250037
0.174666
0.21264
0.221416
0.0177577
0.662
0.662
0.152728
0.144014
0.544225
0.443135
0.199659
0.168678
0.254742
0.167943
0.139511
0.188763
0.141183
0.276452
0.209086
0.225953
0.204893
0.284882
0.242921
0.502344
0.556482
0.611615
0.424791
0.241254
0.135881
0.662
0.256199
0.248542
0.249614
0.0457886
0.182568
0.111255
0.241981
0.467091
0.662
0.563043
0.0143834
0.248818
0.0465184
0.0868097
0.0600129
0.497026
0.446605
0.21487
0.387722
0.307356
0.160298
0.115333
0.662
0.151012
0.662
0.194802
0.402751
0.662
0.376791
0.511241
0.406354
0.131101
0.662
0.662
0.054159
0.662
0.151854
0.662
0.0707478
0.415746
0.662
0.259512
0.216474
0.326351
0.116554
0.542959
0.119201
0.108094
0.0550674
0.332039
0.127677
0.051698
0.662
0.322002
0.182619
0.14384
0.633021
0.662
0.437761
0.194753
0.662
0.168023
0.182584
0.662
0.0671902
0.109325
0.283408
0.0142896
0.662
0.662
0.371468
0.662
0.205792
0.268472
0.38123
0.12906
0.519079
0.22986
0.662
0.662
0.264824
0.0929522
0.500207
0.15188
0.662
0.662
0.113377
0.454427
0.0305847
0.662
0.204446
0.146149
0.192152
0.24607
0.101306
0.662
0.346556
0.366717
0.106716
0.206858
0.535427
0.126937
0.341366
0.471762
0.46376
0.308675
0.386354
0.662
0.0650807
0.0231878
0.171236
0.662
0.274515
0.560972
0.31843
0.115128
0.0746947
0.662
0.345576
0.0226609
0.146911
0.185556
0.0831447
0.272957
0.662
0.113766
0.521013
0.259569
0.581686
0.662
0.272127
0.172345
0.0936796
0.171045
0.389144
0.662
0.218611
0.393193
0.085332
0.19056
0.0910299
0.301739
0.329955
0.662
0.0894004
0.252814
0.244563
0.303008
0.00845612
0.638249
0.0857761
0.662
0.368093
0.662
0.662
0.439386
0.224256
0.662
0.198843
0.662
0.515204
0.150838
0.256179
0.662
0.662
0.133868
0.368311
0.546985
0.662
0.179367
0.13699
0.208726
0.158775
0.116708
0.662
0.221768
0.41574
0.252951
0.205833
0.32957
0.15855
0.550063
0.0823188
0.385545
0.289186
0.403151
0.0408893
0.448741
0.205467
0.568815
0.662
0.409757
0.26405
0.223823
0.11577
0.0162166
0.294462
0.459048
0.292172
0.28937
0.662
0.087379
0.330736
0.662
0.662
0.161933
0.0290667
0.308412
0.208656
0.119923
0.372766
0.662
0.618369
0.600832
0.662
0.662
0.0684229
0.662
0.127664
0.662
0.0574069
0.240374
0.171663
0.604836
0.662
0.0434138
0.111103
0.132231
0.346373
0.662
0.520241
0.270672
0.662
0.313119
0.185383
0.13385
0.662
0.0444245
0.662
0.249752
0.130605
0.0580702
0.202099
0.273488
0.569432
0.191804
0.0630066
0.293614
0.177673
0.662
0.471122
0.45325
0.648379
0.282431
0.35326
0.407498
0.662
0.272741
0.0962298
0.662
0.662
0.0754394
0.662
0.128826
0.415278
0.0594181
0.0671684
0.140426
0.1381
0.0391713
0.483829
0.480779
0.662
0.322698
0.662
0.186138
0.0425213
0.173407
0.662
0.0540987
0.662
0.514989
0.348958
0.662
0.0416734
0.127087
0.157588
0.09343
0.14165
0.107707
0.546542
0.38163
0.0318377
0.233238
0.662
0.215317
0.662
0.634086
0.451179
0.0279937
0.450173
0.662
0.409661
0.662
0.262306
0.662
0.662
0.357407
0.158449
0.235431
0.103691
0.345651
0.366897
0.179138
0.662
0.130541
0.662
0.143556
0.251616
0.333847
0.11637
0.284836
0.336802
0.0706179
0.346288
0.233313
0.662
0.17198
0.0653724
0.662
0.138026
0.662
0.159837
0.0580928
0.103378
0.647892
0.228372
0.144554
0.506868
0.662
0.548952
0.212196
0.174344
0.0385808
0.434575
0.122338
0.337148
0.463803
0.185521
0.174295
0.0722066
0.0883429
0.662
0.110787
0.416801
0.0945016
0.0188776
0.217142
0.128285
0.136218
0.361587
0.393202
0.312769
0.150378
0.662
0.254035
0.607798
0.41623
0.124513
0.40973
0.233091
0.240095
0.6546
0.264653
0.479053
0.510807
0.302608
0.177314
0.151903
0.0764401
0.188667
0.662
0.0998465
0.265005
0.286162
0.0905295
0.344558
0.134593
0.516974
0.662
0.662
0.185827
0.118127
0.0779977
0.464151
0.662
0.13099
0.141318
0.073241
0.602705
0.378903
0.0917784
0.662
0.144536
0.662
0.178803
0.144075
0.662
0.122193
0.0149963
0.662
0.244017
0.206526
0.0520699
0.54358
0.662
0.0747943
0.383358
0.263402
0.0820179
0.436287
0.596337
0.252549
0.16004
0.369936
0.580232
0.0451981
0.463059
0.476547
0.662
0.412181
0.197864
0.309582
0.251431
0.530408
0.662
0.0710423
0.452674
0.416928
0.662
0.47673
0.553806
0.0334502
0.331223
0.662
0.403903
0.234631
0.505047
0.0359577
0.322384
0.447529
0.358708
0.318924
0.316617
0.30728
0.439481
0.390431
0.0692614
0.270536
0.483247
0.124519
0.165455
0.272892
0.662
0.330057
0.419037
0.114034
0.227362
0.3973
0.0429789
0.149517
0.662
0.597234
0.662
0.356966
0.348819
0.2549
0.275483
0.149065
0.172883
0.147825
0.194307
0.182049
0.370585
0.0624695
0.168155
0.616229
0.0519952
0.310419
0.662
0.656295
0.0809039
0.226338
0.274632
0.277203
0.51919
0.433327
0.662
0.0612212
0.124436
0.137708
0.406666
0.662
0.172045
0.323447
0.126881
0.662
0.662
0.662
0.662
0.362534
0.319682
0.00251234
0.368663
0.116356
0.451344
0.414825
0.256711
0.662
0.662
0.414658
0.166973
0.371432
0.187801
0.0831089
0.220505
0.27531
0.212504
0.662
0.54994
0.662
0.298761
0.5617
0.662
0.184832
0.338706
0.233887
0.310373
0.662
0.374143
0.662
0.0632281
0.555805
0.662
0.295322
0.206366
0.21116
0.285702
0.0107497
0.0873981
0.604943
0.160826
0.398196
0.0738857
0.150728
0.662
0.495472
0.59873
0.29925
0.103212
0.11815
0.662
0.0474116
0.0527047
0.172147
0.226165
0.185399
0.384069
0.601439
0.367926
0.105585
0.209835
0.250478
0.25459
0.281549
0.662
0.415842
0.298902
0.250948
0.188522
0.367716
0.292819
0.0979376
0.0944838
0.209092
0.223188
0.395115
0.400978
0.0418632
0.662
0.439583
0.163439
0.328936
0.441165
0.120826
0.135137
0.543974
0.662
0.133693
0.0959071
0.394506
0.0857611
0.0937941
0.211562
0.129151
0.125963
0.233965
0.188778
0.365058
0.61397
0.662
0.152334
0.327074
0.570833
0.0702932
0.407484
0.102672
0.148471
0.279362
0.662
0.175263
0.153635
0.120544
0.662
0.662
0.426889
0.448602
0.139255
0.662
0.280674
0.300813
0.120444
0.431398
0.335741
0.662
0.127755
0.243603
0.662
0.29142
0.662
0.563255
0.326399
0.317912
0.375785
0.196946
0.0863268
0.662
0.414708
0.447428
0.0525064
0.606225
0.662
0.662
0.650806
0.290961
0.662
0.662
0.00245752
0.594325
0.662
0.111279
0.662
0.431789
0.0702002
0.157484
0.579809
0.662
0.662
0.187051
0.0971055
0.420508
0.324441
0.245208
0.0892528
0.228801
0.4117
0.213846
0.196867
0.662
0.102134
0.123442
0.0988856
0.608624
0.662
0.270246
0.196881
0.385645
0.249588
0.0529772
0.346761
0.347552
0.326679
0.0917139
0.18757
0.662
0.447738
0.504135
0.154356
0.566664
0.437249
0.180621
0.0682751
0.576834
0.395048
0.0701821
0.366318
0.0828551
0.326765
0.333257
0.506472
0.338551
0.467296
0.123032
0.649752
0.0880897
0.448097
0.662
0.469808
0.198512
0.662
0.318728
0.55378
0.329963
0.196756
0.273037
0.0708249
0.662
0.662
0.374706
0.662
0.164565
0.0624455
0.027904
0.0440912
0.196885
0.662
0.662
0.662
0.609284
0.239632
0.328863
0.43916
0.190146
0.25186
0.170587
0.149126
0.662
0.662
0.0376541
0.181122
0.0819884
0.211296
0.228658
0.357142
0.381409
0.662
0.228085
0.351781
0.190718
0.155812
0.0588024
0.662
0.662
0.662
0.0523184
0.662
0.414572
0.221611
0.186684
0.101115
0.0150845
0.533561
0.0778418
0.662
0.123612
0.662
0.461095
0.618388
0.529545
0.553937
0.0190395
0.662
0.119966
0.662
0.54328
0.0984573
0.084426
0.102549
0.0632199
0.662
0.485602
0.156383
0.0945981
0.200973
0.0599697
0.0779308
0.0274849
0.0926075
0.385878
0.12463
0.276818
0.662
0.246838
0.152802
0.409504
0.405304
0.475901
0.160512
0.224424
0.18699
0.308584
0.662
0.0588634
0.12627
0.185021
0.188477
0.662
0.166717
0.250344
0.136688
0.119545
0.191877
0.32526
0.26937
0.662
0.119176
0.0960482
0.309843
0.0193366
0.223385
0.112488
0.18614
0.194122
0.123877
0.202471
0.0560835
0.126079
0.303931
0.460231
0.278249
0.30662
0.243708
0.662
0.136879
0.662
0.458151
0.282408
0.527002
0.599327
0.0902714
0.662
0.204292
0.465431
0.219363
0.0635454
0.460653
0.268603
0.286029
0.071711
0.23684
0.193841
0.454941
0.226991
0.353528
0.181679
0.662
0.662
0.155141
0.278659
0.169985
0.207559
0.0161669
0.136302
0.460642
0.0728038
0.127739
0.408718
0.0972533
0.0622709
0.583527
0.662
0.635535
0.454971
0.394695
0.0712594
0.662
0.161423
0.308215
0.448605
0.662
0.242666
0.391674
0.374654
0.224461
0.662
0.662
0.334919
0.535434
0.121847
0.125305
0.442612
0.0336348
0.00204154
0.0554012
0.0972123
0.561261
0.209712
0.135566
0.364935
0.145774
0.159538
0.187809
0.662
0.662
0.224021
0.116155
0.650152
0.142067
0.388028
0.211871
0.275501
0.0728604
0.12137
0.193814
0.346606
0.662
0.296213
0.0868881
0.662
0.0483166
0.662
0.384037
0.662
0.177741
0.0703502
0.0910097
0.662
0.197526
0.662
0.259583
0.333008
0.122156
0.404422
0.228875
0.204954
0.108243
0.0291518
0.662
0.0564869
0.643608
0.662
0.210717
0.242822
0.662
0.508082
0.0270743
0.30508
0.308699
0.273968
0.127842
0.662
0.436003
0.200159
0.150296
0.414541
0.5253
0.0523061
0.133145
0.662
0.610066
0.662
0.219234
0.156761
0.662
0.185049
0.213381
0.162275
0.104816
0.662
0.396812
0.458537
0.141326
0.662
0.536898
0.0529632
0.43125
0.0847272
0.357194
0.0903881
0.57835
0.215093
0.369938
0.360687
0.137498
0.112728
0.126992
0.516076
0.454846
0.0715095
0.537806
0.350088
0.483326
0.0383413
0.104181
0.00345342
0.20765
0.207117
0.151123
0.0459396
0.0629273
0.375937
0.448692
0.431783
0.662
0.160746
0.662
0.0699642
0.0900025
0.550467
0.354256
0.0386216
0.662
0.500303
0.27385
0.263551
0.302537
0.0627721
0.588872
0.151318
0.23917
0.411947
0.530682
0.0856999
0.662
0.423303
0.662
0.313717
0.157768
0.334526
0.662
0.347228
0.217991
0.134106
0.26735
0.166951
0.190609
0.378245
0.367727
0.28141
0.219845
0.153309
0.0524316
0.542594
0.662
0.00886448
0.400185
0.420413
0.14152
0.0940945
0.600577
0.544062
0.662
0.201323
0.119822
0.348075
0.326422
0.100587
0.662
0.206909
0.603602
0.135297
0.120472
0.351437
0.662
0.127471
0.00613661
0.123379
0.662
0.434685
0.662
0.144544
0.644724
0.295372
0.244729
0.0403994
0.370826
0.14484
0.248195
0.0827474
0.662
0.0828985
0.283275
0.0693642
0.243342
0.375767
0.657636
0.416143
0.226726
0.662
0.655538
0.2204
0.095188
0.078863
0.233103
0.311157
0.348077
0.403957
0.114333
0.370579
0.647355
0.17038
0.224002
0.434294
0.323203
0.652806
0.144326
0.0852032
0.102639
0.662
0.0251884
0.328994
0.250978
0.662
0.405575
0.662
0.662
0.421319
0.653929
0.221034
0.109396
0.551579
0.191597
0.662
0.299231
0.646482
0.300449
0.07796
0.237021
0.311056
0.662
0.126951
0.135162
0.590914
0.126417
0.24464
0.617507
0.106154
0.0786457
0.236527
0.0595981
0.138476
0.662
0.189033
0.662
0.314678
0.194275
0.662
0.445845
0.0450582
0.319349
0.0568783
0.143058
0.107215
0.555254
0.119777
0.662
0.0610022
0.662
0.188141
0.224402
0.55419
0.206028
0.104388
0.0882608
0.491834
0.341593
0.221649
0.501761
0.514815
0.27225
0.338328
0.12148
0.53066
0.105467
0.662
0.662
0.200594
0.165951
0.32622
0.662
0.469679
0.0692107
0.158617
0.0998625
0.0942149
0.295752
0.0991733
0.662
0.197326
0.180502
0.119636
0.204597
0.25234
0.169665
0.662
0.321599
0.226605
0.161486
0.372257
0.662
0.232641
0.14776
0.277964
0.481881
0.224506
0.527515
0.129863
0.0489542
0.299128
0.113566
0.342711
0.41488
0.0373288
0.151524
0.305361
0.662
0.226784
0.140324
0.357371
0.413705
0.0798312
0.463077
0.290609
0.33846
0.5429
0.581665
0.113015
0.662
0.128107
0.269896
0.0911501
0.0721042
0.515096
0.211219
0.662
0.662
0.662
0.533611
0.374405
0.662
0.164488
0.00130115
0.338701
0.662
0.505444
0.212793
0.121077
0.326901
0.602835
0.183031
0.662
0.662
0.662
0.156389
0.662
0.381647
0.180592
0.202063
0.146002
0.227984
0.335103
0.024036
0.261821
0.662
0.0651317
0.223262
0.271246
0.662
0.662
0.271168
0.0916729
0.418252
0.351663
0.561172
0.228041
0.192572
0.313119
0.3169
0.147552
0.247182
0.0551163
0.258363
0.404777
0.629571
0.106413
0.354832
0.662
0.109224
0.242966
0.0497457
0.147765
0.446868
0.403669
0.20738
0.107608
0.141071
0.662
0.662
0.376286
0.23176
0.401961
0.662
0.662
0.103723
0.328718
0.159191
0.0148707
0.125556
0.207023
0.574544
0.63932
0.154643
0.374289
0.0679812
0.374263
0.291893
0.103941
0.23253
0.272774
0.10593
0.353506
0.0679336
0.0377943
0.338461
0.662
0.662
0.464515
0.0729871
0.0676597
0.662
0.662
0.122805
0.662
0.275294
0.118583
0.0475116
0.662
0.662
0.334567
0.144873
0.662
0.332069
0.662
0.460936
0.662
0.44483
0.662
0.572768
0.462928
0.140042
0.662
0.662
0.662
0.250013
0.53014
0.242837
0.552685
0.301105
0.580918
0.662
0.362609
0.0947053
0.476065
0.102243
0.662
0.662
0.226193
0.0856019
0.316426
0.444252
0.221078
0.662
0.662
0.176155
0.662
0.662
0.0780354
0.0920732
0.146692
0.430151
0.662
0.158073
0.451463
0.306726
0.388209
0.261501
0.455954
0.22516
0.0428278
0.165234
0.192637
0.417145
0.662
0.0623253
0.196823
0.0942226
0.662
0.209017
0.662
0.248024
0.0438387
0.427119
0.393658
0.14592
0.182226
0.662
0.182896
0.250789
0.22015
0.00842793
0.662
0.0923013
0.207093
0.115622
0.128583
0.192591
0.210085
0.313035
0.464057
0.662
0.192175
0.145981
0.662
0.0094731
0.0504316
0.225774
0.662
0.650069
0.100097
0.209988
0.662
0.662
0.454689
0.662
0.066048
0.274238
0.0353432
0.217861
0.250388
0.637488
0.243938
0.662
0.457699
0.581453
0.415092
0.229318
0.254339
0.287721
0.476765
0.662
0.170252
0.634388
0.290181
0.2756
0.662
0.238988
0.212815
0.42868
0.662
0.225352
0.112609
0.662
0.071192
0.203792
0.130625
0.662
0.662
0.662
0.662
0.121936
0.219771
0.16465
0.0647349
0.442557
0.662
0.330868
0.266333
0.662
0.0693609
0.662
0.662
0.662
0.37125
0.662
0.0849927
0.141192
0.10518
0.297177
0.662
0.107281
0.662
0.0935433
0.401379
0.662
0.662
0.241566
0.398343
0.662
0.235871
0.662
0.143457
0.323512
0.662
0.228492
0.462981
0.254332
0.662
0.166443
0.0606919
0.192237
0.152045
0.144317
0.108304
0.273262
0.192655
0.662
0.662
0.662
0.662
0.111051
0.248188
0.662
0.163435
0.341058
0.55444
0.288765
0.378026
0.660029
0.0744005
0.161378
0.0343528
0.113216
0.662
0.342904
0.662
0.223203
0.534703
0.662
0.662
0.662
0.0497084
0.662
0.662
0.372812
0.236865
0.227497
0.662
0.214563
0.336645
0.17122
0.189868
0.197007
0.662
0.564701
0.662
0.0423043
0.662
0.179167
0.0792134
0.0881044
0.075201
0.345053
0.569273
0.33676
0.116081
0.424002
0.642441
0.0504005
0.172498
0.202456
0.14175
0.298921
0.112141
0.352471
0.320558
0.662
0.264471
0.215848
0.432577
0.662
0.447106
0.662
0.341656
0.662
0.187627
0.662
0.124745
0.662
0.174747
0.144267
0.478393
0.589156
0.662
0.662
0.662
0.401255
0.363946
0.216744
0.238642
0.192697
0.662
0.662
0.0800263
0.662
0.43355
0.225733
0.134135
0.662
0.0070131
0.357945
0.0837509
0.153453
0.662
0.0454853
0.0796603
0.662
0.273856
0.179298
0.265963
0.206508
0.207264
0.0117946
0.0720329
0.336221
0.0466109
0.476006
0.462548
0.47246
0.662
0.117243
0.223825
0.0338838
0.281692
0.662
0.218579
0.017231
0.166435
0.447684
0.303502
0.0884221
0.662
0.0973563
0.00332125
0.000211419
0.297819
0.329924
0.230368
0.0930281
0.0320861
0.160718
0.332628
0.22989
0.311749
0.449689
0.117771
0.193304
0.467233
0.175741
0.156486
0.662
0.260231
0.239458
0.08702
0.262624
0.497962
0.662
0.241563
0.0790149
0.161972
0.662
0.235832
0.308161
0.351722
0.124545
0.207464
0.662
0.187352
0.12878
0.162421
0.121552
0.0742169
0.222553
0.388262
0.450497
0.309784
0.100344
0.662
0.100406
0.140447
0.229591
0.662
0.159017
0.662
0.662
0.114108
0.662
0.139369
0.148258
0.31778
0.0575092
0.266683
0.662
0.236975
0.160266
0.662
0.435996
0.308035
0.105145
0.102962
0.0553459
0.218749
0.0501856
0.240326
0.299232
0.52772
0.325084
0.6271
0.408751
0.451464
0.662
0.290585
0.106763
0.49196
0.0696515
0.465187
0.140179
0.0683804
0.307725
0.662
0.662
0.279479
0.662
0.653075
0.662
0.662
0.222925
0.0843204
0.662
0.458494
0.425592
0.502701
0.662
0.393496
0.389551
0.200556
0.340771
0.0849458
0.252731
0.259878
0.0627936
0.132169
0.169637
0.554591
0.662
0.287141
0.325482
0.0575951
0.185828
0.404065
0.135429
0.477004
0.0469588
0.662
0.580341
0.245167
0.15455
0.196935
0.361367
0.0145784
0.605872
0.297097
0.161426
0.0980857
0.662
0.0903175
0.182146
0.0601162
0.245177
0.151476
0.595549
0.169682
0.469822
0.24253
0.0209345
0.148644
0.662
0.524808
0.662
0.662
0.229928
0.119301
0.218429
0.406932
0.343419
0.432993
0.14269
0.662
0.154553
0.423555
0.573068
0.662
0.662
0.662
0.449441
0.314112
0.418582
0.284683
0.662
0.384971
0.456395
0.0363252
0.383464
0.338788
0.385008
0.662
0.662
0.351634
0.592726
0.111191
0.509676
0.0298301
0.501326
0.0858515
0.00550411
0.0656929
0.662
0.662
0.381087
0.662
0.547067
0.340323
0.0139639
0.290349
0.565136
0.0386723
0.118557
0.063748
0.288747
0.0995852
0.174481
0.136995
0.662
0.419248
0.0916028
0.212371
0.129238
0.662
0.230701
0.662
0.192938
0.662
0.193127
0.108805
0.147249
0.662
0.198371
0.0823617
0.56882
0.0836121
0.0112658
0.662
0.179768
0.448112
0.662
0.662
0.636852
0.362264
0.276602
0.233888
0.662
0.0183751
0.155038
0.153614
0.17494
0.262671
0.197908
0.269747
0.572033
0.662
0.12168
0.662
0.268047
0.153732
0.153578
0.23112
0.453068
0.298441
0.420446
0.0498808
0.662
0.187752
0.191526
0.0951783
0.662
0.662
0.0621816
0.378543
0.662
0.409258
0.062057
0.277278
0.662
0.238379
0.626245
0.272007
0.381255
0.18935
0.662
0.0841847
0.627717
0.131289
0.662
0.49777
0.35727
0.662
0.49132
0.184791
0.662
0.258249
0.0505129
0.247413
0.197268
0.0385416
0.329693
0.0450908
0.368477
0.46099
0.461283
0.22229
0.131364
0.13993
0.32418
0.258773
0.49365
0.152853
0.662
0.319477
0.231113
0.35206
0.109676
0.448908
0.662
0.662
0.662
0.528279
0.662
0.662
0.662
0.0526537
0.152257
0.330171
0.196375
0.662
0.368922
0.662
0.20801
0.0233281
0.662
0.662
0.329723
0.122434
0.662
0.248534
0.341513
0.278484
0.264812
0.511421
0.662
0.662
0.345509
0.207171
0.164189
0.662
0.149643
0.13635
0.662
0.156522
0.325358
0.191353
0.233902
0.411714
0.287463
0.200645
0.0970132
0.265051
0.662
0.00553437
0.565302
0.332087
0.601718
0.662
0.249542
0.620638
0.469044
0.349869
0.069367
0.143967
0.360391
0.475151
0.351451
0.0764807
0.338918
0.102762
0.210708
0.136383
0.662
0.239358
0.125407
0.662
0.0575711
0.0890598
0.029277
0.2017
0.27034
0.454721
0.228289
0.311233
0.0784761
0.397707
0.262419
0.313166
0.10993
0.2488
0.307307
0.198487
0.327826
0.204262
0.290739
0.0338117
0.0904123
0.456253
0.469292
0.0917253
0.23126
0.160706
0.263847
0.662
0.662
0.444408
0.662
0.566481
0.63339
0.0595232
0.0874989
0.510152
0.636213
0.662
0.662
0.410618
0.662
0.662
0.261634
0.662
0.474903
0.108224
0.662
0.54056
0.19034
0.646866
0.662
0.288936
0.407942
0.0611585
0.338635
0.304275
0.179911
0.662
0.292635
0.458314
0.119426
0.365748
0.662
0.19385
0.605276
0.186851
0.213991
0.160837
0.496939
0.321855
0.187186
0.328178
0.0253126
0.112867
0.460955
0.619214
0.22691
0.152079
0.508629
0.662
0.60615
0.00215166
0.261871
0.454795
0.137231
0.295289
0.182259
0.131086
0.145308
0.137659
0.581467
0.521327
0.662
0.220909
0.511693
0.243596
0.452298
0.286058
0.295578
0.119131
0.662
0.208788
0.387626
0.662
0.138826
0.662
0.051179
0.451045
0.0739225
0.364667
0.662
0.662
0.662
0.643841
0.472572
0.0667628
0.416937
0.208001
0.180414
0.662
0.263337
0.0525204
0.342507
0.310648
0.137699
0.0483707
0.0540546
0.108491
0.662
0.662
0.0962647
0.238524
0.0784165
0.643256
0.415614
0.219319
0.13548
0.10995
0.0160761
0.0828033
0.219084
0.26177
0.207137
0.573549
0.662
0.539552
0.161994
0.398458
0.229255
0.131805
0.0386093
0.516565
0.662
0.383853
0.229375
0.233554
0.662
0.276289
0.112565
0.616408
0.111884
0.0939922
0.223756
0.662
0.139899
0.27802
0.298311
0.662
0.662
0.130488
0.556184
0.276011
0.114246
0.270793
0.363811
0.662
0.0744557
0.360201
0.438092
0.0482832
0.468134
0.221899
0.158926
0.0558287
0.316212
0.662
0.448232
0.4266
0.230485
0.268465
0.662
0.35541
0.0992802
0.279835
0.0676271
0.269314
0.163241
0.183873
0.662
0.320086
0.279626
0.0368758
0.662
0.610337
0.047552
0.0705896
0.63339
0.112905
0.164919
0.348754
0.189862
0.662
0.0294301
0.523948
0.149418
0.374495
0.662
0.531195
0.123132
0.315257
0.435269
0.277762
0.0994145
0.0572262
0.0379392
0.509035
0.212825
0.662
0.289894
0.0873594
0.312193
0.287361
0.113752
0.662
0.38545
0.208335
0.138359
0.519979
0.392213
0.0850343
0.133051
0.468008
0.480324
0.010347
0.628893
0.662
0.323269
0.0733575
0.289674
0.270477
0.389001
0.662
0.343989
0.088976
0.378853
0.662
0.253419
0.252705
0.662
0.246917
0.0228786
0.420665
0.0873319
0.111983
0.213669
0.662
0.0197902
0.202091
0.662
0.140749
0.567579
0.0972801
0.662
0.0984072
0.201232
0.662
0.662
0.0772087
0.058409
0.0556631
0.147751
0.394208
0.500753
0.0835498
0.0202569
0.184698
0.385642
0.41941
0.349391
0.203705
0.0365012
0.528833
0.0791763
0.27568
0.364438
0.27808
0.106692
0.662
0.56897
0.595887
0.238146
0.0416095
0.224513
0.0699639
0.231937
0.1521
0.14121
0.662
0.153396
0.295696
0.662
0.215071
0.107872
0.629706
0.662
0.21361
0.187347
0.662
0.662
0.662
0.061575
0.662
0.0151709
0.409527
0.299729
0.386974
0.662
0.0796089
0.379533
0.212907
0.656085
0.662
0.0571118
0.1172
0.0714072
0.292211
0.287862
0.432761
0.20868
0.146219
0.11079
0.092155
0.662
0.502454
0.210593
0.229551
0.00114767
0.649209
0.460089
0.00160547
0.230582
0.139873
0.399173
0.244422
0.633838
0.295011
0.167575
0.0882441
0.424173
0.662
0.234259
0.264259
0.0637598
0.197255
0.522016
0.11333
0.200801
0.19422
0.662
0.449213
0.443817
0.160039
0.662
0.382791
0.662
0.450658
0.294003
0.379823
0.394796
0.605681
0.53014
0.0488823
0.181294
0.662
0.488644
0.0760421
0.254213
0.662
0.405571
0.0393073
0.0851435
0.656178
0.278925
0.570923
0.28092
0.524275
0.234617
0.327409
0.1013
0.0840752
0.116991
0.662
0.189302
0.313866
0.508141
0.267304
0.662
0.11458
0.297439
0.206565
0.266427
0.0869356
0.0201488
0.0715306
0.63987
0.206154
0.236113
0.0875546
0.662
0.662
0.331458
0.0744314
0.662
0.141912
0.57947
0.212683
0.632279
0.148642
0.662
0.16896
0.352998
0.568809
0.265769
0.237054
0.183052
0.157421
0.175302
0.132336
0.177145
0.136593
0.649844
0.0956049
0.170693
0.133044
0.662
0.662
0.176432
0.0562419
0.662
0.0889006
0.662
0.0372139
0.471727
0.298432
0.11148
0.358987
0.662
0.463475
0.462296
0.662
0.662
0.0701868
0.662
0.167059
0.662
0.155985
0.289173
0.0499449
0.301184
0.147137
0.18634
0.662
0.189197
0.572586
0.515845
0.158351
0.202333
0.192698
0.357865
0.253757
0.269977
0.318781
0.372583
0.235763
0.660012
0.111895
0.232101
0.269229
0.662
0.0671538
0.207931
0.662
0.662
0.662
0.558224
0.518206
0.289981
0.375918
0.0553496
0.357396
0.432625
0.662
0.662
0.662
0.136774
0.633391
0.209519
0.225572
0.344301
0.125809
0.397736
0.201513
0.142909
0.510817
0.235091
0.0656721
0.662
0.142701
0.662
0.118584
0.132986
0.270545
0.456504
0.292301
0.662
0.378343
0.0938821
0.662
0.134729
0.30822
0.21445
0.48004
0.495012
0.0854927
0.20906
0.475808
0.662
0.662
0.662
0.410355
0.225031
0.126093
0.27562
0.161746
0.2886
0.212096
0.375609
0.07561
0.410436
0.38633
0.582011
0.351054
0.134062
0.153332
0.304922
0.230253
0.120413
0.189276
0.10645
0.617151
0.662
0.662
0.120101
0.11114
0.662
0.298119
0.662
0.429972
0.662
0.0726434
0.542235
0.662
0.134768
0.0166642
0.662
0.15214
0.662
0.662
0.570666
0.0626364
0.0286242
0.124263
0.265506
0.417036
0.378075
0.662
0.171482
0.155668
0.131327
0.662
0.374119
0.662
0.0791646
0.010191
0.414093
0.662
0.143185
0.662
0.662
0.11213
0.213018
0.220957
0.662
0.122523
0.662
0.0796003
0.277463
0.573043
0.0628018
0.130724
0.206976
0.263884
0.172297
0.0423673
0.191911
0.164258
0.0532124
0.303148
0.114346
0.094595
0.0589348
0.0832761
0.542738
0.511767
0.248592
0.163173
0.662
0.463271
0.544157
0.515239
0.0863612
0.270116
0.304145
0.124089
0.662
0.0758226
0.136866
0.141869
0.662
0.0679677
0.36381
0.334033
0.294605
0.213152
0.127169
0.341539
0.0793783
0.202905
0.0619467
0.662
0.124925
0.17438
0.431218
0.113061
0.0918253
0.498873
0.193791
0.0544329
0.13681
0.662
0.662
0.118874
0.30418
0.44686
0.230477
0.662
0.14606
0.662
0.263921
0.165216
0.277171
0.0580651
0.471392
0.421716
0.662
0.163922
0.102232
0.0791516
0.0626152
0.127944
0.0597384
0.177408
0.301061
0.215684
0.113355
0.293759
0.662
0.0794567
0.157348
0.140369
0.292584
0.662
0.662
0.662
0.278554
0.281796
0.341364
0.578794
0.345381
0.209073
0.168536
0.662
0.662
0.425716
0.408943
0.142675
0.662
0.344183
0.267142
0.163817
0.146905
0.17678
0.322649
0.347281
0.140971
0.0970051
0.247741
0.253786
0.662
0.49991
0.662
0.530179
0.662
0.662
0.417462
0.572785
0.301748
0.0939676
0.662
0.662
0.119918
0.662
0.293358
0.437045
0.662
0.403956
0.574443
0.0750441
0.0412104
0.397247
0.390148
0.662
0.337773
0.0486844
0.0832631
0.0420445
0.143637
0.18511
0.0203553
0.332612
0.363091
0.418425
0.587069
0.614456
0.071292
0.0121578
0.206857
0.662
0.242723
0.227425
0.310622
0.662
0.625346
0.239565
0.208563
0.418591
0.490399
0.390505
0.203911
0.0717347
0.662
0.662
0.662
0.275183
0.100362
0.662
0.0407621
0.662
0.359059
0.662
0.173353
0.0872117
0.283645
0.0812039
0.0554798
0.146956
0.662
0.637466
0.0806619
0.164881
0.467344
0.662
0.354165
0.324774
0.441639
0.385019
0.334157
0.105544
0.550971
0.111007
0.578239
0.662
0.171573
0.662
0.101993
0.13564
0.662
0.238037
0.081911
0.135801
0.164628
0.662
0.468863
0.209412
0.269689
0.185548
0.13401
0.28756
0.061576
0.662
0.149945
0.0178391
0.662
0.110933
0.202679
0.354388
0.319464
0.662
0.36943
0.125839
0.06087
0.0532683
0.0289723
0.175735
0.227436
0.0464242
0.0474488
0.390786
0.211947
0.662
0.662
0.20188
0.582945
0.0918689
0.662
0.110516
0.662
0.0766716
0.247301
0.374656
0.076875
0.0942886
0.0825711
0.662
0.336321
0.197755
0.195289
0.662
0.125321
0.529403
0.366954
0.182828
0.662
0.213694
0.186271
0.178964
0.662
0.438215
0.139582
0.662
0.310664
0.0973889
0.178445
0.0995102
0.37082
0.662
0.662
0.21635
0.249484
0.662
0.662
0.238505
0.662
0.337239
0.0252449
0.199761
0.245614
0.0979581
0.172376
0.130851
0.32998
0.199566
0.662
0.267746
0.0920649
0.662
0.353282
0.662
0.137591
0.270806
0.390076
0.19507
0.0962324
0.213331
0.662
0.0607662
0.229417
0.36591
0.0714361
0.395973
0.211964
0.340501
0.152141
0.662
0.227501
0.0925602
0.251196
0.662
0.131225
0.233297
0.151819
0.138245
0.294445
0.662
0.662
0.0730098
0.359909
0.356745
0.227478
0.606609
0.662
0.0875402
0.17974
0.410777
0.583755
0.0832622
0.128242
0.10473
0.662
0.346217
0.662
0.394921
0.242965
0.206385
0.467211
0.132668
0.15771
0.662
0.662
0.0845915
0.0388783
0.163272
0.214903
0.170315
0.172965
0.604335
0.65822
0.156305
0.172923
0.441793
0.662
0.123718
0.662
0.161155
0.100456
0.510072
0.33078
0.513282
0.465328
0.193865
0.214528
0.112444
0.662
0.662
0.214879
0.310599
0.480398
0.369202
0.321696
0.30155
0.662
0.128638
0.301795
0.0373759
0.238275
0.218357
0.0996566
0.189764
0.171015
0.348584
0.439928
0.329147
0.138722
0.315128
0.333985
0.129811
0.30618
0.134571
0.489826
0.371384
0.31863
0.452817
0.370635
0.662
0.437244
0.292054
0.170101
0.245955
0.662
0.657594
0.14126
0.662
0.166095
0.260725
0.237476
0.142734
0.540054
0.634104
0.662
0.357387
0.112395
0.134622
0.643817
0.109682
0.134079
0.0963429
0.109785
0.121983
0.113823
0.069348
0.259457
0.226984
0.543684
0.662
0.088154
0.280897
0.248162
0.08415
0.10547
0.662
0.1023
0.148794
0.368797
0.12537
0.554518
0.122198
0.662
0.361773
0.203476
0.560306
0.659838
0.209879
0.299504
0.662
0.662
0.0900421
0.0256608
0.211183
0.185164
0.662
0.252086
0.15803
0.0479489
0.139708
0.173889
0.307518
0.662
0.162359
0.396604
0.265615
0.662
0.329404
0.662
0.138163
0.662
0.299109
0.396316
0.662
0.329518
0.125473
0.662
0.442333
0.0521652
0.662
0.325641
0.238339
0.496429
0.24266
0.145964
0.0680399
0.621255
0.063048
0.00331631
0.275888
0.095726
0.170659
0.132406
0.662
0.0962409
0.662
0.189235
0.477501
0.114143
0.190056
0.270438
0.662
0.160923
0.662
0.000937399
0.35701
0.202405
0.283959
0.576547
0.04378
0.494204
0.0524459
0.662
0.630581
0.379448
0.212339
0.662
0.144944
0.268401
0.415221
0.662
0.195742
0.662
0.348234
0.587374
0.00304039
0.419241
0.662
0.483933
0.633969
0.331707
0.662
0.497334
0.662
0.110658
0.165598
0.189413
0.278689
0.27011
0.24546
0.12675
0.662
0.172082
0.300167
0.20189
0.140333
0.0346458
0.594543
0.466616
0.195122
0.662
0.31466
0.382489
0.223944
0.163663
0.114794
0.662
0.10177
0.374656
0.613692
0.110276
0.272482
0.393824
0.015337
0.213826
0.523891
0.307713
0.662
0.111056
0.190094
0.662
0.23717
0.116832
0.455672
0.662
0.442295
0.188955
0.0043323
0.216989
0.142629
0.256549
0.359047
0.662
0.247357
0.282101
0.662
0.294203
0.165644
0.079542
0.129462
0.302106
0.499911
0.209221
0.131668
0.662
0.393172
0.507766
0.0798032
0.190192
0.662
0.165789
0.181896
0.169871
0.459591
0.150039
0.462126
0.219484
0.662
0.228501
0.10779
0.022638
0.491315
0.0640747
0.662
0.662
0.639728
0.202772
0.161316
0.152382
0.136786
0.0510416
0.495266
0.0603862
0.185693
0.286418
0.124386
0.457517
0.662
0.305872
0.0806046
0.451248
0.169398
0.662
0.229275
0.662
0.0510974
0.455798
0.0395938
0.251464
0.662
0.421645
0.213017
0.662
0.167327
0.129384
0.327487
0.662
0.662
0.131844
0.436943
0.662
0.662
0.0346117
0.374632
0.178412
0.662
0.662
0.367217
0.137437
0.226118
0.102321
0.662
0.282544
0.399836
0.412113
0.0817305
0.662
0.231023
0.0569914
0.282404
0.26296
0.148974
0.223468
0.370809
0.0873226
0.662
0.238501
0.662
0.341453
0.130594
0.192549
0.0547034
0.439632
0.385319
0.364768
0.279928
0.479099
0.662
0.662
0.111497
0.0938233
0.174839
0.643066
0.328116
0.312876
0.172691
0.662
0.185556
0.662
0.117242
0.0780796
0.0637539
0.662
0.168479
0.572886
0.0853225
0.174477
0.100022
0.151895
0.656401
0.662
0.662
0.080603
0.24708
0.296045
0.2487
0.155886
0.609382
0.0521353
0.0619418
0.662
0.183674
0.662
0.191636
0.236502
0.117781
0.389706
0.13229
0.451871
0.662
0.542115
0.410372
0.662
0.398249
0.0784647
0.107707
0.213801
0.133309
0.217502
0.401066
0.662
0.447733
0.104121
0.101334
0.112865
0.373101
0.0941364
0.42274
0.112208
0.662
0.33152
0.358287
0.228782
0.410051
0.436254
0.124855
0.58874
0.0982559
0.15539
0.662
0.109926
0.22467
0.396138
0.318065
0.662
0.662
0.197151
0.337343
0.662
0.119167
0.662
0.123047
0.662
0.33421
0.662
0.662
0.0987237
0.232434
0.662
0.662
0.473346
0.520305
0.463935
0.227549
0.245008
0.487679
0.662
0.122939
0.124849
0.200053
0.359098
0.662
0.0673862
0.075722
0.662
0.662
0.055773
0.662
0.179958
0.439322
0.035136
0.437414
0.22123
0.310883
0.538941
0.235416
0.0512676
0.662
0.662
0.286507
0.470341
0.0730639
0.662
0.466002
0.268013
0.662
0.319002
0.308591
0.662
0.199256
0.115915
0.539885
0.153584
0.193966
0.662
0.0730826
0.662
0.246003
0.255297
0.662
0.289254
0.10999
0.498579
0.662
0.437336
0.161125
0.662
0.662
0.286458
0.204661
0.0840394
0.326258
0.204252
0.662
0.0533852
0.121146
0.137259
0.365955
0.0207579
0.662
0.662
0.662
0.662
0.164823
0.548149
0.327057
0.140467
0.0670266
0.662
0.23986
0.108156
0.0531795
0.477197
0.180273
0.613776
0.285909
0.662
0.440889
0.662
0.306706
0.206269
0.235127
0.166422
0.0210286
0.138411
0.068063
0.486524
0.0878879
0.662
0.165495
0.454486
0.086518
0.496209
0.0254151
0.545612
0.289124
0.108787
0.203978
0.0113101
0.119658
0.154814
0.0162326
0.432569
0.0572802
0.662
0.662
0.226544
0.355262
0.316236
0.662
0.0633969
0.0660218
0.0507783
0.0867619
0.190095
0.1654
0.484724
0.465655
0.662
0.315467
0.147949
0.012818
0.195992
0.51015
0.0386394
0.22644
0.662
0.240271
0.225634
0.153155
0.283824
0.0631806
0.294887
0.114092
0.1496
0.313884
0.524825
0.0875695
0.239824
0.662
0.420047
0.119017
0.199528
0.474504
0.303144
0.662
0.0700558
0.234548
0.220723
0.0763716
0.39864
0.472564
0.0122388
0.1949
0.662
0.286348
0.0711211
0.216316
0.326806
0.286326
0.170763
0.662
0.635104
0.116069
0.0628401
0.63754
0.624468
0.0845059
0.217786
0.662
0.387307
0.173606
0.242319
0.662
0.662
0.170602
0.127329
0.0892346
0.662
0.248881
0.298153
0.106514
0.564159
0.307205
0.392861
0.246202
0.214008
0.100076
0.110879
0.486986
0.0392874
0.662
0.662
0.662
0.652773
0.101434
0.662
0.0506943
0.43578
0.010822
0.486472
0.306131
0.66094
0.380005
0.451518
0.226159
0.662
0.601452
0.124975
0.0800779
0.204866
0.248468
0.0773088
0.31637
0.285607
0.532589
0.460265
0.418949
0.317171
0.139348
0.662
0.237368
0.192641
0.662
0.11178
0.305057
0.372748
0.423272
0.0671103
0.0657411
0.0684464
0.647373
0.348584
0.0178996
0.194259
0.25701
0.132734
0.229654
0.204838
0.364553
0.417077
0.0653202
0.265923
0.207582
0.305551
0.446927
0.390709
0.325109
0.0548014
0.662
0.662
0.00221564
0.555863
0.662
0.662
0.343727
0.0691538
0.662
0.479626
0.0973887
0.401817
0.662
0.0701257
0.179728
0.236108
0.662
0.0467189
0.662
0.0520162
0.662
0.662
0.305216
0.662
0.662
0.253325
0.0952659
0.152621
0.293198
0.492195
0.225486
0.662
0.662
0.368072
0.161253
0.284906
0.175486
0.175573
0.0822714
0.454072
0.21262
0.0557991
0.409426
0.0460598
0.325564
0.0317527
0.320134
0.287848
0.662
0.662
0.662
0.0239062
0.0897261
0.263489
0.328121
0.0517497
0.662
0.428907
0.370122
0.216377
0.394495
0.662
0.400639
0.626025
0.316412
0.191879
0.210576
0.243827
0.364985
0.662
0.613038
0.379913
0.186476
0.426933
0.0742635
0.0721745
0.662
0.252963
0.467689
0.0380296
0.193591
0.603085
0.290232
0.662
0.231042
0.570685
0.554083
0.0270383
0.150322
0.31728
0.270172
0.339905
0.253125
0.399394
0.145729
0.04659
0.0404433
0.662
0.591039
0.662
0.266516
0.662
0.662
0.653088
0.239866
0.133028
0.662
0.22743
0.190931
0.49083
0.349506
0.537964
0.268899
0.0846623
0.662
0.0201036
0.662
0.662
0.266674
0.271332
0.129996
0.240532
0.662
0.500952
0.169641
0.0925735
0.185886
0.166153
0.588967
0.34572
0.559268
0.516533
0.334839
0.522555
0.662
0.0202199
0.456729
0.662
0.159539
0.662
0.371259
0.31997
0.662
0.263841
0.627169
0.0805135
0.662
0.308721
0.348422
0.616177
0.30792
0.315925
0.662
0.0378785
0.12159
0.367281
0.262211
0.0646341
0.303384
0.325486
0.225886
0.12148
0.168787
0.517462
0.662
0.141521
0.368067
0.259673
0.0729662
0.0762612
0.0685493
0.0825123
0.19742
0.575058
0.0838398
0.662
0.319504
0.41665
0.294213
0.515187
0.371195
0.0659044
0.259486
0.662
0.638291
0.258135
0.247755
0.0678666
0.106431
0.112341
0.148727
0.232814
0.47231
0.476722
0.253939
0.0774741
0.662
0.294624
0.170938
0.110789
0.156166
0.155798
0.662
0.662
0.662
0.662
0.208688
0.500376
0.119357
0.39481
0.303174
0.662
0.202553
0.0594704
0.0364495
0.365543
0.0221462
0.529868
0.011176
0.162938
0.00832938
0.0883322
0.456386
0.662
0.0911068
0.120464
0.457504
0.212844
0.62698
0.491112
0.38779
0.17219
0.118004
0.288071
0.0679613
0.599686
0.452215
0.237019
0.566635
0.662
0.0372467
0.662
0.423144
0.290777
0.142333
0.152061
0.591632
0.188226
0.336442
0.119448
0.662
0.194932
0.662
0.466782
0.497768
0.661397
0.0335377
0.662
0.631638
0.187504
0.404421
0.285526
0.637822
0.315104
0.151037
0.0898024
0.18849
0.168495
0.136042
0.160884
0.136432
0.553172
0.121207
0.165176
0.108668
0.214491
0.662
0.192767
0.194423
0.129093
0.347158
0.51282
0.662
0.0753922
0.0954142
0.115452
0.0533967
0.245235
0.662
0.376183
0.147752
0.0697409
0.289883
0.30188
0.241646
0.308818
0.612073
0.368963
0.662
0.112148
0.103598
0.215867
0.662
0.662
0.662
0.662
0.217643
0.221105
0.063398
0.152478
0.435849
0.662
0.138849
0.322438
0.645847
0.557489
0.0614359
0.138609
0.196934
0.0429762
0.557126
0.513022
0.65852
0.212826
0.162572
0.21228
0.00334951
0.662
0.158816
0.241223
0.13913
0.264534
0.227344
0.470219
0.0639655
0.0495898
0.187314
0.0444286
0.33158
0.523648
0.350332
0.662
0.662
0.662
0.122405
0.080303
0.346683
0.0304037
0.662
0.111937
0.166326
0.272829
0.490233
0.504903
0.179825
0.0668136
0.662
0.0790194
0.299992
0.275925
0.662
0.215738
0.133462
0.305718
0.545114
0.155625
0.176459
0.247715
0.420968
0.662
0.344278
0.662
0.633391
0.0746643
0.0837962
0.141903
0.502356
0.0520768
0.662
0.257186
0.241779
0.570703
0.020572
0.116317
0.0529709
0.579192
0.39903
0.662
0.501205
0.662
0.0930814
0.194388
0.662
0.168243
0.38182
0.0125769
0.147207
0.113026
0.251684
0.0940097
0.662
0.149411
0.390398
0.153198
0.480105
0.120229
0.533537
0.200148
0.197257
0.662
0.662
0.662
0.120089
0.662
0.219508
0.0635358
0.662
0.602101
0.0355746
0.662
0.159201
0.348705
0.334018
0.325861
0.662
0.462012
0.476819
0.662
0.413785
0.497186
0.379112
0.662
0.00522983
0.186545
0.248838
0.615193
0.490264
0.606016
0.305243
0.190792
0.126196
0.165744
0.169678
0.504328
0.123098
0.0422385
0.662
0.178238
0.097891
0.317602
0.662
0.0902434
0.133016
0.662
0.0777892
0.016814
0.259807
0.541965
0.662
0.443685
0.116654
0.352698
0.0362955
0.219496
0.234727
0.457214
0.366311
0.662
0.447637
0.606509
0.217857
0.0746315
0.18016
0.226185
0.658786
0.154818
0.662
0.090002
0.0545761
0.0509721
0.45531
0.592702
0.450699
0.223376
0.00220246
0.462909
0.614607
0.465123
0.449523
0.138258
0.662
0.59074
0.192681
0.402821
0.038249
0.662
0.391337
0.192227
0.148005
0.208945
0.0140728
0.604385
0.0674689
0.39738
0.476556
0.114887
0.199338
0.557349
0.0612933
0.208153
0.108546
0.229186
0.120492
0.402824
0.209017
0.624949
0.0818413
0.489752
0.329436
0.318869
0.222873
0.0848361
0.153502
0.241258
0.121747
0.662
0.401012
0.647658
0.387199
0.282766
0.108719
0.516952
0.124064
0.662
0.600697
0.188232
0.386531
0.662
0.309659
0.206336
0.415869
0.662
0.458243
0.662
0.193527
0.309968
0.247415
0.189129
0.33006
0.121078
0.131758
0.477271
0.649893
0.148962
0.662
0.0528712
0.662
0.239123
0.259766
0.162111
0.414409
0.495918
0.436185
0.662
0.662
0.0649616
0.169235
0.148118
0.0142024
0.606676
0.228087
0.207056
0.122671
0.529514
0.0840526
0.430861
0.00888938
0.662
0.0636273
0.274719
0.348978
0.373834
0.662
0.18897
0.146576
0.187841
0.22608
0.0748277
0.0683398
0.444893
0.0405494
0.21637
0.157069
0.204105
0.550329
0.128011
0.223402
0.618753
0.0133998
0.662
0.662
0.240722
0.662
0.233616
0.157956
0.382546
0.625982
0.0728003
0.332461
0.240503
0.11679
0.266201
0.129316
0.0759381
0.0826793
0.385904
0.662
0.417657
0.284925
0.546317
0.2528
0.232585
0.288416
0.438923
0.0253021
0.0485185
0.232883
0.633993
0.464704
0.662
0.662
0.0719568
0.368387
0.662
0.183999
0.217902
0.662
0.585483
0.281163
0.662
0.378231
0.35866
0.272377
0.662
0.350391
0.176111
0.467652
0.0718499
0.662
0.133425
0.662
0.31298
0.662
0.471537
0.330355
0.413414
0.129831
0.0165402
0.568778
0.436577
0.115113
0.230591
0.479644
0.662
0.569372
0.219572
0.662
0.204474
0.259283
0.662
0.632268
0.330033
0.662
0.148032
0.0875819
0.662
0.130663
0.662
0.481888
0.662
0.0887062
0.662
0.662
0.629763
0.662
0.117757
0.0498576
0.223278
0.0292853
0.629271
0.119983
0.207902
0.187387
0.149518
0.504758
0.660394
0.117974
0.621015
0.0462388
0.0566905
0.256303
0.411954
0.151375
0.662
0.662
0.0174176
0.1438
0.0767294
0.351766
0.662
0.477293
0.17551
0.0579706
0.0642692
0.125797
0.253505
0.13945
0.53665
0.662
0.11377
0.224903
0.216452
0.13896
0.182141
0.257463
0.538616
0.368952
0.662
0.143587
0.192994
0.492413
0.410181
0.412074
0.0700924
0.477408
0.517151
0.21055
0.662
0.662
0.0667949
0.539249
0.658048
0.662
0.125991
0.662
0.417487
0.186754
0.494733
0.0820802
