0.517134
0.497938
0.662
0.132185
0.662
0.608991
0.662
0.372212
0.634354
0.662
0.53844
0.506536
0.570394
0.0702171
0.45582
0.456505
0.0441381
0.662
0.662
0.393844
0.179704
0.630583
0.388751
0.135933
0.662
0.22487
0.194034
0.309022
0.460204
0.51298
0.573486
0.504758
0.662
0.616292
0.191604
0.293977
0.439554
0.662
0.464621
0.208762
0.606927
0.199937
0.0734101
0.216547
0.128987
0.0565044
0.607823
0.662
0.662
0.00175557
0.662
0.419293
0.469222
0.585421
0.515353
0.204687
0.00373307
0.187041
0.181895
0.196677
0.662
0.189763
0.662
0.0725713
0.406973
0.662
0.0965648
0.235361
0.054238
0.570507
0.0866943
0.288463
0.170222
0.662
0.13323
0.275924
0.374053
