0.292104
0.662
0.568663
0.239354
0.429517
0.460353
0.266075
0.480593
0.138935
0.160867
0.468945
0.640471
7.3844e-05
0.307366
0.662
0.0681211
0.393255
0.215949
0.211326
0.102232
0.189945
0.214006
0.087113
0.11567
0.451087
0.543733
0.0077055
0.220036
0.384753
0.0446125
0.416313
0.425789
0.376832
0.103496
0.315954
0.137815
0.573862
0.384823
0.0642534
0.0357758
0.401546
0.129079
0.37663
0.111875
0.442053
0.271721
0.662
0.0384417
0.129159
0.0691241
0.138115
0.290724
0.40316
0.010286
0.131691
0.636413
0.0729168
0.0802947
0.662
0.0778133
0.320558
0.240915
0.0838923
0.376293
0.0674947
0.0328139
0.207229
0.481471
0.203769
0.146981
0.290594
0.336684
0.0306312
0.62038
0.373678
0.662
0.138382
0.348537
0.0675699
0.0795952
0.320047
0.435195
0.264624
0.00197601
0.508354
0.159065
0.0931161
0.139325
0.103695
0.0936737
0.0673026
0.0997035
0.33841
0.114025
0.0871085
0.393484
0.587154
0.167149
0.215658
0.204362
0.209183
0.662
0.129838
0.137843
0.374408
0.382602
0.0666943
0.410739
0.662
0.403233
0.662
0.0796613
0.399322
0.185752
0.172501
0.156495
0.131912
0.101986
0.107374
0.265684
0.0633142
0.662
0.478095
0.0837515
0.662
0.410045
0.662
0.625221
0.0811815
0.108219
0.0387173
0.348147
0.560139
0.0561925
0.120811
0.0864079
0.118824
0.0220648
0.214763
0.0858252
0.15506
0.0595527
0.163462
0.319475
0.181359
0.173678
0.177024
0.104016
0.162168
0.445246
0.369257
0.170026
0.0470088
0.662
0.445097
0.153616
0.556392
0.24677
0.18751
0.662
0.133125
0.660074
0.458884
0.487137
0.405777
0.045645
0.089182
0.662
0.249137
0.147477
0.0193462
0.0611373
0.158655
0.194784
0.221431
0.123122
0.240987
0.103378
0.0894114
0.294206
0.152382
0.104977
0.111764
0.0738364
0.0933435
0.0645022
0.338335
0.44564
0.0975956
0.574894
0.215294
0.217464
0.392636
0.298064
0.185476
0.221199
0.108066
0.235589
0.087995
0.0329633
0.266607
0.11231
0.575672
0.395291
0.15666
0.15172
0.113422
0.0798586
0.099527
0.662
0.0305425
0.294409
0.234798
0.0989143
0.0231838
0.390862
0.0627983
0.49172
0.125966
0.19694
0.107024
0.0560735
0.0656376
0.123663
0.466524
0.418887
0.299985
0.662
0.042659
0.123537
0.138234
0.168848
0.565289
0.17954
0.36199
0.0913106
0.662
0.0742035
0.0871271
0.193522
0.0782775
0.0623139
0.120775
0.00621735
0.0770533
0.234371
0.635613
0.266554
0.439269
0.254672
0.147325
0.156205
0.396819
0.276529
0.181023
0.184967
0.05056
0.10091
0.0299759
0.307067
0.198562
0.38733
0.252138
0.0447306
0.0725938
0.163815
0.293616
0.635779
0.0616048
0.209272
0.0922677
0.268963
0.104625
0.0920408
0.176391
0.00107258
0.549713
0.662
0.258422
0.124032
0.182448
0.152453
0.662
0.299347
0.408308
0.305703
0.0405986
0.542016
0.662
0.216412
0.217318
0.449006
0.227648
0.03452
0.234693
0.0899875
0.0815909
0.237991
0.0445526
0.154749
0.265267
0.313059
0.241434
0.577479
0.281322
0.0160263
0.338743
0.30967
0.512357
0.33457
0.321947
0.429983
0.214644
0.128949
0.137155
0.0698569
0.23299
0.189197
0.588255
0.0725542
0.0547732
0.337413
0.264559
0.207448
0.105848
0.32704
0.654501
0.1039
0.56493
0.460232
0.121002
0.0452659
0.444872
0.0896646
0.662
0.171581
0.466498
0.47359
0.0852892
0.662
0.131896
0.150708
0.406915
0.299137
0.523196
0.158487
0.405878
0.0851044
0.223629
0.107506
0.274645
0.548594
0.20931
0.302813
0.499164
0.0366728
0.312122
0.357417
0.237694
0.101065
0.662
0.317763
0.185105
0.0207712
0.525889
0.0757468
0.229215
0.662
0.379385
0.123141
0.402702
0.404588
0.125614
0.450262
0.17133
0.612463
0.0799016
0.126046
0.038997
0.0557759
0.147455
0.540092
0.0506415
0.495112
0.662
0.099936
0.457557
0.129224
0.110659
0.319906
0.658768
0.138626
0.058904
0.156286
0.0137771
0.059103
0.270162
0.125594
0.0769926
0.662
0.230728
0.165987
0.362721
0.462488
0.109672
0.662
0.160013
0.198703
0.393172
0.276337
0.193002
0.523376
0.117327
0.318932
0.110602
0.303713
0.585591
0.341261
0.60883
0.0720073
0.108187
0.0156244
0.336933
0.328829
0.0621998
0.662
0.583274
0.133041
0.649675
0.143238
0.281022
0.662
0.413148
0.132774
0.48782
0.453597
0.0971688
0.340739
0.110333
0.068067
0.452613
0.105061
0.662
0.0777437
0.174444
0.237679
0.662
0.170172
0.183615
0.116674
0.462165
0.662
0.175483
0.662
0.625183
0.112007
0.0391384
0.275848
0.228221
0.462902
0.18634
0.156675
0.662
0.573681
0.10353
0.442904
0.0811975
0.0643295
0.325626
0.0797847
0.613873
0.146143
0.662
0.662
0.0926353
0.167666
0.0782335
0.617266
0.555693
0.372
0.267532
0.0182999
0.249455
0.626413
0.145241
0.662
0.380017
0.662
0.0673193
0.239919
0.561023
0.425424
0.662
0.662
0.227566
0.0618078
0.400575
0.247917
0.416578
0.415573
0.0571039
0.291622
0.662
0.462472
0.241268
0.0176414
0.0874244
0.225535
0.0789876
0.213691
0.662
0.0838738
0.242245
0.308516
0.20914
0.218205
0.662
0.450675
0.0381501
0.361438
0.114574
0.251412
0.30077
0.227304
0.152082
0.403548
0.35483
0.0506423
0.0898064
0.0833835
0.355849
0.54376
0.387988
0.144359
0.405742
0.119149
0.151221
0.50237
0.330299
0.241018
0.541265
0.121312
0.255582
0.139947
0.662
0.0371471
0.152134
0.100361
0.0435113
0.208269
0.295653
0.119999
0.321434
0.574511
0.412369
0.135647
0.151022
0.288984
0.335679
0.0780144
0.280768
0.00731064
0.102464
0.273846
0.47242
0.146085
0.124415
0.215059
0.116315
0.311756
0.073913
0.342862
0.662
0.525679
0.256313
0.189177
0.662
0.662
0.0963697
0.216386
0.0351763
0.26029
0.357267
0.156562
0.429509
0.524661
0.165499
0.447515
0.442156
0.458215
0.178078
0.152002
0.362676
0.398075
0.262555
0.248439
0.228904
0.0555813
0.302413
0.148326
0.183719
0.0425423
0.116719
0.079456
0.142281
0.0829119
0.117165
0.135031
0.297383
0.193197
0.148634
0.0674018
0.356749
0.20819
0.142749
0.359045
0.0695279
0.662
0.243561
0.183542
0.0571447
0.0442177
0.0312649
0.563435
0.662
0.0784283
0.346482
0.662
0.353156
0.112723
0.244592
0.312762
0.145451
0.174127
0.197528
0.172057
0.0610237
0.030494
0.147989
0.0319636
0.185759
0.523714
0.111424
0.0952592
0.0998974
0.0807614
0.295038
0.0142856
0.470055
0.0227136
0.324386
0.649399
0.662
0.0729869
0.331559
0.662
0.0997144
0.216199
0.177938
0.0759757
0.24792
0.401397
0.375396
0.0758571
0.431747
0.645329
0.058826
0.090496
0.0839236
0.17008
0.0873816
0.662
0.44742
0.105903
0.135701
0.293463
0.0404322
0.305198
0.128011
0.350707
0.195437
0.0702791
0.192689
0.481529
0.139007
0.138052
0.0913293
0.662
0.133395
0.189459
0.604559
0.124595
0.277603
0.237901
0.200088
0.119387
0.531792
0.0618704
0.5161
0.112068
0.531791
0.12271
0.59967
0.284198
0.158268
0.138537
0.107838
0.430537
0.183117
0.662
0.042463
0.225259
0.327206
0.662
0.0770898
0.376676
0.180775
0.184717
0.662
0.247621
0.181992
0.372756
0.307495
0.360778
0.342881
0.151922
0.509855
0.18078
0.443855
0.11779
0.0903272
0.205819
0.543637
0.163561
0.375437
0.385173
0.662
0.0925355
0.127309
0.118794
0.662
0.106013
0.588386
0.01323
0.0713815
0.0721507
0.0995837
0.0256939
0.144288
0.662
0.112841
0.19235
0.355576
0.103726
0.0358845
0.168937
0.565586
0.161519
0.362918
0.00880132
0.652706
0.482498
0.0867495
0.355623
0.325049
0.182065
0.164895
0.260807
0.556673
0.52249
0.584501
0.276816
0.0151103
0.116246
0.0670314
0.139166
0.142841
0.0363273
0.310046
0.257646
0.367449
0.662
0.116592
0.34905
0.164022
0.0991572
0.131702
0.0476383
0.0954879
0.394576
0.117996
0.155557
0.166477
0.432522
0.658854
0.662
0.215146
0.282267
0.0236674
0.335759
0.351811
0.101817
0.285233
0.449746
0.0857236
0.064688
0.104601
0.286926
0.372378
0.0718241
0.548205
0.395337
0.0661086
0.165941
0.49289
0.335255
0.576792
0.376685
0.178958
0.186798
0.662
0.0969235
0.00786611
0.389449
0.439182
0.294061
0.528915
0.202975
0.23619
0.221869
0.613526
0.228114
0.413242
0.541308
0.281867
0.400417
0.147862
0.662
0.287991
0.310194
0.322518
0.120685
0.0708522
0.479666
0.0527339
0.0649101
0.0741556
0.405488
0.0403596
0.392268
0.0878362
0.0115913
0.193596
0.0658895
0.662
0.585365
0.364204
0.410085
0.206121
0.195141
0.16649
0.0982748
0.255631
0.662
0.181826
0.334615
0.534414
0.25059
0.329147
0.0792962
0.472327
0.262844
0.662
0.283791
0.103601
0.40411
0.355311
0.354952
0.321101
0.662
0.0787669
0.28883
0.163897
0.140884
0.662
0.119959
0.0127362
0.180508
0.0736465
0.0837331
0.261455
0.529386
0.155592
0.469804
0.426206
0.488552
0.662
0.460597
0.0518791
0.429369
0.166478
0.166783
0.24257
0.0909877
0.121277
0.456292
0.596314
0.381542
0.0839162
0.112862
0.134664
0.380376
0.662
0.0806261
0.15508
0.662
0.255167
0.150979
0.164633
0.182273
0.0825612
0.11613
0.347972
0.256016
0.0630723
0.158851
0.662
0.309756
0.0760956
0.0865017
0.213709
0.298411
0.439843
0.0776972
0.344121
0.186377
0.217315
0.141164
0.436121
0.0562389
0.362399
0.145481
0.269538
0.268264
0.137936
0.662
0.0768864
0.223359
0.662
0.166124
0.594859
0.662
0.196576
0.410617
0.270433
0.500152
0.662
0.447827
0.430696
0.203331
0.214391
0.0741609
0.0722157
0.202818
0.0190637
0.583283
0.123512
0.57108
0.0732917
0.549114
0.662
0.16101
0.197616
0.662
0.342
0.373098
0.662
0.0246748
0.307113
0.452909
0.369985
0.0692343
0.39978
0.0780385
0.485514
0.0324108
0.167125
0.126364
0.158086
0.218312
0.662
0.206776
0.662
0.133069
0.123996
0.147132
0.03732
0.105642
0.145199
0.0958555
0.245277
0.593194
0.134203
0.206779
0.123026
0.662
0.0137058
0.19596
0.216403
0.242888
0.0813238
0.0773014
0.112243
0.36622
0.00623845
0.510904
0.118386
0.0808607
0.149258
0.202136
0.489488
0.0752782
0.106383
0.373878
0.0103563
0.628847
0.12934
0.0860658
0.101022
0.0517639
0.0749203
0.138891
0.662
0.395084
0.0543763
0.662
0.455703
0.620719
0.0889019
0.0851728
0.107001
0.232238
0.0561469
0.378279
0.162243
0.198255
0.149114
0.0669801
0.0780168
0.127656
0.466365
0.112466
0.294037
0.120089
0.361781
0.594053
0.232781
0.662
0.57617
0.185416
0.206075
0.135938
0.662
0.084546
0.162572
0.335277
0.232971
0.373985
0.140148
0.195612
0.575153
0.150366
0.662
0.0859079
0.155743
0.113331
0.45406
0.0809774
0.169349
0.120813
0.196233
0.409385
0.61257
0.531208
0.164816
0.183794
0.0316541
0.375739
0.146455
0.54303
0.12873
0.15983
0.222521
0.634371
0.075881
0.400517
0.37279
0.1129
0.645998
0.615944
0.188258
0.111057
0.27383
0.388709
0.21005
0.0710417
0.16425
0.111374
0.174188
0.191618
0.00893047
0.14376
0.0672715
0.233317
0.318781
0.662
0.142484
0.117792
0.33158
0.394872
0.488348
0.35098
0.136764
0.154859
0.110017
0.0495309
0.635689
0.282869
0.130286
0.402562
0.146981
0.189621
0.111156
0.270789
0.300613
0.629915
0.15071
0.0877955
0.107393
0.421491
0.0474363
0.662
0.384411
0.240619
0.452614
0.147018
0.662
0.662
0.0908928
0.557935
0.293465
0.107093
0.36764
0.531722
0.157294
0.111406
0.170367
0.0709932
0.200121
0.122045
0.0671963
0.262642
0.0983016
0.334018
0.0661936
0.196738
0.579484
0.225707
0.100218
0.186957
0.662
0.352055
0.339029
0.0302611
0.250826
0.6202
0.132289
0.605024
0.0997426
0.147097
0.0992373
0.220054
0.111217
0.141361
0.579079
0.0849827
0.118124
0.202628
0.547691
0.301186
0.451851
0.301487
0.243121
0.354877
0.182613
0.207855
0.463164
0.331385
0.351607
0.125406
0.455302
0.0939173
0.194162
0.172649
0.635376
0.440219
0.462158
0.615984
0.0241396
0.0427409
0.0429822
0.662
0.357213
0.606371
0.145026
0.152332
0.426382
0.11512
0.662
0.104258
0.258612
0.0390669
0.47681
0.201084
0.129869
0.0905958
0.0290612
0.176022
0.0908394
0.0435426
0.238976
0.629279
0.245387
0.0522364
0.295521
0.48078
0.309017
0.662
0.533673
0.0545284
0.0938164
0.662
0.156991
0.662
0.156013
0.0699385
0.155501
0.582217
0.0743578
0.424219
0.475468
0.522444
0.0198429
0.597253
0.207496
0.549228
0.0823585
0.016959
0.122339
0.662
0.170865
0.583665
0.199183
0.662
0.183277
0.492571
0.139958
0.323739
0.0813838
0.358792
0.662
0.357101
0.349292
0.145536
0.655925
0.279079
0.120033
0.115139
0.523557
0.581355
0.121765
0.129251
0.287002
0.437591
0.0989482
0.0256584
0.662
0.29048
0.457067
0.447461
0.058978
0.605058
0.247556
0.165627
0.577598
0.0243759
0.320096
0.161702
0.373492
0.0765141
0.425816
0.143433
0.469435
0.0801213
0.511475
0.14908
0.228425
0.285388
0.421316
0.177929
0.0448637
0.0680795
0.140988
0.266859
0.237867
0.662
0.369807
0.662
0.0377006
0.0650238
0.427817
0.137598
0.21269
0.288471
0.138942
0.210731
0.137538
0.478853
0.198456
0.248535
0.391566
0.170562
0.430103
0.232903
0.348779
0.306909
0.0177074
0.390271
0.237968
0.0821136
0.321955
0.662
0.316233
0.189732
0.391363
0.156461
0.290226
0.0519672
0.106577
0.346862
0.309106
0.365512
0.296161
0.0413836
0.547455
0.662
0.126584
0.247077
0.0445101
0.280897
0.368956
0.0929735
0.251824
0.611327
0.220133
0.133076
0.662
0.000288203
0.126502
0.205988
0.282055
0.123417
0.0885108
0.18442
0.0383428
0.0985324
0.0945993
0.0689978
0.591873
0.0614532
0.120939
0.186557
0.0434845
0.25761
0.284756
0.344132
0.20493
0.205669
0.384434
0.161684
0.218114
0.0743547
0.114481
0.401451
0.475397
0.229352
0.0298587
0.0257702
0.183797
0.271068
0.356506
0.317306
0.236168
0.662
0.0642954
0.123123
0.233066
0.0760466
0.20708
0.261321
0.157178
0.409634
0.244592
0.172625
0.414841
0.0953181
0.0174135
0.662
0.526275
0.117322
0.178306
0.337783
0.407986
0.293963
0.122348
0.145637
0.216376
0.260317
0.0712592
0.064965
0.148571
0.255837
0.295683
0.254334
0.334163
0.0899715
0.288236
0.094834
0.179191
0.201498
0.662
0.0971539
0.0331148
0.662
0.0828041
0.337435
0.229106
0.203861
0.455155
0.113056
0.0460266
0.198875
0.662
0.0999832
0.0701546
0.183545
0.0180271
0.662
0.369134
0.60319
0.188578
0.349059
0.5713
0.112655
0.135313
0.662
0.363203
0.457327
0.117634
0.633232
0.645301
0.0732493
0.23196
0.090606
0.248645
0.144375
0.00200314
0.279631
0.505791
0.45694
0.494869
0.0458349
0.224887
0.650765
0.527259
0.0852467
0.311986
0.27717
0.0730262
0.240114
0.272362
0.346274
0.0952049
0.0375913
0.662
0.0777701
0.214212
0.662
0.662
0.0758118
0.180551
0.59112
0.134666
0.0586018
0.574282
0.112893
0.260805
0.0568265
0.614032
0.166654
0.174047
0.28676
0.078274
0.036743
0.114182
0.268341
0.221263
0.500251
0.0386175
0.279865
0.118531
0.0760418
0.201693
0.230496
0.662
0.0305422
0.251916
0.0483105
0.662
0.195973
0.1741
0.0886557
0.178083
0.118863
0.307851
0.0599809
0.376842
0.1867
0.340843
0.0795923
0.0845763
0.0389286
0.0887546
0.0727313
0.201752
0.119036
0.240606
0.662
0.0529795
0.234921
0.522857
0.0633825
0.151259
0.0851983
0.237239
0.174476
0.194472
0.335384
0.542116
0.179147
0.0430469
0.106637
0.143903
0.0728916
0.662
0.0915359
0.0933272
0.508025
0.163948
0.244345
0.602072
0.185998
0.191585
0.281838
0.518656
0.429671
0.165772
0.0530733
0.24265
0.117724
0.0714678
0.193325
0.168696
0.199005
0.065634
0.0978536
0.662
0.662
0.0309657
0.350288
0.194769
0.102116
0.278045
0.662
0.0984181
0.166209
0.128404
0.662
0.477068
0.537481
0.529006
0.074076
0.188537
0.171047
0.662
0.484302
0.129104
0.418302
0.0960718
0.0620123
0.249201
0.224173
0.177395
0.431988
0.0568622
0.457768
0.144871
0.0811491
0.0836903
0.0826408
0.0230345
0.153448
0.00106147
0.662
0.084577
0.662
0.0930164
0.137795
0.0695471
0.145728
0.0523717
0.12025
0.216457
0.418917
0.369444
0.662
0.0399178
0.0957674
0.548842
0.212344
0.00874584
0.38926
0.453789
0.390277
0.176395
0.12833
0.283433
0.038474
0.0673075
0.119165
0.662
0.114668
0.358172
0.508623
0.269494
0.230855
0.138659
0.662
0.336748
0.0552562
0.11326
0.156498
0.237722
0.0867789
0.662
0.190243
0.0622919
0.315247
0.423952
0.662
0.206414
0.213829
0.0557978
0.0624935
0.662
0.108088
0.0580977
0.0660655
0.331836
0.0570433
0.0401316
0.103636
0.557499
0.0746243
0.247057
0.608133
0.231132
0.0992814
0.0602703
0.343836
0.182895
0.00684113
0.0764002
0.0306157
0.631064
0.23393
0.102158
0.0641362
0.662
0.662
0.313849
0.322059
0.372076
0.0879839
0.572687
0.151572
0.129237
0.0553632
0.543081
0.237738
0.176284
0.100626
0.384028
0.0644901
0.51128
0.473091
0.493699
0.662
0.292967
0.234603
0.568111
0.0820601
0.298363
0.337163
0.0453156
0.186849
0.0906473
0.420859
0.662
0.229344
0.00888848
0.0344935
0.137705
0.662
0.240241
0.0813144
0.137554
0.0459296
0.130309
0.127919
0.214384
0.154383
0.0376143
