0.662
0.110163
0.20634
0.662
0.205957
0.116492
0.662
0.166549
0.118196
0.330464
0.119619
0.157951
0.662
0.384293
0.662
0.498708
0.294668
0.662
0.662
0.345726
0.662
0.291851
0.0461075
0.560941
0.148203
0.662
0.185365
0.389124
0.662
0.365058
0.391549
0.294964
0.222925
0.313033
0.167915
0.0851923
0.662
0.410831
0.206392
0.662
0.662
0.662
0.416628
0.299193
0.124993
0.0508811
0.368572
0.662
0.409916
0.437305
0.118906
0.0392039
0.662
0.0964379
0.197544
0.15711
0.420195
0.251766
0.662
0.0473982
0.112182
0.0689371
0.293813
0.0730326
0.303324
0.00407353
0.202494
0.662
0.0515796
0.11887
0.186935
0.0389605
0.662
0.0953488
0.0729467
0.222639
0.122037
0.0989869
0.110577
0.321983
0.397321
0.662
0.662
0.0693954
0.0858206
0.507585
0.0864535
0.662
0.17472
0.662
0.472672
0.036474
0.303116
0.662
0.0546287
0.0404348
0.326466
0.560737
0.162046
0.0522376
0.233574
0.54735
0.662
0.662
0.662
0.534391
0.138822
0.662
0.662
0.0400996
0.619265
0.290361
0.500394
0.662
0.0970747
0.662
0.0729457
0.102943
0.085646
0.275405
0.141215
0.25462
0.610051
0.405333
0.392034
0.16125
0.283113
0.124617
0.662
0.662
0.662
0.662
0.662
0.166908
0.576706
0.150975
0.662
0.320996
0.361722
0.232712
0.10977
0.286735
0.0879234
0.179164
0.0972055
0.106544
0.115895
0.111138
0.437409
0.37394
0.189896
0.151299
0.418816
0.662
0.662
0.128262
0.393156
0.662
0.245487
0.662
0.14649
0.140984
0.662
0.170864
0.0786337
0.0503768
0.0975933
0.210729
0.217339
0.662
0.660181
0.322151
0.359615
0.449011
0.406575
0.662
0.662
0.387934
0.0697147
0.662
0.291055
0.662
0.453068
0.203193
0.255048
0.0913757
0.206413
0.262621
0.341316
0.243225
0.262171
0.19404
0.0634885
0.37133
0.0546309
0.150045
0.217021
0.182907
0.662
0.468301
0.166878
0.662
0.453385
0.209161
0.107862
0.10981
0.298244
0.122478
0.139313
0.662
0.0413253
0.132144
0.662
0.204837
0.226216
0.0746728
0.243954
0.662
0.33931
0.662
0.10236
0.246338
0.14361
0.662
0.662
0.662
0.662
0.498752
0.0635462
0.254039
0.260534
0.352405
0.217578
0.204193
0.315996
0.235277
0.25261
0.304623
0.238206
0.662
0.662
0.0550883
0.662
0.662
0.116645
0.512821
0.365501
0.297993
0.468084
0.149192
0.0147911
0.201212
0.0755336
0.305654
0.662
0.622898
0.662
0.323188
0.150808
0.662
0.32121
0.135628
0.662
0.30765
0.156761
0.183977
0.662
0.208027
0.248592
0.662
0.461067
0.152861
0.270091
0.177374
0.0800668
0.132524
0.139686
0.263775
0.662
0.662
0.662
0.460932
0.662
0.175621
0.662
0.584407
0.247801
0.662
0.147841
0.00161385
0.14089
0.36484
0.228909
0.662
0.297261
0.272416
0.484066
0.526109
0.180225
0.123575
0.159595
0.455894
0.0969219
0.0748798
0.176625
0.662
0.340438
0.662
0.0728022
0.662
0.662
0.662
0.0898203
0.152201
0.662
0.662
0.0868888
0.10231
0.603208
0.0120534
0.0768264
0.315264
0.0678098
0.292095
0.662
0.613887
0.197983
0.0680608
0.444709
0.662
0.0480163
0.158341
0.141445
0.662
0.329148
0.0876633
0.662
0.237783
0.662
0.662
0.26789
0.230017
0.149869
0.511187
0.234955
0.662
0.581553
0.0670436
0.358485
0.0921378
0.0280614
0.662
0.662
0.353726
0.662
0.100369
0.422445
0.57573
0.662
0.295929
0.0879734
0.662
0.662
0.401076
0.0798724
0.662
0.260322
0.0681834
0.422151
0.295912
0.529732
0.120666
0.0708109
0.0779122
0.329831
0.190677
0.239249
0.087727
0.166547
0.30347
0.0801748
0.390518
0.230941
0.256029
0.101315
0.662
0.58705
0.411921
0.662
0.240375
0.25228
0.633391
0.0842382
0.662
0.662
0.124826
0.0106066
0.0719297
0.329051
0.242233
0.0697311
0.518026
0.316285
0.662
0.0554461
0.0804563
0.4108
0.257234
0.508892
0.662
0.148703
0.457477
0.46886
0.644266
0.36883
0.257133
0.210172
0.288617
0.636284
0.0309807
0.311636
0.173617
0.324734
0.662
0.342271
0.129851
0.662
0.103366
0.247749
0.311854
0.463117
0.0274132
0.144931
0.662
0.343789
0.467535
0.207547
0.662
0.662
0.226562
0.107595
0.279957
0.111703
0.628065
0.266565
0.35309
0.662
0.24551
0.428637
0.662
0.374289
0.499794
0.418145
0.603793
0.141695
0.662
0.250935
0.145967
0.395905
0.216658
0.188216
0.281187
0.662
0.662
0.405185
0.652052
0.226085
0.662
0.252464
0.662
0.440882
0.00796596
0.662
0.426929
0.29194
0.28272
0.231402
0.662
0.662
0.451698
0.662
0.141094
0.0271841
0.195937
0.128671
0.662
0.483237
0.662
0.473222
0.128403
0.315776
0.0130662
0.662
0.573901
0.061314
0.161859
0.115917
0.0268231
0.0687593
0.468929
0.0436759
0.662
0.237985
0.536121
0.662
0.0993215
0.404839
0.279378
0.0910959
0.210824
0.366374
0.21243
0.618947
0.287963
0.523236
0.0265047
0.548053
0.255943
0.350389
0.0216181
0.131248
0.193584
0.494394
0.662
0.0740054
0.566285
0.19831
0.662
0.662
0.368948
0.060322
0.171022
0.075959
0.382244
0.333119
0.662
0.214836
0.276675
0.103312
0.12747
0.345553
0.634615
0.00194957
0.662
0.662
0.349398
0.107431
0.662
0.469894
0.19754
0.181963
0.256373
0.110941
0.181951
0.662
0.0894285
0.452563
0.598724
0.0540416
0.2401
0.662
0.185157
0.0381264
0.662
0.465405
0.500583
0.0147665
0.215891
0.18137
0.0918127
0.133824
0.238054
0.396729
0.275714
0.0898609
0.428897
0.401586
0.199705
0.662
0.37634
0.264223
0.662
0.268722
0.268152
0.505802
0.031291
0.322545
0.168176
0.662
0.662
0.468287
0.402588
0.662
0.562079
0.220869
0.182003
0.662
0.662
0.662
0.325093
0.166173
0.662
0.662
0.523085
0.0867263
0.195581
0.39022
0.0133316
0.662
0.158645
0.0848963
0.662
0.089994
0.270787
0.283734
0.13759
0.662
0.602227
0.662
0.427336
0.662
0.128499
0.467928
0.0349831
0.425109
0.206639
0.662
0.573272
0.309317
0.62927
0.441392
0.214936
0.215868
0.662
0.131211
0.187701
0.268911
0.155053
0.490605
0.502724
0.0707955
0.443911
0.639142
0.344692
0.296404
0.162749
0.662
0.338633
0.135832
0.413308
0.0618096
0.261699
0.0369546
0.109659
0.449766
0.662
0.374812
0.662
0.536793
0.245391
0.240012
0.662
0.522465
0.0950533
0.0506908
0.328038
0.452537
0.30364
0.662
0.342228
0.359414
0.166506
0.309152
0.662
0.662
0.429754
0.140706
0.645929
0.662
0.662
0.329748
0.662
0.267882
0.0255917
0.424355
0.305362
0.330636
0.662
0.369184
0.32315
0.173488
0.0580799
0.318262
0.208566
0.196213
0.239958
0.137983
0.662
0.195596
0.662
0.126063
0.354625
0.662
0.188767
0.316778
0.167127
0.662
0.0749466
0.315758
0.662
0.0458453
0.420332
0.208349
0.109427
0.662
0.155568
0.662
0.662
0.648386
0.511445
0.0933036
0.356405
0.644931
0.485674
0.108451
0.157438
0.304024
0.0109101
0.0402307
0.12034
0.662
0.497496
0.263552
0.662
0.0838253
0.605547
0.662
0.662
0.353444
0.162953
0.0550658
0.546023
0.37439
0.662
0.30084
0.228498
0.0345789
0.662
0.0713779
0.156038
0.157476
0.390306
0.0370198
0.109812
0.580777
0.169146
0.662
0.662
0.263136
0.141128
0.662
0.21637
0.253209
0.173982
0.22038
0.0810028
0.187117
0.662
0.0918937
0.662
0.357713
0.333991
0.662
0.530276
0.0823526
0.662
0.222114
0.475114
0.662
0.662
0.18441
0.163383
0.598292
0.300355
0.662
0.662
0.371172
0.481608
0.238256
0.191057
0.101606
0.0582263
0.353881
0.329983
0.662
0.480965
0.662
0.662
0.662
0.0375998
0.306222
0.322394
0.143042
0.560753
0.419659
0.320307
0.51062
0.126666
0.221247
0.662
0.125286
0.238964
0.662
0.122517
0.435819
0.662
0.147608
0.662
0.418428
0.662
0.218159
0.346413
0.662
0.189079
0.662
0.367214
0.662
0.235401
0.454547
0.287718
0.204892
0.662
0.662
0.662
0.46322
0.662
0.210153
0.109113
0.662
0.254706
0.0899182
0.662
0.189043
0.662
0.662
0.436267
0.662
0.662
0.0719949
0.662
0.447237
0.463443
0.475972
0.2163
0.662
0.245178
0.662
0.0479404
0.381154
0.443277
0.106771
0.428944
0.662
0.662
0.662
0.0821736
0.192759
0.313109
0.0920854
0.662
0.247214
0.220213
0.175784
0.662
0.399979
0.413479
0.0599141
0.105369
0.31869
0.247789
0.662
0.15159
0.0406388
0.207656
0.445465
0.454947
0.150817
0.320066
0.421379
0.662
0.0129041
0.17782
0.323452
0.0891632
0.662
0.00615561
0.108192
0.260485
0.367452
0.662
0.662
0.164611
0.499483
0.363647
0.261659
0.472521
0.262263
0.289994
0.662
0.662
0.588937
0.609409
0.101884
0.662
0.212077
0.291674
0.662
0.0686696
0.137014
0.168311
0.0617961
0.0319401
0.357745
0.390589
0.662
0.210936
0.662
0.0365602
0.353691
0.229511
0.662
0.286502
0.36856
0.285595
0.662
0.102105
0.662
0.100847
0.662
0.662
0.362721
0.662
0.662
0.139936
0.639555
0.409796
0.296719
0.327499
0.20071
0.662
0.463264
0.281379
0.19166
0.315705
0.149997
0.426174
0.177566
0.0993505
0.189371
0.127954
0.0218005
0.198902
0.417862
0.137762
0.116688
0.0396902
0.340606
0.462254
0.138755
0.405686
0.662
0.662
0.355977
0.107853
0.662
0.662
0.662
0.0593561
0.117804
0.171255
0.596473
0.0424215
0.662
0.188227
0.537845
0.211373
0.453406
0.330876
0.0609278
0.220764
0.10072
0.662
0.0655991
0.102437
0.662
0.113638
0.211149
0.110779
0.180746
0.662
0.111301
0.662
0.662
0.056948
0.662
0.0849887
0.464622
0.608139
0.122898
0.370054
0.633189
0.478986
0.199831
0.627958
0.349739
0.662
0.662
0.662
0.164611
0.0708407
0.229108
0.251731
0.662
0.0333164
0.117223
0.473698
0.139644
0.210451
0.662
0.662
0.177148
0.305996
0.00708199
0.101569
0.308582
0.460466
0.251022
0.142037
0.662
0.662
0.219107
0.386645
0.254345
0.061408
0.059403
0.0502459
0.662
0.516817
0.193828
0.0463327
0.246362
0.105421
0.662
0.110982
0.02205
0.0661801
0.102887
0.662
0.203179
0.338433
0.353181
0.599845
0.0772459
0.310933
0.110416
0.0685489
0.661346
0.662
0.373828
0.662
0.662
0.478875
0.364129
0.0719887
0.662
0.590708
0.291734
0.477636
0.176918
0.627575
0.228705
0.317042
0.327993
0.227913
0.224173
0.496145
0.662
0.071583
0.662
0.224236
0.662
0.252198
0.614648
0.227886
0.113486
0.662
0.387672
0.418694
0.618615
0.0269754
0.662
0.14057
0.0745518
0.36346
0.385165
0.264451
0.343391
0.662
0.248282
0.662
0.402774
0.0297923
0.0770466
0.662
0.0800955
0.227643
0.493437
0.0400186
0.159672
0.231121
0.267926
0.662
0.0558463
0.0776828
0.0764567
0.662
0.662
0.40664
0.301159
0.662
0.662
0.169904
0.00741248
0.662
0.662
0.226623
0.662
0.469269
0.253203
0.662
0.513375
0.088122
0.662
0.662
0.384218
0.657911
0.633694
0.161098
0.129178
0.0459952
0.139767
0.662
0.524301
0.662
0.094379
0.662
0.126284
0.174609
0.294761
0.19717
0.662
0.212882
0.662
0.528838
0.189445
0.26867
0.662
0.10002
0.0409996
0.282466
0.0229304
0.56431
0.149955
0.662
0.143971
0.0952061
0.662
0.452834
0.384009
0.449218
0.221884
0.396028
0.195591
0.318491
0.662
0.147711
0.173657
0.662
0.223033
0.078575
0.291947
0.301277
0.49252
0.294518
0.55791
0.135416
0.662
0.662
0.0872944
0.662
0.383818
0.662
0.662
0.662
0.449136
0.170772
0.271867
0.437247
0.662
0.662
0.662
0.662
0.0624506
0.0799981
0.187138
0.445586
0.0761397
0.662
0.270118
0.3171
0.235675
0.366279
0.218776
0.226177
0.0937912
0.0109176
0.179106
0.362128
0.206973
0.265125
0.150673
0.295836
0.360603
0.0435671
0.183772
0.0844905
0.662
0.294756
0.105261
0.319875
0.331468
0.0677204
0.662
0.0395587
0.143242
0.451538
0.662
0.289552
0.229258
0.662
0.364652
0.0527529
0.0545692
0.328067
0.319471
0.0591089
0.329609
0.662
0.278658
0.0377765
0.220772
0.469204
0.392769
0.200192
0.33027
0.662
0.183567
0.223512
0.374872
0.350441
0.0694689
0.662
0.106671
0.156901
0.275456
0.201724
0.390672
0.662
0.662
0.48102
0.252814
0.141326
0.327181
0.139466
0.662
0.662
0.55725
0.0891789
0.445047
0.227301
0.458475
0.308837
0.662
0.662
0.128622
0.275602
0.165348
0.253454
0.0256365
0.148064
0.46258
0.662
0.129219
0.067508
0.398736
0.299427
0.0490646
0.164049
0.418938
0.662
0.509524
0.662
0.662
0.205573
0.406947
0.662
0.198285
0.348715
0.662
0.662
0.132964
0.339616
0.187475
0.458261
0.302996
0.662
0.158586
0.203607
0.192846
0.217825
0.254479
0.636253
0.662
0.229056
0.114737
0.181549
0.368964
0.662
0.259652
0.401771
0.320699
0.44569
0.245749
0.358678
0.328454
0.253503
0.662
0.662
0.159623
0.255203
0.368326
0.366052
0.151133
0.662
0.104306
0.647603
0.23003
0.662
0.293585
0.662
0.662
0.206213
0.147713
0.565041
0.0989593
0.216019
0.114446
0.662
0.662
0.290936
0.506414
0.662
0.662
0.425252
0.245688
0.199602
0.615828
0.0719278
0.196306
0.262913
0.474838
0.1833
0.0727352
0.0657709
0.200988
0.093096
0.200049
0.662
0.662
0.662
0.64577
0.0193077
0.322902
0.239517
0.107569
0.272325
0.144238
0.662
0.662
0.282678
0.583981
0.662
0.24774
0.321271
0.154582
0.578663
0.662
0.104145
0.282956
0.212934
0.228567
0.00765418
0.614539
0.338767
0.662
0.662
0.171285
0.226525
0.258098
0.0623056
0.390093
0.208557
0.662
0.127044
0.662
0.662
0.440166
0.0879315
0.245986
0.397702
0.102424
0.512467
0.662
0.662
0.662
0.48614
0.662
0.662
0.444229
0.0564873
0.662
0.112466
0.357057
0.0438669
0.105707
0.0438611
0.662
0.662
0.450738
0.427156
0.107627
0.383231
0.662
0.0829701
0.148778
0.201977
0.662
0.463767
0.171111
0.61221
0.100507
0.395653
0.55367
0.662
0.144607
0.246376
0.0129676
0.662
0.0365102
0.353997
0.662
0.473203
0.662
0.0726217
0.0976325
0.059337
0.662
0.662
0.244501
0.0986626
0.343442
0.662
0.408585
0.239874
0.494641
0.138436
0.232632
0.0726412
0.662
0.0927236
0.203046
0.0982193
0.216066
0.662
0.0119684
0.662
0.403519
0.286696
0.418128
0.188047
0.392897
0.662
0.291906
0.662
0.286471
0.248979
0.662
0.427955
0.16715
0.299762
0.0592985
0.363542
0.230127
0.203495
0.185057
0.130505
0.662
0.0352433
0.662
0.59327
0.662
0.662
0.662
0.202746
0.190292
0.0725119
0.103835
0.227653
0.577956
0.542063
0.662
0.662
0.367558
0.128883
0.118935
0.243028
0.0736314
0.192818
0.662
0.0472932
0.310862
0.0624248
0.328891
0.662
0.662
0.190003
0.190283
0.662
0.100353
0.298282
0.0685268
0.662
0.165196
0.0996612
0.0809251
0.662
0.238662
0.0722427
0.0820563
0.305427
0.662
0.193041
0.662
0.662
0.0766058
0.173374
0.458735
0.234811
0.319519
0.662
0.097215
0.662
0.398496
0.662
0.379795
0.662
0.0773569
0.127529
0.196195
0.354589
0.0883183
0.396781
0.00345693
0.662
0.662
0.662
0.128097
0.662
0.546059
0.13408
0.053137
0.450185
0.371329
0.230595
0.161284
0.662
0.140781
0.251077
0.662
0.662
0.346231
0.285211
0.662
0.0493627
0.39446
0.662
0.412973
0.362607
0.112756
0.662
0.0939071
0.417259
0.0619417
0.643648
0.143333
0.255907
0.277944
0.662
0.288199
0.194494
0.246583
0.0810378
0.662
0.184951
0.0963944
0.662
0.286048
0.253342
0.662
0.662
0.514969
0.501031
0.411967
0.662
0.662
0.565318
0.539906
0.1757
0.115213
0.614578
0.662
0.662
0.299974
0.662
0.228491
0.485802
0.662
0.662
0.600428
0.328588
0.318933
0.662
0.185037
0.163235
0.309259
0.662
0.166111
0.175439
0.352774
0.662
0.265486
0.234366
0.0413224
0.662
0.247979
0.0938923
0.662
0.0530385
0.12536
0.070867
0.375138
0.662
0.475478
0.60669
0.393547
0.110802
0.662
0.0648382
0.409456
0.662
0.662
0.0558748
0.619639
0.662
0.291612
0.470036
0.106544
0.248789
0.662
0.0505725
0.662
0.0885558
0.662
0.310493
0.160097
0.168744
0.0756097
0.365551
0.192984
0.14647
0.437469
0.646613
0.177382
0.0434259
0.225569
0.461597
0.320435
0.662
0.662
0.662
0.298577
0.662
0.443451
0.662
0.535146
0.106996
0.662
0.166
0.398639
0.124665
0.254709
0.367253
0.662
0.319437
0.662
0.662
0.662
0.126117
0.0678775
0.619082
0.309412
0.326243
0.278942
0.268496
0.270203
0.662
0.596104
0.0786577
0.286839
0.42178
0.202562
0.662
0.144668
0.233416
0.0501191
0.319799
0.0512403
0.662
0.206567
0.595269
0.553698
0.206469
0.629459
0.662
0.662
0.240443
0.662
0.662
0.546036
0.662
0.358572
0.662
0.448983
0.447165
0.0520647
0.00878177
0.160556
0.662
0.388071
0.662
0.662
0.225828
0.0284127
0.395541
0.151968
0.662
0.119307
0.452222
0.349758
0.118595
0.18384
0.662
0.0296989
0.276661
0.342646
0.239073
0.37483
0.399112
0.323223
0.0799789
0.404112
0.662
0.662
0.662
0.397547
0.662
0.432781
0.435116
0.153856
0.636313
0.478459
0.151124
0.481365
0.304605
0.483208
0.662
0.220904
0.229995
0.429431
0.17593
0.236933
0.241961
0.112861
0.197673
0.343717
0.569253
0.352242
0.255802
0.105971
0.0678259
0.148565
0.145867
0.393556
0.393134
0.0584915
0.0525227
0.232036
0.400105
0.435636
0.223494
0.379093
0.662
0.295812
0.0765271
0.11956
0.121276
0.164475
0.1066
0.148294
0.177794
0.396002
0.266814
0.662
0.129703
0.0927921
0.556059
0.233297
0.148126
0.347553
0.23247
0.0565097
0.662
0.662
0.662
0.662
0.44319
0.0991948
0.282197
0.0117214
0.662
0.238657
0.168159
0.229439
0.421999
0.662
0.39956
0.263685
0.662
0.397165
0.0879107
0.275511
0.586576
0.662
0.0399837
0.529271
0.270568
0.149092
0.312096
0.193218
0.272244
0.662
0.662
0.662
0.651166
0.10884
0.186048
0.45208
0.29211
0.42911
0.662
0.28675
0.539117
0.275714
0.211029
0.624587
0.158706
0.133022
0.150727
0.300172
0.207368
0.309346
0.662
0.662
0.662
0.262665
0.662
0.662
0.16137
0.662
0.340688
0.357782
0.382499
0.0620338
0.662
0.0850274
0.0909021
0.233153
0.208953
0.254148
0.132243
0.0847715
0.0368645
0.22601
0.466751
0.406803
0.0306137
0.662
0.505949
0.0488455
0.180889
0.277589
0.437752
0.415964
0.392021
0.378024
0.194804
0.18295
0.196704
0.024326
0.0822187
0.476525
0.355132
0.05179
0.276573
0.0745054
0.364535
0.0471833
0.279674
0.203871
0.662
0.662
0.606061
0.662
0.155079
0.662
0.354601
0.187566
0.18912
0.5724
0.054569
0.662
0.112355
0.662
0.164891
0.107611
0.11488
0.662
0.12242
0.247088
0.277966
0.0883354
0.662
0.524443
0.497363
0.0745988
0.122522
0.662
0.231927
0.316919
0.0801206
0.657149
0.662
0.0386414
0.127605
0.662
0.0944274
0.0790219
0.382847
0.105434
0.359535
0.18927
0.662
0.184814
0.662
0.617216
0.662
0.662
0.442781
0.662
0.261903
0.0648545
0.0840264
0.662
0.662
0.662
0.454031
0.264589
0.662
0.662
0.662
0.250505
0.410852
0.250123
0.240198
0.279067
0.153452
0.551811
0.116203
0.095772
0.295323
0.312706
0.662
0.519623
0.317408
0.154581
0.206608
0.424606
0.426041
0.662
0.279304
0.662
0.662
0.0261092
0.576652
0.390992
0.307462
0.662
0.00766861
0.0425048
0.662
0.0950431
0.662
0.662
0.491265
0.0297532
0.456452
0.149042
0.157027
0.662
0.419188
0.116428
0.121341
0.501849
0.339277
0.261025
0.0704332
0.662
0.0904377
0.263515
0.662
0.662
0.596309
0.510188
0.181454
0.662
0.199857
0.130973
0.662
0.132223
0.0791083
0.662
0.662
0.0939515
0.385117
0.221469
0.0653132
0.198699
0.144604
0.662
0.283949
0.0149866
0.293859
0.168736
0.662
0.559611
0.0963775
0.662
0.662
0.13553
0.145937
0.0470222
0.567596
0.0641531
0.0905655
0.532439
0.465972
0.252219
0.226971
0.662
0.662
0.0658283
0.291157
0.32598
0.198332
0.662
0.143481
0.662
0.0465245
0.199763
0.342469
0.469887
0.0993205
0.363692
0.662
0.662
0.250736
0.662
0.0469707
0.102302
0.0704269
0.0941115
0.281795
0.130778
0.662
0.0720821
0.352689
0.662
0.203967
0.637536
0.662
0.0517612
0.204462
0.290725
0.0934321
0.207286
0.581865
0.242767
0.662
0.19732
0.662
0.205308
0.662
0.662
0.370348
0.0621956
0.371119
0.203062
0.662
0.662
0.027738
0.0682427
0.101275
0.272346
0.173368
0.2215
0.642181
0.662
0.662
0.146856
0.662
0.350951
0.662
0.248615
0.021669
0.662
0.304613
0.214458
0.145906
0.131874
0.662
0.27888
0.38166
0.293984
0.0174266
0.662
0.408199
0.662
0.069584
0.662
0.451568
0.43748
0.662
0.56476
0.596782
0.229295
0.158927
0.292837
0.115893
0.159407
0.242336
0.101147
0.0588315
0.0713609
0.437622
0.662
0.264902
0.662
0.252358
0.662
0.1365
0.0774049
0.213276
0.164718
0.357706
0.354655
0.662
0.208363
0.467831
0.136448
0.662
0.662
0.103193
0.102268
0.662
0.662
0.662
0.662
0.106667
0.0612628
0.279557
0.662
0.233468
0.0872358
0.662
0.662
0.662
0.662
0.0862885
0.662
0.21104
0.550381
0.327036
0.662
0.0522767
0.243345
0.0962423
0.662
0.107544
0.240397
0.203129
0.22114
0.662
0.662
0.302513
0.662
0.0440113
0.102013
0.185695
0.662
0.287037
0.662
0.662
0.356833
0.21495
0.348806
0.30934
0.170687
0.162935
0.426571
0.201847
0.140145
0.3538
0.274182
0.33285
0.596797
0.0574532
0.25338
0.158327
0.305445
0.308633
0.343141
0.341267
0.662
0.662
0.662
0.136172
0.363866
0.398651
0.35881
0.466458
0.662
0.171707
0.154156
0.662
0.645158
0.123756
0.595089
0.662
0.272937
0.331642
0.106727
0.662
0.614986
0.115859
0.20751
0.303532
0.662
0.479143
0.191914
0.590015
0.150817
0.505667
0.662
0.134952
0.513355
0.00354254
0.10232
0.0240302
0.101864
0.100534
0.15624
0.136889
0.117817
0.432222
0.662
0.134666
0.0918056
0.0218473
0.662
0.0792208
0.207866
0.240929
0.227888
0.470041
0.662
0.348846
0.506463
0.207645
0.210228
0.191836
0.530107
0.0911697
0.195797
0.439448
0.350819
0.480815
0.382762
0.499704
0.662
0.366074
0.642569
0.314265
0.580844
0.662
0.584117
0.164456
0.0523384
0.419035
0.287536
0.418728
0.662
0.189846
0.662
0.662
0.363286
0.402525
0.291014
0.208946
0.662
0.662
0.0260062
0.203693
0.446776
0.662
0.229891
0.629463
0.0854627
0.124066
0.592513
0.311844
0.662
0.114978
0.597892
0.413505
0.662
0.662
0.0823528
0.616611
0.662
0.0389908
0.662
0.579603
0.148335
0.00999159
0.276427
0.189411
0.00559748
0.430695
0.662
0.662
0.532146
0.662
0.310341
0.160066
0.457503
0.0714152
0.175784
0.376578
0.16871
0.106711
0.478995
0.346936
0.203384
0.662
0.0559057
0.316935
0.488507
0.295368
0.18865
0.662
0.0653576
0.270777
0.539945
0.284513
0.209428
0.662
0.0734654
0.201771
0.298356
0.0742613
0.129363
0.198307
0.185078
0.662
0.662
0.438404
0.662
0.401893
0.401793
0.22381
0.276211
0.405975
0.0762176
0.00558
0.271403
0.662
0.582567
0.409863
0.309614
0.662
0.511485
0.109583
0.0279999
0.51031
0.655245
0.0990939
0.365086
0.137609
0.662
0.190588
0.181148
0.184159
0.23571
0.40141
0.32462
0.248392
0.662
0.215404
0.662
0.285242
0.179766
0.662
0.662
0.0425999
0.317953
0.326217
0.2663
0.387076
0.069396
0.280718
0.662
0.217942
0.233715
0.662
0.153889
0.662
0.662
0.00727544
0.662
0.0954058
0.662
0.55827
0.300854
0.147958
0.2003
0.1887
0.185237
0.335389
0.662
0.292564
0.386108
0.0141329
0.662
0.496994
0.662
0.662
0.662
0.17984
0.12807
0.118914
0.662
0.283258
0.662
0.580134
0.662
0.220434
0.102344
0.0901627
0.130604
0.293464
0.112846
0.662
0.332365
0.106077
0.145721
0.662
0.249223
0.281683
0.317209
0.116496
0.230768
0.662
0.343184
0.662
0.408561
0.165204
0.662
0.198465
0.423544
0.329597
0.207338
0.564313
0.237872
0.319737
0.0042582
0.208468
0.26538
0.158461
0.148621
0.0598912
0.261176
0.441254
0.0349372
0.286154
0.128986
0.204664
0.374657
0.4081
0.207116
0.661727
0.662
0.367518
0.0991218
0.00965107
0.662
0.662
0.0551349
0.321759
0.0889858
0.662
0.147227
0.165057
0.164928
0.31857
0.308324
0.260983
0.662
0.0755566
0.237489
0.132072
0.349248
0.662
0.662
0.0224468
0.173871
0.241338
0.168102
0.197751
0.662
0.236275
0.255393
0.0848858
0.174395
0.161269
0.200465
0.520575
0.662
0.662
0.159763
0.662
0.336316
0.185162
0.306995
0.662
0.139417
0.0733967
0.188726
0.230209
0.662
0.179861
0.41747
0.364385
0.662
0.537826
0.662
0.289116
0.582726
0.45144
0.343581
0.426411
0.662
0.641586
0.574644
0.662
0.33677
0.013457
0.175479
0.662
0.176856
0.647914
0.0717407
0.40535
0.298141
0.126942
0.015998
0.132849
0.662
0.662
0.081271
0.662
0.662
0.103684
0.143144
0.662
0.218021
0.0454097
0.355546
0.432266
0.32157
0.387279
0.105005
0.0917893
0.110766
0.473495
0.0408752
0.0320146
0.407007
0.238782
0.59702
0.210097
0.190399
0.124612
0.53943
0.662
0.331124
0.513832
0.662
0.243068
0.662
0.153947
0.662
0.662
0.662
0.662
0.116688
0.110256
0.11449
0.195746
0.0660577
0.507537
0.230168
0.499941
0.132657
0.365451
0.381643
0.662
0.662
0.213075
0.662
0.159611
0.509861
0.0182106
0.185594
0.393355
0.243837
0.0365546
0.0819154
0.0576904
0.202368
0.466762
0.0861689
0.149737
0.662
0.133867
0.257963
0.662
0.0123614
0.039841
0.19431
0.662
0.269423
0.103089
0.662
0.662
0.662
0.662
0.531619
0.338404
0.662
0.143478
0.436621
0.101173
0.148214
0.144639
0.150257
0.662
0.0655682
0.100856
0.127643
0.463423
0.275987
0.662
0.292595
0.25861
0.124754
0.333258
0.455845
0.195999
0.662
0.217383
0.662
0.238795
0.33934
0.275234
0.662
0.00884962
0.0488832
0.106347
0.662
0.293284
0.662
0.662
0.0895367
0.193189
0.182159
0.114567
0.204837
0.662
0.126417
0.0440966
0.244398
0.662
0.662
0.419327
0.662
0.428295
0.23151
0.662
0.235948
0.00652156
0.165036
0.0037072
0.19599
0.662
0.230619
0.662
0.216357
0.430776
0.433889
0.662
0.662
0.662
0.662
0.662
0.662
0.662
0.662
0.294708
0.0921217
0.662
0.623893
0.400278
0.0897037
0.28932
0.230569
0.662
0.154981
0.106356
0.662
0.100286
0.460602
0.0537803
0.153994
0.662
0.207771
0.0840742
0.324349
0.461336
0.0198922
0.662
0.198946
0.103249
0.365719
0.662
0.399042
0.236427
0.453091
0.318181
0.345464
0.039174
0.306416
0.0748221
0.124283
0.405982
0.0658157
0.526943
0.662
0.344167
0.662
0.662
0.222217
0.662
0.662
0.118607
0.38711
0.0738028
0.0721143
0.174148
0.643201
0.106242
0.112141
0.662
0.662
0.455935
0.265758
0.662
0.662
0.171273
0.474347
0.314793
0.662
0.284064
0.463718
0.151577
0.14089
0.415336
0.662
0.345846
0.0320645
0.297137
0.0559806
0.662
0.111587
0.521711
0.402539
0.1253
0.315642
0.42263
0.609942
0.662
0.662
0.168651
0.246844
0.132771
0.0776511
0.120423
0.662
0.155465
0.123461
0.274254
0.24529
0.662
0.2315
0.154809
0.424154
0.303214
0.163992
0.615029
0.112333
0.10444
0.214097
0.150842
0.521015
0.167112
0.662
0.138578
0.455063
0.662
0.662
0.125015
0.421792
0.469581
0.441476
0.253037
0.297278
0.181899
0.22338
0.245983
0.0761957
0.191316
0.171387
0.257663
0.630182
0.180258
0.2463
0.491115
0.272098
0.662
0.402527
0.440822
0.288821
0.584095
0.662
0.507257
0.662
0.205275
0.662
0.614911
0.115924
0.527727
0.662
0.572354
0.251583
0.429607
0.464296
0.546393
0.157307
0.662
0.662
0.662
0.00101967
0.662
0.0843564
0.0586247
0.662
0.237748
0.0857911
0.103839
0.221944
0.205687
0.447279
0.406045
0.662
0.0245541
0.662
0.397262
0.277427
0.305874
0.662
0.662
0.389963
0.196324
0.514986
0.109857
0.31238
0.662
0.183079
0.31796
0.662
0.662
0.425256
0.662
0.662
0.150078
0.137985
0.662
0.662
0.541655
0.26794
0.123648
0.238318
0.473137
0.460077
0.380468
0.372688
0.415427
0.165576
0.295129
0.239398
0.662
0.545638
0.352197
0.233962
0.216791
0.189197
0.662
0.662
0.506325
0.257927
0.0885859
0.190626
0.105999
0.381828
0.520213
0.331511
0.302021
0.116667
0.0111371
0.662
0.0612845
0.662
0.196395
0.0557854
0.662
0.662
0.337729
0.662
0.109629
0.306193
0.108403
0.593651
0.34497
0.662
0.421774
0.148709
0.288302
0.150201
0.132529
0.402049
0.469384
0.454081
0.429701
0.662
0.333417
0.582953
0.334214
0.169989
0.265897
0.044915
0.122039
0.662
0.169055
0.47071
0.201205
0.0941443
0.335915
0.246192
0.208817
0.351091
0.662
0.662
0.0960246
0.662
0.662
0.0744217
0.662
0.201092
0.439183
0.353963
0.662
0.662
0.40957
0.419305
0.249299
0.363349
0.461315
0.662
0.179098
0.512583
0.330549
0.555105
0.662
0.182386
0.0720787
0.662
0.279093
0.662
0.252682
0.436587
0.662
0.662
0.124694
0.0543532
0.367172
0.14472
0.364704
0.408024
0.254573
0.204869
0.380774
0.0712416
0.0613412
0.423304
0.166974
0.11079
0.27628
0.124253
0.130988
0.194131
0.266421
0.426683
0.275677
0.117285
0.0786571
0.662
0.0339523
0.0242434
0.265399
0.662
0.44913
0.385726
0.437306
0.250753
0.241647
0.0850881
0.624639
0.305188
0.174194
0.381382
0.239947
0.214568
0.154513
0.478823
0.598896
0.150138
0.435488
0.16822
0.094012
0.309054
0.0478694
0.497959
0.0644246
0.356589
0.442556
0.437814
0.00597528
0.662
0.283695
0.0581989
0.391041
0.181407
0.228374
0.561044
0.607579
0.111558
0.364962
0.43078
0.26043
0.662
0.148954
0.131756
0.12173
0.474747
0.143954
0.433068
0.204537
0.254522
0.0663347
0.662
0.613921
0.257002
0.662
0.662
0.662
0.61159
0.249747
0.27848
0.585121
0.059237
0.164612
0.277099
0.662
0.662
0.0785084
0.204799
0.662
0.222326
0.259735
0.185464
0.132088
0.47275
0.662
0.212828
0.662
0.662
0.662
0.662
0.548814
0.261333
0.662
0.182175
0.662
0.184111
0.662
0.265816
0.137941
0.47168
0.185717
0.535202
0.047252
0.530644
0.180702
0.469134
0.454803
0.120328
0.0921245
0.314904
0.206837
0.0570437
0.176941
0.533466
0.415241
0.446124
0.366418
0.297009
0.196729
0.383862
0.169633
0.0349379
0.408487
0.662
0.0449632
0.42493
0.0689603
0.662
0.308677
0.0951317
0.44436
0.55622
0.152634
0.662
0.41611
0.662
0.175237
0.662
0.361829
0.592591
0.662
0.480288
0.662
0.662
0.662
0.0553998
0.662
0.140861
0.338853
0.208438
0.0569533
0.662
0.389152
0.662
0.158814
0.178322
0.598417
0.477416
0.16428
0.662
0.29547
0.35208
0.453695
0.662
0.111323
0.186725
0.16749
0.0821243
0.662
0.189328
0.537834
0.067834
0.662
0.450871
0.580063
0.662
0.0622207
0.0703659
0.0356473
0.0113517
0.230618
0.18456
0.662
0.454582
0.0333441
0.662
0.47269
0.109084
0.662
0.151173
0.350317
0.0766725
0.662
0.265505
0.428105
0.662
0.662
0.0601476
0.662
0.278567
0.263661
0.478004
0.662
0.485111
0.374973
0.11427
0.180912
0.0697459
0.662
0.403757
0.571996
0.175041
0.267604
0.662
0.133165
0.662
0.268123
0.189452
0.131661
0.143798
0.344874
0.662
0.662
0.662
0.232055
0.662
0.662
0.0317995
0.382636
0.626888
0.0438584
0.662
0.291681
0.432109
0.13743
0.0875999
0.662
0.415158
0.334549
0.662
0.662
0.320194
0.614143
0.662
0.453959
0.662
0.239668
0.161131
0.567
0.453381
0.662
0.442097
0.583161
0.351251
0.0946003
0.324536
0.00107081
0.090265
0.154429
0.662
0.295939
0.296575
0.239308
0.662
0.121136
0.621474
0.0206015
0.549616
0.662
0.140331
0.265869
0.187421
0.199728
0.662
0.391905
0.55078
0.586499
0.0122486
0.534777
0.528752
0.22108
0.662
0.662
0.535421
0.435968
0.233416
0.220143
0.35284
0.512258
0.445042
0.353053
0.451607
0.15228
0.12186
0.393086
0.316162
0.115372
0.105038
0.19532
0.498466
0.662
0.272245
0.369265
0.662
0.662
0.238309
0.233183
0.662
0.662
0.248725
0.16721
0.662
0.662
0.547264
0.271185
0.161516
0.662
0.336791
0.662
0.477502
0.662
0.145087
0.201384
0.457597
0.205933
0.662
0.145699
0.583599
0.437169
0.0631367
0.424026
0.16529
0.650206
0.341989
0.239944
0.131481
0.19058
0.662
0.514292
0.38656
0.612364
0.138097
0.123269
0.263097
0.662
0.0831948
0.0909208
0.662
0.11069
0.356264
0.262599
0.662
0.272737
0.0549751
0.25486
0.458936
0.662
0.165153
0.195949
0.662
0.348214
0.445245
0.075552
0.662
0.239195
0.0611051
0.0831706
0.0680671
0.0772432
0.662
0.503186
0.132531
0.118322
0.239949
0.0110096
0.464102
0.150987
0.662
0.662
0.474399
0.662
0.113041
0.585904
0.662
0.363969
0.199994
0.121964
0.662
0.662
0.428514
0.140673
0.203057
0.141136
0.662
0.662
0.480648
0.662
0.453092
0.498595
0.112412
0.559331
0.0415466
0.662
0.471837
0.163692
0.662
0.174282
0.118651
0.347622
0.0676897
0.662
0.662
0.116414
0.159845
0.42864
0.376624
0.128493
0.662
0.662
0.662
0.520806
0.0221405
0.662
0.229566
0.662
0.662
0.276974
0.0209953
0.449296
0.58008
0.366374
0.516215
0.210645
0.156305
0.167241
0.209049
0.0470169
0.662
0.361561
0.110879
0.140944
0.278538
0.662
0.148374
0.662
0.662
0.0932491
0.0495565
0.662
0.154314
0.662
0.261721
0.662
0.0151302
0.207059
0.662
0.0909366
0.14584
0.458631
0.200084
0.320116
0.290115
0.0628332
0.662
0.575137
0.0477954
0.662
0.00563123
0.662
0.0775305
0.0919232
0.0635048
0.332724
0.662
0.662
0.662
0.0640176
0.223013
0.662
0.10343
0.662
0.0858986
0.662
0.648797
0.215321
0.1684
0.40421
0.494284
0.662
0.11118
0.307071
0.208435
0.662
0.269871
0.0978422
0.662
0.0862191
0.662
0.262096
0.155193
0.417159
0.601466
0.0703538
0.126646
0.416623
0.205313
0.403882
0.117028
0.662
0.0276525
0.222576
0.567469
0.38714
0.0775481
0.181105
0.194431
0.189516
0.130762
0.528125
0.522821
0.20538
0.662
0.112481
0.571394
0.128811
0.540348
0.616124
0.662
0.662
0.165921
0.12916
0.153694
0.120318
0.290439
0.311008
0.662
0.290179
0.447213
0.0442031
0.662
0.166636
0.662
0.662
0.0764999
0.439377
0.121019
0.662
0.109518
0.469897
0.236877
0.240191
0.662
0.369489
0.271966
0.068281
0.294337
0.662
0.497267
0.586304
0.417697
0.0504784
0.662
0.320736
0.0692826
0.153947
0.0018288
0.085298
0.105946
0.264501
0.662
0.662
0.307958
0.475487
0.32518
0.662
0.662
0.662
0.353153
0.110179
0.545844
0.114373
0.143163
0.649729
0.486018
0.191444
0.134969
0.591163
0.154407
0.662
0.0679271
0.662
0.213413
0.610638
0.392502
0.531222
0.469328
0.62349
0.089044
0.662
0.158676
0.390273
0.43595
0.170594
0.254883
0.118866
0.339794
0.554439
0.339946
0.249024
0.191371
0.662
0.0816253
0.662
0.662
0.293075
0.173064
0.662
0.374041
0.662
0.289195
0.396338
0.279949
0.0745439
0.662
0.0646557
0.662
0.188732
0.326554
0.601292
0.444576
0.662
0.662
0.18858
0.662
0.662
0.662
0.238191
0.662
0.381523
0.662
0.0363663
0.308293
0.662
0.129315
0.3286
0.0928415
0.662
0.496306
0.387332
0.127583
0.510667
0.467091
0.447533
0.474628
0.235215
0.662
0.662
0.186788
0.335033
0.470863
0.302711
0.662
0.378104
0.662
0.348616
0.044753
0.437397
0.108693
0.216189
0.21296
0.662
0.0914834
0.192899
0.442797
0.167027
0.477691
0.0799924
0.533564
0.390569
0.468111
0.441211
0.634767
0.426352
0.306318
0.662
0.359424
0.515046
0.491534
0.662
0.113419
0.615621
0.239715
0.160128
0.197541
0.13349
0.605284
0.467939
0.662
0.193974
0.332586
0.323309
0.662
0.123954
0.077021
0.326153
0.662
0.0663729
0.124789
0.342559
0.128395
0.0695449
0.219076
0.574804
0.171742
0.45597
0.0838983
0.102055
0.0929713
0.662
0.223814
0.0928852
0.0113486
0.280589
0.0671455
0.370791
0.651518
0.0193673
0.124371
0.237852
0.634761
0.287791
0.0593233
0.662
0.662
0.0117608
0.662
0.615357
0.158114
0.662
0.520284
0.549498
0.306925
0.227382
0.662
0.662
0.315184
0.0639176
0.495212
0.509988
0.2268
0.268742
0.662
0.28382
0.092298
0.484531
0.545459
0.523862
0.662
0.662
0.662
0.156576
0.355191
0.662
0.245633
0.534836
0.169131
0.449972
0.196482
0.662
0.173407
0.0600307
0.186614
0.293579
0.662
0.246028
0.483787
0.358018
0.163555
0.329469
0.662
0.271575
0.0875373
0.287682
0.662
0.472353
0.429559
0.0718044
0.286682
0.255396
0.271538
0.662
0.0404594
0.128202
0.309579
0.113279
0.496367
0.476978
0.210119
0.662
0.183008
0.26147
0.188299
0.407477
0.662
0.662
0.294749
0.662
0.114903
0.252781
0.126452
0.662
0.244927
0.124523
0.495507
0.341376
0.198398
0.285492
0.603563
0.647858
0.284846
0.29267
0.466928
0.169529
0.662
0.662
0.347846
0.225448
0.356694
0.304448
0.0271941
0.223833
0.104633
0.0751868
0.0697452
0.662
0.113883
0.163816
0.497242
0.0470314
0.245988
0.471065
0.662
0.565487
0.385446
0.369024
0.662
0.303235
0.277711
0.0496927
0.489195
0.2267
0.270294
0.236707
0.662
0.662
0.0296091
0.290604
0.384861
0.485974
0.12908
0.160158
0.634452
0.662
0.0415207
0.427095
0.393209
0.253697
0.339707
0.149542
0.475464
0.0747541
0.393965
0.662
0.662
0.547869
0.175913
0.417736
0.397707
0.662
0.45666
0.0225547
0.145501
0.117301
0.19057
0.342791
0.10613
0.0599481
0.125081
0.336593
0.662
0.662
0.222762
0.152214
0.477166
0.524298
0.338524
0.262058
0.662
0.0680243
0.662
0.0317049
0.139451
0.662
0.0305244
0.344132
0.662
0.203008
0.565508
0.434481
0.0552977
0.662
0.128879
0.107401
0.225089
0.142891
0.317502
0.662
0.130287
0.662
0.662
0.662
0.662
0.425482
0.0370608
0.0629355
0.662
0.372624
0.0642803
0.185655
0.156356
0.298556
0.0846494
0.437883
0.14297
0.662
0.137327
0.662
0.160138
0.662
0.47688
0.187584
0.18665
0.406768
0.662
0.214201
0.662
0.358249
0.248436
0.579066
0.239448
0.29965
0.163513
0.662
0.491407
0.662
0.0494779
0.662
0.153286
0.662
0.214294
0.143142
0.662
0.305363
0.209671
0.659722
0.0805076
0.387561
0.662
0.662
0.23278
0.284769
0.0467699
0.309997
0.17918
0.662
0.272422
0.268652
0.0159468
0.389294
0.0760429
0.276405
0.216509
0.105252
0.190817
0.662
0.0438641
0.662
0.662
0.282679
0.202164
0.475388
0.200239
0.662
0.249337
0.2347
0.194717
0.575339
0.39608
0.104993
0.0606835
0.662
0.377898
0.166309
0.662
0.0599638
0.186736
0.599146
0.662
0.662
0.12085
0.427085
0.377036
0.326275
0.662
0.307869
0.192518
0.360949
0.0781054
0.520457
0.205126
0.00903731
0.133989
0.662
0.662
0.553783
0.662
0.149975
0.111539
0.559525
0.153113
0.487994
0.600313
0.149435
0.662
0.403443
0.180749
0.662
0.0994791
0.0989369
0.0606692
0.107197
0.662
0.270045
0.2348
0.662
0.662
0.181521
0.662
0.165057
0.189514
0.662
0.568463
0.338489
0.662
0.390687
0.20065
0.288444
0.118263
0.662
0.454863
0.130566
0.662
0.662
0.662
0.652891
0.397194
0.0909179
0.260087
0.412084
0.0574803
0.474815
