0.662
0.544016
0.158982
0.164478
0.132358
0.0936599
0.514239
0.497891
0.133945
0.221952
0.109328
0.16216
0.163365
0.032544
0.382178
0.0591386
0.0501575
0.508546
0.207256
0.357297
0.662
0.0804314
0.0884659
0.0394209
0.145353
0.656061
0.662
0.362432
0.219659
0.404493
0.285092
0.235751
0.308212
0.473675
0.102465
0.64981
0.515913
0.518791
0.119641
0.241256
0.560337
0.17032
0.490363
0.311087
0.375652
0.205965
0.277184
0.542546
0.0908166
0.270067
0.288074
0.310448
0.262274
0.208485
0.17936
0.335594
0.662
0.138437
0.27868
0.662
0.190073
0.111841
0.322917
0.356247
0.339103
0.080435
0.279222
0.608396
0.441763
0.361802
0.168214
0.389329
0.115244
0.146154
0.110363
0.235899
0.376136
0.540865
0.222395
0.187742
0.498676
0.118264
0.549508
0.401357
0.247293
0.31412
0.235746
0.619915
0.296424
0.347433
0.0671253
0.143385
0.132825
0.17649
0.113554
0.241526
0.0513735
0.578789
0.483917
0.132216
0.16693
0.662
0.167487
0.662
0.585492
0.255234
0.103766
0.191447
0.00297369
0.393586
0.214243
0.215369
0.0470916
0.314064
0.0109597
0.113714
0.557146
0.254717
0.0655046
0.222596
0.423879
0.662
0.656711
0.282041
0.199022
0.312846
0.387696
0.603708
0.176294
0.350215
0.163357
0.501367
0.306544
0.418304
0.46566
0.220787
0.381526
0.375444
0.611855
0.561964
0.0208579
0.405504
0.0837438
0.607183
0.525799
0.30208
0.498339
0.320883
0.662
0.266438
0.573148
0.298829
0.0892335
0.0882667
0.384774
0.196467
0.522648
0.0347416
0.180783
0.0892833
0.338892
0.619291
0.29268
0.415015
0.143477
0.0419415
0.662
0.15193
0.166176
0.410645
0.655653
0.233294
0.0850333
0.180071
0.245506
0.449155
0.394366
0.187459
0.535047
0.191413
0.102538
0.180634
0.0629541
0.248801
0.520819
0.369963
0.208436
0.301629
0.0515374
0.333575
0.154825
0.132986
0.213181
0.137669
0.0746951
0.138522
0.116748
0.433868
0.356775
0.612083
0.0710863
0.228231
0.662
0.606024
0.220621
0.128685
0.342555
0.10119
0.359453
0.22497
0.0719362
0.0320859
0.48328
0.24715
0.0746692
0.208817
0.252087
0.12391
0.662
0.662
0.0582434
0.123425
0.306463
0.201125
0.0414342
0.273541
0.352656
0.475816
0.477504
0.464599
0.388046
0.195245
0.266729
0.662
0.490214
0.125109
0.130543
0.178444
0.324249
0.0853619
0.330529
0.0918708
0.152875
0.34774
0.355429
0.336575
0.662
0.124392
0.00104703
0.137559
0.191082
0.608006
0.374917
0.486754
0.391805
0.0197502
0.12826
0.112255
0.163571
0.662
0.0896313
0.0719485
0.202693
0.220038
0.386392
0.335707
0.0987617
0.0394748
0.199463
0.209148
0.2352
0.32238
0.251768
0.226891
0.312587
0.662
0.0573156
0.0330466
