0.662
0.314064
0.279222
0.154825
0.403541
0.316683
0.320883
0.233294
0.286692
0.520819
0.201125
0.283044
0.619291
0.375974
0.306463
0.372374
0.195245
0.662
0.262274
0.266438
0.167487
0.418304
0.130543
0.342297
0.110135
0.352656
0.477504
0.389329
0.166176
0.557146
0.116298
0.263316
0.0208579
0.607183
0.370674
0.189894
0.137669
0.209569
0.158982
0.32238
0.0704052
0.266729
0.207446
0.443361
0.606024
0.655653
0.0934819
0.335707
0.0712105
0.270953
0.0892833
0.573148
0.391805
0.168214
0.445083
0.235746
0.118264
0.662
0.30208
0.540865
0.64981
0.0892716
0.132986
0.501367
0.148588
0.330529
0.0618617
0.248801
0.206252
0.231612
0.180783
0.339103
0.110363
0.351179
0.382178
0.105002
0.352859
0.269545
0.619733
0.113714
0.490363
0.15193
0.143477
0.560337
0.608396
0.245506
0.0837438
0.163357
0.549508
0.608006
0.138437
0.433868
0.358401
0.102538
0.156669
0.254717
0.251768
0.226891
0.282041
0.662
0.0918708
0.369963
0.208485
0.514239
0.401357
0.21917
0.0285634
0.0485997
0.459894
0.187742
0.0347416
0.317379
0.356247
0.270067
0.0892335
0.515913
0.214079
0.338892
0.0544693
0.102465
0.111841
0.333575
0.384774
0.176294
0.575587
0.260504
0.39942
0.0442371
0.656711
0.187459
0.213181
0.404493
0.312846
0.483917
0.359453
0.311087
0.0513735
0.235899
0.183545
0.17936
0.199463
0.222596
0.301629
0.202693
0.662
0.662
0.328381
0.518061
0.214243
0.215369
0.205965
0.381526
0.273541
0.0671253
0.46566
0.00516957
0.506586
0.211133
0.498339
0.637057
0.578789
0.0300802
0.0987617
0.542546
0.449155
0.347097
0.109328
0.143385
0.29999
0.662
0.209148
0.518791
0.16693
0.0321328
0.0419415
0.0719485
0.31412
0.393586
0.29001
0.277184
0.662
0.220621
0.548803
0.662
0.508546
0.650086
0.0896313
0.126711
0.312587
0.400962
0.522648
0.619915
0.138522
0.475816
0.34774
0.180634
0.662
0.662
0.503017
0.54498
0.27868
0.373137
0.21609
0.498676
0.388046
0.288512
0.0719362
0.12391
0.330358
0.191413
0.662
0.0148868
0.123425
0.0197502
0.115244
