0.208878
0.570704
0.595948
0.0012015
0.113149
0.662
0.385728
0.189066
0.127463
0.19452
0.399805
0.0916387
0.418647
0.202538
0.124366
0.134804
0.662
0.662
0.278711
0.662
0.662
0.114872
0.276318
0.44202
0.662
0.293675
0.0850483
0.0772789
0.104869
0.0648106
0.662
0.147377
0.316634
0.606439
0.093223
0.662
0.0499559
0.0261366
0.2338
0.399735
0.0839397
0.0670577
0.225932
0.260424
0.662
0.0813529
0.346839
0.247002
0.261241
0.144442
0.209871
0.0993525
0.0999158
0.0860074
0.0673001
0.426798
0.260409
0.216036
0.335936
0.377539
0.0955899
0.139663
0.662
0.662
0.336229
0.129052
0.150634
0.315478
0.117866
0.324152
0.277761
0.662
0.59719
0.662
0.0963951
0.662
0.624929
0.247723
0.437126
0.14923
0.0960082
0.662
0.323213
0.551138
0.106684
0.259374
0.177315
0.209494
0.0404549
0.662
0.662
0.20146
0.662
0.392697
0.311126
0.0309807
0.113827
0.662
0.277723
0.0828658
0.122752
0.400433
0.364658
0.0705549
0.226058
0.662
0.0834053
0.130835
0.450359
0.128063
0.0944331
0.555967
0.24223
0.662
0.413241
0.662
0.169038
0.662
0.154016
0.456523
0.474693
0.364535
0.662
0.0515616
0.261234
0.417986
0.444171
0.444368
0.0470475
0.0676406
0.138447
0.40135
0.30646
0.662
0.340234
0.267338
0.181008
0.143555
0.662
0.137951
0.00197702
0.448939
0.0474347
0.577871
0.662
0.235271
0.127075
0.161658
0.301115
0.0723556
0.508995
0.0751986
0.0666504
0.662
0.261662
0.662
0.104906
0.0414164
0.291296
0.56647
0.143891
0.662
0.29289
0.283465
0.0946995
0.377506
0.0995882
0.662
0.10479
0.595809
0.100094
0.480203
0.344271
0.662
0.442848
0.130328
0.132325
0.0546351
0.170176
0.120117
0.0565863
0.396297
0.168404
0.0730645
0.396787
0.468625
0.309229
0.0753257
0.320044
0.163377
0.0944697
0.321269
0.655286
0.221353
0.662
0.35881
0.191254
0.109315
0.100372
0.305857
0.232527
0.16556
0.0205079
0.1997
0.278898
0.158321
0.636875
0.37571
0.243362
0.305249
0.116253
0.0894558
0.0313489
0.238094
0.128102
0.188606
0.199443
0.662
0.662
0.203207
0.113635
0.64227
0.186449
0.0590462
0.103094
0.46309
0.207729
0.662
0.333591
0.662
0.467192
0.173287
0.401498
0.372014
0.0326775
0.119433
0.308247
0.0165044
0.619411
0.304329
0.389203
0.138797
0.329742
0.171222
0.662
0.0850183
0.556191
0.177456
0.0430097
0.167082
0.026036
0.586968
0.140581
0.162599
0.139967
0.147852
0.174762
0.0956876
0.418287
0.662
0.121606
0.374718
0.100082
0.10638
0.662
0.439414
0.130176
0.64
0.149371
0.662
0.231043
0.662
0.662
0.0978154
0.662
0.65606
0.196968
0.336306
0.29342
0.0918209
0.249513
0.193686
0.363253
0.218742
0.662
0.439772
0.0346005
0.581823
0.615956
0.057007
0.120181
0.662
0.131831
0.06634
0.4669
0.662
0.324468
0.192753
0.218749
0.150624
0.223973
0.091851
0.662
0.662
0.233773
0.0682792
0.112102
0.662
0.124981
0.129256
0.662
0.156436
0.0604672
0.142662
0.137619
0.662
0.103
0.265179
0.662
0.130973
0.662
0.300259
0.125526
0.228436
0.398336
0.323582
0.662
0.44017
0.513829
0.662
0.109679
0.0586245
0.0103872
0.275834
0.111481
0.662
0.192989
0.662
0.293677
0.191659
0.662
0.122825
0.118639
0.2434
0.123668
0.171879
0.242524
0.196531
0.662
0.662
0.129327
0.256095
0.662
0.160209
0.662
0.353972
0.031696
0.13198
0.609856
0.190054
0.0594626
0.251589
0.662
0.474043
0.116378
0.57764
0.210987
0.0912264
0.0580787
0.61544
0.201043
0.219312
0.0563526
0.662
0.340146
0.220151
0.0441695
0.239784
0.662
0.212667
0.662
0.0460556
0.164314
0.431214
0.133043
0.662
0.126493
0.125958
0.168839
0.0493583
0.662
0.662
0.0831367
0.299747
0.221391
0.19696
0.0750666
0.0587025
0.662
0.662
0.364178
0.662
0.507257
0.662
0.0253221
0.205672
0.380226
0.168437
0.391506
0.587601
0.39849
0.198385
0.662
0.30134
0.58764
0.0927649
0.229588
0.0929594
0.193538
0.561334
0.241106
0.278433
0.300595
0.560092
0.18875
0.399798
0.210111
0.0814329
0.303732
0.12064
0.183841
0.193037
0.332262
0.17412
0.137895
0.485371
0.0443623
0.287603
0.421073
0.318119
0.662
0.374996
0.524518
0.330468
0.25829
0.133688
0.662
0.662
0.00873223
0.662
0.105187
0.135588
0.148728
0.174504
0.431939
0.557301
0.062766
0.0621885
0.194843
0.44457
0.240906
0.477154
0.152617
0.229581
0.361255
0.148838
0.113845
0.120031
0.198074
0.608641
0.0699672
0.662
0.0485992
0.518259
0.0872346
0.132475
0.173242
0.351022
0.0866846
0.214901
0.618615
0.248838
0.662
0.442307
0.302122
0.446693
0.554065
0.0547007
0.0544608
0.146383
0.240665
0.283117
0.210026
0.192157
0.662
0.114978
0.219271
0.389873
0.233472
0.608938
0.0758264
0.0545219
0.447434
0.297666
0.192552
0.307935
0.0306156
0.17943
0.427794
0.233431
0.0633706
0.33032
0.115799
0.339516
0.445141
0.662
0.144256
0.070583
0.284129
0.0393356
0.113213
0.222223
0.662
0.662
0.396418
0.291827
0.00758675
0.278712
0.141213
0.662
0.271316
0.0183359
0.574338
0.662
0.324778
0.316965
0.139171
0.143015
0.662
0.662
0.0360885
0.0837784
0.279138
0.0779299
0.273454
0.578577
0.0321507
0.149784
0.204615
0.331167
0.662
0.189564
0.504503
0.245806
0.503118
0.127301
0.160727
0.243942
0.0847904
0.59833
0.568879
0.0277966
0.662
0.175463
0.662
0.662
0.662
0.471687
0.123992
0.662
0.23881
0.662
0.538717
0.113672
0.150009
0.157445
0.116988
0.0399298
0.662
0.0511066
0.662
0.156981
0.143646
0.662
0.554065
0.662
0.191229
0.21578
0.13968
0.220699
0.0835258
0.422847
0.448804
0.614534
0.0788017
0.662
0.568398
0.62011
0.662
0.0957015
0.155838
0.134869
0.103016
0.535584
0.176301
0.188953
0.113179
0.224559
0.0185722
0.0563502
0.208945
0.308885
0.395076
0.215671
0.0475737
0.352237
0.366738
0.1506
0.144114
0.467999
0.452728
0.0319889
0.0895889
0.662
0.463992
0.662
0.0997586
0.662
0.458491
0.123547
0.113639
0.316246
0.217003
0.322069
0.197096
0.0751952
0.329356
0.109383
0.224833
0.197636
0.187321
0.662
0.292347
0.598675
0.253928
0.312301
0.0308575
0.601413
0.662
0.297395
0.0798097
0.157412
0.157365
0.391346
0.39131
0.6453
0.659266
0.109918
0.662
0.116986
0.0505938
0.00425009
0.662
0.252747
0.00625118
0.143935
0.274379
0.640604
0.16121
0.36922
0.439524
0.662
0.206981
0.0794743
0.600094
0.106917
0.662
0.170391
0.206065
0.0944437
0.259375
0.214694
0.662
0.236623
0.487791
0.549608
0.178086
0.1307
0.458507
0.348587
0.662
0.10395
0.437205
0.337448
0.662
0.0154681
0.39706
0.536653
0.0435669
0.0859421
0.203594
0.127102
0.251368
0.144889
0.460312
0.533775
0.00697622
0.0921083
0.148692
0.190654
0.662
0.504102
0.0410606
0.189208
0.588872
0.0732039
0.13824
0.130858
0.0727096
0.0400947
0.33285
0.149294
0.150817
0.312228
0.0396304
0.662
0.662
0.161652
0.410054
0.201065
0.458747
0.648917
0.145424
0.318253
0.110931
0.27293
0.224257
0.46602
0.230769
0.662
0.235506
0.238091
0.662
0.150818
0.343825
0.662
0.325523
0.289655
0.206312
0.662
0.351545
0.662
0.274066
0.50794
0.223854
0.425125
0.258052
0.17366
0.226911
0.141768
0.309904
0.217069
0.438932
0.196664
0.164012
0.140437
0.402249
0.356557
0.581937
0.662
0.440324
0.364151
0.125864
0.299929
0.062555
0.21955
0.662
0.186846
0.100024
0.38128
0.299537
0.168714
0.628227
0.243705
0.127989
0.157608
0.199345
0.631672
0.0835013
0.19775
0.0873437
0.182025
0.0251814
0.179513
0.370631
0.469543
0.0632294
0.662
0.232212
0.102297
0.0340145
0.379187
0.0418181
0.0642363
0.662
0.251269
0.340659
0.0755683
0.239324
0.443251
0.20493
0.308257
0.00626773
0.0475849
0.662
0.609627
0.0282214
0.0183175
0.0771838
0.0518063
0.111561
0.0206574
0.0184181
0.232412
0.23873
0.662
0.206373
0.214091
0.182266
0.140557
0.0739542
0.452674
0.475518
0.427073
0.0493574
0.103665
0.662
0.196967
0.200776
0.377459
0.303177
0.179689
0.641634
0.076624
0.292009
0.34996
0.373356
0.0460846
0.280443
0.55285
0.662
0.0985549
0.576625
0.0440369
0.418043
0.0773889
0.183217
0.662
0.0414276
0.241643
0.563767
0.662
0.399207
0.284322
0.258473
0.662
0.662
0.388292
0.662
0.59641
0.0717848
0.0942452
0.376908
0.438666
0.662
0.113793
0.662
0.0585386
0.304694
0.510131
0.662
0.1047
0.419871
0.388904
0.662
0.163082
0.306174
0.0785968
0.144423
0.662
0.0978112
0.26801
0.53028
0.474644
0.344377
0.443251
0.301172
0.62319
0.156875
0.307455
0.546948
0.166684
0.319544
0.0612365
0.040343
0.0251377
0.0970265
0.528595
0.662
0.662
0.336846
0.479074
0.0956811
0.218403
0.209491
0.662
0.662
0.271693
0.662
0.00951514
0.298382
0.662
0.662
0.150735
0.662
0.0589474
0.528275
0.252197
0.282251
0.427524
0.421774
0.662
0.119266
0.0878841
0.60148
0.662
0.331827
0.164691
0.393214
0.0223761
0.279767
0.366154
0.180723
0.328537
0.662
0.489043
0.0803789
0.0570503
0.509284
0.0256093
0.168105
0.417185
0.206931
0.163479
0.339444
0.662
0.408476
0.0848333
0.504032
0.662
0.0796082
0.392671
0.36245
0.244995
0.173364
0.0875272
0.0354694
0.0784702
0.11214
0.109332
0.0317618
0.534598
0.389159
0.376738
0.0586619
0.662
0.300579
0.662
0.108845
0.662
0.196227
0.541202
0.0998818
0.188357
0.10881
0.450969
0.163199
0.156405
0.102643
0.662
0.294398
0.25263
0.662
0.13308
0.662
0.662
0.459807
0.0888537
0.244063
0.662
0.35465
0.212156
0.662
0.662
0.194313
0.426785
0.15004
0.213352
0.281038
0.285053
0.327525
0.42227
0.600617
0.0343074
0.135519
0.662
0.662
0.662
0.331761
0.0941179
0.660177
0.179469
0.2086
0.335993
0.0654248
0.412971
0.662
0.100361
0.0911773
0.605841
0.265617
0.10527
0.662
0.0867262
0.662
0.0950355
0.616611
0.325793
0.0761493
0.662
0.0902452
0.274479
0.58702
0.268463
0.18449
0.662
0.168757
0.0912876
0.662
0.173771
0.124132
0.662
0.137915
0.662
0.246014
0.624782
0.190675
0.166977
0.0379436
0.204432
0.230575
0.108759
0.186383
0.169031
0.220854
0.138798
0.169588
0.504101
0.531856
0.174282
0.5541
0.408179
0.165089
0.175384
0.36134
0.180891
0.222299
0.662
0.284787
0.662
0.221967
0.515827
0.662
0.259566
0.0696881
0.259429
0.662
0.0577717
0.0650296
0.126438
0.554007
0.446344
0.662
0.0118021
0.599177
0.151451
0.125326
0.662
0.430249
0.319567
0.0412219
0.5441
0.61496
0.116909
0.662
0.662
0.216897
0.265286
0.0910106
0.224486
0.475032
0.0491601
0.389965
0.241472
0.327909
0.480236
0.195981
0.100678
0.212247
0.662
0.372033
0.0792263
0.558363
0.0878478
0.662
0.589307
0.315196
0.410388
0.100526
0.0262061
0.662
0.662
0.213898
0.167594
0.383829
0.662
0.662
0.281949
0.188429
0.106642
0.29539
0.198983
0.451771
0.528312
0.662
0.139191
0.160458
0.0911909
0.0620105
0.251695
0.285783
0.268517
0.157339
0.0975859
0.662
0.367037
0.198564
0.662
0.529926
0.0913978
0.131657
0.662
0.662
0.018953
0.0975027
0.332929
0.186711
0.662
0.662
0.307688
0.185191
0.345796
0.662
0.173231
0.240917
0.267022
0.662
0.372936
0.227834
0.312632
0.466365
0.285903
0.0966389
0.662
0.662
0.198213
0.0679922
0.444125
0.275034
0.662
0.662
0.341452
0.517763
0.277972
0.304578
0.0808574
0.399926
0.385716
0.149686
0.456204
0.140779
0.522163
0.285869
0.662
0.229091
0.299105
0.481716
0.18193
0.662
0.662
0.662
0.256043
0.0545063
0.0959465
0.127102
0.146554
0.139809
0.662
0.662
0.0223718
0.662
0.518874
0.064591
0.10015
0.559598
0.219114
0.567062
0.12851
0.26684
0.585121
0.371952
0.229349
0.162198
0.331087
0.175271
0.662
0.444168
0.662
0.0773682
0.573428
0.551464
0.662
0.181492
0.10245
0.662
0.242152
0.201199
0.168718
0.125382
0.114092
0.34155
0.255514
0.223245
0.135767
0.1363
0.476332
0.232017
0.420112
0.165785
0.662
0.162512
0.0101523
0.437117
0.231595
0.558136
0.560438
0.662
0.363125
0.21754
0.177878
0.662
0.0718745
0.190729
0.176287
0.476509
0.297689
0.662
0.503336
0.152736
0.370549
0.360144
0.614499
0.334249
0.37612
0.662
0.472501
0.0481833
0.662
0.134532
0.110282
0.100813
0.611069
0.33892
0.662
0.021028
0.662
0.198318
0.662
0.349118
0.170203
0.614625
0.237828
0.448486
0.172413
0.662
0.218273
0.0538511
0.102335
0.133527
0.232479
0.318912
0.555781
0.662
0.0317011
0.376338
0.2959
0.487455
0.662
0.190976
0.332147
0.662
0.662
0.12159
0.428782
0.662
0.243698
0.662
0.619252
0.0557981
0.167674
0.662
0.19767
0.249216
0.662
0.200595
0.662
0.580713
0.344175
0.0991575
0.286802
0.344554
0.0706788
0.231745
0.592388
0.0133928
0.662
0.113235
0.126358
0.188738
0.662
0.0801228
0.465155
0.662
0.662
0.11237
0.6252
0.0548746
0.0536508
0.662
0.110097
0.298691
0.422457
0.186194
0.177206
0.240778
0.290983
0.191369
0.128631
0.662
0.61133
0.662
0.109629
0.181076
0.144018
0.387754
0.300381
0.249043
0.572087
0.286108
0.662
0.288766
0.0894429
0.117556
0.662
0.0979908
0.0532236
0.0916293
0.242249
0.662
0.177747
0.490999
0.487165
0.100171
0.0735259
0.329148
0.14901
0.422355
0.413952
0.405589
0.002502
0.30979
0.388668
0.662
0.662
0.110594
0.125895
0.142562
0.304006
0.332493
0.655484
0.371715
0.0179417
0.456621
0.0953678
0.128415
0.0925209
0.433163
0.28235
0.227294
0.333108
0.239091
0.150854
0.124911
0.662
0.53395
0.311593
0.554674
0.290732
0.244807
0.0797552
0.100587
0.0837857
0.0873843
0.662
0.662
0.211223
0.232118
0.466485
0.484164
0.498459
0.442218
0.0995474
0.662
0.0736462
0.00564259
0.120067
0.152303
0.657373
0.119685
0.11388
0.662
0.662
0.662
0.109353
0.662
0.190854
0.196655
0.000723275
0.662
0.238992
0.369574
0.571575
0.147281
0.662
0.602362
0.662
0.19699
0.407793
0.232714
0.662
0.212176
0.519009
0.167239
0.4508
0.181109
0.198436
0.198171
0.158197
0.662
0.662
0.0840778
0.195109
0.0727238
0.177934
0.428205
0.662
0.662
0.214794
0.662
0.300459
0.662
0.475333
0.362374
0.43359
0.32691
0.106521
0.323647
0.0936675
0.169497
0.145109
0.212618
0.50756
0.0752279
0.0388939
0.2156
0.162346
0.662
0.120807
0.662
0.662
0.0925236
0.662
0.0793606
0.0243846
0.387942
0.245809
0.45439
0.484932
0.575433
0.662
0.220585
0.416891
0.320483
0.15333
0.225822
0.394716
0.153601
0.0418449
0.662
0.274902
0.457792
0.177014
0.116601
0.304017
0.213873
0.379062
0.662
0.662
0.258807
0.193279
0.574712
0.509743
0.662
0.153909
0.122103
0.628058
0.602372
0.391923
0.662
0.165461
0.455404
0.044021
0.28073
0.592276
0.662
0.167656
0.234032
0.575516
0.523474
0.271195
0.378909
0.662
0.394185
0.351162
0.401095
0.271763
0.662
0.195802
0.662
0.662
0.284091
0.101637
0.361273
0.662
0.213863
0.0262727
0.662
0.429039
0.662
0.399356
0.258732
0.0520603
0.0845309
0.05105
0.662
0.118721
0.081642
0.087107
0.129975
0.106618
0.662
0.264676
0.443007
0.173431
0.224666
0.662
0.662
0.662
0.316157
0.261458
0.413711
0.662
0.0209924
0.662
0.339516
0.0815411
0.116806
0.650813
0.217185
0.662
0.187117
0.561647
0.398343
0.0682215
0.662
0.662
0.609266
0.427045
0.252232
0.132504
0.175826
0.088769
0.0642253
0.096406
0.213565
0.397243
0.199158
0.166341
0.135035
0.156608
0.186242
0.662
0.0924443
0.626183
0.287115
0.316138
0.184929
0.405592
0.159491
0.357429
0.662
0.0237942
0.202453
0.072353
0.230881
0.662
0.584879
0.327016
0.190327
0.25169
0.299535
0.662
0.662
0.222813
0.478959
0.255232
0.0816144
0.320805
0.602851
0.0972505
0.22352
0.0642238
0.477095
0.452623
0.0856988
0.662
0.212421
0.222906
0.19067
0.269842
0.163999
0.662
0.572112
0.283566
0.662
0.104862
0.023488
0.228453
0.247251
0.112599
0.0247518
0.183214
0.581864
0.115828
0.662
0.662
0.662
0.115975
0.117886
0.164469
0.252931
0.662
0.36733
0.266486
0.662
0.228815
0.277861
0.0820298
0.128833
0.442778
0.0320879
0.152675
0.662
0.662
0.44897
0.448576
