0.363125
0.0405206
0.303556
0.320044
0.548247
0.37136
0.341291
0.263612
0.0385381
0.662
0.255307
0.662
0.0675562
0.131629
0.256722
0.15916
0.132836
0.420273
0.581937
0.00440375
0.0882586
0.344826
0.522163
0.662
0.662
0.14595
0.61106
0.188423
0.348081
0.485409
0.224705
0.438859
0.174184
0.648639
0.462652
0.486083
0.64921
0.387732
0.465424
0.267332
0.189362
0.425549
0.303177
0.116443
0.662
0.299458
0.0190473
0.192881
0.662
0.153794
0.0243315
0.00531583
0.225584
0.0735293
0.460075
0.434186
0.0947057
0.189338
0.309506
0.279574
0.662
0.018219
0.0837048
0.0605984
0.340659
0.100372
0.0926814
0.662
0.655546
0.0730662
0.12541
0.0386818
0.662
0.494044
0.432972
0.662
0.662
0.654998
0.225713
0.12064
0.471318
0.662
0.62011
0.0551408
0.643758
0.0556505
0.361911
0.591891
0.223673
0.442815
0.302122
0.148728
0.305904
0.231723
0.387552
0.27725
0.0867472
0.476658
0.55634
0.0984573
0.220238
0.0252081
0.213428
0.259317
0.428795
0.371937
0.225741
0.318731
0.466067
0.216841
0.653052
0.662
0.354571
0.662
0.0766861
0.38259
0.662
0.662
0.265582
0.192157
0.0700419
0.156467
0.662
0.441063
0.662
0.393253
0.662
0.662
0.662
0.662
0.0480682
0.0135256
0.341452
0.155442
0.662
0.196655
0.0996644
0.564609
0.260424
0.168404
0.130924
0.627099
0.662
0.157374
0.662
0.205741
0.592966
0.567787
0.288941
0.662
0.432787
0.139509
0.329219
0.265842
0.254662
0.361619
0.662
0.658189
0.662
0.457965
0.382765
0.185923
0.221085
0.662
0.662
0.194157
0.0752567
0.41288
0.443722
0.0720677
0.632352
0.662
0.437023
0.226363
0.198888
0.401327
0.259642
0.662
0.662
0.308021
0.0333104
0.0740879
0.571946
0.411558
0.0244137
0.448939
0.528119
0.260209
0.185811
0.364378
0.120662
0.662
0.662
0.084354
0.577592
0.0665959
0.135845
0.662
0.662
0.409091
0.0586619
0.21771
0.396297
0.205043
0.662
0.475642
0.246045
0.62368
0.284012
0.662
0.567487
0.266088
0.0144488
0.484895
0.222028
0.662
0.662
0.145424
0.271316
0.273454
0.544111
0.206866
0.374638
0.558876
0.662
0.0769125
0.0525149
0.453254
0.0131395
0.662
