0.4015
0.260493
0.232012
0.217257
0.524324
0.171348
0.262274
0.220922
0.0636258
0.0216622
0.382593
0.0757729
0.192385
0.175906
0.584857
0.169461
0.0786929
0.662
0.0692952
0.267452
0.421559
0.0561176
0.128022
0.170432
0.0836912
0.205805
0.534373
0.391767
0.198973
0.615992
0.0672543
0.0883806
0.0561277
0.485803
0.49933
0.428631
0.662
0.0919416
0.48328
0.122594
0.107336
0.548463
0.518791
0.111769
0.273538
0.135099
0.500874
0.3881
0.485609
0.204913
0.282044
0.0735685
0.542546
0.45294
0.0737924
0.169756
0.0614632
0.231627
0.165231
0.472018
0.32238
0.14149
0.559055
0.1128
0.0972857
0.195244
0.489576
0.140445
0.303852
0.662
0.508546
0.662
0.383061
0.257238
0.188268
0.107218
0.662
0.456969
0.216129
0.14627
0.0628924
0.0877157
0.0503683
0.359989
0.662
0.233537
0.00668284
0.662
0.662
0.153869
0.098209
0.228997
0.642989
0.0556891
0.15966
0.0820456
0.539705
0.614066
0.592569
0.141913
0.520067
0.108701
0.0292834
0.105244
0.662
0.0645234
0.225517
0.523166
0.138403
0.180924
0.397
0.0987617
0.584655
0.510544
0.102056
0.489244
0.0734616
0.103121
0.411671
0.109482
0.10149
0.128132
0.272295
0.0718544
0.166537
0.0682396
0.281167
0.662
0.608534
0.203164
0.0909833
0.138001
0.214551
0.347455
0.0649395
0.272585
0.147815
0.0110882
0.204285
0.14786
0.118833
0.280401
0.491233
0.456132
0.662
0.05914
0.0404524
0.0996387
0.333675
0.0704283
0.662
0.430072
0.662
0.662
0.116981
0.106879
0.0956385
0.0924599
0.662
0.662
0.060576
0.0821105
0.107407
0.662
0.0672065
0.467334
0.149109
0.486232
0.116563
0.0605049
0.249741
0.172513
0.662
0.28381
0.374981
0.354211
0.0714914
0.0911659
0.219382
0.244719
0.0359385
0.0666307
0.31192
0.234605
0.152951
0.396218
0.0166714
0.452376
0.169145
0.0910344
0.364859
0.0843688
0.58268
0.327072
0.600886
0.13933
0.662
0.661307
0.110602
0.16284
0.157138
0.17032
0.115616
0.0610944
0.197406
0.125106
0.0716362
0.634844
0.406179
0.238187
0.64023
0.158561
0.372736
0.662
0.242473
0.278253
0.596553
0.662
0.138657
0.404846
0.0158973
0.0510168
0.368276
0.0176635
0.0815391
0.213334
0.164426
0.127844
0.151563
0.0548719
0.0742244
0.561964
0.122298
0.347936
0.662
0.378923
0.181437
0.542221
0.23566
0.455445
0.518279
0.132358
0.375108
0.422266
0.635044
0.0627795
0.0840376
0.0714379
0.027859
0.474729
0.291378
0.116528
0.421962
0.336034
0.631786
0.48302
0.120812
0.0538474
0.662
0.267822
0.328577
0.29686
0.637303
0.185073
0.423079
0.280951
0.155143
0.12663
0.179447
0.0312715
0.0638016
0.662
0.3305
0.196462
0.325934
0.192855
0.132256
0.205056
0.280439
0.261448
0.662
0.134859
0.296951
0.473675
0.0710036
0.603858
0.0303851
0.0713833
0.00442929
0.662
0.523365
0.140927
0.234446
0.662
0.431799
0.286003
0.384225
0.222395
0.307233
0.105667
0.0595154
0.0638223
0.209023
0.223689
0.358818
0.430297
0.369973
0.170665
0.617601
0.0777734
0.326699
0.662
0.388874
0.662
0.0786098
0.242783
0.0766386
0.659502
0.162476
0.118096
0.294727
0.608396
0.0421711
0.104702
0.356
0.0634815
0.101056
0.0706758
0.448903
0.196423
0.127712
0.074406
0.388356
0.203503
0.185409
0.662
0.0604005
0.122987
0.416175
0.112828
0.282624
0.662
0.0210027
0.240149
0.20386
0.287272
0.0630986
0.195422
0.128955
0.152374
0.0767452
0.0832721
0.401357
0.180103
0.304257
0.585954
0.477461
0.481191
0.308481
0.662
0.592119
0.621253
0.180907
0.372807
0.182015
0.218057
0.305861
0.234742
0.103032
0.272575
0.328573
0.150161
0.244868
0.0697444
0.567113
0.259735
0.00444858
0.662
0.526793
0.501712
0.109614
0.0787919
0.662
0.225135
0.137708
0.575899
0.388646
0.102953
0.137946
0.131389
0.241719
0.229001
0.205965
0.202122
0.0735779
0.433226
0.366386
0.127579
0.00286508
0.185736
0.373055
0.359825
0.0886958
0.184716
0.0593125
0.334237
0.0809065
0.493939
0.573445
0.0806351
0.110607
0.579053
0.362911
0.123135
0.120704
0.319973
0.134288
0.312535
0.152622
0.0845674
0.113607
0.662
0.0148868
0.236975
0.662
0.310448
0.112684
0.470103
0.662
0.107962
0.0962238
0.662
0.120477
0.531844
0.26624
0.133273
0.356214
0.288497
0.662
0.140925
0.662
0.259284
0.124684
0.662
0.314762
0.0206963
0.331904
0.168566
0.121582
0.0169504
0.662
0.189503
0.369684
0.662
0.197965
0.662
0.0986219
0.12507
0.245977
0.0534216
0.31595
0.22101
0.448555
0.0665319
0.388046
0.397974
0.332834
0.344982
0.518665
0.233696
0.223775
0.213593
0.0881008
0.167597
0.148991
0.0649911
0.657988
0.364396
0.580656
0.411607
0.286405
0.22697
0.608653
0.173876
0.489607
0.0585819
0.545528
0.329712
0.163962
0.376657
0.11702
