0.093854
0.173626
0.22243
0.102371
0.662
0.582997
0.0952054
0.580445
0.207356
0.662
0.244224
0.311528
0.143035
0.239476
0.448521
0.607144
0.310244
0.398652
0.258265
0.662
0.106481
0.4241
0.353306
0.0881932
0.314733
0.242666
0.154678
0.226889
0.0408519
0.525702
0.174649
0.428254
0.463718
0.0701677
0.255585
0.662
0.0352333
0.182248
0.662
0.0881338
0.570123
0.662
0.150671
0.20765
0.274873
0.516187
0.138027
0.371323
0.111567
0.184801
0.662
0.18724
0.197776
0.101051
0.200177
0.0305029
0.136286
0.135832
0.184233
0.307222
0.459393
0.201966
0.050397
0.123517
0.629271
0.0666846
0.244137
0.0824814
0.0176526
0.389622
0.394423
0.538807
0.284075
0.34321
0.133154
0.0555897
0.377813
0.234105
0.0841381
0.662
0.662
0.066366
0.222809
0.152195
0.134086
0.408109
0.513283
0.288559
0.0320031
0.136792
0.0594248
0.154531
0.662
0.642845
0.283006
0.227994
0.15978
0.662
0.103185
0.407212
0.662
0.662
0.662
0.0827688
0.119604
0.556182
0.0379557
0.127827
0.223496
0.0654185
0.160298
0.0156071
0.429972
0.662
0.173541
0.0483707
0.498458
0.488144
0.245375
0.177062
0.0806649
0.258684
0.248154
0.0165832
0.223765
0.0613896
0.314744
0.0562788
0.30295
0.0929201
0.301105
0.662
0.180648
0.253241
0.27149
0.347177
0.538914
0.162319
0.0832126
0.654432
0.159632
0.229017
0.492101
0.273808
0.420465
0.168485
0.275216
0.227399
0.209441
0.153735
0.113217
0.0415242
0.662
0.0650522
0.662
0.662
0.242153
0.19507
0.366825
0.189181
0.176145
0.400832
0.314751
0.173359
0.0899628
0.0698556
0.156389
0.118656
0.055594
0.662
0.113085
0.0796346
0.432787
0.36779
0.596725
0.23469
0.662
0.662
0.133086
0.662
0.0581832
0.583745
0.662
0.410777
0.22375
0.0310557
0.112246
0.662
0.248317
0.355791
0.121133
0.413581
0.113609
0.0620928
0.0854625
0.443437
0.0555635
0.0703341
0.10729
0.0621857
0.62775
0.26845
0.176412
0.522462
0.205385
0.420505
0.662
0.657439
0.084189
0.17594
0.662
0.19499
0.331578
0.0628706
0.13878
0.393872
0.662
0.203024
0.0765297
0.662
0.662
0.135415
0.152896
0.312443
0.297363
0.272689
0.0493115
0.0632191
0.165636
0.224257
0.303174
0.0649303
0.662
0.149759
0.662
0.662
0.409687
0.0952213
0.154553
0.215004
0.207594
0.513414
0.623433
0.0380985
0.606286
0.0397052
0.0395441
0.16006
0.582003
0.202813
0.0546132
0.28031
0.423812
0.16633
0.312746
0.492923
0.662
0.31816
0.322936
0.211506
0.276727
0.124324
0.662
0.104295
0.630967
0.0816111
0.634027
0.268967
0.662
0.300737
0.227867
0.239267
0.462607
0.304104
0.662
0.343944
0.0848623
0.100402
0.662
0.481706
0.0616878
0.28551
0.3881
0.294297
0.108164
0.376437
0.0608455
0.177945
0.446524
0.160453
0.235754
0.662
0.310436
0.438187
0.239212
0.561196
0.0824779
0.0977391
0.405721
0.0362948
0.455152
0.118588
0.328672
0.557079
0.0553988
0.116605
0.122711
0.0845968
0.105844
0.152339
0.072474
0.00511665
0.233304
0.128559
0.456549
0.662
0.107696
0.233625
0.083266
0.287274
0.662
0.118808
0.467103
0.343697
0.205646
0.414168
0.345163
0.130917
0.0763737
0.662
0.626901
0.105306
0.165316
0.231709
0.114703
0.0232917
0.124923
0.420261
0.118206
0.167816
0.39898
0.0199731
0.186952
0.20801
0.17866
0.148322
0.293128
0.299111
0.276996
0.109302
0.0845915
0.100871
0.341493
0.0310456
0.604669
0.130922
0.172097
0.368067
0.372389
0.131802
0.161029
0.199451
0.126237
0.199441
0.132348
0.143452
0.5429
0.21445
0.267662
0.049876
0.190495
0.0519274
0.662
0.0391042
0.577144
0.636852
0.255186
0.379295
0.0918199
0.215878
0.164777
0.210647
0.0815126
0.0922715
0.0474558
0.662
0.125703
0.109289
0.312233
0.00220246
0.128545
0.346548
0.0907183
0.153952
0.259253
0.278768
0.11329
0.0878435
0.111225
0.0779413
0.618022
0.541629
0.584336
0.134837
0.331622
0.306726
0.12369
0.504149
0.0676752
0.29563
0.0798334
0.662
0.0732885
0.388541
0.140661
0.217642
0.0875796
0.0791553
0.475562
0.165334
0.622379
0.333383
0.100087
0.108574
0.146296
0.662
0.260079
0.397442
0.306633
0.132096
0.065726
0.266562
0.398252
0.171484
0.0685719
0.093481
0.173421
0.662
0.0465872
0.0144992
0.0826702
0.526745
0.10981
0.0540657
0.49743
0.212311
0.187177
0.446263
0.116548
0.122202
0.383347
0.182248
0.106194
0.122935
0.662
0.470524
0.186476
0.662
0.315251
0.185556
0.344785
0.24993
0.651869
0.0828798
0.179629
0.142883
0.225813
0.208949
0.157694
0.650938
0.653902
0.662
0.0939879
0.498389
0.136907
0.220255
0.155753
0.223492
0.200786
0.662
0.190376
0.224969
0.413997
0.15993
0.600712
0.13893
0.224402
0.167812
0.17385
0.410147
0.562947
0.0870817
0.186561
0.00832938
0.107105
0.176248
0.26655
0.0371782
0.493646
0.280901
0.662
0.303231
0.246255
0.40398
0.440615
0.0605198
0.00985227
0.324904
0.220504
0.291286
0.0496532
0.300205
0.0460904
0.19888
0.211175
0.0955494
0.0823878
0.110347
0.662
0.18297
0.288747
0.168304
0.200151
0.0562419
0.0125169
0.0563084
0.662
0.146202
0.662
0.200226
0.279774
0.662
0.662
0.21631
0.322664
0.124026
0.198876
0.662
0.146797
0.151317
0.0668166
0.405146
0.150025
0.0806844
0.662
0.394777
0.662
0.0682802
0.662
0.414296
0.662
0.0969171
0.0805427
0.391648
0.559329
0.662
0.249054
0.662
0.0814381
0.226724
0.120497
0.0183667
0.00922186
0.662
0.427888
0.207648
0.111741
0.457916
0.662
0.166632
0.0379917
0.401776
0.173629
0.152266
0.304917
0.0710214
0.363588
0.467707
0.258592
0.0683714
0.661861
0.254424
0.293487
0.662
0.0858291
0.0333496
0.163333
0.139203
0.662
0.170523
0.067066
0.397834
0.117753
0.074459
0.343025
0.140585
0.325634
0.153647
0.128525
0.413785
0.229071
0.106754
0.662
0.0817592
0.182584
0.0856757
0.102349
0.0787154
0.0757658
0.662
0.240245
0.591165
0.136667
0.294744
0.226612
0.237773
0.271007
0.12425
0.0388944
0.321291
0.266431
0.662
0.0844337
0.0506188
0.141285
0.0467508
0.257733
0.0909258
0.662
0.0659395
0.102858
0.0989176
0.123585
0.487325
0.185062
0.35371
0.345597
0.272549
0.0670162
0.154574
0.233878
0.158969
0.359871
0.120647
0.0921339
0.0648821
0.430831
0.339813
0.0611583
0.0900429
0.455484
0.662
0.0662077
0.307969
0.468387
0.0595361
0.058073
0.662
0.141903
0.39034
0.482498
0.108251
0.120783
0.662
0.185704
0.307447
0.476959
0.249608
0.445916
0.143511
0.0676789
0.129764
0.0650334
0.192887
0.202579
0.662
0.0159872
0.184693
0.511307
0.026752
0.101064
0.444904
0.0967679
0.0663149
0.662
0.440391
0.126358
0.0145005
0.482605
0.558826
0.2019
0.423666
0.459609
0.285462
0.352323
0.120257
0.152665
0.0650325
0.600024
0.662
0.274734
0.662
0.11678
0.573737
0.190519
0.422788
0.0471422
0.469044
0.361152
0.55905
0.191182
0.192397
0.181818
0.153841
0.0686701
0.117262
0.265424
0.144467
0.405056
0.452334
0.155524
0.353139
0.109954
0.325703
0.328799
0.348686
0.329328
0.179282
0.0727769
0.662
0.302865
0.114214
0.0728273
0.127795
0.439843
0.127565
0.290617
0.387305
0.206807
0.314266
0.455549
0.089299
0.0580074
0.1408
0.244257
0.26428
0.620465
0.224276
0.0636964
0.511936
0.662
0.0162427
0.252563
0.331742
0.0907765
0.131708
0.374086
0.40855
0.334823
0.0954843
0.389188
0.0402457
0.269658
0.199425
0.127957
0.0671934
0.242674
0.0656453
0.0514431
0.0194375
0.0810103
0.511238
0.456747
0.174472
0.662
0.138433
0.217135
0.662
0.10801
0.512563
0.182146
0.0763861
0.429882
0.468847
0.0996975
0.0989811
0.187645
0.0462333
0.662
0.091125
0.662
0.149394
0.0370201
0.132822
0.428021
0.115872
0.656234
0.333429
0.189054
0.197465
0.22713
0.280661
0.0558233
0.251515
0.193236
0.204927
0.252504
0.582542
0.619103
0.0812534
0.158898
0.144589
0.662
0.0941361
0.464692
0.639182
0.145476
0.27562
0.662
0.0919144
0.0831162
0.290713
0.272548
0.0675336
0.163256
0.318056
0.408216
0.0459856
0.113378
0.110547
0.0609737
0.609283
0.0997238
0.0526794
0.361536
0.0671684
0.135368
0.36196
0.207503
0.176263
0.0810483
0.662
0.540919
0.448424
0.662
0.183813
0.300974
0.200423
0.0767146
0.257533
0.635336
0.662
0.565283
0.189271
0.662
0.119161
0.412463
0.662
0.487003
0.648797
0.0988347
0.0506495
0.0799468
0.185487
0.320977
0.426099
0.141933
0.317865
0.662
0.18534
0.393572
0.142104
0.409165
0.662
0.0902988
0.662
0.111452
0.393277
0.0660537
0.232372
0.445723
0.0825763
0.310466
0.0757925
0.662
0.662
0.276888
0.325435
0.228489
0.114097
0.112241
0.298331
0.662
0.181495
0.00759777
0.662
0.662
0.662
0.0992162
0.223986
0.0673193
0.062797
0.632409
0.0948198
0.195787
0.222131
0.172912
0.0579368
0.592101
0.116296
0.527137
0.1695
0.11493
0.433012
0.111405
0.125723
0.0657557
0.304728
0.662
0.1872
0.0507976
0.0720777
0.232296
0.662
0.414011
0.129232
0.172041
0.242954
0.0597675
0.513513
0.662
0.0750509
0.653929
0.249341
0.114403
0.576235
0.116257
0.387661
0.444157
0.268869
0.426974
0.662
0.115538
0.105828
0.309467
0.0944971
0.662
0.230717
0.569641
0.349562
0.662
0.039402
0.358624
0.662
0.195191
0.662
0.116273
0.238098
0.0922973
0.34597
0.0583363
0.474795
0.482433
0.448692
0.132546
0.662
0.182246
0.436204
0.109726
0.122768
0.212255
0.117213
0.123987
0.342952
0.120431
0.0454608
0.182733
0.0303208
0.129061
0.553153
0.662
0.28672
0.0443683
0.129529
0.131125
0.281506
0.128127
0.662
0.662
0.177221
0.0401379
0.0663025
0.13601
0.650644
0.272997
0.231877
0.293811
0.512452
0.662
0.0620117
0.305488
0.184813
0.189681
0.116576
0.0508712
0.110057
0.0693379
0.476958
0.0736539
0.0717755
0.126038
0.0729392
0.0480633
0.266399
0.662
0.301077
0.109889
0.126864
0.248438
0.662
0.115137
0.050843
0.0393887
0.272539
0.117842
0.338024
0.155413
0.198283
0.662
0.0971417
0.140913
0.37392
0.188336
0.1888
0.260384
0.662
0.178606
0.19993
0.059853
0.408069
0.0825925
0.164985
0.238727
0.263603
0.0551475
0.0931946
0.608029
0.0309365
0.662
0.17203
0.400922
0.328617
0.215579
0.125821
0.13544
0.240085
0.083116
0.25056
0.05867
0.0453728
0.662
0.115454
0.331449
0.0878129
0.213421
0.508504
0.603453
0.191355
0.298188
0.367102
0.159992
0.0922555
0.092191
0.251195
0.153833
0.207311
0.662
0.233661
0.662
0.662
0.260372
0.551642
0.662
0.101178
0.1718
0.109675
0.175409
0.170188
0.159949
0.119966
0.452863
0.649881
0.0715879
0.211346
0.251454
0.231832
0.271228
0.569101
0.0378547
0.0621406
0.389703
0.248178
0.333022
0.0913599
0.294097
0.662
0.287283
0.0948612
0.662
0.18369
0.0538282
0.0824818
0.292476
0.0723198
0.0973332
0.660264
0.602724
0.0415515
0.490653
0.120383
0.397008
0.0591004
0.442043
0.0446058
0.274429
0.0660396
0.226523
0.286417
0.0754266
0.0447892
0.11734
0.574435
0.662
0.266025
0.0907765
0.112863
0.157562
0.312903
0.242766
0.136303
0.0945562
0.0695929
0.120521
0.364746
0.3835
0.183352
0.662
0.324012
0.662
0.288433
0.123144
0.256629
0.178888
0.408734
0.00169349
0.00593325
0.200041
0.222164
0.0597425
0.119871
0.583241
0.194284
0.151037
0.130619
0.662
0.315231
0.108399
0.403376
0.236098
0.456701
0.34821
0.662
0.284471
0.0983273
0.0902092
0.479691
0.523371
0.0443687
0.622377
0.662
0.15871
0.662
0.0594742
0.0940835
0.446992
0.0728703
0.0943634
0.505599
0.436887
0.162297
0.556471
0.357142
0.0921814
0.662
0.662
0.662
0.062109
0.0560079
0.662
0.106616
0.504579
0.250191
0.23468
0.552315
0.271926
0.143823
0.0837522
0.282682
0.0980732
0.513713
0.320545
0.173696
0.40888
0.161972
0.151891
0.108689
0.662
0.662
0.134302
0.117982
0.354375
0.233567
0.30696
0.427304
0.168736
0.398557
0.159281
0.171243
0.324166
0.383318
0.142137
0.222284
0.214621
0.558127
0.0527473
0.0918395
0.055905
0.292834
0.378062
0.133895
0.332286
0.156449
0.130211
0.283597
0.262127
0.15945
0.106547
0.170476
0.185861
0.662
0.118954
0.251111
0.662
0.0968043
0.442626
0.32994
0.306239
0.322271
0.662
0.426532
0.0607895
0.276756
0.305996
0.123211
0.0609085
0.213394
0.219496
0.293564
0.621654
0.662
0.121231
0.658048
0.198783
0.13727
0.137914
0.43486
0.422425
0.151232
0.239232
0.213476
0.0863114
0.0615702
0.190056
0.423215
0.0993529
0.559742
0.455672
0.63426
0.662
0.29565
0.0912572
0.319741
0.0657183
0.139905
0.00302839
0.527031
0.309289
0.632758
0.218836
0.662
0.199909
0.173486
0.247548
0.662
0.0679845
0.662
0.13644
0.14669
0.0936923
0.0993977
0.562327
0.0392092
0.662
0.0943036
0.0363684
0.256076
0.0436102
0.103498
0.0809974
0.0395619
0.0983404
0.129463
0.070782
0.35747
0.262191
0.059912
0.452652
0.076993
0.100259
0.662
0.068189
0.242286
0.155402
0.662
0.0599697
0.662
0.0690512
0.0911984
0.422652
0.286771
0.417109
0.155308
0.286906
0.567587
0.662
0.103387
0.18114
0.571714
0.662
0.0365844
0.627783
0.115482
0.113833
0.662
0.160901
0.100467
0.0648822
0.662
0.29519
0.121138
0.662
0.21613
0.0723594
0.137075
0.286772
0.148102
0.662
0.226268
0.22742
0.106874
0.061597
0.211621
0.0997892
0.560117
0.0878703
0.168705
0.191214
0.0481229
0.466565
0.204166
0.276127
0.215661
0.662
0.395395
0.189854
0.662
0.662
0.366948
0.262152
0.141163
0.379448
0.662
0.222318
0.179138
0.131429
0.161173
0.411469
0.0846168
0.662
0.634342
0.662
0.662
0.154364
0.662
0.280161
0.370349
0.631129
0.0378434
0.119887
0.662
0.11147
0.334424
0.266706
0.662
0.230258
0.375425
0.351698
0.00728068
0.210619
0.662
0.0666447
0.0940616
0.281514
0.0800494
0.354132
0.662
0.273669
0.0876361
0.523212
0.114734
0.190795
0.100071
0.195535
0.154493
0.50825
0.328084
0.588846
0.276333
0.357474
0.662
0.0848668
0.397887
0.232345
0.0496868
0.13249
0.0152196
0.145417
0.662
0.0819978
0.416528
0.27322
0.654388
0.253243
0.0352912
0.24154
0.348609
0.0911045
0.295879
0.452674
0.608841
0.0839306
0.113855
0.442307
0.261342
0.118042
0.191399
0.148032
0.0788889
0.0928653
0.281204
0.480515
0.2938
0.0581787
0.26068
0.662
0.343419
0.164823
0.662
0.553201
0.662
0.282774
0.139658
0.0835167
0.0455695
0.107428
0.489655
0.238392
0.391661
0.0951693
0.301859
0.117979
0.277107
0.148188
0.104526
0.599236
0.299462
0.160873
0.105507
0.420681
0.24054
0.569743
0.0887864
0.107008
0.147857
0.481355
0.240816
0.0617954
0.242005
0.0917437
0.358093
0.507049
0.643189
0.662
0.0203293
0.0996275
0.23634
0.0683363
0.173483
0.189057
0.341366
0.140617
0.223199
0.0589191
0.201326
0.338265
0.31559
0.243268
0.514989
0.605694
0.662
0.200159
0.31191
0.107504
0.290232
0.276376
0.107953
0.199786
0.351281
0.058441
0.0684212
0.662
0.662
0.267007
0.626334
0.10297
0.484273
0.662
0.545423
0.192497
0.0689604
0.662
0.324879
0.082779
0.432057
0.0509663
0.246904
0.177673
0.0929221
0.590727
0.0317856
0.497508
0.662
0.662
0.662
0.348589
0.497388
0.473123
0.0457027
0.155259
0.144253
0.117405
0.105048
0.263967
0.467506
0.450589
0.0249118
0.435996
0.170127
0.367727
0.474079
0.166799
0.662
0.142675
0.0184582
0.0970537
0.0960023
0.278726
0.052886
0.662
0.2793
0.521236
0.287349
0.325819
0.0293496
0.111203
0.253961
0.0465861
0.144703
0.0716379
0.662
0.190547
0.114818
0.154115
0.202137
0.323028
0.0952082
0.182627
0.46966
0.191679
0.368562
0.125303
0.0458692
0.126797
0.606201
0.0703982
0.111765
0.0689237
0.133552
0.115356
0.077597
0.0502761
0.342471
0.46209
0.223626
0.157082
0.662
0.539552
0.2873
0.159212
0.249538
0.396933
0.662
0.0636316
0.142324
0.1166
0.121766
0.10939
0.137765
0.0727956
0.156993
0.583425
0.154955
0.260383
0.0211689
0.458465
0.205041
0.385143
0.376185
0.0871893
0.0787708
0.149118
0.187015
0.175779
0.0205256
0.109338
0.1355
0.0925396
0.662
0.604748
0.0672164
0.111161
0.0489464
0.117643
0.113615
0.354413
0.285496
0.327629
0.123711
0.0667597
0.662
0.295381
0.114186
0.662
0.461294
0.192219
0.141318
0.126065
0.316872
0.535179
0.135034
0.662
0.160232
0.222804
0.0306422
0.413303
0.662
0.336731
0.284591
0.26297
0.216284
0.249951
0.205336
0.247802
0.178384
0.38198
0.077064
0.0448692
0.0969254
0.218832
0.662
0.189009
0.216879
0.639278
0.662
0.225307
0.0460144
0.204292
0.0529593
0.408175
0.287428
0.0311947
0.474063
0.482174
0.132379
0.584255
0.529105
0.137985
0.139935
0.0564858
0.498893
0.0638421
0.234585
0.0794928
0.028363
0.278445
0.600024
0.179865
0.0869878
0.132187
0.0695354
0.0462497
0.068337
0.623571
0.17173
0.460088
0.0416895
0.0284037
0.662
0.161054
0.356465
0.0608222
0.0700547
0.662
0.662
0.298975
0.47037
0.292743
0.455348
0.338546
0.268554
0.122305
0.147259
0.421047
0.100207
0.132733
0.331828
0.0461796
0.126868
0.0614315
0.205085
0.606022
0.523718
0.190996
0.298835
0.0743168
0.16769
0.226882
0.171335
0.658187
0.123882
0.104223
0.0625226
0.106081
0.509063
0.318774
0.662
0.0990997
0.662
0.0866127
0.0749849
0.149469
0.358016
0.0967841
0.662
0.328354
0.207331
0.234843
0.662
0.352471
0.381301
0.10961
0.381647
0.257011
0.117452
0.207498
0.215857
0.115985
0.114844
0.455503
0.433482
0.174688
0.326116
0.164208
0.226581
0.433877
0.104991
0.307521
0.662
0.0466703
0.0373563
0.19759
0.270787
0.320898
0.0597457
0.0601571
0.662
0.165606
0.114791
0.662
0.181163
0.45045
0.500749
0.0966899
0.127122
0.534655
0.17034
0.151412
0.223823
0.0456667
0.17683
0.0188479
0.136092
0.124329
0.13884
0.20715
0.116068
0.117335
0.112448
0.148376
0.222023
0.494944
0.277632
0.0797217
0.0556148
0.208715
0.383331
0.511695
0.233139
0.242375
0.115349
0.662
0.170128
0.597581
0.120893
0.258289
0.192655
0.420147
0.29708
0.491217
0.662
0.104632
0.30974
0.456154
0.595385
0.121488
0.0484886
0.437897
0.181227
0.593826
0.0350193
0.247137
0.143516
0.095445
0.0357091
0.240095
0.159621
0.169959
0.115513
0.44736
0.5502
0.400556
0.662
0.137743
0.25171
0.381941
0.5058
0.146083
0.267652
0.662
0.662
0.223632
0.308956
0.172016
0.245439
0.251628
0.071329
0.220378
0.200279
0.0653266
0.662
0.662
0.109866
0.441407
0.662
0.465659
0.0804361
0.525074
0.0675115
0.229877
0.662
0.229318
0.569976
0.389887
0.662
0.276678
0.516344
0.330725
0.0838421
0.280817
0.0177984
0.197153
0.662
0.102549
0.0656227
0.137706
0.322573
0.219788
0.662
0.252189
0.399411
0.105991
0.662
0.17152
0.462012
0.283331
0.341265
0.092282
0.65822
0.20907
0.07186
0.0562287
0.259091
0.163967
0.251895
0.133824
0.37291
0.060061
0.429073
0.0431592
0.363114
0.662
0.138062
0.662
0.662
0.368101
0.178864
0.499686
0.0760509
0.0622185
0.344864
0.249588
0.14354
0.313637
0.0593448
0.108929
0.126186
0.079006
0.320542
0.106604
0.622577
0.356157
0.00908417
0.0411493
0.112941
0.0499361
0.053557
0.0264058
0.662
0.00815305
0.383383
0.134872
0.106805
0.499336
0.376418
0.13582
0.131653
0.0587998
0.221204
0.468654
0.144091
0.186056
0.662
0.555818
0.400272
0.117161
0.588607
0.145536
0.446869
0.584371
0.662
0.288037
0.13218
0.0434336
0.10745
0.662
0.485635
0.609527
0.112395
0.099669
0.0996368
0.186152
0.180071
0.110443
0.107395
0.430646
0.000396834
0.662
0.662
0.2397
0.662
0.470827
0.662
0.0977226
0.138602
0.0781953
0.166453
0.130688
0.210383
0.662
0.308613
0.0843393
0.139968
0.243145
0.183373
0.662
0.541485
0.398189
0.159109
0.160708
0.662
0.0590551
0.208866
0.662
0.205863
0.662
0.134737
0.174098
0.4631
0.105601
0.270609
0.0779924
0.200073
0.310373
0.53332
0.0657249
0.110335
0.186813
0.127583
0.455184
0.082295
0.00566208
0.434639
0.144147
0.126052
0.448877
0.11435
0.20918
0.309213
0.0718851
0.396455
0.501166
0.266315
0.554392
0.141261
0.662
0.279868
0.248543
0.535932
0.0751853
0.171355
0.612648
0.319223
0.161624
0.0648658
0.0949266
0.445063
0.0884393
0.35608
0.390368
0.441349
0.563034
0.145375
0.528763
0.644635
0.108978
0.117347
0.132265
0.238394
0.662
0.178478
0.231521
0.662
0.127801
0.662
0.182821
0.0889262
0.47576
0.163904
0.0126174
0.0716353
0.351159
0.177084
0.258728
0.393616
0.150278
0.128369
0.415128
0.377607
0.328587
0.662
0.0663219
0.662
0.0683072
0.187373
0.662
0.30889
0.309996
0.123902
0.145414
0.329304
0.424159
0.0727824
0.0961436
0.0409629
0.29049
0.521994
0.662
0.16326
0.182978
0.11677
0.34445
0.662
0.467758
0.124841
0.634388
0.09369
0.662
0.266693
0.417586
0.510911
0.12641
0.662
0.0946393
0.244934
0.147937
0.224263
0.106679
0.0509155
0.0757953
0.403236
0.238539
0.644997
0.184167
0.473057
0.324335
0.578983
0.246662
0.196756
0.445731
0.0413937
0.206947
0.128768
0.280905
0.129322
0.662
0.184313
0.0336595
0.449916
0.127496
0.203101
0.145151
0.662
0.116763
0.355877
0.18825
0.389706
0.336658
0.156625
0.662
0.314117
0.0122345
0.292543
0.367114
0.404735
0.195554
0.476955
0.154833
0.475227
0.369968
0.180796
0.460201
0.190426
0.00178353
0.612822
0.129776
0.109
0.079422
0.25889
0.181032
0.386974
0.125379
0.357959
0.662
0.134896
0.0911912
0.0777158
0.662
0.662
0.267865
0.380174
0.662
0.120148
0.0722274
0.288712
0.468064
0.286152
0.585016
0.215419
0.11632
0.165015
0.370008
0.199748
0.662
0.102021
0.662
0.024254
0.06743
0.200933
0.0596755
0.0837694
0.550185
0.472426
0.405692
0.247567
0.306415
0.494996
0.253521
0.130748
0.0183523
0.0831101
0.243465
0.128539
0.0925124
0.662
0.131433
0.184001
0.662
0.09401
0.36718
0.0954504
0.0228253
0.344302
0.231885
0.343802
0.26524
0.28547
0.303474
0.490141
0.430157
0.253214
0.108628
0.200937
0.662
0.179113
0.258204
0.138446
0.103446
0.128845
0.0985134
0.662
0.0774206
0.125322
0.22621
0.466475
0.260537
0.401819
0.0689286
0.648463
0.0744448
0.0680399
0.662
0.145332
0.134127
0.624113
0.527712
0.244541
0.662
0.0175637
0.37136
0.402205
0.100599
0.244723
0.128557
0.599195
0.512449
0.0630959
0.0519108
0.536452
0.249036
0.26645
0.308008
0.0901862
0.16082
0.113516
0.505995
0.0303035
0.00287399
0.662
0.662
0.0431567
0.0896907
0.281811
0.327997
0.134463
0.0875432
0.140177
0.510909
0.0676337
0.04225
0.433569
0.662
0.111392
0.38798
0.34895
0.39395
0.094492
0.391059
0.240976
0.0368683
0.171538
0.436418
0.0556546
0.319227
0.0906281
0.0762452
0.127382
0.101904
0.662
0.328059
0.662
0.0911865
0.119569
0.0718125
0.562977
0.0616681
0.0629187
0.0500528
0.522581
0.113817
0.165038
0.176228
0.0329079
0.0845805
0.0622989
0.107428
0.157956
0.0208582
0.360196
0.178511
0.344818
0.172253
0.158996
0.081421
0.175518
0.198925
0.199135
0.203339
0.588075
0.662
0.072246
0.181064
0.488886
0.0674107
0.375394
0.463271
0.662
0.438767
0.662
0.370271
0.166309
0.662
0.01246
0.438861
0.662
0.190788
0.609831
0.136303
0.410462
0.408339
0.470993
0.17533
0.0791807
0.113476
0.412845
0.320317
0.112189
0.458771
0.229253
0.157443
0.127343
0.662
0.120876
0.662
0.454019
0.188372
0.301906
0.407659
0.308655
0.662
0.157814
0.147997
0.240023
0.0681707
0.0794238
0.232626
0.108647
0.144445
0.128994
0.247002
0.342564
0.205708
0.662
0.662
0.038333
0.449104
0.0746774
0.0549228
0.0773482
0.211129
0.187552
0.223698
0.029351
0.137361
0.287161
0.662
0.662
0.392899
0.511028
0.439679
0.188854
0.036324
0.204542
0.102743
0.652952
0.0514
0.0913799
0.125375
0.0214389
0.0566349
0.0704198
0.480414
0.420186
0.249798
0.181574
0.662
0.550336
0.662
0.111654
0.146787
0.662
0.0239815
0.0567319
0.0608035
0.0775045
0.217468
0.0852816
0.195561
0.320116
0.0556396
0.250443
0.311311
0.236038
0.335757
0.082547
0.368885
0.225693
0.662
0.326081
0.332587
0.148036
0.106224
0.536492
0.662
0.558861
0.110602
0.44575
0.348201
0.059038
0.465574
0.346001
0.126164
0.0457754
0.303825
0.15587
0.00546667
0.102065
0.429154
0.271
0.0480355
0.635003
0.0618322
0.253547
0.0623001
0.0637593
0.384122
0.0618653
0.0453725
0.474559
0.0852113
0.0311391
0.282847
0.10944
0.295421
0.036653
0.14677
0.122569
0.468915
0.222236
0.0317377
0.597954
0.224695
0.1487
0.0882429
0.662
0.662
0.662
0.038435
0.120476
0.130751
0.420037
0.514412
0.0518151
0.548109
0.109308
0.22898
0.29698
0.474579
0.361931
0.31634
0.662
0.339275
0.126804
0.106269
0.137551
0.0608861
0.30626
0.081607
0.211014
0.279625
0.661953
0.0764135
0.419825
0.662
0.0949523
0.529346
0.208655
0.063154
0.113103
0.468446
0.175538
0.356631
0.131014
0.33446
0.199036
0.626896
0.662
0.662
0.258059
0.407041
0.352477
0.297024
0.0916813
0.236474
0.35968
0.0625147
0.154159
0.0408768
0.0428151
0.190282
0.167051
0.137564
0.114948
0.134827
0.0052428
0.0454743
0.250605
0.14421
0.124591
0.135818
0.430977
0.255159
0.221189
0.209017
0.182224
0.101418
0.662
0.662
0.230932
0.397342
0.186804
0.0776618
0.459622
0.091683
0.262106
0.334015
0.0846685
0.488914
0.148316
0.0608731
0.662
0.13622
0.249748
0.143865
0.244838
0.275749
0.150604
0.499501
0.174748
0.278461
0.652387
0.205854
0.0269516
0.662
0.0978295
0.281994
0.0420445
0.61502
0.517095
0.157802
0.565353
0.507777
0.354828
0.263785
0.662
0.0837774
0.533747
0.662
0.0776363
0.0868603
0.112565
0.662
0.662
0.168597
0.178531
0.254431
0.0901594
0.0673805
0.345484
0.0671045
0.12922
0.662
0.472561
0.332461
0.347998
0.161857
0.336208
0.142599
0.290102
0.40393
0.134224
0.13209
0.662
0.662
0.235489
0.0628753
0.0435431
0.0464694
0.0458856
0.119131
0.305274
0.288455
0.201288
0.240398
0.0337001
0.0390415
0.662
0.662
0.278275
0.0108532
0.136413
0.662
0.250388
0.26543
0.0926264
0.111477
0.216349
0.662
0.210868
0.138801
0.0706
0.536089
0.662
0.123836
0.662
0.303761
0.408377
0.434098
0.0477211
0.152363
0.078218
0.22821
0.112011
0.489929
0.0368696
0.259438
0.0051798
0.279913
0.603365
0.106874
0.0687912
0.0805257
0.0469287
0.341955
0.288828
0.1456
0.662
0.1858
0.222528
0.40722
0.662
0.35025
0.0821224
0.236921
0.064924
0.151649
0.348332
0.410505
0.344351
0.116607
0.0810938
0.662
0.0416289
0.662
0.559948
0.0852322
0.103103
0.662
0.166947
0.14828
0.662
0.662
0.234563
0.146559
0.242977
0.444053
0.0884246
0.386509
0.34381
0.555745
0.395481
0.0699639
0.377205
0.10878
0.225538
0.0521819
0.335797
0.0600828
0.0755863
0.0693707
0.662
0.167847
0.190713
0.0275254
0.0874255
0.354043
0.662
0.300303
0.123964
0.278006
0.29578
0.111868
0.526195
0.409128
0.379686
0.31187
0.177145
0.0154831
0.345559
0.370412
0.658027
0.236502
0.223186
0.0663873
0.415104
0.099845
0.348262
0.464953
0.108426
0.330087
0.662
0.231078
0.154001
0.290996
0.272168
0.127334
0.0358208
0.257817
0.415662
0.244128
0.450234
0.173057
0.662
0.00170887
0.070765
0.288927
0.183707
0.429918
0.334755
0.143854
0.0711782
0.309752
0.374706
0.579398
0.19826
0.662
0.418108
0.0808183
0.662
0.126603
0.119558
0.662
0.392587
0.662
0.268212
0.189136
0.662
0.468477
0.180152
0.662
0.662
0.166299
0.662
0.245426
0.393551
0.0434992
0.328135
0.595899
0.223455
0.395026
0.164887
0.662
0.0188289
0.0803502
0.662
0.05177
0.119401
0.541889
0.345394
0.662
0.185761
0.256184
0.382467
0.0650321
0.25254
0.662
0.293589
0.0537617
0.153509
0.662
0.184365
0.0800181
0.373252
0.0642221
0.441077
0.0412173
0.239983
0.367734
0.662
0.234931
0.202762
0.337305
0.368699
0.326505
0.662
0.603975
0.429864
0.321919
0.450332
0.169398
0.631911
0.318869
0.226852
0.0800779
0.29666
0.099639
0.662
0.139072
0.122499
0.155757
0.662
0.032821
0.0649524
0.639093
0.662
0.10259
0.0761926
0.0937386
0.252443
0.162058
0.213083
0.580702
0.217801
0.177965
0.0868248
0.102992
0.0785237
0.662
0.243999
0.0913778
0.141067
0.662
0.0843079
0.11666
0.470004
0.662
0.550063
0.662
0.0275486
0.185155
0.0679569
0.662
0.662
0.190357
0.0893147
0.042153
0.187824
0.101068
0.662
0.0738483
0.15905
0.154996
0.0854613
0.183727
0.412128
0.662
0.0909632
0.0453858
0.321173
0.621873
0.152347
0.33535
0.229282
0.662
0.122417
0.662
0.040988
0.170064
0.359132
0.247803
0.192175
0.134465
0.166899
0.298981
0.360502
0.357436
0.338701
0.449827
0.0828255
0.144724
0.411974
0.542892
0.582851
0.662
0.240308
0.000462674
0.271637
0.0918307
0.196715
0.132557
0.17129
0.467967
0.249187
0.255806
0.148978
0.662
0.650399
0.289804
0.321708
0.162919
0.278814
0.414687
0.0776031
0.46713
0.308262
0.245063
0.0642952
0.285186
0.662
0.3584
0.169105
0.0830294
0.101676
0.223603
0.662
0.662
0.107021
0.0422516
0.0120999
0.370385
0.568394
0.228383
0.294086
0.490705
0.11889
0.662
0.662
0.0628942
0.375123
0.662
0.121183
0.35105
0.390951
0.141976
0.305168
0.297409
0.662
0.0904194
0.14019
0.321006
0.662
0.0529657
0.0745241
0.662
0.0517336
0.328676
0.0805399
0.147642
0.395636
0.39592
0.662
0.662
0.0548182
0.569368
0.378735
0.172488
0.0842919
0.171627
0.0782017
0.0806221
0.346396
0.0311198
0.0865705
0.297528
0.124056
0.190931
0.147183
0.323557
0.0614425
0.224458
0.589848
0.0421554
0.0835187
0.277317
0.33749
0.354349
0.461844
0.106055
0.423326
0.662
0.544215
0.662
0.425894
0.217828
0.25057
0.218298
0.50288
0.662
0.0719062
0.662
0.421106
0.273149
0.662
0.481979
0.0574709
0.57912
0.662
0.0939059
0.15949
0.192549
0.375612
0.00348317
0.129459
0.644343
0.58965
0.0749103
0.249673
0.662
0.127918
0.0437382
0.290098
0.298276
0.662
0.313345
0.116335
0.662
0.317508
0.461216
0.213874
0.0863906
0.0539498
0.381079
0.121446
0.122101
0.168846
0.163797
0.435573
0.0974854
0.662
0.662
0.362536
0.662
0.415535
0.0838433
0.348476
0.173301
0.167733
0.156482
0.662
0.549633
0.259642
0.099156
0.633875
0.219708
0.516066
0.662
0.39979
0.350635
0.225216
0.20493
0.00546724
0.20485
0.662
0.414213
0.440065
0.249432
0.524216
0.662
0.220114
0.277373
0.662
0.189313
0.109601
0.52554
0.0903928
0.101659
0.588632
0.662
0.398522
0.130632
0.187558
0.366874
0.281465
0.115993
0.0654257
0.142049
0.165064
0.278636
0.173294
0.662
0.45794
0.129348
0.166026
0.199428
0.391208
0.292612
0.088458
0.307644
0.0467046
0.191134
0.177606
0.14996
0.189137
0.280309
0.271934
0.107761
0.593669
0.0219355
0.27415
0.136651
0.105792
0.130047
0.662
0.100373
0.150953
0.158643
0.177571
0.0704319
0.378903
0.0168261
0.173017
0.0492825
0.662
0.456309
0.10359
0.662
0.350293
0.0744338
0.146137
0.0128361
0.096608
0.662
0.205285
0.662
0.200366
0.214429
0.0238142
0.1338
0.0888281
0.47686
0.662
0.119384
0.265505
0.0853516
0.662
0.0201819
0.276481
0.662
0.195794
0.0984848
0.314419
0.344119
0.211163
0.662
0.275395
0.165493
0.269336
0.165072
0.592396
0.0734938
0.396122
0.193444
0.0591448
0.229101
0.42264
0.10254
0.0353928
0.437683
0.127686
0.137365
0.101986
0.177835
0.591704
0.387476
0.137386
0.370742
0.0609968
0.289276
0.620538
0.0763727
0.248638
0.176968
0.114287
0.191636
0.662
0.415999
0.0431159
0.13682
0.45189
0.141988
0.0753058
0.626112
0.290171
0.195938
0.394347
0.662
0.065624
0.0913286
0.169223
0.0940812
0.356627
0.0744399
0.328536
0.515175
0.493571
0.0693739
0.140503
0.182041
0.102733
0.166263
0.595532
0.329665
0.309883
0.485374
0.292028
0.0922274
0.0323488
0.119331
0.217997
0.208086
0.215141
0.662
0.38374
0.17113
0.0536796
0.297985
0.0613986
0.121922
0.167818
0.185562
0.0932645
0.208102
0.12722
0.182649
0.0771062
0.0535796
0.545814
0.34292
0.0179434
0.187583
0.301459
0.388808
0.143001
0.110414
0.373989
0.311024
0.166648
0.306947
0.131151
0.515562
0.190296
0.079101
0.662
0.417286
0.126086
0.662
0.538551
0.386104
0.097779
0.271571
0.167316
0.512492
0.303382
0.0645195
0.146226
0.142601
0.425107
0.245573
0.0264129
0.2721
0.0471891
0.488945
0.179
0.157559
0.228244
0.121038
0.248917
0.125845
0.150082
0.0541803
0.662
0.00888938
0.120278
0.662
0.433518
0.662
0.294432
0.0578149
0.319949
0.252114
0.10172
0.0186119
0.258546
0.0664543
0.0179847
0.662
0.250077
0.537906
0.307961
0.161916
0.287704
0.0629773
0.114934
0.0693885
0.100262
0.300379
0.238144
0.0766969
0.185626
0.662
0.662
0.0782278
0.350428
0.392942
0.155743
0.662
0.0244678
0.172167
0.485326
0.366196
0.223986
0.298902
0.485598
0.473272
0.27898
0.0484652
0.127782
0.312044
0.334731
0.495957
0.143713
0.1512
0.451871
0.109442
0.0848172
0.246468
0.384378
0.662
0.0934191
0.234464
0.309197
0.419744
0.0522553
0.437087
0.122061
0.112523
0.0917577
0.248322
0.662
0.270147
0.259198
0.223278
0.662
0.0624489
0.660394
0.186453
0.242331
0.495717
0.662
0.343186
0.195917
0.199626
0.649044
0.16577
0.0513302
0.053676
0.562255
0.662
0.0928053
0.0586851
0.662
0.363584
0.186864
0.0499638
0.250619
0.411064
0.594913
0.662
0.662
0.439386
0.559559
0.013803
0.277394
0.662
0.309314
0.212464
0.228493
0.380723
0.373957
0.0551981
0.279807
0.662
0.163673
0.219029
0.239125
0.239545
0.196281
0.101649
0.0724181
0.662
0.0628337
0.480788
0.216549
0.300996
0.314357
0.662
0.12016
0.0371777
0.471037
0.057092
0.125906
0.0709206
0.662
0.191977
0.119492
0.493802
0.275793
0.496892
0.0558036
0.662
0.46171
0.662
0.0800551
0.662
0.120784
0.143457
0.0696452
0.182572
0.0917035
0.0182369
0.662
0.234965
0.0946869
0.0350193
0.11202
0.412672
0.246116
0.662
0.0664433
0.382254
0.631732
0.0620477
0.388039
0.20807
0.126123
0.0309405
0.0654821
0.355605
0.190217
0.310999
0.0588024
0.23024
0.238236
0.0723036
0.36691
0.0221645
0.421326
0.14887
0.221539
0.0668327
0.244955
0.0987416
0.281248
0.435301
0.450508
0.0512392
0.0853164
0.5973
0.662
0.662
0.31962
0.069012
0.607744
0.662
0.340312
0.389063
0.179858
0.0951556
0.209907
0.483773
0.404861
0.094595
0.0640167
0.549294
0.18518
0.0577806
0.0567841
0.63339
0.103765
0.140621
0.591157
0.330307
0.0987106
0.662
0.263789
0.279692
0.0837229
0.0714747
0.279738
0.133889
0.360713
0.305013
0.0643455
0.0544084
0.658487
0.662
0.109479
0.131649
0.0538322
0.356364
0.662
0.662
0.0162607
0.128242
0.32902
0.14366
0.0289734
0.170229
0.204437
0.110454
0.11181
0.129133
0.0353205
0.119008
0.0518883
0.2144
0.13972
0.442688
0.461587
0.662
0.267961
0.233759
0.241009
0.162094
0.106267
0.149152
0.173264
0.225344
0.124472
0.646994
0.123008
0.662
0.226681
0.0593952
0.186611
0.491265
0.10071
0.289345
0.338552
0.108805
0.121744
0.514368
0.23429
0.250113
0.14481
0.12004
0.662
0.451054
0.212433
0.187031
0.0436107
0.0355645
0.276515
0.205252
0.151821
0.195432
0.662
0.127899
0.224456
0.111749
0.392391
0.519125
0.2297
0.0510058
0.140912
0.118179
0.662
0.189812
0.239716
0.631776
0.31592
0.222619
0.183741
0.0821682
0.0505762
0.0627257
0.104944
0.460575
0.662
0.0788337
0.0545911
0.517185
0.237885
0.662
0.299139
0.662
0.298743
0.198062
0.0793075
0.662
0.483603
0.662
0.0836754
0.254375
0.365232
0.125741
0.0957905
0.124128
0.468869
0.113216
0.513482
0.0365165
0.0580892
0.429082
0.454954
0.662
0.456118
0.217723
0.0636117
0.143136
0.45538
0.115936
0.306177
0.110393
0.282101
0.349165
0.46482
0.662
0.662
0.253781
0.169344
0.503242
0.186851
0.254064
0.632737
0.203496
0.662
0.662
0.320818
0.32003
0.0750158
0.608495
0.0760082
0.12434
0.0556497
0.214008
0.097279
0.0150654
0.662
0.658495
0.474366
0.314798
0.662
0.237108
0.177741
0.0818817
0.363946
0.109133
0.662
0.360747
0.166114
0.119635
0.56012
0.662
0.185047
0.445193
0.185691
0.104564
0.221278
0.0451804
0.250054
0.662
0.0704648
0.24913
0.12549
0.0569618
0.44435
0.204268
0.126154
0.0799618
0.0926258
0.0378496
0.019068
0.166951
0.116641
0.461622
0.121629
0.628518
0.662
0.206672
0.544911
0.662
0.0134109
0.0777928
0.0800792
0.163119
0.328724
0.0224354
0.519863
0.290792
0.662
0.0166123
0.372575
0.0357753
0.378325
0.126171
0.579543
0.662
0.0496464
0.512296
0.224215
0.662
0.114483
0.441731
0.132282
0.096626
0.207566
0.106623
0.215816
0.124859
0.638001
0.142633
0.524158
0.628744
0.113742
0.235294
0.122266
0.662
0.263797
0.190434
0.0667741
0.662
0.363738
0.335741
0.238108
0.0651121
0.0684919
0.61864
0.123294
0.486778
0.0762499
0.124043
0.0424978
0.281725
0.0906972
0.272616
0.325423
0.22375
0.196334
0.166122
0.365937
0.0528048
0.216684
0.100905
0.067657
0.0314691
0.368669
0.297699
0.121928
0.192046
0.294046
0.0867414
0.0519397
0.662
0.470211
0.637765
0.313192
0.517151
0.230188
0.246043
0.0613908
0.157957
0.272238
0.414117
0.293405
0.085245
0.305075
0.195676
0.42134
0.336102
0.308462
0.14394
0.215962
0.0863627
0.220267
0.405333
0.662
0.279194
0.662
0.131999
0.470949
0.439664
0.662
0.0568241
0.662
0.15826
0.0767566
0.662
0.280364
0.662
0.0149319
0.369302
0.0877531
0.655817
0.44904
0.265781
0.0860867
0.0643487
0.0556206
0.415641
0.545275
0.104379
0.133692
0.346963
0.127402
0.0754232
0.0127553
0.371
0.287487
0.146022
0.293361
0.662
0.339068
0.662
0.378551
0.162987
0.0798696
0.662
0.184045
0.322205
0.0893207
0.292172
0.504135
0.662
0.225475
0.472804
0.433689
0.131454
0.0165659
0.168943
0.0111052
0.107183
0.500341
0.178945
0.118852
0.0773535
0.662
0.198985
0.106395
0.243236
0.635122
0.467428
0.0782095
0.117026
0.156431
0.34333
0.120081
0.247385
0.436287
0.212173
0.313119
0.662
0.084691
0.63776
0.350537
0.0339382
0.544758
0.662
0.0981937
0.148712
0.0785876
0.109152
0.662
0.0813954
0.0486974
0.0933179
0.397601
0.293464
0.049787
0.515232
0.189352
0.0352993
0.0688267
0.662
0.0356468
0.101882
0.189287
0.662
0.522468
0.439765
0.114774
0.124756
0.470839
0.184713
0.365954
0.0517388
0.106006
0.252977
0.213991
0.362578
0.612547
0.409691
0.0759048
0.18917
0.0500746
0.21366
0.283104
0.0760828
0.123997
0.074851
0.361026
0.235659
0.0373876
0.140856
0.502356
0.0566316
0.0949019
0.08321
0.16418
0.102515
0.118767
0.172333
5.65534e-05
0.339994
0.0411879
0.175222
0.301105
0.0224001
0.0974552
0.0771917
0.261648
0.662
0.662
0.469596
0.268233
0.435977
0.247261
0.417562
0.0501941
0.662
0.662
0.159534
0.0634587
0.0909628
0.367625
0.218332
0.498963
0.504758
0.157083
0.548248
0.171653
0.566958
0.10851
0.446057
0.280502
0.662
0.0985127
0.124693
0.563339
0.0884071
0.113329
0.360842
0.0900169
0.100727
0.662
0.48878
0.0734553
0.046993
0.447687
0.21252
0.662
0.0650375
0.330355
0.228974
0.1131
0.45584
0.123162
0.0713919
0.340652
0.178638
0.263291
0.662
0.104378
0.114283
0.0282928
0.370321
0.361812
0.585495
0.131493
0.0541421
0.290339
0.662
0.387307
0.0635661
0.662
0.662
0.662
0.308724
0.355177
0.0332971
0.264197
0.662
0.414019
0.0242185
0.328049
0.175732
0.167376
0.34058
0.0815031
0.230108
0.144317
0.0664229
0.294131
0.568781
0.0958544
0.327074
0.501959
0.149193
0.331743
0.238969
0.0706924
0.238298
0.115255
0.268437
0.0896459
0.421329
0.283169
0.471602
0.0247687
0.113561
0.10896
0.0977546
0.0767868
0.662
0.136245
0.316725
0.571907
0.0763766
0.163969
0.113645
0.465321
0.152993
0.518291
0.126506
0.420066
0.324462
0.216499
0.0287426
0.662
0.201689
0.662
0.159582
0.0589089
0.10954
0.141986
0.375425
0.131008
0.265954
0.200465
0.575895
0.662
0.662
0.215002
0.107361
0.485522
0.0357757
0.474011
0.204682
0.0302538
0.662
0.165372
0.662
0.124035
0.189611
0.0969661
0.501999
0.370527
0.345071
0.275749
0.155725
0.662
0.662
0.00195717
0.176375
0.16929
0.228501
0.0551197
0.0091345
0.454479
0.159631
0.127202
0.271762
0.218063
0.497252
0.585967
0.136659
0.138428
0.160955
0.133217
0.11698
0.10803
0.103461
0.0945883
0.662
0.119224
0.431783
0.472047
0.403862
0.274844
0.170435
0.137041
0.232803
0.0380798
0.248959
0.132383
0.332339
0.190686
0.286088
0.43369
0.662
0.407461
0.219361
0.164841
0.115063
0.195373
0.34833
0.662
0.141554
0.662
0.440452
0.662
0.092996
0.356818
0.397859
0.135544
0.360454
0.0917191
0.174703
0.215321
0.0598534
0.160988
0.19551
0.134478
0.291076
0.662
0.291905
0.075604
0.517073
0.131897
0.662
0.232291
0.158112
0.572881
0.0819907
0.662
0.504717
0.0566425
0.158158
0.662
0.327215
0.0690743
0.190103
0.580823
0.229631
0.055339
0.102373
0.115067
0.662
0.398493
0.248588
0.0913663
0.528485
0.6271
0.662
0.289474
0.321448
0.161014
0.305206
0.195628
0.229215
0.114872
0.17747
0.0763893
0.000100507
0.173216
0.0633143
0.200488
0.193654
0.164993
0.176809
0.342379
0.0334357
0.488783
0.206041
0.298119
0.620109
0.662
0.173197
0.12619
0.395491
0.247301
0.338179
0.237399
0.272055
0.237467
0.493935
0.541371
0.0528523
0.218728
0.662
0.298525
0.413748
0.256269
0.0823311
0.187003
0.1128
0.165698
0.662
0.459412
0.171152
0.129107
0.662
0.511375
0.487166
0.0113902
0.0944838
0.220616
0.0998999
0.0716623
0.284868
0.662
0.196461
0.0680848
0.0661985
0.0609529
0.483485
0.266305
0.261764
0.0650626
0.0387017
0.662
0.172636
0.0631263
0.0739791
0.227361
0.347545
0.0951638
0.058076
0.077617
0.0729373
0.23224
0.437193
0.17425
0.494335
0.297816
0.328986
0.266902
0.201961
0.204377
0.173877
0.104448
0.118588
0.0752713
0.466557
0.662
0.410917
0.320709
0.411752
0.116798
0.341799
0.662
0.330081
0.209472
0.123781
0.473907
0.498961
0.311645
0.0704877
0.326861
0.119363
0.0586309
0.14366
0.662
0.334203
0.315807
0.118231
0.423666
0.163174
0.117292
0.169239
0.525237
0.0796682
0.369408
0.15211
0.161579
0.469534
0.662
0.54557
0.662
0.404803
0.662
0.662
0.399556
0.289646
0.662
0.662
0.0995492
0.662
0.534029
0.366511
0.0906194
0.441793
0.45618
0.0413777
0.662
0.45286
0.0800687
0.152555
0.148071
0.662
0.478857
0.0705951
0.497334
0.148202
0.167004
0.240384
0.319748
0.477537
0.0438638
0.650364
0.461437
0.122422
0.117699
0.0176237
0.14813
0.129373
0.239051
0.0907067
0.662
0.099067
0.203142
0.151757
0.442065
0.0622159
0.0384045
0.192547
0.205517
0.162713
0.121846
0.303782
0.662
0.662
0.0426079
0.589931
0.156777
0.223004
0.197486
0.661026
0.217554
0.0495195
0.303144
0.115738
0.226906
0.424169
0.099201
0.662
0.0705338
0.32438
0.662
0.343933
0.249585
0.330745
0.0637539
0.520241
0.232634
0.0758494
0.662
0.233288
0.0574199
0.178982
0.113578
0.560668
0.461588
0.662
0.142996
0.662
0.163734
0.0960294
0.460577
0.11697
0.241563
0.181737
0.239161
0.479321
0.0598623
0.0511976
0.0785741
0.0813335
0.0405586
0.454262
0.0805207
0.365369
0.662
0.662
0.297199
0.658849
0.449191
0.09409
0.662
0.312289
0.189904
0.19986
0.522615
0.0969855
0.606014
0.662
0.221218
0.155345
0.0148226
0.228795
0.137087
0.491021
0.0449164
0.399245
0.105899
0.662
0.662
0.210797
0.180166
0.102279
0.103302
0.0732001
0.176459
0.454422
0.137767
0.0813514
0.037304
0.401343
0.324193
0.0546146
0.145479
0.358283
0.173766
0.0938571
0.0867321
0.280863
0.357261
0.255169
0.518025
0.0678903
0.119572
0.263412
0.345361
0.343067
0.0981726
0.662
0.0191253
0.247095
0.102196
0.120361
0.117837
0.566945
0.0852742
0.273902
0.0738772
0.102052
0.662
0.217922
0.662
0.662
0.116612
0.398058
0.0443486
0.324479
0.101488
0.161817
0.373029
0.662
0.0774734
0.16831
0.55683
0.662
0.128442
0.426536
0.281623
0.128814
0.619214
0.662
0.662
0.0619365
0.0149492
0.191659
0.431043
0.191664
0.185548
0.0675187
0.206469
0.19975
0.633355
0.0462287
0.053284
0.662
0.344975
0.139916
0.0751004
0.158195
0.23717
0.321548
0.221197
0.662
0.0374081
0.398929
0.272916
0.433113
0.231186
0.582231
0.223143
0.298767
0.267388
0.102024
0.0687044
0.170796
0.662
0.0682645
0.164274
0.0839815
0.102694
0.235895
0.421521
0.136488
0.0896032
0.106463
0.118664
0.34287
0.33211
0.19284
0.198814
0.539634
0.405741
0.331184
0.0416289
0.117208
0.662
0.115847
0.101921
0.0493075
0.662
0.233707
0.100362
0.178725
0.227468
0.180837
0.087168
0.0525204
0.433321
0.110201
0.329804
0.16
0.198904
0.11321
0.524275
0.16156
0.327409
0.152885
0.285377
0.500603
0.120482
0.373245
0.0577202
0.433464
0.361847
0.432608
0.588608
0.268604
0.320247
0.578612
0.114557
0.662
0.0827981
0.244486
0.0639298
0.35418
0.662
0.0980507
0.126651
0.0635743
0.214882
0.402893
0.0638332
0.182953
0.240926
0.0659528
0.169013
0.141473
0.0678556
0.418677
0.114525
0.552712
0.662
0.0852963
0.104285
0.604223
0.0684405
0.230552
0.0301822
0.132307
0.363217
0.40961
0.291279
0.1562
0.325044
0.364695
0.662
0.361228
0.550817
0.341243
0.0864763
0.105816
0.379974
0.190977
0.662
0.662
0.432823
0.403588
0.338002
0.269887
0.662
0.429595
0.555093
0.538829
0.457332
0.194706
0.144706
0.276871
0.283398
0.0431307
0.593888
0.189443
0.422499
0.0960314
0.0413327
0.658736
0.16064
0.075491
0.198611
0.114072
0.291689
0.117797
0.0493577
0.539303
0.0973189
0.603468
0.249772
0.189587
0.183209
0.185739
0.0154504
0.0613671
0.108659
0.44617
0.103844
0.00513188
0.448741
0.432996
0.175276
0.221669
0.149216
0.0912857
0.0749761
0.626811
0.282502
0.431382
0.521607
0.0882213
0.373505
0.0795508
0.120492
0.107659
0.472343
0.0470756
0.42693
0.00499172
0.184311
0.662
0.131284
0.244313
0.472822
0.127504
0.604222
0.0765012
0.662
0.0892365
0.161814
0.0723889
0.662
0.235012
0.169421
0.295726
0.443335
0.406985
0.135855
0.136641
0.589384
0.0526276
0.527467
0.146861
0.210697
0.191475
0.0892646
0.054942
0.14218
0.373658
0.0498551
0.167433
0.132327
0.451473
0.337717
0.045393
0.0584473
0.283033
0.0846893
0.268445
0.394774
0.223113
0.441172
0.0856303
0.179472
0.0728455
0.195028
0.332091
0.294486
0.051856
0.0497116
0.196232
0.493624
0.662
0.0868954
0.310664
0.662
0.050648
0.125237
0.388835
0.168364
0.58464
0.428717
0.114866
0.247038
0.250035
0.310564
0.662
0.104519
0.662
0.0415476
0.179604
0.212414
0.662
0.203656
0.440876
0.264697
0.0833541
0.291614
0.227943
0.140441
0.662
0.662
0.231203
0.210198
0.208116
0.246141
0.154878
0.266327
0.428118
0.0495345
0.662
0.0978274
0.662
0.662
0.314113
0.0618977
0.490553
0.175171
0.0868434
0.0739988
0.310422
0.273318
0.28108
0.195554
0.0562636
0.479926
0.662
0.430372
0.109101
0.551813
0.335816
0.662
0.0272311
0.459223
0.0920093
0.117657
0.10645
0.245826
0.662
0.299912
0.118102
0.340543
0.0777071
0.136213
0.26405
0.662
0.0837807
0.0025304
0.143827
0.218274
0.101057
0.313824
0.0471122
0.0306173
0.20555
0.0793005
0.151114
0.271601
0.430151
0.0512816
0.20919
0.178081
0.322311
0.520814
0.662
0.374374
0.402513
0.662
0.149791
0.106862
0.342323
0.247109
0.519819
0.662
0.513027
0.21973
0.0550679
0.409756
0.662
0.662
0.0858976
0.0590906
0.0424283
0.662
0.0859665
0.105982
0.172164
0.256799
0.254893
0.662
0.662
0.182822
0.133946
0.0798559
0.203907
0.388136
0.10913
0.0745037
0.133171
0.160895
0.0951511
0.662
0.0699541
0.110638
0.662
0.358982
0.0705756
0.0974591
0.0959411
0.280813
0.613776
0.201917
0.149103
0.202501
0.662
0.512233
0.08828
0.662
0.339767
0.171256
0.0548014
0.424225
0.254722
0.259673
0.342945
0.296234
0.480949
0.275652
0.447496
0.0295604
0.214793
0.37718
0.0725986
0.010181
0.662
0.132368
0.350601
0.101226
0.426058
0.237167
0.201661
0.258706
0.0711848
0.182229
0.140585
0.0728929
0.334365
0.174936
0.422782
0.662
0.662
0.227992
0.0518969
0.10986
0.154383
0.0902053
0.0919617
0.118421
0.0509168
0.115652
0.369314
0.156474
0.317672
0.593181
0.114055
0.52223
0.662
0.110658
0.045012
0.213736
0.0569472
0.0414477
0.662
0.129902
0.114083
0.438003
0.190513
