0.0142887
0.346383
0.377848
0.146554
0.477146
0.0346914
0.349902
0.0827449
0.662
0.360123
0.297049
0.662
0.0822599
0.197107
0.211284
0.0541029
0.662
0.523278
0.479667
0.0568186
0.128686
0.497483
0.359551
0.17081
0.0519084
0.662
0.3277
0.485841
0.290228
0.269779
0.656593
0.350128
0.417751
0.100003
0.178957
0.59575
0.34384
0.173987
0.418319
0.459279
0.662
0.501618
0.552032
0.589034
0.225182
0.662
0.417048
0.0465827
0.470394
0.414126
0.113069
0.314557
0.192604
0.243183
0.379465
0.283136
0.0797469
0.0623866
0.362273
0.0472558
0.64382
0.129118
0.185373
0.13609
0.182581
0.576535
0.137563
0.0480161
0.0540087
0.340959
0.269963
0.522607
0.177698
0.00356326
0.0729286
0.398232
0.509745
0.237223
0.308612
0.0944775
0.0720446
0.0801747
0.0463354
0.0810752
0.117502
0.253935
0.662
0.662
0.662
0.285341
0.322493
0.20724
0.161745
0.0282292
0.662
0.0772675
0.462362
0.14844
0.463693
0.2902
0.662
0.372017
0.518342
0.066066
0.0362514
0.528338
0.456641
0.0188167
0.329684
0.282158
0.565446
0.179807
0.662
0.0313056
0.0723182
0.234953
0.184606
0.447915
0.255741
0.0375175
0.167619
0.364857
0.35316
0.662
0.137748
0.566967
0.117753
0.465143
0.519317
0.263284
0.538023
0.30627
0.0385808
0.494663
0.12977
0.399559
0.283835
0.549134
