0.307267
0.557052
0.352772
0.0771353
0.170299
0.171312
0.135067
0.662
0.0598329
0.392661
0.662
0.414659
0.205539
0.351263
0.136276
0.662
0.0120463
0.0989036
0.378871
0.18122
0.119197
0.335411
0.181639
0.255159
0.248032
0.242798
0.114998
0.16863
0.0956784
0.662
0.110652
0.0795209
0.525501
0.662
0.151454
0.590871
0.186936
0.182622
0.662
0.574804
0.415413
0.344945
0.148637
0.662
0.159643
0.0468913
0.662
0.0929552
0.120052
0.520239
0.32674
0.662
0.323098
0.662
0.309063
0.443084
0.0858352
0.589194
0.0795962
0.318268
0.153488
0.0337871
0.334025
0.561688
0.206242
0.508856
0.178869
0.591609
0.58938
0.4405
0.438191
0.440917
0.662
0.319799
0.662
0.468805
0.37763
0.0840709
0.332147
0.359912
0.22328
0.25444
0.662
0.273826
0.112668
0.406792
0.568843
0.326033
0.0597152
