0.189806
0.572665
0.266203
0.580754
0.117074
0.626946
0.179364
0.337219
0.207551
0.271593
0.32973
0.472344
0.543273
0.282102
0.108015
0.549087
0.219497
0.288142
0.662
0.662
0.209746
0.0892306
0.415633
0.460123
0.519692
0.253609
0.529061
0.119666
0.285965
0.149217
0.172042
0.578907
0.404101
0.212384
0.0588191
0.24944
0.121777
0.0526529
0.367718
0.369105
0.157782
0.64122
0.425423
0.662
0.547437
0.513558
0.123583
0.0833628
0.0572817
0.0821461
0.418032
0.240159
0.111206
0.287602
0.0622095
0.458692
0.148969
0.2023
0.117735
0.615347
0.206196
0.494799
0.662
0.164736
0.523753
0.297901
0.0915655
0.138867
0.335361
0.445217
0.580517
0.464735
0.419618
0.180027
0.191107
0.367428
0.43985
0.313455
0.237315
0.111902
0.662
0.496769
0.0800185
0.393352
0.0663304
0.262994
0.386243
0.0520228
0.137382
0.102542
0.197207
0.41963
0.101247
0.0885874
0.322355
0.139803
0.025516
0.463945
0.117071
0.410944
0.204288
0.197546
0.340275
0.0833656
0.0221455
0.294558
0.321488
0.487619
0.137497
0.33154
0.287824
0.464672
0.168417
0.485541
0.409456
0.578791
0.641568
0.206904
0.396552
0.0375744
0.120145
0.261901
0.0479765
0.483417
0.026937
0.593931
0.204864
0.0812468
0.0798842
0.0566309
0.142571
0.62068
0.193103
0.320596
0.398242
0.543002
0.0836866
0.574681
0.662
0.108863
0.191448
0.0422669
0.662
0.63974
0.0569675
0.662
0.0378113
0.240531
0.662
0.127541
0.0683464
0.376097
0.445834
0.177099
0.351363
0.662
0.177417
0.250622
0.350172
0.264062
0.251653
0.41394
0.330086
0.432696
0.115062
0.205381
0.358065
0.221644
0.662
0.0582655
0.614883
0.082282
0.365452
0.343756
0.111727
0.169184
0.125742
0.554494
0.0729966
0.36585
0.141612
0.142682
0.400916
0.662
0.043446
0.060015
0.0760836
0.0564241
0.279246
0.157403
0.156809
0.386882
0.662
0.134495
0.314574
0.220245
0.0950499
0.2448
0.0750473
0.404481
0.662
