0.662
0.234363
0.662
0.662
0.662
0.140502
0.662
0.107651
0.626705
0.0875496
0.0778345
0.356083
0.662
0.344552
0.27537
0.662
0.330199
0.0793646
0.662
0.27513
0.550941
0.111589
0.113174
0.147194
0.662
0.299739
0.225344
0.0396396
0.455521
0.128789
0.662
0.206763
0.31506
0.371046
0.0634743
0.0693774
0.662
0.662
0.578548
0.0431131
0.132652
0.0794833
0.0918301
0.662
0.107813
0.336156
0.224168
0.662
0.479311
0.189583
0.12238
0.0396432
0.139051
0.228716
0.0629829
0.325116
0.112903
0.0963209
0.0413127
0.333305
0.103065
0.108738
0.156162
0.509036
0.227957
0.250249
0.0516791
0.341004
0.459751
0.258034
0.187889
0.412557
0.130252
0.0921244
0.57173
0.322606
0.662
0.139452
0.156228
0.153787
0.0760719
0.662
0.662
0.215112
0.328422
0.662
0.0226517
0.662
0.118927
0.465577
0.336114
0.0973005
0.617909
0.186582
0.351845
0.3652
0.259498
0.114384
0.35856
0.198469
0.0926533
0.107775
0.222682
0.636177
0.52114
0.381587
0.498496
0.561549
0.206941
0.523013
0.0936445
0.448928
0.106745
0.250442
0.605502
0.662
0.384876
0.0724896
0.271644
0.494991
0.418251
0.0959022
0.154138
0.662
0.259321
0.034277
0.0647457
0.662
0.662
0.255599
0.224317
0.16703
0.0565677
0.0869815
0.171925
0.214108
0.0824903
0.14942
0.620111
0.134572
0.191583
0.0571729
0.467948
0.629942
0.596528
0.662
0.258293
0.0148134
0.318636
0.252693
0.20302
0.553099
0.654109
0.662
0.662
0.298963
0.191087
0.235535
0.096046
0.0721523
0.469825
0.20457
0.265764
0.141765
0.0163582
0.662
0.00619304
0.178654
0.336351
0.0631913
0.0121594
0.662
0.662
0.258016
0.093938
0.194501
0.662
0.552156
0.10139
0.0607377
0.22594
0.208751
0.356213
0.146768
0.166455
0.529308
0.012167
0.109196
0.311016
0.361027
0.0157785
0.0907228
0.323917
0.217892
0.0812813
0.408933
0.085381
0.662
0.499779
0.0898797
0.0960215
0.516361
0.662
0.449988
0.1515
0.338969
0.27501
0.0208901
0.136523
0.393051
0.277246
0.339096
0.14007
0.272557
0.320625
0.113429
0.389217
0.0624765
0.662
0.662
0.0634536
0.662
0.0844934
0.14774
0.428896
0.357917
0.354933
0.011522
0.662
0.0508904
0.462307
0.385367
0.41083
0.260183
0.662
0.662
0.662
0.300256
0.207496
0.231739
0.353998
0.662
0.662
0.552305
0.662
0.363595
0.662
0.354464
0.135141
0.662
0.430626
0.182149
0.116706
0.437433
0.147782
0.424219
0.228849
0.236284
0.45534
0.116175
0.662
0.281637
0.109786
0.3762
0.662
0.662
0.141587
0.472912
0.404509
0.662
0.34505
0.662
0.0901841
0.499771
0.248396
0.568575
0.219139
0.138688
0.662
0.218138
0.11336
0.419388
0.576726
0.248118
0.159419
0.221751
0.46582
0.229228
0.662
0.249667
0.574375
0.277669
0.115808
0.0511731
0.114021
0.104012
0.662
0.0815297
0.134845
0.205262
0.0768648
0.662
0.443441
0.135185
0.334383
0.18342
0.12612
0.193736
0.206107
0.636744
0.192664
5.13406e-05
0.224028
0.662
0.346036
0.266822
0.110215
0.66183
0.124012
0.0708276
0.0970335
0.13801
0.662
0.662
0.37976
0.429427
0.244717
0.138868
0.662
0.294794
0.367109
0.163236
0.254273
0.288356
0.198444
0.475996
0.0802262
0.662
0.475054
0.662
0.125336
0.491607
0.0597847
0.662
0.0786309
0.041646
0.297535
0.662
0.0836205
0.0377364
0.662
0.0946821
0.0427762
0.386831
0.160176
0.204421
0.662
0.60671
0.0735538
0.662
0.1541
0.251298
0.0554157
0.0607907
0.662
0.375964
0.0657878
0.238204
0.448579
0.142572
0.079838
0.200993
0.255919
0.182187
0.662
0.156911
0.0654345
0.0756171
0.37087
0.506373
0.662
0.200532
0.0261245
0.0321169
0.284508
0.119974
0.276433
0.662
0.19109
0.278281
0.051291
0.122326
0.441986
0.294369
0.165433
0.0232226
0.212213
0.396993
0.662
0.185992
0.10897
0.192221
0.54224
0.662
0.349946
0.0848315
0.46222
0.00977095
0.662
0.309449
0.361463
0.148957
0.662
0.072845
0.21653
0.0371794
0.662
0.101128
0.616958
0.226318
0.273702
0.200679
0.125303
0.312773
0.662
0.662
0.109791
0.187705
0.259685
0.574767
0.219803
0.229905
0.101999
0.641992
0.210516
0.218417
0.0316305
0.123412
0.554222
0.662
0.0554125
0.0752404
0.231157
0.218216
0.662
0.662
0.221969
0.354992
0.662
0.21693
0.0774958
0.662
0.175399
0.587198
0.198439
0.0822248
0.590055
0.19794
0.662
0.149119
0.150571
0.159055
0.143767
0.236082
0.545135
0.104255
0.0601572
0.662
0.110042
0.662
0.137387
0.364061
0.166165
0.662
0.662
0.0339177
0.37836
0.172364
0.141821
0.662
0.456389
0.124557
0.248513
0.607981
0.134761
0.662
0.263361
0.351759
0.662
0.662
0.174643
0.271166
0.270166
0.439926
0.0709921
0.469118
0.428249
0.298047
0.662
0.187303
0.161202
0.1961
0.662
0.15567
0.282953
0.454186
0.318375
0.0929255
0.41139
0.662
0.0816559
0.252497
0.200025
0.172408
0.213117
0.244694
0.184748
0.662
0.258307
0.41919
0.0623754
0.251591
0.281982
0.568456
0.461241
0.16435
0.449521
0.268248
0.662
0.0825523
0.272075
0.431946
0.201516
0.6265
0.0654781
0.662
0.470384
0.650094
0.662
0.137239
0.2942
0.262366
0.0865832
0.40725
0.515375
0.384466
0.468632
0.268593
0.372559
0.27896
0.662
0.662
0.163888
0.166576
0.662
0.219504
0.287444
0.378143
0.0875248
0.136918
0.662
0.19257
0.0576262
0.212684
0.103497
0.204539
0.144721
0.662
0.39577
0.387933
0.0152351
0.0599236
0.293184
0.0990378
0.183624
0.0982408
0.432109
0.228205
0.155702
0.0925445
0.401262
0.319223
0.00308752
0.0832403
0.203499
0.662
0.231024
0.466679
0.152947
0.250074
0.662
0.662
0.0581339
0.62602
0.394385
0.11571
0.159317
0.636788
0.505461
0.507228
0.00645699
0.216762
0.315792
0.216529
0.662
0.193406
0.35624
0.161023
0.332865
0.305809
0.110123
0.270477
0.136884
0.186483
0.662
0.0646973
0.107153
0.340427
0.109417
0.375794
0.153539
0.464624
0.662
0.23271
0.245882
0.197368
0.405649
0.662
0.230897
0.264544
0.634148
0.662
0.0414592
0.277442
0.662
0.0863473
0.150434
0.261916
0.121607
0.194313
0.138495
0.408696
0.122876
0.37052
0.662
0.662
0.17859
0.331798
0.11356
0.152152
0.258584
0.336389
0.393056
0.0696232
0.662
0.167721
0.214213
0.210263
0.085307
0.544604
0.662
0.662
0.149861
0.271584
0.104284
0.662
0.662
0.654276
0.463823
0.384684
0.0995721
0.238679
0.662
0.167593
0.0743762
0.281056
0.575096
0.408902
0.410219
0.0663132
0.21476
0.111045
0.0637455
0.444825
0.165043
0.0810626
0.390059
0.597441
0.444158
0.662
0.376776
0.32978
0.355538
0.662
0.110913
0.0878628
0.228422
0.130449
0.130166
0.198779
0.200061
0.662
0.662
0.200213
0.510329
0.127918
0.543887
0.191633
0.204248
0.219235
0.186659
0.432642
0.336118
0.176118
0.519662
0.39503
0.447779
0.126704
0.312945
0.662
0.0659999
0.122858
0.149553
0.662
0.430556
0.194343
0.110769
0.662
0.198204
0.0917756
0.133114
0.0695489
0.16971
0.245966
0.634463
0.241143
0.0148765
0.662
0.0337786
0.468295
0.248697
0.241258
0.662
0.0406394
0.212789
0.662
0.50087
0.163725
0.307304
0.305579
0.430563
0.657694
0.0108004
0.392398
0.208951
0.0897025
0.196047
0.662
0.128569
0.643831
0.662
0.317551
0.0843279
0.0995662
0.0787818
0.13714
0.161169
0.119657
0.461505
0.101825
0.662
0.0622077
0.238518
0.281362
0.26003
0.215519
0.160526
0.662
0.507028
0.402393
0.318049
0.135848
0.662
0.662
0.075843
0.0736594
0.662
0.476781
0.153327
0.24641
0.114541
0.662
0.662
0.304347
0.339865
0.126198
0.662
0.0860672
0.44212
0.346548
0.321874
0.662
0.359901
0.609948
0.20799
0.148237
0.191968
0.198015
0.299015
0.0557605
0.109755
0.629462
0.263672
0.171673
0.41656
0.0456268
0.182397
0.647011
0.0696354
0.662
0.217534
0.422051
0.480771
0.171414
0.662
0.182142
0.0693807
0.42351
0.662
0.127464
0.662
0.21805
0.625819
0.0989408
0.236599
0.101009
0.435182
0.662
0.662
0.295246
0.531949
0.662
0.141064
0.293759
0.198714
0.0809708
0.0792844
0.0247149
0.52246
0.150877
0.662
0.662
0.662
0.115109
0.11098
0.0377222
0.275723
0.0921187
0.0748669
0.605792
0.662
0.116395
0.0359829
0.0757642
0.658653
0.662
0.54904
0.0828005
0.662
0.135331
0.662
0.662
0.489689
0.431084
0.662
0.0919561
0.662
0.097226
0.662
0.263428
0.193185
0.147633
0.0278479
0.453311
0.205763
0.151376
0.662
0.662
0.662
0.662
0.165465
0.662
0.100468
0.662
0.621532
0.200075
0.662
0.514301
0.246985
0.343351
0.355754
0.0460511
0.166135
0.066936
0.0960139
0.662
0.0569281
0.138301
0.0961684
0.230798
0.142871
0.310775
0.20271
0.325188
0.612713
0.259449
0.662
0.456492
0.00193306
0.662
0.621177
0.288314
0.291728
0.493005
0.313384
0.662
0.662
0.332978
0.498931
0.000399994
0.662
0.120005
0.254518
0.342434
0.0875569
0.272438
0.0227626
0.0767528
0.240545
0.662
0.224225
0.31643
0.158586
0.417728
0.136722
0.251603
0.181521
0.0532402
0.0986295
0.22364
0.287599
0.132946
0.342213
0.0535444
0.204952
0.289138
0.662
0.200086
0.117781
0.0821859
0.662
0.000779961
0.316481
0.622479
0.40527
0.424853
0.662
0.00535535
0.0838671
0.0614562
0.168243
0.487752
0.662
0.0960451
0.0925965
0.307869
0.662
0.662
0.218006
0.662
0.662
0.0957759
0.662
0.662
0.146818
0.0477015
0.385303
0.662
0.662
0.218165
0.25136
0.431661
0.163552
0.276242
0.0979067
0.131409
0.472822
0.662
0.0902832
0.183446
0.130725
0.0671965
0.619211
0.0682886
0.21857
0.0621812
0.411394
0.106449
0.403053
0.0245274
0.558756
0.112319
0.305786
0.196958
0.139425
0.662
0.356417
0.662
0.662
0.662
0.662
0.319266
0.343406
0.662
0.340877
0.257305
0.209033
0.0153766
0.449976
0.149295
0.662
0.0790955
0.331988
0.662
0.223961
0.662
0.467918
0.377024
0.260973
0.00976014
0.152911
0.0455393
0.662
0.63663
0.348642
0.198694
0.416038
0.633353
0.215192
0.159801
0.479989
0.017072
0.157135
0.314616
0.662
0.0983733
0.233902
0.274638
0.662
0.374661
0.0590524
0.44797
0.574025
0.15289
0.0917361
0.406848
0.428236
0.46396
0.249055
0.662
0.484315
0.209133
0.310125
0.328212
0.175265
0.406011
0.662
0.124251
0.0420658
0.662
0.255677
0.0793227
0.114338
0.35891
0.0977834
0.0990903
0.0753423
0.0920458
0.13892
0.132346
0.154959
0.266965
0.0845046
0.102528
0.429994
0.662
0.0706827
0.662
0.359289
0.317871
0.172005
0.176951
0.662
0.662
0.662
0.0535193
0.112342
0.317322
0.123081
0.662
0.242878
0.403568
0.0904514
0.189403
0.0500586
0.399712
0.144977
0.0978128
0.291633
0.662
0.0839552
0.0924982
0.154417
0.162928
0.214074
0.109252
0.381758
0.0988381
0.0795407
0.362942
0.186098
0.427989
0.225886
0.0778254
0.186342
0.452502
0.129797
0.0233694
0.662
0.247881
0.171584
0.615109
0.623532
0.554056
0.342702
0.25171
0.25203
0.325459
0.457493
0.373087
0.662
0.0682867
0.327178
0.0414803
0.642683
0.14983
0.216629
0.296491
0.164277
0.178781
0.662
0.268293
0.42572
0.33412
0.338316
0.662
0.0917758
0.100999
0.356487
0.662
0.662
0.537419
0.662
0.598743
0.430417
0.439217
0.093751
0.0944735
0.662
0.152922
0.0861969
0.46909
0.234017
0.153111
0.277863
0.175045
0.0505586
0.364185
0.0957876
0.417713
0.121148
0.599968
0.198634
0.19218
0.10868
0.404298
0.175962
0.23122
0.058179
0.124221
0.176319
0.641008
0.286862
0.662
0.171825
0.662
0.416307
0.112116
0.355094
0.192897
0.389539
0.662
0.465461
0.662
0.127357
0.662
0.0621958
0.118366
0.662
0.0466418
0.0810881
0.185509
0.0568075
0.129948
0.147356
0.0877992
0.277966
0.662
0.504385
0.0674225
0.420555
0.259156
0.11829
0.36957
0.29415
0.262867
0.429843
0.0994904
0.43506
0.662
0.0471134
0.10718
0.662
0.174314
0.166607
0.324834
0.188287
0.346479
0.126498
0.471537
0.155726
0.662
0.362661
0.662
0.384376
0.662
0.0860916
0.662
0.16618
0.662
0.0577998
0.662
0.42945
0.662
0.662
0.662
0.484206
0.372779
0.0328394
0.662
0.299047
0.290264
0.471389
0.662
0.258136
0.549733
0.0691103
0.0813299
0.369876
0.578554
0.662
0.0290964
0.09273
0.380617
0.662
0.104847
0.255318
0.429194
0.0946985
0.0642402
0.662
0.662
0.276606
0.627448
0.263387
0.167838
0.662
0.314012
0.38216
0.417961
0.0283902
0.293876
0.182965
0.15739
0.247354
0.662
0.145323
0.102359
0.22366
0.662
0.0702458
0.0780968
0.331121
0.662
0.662
0.451959
0.426351
0.508939
0.5423
0.0440332
0.143083
0.071809
0.168132
0.281174
0.188525
0.352781
0.0991542
0.316185
0.226801
0.113423
0.662
0.0272947
0.662
0.0500791
0.475643
0.109208
0.341637
0.0455695
0.662
0.368818
0.662
0.640559
0.23291
0.0814625
0.592175
0.368087
0.0453619
0.263054
0.2523
0.512521
0.107176
0.194689
0.221574
0.127537
0.172085
0.0214686
0.335426
0.197447
0.40656
0.0671114
0.377731
0.45652
0.130038
0.568892
0.124193
0.24701
0.132523
0.34909
0.00447648
0.662
0.0454007
0.662
0.00808643
0.118806
0.182422
0.360328
0.408675
0.193191
0.662
0.334165
0.370763
0.462399
0.121134
0.186177
0.039062
0.0436291
0.362978
0.115814
0.417748
0.227681
0.177558
0.662
0.114935
0.662
0.639713
0.662
0.046568
0.317023
0.31165
0.256508
0.533877
0.157625
0.1411
0.220666
0.290712
0.662
0.662
0.32106
0.662
0.0758053
0.318469
0.0662893
0.156698
0.115565
0.212692
0.18748
0.13906
0.203046
0.110988
0.155671
0.0787061
0.216979
0.110426
0.0461821
0.25834
0.0709342
0.135195
0.240662
0.342322
0.263022
0.429503
0.662
0.117876
0.0746109
0.246651
0.145655
0.111773
0.248224
0.218314
0.662
0.662
0.208682
0.135571
0.146226
0.164693
0.662
0.662
0.0729904
0.10357
0.662
0.399859
0.293964
0.150346
0.662
0.0925093
0.167704
0.135451
0.598217
0.25676
0.662
0.0835709
0.662
0.0230337
0.583926
0.551612
0.47615
0.286236
0.420719
0.536158
0.662
0.662
0.0711327
0.177391
0.195936
0.512742
0.662
0.342359
0.152669
0.662
0.540042
0.320346
0.251127
0.00400265
0.0984528
0.0868477
0.1003
0.662
0.233041
0.100823
0.12164
0.662
0.462599
0.109198
0.0511196
0.132057
0.39586
0.0579229
0.138266
0.662
0.662
0.662
0.168588
0.508355
0.346948
0.474686
0.15369
0.372828
0.510696
0.277817
0.145804
0.565375
0.177791
0.662
0.064586
0.662
0.369183
0.662
0.275674
0.059596
0.662
0.441554
0.0718721
0.132114
0.496475
0.401117
0.113979
0.179902
0.199631
0.662
0.0137175
0.212973
0.1936
0.244972
0.183229
0.0662176
0.0537267
0.662
0.0886459
0.662
0.147021
0.662
0.0911992
0.019745
0.0717839
0.365539
0.164437
0.466329
0.149409
0.565582
0.249155
0.0571372
0.359376
0.383526
0.150623
0.152249
0.207786
0.363591
0.0465343
0.0114963
0.662
0.0377808
0.329755
0.157925
0.280964
0.0220295
0.512909
0.0235654
0.662
0.462158
0.662
0.0966766
0.662
0.0975974
0.662
0.662
0.0603276
0.309392
0.660971
0.2129
0.388459
0.11342
0.149182
0.187026
0.382759
0.116878
0.265357
0.225179
0.10413
0.154467
0.374355
0.260604
0.286594
0.662
0.111724
0.249838
0.512537
0.080654
0.442592
0.16948
0.496097
0.662
0.662
0.662
0.264589
0.122373
0.479812
0.442841
0.273542
0.202177
0.513939
0.662
0.650948
0.606888
0.662
0.16046
0.262021
0.113379
0.0593228
0.335843
0.105164
0.662
0.194127
0.119123
0.633666
0.00952906
0.300601
0.0715708
0.128543
0.605698
0.317807
0.423625
0.196692
0.300774
0.218962
0.604013
0.116538
0.113083
0.419099
0.0735867
0.662
0.160739
0.231218
0.662
0.572381
0.110619
0.469358
0.166222
0.662
0.180694
0.130291
0.575566
0.0821466
0.23561
0.222073
0.227191
0.0232288
0.590472
0.662
0.1817
0.238869
0.418672
0.138357
0.348768
0.271555
0.407742
0.0714016
0.662
0.077388
0.447529
0.0793703
0.192361
0.399928
0.157496
9.87574e-05
0.346446
0.662
0.193791
0.139683
0.0782421
0.662
0.388665
0.0818041
0.662
0.662
0.402264
0.662
0.275305
0.288791
0.0125485
0.0733967
0.282636
0.347931
0.123911
0.334598
0.0757181
0.39743
0.662
0.662
0.119778
0.147069
0.219261
0.662
0.538187
0.13024
0.084727
0.563274
0.315006
0.564501
0.491626
0.655308
0.0505549
0.0911175
0.0540633
0.631984
0.189472
0.600562
0.113016
0.18852
0.280551
0.436455
0.127322
0.39569
0.613225
0.662
0.256989
0.129194
0.662
0.45279
0.662
0.662
0.0800828
0.338991
0.0601241
0.435528
0.191004
0.11003
0.392531
0.134909
0.156857
0.483491
0.193437
0.00325219
0.662
0.358318
0.484475
0.300694
0.316169
0.662
0.0373656
0.391996
0.137882
0.458032
0.0639722
0.0661875
0.25669
0.00441705
0.120173
0.662
0.501861
0.508775
0.662
0.455196
0.662
0.0725312
0.218162
0.613582
0.205408
0.662
0.508391
0.206215
0.662
0.221644
0.153349
0.122415
0.152186
0.212968
0.333616
0.168787
0.108031
0.401788
0.662
0.38628
0.0774727
0.180989
0.522582
0.143054
0.094456
0.139298
0.662
0.0728026
0.0558416
0.258252
0.0718252
0.662
0.133215
0.494154
0.145249
0.662
0.662
0.11326
0.0705818
0.662
0.662
0.0169199
0.186347
0.662
0.188383
0.208648
0.559229
0.240452
0.556166
0.487154
0.415778
0.662
0.662
0.599772
0.237165
0.662
0.557516
0.333433
0.550781
0.320053
0.296441
0.0481955
0.256969
0.345435
0.287706
0.608823
0.491218
0.589339
0.405832
0.23405
0.0852742
0.146529
0.0927229
0.210563
0.068711
0.237854
0.115485
0.274148
0.662
0.142939
0.197629
0.165889
0.205104
0.662
0.220739
0.155242
0.196683
0.106921
0.662
0.0651276
0.39823
0.0445164
0.454851
0.0836609
0.662
0.629652
0.430744
0.357138
0.638443
0.0553846
0.342649
0.41358
0.119826
0.0737847
0.207201
0.662
0.380963
0.662
0.165055
0.18671
0.237359
0.304505
0.662
0.29231
0.61763
0.224945
0.662
0.0544913
0.662
0.107416
0.169864
0.193409
0.0986725
0.266218
0.546227
0.233555
0.276112
0.136751
0.662
0.453187
0.550568
0.662
0.662
0.662
0.212219
0.0123547
0.109313
0.662
0.160979
0.582625
0.0915916
0.140312
0.662
0.232729
0.246458
0.450541
0.125679
0.442813
0.186066
0.0933253
0.387319
0.29934
0.0771393
0.379683
0.155078
0.163547
0.038136
0.662
0.120906
0.15523
0.115475
0.15333
0.160189
0.41232
0.378687
0.662
0.195881
0.662
0.424449
0.299903
0.0911336
0.311156
0.243113
0.662
0.341653
0.289348
0.0839296
0.662
0.0563527
0.662
0.472719
0.261274
0.180288
0.172886
0.0625405
0.17753
0.0994114
0.0652839
0.662
0.224402
0.241437
0.662
0.411897
0.0965744
0.389541
0.0509635
0.401129
0.662
0.539451
0.250693
0.350447
0.662
0.557309
0.292907
0.344123
0.20424
0.0970355
0.175271
0.14646
0.116339
0.123015
0.662
0.442403
0.138034
0.125763
0.506338
0.247959
0.195216
0.326115
0.359504
0.0420096
0.359706
0.632381
0.134961
0.115022
0.078579
0.363198
0.653325
0.662
0.355106
0.0270678
0.185043
0.183316
0.137428
0.435711
0.215397
0.052885
0.662
0.608584
0.368699
0.662
0.619477
0.119884
0.662
0.225586
0.110303
0.330126
0.659383
0.200381
0.119307
0.245194
0.125602
0.0722241
0.546591
0.662
0.394204
0.508797
0.662
0.12753
0.035325
0.00623896
0.391014
0.0903877
0.149286
0.585346
0.662
0.662
0.080017
0.226482
0.459482
0.0155367
0.361165
0.113909
0.102504
0.130043
0.432439
0.111574
0.61539
0.0509995
0.246263
0.338554
0.564812
0.0573441
0.198718
0.404929
0.0666009
0.657415
0.0768994
0.240366
0.140271
0.0701148
0.183846
0.368269
0.133301
0.386774
0.236317
0.2621
0.662
0.245418
0.164372
0.212286
0.576821
0.633366
0.363782
0.362791
0.15065
0.0876951
0.130782
0.0156062
0.111757
0.0502734
0.172066
0.145999
0.14833
0.469272
0.642958
0.0728301
0.270239
0.0896999
0.168164
0.378479
0.106232
0.0906416
0.0992854
0.332786
0.0535004
0.255956
0.662
0.662
0.129334
0.108643
0.305053
0.480995
0.662
0.662
0.20448
0.204447
0.182708
0.206172
0.224682
0.171737
0.0976718
0.48465
0.161802
0.437985
0.327693
0.0989816
0.287615
0.0611399
0.662
0.234069
0.662
0.042626
0.211814
0.378998
0.0580609
0.662
0.0459158
0.462356
0.188368
0.232565
0.662
0.215213
0.177741
0.0716497
0.616068
0.112329
0.118243
0.223903
0.00789261
0.437139
0.239276
0.183252
0.589039
0.131633
0.310647
0.246415
0.117647
0.38683
0.0867841
0.0644623
0.662
0.490487
0.166081
0.662
0.139127
0.216456
0.546133
0.205921
0.662
0.141008
0.0807319
0.103552
0.335979
0.662
0.58092
0.126807
0.662
0.431559
0.207868
0.233119
0.0579474
0.280308
0.568149
0.323431
0.662
0.662
0.101746
0.177296
0.073493
0.662
0.0363343
0.158814
0.17051
0.363431
0.662
0.662
0.108736
0.266065
0.319571
0.0319428
0.0869073
0.0925799
0.640221
0.23149
0.639595
0.660516
0.662
0.035378
0.0644882
0.662
0.295666
0.103722
0.295592
0.0148494
0.177834
0.0852306
0.662
0.569379
0.213609
0.141006
0.458508
0.080318
0.173847
0.351742
0.171333
0.539946
0.0685436
0.070823
0.662
0.0845088
0.662
0.662
0.241109
0.104101
0.108943
0.24577
0.0534542
0.512656
0.155593
0.491453
0.307884
0.202452
0.0958852
0.662
0.240791
0.0781884
0.296583
0.290133
0.53723
0.662
0.0359305
0.198287
0.633039
0.0730412
0.662
0.110719
0.306893
0.12395
0.303976
0.54928
0.127643
0.239011
0.527426
0.135114
0.371449
0.662
0.662
0.287199
0.205008
0.662
0.662
0.662
0.163003
0.112255
0.178744
0.308429
0.0589679
0.662
0.147154
0.662
0.292481
0.57731
0.184013
0.111762
0.115822
0.263086
0.282856
0.073308
0.146741
0.474715
0.662
0.100491
0.101244
0.0575556
0.190227
0.594091
0.201581
0.223314
0.24908
0.662
0.386566
0.662
0.662
0.0856807
0.662
0.662
0.318027
0.26619
0.53599
0.662
0.0836059
0.471547
0.1161
0.0385076
0.116154
0.268266
0.0441722
0.141092
0.33015
0.0622738
0.662
0.134182
0.110793
0.0482813
0.662
0.0898832
0.662
0.662
0.0100724
0.662
0.662
0.612051
0.0520762
0.274983
0.281122
0.662
0.272317
0.096785
0.201304
0.228006
0.101104
0.341122
0.382717
0.65766
0.291641
0.518628
0.260125
0.191673
0.103911
0.230185
0.342118
0.0509476
0.211591
0.492528
0.354499
0.521719
0.662
0.0741363
0.288058
0.0671001
0.28156
0.198354
0.662
0.115397
0.380837
0.146027
0.0473299
0.377378
0.350012
0.414544
0.162661
0.614201
0.434007
0.494197
0.662
0.662
0.513487
0.224922
0.186931
0.162184
0.10069
0.0474082
0.376748
0.141425
0.126012
0.338077
0.662
0.237482
0.5548
0.662
0.340616
0.129579
0.0265454
0.0776413
0.662
0.63484
0.449078
0.662
0.211952
0.334684
0.311604
0.438605
0.246779
0.236468
0.662
0.0767448
0.174345
0.662
0.144858
0.0343765
0.15536
0.662
0.00349022
0.0854926
0.187341
0.454973
0.662
0.103684
0.583968
0.662
0.24083
0.211325
0.614734
0.191263
0.251756
0.185466
0.471435
0.545245
0.662
0.147079
0.450468
0.14959
0.662
0.125876
0.197364
0.231732
0.469732
0.1623
0.426681
0.0717678
0.357365
0.481596
0.662
0.107283
0.109464
0.630685
0.662
0.111468
0.0711791
0.00755167
0.376038
0.428474
0.255514
0.175226
0.552416
0.225838
0.338648
0.211276
0.0865172
0.120926
0.16705
0.498
0.630713
0.662
0.0491804
0.135818
0.13038
0.113244
0.662
0.662
0.0529359
0.321947
0.662
0.662
0.161738
0.21348
0.447881
0.176575
0.179173
0.108967
0.255928
0.662
0.662
0.662
0.489275
0.172818
0.215922
0.662
0.148175
0.0245355
0.662
0.331154
0.662
0.662
0.103271
0.209466
0.295156
0.283519
0.662
0.0861724
0.251546
0.662
0.403552
0.35361
0.0863496
0.198169
0.662
0.383327
0.662
0.0881787
0.233244
0.662
0.110192
0.328079
0.262085
0.555559
0.662
0.38997
0.108424
0.423771
0.617086
0.134638
0.0883642
0.0709702
0.446871
0.5354
0.332211
0.0587726
0.107207
0.192427
0.53254
0.520096
0.567203
0.620975
0.0380424
0.099945
0.331196
0.299216
0.662
0.659086
0.186344
0.211891
0.374066
0.428288
0.21536
0.555295
0.662
0.0602918
0.487604
0.0795144
0.166817
0.280435
0.120932
0.0756106
0.130666
0.182571
0.11975
0.580634
0.089626
0.248655
0.170421
0.357513
0.348793
0.303356
0.316723
0.603108
0.250955
0.227351
0.636658
0.173375
0.226123
0.446612
0.328792
0.0947949
0.662
0.662
0.165403
0.560731
0.662
0.262979
0.379482
0.184184
0.662
0.209117
0.662
0.662
0.194787
0.0530132
0.186565
0.662
0.125973
0.662
0.311867
0.305232
0.194785
0.031666
0.547347
0.381126
0.370149
0.433774
0.124
0.089285
0.662
0.251227
0.0431355
0.241342
0.0333606
0.106703
0.618645
0.348332
0.0626497
0.662
0.248621
0.557392
0.3271
0.110023
0.662
0.191924
0.649446
0.131294
0.290613
0.53866
0.145135
0.206734
0.643153
0.136567
0.206438
0.662
0.246459
0.118565
0.179919
0.0997292
0.662
0.147837
0.291869
0.0491024
0.355188
0.331024
0.662
0.121106
0.195328
0.270106
0.147519
0.090376
0.101712
0.0818718
0.328154
0.120121
0.0837983
0.00560911
0.267845
0.662
0.662
0.662
0.504197
0.469414
0.647407
0.383958
0.16868
0.617933
0.589018
0.326885
0.248683
0.123377
0.136395
0.167688
0.32543
0.0586941
0.469398
0.146694
0.169914
0.305009
0.25636
0.605079
0.0610981
0.109706
0.384303
0.535518
0.179899
0.398977
0.529354
0.135213
0.135294
0.662
0.115247
0.662
0.264856
0.240673
0.254738
0.155269
0.662
0.167504
0.0812775
0.662
0.662
0.0613179
0.662
0.0277458
0.662
0.0738139
0.254382
0.662
0.157145
0.662
0.469622
0.662
0.186701
0.201934
0.662
0.453022
0.28277
0.662
0.100339
0.276684
0.621368
0.662
0.479265
0.237419
0.0815047
0.662
0.191844
0.160815
0.475063
0.236901
0.323166
0.662
0.448868
0.204223
0.131331
0.662
0.462532
0.162271
0.525516
0.300284
0.264251
0.0709834
0.104567
0.662
0.662
0.18443
0.112501
0.617103
0.0831374
0.178639
0.162177
0.096916
0.542084
0.261803
0.626488
0.195962
0.662
0.276491
0.160702
0.662
0.353677
0.340364
0.500959
0.0366499
0.662
0.283954
0.662
0.20109
0.102278
0.123872
0.662
0.0556958
0.579825
0.232554
0.397169
0.662
0.365656
0.221209
0.215387
0.662
0.370756
0.249895
0.0459753
0.142196
0.0998943
0.23787
0.432285
0.129974
0.253569
0.0388792
0.662
0.276784
0.0757442
0.192761
0.285806
0.374165
0.0490298
0.583915
0.662
0.244621
0.290223
0.662
0.124365
0.662
0.662
0.168871
0.108038
0.33479
0.231965
0.0752168
0.0486405
0.662
0.164706
0.233459
0.604446
0.662
0.179445
0.192735
0.122966
0.246164
0.0329114
0.154547
0.47416
0.662
0.303638
0.0591797
0.368886
0.662
0.662
0.0818502
0.00191056
0.185103
0.104484
0.662
0.662
0.264938
0.22409
0.0931395
0.226002
0.662
0.662
0.0803758
0.020184
0.395651
0.149766
0.662
0.662
0.662
0.588111
0.241789
0.0415525
0.662
0.476683
0.662
0.662
0.227017
0.46221
0.0575743
0.296155
0.0211012
0.103085
0.0554868
0.151988
0.03733
0.662
0.575895
0.373773
0.228764
0.463895
0.0679795
0.0367478
0.176752
0.662
0.42263
0.0107252
0.0919588
0.0725127
0.0961869
0.100208
0.118883
0.127964
0.306142
0.662
0.23261
0.225348
0.0626489
0.312643
0.195372
0.662
0.0849637
0.141904
0.348417
0.225567
0.476611
0.189655
0.119487
0.146691
0.143724
0.662
0.146181
0.477566
0.109659
0.119795
0.662
0.662
0.124321
0.115698
0.274984
0.662
0.273167
0.662
0.164035
0.490768
0.662
0.148159
0.0661112
0.132571
0.337122
0.662
0.00475174
0.307222
0.133535
0.662
0.13922
0.232797
0.0396219
0.0405507
0.303672
0.662
0.421059
0.0906202
0.365374
0.0246537
0.228626
0.127053
0.0331942
0.148438
0.0926707
0.0793936
0.152301
0.23076
0.330939
0.393563
0.662
0.0966454
0.0909369
0.331474
0.416297
0.662
0.120078
0.361604
0.404658
0.322079
0.662
0.122979
0.379035
0.465687
0.120836
0.467367
0.293522
0.334547
0.211908
0.47791
0.276929
0.354642
0.662
0.185319
0.180632
0.335039
0.662
0.0562791
0.0352269
0.211964
0.164925
0.307767
0.316037
0.247831
0.200137
0.234622
0.487258
0.0887661
0.662
0.167033
0.389254
0.242301
0.184116
0.0854735
0.662
0.251548
0.0317299
0.262896
0.637916
0.332686
0.172947
0.258074
0.139601
0.49939
0.30169
0.203421
0.160835
0.237806
0.138512
0.394305
0.251929
0.0524492
0.662
0.662
0.092173
0.30566
0.0907061
0.283254
0.238449
0.355077
0.662
0.662
0.205013
0.205805
0.662
0.205335
0.102914
0.662
0.114168
0.186716
0.33088
0.174031
0.662
0.662
0.662
0.231331
0.131341
0.662
0.0581448
0.610176
0.599579
0.0712801
0.267375
0.0744255
0.0655313
0.453077
0.245538
0.132584
0.595788
0.0932544
0.0162988
0.662
0.278619
0.18555
0.423298
0.662
0.196935
0.182202
0.264044
0.474482
0.409323
0.129387
0.46335
0.455272
0.488473
0.0715387
0.662
0.147711
0.208546
0.234116
0.662
0.0231316
0.133022
0.248586
0.16039
0.123034
0.229509
0.461091
0.0217535
0.156706
0.0695743
0.40059
0.422864
0.0931706
0.0508171
0.662
0.662
0.662
0.604058
0.180987
0.662
0.662
0.0072227
0.0961696
0.523513
0.0618566
0.12184
0.354038
0.109604
0.0898608
0.307325
0.373779
0.140082
0.234764
0.0142742
0.662
0.15371
0.208125
0.662
0.190472
0.062094
0.303541
0.256481
0.143807
0.259886
0.0322483
0.132284
0.333529
0.544678
0.080067
0.277958
0.602683
0.301977
0.214685
0.395208
0.078926
0.00126082
0.145155
0.379908
0.0933248
0.111156
0.329868
0.140477
0.251178
0.332491
0.662
0.347506
0.0499867
0.614748
0.306037
0.196824
0.662
0.384294
0.336075
0.424954
0.49226
0.0100695
0.0976931
0.444855
0.209188
0.314786
0.435712
0.06168
0.135859
0.318456
0.662
0.281013
0.0427437
0.384576
0.0370141
0.185375
0.662
0.394148
0.343958
0.115608
0.184366
0.662
0.662
0.662
0.265117
0.252581
0.416926
0.207693
0.131254
0.662
0.0586893
0.159365
0.247324
0.0616681
0.143222
0.662
0.117185
0.0288454
0.125586
0.0622813
0.662
0.455158
0.180861
0.0553626
0.201072
0.35259
0.430613
0.504921
0.0239494
0.165563
0.139808
0.0900999
0.662
0.662
0.470543
0.158656
0.416683
0.490183
0.390543
0.0952492
0.505846
0.1933
0.284309
0.106587
0.0468665
0.0935373
0.224477
0.184607
0.0823886
0.0809406
0.214464
0.662
0.365381
0.592517
0.498908
0.192831
0.662
0.524999
0.111784
0.237227
0.662
0.192307
0.0681282
0.0841345
0.41886
0.590722
0.662
0.134026
0.440824
0.00658328
0.196551
0.203458
0.15718
0.662
0.0516547
0.130433
0.169943
0.662
0.15502
0.406996
0.339573
0.195766
0.371056
0.662
0.662
0.390182
0.138486
0.662
0.476392
0.0886129
0.0546013
0.21311
0.547926
0.0931346
0.475514
0.0633248
0.605113
0.164731
0.325627
0.245663
0.170846
0.662
0.662
0.248592
0.371638
0.0851159
0.441716
0.495482
0.141629
0.102913
0.662
0.220976
0.662
0.127601
0.242061
0.257882
0.662
0.0388651
0.662
0.484804
0.497671
0.138198
0.496528
0.125729
0.476104
0.167462
0.142019
0.207139
0.662
0.0599384
0.662
0.525467
0.192664
0.213066
0.101342
0.136565
0.10931
0.196732
0.28275
0.0607687
0.662
0.662
0.662
0.035281
0.179747
0.206002
0.239083
0.174381
0.618377
0.0231116
0.0802856
0.0723716
0.356902
0.326853
0.662
0.480807
0.146232
0.247659
0.152852
0.0171324
0.457347
0.0726511
0.171375
0.0880689
0.267356
0.0942746
0.0621011
0.421202
0.537511
0.0645257
0.46391
0.284656
0.109376
0.31398
0.662
0.249591
0.0747425
0.662
0.208984
0.143156
0.159672
0.236244
0.232828
0.197562
0.0210286
0.228918
0.266078
0.174791
0.602699
0.0898432
0.0259136
0.1054
0.379496
0.326599
0.662
0.433127
0.0873737
0.0293877
0.557993
0.597957
0.0901064
0.206535
0.420789
0.662
0.142515
0.212833
0.316206
0.0613608
0.531383
0.15398
0.0890771
0.498408
0.294593
0.205421
0.352837
0.177841
0.0560408
0.301039
0.101296
0.0849917
0.383352
0.364703
0.662
0.0952543
0.350937
0.662
0.662
0.414704
0.662
0.662
0.662
0.15653
0.472345
0.165724
0.0214994
0.0380809
0.148584
0.135095
0.662
0.198751
0.635152
0.0624555
0.662
0.0629793
0.095197
0.0449479
0.662
0.254799
0.393337
0.318988
0.662
0.123829
0.339637
0.130166
0.143432
0.113174
0.0913521
0.399641
0.548616
0.378152
0.662
0.289406
0.200504
0.0636153
0.348769
0.0854751
0.236329
0.0671947
0.662
0.662
0.237884
0.091763
0.301416
0.0711422
0.592854
0.214514
0.226772
0.381497
0.662
0.258327
0.121519
0.410033
0.129474
0.4093
0.244788
0.460502
0.281379
0.662
0.101527
0.262773
0.599048
0.355871
0.662
0.1979
0.099501
0.214605
0.662
0.129216
0.49443
0.662
0.116305
0.186613
0.112392
0.0576826
0.17778
0.429587
0.66061
0.162281
0.0376732
0.204791
0.662
0.486106
0.314993
0.662
0.261741
0.0242828
0.119391
0.115495
0.0731789
0.5644
0.222379
0.160262
0.124455
0.662
0.299812
0.662
0.662
0.25251
0.33869
0.662
0.579316
0.244192
0.37549
0.512761
0.249451
0.662
0.38763
0.083814
0.080746
0.072707
0.150019
0.171585
0.0368027
0.643701
0.368442
0.122119
0.14225
0.0330288
0.662
0.228816
0.301108
0.0210284
0.249553
0.492253
0.330093
0.0355932
0.2103
0.620202
0.134823
0.132373
0.103665
0.483634
0.307263
0.662
0.513321
0.207993
0.295726
0.116778
0.437415
0.138633
0.263705
0.662
0.214896
0.289686
0.458721
0.0762108
0.0942336
0.21995
0.159342
0.238319
0.339462
0.144238
0.662
0.158811
0.258569
0.070032
0.0640591
0.578679
0.0759097
0.662
0.484612
0.328287
0.240447
0.514825
0.662
0.0911715
0.323438
0.662
0.499832
0.0457677
0.147196
0.120913
0.662
0.0187983
0.103389
0.320754
0.662
0.239985
0.138395
0.0740554
0.144905
0.346427
0.517022
0.286442
0.338648
0.030934
0.105717
0.425135
0.0674908
0.232932
0.0853053
0.207592
0.170327
0.143044
0.412745
0.454248
0.302268
0.149254
0.234222
0.349232
0.527642
0.406775
0.540516
0.662
0.0655655
0.127885
0.13066
0.24129
0.332052
0.234704
0.662
0.366218
0.435948
0.0897797
0.662
0.23012
0.243343
0.127067
0.156332
0.662
0.379489
0.0537176
0.479391
0.41754
0.0684367
0.122771
0.662
0.488188
0.662
0.18088
0.662
0.232788
0.662
0.662
0.243352
0.204198
0.0998851
0.255968
0.22821
0.180468
0.107752
0.0173785
0.107542
0.110819
0.208064
0.138209
0.458137
0.514852
0.662
0.420997
0.297009
0.0575288
0.0817082
0.191301
0.133786
0.662
0.157438
0.20614
0.166185
0.662
0.662
0.156119
0.567021
0.100706
0.662
0.0793084
0.283251
0.662
0.468122
0.475626
0.171508
0.623475
0.662
0.277561
0.245587
0.508473
0.489345
0.662
0.319528
0.468966
0.662
0.662
0.17323
0.424939
0.191113
0.344212
0.0751628
0.173684
0.295881
0.662
0.177619
0.662
0.662
0.113128
0.662
0.314403
0.100995
0.272256
0.176064
0.662
0.0237602
0.641046
0.157687
0.271968
0.417067
0.172156
0.184784
0.0799047
0.48481
0.46017
0.104412
0.218308
0.101382
0.498889
0.0966569
0.171086
0.11352
0.139166
0.662
0.490815
0.223285
0.662
0.137047
0.098328
0.46707
0.0967093
0.662
0.0619692
0.662
0.0863909
0.0890769
0.411778
0.0757883
0.390744
0.231936
0.370989
0.271218
0.347667
0.227561
0.00786432
0.662
0.194704
0.108991
0.0790493
0.614655
0.662
0.202435
0.500071
0.527079
0.156205
0.142957
0.0668894
0.662
0.165148
0.377598
0.120202
0.424698
0.662
0.134691
0.662
0.0507225
0.0627313
0.609923
0.662
0.187018
0.122068
0.367797
0.0969099
0.0415038
0.662
0.517265
0.137208
0.338376
0.0680387
0.378299
0.609318
0.255962
0.136094
0.352147
0.243404
0.514016
0.662
0.257485
0.311234
0.338093
0.566095
0.506239
0.11398
0.285104
0.63626
0.590864
0.432364
0.662
0.662
0.521082
0.0543109
0.488137
0.290977
0.201772
0.662
0.101402
0.269421
0.234293
0.618962
0.662
0.331681
0.109515
0.217372
0.273203
0.0602019
0.163803
0.351855
0.358121
0.155102
0.186764
0.19449
0.489565
0.315848
0.359712
0.0608341
0.106575
0.411033
0.139489
0.202791
0.232307
0.140383
0.387444
0.662
0.662
0.286988
0.0589816
0.08896
0.16861
0.662
0.0712264
0.250009
0.662
0.187633
0.129466
0.0834971
0.12355
0.186993
0.238098
0.662
0.42009
0.662
0.375522
0.205356
0.419196
0.0951589
0.662
0.38062
0.322612
0.396006
0.311941
0.662
0.401917
0.0933838
0.497993
0.113007
0.618444
0.662
0.119694
0.146384
0.405078
0.203001
0.112449
0.662
0.148486
0.188951
0.213491
0.0857582
0.439879
0.283447
0.337964
0.506696
0.156581
0.523424
0.100353
0.0325991
0.250357
0.662
0.662
0.392399
0.0917442
0.232325
0.493061
0.352704
0.0978178
0.0855212
0.169404
0.283073
0.620161
0.662
0.376646
0.662
0.0650373
0.121781
0.55042
0.0663937
0.087073
0.0515864
0.240464
0.662
0.662
0.263261
0.192589
0.3313
0.156111
0.288363
0.207541
0.0707796
0.662
0.0996728
0.0986317
0.399489
0.186928
0.0748377
0.656921
0.130078
0.662
0.0628018
0.662
0.0519263
0.209275
0.662
0.0331125
0.145005
0.23105
0.339375
0.0932825
0.388314
0.320727
0.148127
0.662
0.173007
0.662
0.334155
0.34237
0.0927852
0.662
0.0324737
0.662
0.201355
0.381724
0.0498888
0.662
0.0145445
0.196352
0.662
0.119815
0.662
0.242574
0.0311848
0.662
0.072264
0.0535778
0.386868
0.106182
0.322412
0.151914
0.229145
0.240249
0.00880896
0.15349
0.662
0.662
0.235758
0.0925368
0.262959
0.25779
0.115458
0.0849604
0.662
0.336188
0.662
0.488463
0.311422
0.0693581
0.0989808
0.209122
0.132947
0.0805373
0.530421
0.244065
0.261322
0.152836
0.426348
0.0960706
0.203194
0.182387
0.662
0.35984
0.0535697
0.119997
0.0787435
0.0679982
0.662
0.273235
0.596897
0.567681
0.207113
0.231921
0.662
0.507127
0.378712
0.145209
0.287204
0.635933
0.115432
0.0330144
0.662
0.662
0.00455624
0.434331
0.425232
0.439308
0.223963
0.199202
0.0409529
0.287374
0.662
0.123904
0.662
0.0847564
0.324647
0.140792
0.662
0.0221254
0.0973962
0.662
0.506628
0.290639
0.403497
0.0292925
0.435037
0.633508
0.453017
0.183824
0.535258
0.192146
0.0164362
0.229838
0.12241
0.284012
0.335531
0.231698
0.466493
0.141987
0.475249
0.128294
0.0732867
0.662
0.662
0.140162
0.463456
0.0780433
0.0921596
0.136183
0.168258
0.662
0.501425
0.151343
0.662
0.299232
0.293
0.0247941
0.662
0.533417
0.172095
0.48908
0.284952
0.0455493
0.662
0.191964
0.662
0.430459
0.392905
0.662
0.190927
0.0973988
0.652075
0.201684
0.662
0.112731
0.322298
0.385176
0.164125
0.0682235
0.158011
0.662
0.217405
0.662
0.304029
0.107663
0.0304244
0.338577
0.595029
0.188518
0.163432
0.662
0.355008
0.326442
0.538848
0.166276
0.422023
0.438365
0.224178
0.635409
0.387113
0.243089
0.151202
0.36807
0.229763
0.504975
0.417535
0.305168
0.29872
0.256802
0.292855
0.530697
0.0220956
0.577504
0.0322027
0.662
0.0388267
0.269134
0.112827
0.662
0.335919
0.325295
0.306233
0.0537156
0.267388
0.605608
0.249597
0.107985
0.0128313
0.662
0.575572
0.662
0.191933
0.0419879
0.148659
0.210311
0.0765571
0.419565
0.580592
0.312887
0.104797
0.494202
0.0389918
0.0434878
0.23546
0.239339
0.214684
0.662
0.326254
0.245968
0.0105441
0.12277
0.657643
0.536852
0.302742
0.214772
0.102883
0.303063
0.0781431
0.00848652
0.540681
0.224852
0.160445
0.261406
0.374212
0.269103
0.211314
0.072176
0.136572
0.662
0.21169
0.463374
0.408012
0.319426
0.325977
0.0801676
0.662
0.168781
0.589593
0.211639
0.219974
0.0922498
0.662
0.190944
0.135094
0.201423
0.0578195
0.177458
0.405027
0.0358983
0.137751
0.316988
0.425747
0.00390196
0.183905
0.653384
0.312157
0.662
0.267866
0.0275111
0.192595
0.0430047
0.073246
0.23006
0.662
0.0807145
0.442112
0.0479302
0.0805524
0.198855
0.232548
0.057836
0.0788967
0.0907815
0.320158
0.3028
0.135108
0.0443528
0.0738045
0.107399
0.662
0.209403
0.383077
0.662
0.296957
0.26492
0.0742286
0.171513
0.233141
0.0236068
0.438265
0.598464
0.243038
0.162404
0.116574
0.322334
0.427206
0.526414
0.201658
0.435648
0.292163
0.525977
0.0253325
0.342323
0.207654
0.228723
0.662
0.0887907
0.442928
0.306656
0.230572
0.515346
0.0880379
0.255965
0.227807
0.555017
0.662
0.662
0.124097
0.0730495
0.496835
0.403688
0.155644
0.271373
0.266472
0.539576
0.312619
0.662
0.662
0.0348446
0.252655
0.0976202
0.346533
0.158141
0.331319
0.140428
0.662
0.17496
0.465861
0.245679
0.160143
0.0229155
0.24822
0.207667
0.139405
0.180949
0.662
0.223891
0.416426
0.662
0.338273
0.0837411
0.462566
0.230163
0.0806475
0.06654
0.504135
0.259547
0.016166
0.662
0.662
0.405782
0.633607
0.150578
0.163017
0.269779
0.115319
0.128239
0.0426204
0.0844083
0.183229
0.233007
0.466777
0.450534
0.112994
0.270043
0.169983
0.241132
0.28089
0.447496
0.114651
0.662
0.308651
0.662
0.360482
0.216505
0.548206
0.0252228
0.00707185
0.104263
0.662
0.269063
0.176718
0.198317
0.662
0.396447
0.373326
0.0538134
0.662
0.0565551
0.148822
0.662
0.358904
0.131165
0.199073
0.662
0.124226
0.0247737
0.397578
0.662
0.662
0.226738
0.257274
0.186028
0.360498
0.0813127
0.389609
0.0883769
0.662
0.341905
0.121488
0.0859728
0.018049
0.322793
0.119924
0.493599
0.662
0.541307
0.131842
0.430118
0.160857
0.143419
0.310507
0.0926628
0.385368
0.00148874
0.157667
0.583039
0.662
0.168897
0.189812
0.662
0.502785
0.0297771
0.662
0.662
0.372588
0.110709
0.405675
0.419591
0.48652
0.301015
0.662
0.164337
0.0915823
0.252864
0.662
0.096157
0.0589985
0.181044
0.263959
0.257171
0.0201392
0.662
0.532762
0.279146
0.0401491
0.662
0.239193
0.489936
0.662
0.140833
0.340597
0.662
0.555159
0.141264
0.286169
0.187666
0.0683527
0.282141
0.126693
0.126118
0.0608747
0.0905229
0.240931
0.432074
0.207248
0.261837
0.0992167
0.308008
0.117999
0.662
0.0157244
0.635717
0.662
0.410146
0.114194
0.369135
0.10469
0.220324
0.542129
0.215826
0.662
0.433289
0.173627
0.576334
0.351832
0.116874
0.0792002
0.662
0.0512244
0.304868
0.188244
0.662
0.237903
0.662
0.27401
0.109989
0.662
0.375549
0.662
0.613095
0.107261
0.219245
0.535657
0.247985
0.27127
0.662
0.0237665
0.336854
0.0599003
0.0164995
0.662
0.217711
0.0266951
0.0935988
0.2794
0.142784
0.201349
0.0770422
0.197299
0.29821
0.43117
0.57713
0.662
0.44855
0.176585
0.662
0.159572
0.143514
0.24457
0.592558
0.371394
0.662
0.662
0.641001
0.310046
0.139527
0.148342
0.424238
0.662
0.437637
0.123753
0.239106
0.0789702
0.597053
0.130301
0.429329
0.400515
0.0673489
0.186825
0.346831
0.209423
0.127722
0.134821
0.136855
0.414703
0.662
0.248191
0.662
0.198954
0.190278
0.662
0.523984
0.560966
0.368179
0.662
0.111806
0.662
0.325724
0.662
0.438047
0.103221
0.662
0.662
0.0453361
0.0746894
0.0250666
0.152583
0.662
0.12751
0.120688
0.410252
0.24462
0.291185
0.389375
0.273219
0.136785
0.662
0.660488
0.173411
0.0857692
0.662
0.0560741
0.122108
0.460791
0.337
0.662
0.115483
0.211926
0.0692632
0.492764
0.220956
0.11098
0.146325
0.282747
0.113296
0.165079
0.121099
0.280294
0.0816087
0.662
0.662
0.0818358
0.227703
0.0637097
0.114731
0.624131
0.406783
0.0661304
0.0772747
0.537941
0.258948
0.518771
0.662
0.217937
0.396314
0.224385
0.123469
0.239642
0.345377
0.171771
0.0583202
0.385382
0.0108978
0.662
0.662
0.0839311
0.0990873
0.147893
0.630574
0.13825
0.662
0.583051
0.378511
0.233152
0.662
0.584997
0.239111
0.328314
0.178047
0.294314
0.662
0.160648
0.112219
0.334593
0.620688
0.271163
0.0649663
0.0870982
0.523954
0.0824377
0.662
0.481934
0.0374043
0.633629
0.0727563
0.248841
0.662
0.260249
0.662
0.119057
0.448989
0.329732
0.0881701
0.662
0.238644
0.323568
0.42279
0.662
0.29878
0.603011
0.257875
0.216532
0.662
0.163397
0.662
0.576037
0.304221
0.265964
0.662
0.313736
0.0843817
0.153411
0.209424
0.315535
0.103538
0.662
0.495233
0.321541
0.662
0.662
0.460794
0.347826
0.45906
0.0592452
0.126372
0.589855
0.662
0.171554
0.529731
0.326779
0.662
0.182582
0.285529
0.109054
0.662
0.0944652
0.392046
0.188233
0.267521
0.234389
0.356374
0.662
0.295998
0.662
0.274484
0.295831
0.20388
0.134109
0.171512
0.662
0.241533
0.21391
0.0360469
0.662
0.10451
0.662
0.156503
0.200612
0.607592
0.232362
0.354359
0.662
0.417769
0.0549977
0.124821
0.480524
0.189273
0.132361
0.108634
0.28661
0.294539
0.0136379
0.297646
0.625248
0.554692
0.0958515
0.0297881
0.636837
0.116233
0.476287
0.250611
0.129766
0.361107
0.0816381
0.296396
0.193472
0.228362
0.137361
0.119226
0.153893
0.4668
0.629551
0.1618
0.186243
0.210679
0.215504
0.132981
0.150359
0.244988
0.0705117
0.0581141
0.123466
0.662
0.662
0.390567
0.0797579
0.355749
0.106372
0.0847175
0.201509
0.37136
0.00150142
0.298371
0.291577
0.107082
0.0875507
0.300457
0.662
0.0210387
0.114844
0.00228104
0.197903
0.165065
0.62053
0.113047
0.139568
0.560235
0.0787964
0.161339
0.0471732
0.516983
0.325625
0.398277
0.0866018
0.173912
0.662
0.18045
0.219191
0.0404643
0.49607
0.443533
0.434278
0.0452399
0.282533
0.229822
0.404145
0.5093
0.294274
0.127416
0.43902
0.0942224
0.53169
0.330543
0.662
0.478081
0.59863
0.0107976
0.370059
0.662
0.224407
0.194442
0.0888357
0.662
0.0339839
0.175262
0.100593
0.592474
0.474344
0.239796
0.0382411
0.662
0.352597
0.662
0.555061
0.506612
0.314797
0.264765
0.662
0.662
0.316719
0.214718
0.200752
0.662
0.1972
0.0427149
0.10061
0.122217
0.0859255
0.28444
0.142062
0.130967
0.0423216
0.596852
0.0772186
0.662
0.662
0.662
0.662
0.183568
0.447217
0.602437
0.0713586
0.431362
0.662
0.366521
0.108723
0.662
0.0285766
0.192155
0.256022
0.508249
0.0721688
0.244928
0.0631274
0.662
0.662
0.478537
0.0139472
0.566361
0.662
0.103498
0.0031032
0.180664
0.0302525
0.115042
0.00934593
0.662
0.166465
0.158309
0.19049
0.412778
0.165412
0.186547
0.309791
0.541323
0.43199
0.282406
0.433936
0.581295
0.484407
0.0648534
0.100837
0.119592
0.182455
0.402131
0.662
0.661944
0.368401
0.156349
0.0153644
0.662
0.259221
0.222147
0.221927
0.177916
0.26205
0.122595
0.347017
0.0384402
0.662
0.0531163
0.375469
0.197077
0.521523
0.121525
0.662
0.662
0.100088
0.387248
0.515817
0.331159
0.0759152
0.069308
0.187195
0.662
0.333819
0.0332995
0.164759
0.0677345
0.429306
0.161955
0.0563366
0.17585
0.356676
0.662
0.622029
0.181514
0.460201
0.282101
0.662
0.410892
0.0197734
0.153239
0.662
0.0846513
0.189088
0.0913784
0.146508
0.371198
0.0853982
0.257374
0.662
0.118262
0.0941256
0.650702
0.166838
0.155313
0.0961031
0.200354
0.0621768
0.279746
0.662
0.549616
0.134166
0.120989
0.662
0.217723
0.376887
0.662
0.269439
0.535745
0.0285637
0.443643
0.461773
0.447828
0.640236
0.143675
0.427471
0.662
0.115992
0.0438962
0.059577
0.449158
0.222869
0.393383
0.0356436
0.582922
0.433991
0.331589
0.0973883
0.636921
0.29756
0.119276
0.2677
0.109196
0.0426156
0.294155
0.339478
0.152364
0.151518
0.545365
0.130363
0.274469
0.435107
0.107997
0.662
0.133093
0.0889174
0.0668759
0.11949
0.0601916
0.645629
0.150021
0.656851
0.0629361
0.226145
0.193718
0.662
0.125285
0.0989142
0.323636
0.0752236
0.102239
0.61927
0.164002
0.226032
0.662
0.28228
0.371251
0.662
0.433984
0.530225
0.145487
0.207636
0.655895
0.508191
0.662
0.252882
0.0678098
0.662
0.280192
0.662
0.0972827
0.249442
0.0261518
0.299464
0.168542
0.43415
0.240143
0.104362
0.187605
0.226148
0.193656
0.662
0.249623
0.0576337
0.125911
0.335865
0.267502
0.00927362
0.0310075
0.0806493
0.662
0.305537
0.095425
0.261904
0.130951
0.245751
0.547163
0.522253
0.0382034
0.300251
0.0723904
0.0395052
0.648552
0.0751512
0.144752
0.184454
0.16888
0.444262
0.662
0.478188
0.288501
0.504555
0.0369305
0.600747
0.380016
0.662
0.12753
0.179149
0.153774
0.0954563
0.208455
0.273995
0.120093
0.210993
0.231834
0.608305
0.0651298
0.211793
0.19356
0.363587
0.434956
0.111499
0.195311
0.234683
0.332073
0.155863
0.0415728
0.662
0.662
0.45201
0.229844
0.214794
0.41312
0.0826736
0.135854
0.490102
0.289587
0.358248
0.228138
0.37873
0.662
0.662
0.662
0.230726
0.175982
0.165558
0.336958
0.0564391
0.401397
0.662
0.148977
0.244302
0.175684
0.0505664
0.662
0.662
0.271884
0.136047
0.378573
0.423035
0.285702
0.127283
0.343048
0.662
0.313779
0.215001
0.0611419
0.358669
0.662
0.131541
0.627059
0.657591
0.662
0.0341798
0.589584
0.085196
0.566793
0.250206
0.662
0.285634
0.238963
0.209471
0.461558
0.133755
0.414716
0.0849667
0.662
0.662
0.0908903
0.150248
0.422793
0.230627
0.199084
0.25741
0.217491
0.057194
0.0332065
0.56494
0.38891
0.662
0.283908
0.0466244
0.0545845
0.437648
0.480267
0.191445
0.422367
0.166916
0.139685
0.080312
0.151665
0.381485
0.160525
0.283203
0.0807014
0.327301
0.555833
0.235509
0.497173
0.307582
0.113534
0.000321615
0.367598
0.406848
0.26324
0.204578
0.282103
0.253447
0.182662
0.0538373
0.214892
0.662
0.199509
0.442868
0.219292
0.633992
0.0284204
0.355508
0.482091
0.662
0.158564
0.184781
0.662
0.662
0.587223
0.662
0.159746
0.520165
0.208495
0.277328
0.193659
0.423458
0.0715482
0.229474
0.352686
0.309136
0.168665
0.241954
0.421357
0.406203
0.404003
0.662
0.287805
0.472789
0.0384029
0.284908
0.321313
0.30196
0.653239
0.502638
0.054858
0.245656
0.466346
0.662
0.662
0.662
0.662
0.106437
0.209247
0.182639
0.0503126
0.101067
0.114897
0.359979
0.0973267
0.606696
0.662
0.506397
0.0952233
0.219682
0.420012
0.331207
0.0959419
0.265729
0.662
0.0363258
0.256391
0.186115
0.122756
0.102345
0.662
0.168519
0.138449
0.130007
0.23836
0.0521536
0.172182
0.325569
0.377501
0.0449965
0.46761
0.433516
0.451377
0.198378
0.662
0.552478
0.369761
0.413886
0.407561
0.565258
0.136801
0.0767467
0.138359
0.662
0.10528
0.65075
0.662
0.112365
0.269021
0.0491296
0.662
0.116922
0.190786
0.0369799
0.381666
0.374311
0.105815
0.0713214
0.662
0.635726
0.218205
0.29761
0.0522194
0.154859
0.0761793
0.115647
0.492773
0.48492
0.207515
0.10752
0.0216715
0.662
0.240069
0.258525
0.0715222
0.152774
0.571418
0.0580796
0.662
0.104024
0.1917
0.0652371
0.154966
0.662
0.34075
0.444864
0.662
0.143311
0.662
0.662
0.169129
0.34424
0.30009
0.56032
0.411361
0.0952529
0.0996382
0.116848
0.1324
0.648438
0.135347
0.129902
0.109158
0.0863525
0.00730439
0.662
0.306933
0.200927
0.185515
0.118407
0.525387
0.248826
0.166954
0.662
0.165447
0.662
0.262403
0.244567
0.662
0.247693
0.168107
0.135912
0.0827348
0.219498
0.0574206
0.17521
0.119517
0.173494
0.0584183
0.60051
0.17193
0.116031
0.415952
0.114266
0.144758
0.662
0.662
0.145535
0.565409
0.184399
0.349973
0.451873
0.269378
0.172161
0.195891
0.154467
0.0225962
0.230641
0.128038
0.230529
0.038518
0.662
0.390777
0.27544
0.1795
0.319693
0.0310655
0.662
0.662
0.662
0.100606
0.130865
0.368485
0.270976
0.662
0.107604
0.6072
0.0496641
0.0762071
0.47079
0.171186
0.662
0.267375
0.452201
0.383788
0.260237
0.402438
0.620559
0.103399
0.251439
0.168473
0.0948512
0.0840961
0.311221
0.338157
0.662
0.4098
0.662
0.0721104
0.0495291
0.103699
0.270983
0.517493
0.269185
0.0728926
0.549878
0.662
0.117913
0.616288
0.463292
0.147718
0.233932
0.194902
0.0661071
0.662
0.635141
0.0630989
0.182756
0.0695842
0.662
0.252865
0.288875
0.193485
0.202847
0.662
0.42006
0.0292771
0.10591
0.291277
0.38567
0.350404
0.0771595
0.0597008
0.0268436
0.538591
0.034762
0.178282
0.402653
0.0658718
0.0698252
0.662
0.126034
0.500759
0.494754
0.137699
0.209876
0.115233
0.31085
0.408474
0.33124
0.141819
0.261899
0.15235
0.573425
0.160375
0.155931
0.471095
0.437206
0.307674
0.128545
0.349824
0.0324986
0.158338
0.076484
0.662
0.192439
0.662
0.00890183
0.0728991
0.199866
0.341819
0.12818
0.189459
0.662
0.105309
0.19992
0.162665
0.662
0.390404
0.142601
0.430429
0.206681
0.470033
0.12974
0.323483
0.136319
0.263134
0.045049
0.141171
0.115906
0.662
0.662
0.218849
0.662
0.136948
0.0970066
0.201829
0.0549077
0.231766
0.662
0.662
0.287093
0.662
0.302511
0.369702
0.0798943
0.662
0.165479
0.64639
0.66087
0.0448058
0.361404
0.662
0.0908906
0.280947
0.293972
0.143331
0.201779
0.662
0.662
0.18206
0.662
0.230038
0.0401065
0.662
0.135265
0.35162
0.630378
0.459919
0.41841
0.662
0.134931
0.228236
0.195966
0.0135785
0.129477
0.104824
0.662
0.183622
0.255264
0.0285817
0.662
0.46165
0.348194
0.366188
0.438432
0.052087
0.269751
0.212313
0.207717
0.245168
0.131774
0.265721
0.450993
0.275909
0.390939
0.200903
0.662
0.0589325
0.662
0.221189
0.0615724
0.393789
0.380562
0.231814
0.3081
0.424688
0.103996
0.0984558
0.102339
0.662
0.615563
0.167051
0.453174
0.143123
0.662
0.0242191
0.584455
0.129499
0.393697
0.177025
0.297908
0.106669
0.215518
0.177743
0.0976352
0.239383
0.0870024
0.247406
0.318005
0.662
0.422584
0.364636
0.662
0.125472
0.183034
0.662
0.662
0.234419
0.340985
0.349834
0.270489
0.195865
0.140726
0.338763
0.662
0.150902
0.556175
0.40928
0.316894
0.173445
0.662
0.344781
0.662
0.0911053
0.379489
0.213898
0.466731
0.662
0.662
0.150523
0.662
0.347644
0.389916
0.107458
0.361932
0.662
0.278268
0.195684
0.662
0.365607
0.173861
0.307365
0.147056
0.261066
0.0454514
0.0455723
0.22543
0.464598
0.187575
0.662
0.662
0.24624
0.0984695
0.0196985
0.111892
0.0900275
0.662
0.188672
0.649341
0.256385
0.662
0.662
0.145881
0.185357
0.662
0.662
0.296591
0.467013
0.662
0.481121
0.498416
0.281464
0.421457
0.0445635
0.364786
0.234625
0.662
0.0562635
0.174459
0.101764
0.368242
0.17495
0.662
0.202207
0.31256
0.336921
0.314365
0.455465
0.424968
0.213198
0.104294
0.294966
0.63339
0.178804
0.122252
0.162238
0.662
0.662
0.163171
0.243528
0.065412
0.115368
0.662
0.662
0.462566
0.190812
0.662
0.136876
0.0973888
0.548214
0.0304214
0.299839
0.419855
0.056499
0.0395539
0.662
0.0867216
0.0304909
0.283597
0.275077
0.124763
0.0984392
0.455013
0.346964
0.662
0.662
0.429925
0.0482393
0.204103
0.273459
0.0761656
0.356066
0.121698
0.627171
0.26602
0.493975
0.0668284
0.310779
0.468726
0.0149681
0.467656
0.662
0.265079
0.254707
0.3084
0.147531
0.458605
0.583272
0.116538
0.386092
0.41178
0.662
0.453393
0.217092
0.301634
0.413157
0.251477
0.232409
0.225722
0.662
0.270812
0.0876355
0.25192
0.517169
0.662
0.0354814
0.108406
0.270192
0.0364205
0.226062
0.662
0.163572
0.0913749
0.465798
0.258227
0.0809154
0.277422
0.0442502
0.422771
0.244622
0.485649
0.662
0.662
0.371378
0.662
0.0893387
0.212181
0.087363
0.223269
0.238753
0.0114285
0.525712
0.117677
0.662
0.662
0.489485
0.493013
0.467752
0.299968
0.358138
0.662
0.662
0.15942
0.662
0.662
0.193267
0.53792
0.566732
0.662
0.448071
0.0554104
0.0715405
0.0592339
0.358544
0.067832
0.662
0.449753
0.662
0.382224
0.662
0.20459
0.218633
0.662
0.118623
0.662
0.344656
0.636483
0.165851
0.302412
0.254905
0.274062
0.0861924
0.0924456
0.56373
0.444861
0.296023
0.662
0.662
0.591229
0.662
0.662
0.221411
0.116117
0.321663
0.0798503
0.0870584
0.430964
0.662
0.0990559
0.255533
0.662
0.508995
0.206017
0.203538
0.0526629
0.273156
0.30064
0.536084
0.168074
0.662
0.405092
0.618378
0.101575
0.186731
0.185735
0.202463
0.427467
0.253921
0.177166
0.247056
0.19648
0.279648
0.425322
0.0881455
0.0831432
0.26242
0.167859
0.117731
0.238243
0.662
0.119155
0.104889
0.410324
0.24864
0.0375179
0.662
0.00736468
0.157395
0.662
0.662
0.348712
0.662
0.45228
0.26156
0.116237
0.0932601
0.0491991
0.567684
0.258107
0.662
0.215639
0.293231
0.193439
0.114071
0.488847
0.662
0.500725
0.662
0.0620273
0.662
0.662
0.662
0.496785
0.422773
0.338482
0.0968618
0.442206
0.252243
0.328609
0.101856
0.526451
0.0873211
0.216524
0.247686
0.0899121
0.323976
0.196833
0.494044
0.244803
0.224359
0.662
0.562634
0.245549
0.363983
0.15344
0.662
0.662
0.0587718
0.662
0.40665
0.662
0.662
0.239238
0.193293
0.430511
0.402428
0.168767
0.208148
0.647658
0.662
0.104856
0.321549
0.303485
0.600248
0.346945
0.195629
0.0126108
0.262003
0.177024
0.662
0.147473
0.662
0.0849105
0.0880849
0.27256
0.107002
0.0333791
0.165437
0.662
0.162076
0.309758
0.161068
0.103466
0.355614
0.662
0.304233
0.662
0.036272
0.309716
0.209192
0.0616902
0.108911
0.227792
0.369329
0.322638
0.228984
0.167726
0.662
0.234758
0.298762
0.578504
0.0229537
0.312983
0.662
0.144989
0.270426
0.540722
0.0907157
0.271162
0.662
0.168682
0.0690283
0.13802
0.344063
0.109452
0.169498
0.0618628
0.0521959
0.072317
0.0202591
0.662
0.121362
0.481583
0.229152
0.128929
0.662
0.526182
0.146127
0.145484
0.662
0.410851
0.147665
0.662
0.365534
0.662
0.318175
0.120621
0.174727
0.479211
0.295038
0.511685
0.108577
0.115956
0.510844
0.0936526
0.112873
0.254106
0.0648311
0.662
0.412152
0.0866123
0.107843
0.631602
0.0690246
0.296972
0.0722859
0.0926513
0.353474
0.190671
0.662
0.252467
0.432343
0.662
0.190274
0.64046
0.122232
0.413681
0.130032
0.584008
0.401272
0.0425613
0.166936
0.110114
0.209215
0.601868
0.103001
0.0680482
0.105716
0.182631
0.162248
0.441784
0.596564
0.438761
0.162736
0.393616
0.662
0.317578
0.0402329
0.062032
0.0765134
0.216879
0.356202
0.0511953
0.0850229
0.228914
0.086721
0.262817
0.0349855
0.610788
0.662
0.0230587
0.0502622
0.231493
0.427176
0.0576329
0.662
0.0639509
0.139535
0.535081
0.133725
0.271464
0.194497
0.584723
0.0820715
0.662
0.662
0.662
0.662
0.662
0.158999
0.662
0.321023
0.662
0.0246751
0.29186
0.228859
0.458038
0.100133
0.0749569
0.0670083
0.292267
0.448131
0.211281
0.187494
0.131572
0.447748
0.419145
0.0848457
0.192393
0.0707349
0.333689
0.387356
0.563316
0.662
0.0317823
0.133306
0.100122
0.254337
0.0938038
0.280748
0.367324
0.662
0.0504146
0.000632732
0.0962279
0.403596
0.176819
0.0287534
0.12383
0.0958273
0.487607
0.165033
0.662
0.345483
0.091248
0.662
0.150129
0.422164
0.206675
0.662
0.662
0.662
0.124709
0.399803
0.469388
0.662
0.135497
0.0822247
0.236804
0.0956404
0.150583
0.417785
0.194184
0.143806
0.312559
0.332136
0.0592898
0.662
0.662
0.505316
0.171905
0.373382
0.247433
0.14531
0.662
0.142778
0.320496
0.205151
0.262945
0.13758
0.058905
0.662
0.175397
0.662
0.510063
0.111058
0.178765
0.650795
0.385798
0.582951
0.662
0.403189
0.168591
0.085633
0.590261
0.541846
0.615091
0.653746
0.662
0.474465
0.0398775
0.167488
0.18969
0.402277
0.562672
0.244148
0.260318
0.3856
0.097981
0.361653
0.13269
0.662
0.0746044
0.662
0.628849
0.185442
0.467962
0.306628
0.390922
0.152965
0.197431
0.662
0.172997
0.662
0.662
0.389728
0.662
0.662
0.623398
0.115311
0.662
0.662
0.368615
0.262166
0.338855
0.588593
0.122331
0.31829
0.511308
0.295269
0.0930277
0.21749
0.245853
0.151295
0.271854
0.287412
0.302984
0.295453
0.662
0.662
0.427093
0.142307
0.0474739
0.396347
0.662
0.662
0.154646
0.662
0.0626082
0.354918
0.662
0.202126
0.0590357
0.266876
0.496391
0.0501488
0.0479698
0.259229
0.322314
0.285541
0.103367
0.662
0.473503
0.282573
0.0725972
0.393214
0.0728673
0.34094
0.0722867
0.42566
0.0606028
0.167585
0.487801
0.222778
0.0371754
0.272063
0.662
0.64637
0.0567916
0.265961
0.508651
0.0873724
0.191081
0.662
0.216063
0.312318
0.65552
0.191605
0.662
0.135716
0.0327575
0.662
0.357085
0.662
0.0658076
0.327814
0.280772
0.0875419
0.0991222
0.474421
0.0594529
0.662
0.269781
0.375136
0.48818
0.376857
0.340381
0.118879
0.29679
0.117706
0.580115
0.381744
0.662
0.423288
0.185144
0.110005
0.0605812
0.165698
0.236051
0.102809
0.20328
0.259931
0.512483
0.0179354
0.272895
0.662
0.0733043
0.338943
0.662
0.662
0.294638
0.24509
0.083278
0.51314
0.174791
0.286866
0.151381
0.662
0.0896982
0.0519267
0.124155
0.662
0.662
0.0168614
0.419858
0.332806
0.4511
0.383336
0.145153
0.342772
0.435871
0.486741
0.662
0.182131
0.548366
0.20427
0.593451
0.655997
0.10682
0.0993788
0.662
0.63879
0.224981
0.0633195
0.100201
0.121873
0.168966
0.429656
0.662
0.225988
0.249999
0.662
0.361231
0.523658
0.348679
0.524449
0.662
0.240607
0.61247
0.461511
0.101306
0.584316
0.114336
0.662
0.317942
0.333231
0.416444
0.422356
0.0332544
0.107376
0.187856
0.222097
0.173167
0.247732
0.662
0.308828
0.101755
0.510772
0.0756884
0.662
0.662
0.261305
0.38384
0.662
0.188408
0.315531
0.251952
0.13331
0.0960899
0.273053
0.459755
0.662
0.154692
0.27255
0.182502
0.662
0.662
0.662
0.100162
0.254267
0.662
0.662
0.310998
0.662
0.662
0.662
0.479112
0.0413868
0.218557
0.308587
0.662
0.662
0.0452934
0.0524754
0.124103
0.265443
0.662
0.121823
0.119598
0.0182795
0.458445
0.662
0.0708195
0.630314
0.243706
0.46946
0.660474
0.583983
0.243892
0.148669
0.0461922
0.222171
0.0754886
0.101018
0.133456
0.0943554
0.454681
0.662
0.0745772
0.637341
0.534658
0.383522
0.461188
0.662
0.237625
0.244906
0.288035
0.044194
0.452277
0.540928
0.482704
0.158559
0.250131
0.0204872
0.0981719
0.0758046
0.0380902
0.527627
0.662
0.662
0.418561
0.26615
0.662
0.561283
0.279917
0.170563
0.092118
0.113454
0.0675206
0.662
0.183407
0.662
0.0288785
0.166777
0.106991
0.162825
0.0129385
0.340357
0.560485
0.274508
0.235885
0.0600932
0.150686
0.192739
0.130216
0.0897111
0.0488465
0.662
0.409244
0.000283494
0.451327
0.662
0.117045
0.0786605
0.167346
0.013147
0.386783
0.181782
0.16936
0.442364
0.662
0.324194
0.0964559
0.131843
0.0586889
0.662
0.662
0.122754
0.155586
0.367863
0.375259
0.127802
0.351735
0.0763773
0.360388
0.662
0.427675
0.105893
0.0056104
0.174924
0.662
0.662
0.500567
0.386544
0.237916
0.188372
0.234206
0.294159
0.616213
0.115486
0.10628
0.140699
0.298432
0.0474089
0.662
0.662
0.346371
0.165469
0.161737
0.10852
0.162391
0.427478
0.612355
0.147235
0.144216
0.187356
0.662
0.11526
0.29278
0.649493
0.344721
0.278195
0.0941073
0.267774
0.128667
0.214215
0.0603567
0.275078
0.43491
0.662
0.296814
0.071184
0.132927
0.00105822
0.347047
0.0975564
0.312229
0.23698
0.0990845
0.582554
0.445326
0.518783
0.566962
0.279209
0.0621475
0.334818
0.662
0.565202
0.120057
0.297376
0.217889
0.0383086
0.159493
0.50915
0.60925
0.0828425
0.295154
0.662
0.301772
0.170434
0.153438
0.662
0.115466
0.253503
0.662
0.147357
0.094508
0.037736
0.405484
0.101853
0.326392
0.0476015
0.0730648
0.347598
0.662
0.103054
0.235428
0.0463987
0.420508
0.662
0.401152
0.106095
0.177937
0.215617
0.508756
0.193886
0.662
0.160228
0.301651
0.102453
0.378487
0.211426
0.229693
0.293988
0.11152
0.070697
0.264486
0.0308535
0.603818
0.494722
0.205686
0.273294
0.662
0.505079
0.162602
0.231206
0.662
0.267405
0.662
0.155778
0.11586
0.255451
0.662
0.249479
0.154165
0.286096
0.16565
0.164151
0.662
0.232483
0.297691
0.235465
0.233467
0.662
0.662
0.344625
0.391368
0.295184
0.523552
0.662
0.125115
0.623581
0.662
0.662
0.197489
0.140539
0.142393
0.662
0.322602
0.222012
0.415861
0.351291
0.112386
0.662
0.338171
0.255476
0.155865
0.662
0.0821863
0.662
0.194314
0.662
0.662
0.662
0.122907
0.198608
0.16836
0.170035
0.180074
0.662
0.662
0.591838
0.100513
0.662
0.012859
0.384446
0.225347
0.148235
0.407135
0.373885
0.662
0.0482174
0.662
0.185638
0.182685
0.292268
0.159072
0.305355
0.296952
0.284132
0.241634
0.139092
0.111818
0.280013
0.648054
0.142238
0.327752
0.193718
0.0738239
0.662
0.032225
0.662
0.284817
0.662
0.21365
0.111536
0.33659
0.344445
0.453339
0.275686
0.129268
0.254745
0.0440338
0.195741
0.662
0.124979
0.0518851
0.266522
0.120538
0.662
0.146978
0.0826559
0.662
0.0831556
0.534861
0.124942
0.662
0.434498
0.150089
0.151946
0.4184
0.0633007
0.0539459
0.180447
0.0199254
0.152699
0.33659
0.205522
0.00452859
0.369156
0.143159
0.662
0.156287
0.662
0.127873
0.490308
0.662
0.43053
0.116867
0.176895
0.348696
0.072732
0.662
0.493376
0.662
0.369622
0.662
0.45906
0.2673
0.144542
0.662
0.255436
0.268833
0.403766
0.030655
0.102885
0.102376
0.4044
0.662
0.662
0.602311
0.512614
0.629305
0.157276
0.0446884
0.546847
0.219145
0.662
0.0860887
0.0949248
0.62759
0.293565
0.203298
0.0219552
0.662
0.382894
0.384074
0.459789
0.583543
0.0457976
0.22599
0.269757
0.662
0.10361
0.3446
0.365821
0.375798
0.0878231
0.13363
0.662
0.00613133
0.212646
0.435256
0.266358
0.266586
0.26818
0.457901
0.256653
0.477126
0.252709
0.310114
0.0798662
0.662
0.635845
0.35051
0.128723
0.150804
0.160783
0.662
0.662
0.337311
0.662
0.21512
0.0971112
0.286717
0.221332
0.452391
0.662
0.592115
0.0700798
0.662
0.433371
0.276265
0.242095
0.130956
0.264723
0.662
0.40677
0.109692
0.244238
0.096242
0.295752
0.187531
0.148517
0.310848
0.662
0.662
0.376602
0.252183
0.662
0.217428
0.118561
0.662
0.12606
0.662
0.0857389
0.0865922
0.0742171
0.123886
0.662
0.630421
0.201635
0.270115
0.405916
0.392423
0.0495987
0.140293
0.662
0.21986
0.662
0.107574
0.374898
0.0995484
0.47604
0.0937709
0.662
0.55205
0.150494
0.209492
0.241653
0.627266
0.662
0.076258
0.662
0.662
0.662
0.403932
0.492547
0.120836
0.256199
0.0991203
0.575133
0.0787557
0.0750239
0.2969
0.608238
0.0490687
0.206578
0.263108
0.0986656
0.305144
0.186603
0.662
0.0409591
0.30376
0.300131
0.396798
0.14113
0.165872
0.0195708
0.178502
0.0815895
0.0910766
0.442229
0.135989
0.207697
0.379313
0.120173
0.552072
0.232769
0.17053
0.414799
0.17046
0.084231
0.662
0.520681
0.301058
0.662
0.234698
0.662
0.106163
0.184939
0.159681
0.122876
0.176442
0.0335326
0.662
0.18011
0.178966
0.346225
0.0971504
0.206683
0.149747
0.591376
0.458958
0.122152
0.306962
0.508088
0.212951
0.216821
0.662
0.118069
0.317732
0.0678611
0.662
0.084005
0.222877
0.0529219
0.0903783
0.153005
0.375019
0.662
0.398193
0.0342036
0.509898
0.216438
0.111084
0.0409552
0.610428
0.23671
0.197718
0.450226
0.210057
0.242194
0.662
0.139849
0.257661
0.0909295
0.420195
0.0546132
0.652924
0.557275
0.129619
0.256588
0.0931165
0.0841998
0.113828
0.662
0.401394
0.245781
0.456129
0.408433
0.239928
0.0923045
0.36371
0.29443
0.20567
0.092913
0.172895
0.178398
0.174705
0.316186
0.314598
0.338188
0.521257
0.206889
0.310714
0.214468
0.369687
0.40187
0.269116
0.150665
0.301022
0.662
0.136575
0.0330177
0.120349
0.180662
0.0209359
0.312841
0.0961998
0.0935819
0.0931027
0.339456
0.122764
0.0969225
0.662
0.229038
0.326463
0.156493
0.397188
0.128536
0.339911
0.662
0.103101
0.414722
0.152865
0.0708053
0.282983
0.143785
0.0342347
0.636891
0.342304
0.187416
0.662
0.229362
0.562395
0.602631
0.662
0.285917
0.474273
0.662
0.31133
0.445915
0.142586
0.364888
0.290615
0.25236
0.119822
0.118943
0.0959775
0.0237506
0.185183
0.662
0.371337
0.334353
0.210528
0.0743921
0.0966636
0.346976
0.299899
0.0287751
0.161889
0.0251304
0.519576
0.133452
0.248441
0.36455
0.288144
0.284131
0.525224
0.662
0.452771
0.280397
0.194435
0.487643
0.253387
0.174184
0.33198
0.225863
0.288161
0.352121
0.189245
0.354892
0.0200509
0.380582
0.287007
0.0646678
0.662
0.125667
0.105523
0.0487314
0.110586
0.662
0.228988
0.538608
0.101211
0.158138
0.0907801
0.22734
0.159772
0.299926
0.662
0.170271
0.496611
0.0601802
0.07483
0.662
0.160485
0.116408
0.493629
0.618483
0.493077
0.137937
0.336289
0.177566
0.151197
0.269172
0.297187
0.233048
0.276661
0.662
0.592131
0.133457
0.215968
0.164322
0.04003
0.249625
0.662
0.139859
0.0733428
0.441776
0.366574
0.29632
0.662
0.157666
0.157459
0.662
0.124445
0.238997
0.139883
0.500918
0.476527
0.662
0.25079
0.0586166
0.474553
0.57574
0.576878
0.31021
0.662
0.0365808
0.662
0.122669
0.188295
0.236452
0.309679
0.037992
0.107805
0.253042
0.662
0.468934
0.242644
0.513715
0.662
0.140284
0.662
0.114584
0.238847
0.615997
0.662
0.662
0.123188
0.211886
0.0234039
0.179161
0.550271
0.648686
0.265081
0.0121627
0.109566
0.206919
0.132317
0.662
0.419204
0.526538
0.28386
0.270174
0.0955624
0.0984177
0.144204
0.584458
0.451789
0.128003
0.124305
0.224154
0.334581
0.0507654
0.160244
0.662
0.151111
0.662
0.662
0.166983
0.0885591
0.395833
0.662
0.273499
0.387699
0.355303
0.0449167
0.1664
0.43293
0.240195
0.194818
0.427503
0.662
0.191092
0.0827922
0.534425
0.296685
0.177354
0.229198
0.662
0.128929
0.543742
0.330498
0.232533
0.00204214
0.0174666
0.563798
0.369298
0.266183
0.163732
0.0782461
0.403898
0.662
0.357452
0.0479685
0.165433
0.277445
0.662
0.247723
0.424812
0.0749735
0.236604
0.327269
0.381849
0.662
0.132024
0.500306
0.662
0.191808
0.0816978
0.343432
0.367208
0.582428
0.21122
0.0891502
0.337999
0.202048
0.22394
0.168842
0.662
0.0847833
0.662
0.0959771
0.569702
0.662
0.53087
0.402312
0.662
0.226392
0.545767
0.149548
0.63737
0.662
0.662
0.545373
0.156653
0.0922221
0.153059
0.133886
0.263675
0.141041
0.141961
0.226524
0.123659
0.21952
0.662
0.384207
0.381682
0.307402
0.111782
0.0217022
0.0593364
0.0587353
0.202704
0.311177
0.143505
0.158701
0.109927
0.0651204
0.227291
0.112536
0.43433
0.0702482
0.0108593
0.166371
0.358105
0.0465535
0.30692
0.662
0.055658
0.448623
0.445324
0.222337
0.399488
0.123508
0.0762442
0.143343
0.235539
0.0937548
0.662
0.166276
0.662
0.662
0.257896
0.0802987
0.211586
0.483146
0.0798903
0.411116
0.251873
0.0562701
0.067818
0.567714
0.298214
0.662
0.627949
0.297022
0.218192
0.369413
0.17918
0.19674
0.106009
0.212888
0.523004
0.103732
0.662
0.287796
0.374144
0.0161523
0.0466138
0.204367
0.105087
0.163661
0.296574
0.390952
0.0825456
0.662
0.257229
0.0749156
0.420137
0.140701
0.606165
0.434997
0.662
0.662
0.296624
0.184134
0.370489
0.0466446
0.293984
0.551676
0.662
0.176399
0.0849868
0.523247
0.558235
0.252141
0.0873928
0.612011
0.20394
0.14252
0.10419
0.662
0.0904158
0.662
0.114115
0.485775
0.102615
0.118688
0.142211
0.268652
0.662
0.316467
0.0994806
0.171828
0.234517
0.220362
0.018136
0.00103893
0.0706666
0.051532
0.47033
0.662
0.121484
0.0816792
0.380266
0.369355
0.126601
0.135593
0.192259
0.148811
0.25096
0.221422
0.29399
0.155844
0.0458885
0.16267
0.155478
0.190495
0.501164
0.378293
0.662
0.0316939
0.216788
0.253266
0.226901
0.360878
0.120466
0.654491
0.440154
0.138019
0.0310868
0.40731
0.279004
0.19169
0.662
0.662
0.364963
0.249504
0.570937
0.520131
0.231793
0.662
0.557188
0.00518495
0.105921
0.662
0.0196803
0.224728
0.0896039
0.214238
0.182075
0.30174
0.420298
0.150382
0.168835
0.662
0.151384
0.138487
0.579169
0.0481923
0.123687
0.662
0.662
0.0202362
0.654509
0.662
0.662
0.209971
0.199937
0.0573624
0.662
0.250338
0.308769
0.331648
0.221564
0.454573
0.316874
0.188146
0.0149142
0.246101
0.170546
0.517718
0.629385
0.167794
0.662
0.0980388
0.0461438
0.198612
0.116857
0.227097
0.438331
0.535973
0.262892
0.419373
0.662
0.125679
0.662
0.184403
0.102498
0.662
0.260459
0.417778
0.662
0.0416574
0.662
0.662
0.332468
0.114111
0.193587
0.400003
0.138395
0.0796464
0.079337
0.662
0.159502
0.662
0.442448
0.215574
0.120033
0.125448
0.662
0.0643107
0.159726
0.485018
0.187101
0.416863
0.517176
0.495667
0.355692
0.493324
0.124019
0.0138774
0.0114935
0.203474
0.662
0.662
0.00562617
0.0958321
0.170825
0.0626036
0.191439
0.218255
0.550195
0.662
0.0968455
0.294342
0.442049
0.0287193
0.391493
0.272475
0.0655572
0.0870473
0.293066
0.662
0.662
0.0981893
0.662
0.11395
0.207738
0.572178
0.0811622
0.662
0.261851
0.0627139
0.165187
0.195973
0.662
0.196106
0.662
0.662
0.162023
0.0830471
0.499986
0.662
0.129888
0.358346
0.113589
0.662
0.0202504
0.0810964
0.255117
0.206914
0.662
0.662
0.177108
0.137829
0.662
0.337612
0.662
0.248098
0.41973
0.0369881
0.513706
0.0934588
0.348682
0.0583729
0.616043
0.289527
0.237618
0.10463
0.110342
0.163174
0.662
0.062091
0.144838
0.0414096
0.1594
0.155541
0.376908
0.311555
0.190482
0.0544643
0.216181
0.179587
0.644054
0.108368
0.0603242
0.662
0.0967828
0.339857
0.257441
0.284782
0.0824802
0.16929
0.117991
0.204064
0.213468
0.283025
0.485029
0.296421
0.220076
0.662
0.207481
0.0613915
0.662
0.0706267
0.30624
0.170915
0.222108
0.662
0.510222
0.328044
0.123742
0.459351
0.287901
0.619463
0.018106
0.112464
0.662
0.324448
0.407169
0.325048
0.0779078
0.0351295
0.484307
0.323913
0.598242
0.0933246
0.662
0.18939
0.607208
0.0726628
0.0709348
0.658679
0.662
0.0872888
0.0796629
0.347416
0.556428
0.0825007
0.319444
0.125467
0.277691
0.260738
0.161313
0.325854
0.662
0.662
0.476282
0.122609
0.368326
0.234466
0.560682
0.402484
0.251615
0.662
0.171947
0.255394
0.125023
0.196712
0.439092
0.129258
0.0544463
0.0419748
0.191668
0.0692163
0.115077
0.0892385
0.0383674
0.207812
0.0191368
0.605714
0.254714
0.16047
0.619869
0.182144
0.640434
0.129646
0.167407
0.052561
0.662
0.18518
0.291237
0.29029
0.331316
0.0246365
0.213945
0.187589
0.0653484
0.328924
0.515134
0.294573
0.662
0.426836
0.0830641
0.151541
0.342104
0.590431
0.0158508
0.0635053
0.662
0.087898
0.662
0.0947995
0.0791614
0.152634
0.662
0.039926
0.219627
0.125933
0.0891292
0.33253
0.244083
0.447373
0.157315
0.297561
0.229741
0.662
0.082097
0.662
0.148087
0.0637788
0.0577034
0.662
0.222313
0.662
0.301922
0.0829556
0.175107
0.662
0.10442
0.234111
0.0327853
0.0325427
0.106752
0.410238
0.11606
0.491809
0.307097
0.246866
0.206342
0.144466
0.303179
0.662
0.124085
0.459577
0.287734
0.348078
0.0601393
0.0985539
0.291458
0.0830032
0.362978
0.216002
0.461403
0.308973
0.662
0.646773
0.218186
0.662
0.159175
0.158314
0.18334
0.459338
0.108466
0.0821713
0.295141
0.405668
0.215636
0.273877
0.196223
0.336691
0.140477
0.0395948
0.394782
0.522917
0.431826
0.0882912
0.233025
0.0931787
0.662
0.143647
0.369874
0.189406
0.431083
0.655346
0.23672
0.662
0.662
0.0834911
0.0930761
0.148278
0.0996518
0.123409
0.302963
0.194131
0.104277
0.662
0.662
0.175932
0.0717485
0.119047
0.0694256
0.114276
0.172636
0.119286
0.156323
0.00656742
0.384369
0.0202354
0.380225
0.0992362
0.147676
0.662
0.269284
0.662
0.135477
0.159786
0.303705
0.153188
0.421568
0.331961
0.393696
0.237219
0.416389
0.584507
0.103032
0.150461
0.134465
0.07217
0.455809
0.662
0.34104
0.176577
0.180141
0.232555
0.497808
0.0733786
0.216816
0.263631
0.662
0.451014
0.0611857
0.278227
0.215061
0.13209
0.265492
0.662
0.509983
0.474115
0.0877337
0.121691
0.0321427
0.200781
0.123392
0.0581773
0.149947
0.201068
0.0900317
0.59801
0.450484
0.662
0.662
0.284698
0.662
0.662
0.662
0.222544
0.243336
0.285578
0.484083
0.13372
0.444646
0.282478
0.0721436
0.0941229
0.0778298
0.182112
0.265631
0.117126
0.662
0.191829
0.119355
0.0886754
0.173711
0.207085
0.0387505
0.0856822
0.0633736
0.0726769
0.470779
0.638098
0.0614207
0.21238
0.224102
0.662
0.391204
0.152771
0.535096
0.662
0.662
0.662
0.337838
0.662
0.554952
0.294928
0.196095
0.38171
0.105838
0.140571
0.0783412
0.16637
0.662
0.662
0.642562
0.178143
0.315056
0.512633
0.130371
0.162509
0.203174
0.220697
0.302955
0.115291
0.0297061
0.126409
0.196741
0.429045
0.0907217
0.19684
0.244314
0.657671
0.0229756
0.373539
0.261161
0.426597
0.662
0.191843
0.413898
0.434061
0.38696
0.44155
0.0910522
0.568521
0.218544
0.538605
0.154777
0.662
0.0903078
0.262899
0.662
0.594955
0.662
0.0325026
0.630797
0.264301
0.662
0.662
0.662
0.377785
0.118878
0.18813
0.181797
0.198926
0.238808
0.0809726
0.0638657
0.0789498
0.102243
0.204893
0.117696
0.295273
0.147737
0.662
0.249288
0.127985
0.263189
0.164232
0.0561423
0.288658
0.662
0.416849
0.379608
0.310114
0.58329
0.0743637
0.019467
0.101697
0.266366
0.316219
0.220197
0.394179
0.1227
0.0932988
0.532301
0.0870703
0.207774
0.491542
0.0757895
0.250903
0.136795
0.632683
0.0521545
0.662
0.662
0.110124
0.19071
0.170897
0.662
0.491653
0.227444
0.501274
0.206042
0.234265
0.0170005
0.466416
0.383294
0.19248
0.525559
0.220122
0.172047
0.662
0.119251
0.388752
0.662
0.126907
0.225625
0.594959
0.0978001
0.123182
0.132057
0.107699
0.0975595
0.107159
0.153208
0.245882
0.0858515
0.234813
0.662
0.197865
0.213357
0.662
0.293949
0.0989261
0.102495
0.283053
0.253332
0.662
0.335962
0.318077
0.662
0.0425136
0.472069
0.246374
0.662
0.328253
0.662
0.459091
0.212542
0.261204
0.302663
0.464203
0.14532
0.230563
0.0295063
0.468564
0.0591399
0.330617
0.656672
0.662
0.23625
0.235182
0.37675
0.101524
0.296715
0.662
0.662
0.662
0.662
0.469095
0.24851
0.662
0.0594047
0.10395
0.662
0.348982
0.341418
0.336829
0.191042
0.575181
0.221659
0.285925
0.139174
0.244464
0.662
0.370597
0.659604
0.167929
0.0736268
0.198519
0.100003
0.662
0.27243
0.177584
0.146165
0.223126
0.118625
0.662
0.473464
0.31251
0.662
0.662
0.662
0.152835
0.434171
0.16519
0.201675
0.228633
0.510508
0.184929
0.129316
0.463946
0.662
0.567396
0.355439
0.477048
0.45003
0.0790112
0.0983017
0.285974
0.51421
0.188011
0.340811
0.301069
0.662
0.662
0.309632
0.662
0.135808
0.0943748
0.193348
0.180114
0.0603519
0.0289517
0.0967073
0.494116
0.102589
0.197831
0.151775
0.257898
0.662
0.319671
0.662
0.211715
0.0952354
0.217062
0.340868
0.575382
0.210333
0.662
0.349338
0.219074
0.308785
0.0116227
0.0780478
0.662
0.462793
0.662
0.530145
0.171123
0.483703
0.0699791
0.522571
0.662
0.393594
0.582901
0.662
0.2531
0.180949
0.662
0.271868
0.168851
0.662
0.591743
0.333519
0.350244
0.475025
0.281364
0.374278
0.130083
0.235237
0.27205
0.0626424
0.13899
0.087517
0.234919
0.133256
0.123304
0.0767162
0.0924635
0.297591
0.201226
0.223524
0.194547
0.148122
0.16976
0.374237
0.662
0.0228297
0.662
0.0311366
0.229575
0.662
0.441617
0.256248
0.117378
0.662
0.314355
0.127936
0.492381
0.662
0.189301
0.525994
0.230188
0.662
0.114515
0.662
0.243939
0.636256
0.270137
0.108238
0.153843
0.120424
0.513683
0.0286684
0.662
0.272803
0.0641542
0.198096
0.494565
0.241734
0.662
0.662
0.275529
0.533627
0.0255127
0.197912
0.162227
0.321397
0.057329
0.119677
0.430152
0.489348
0.662
0.134425
0.576656
0.0479798
0.423348
0.042681
0.3058
0.662
0.331748
0.126822
0.194831
0.232902
0.443557
0.330448
0.100116
0.448686
0.388956
0.32878
0.104497
0.0551114
0.433216
0.28831
0.127052
0.662
0.318666
0.137222
0.108567
0.436924
0.190394
0.207237
0.451165
0.207263
0.146388
0.469189
0.662
0.662
0.521258
0.202722
0.111503
0.209566
0.0507042
0.100133
0.214607
0.662
0.662
0.662
0.183334
0.294788
0.258188
0.193692
0.0919535
0.662
0.529471
0.106037
0.0845564
0.233826
0.143094
0.0927426
0.554956
0.279172
0.201916
0.181734
0.448967
0.214263
0.0580924
0.346342
0.432048
0.00918661
0.662
0.231612
0.148593
0.319305
0.190502
0.220285
0.662
0.117429
0.167521
0.116558
0.43782
0.662
0.000928627
0.246735
0.0638736
0.231948
0.222755
0.118247
0.15012
0.133583
0.0982353
0.308628
0.662
0.337159
0.0103251
0.240816
0.206416
0.345878
0.662
0.323851
0.662
0.198059
0.662
0.268544
0.300252
0.102162
0.662
0.114461
0.186406
0.581045
0.662
0.662
0.0609583
0.662
0.0883956
0.153294
0.16968
0.551724
0.662
0.099281
0.086545
0.3535
0.115526
0.204918
0.182593
0.0682386
0.662
0.617166
0.662
0.588862
0.222169
0.214503
0.363393
0.125243
0.331738
0.662
0.09341
0.502808
0.0701481
0.662
0.662
0.478697
0.143204
0.137666
0.167124
0.00575346
0.39508
0.347368
0.20145
0.2167
0.108521
0.662
0.230427
0.104307
0.0850802
0.662
0.259
0.606674
0.600021
0.465299
0.058496
0.155977
0.662
0.318118
0.232136
0.150143
0.662
0.209226
0.662
0.100687
0.112583
0.517934
0.0771487
0.304941
0.0515674
0.109291
0.662
0.299396
0.323083
0.406836
0.0621733
0.0465128
0.0274041
0.662
0.180738
0.640937
0.0232865
0.150576
0.662
0.170728
0.150308
0.662
0.662
0.247624
0.662
0.662
0.325681
0.107934
0.414549
0.063969
0.662
0.127703
0.107903
0.55125
0.273917
0.0355216
0.464543
0.200332
0.260093
0.187587
0.0564498
0.254611
0.530725
0.104034
0.424642
0.530338
0.0902994
0.214734
0.222764
0.519738
0.58492
0.119289
0.314307
0.0734901
0.20312
0.136613
0.662
0.662
0.662
0.662
0.140516
0.224178
0.249983
0.101171
0.662
0.329128
0.300978
0.105974
0.0327459
0.662
0.307372
0.115946
0.213092
0.338783
0.246445
0.27797
0.104341
0.385947
0.0628344
0.397681
0.508692
0.549915
0.201959
0.50691
0.195135
0.268522
0.581605
0.049643
0.110603
0.0935756
0.0127203
0.150096
0.335079
0.545788
0.4356
0.596172
0.00247507
0.0238841
0.0618214
0.0690167
0.662
0.337325
0.126618
0.142311
0.101173
0.13592
0.269676
0.236395
0.336992
0.045624
0.155474
0.409581
0.235708
0.00648281
0.109291
0.331491
0.52196
0.662
0.662
0.0894363
0.221851
0.489913
0.0342834
0.497428
0.19417
0.662
0.662
0.235725
0.662
0.455192
0.385584
0.662
0.199065
0.662
0.117498
0.132134
0.119895
0.277585
0.228195
0.219478
0.662
0.240044
0.124727
0.662
0.402073
0.270181
0.153233
0.521085
0.221158
0.148334
0.184566
0.0868929
0.375213
0.238837
0.662
0.662
0.302709
0.405096
0.531283
0.662
0.187888
0.613702
0.112247
0.662
0.363722
0.514873
0.369328
0.633081
0.192977
0.139208
0.136296
0.662
0.0629157
0.142059
0.0358088
0.096235
0.285234
0.507909
0.109765
0.195147
0.507896
0.23325
0.434087
0.44673
0.565811
0.392595
0.352426
0.227793
0.224843
0.662
0.346416
0.463668
0.362034
0.662
0.662
0.176823
0.27898
0.402647
0.278188
0.662
0.662
0.0244884
0.542767
0.662
0.360952
0.409528
0.662
0.263185
0.0987581
0.214034
0.323016
0.161626
0.158257
0.0749805
0.122224
0.261733
0.0531566
0.136113
0.0101164
0.265937
0.0554872
0.434947
0.0355353
0.662
0.308069
0.662
0.156443
0.298923
0.662
0.463132
0.26637
0.116586
0.662
0.0541671
0.197994
0.560357
0.250251
0.641793
0.475577
0.662
0.662
0.662
0.213679
0.35245
0.662
0.662
0.332607
0.105695
0.662
0.662
0.271472
0.229975
0.468185
0.0806335
0.293703
0.0831918
0.195818
0.57254
0.497226
0.662
0.170353
0.266456
0.568702
0.192116
0.0628275
0.218061
0.155072
0.662
0.281125
0.180178
0.662
0.662
0.395339
0.429575
0.662
0.473085
0.662
0.326538
0.20842
0.552589
0.356169
0.323907
0.662
0.224889
0.317538
0.530313
0.170452
0.449028
0.105645
0.312534
0.150915
0.547648
0.0780081
0.662
0.283606
0.662
0.351806
0.0529574
0.662
0.276832
0.307608
0.111481
0.510826
0.0059469
0.199514
0.0730652
0.662
0.185219
0.412239
0.662
0.15832
0.662
0.130933
0.0849786
0.662
0.10803
0.00159879
0.0107275
0.0653351
0.134676
0.0904382
0.662
0.201329
0.187441
0.117032
0.459315
0.434295
0.244809
0.662
0.662
0.662
0.182925
0.275401
