0.20209
0.16419
0.08153
0.662
0.402527
0.356477
0.126411
0.091629
0.0835771
0.214359
0.255532
0.0619323
0.50363
0.398775
0.180845
0.662
0.120387
0.414659
0.328963
0.633694
0.568843
0.0551725
0.416077
0.514369
0.641071
0.300194
0.205828
0.112668
0.0978714
0.0288994
0.662
0.662
0.0577636
0.493937
0.273694
0.485333
0.399652
0.293101
0.355027
0.418543
0.145377
0.148637
0.542834
0.16863
0.421384
0.37763
0.217246
0.662
0.662
0.186936
0.455881
0.11683
0.10869
0.181371
0.342142
0.519109
0.21702
0.190676
0.235085
0.101017
0.662
0.135642
0.440174
0.140821
0.0964839
0.0654842
0.36321
0.0795962
0.43431
0.662
0.315165
0.269595
0.444359
0.254605
0.662
0.110713
0.601828
0.151078
0.25444
0.662
0.662
0.114453
0.0721626
0.395195
0.326033
0.3743
0.156182
0.561688
0.204252
0.116291
0.647178
0.0992312
0.0328725
0.163072
0.662
0.00202311
0.406792
0.170761
0.587612
0.328983
0.0671247
0.251591
0.574804
0.662
0.662
0.495507
0.114131
0.329931
0.1215
0.352084
0.0918965
0.662
0.662
0.344945
0.307267
0.468805
0.590871
0.170299
0.119197
0.647209
0.345739
0.0144557
0.662
0.454195
0.662
0.0743559
0.113718
0.267639
0.192157
0.146795
0.309063
0.133216
0.283464
0.105852
0.124516
0.662
0.342172
0.132122
0.171557
0.386737
0.0963219
0.193395
0.0400329
0.602898
0.662
0.662
0.0534361
0.178869
0.122185
