0.612652
0.0467308
0.662
0.252459
0.196489
0.123956
0.37049
0.232631
0.215723
0.517816
0.0898217
0.232415
0.10106
0.28193
0.0843325
0.215121
0.230828
0.565619
0.156809
0.538131
0.662
0.0648809
0.20933
0.496097
0.120666
0.104258
0.183507
0.557632
0.101955
0.346088
0.086061
0.409982
0.131569
0.0372105
0.127893
0.241707
0.0698243
0.0981957
0.662
0.088771
0.652496
0.134382
0.662
0.399959
0.104378
0.134916
0.203154
0.220425
0.0948723
0.662
0.127519
0.375958
0.194201
0.329092
0.564193
0.340754
0.165818
0.290304
0.248065
0.477549
0.0882114
0.500728
0.0706831
0.178659
0.0832808
0.117942
0.051592
0.359309
0.355581
0.662
0.323712
0.527692
0.262814
0.532136
0.0738549
0.662
0.344005
0.102792
0.296641
0.192618
0.156329
0.0829194
0.0365086
0.662
0.0296431
0.662
0.451156
0.239096
0.606164
0.36826
0.00270238
0.111683
0.662
0.662
0.174746
0.264296
0.217371
0.109524
0.396093
0.199165
0.184202
0.377429
0.055147
0.203029
0.662
0.662
0.361791
0.204064
0.662
0.388861
0.00754329
0.662
0.263089
0.316758
0.0960169
0.101122
0.183161
0.087602
0.0713794
0.662
0.590702
0.50731
0.383862
0.155049
0.252419
0.423868
0.0751259
0.449788
0.219269
0.662
0.465477
0.080246
0.144473
0.181603
0.126935
0.375693
0.133755
0.662
0.662
0.028509
0.372449
0.107259
0.134369
0.662
0.356961
0.118599
0.112258
0.492401
0.107267
0.662
0.122001
0.0490271
0.0931447
0.175336
0.324051
0.115469
0.662
0.662
0.360506
0.212923
0.166355
0.0557818
0.549002
0.207554
0.473034
0.361827
0.662
0.302705
0.232297
0.0656847
0.0776974
0.280652
0.0633954
0.662
0.0218949
0.597345
0.532271
0.583043
0.0452248
0.662
0.214311
0.16948
0.662
0.331756
0.073275
0.511795
0.32745
0.0351366
0.300468
0.205048
0.118573
0.451331
0.0378548
0.10277
0.202006
0.0662967
0.0911643
0.249025
0.662
0.386124
0.0485293
0.0567419
0.0562321
0.0773797
0.662
0.082051
0.149721
0.0941978
0.662
0.101717
0.286908
0.127355
0.662
0.146171
0.232072
0.257988
0.253476
0.196673
0.047772
0.125366
0.174839
0.0488011
0.200223
0.42895
0.123797
0.620089
0.415045
0.662
0.222724
0.435685
0.323427
0.10906
0.325374
0.142104
0.0416202
0.14625
0.0780015
0.367394
0.144767
0.454366
0.214618
0.659627
0.41231
0.132056
0.215305
0.208286
0.0766805
0.116129
0.0888237
0.0827273
0.0627355
0.226493
0.420426
0.155272
0.11191
0.530682
0.0905208
0.0956172
0.662
0.245844
0.662
0.0903336
0.260047
0.0629489
0.423475
0.29172
0.293434
0.0844188
0.0457407
0.127649
0.125314
0.539285
0.309819
0.0627907
0.102818
0.203328
0.109107
0.0745465
0.0623336
0.094731
0.013748
0.149839
0.360528
0.203649
0.567729
0.137023
0.125823
0.0824761
0.121098
0.597212
0.662
0.0698753
0.115573
0.0985569
0.0912333
0.303982
0.216288
0.34787
0.594485
0.381139
0.248436
0.111202
0.13109
0.332194
0.662
0.431788
0.662
0.00147511
0.0892584
0.388374
0.134208
0.196598
0.309011
0.131656
0.406939
0.076028
0.132053
0.120776
0.233052
0.18968
0.662
0.222745
0.340791
0.362833
0.332612
0.297567
0.061193
0.301679
0.383976
0.189155
0.263445
0.310913
0.662
0.662
0.220824
0.237776
0.182788
0.198535
0.486417
0.0444393
0.13919
0.0914007
0.662
0.662
0.261266
0.662
0.453201
0.139589
0.323063
0.0488153
0.0549731
0.24567
0.245895
0.662
0.381552
0.193036
0.367142
0.137126
0.0364261
0.292145
0.214732
0.430883
0.194796
0.411293
0.197703
0.234256
0.414981
0.0839126
0.634133
0.662
0.320086
0.163614
0.447406
0.189274
0.129773
0.384686
0.508003
0.191642
0.424396
0.0354778
0.208556
0.106457
0.153131
0.495634
0.105369
0.184808
0.196764
0.191005
0.311587
0.117536
0.325728
0.265235
0.112672
0.35164
0.00512578
0.115586
0.662
0.163146
0.110696
0.213781
0.662
0.0335237
0.662
0.458167
0.415453
0.104677
0.662
0.100592
0.304094
0.268493
0.225826
0.389658
0.10972
0.184032
0.205913
0.292562
0.110188
0.235315
0.210748
0.131191
0.662
0.174929
0.337842
0.0393101
0.0800095
0.107363
0.662
0.0461114
0.120466
0.19025
0.361827
0.662
0.148045
0.344914
0.0996014
0.0803278
0.369881
0.361574
0.243698
0.183851
0.662
0.662
0.385128
0.598712
0.168933
0.0593296
0.407369
0.0595178
0.172455
0.366508
0.173636
0.50449
0.0725149
0.662
0.649872
0.0834482
0.0769919
0.662
0.254915
0.573526
0.352079
0.365615
0.662
0.662
0.181822
0.553104
0.18363
0.103602
0.204018
0.0264572
0.104786
0.301388
0.662
0.0227291
0.459592
0.116777
0.22459
0.245265
0.00600682
0.16996
0.305182
0.197155
0.327357
0.175791
0.233706
0.0456236
0.662
0.225374
0.468737
0.263022
0.207387
0.223693
0.215914
0.00300688
0.340894
0.2956
0.299519
0.195613
0.662
0.103992
0.0810888
0.225473
0.1575
0.662
0.138176
0.329031
0.508093
0.35687
0.0760949
0.140973
0.595715
0.662
0.0626113
0.206585
0.0897523
0.2628
0.067049
0.13072
0.311146
0.183134
0.121381
0.373657
0.662
0.0940216
0.216833
0.662
0.146869
0.11892
0.170875
0.064093
0.172469
0.168431
0.117655
0.323435
0.0984629
0.217891
0.662
0.237917
0.199104
0.662
0.309719
0.654166
0.0686294
0.363967
0.324625
0.170978
0.300573
0.662
0.109994
0.248146
0.0948113
0.180271
0.393516
0.493617
0.308033
0.140837
0.662
0.376885
0.0823542
0.662
0.224309
0.197132
0.0711719
0.137485
0.0796965
0.662
0.251625
0.0516531
0.493714
0.260266
0.320756
0.324101
0.0816297
0.114907
0.219334
0.216341
0.0754816
0.269296
0.277249
0.107618
0.166596
0.144981
0.13576
0.0962364
0.129756
0.204922
0.130979
0.0468603
0.40079
0.144399
0.662
0.326331
0.662
0.280661
0.0346652
0.227361
0.542803
0.350845
0.180081
0.0829359
0.24974
0.187164
0.0704582
0.242532
0.461037
0.0923387
0.417188
0.187593
0.0451716
0.119514
0.0439814
0.662
0.662
0.0220323
0.0872667
0.192519
0.662
0.492163
0.426579
0.151842
0.116472
0.16062
0.0882894
0.598633
0.662
0.117709
0.145458
0.191869
0.662
0.562475
0.0398092
0.469823
0.131486
0.2676
0.0955761
0.662
0.118945
0.110471
0.159797
0.550116
0.100103
0.318843
0.662
0.0835017
0.0687179
0.18865
0.0610257
0.506244
0.662
0.118416
0.118423
0.165303
0.662
0.662
0.550003
0.251117
0.207365
0.0802638
0.232005
0.329657
0.137271
0.662
0.131029
0.0508844
0.662
0.187477
0.176852
0.45545
0.531273
0.199814
0.0639332
0.139326
0.122539
0.125783
0.545192
0.0620412
0.662
0.275889
0.662
0.140257
0.478729
0.18584
0.180722
0.320334
0.359346
0.155916
0.0138418
0.662
0.223029
0.177746
0.231331
0.336085
0.088317
0.084992
0.298278
0.239625
0.306061
0.174277
0.377237
0.282377
0.411627
0.00563206
0.327718
0.0843083
0.662
0.0575924
0.121883
0.662
0.0741502
0.321951
0.0835325
0.121153
0.202536
0.106644
0.302203
0.0519182
0.203234
0.050601
0.135399
0.0257007
0.188168
0.614455
0.34768
0.156588
0.445378
0.399531
0.294583
0.296471
0.264964
0.638937
0.0651193
0.3202
0.0450324
0.0856968
0.222637
0.18654
0.307377
0.372415
0.450918
0.662
0.0056399
0.196906
0.370336
0.22588
0.118101
0.662
0.463016
0.100985
0.202132
0.605215
0.662
0.175962
0.476041
0.253644
0.5839
0.46536
0.51536
0.508572
0.0948496
0.102605
0.222971
0.231201
0.0731751
0.0805526
0.0557816
0.214545
0.207047
0.611533
0.292219
0.605912
0.44505
0.0894269
0.165893
0.362495
0.19545
0.476731
0.465147
0.404952
0.199203
0.102251
0.121631
0.0891632
0.0862635
0.525698
0.448826
0.181912
0.127143
0.0382356
0.662
0.163105
0.449144
0.250789
0.184421
0.244644
0.0949412
0.220461
0.191016
0.440324
0.527992
0.101786
0.205481
0.0814664
0.0751329
0.662
0.0224546
0.038831
0.136446
0.234832
0.170472
0.571832
0.476526
0.662
0.334906
0.0908007
0.0531504
0.433783
0.108188
0.662
0.494386
0.662
0.128958
0.18313
0.142635
0.640457
0.35568
0.21207
0.171756
0.169661
0.379499
0.17423
0.0937273
0.180526
0.662
0.615333
0.462452
0.206676
0.0729447
0.222141
0.293715
0.0263638
0.197688
0.0743312
0.151393
0.256533
0.14175
0.343166
0.387168
0.270512
0.065432
0.0843222
0.0532535
0.0158338
0.189523
0.0655003
0.662
0.0822062
0.168576
0.621345
0.215952
0.134548
0.230359
0.662
0.110516
0.069002
0.662
0.369581
0.0428682
0.0654458
0.662
0.662
0.346821
0.151633
0.662
0.380291
0.378441
0.319953
0.15081
0.459725
0.173845
0.103853
0.0637917
0.0457702
0.214582
0.662
0.0962482
0.0380744
0.206315
0.131747
0.142679
0.230669
0.662
0.101633
0.149789
0.320523
0.662
0.22556
0.502831
0.176304
0.202
0.11514
0.662
0.318342
0.137686
0.125466
0.662
0.585355
0.16128
0.217251
0.447294
0.325702
0.11747
0.662
0.662
0.0876537
0.371862
0.332865
0.163676
0.446875
0.0555238
0.662
0.116678
0.102508
0.19605
0.221047
0.662
0.0522125
0.152212
0.0139808
0.1008
0.174502
0.647962
0.576021
0.662
0.186554
0.0310932
0.151158
0.280019
0.464717
0.148147
0.28461
0.48384
0.296663
0.14187
0.525279
0.164986
0.343262
0.0568573
0.45722
0.662
0.662
0.662
0.0797496
0.458692
0.40803
0.0888793
0.0100931
0.158479
0.0846036
0.264421
0.18488
0.356412
0.336327
0.621719
0.225626
0.144826
0.662
0.0716741
0.641201
0.168252
0.555289
0.119403
0.168552
0.209887
0.155021
0.0499425
0.338838
0.200017
0.548243
0.232458
0.331146
0.0863994
0.36421
0.662
0.149781
0.662
0.15417
0.662
0.0691745
0.522048
0.0945254
0.110725
0.171795
0.579379
0.434204
0.662
0.107135
0.662
0.0435006
0.206803
0.362547
0.063042
0.662
0.301973
0.134293
0.295928
0.20907
0.420367
0.662
0.662
0.106736
0.0688756
0.662
0.246862
0.0638346
0.0317359
0.14576
0.662
0.504417
0.158874
0.082005
0.518342
0.132032
0.178237
0.249873
0.0740818
0.0586754
0.393415
0.226961
0.340678
0.662
0.219635
0.12782
0.141748
0.472612
0.0740977
0.526799
0.457484
0.130997
0.120621
0.0862
0.0757765
0.0756882
0.662
0.252713
0.208317
0.388224
0.662
0.075868
0.662
0.0412442
0.662
0.0127271
0.0932804
0.206005
0.380614
0.0197715
0.0392762
0.222527
0.284329
0.153487
0.507046
0.28029
0.149362
0.138214
0.662
0.153487
0.0714066
0.13587
0.133111
0.0692337
0.23006
0.662
0.11219
0.630009
0.131416
0.641753
0.454691
0.306545
0.119691
0.112505
0.19999
0.145938
0.421426
0.182332
0.0760832
0.219146
0.662
0.161651
0.14046
0.337794
0.156223
0.13111
0.594116
0.518701
0.0601962
0.419592
0.445084
0.338024
0.158439
0.116989
0.371997
0.0884562
0.171014
0.210377
0.394773
0.0465113
0.148898
0.368795
0.468268
0.630305
0.204156
0.0367362
0.289144
0.344667
0.384573
0.119058
0.0732474
0.209141
0.662
0.41222
0.662
0.294495
0.148776
0.207808
0.188823
0.0434139
0.306138
0.204087
0.271172
0.113989
0.432893
0.662
0.116674
0.0269146
0.459015
0.662
0.254012
0.31274
0.0274302
0.429135
0.307034
0.662
0.662
0.395102
0.273565
0.154117
0.0126773
0.41273
0.381722
0.513013
0.662
0.662
0.119949
0.453047
0.132857
0.662
0.130155
0.662
0.0908092
0.210247
0.514851
0.14725
0.128895
0.662
0.258563
0.241449
0.0139358
0.199126
0.214568
0.107823
0.381357
0.111382
0.0106899
0.262342
0.2168
0.0660876
0.291861
0.132498
0.629738
0.0844321
0.218604
0.267998
0.662
0.0803175
0.387915
0.083622
0.267527
0.0954168
0.226372
0.202022
0.429065
0.127309
0.0910079
0.662
0.157422
0.0733726
0.282858
0.377533
0.219727
0.263973
0.43153
0.0246399
0.0815682
0.285711
0.615367
0.662
0.662
0.163314
0.287393
0.193299
0.59301
0.182843
0.127573
0.131893
0.662
0.088214
0.221605
0.142774
0.662
0.280703
0.158594
0.151032
0.123598
0.0286194
0.229221
0.0907313
0.287024
0.0773509
0.051802
0.22662
0.380158
0.196202
0.114015
0.144444
0.235157
0.0225092
0.165751
0.165095
0.14831
0.0854719
0.662
0.292946
0.0704816
0.128194
0.662
0.0502638
0.569795
0.0288163
0.0941257
0.662
0.592135
0.220711
0.304855
0.585765
0.164031
0.0990701
0.193671
0.11123
0.0664749
0.662
0.121261
0.357593
0.662
0.662
0.440089
0.0860235
0.304143
0.168403
0.072621
0.662
0.484581
0.263832
0.591723
0.419921
0.113853
0.662
0.0850987
0.662
0.334398
0.513161
0.0911972
0.211977
0.185167
0.528448
0.622995
0.170347
0.185397
0.0687863
0.263008
0.0645382
0.194615
0.0815251
0.271627
0.150116
0.173712
0.295562
0.131472
0.139447
0.088159
0.0527448
0.0977903
0.0352631
0.424567
0.166965
0.487663
0.390692
0.232618
0.140104
0.124738
0.137492
0.0831518
0.28648
0.0901798
0.583878
0.00599873
0.549465
0.111135
0.0602279
0.0430246
0.446988
0.111853
0.600509
0.0552418
0.662
0.143977
0.385267
0.0820447
0.662
0.275287
0.0194617
0.245291
0.273173
0.186869
0.0326888
0.0820344
0.515942
0.238379
0.0816964
0.662
0.0633064
0.446413
0.268247
0.480992
0.567069
0.306804
0.662
0.174025
0.662
0.106148
0.132727
0.662
0.662
0.0445034
0.199494
0.0483564
0.117829
0.136159
0.26253
0.173337
0.662
0.19732
0.252839
0.10949
0.0763415
0.0893748
0.22147
0.133987
0.662
0.662
0.225235
0.0384653
0.644421
0.218459
0.363239
0.387513
0.0886724
0.315598
0.11932
0.14605
0.368138
0.0820088
0.0864481
0.388653
0.172263
0.407915
0.662
0.323701
0.662
0.402151
0.411824
0.224472
0.662
0.628273
0.191818
0.18826
0.439896
0.101931
0.0743117
0.0737129
0.256013
0.662
0.15406
0.445651
0.219122
0.00120048
0.468917
0.0624959
0.573368
0.662
0.662
0.0400246
0.662
0.24298
0.0325809
0.575367
0.0169909
0.0616288
0.331863
0.0917964
0.228433
0.308523
0.0723598
0.131004
0.203435
0.21286
0.365758
0.22163
0.662
0.662
0.350302
0.521184
0.271608
0.603525
0.12691
0.0835924
0.294651
0.662
0.0222758
0.103854
0.0550922
0.0616662
0.662
0.502724
0.247993
0.257469
0.447834
0.254307
0.392377
0.435204
0.662
0.301835
0.264052
0.156481
0.662
0.662
0.148068
0.575753
0.071399
0.325313
0.0317937
0.662
0.265883
0.206771
0.0783978
0.276607
0.169016
0.13646
0.150611
0.191416
0.239857
0.174597
0.159606
0.178926
0.662
0.283867
0.547172
0.160078
0.439236
0.406452
0.272012
0.662
0.238429
0.321961
0.132358
0.662
0.0309835
0.662
0.0859058
0.164936
0.112273
0.243239
0.547635
0.152935
0.134711
0.395871
0.193016
0.281036
0.121037
0.0678665
0.14804
0.422552
0.381695
0.312202
0.136282
0.662
0.500584
0.298938
0.50276
0.156013
0.0280351
0.0451925
0.387295
0.0923895
0.662
0.125051
0.662
0.0636596
0.294398
0.328305
0.363065
0.601707
0.04595
0.605659
0.0514302
0.194627
0.408838
0.341613
0.123292
0.0410356
0.300104
0.198064
0.361198
0.300306
0.502664
0.102358
0.103875
0.0606875
0.512692
0.662
0.325432
0.158784
0.203289
0.343623
0.085192
0.477405
0.211266
0.132844
0.0309287
0.610525
0.63317
0.662
0.332047
0.0882275
0.0830331
0.662
0.662
0.326958
0.609764
0.620199
0.178019
0.253851
0.657956
0.0911521
0.419291
0.0107723
0.385756
0.29798
0.657561
0.15988
0.0494251
0.465084
0.311456
0.031153
0.136714
0.123364
0.206894
0.120034
0.094498
0.146704
0.377535
0.422643
0.125497
0.652015
0.110211
0.633866
0.191228
0.241343
0.0552496
0.449139
0.566051
0.20584
0.0942106
0.194058
0.582797
0.470749
0.242466
0.140823
0.435981
0.662
0.662
0.174761
0.662
0.54858
0.177332
0.320415
0.347014
0.317105
0.185502
0.662
0.479274
0.143681
0.151407
0.0805061
0.254697
0.272415
0.0934386
0.560864
0.221921
0.597611
0.662
0.0572926
0.662
0.397456
0.01495
0.231888
0.549393
0.52355
0.159836
0.174534
0.459175
0.278264
0.662
0.315354
0.105637
0.0446808
0.24967
0.358483
0.112315
0.593243
0.449441
0.277038
0.0244793
0.432808
0.0419768
0.0889483
0.142392
0.225391
0.367987
0.134827
0.582746
0.362748
0.301237
0.0636617
0.0816362
0.0613121
0.13625
0.348517
0.17294
0.0936021
0.0263153
0.102567
0.103637
0.0565283
0.122315
0.0578897
0.0331974
0.141794
0.527093
0.291479
0.0328166
0.662
0.151206
0.0830008
0.517239
0.256651
0.199097
0.0767345
0.165903
0.659593
0.0641966
0.0243388
0.662
0.662
0.255892
0.112626
0.208822
0.0574456
0.494067
0.254309
0.083706
0.29396
0.0513057
0.356242
0.181208
0.212397
0.30984
0.106339
0.224966
0.0852758
0.124627
0.662
0.367388
0.390574
0.370137
0.662
0.275953
0.166614
0.106072
0.609864
0.29959
0.242707
0.0937492
0.434216
0.233896
0.147183
0.0698467
0.0315851
0.546143
0.0803493
0.662
0.404909
0.303214
0.275096
0.366956
0.231349
0.101886
0.132516
0.131353
0.112539
0.121185
0.130889
0.188715
0.148844
0.571364
0.245261
0.131784
0.102256
0.463687
0.431701
0.108108
0.661863
0.0358241
0.0435309
0.232472
0.662
0.0801955
0.0393863
0.0440009
0.163162
0.239422
0.236597
0.181338
0.0522658
0.129863
0.206798
0.662
0.0943468
0.467978
0.0362697
0.250283
0.159085
0.347936
0.10049
0.0596861
0.189024
0.546794
0.159598
0.0749444
0.214064
0.662
0.0413224
0.662
0.335802
0.0743022
0.662
0.0532655
0.422786
0.445633
0.032281
0.171405
0.0924378
0.307824
0.166289
0.0970881
0.30173
0.274872
0.662
0.274016
0.260064
0.114299
0.306261
0.0986456
0.255711
0.118837
0.120843
0.237098
0.536964
0.662
0.563534
0.26218
0.585019
0.346494
0.114994
0.214364
0.336431
0.58424
0.662
0.662
0.0956093
0.261618
0.253209
0.181106
0.436865
0.0901677
0.253928
0.153118
0.160814
0.0496651
0.0360729
0.451623
0.282996
0.231591
0.662
0.662
0.271806
0.258639
0.0747421
0.12911
0.0289995
0.114718
0.161921
0.32152
0.0210667
0.0777495
0.654169
0.622203
0.286523
0.326708
0.318231
0.0554898
0.662
0.113748
0.0401069
0.370323
0.62831
0.662
0.307005
0.353781
0.350281
0.0869686
0.013722
0.0794789
0.662
0.459799
0.0148414
0.148487
0.300281
0.156623
0.328518
0.0946574
0.195687
0.33164
0.0498861
0.1393
0.166982
0.148422
0.0477384
0.217994
0.433685
0.662
0.134413
0.264712
0.171856
0.18109
0.180703
0.113693
0.140261
0.14647
0.259375
0.662
0.662
0.068257
0.462699
0.32888
0.320249
0.375116
0.131606
0.169942
0.617371
0.225301
0.230337
0.148639
0.0197396
0.218723
0.614298
0.102668
0.287078
0.0533058
0.22072
0.118897
0.0692317
0.626231
0.454492
0.626693
0.300595
0.2456
0.555082
0.114498
0.646972
0.368136
0.662
0.0922842
0.662
0.384485
0.662
0.402993
0.282814
0.662
0.242882
0.527118
0.246302
0.319823
0.59611
0.662
0.437177
0.0322928
0.571687
0.0915949
0.0638022
0.447963
0.257696
0.255
0.26388
0.419816
0.662
0.0877076
0.478223
0.100652
0.0725735
0.0353282
0.108875
0.232071
0.132776
0.0548819
0.662
0.662
0.248419
0.478081
0.166438
0.167252
0.343948
0.23079
0.106292
0.662
0.087382
0.112188
0.519195
0.162856
0.168163
0.22642
0.225294
0.328835
0.41571
0.0989826
0.103031
0.322128
0.191785
0.128745
0.455354
0.654884
0.662
0.191801
0.20502
0.168775
0.323082
0.489639
0.662
0.302865
0.27017
0.0631886
0.662
0.158831
0.265494
0.269818
0.219811
0.0754568
0.247683
0.392741
0.143895
0.157703
0.0615433
0.42277
0.182695
0.0912119
0.250312
0.0969658
0.123139
0.312096
0.281627
0.104974
0.126525
0.248619
0.158768
0.185037
0.0792598
0.241837
0.49104
0.0537679
0.19198
0.662
0.0722992
0.238965
0.632222
0.278349
0.262122
0.330726
0.160089
0.662
0.135527
0.143887
0.26164
0.256639
0.662
0.0554366
0.0532025
0.452215
0.0522501
0.0477074
0.154709
0.317093
0.137859
0.484863
0.0718109
0.20341
0.341847
0.153931
0.483484
0.300812
0.238435
0.662
0.0991558
0.172751
0.636071
0.348551
0.538539
0.108119
0.173586
0.662
0.32517
0.106931
0.080824
0.0934283
0.157907
0.190978
0.304954
0.256356
0.195641
0.352947
0.41909
0.161165
0.662
0.101016
0.579598
0.485997
0.662
0.102883
0.147792
0.502887
0.33623
0.117487
0.0373052
0.468125
0.437327
0.662
0.178862
0.662
0.51614
0.177793
0.43815
0.348817
0.662
0.32576
0.085756
0.108414
0.0590705
0.133482
0.267625
0.0129617
0.216345
0.0957992
0.130194
0.164273
0.239612
0.195498
0.254534
0.340894
0.291828
0.238674
0.162688
0.240124
0.170712
0.102604
0.293813
0.280685
0.269786
0.437833
0.102164
0.662
0.191353
0.170392
0.00153141
0.0202237
0.444298
0.222336
0.0206217
0.296368
0.520331
0.205499
0.0732603
0.0422803
0.290842
0.203242
0.20395
0.278787
0.0467169
0.12099
0.302239
0.48239
0.23811
0.0639867
0.0814367
0.361048
0.260559
0.123876
0.448403
0.106134
0.295972
0.0673524
0.483732
0.345642
0.196716
0.269865
0.366858
0.561406
0.103788
0.582346
0.0870806
0.097951
0.662
0.27656
0.045168
0.114401
0.128511
0.503395
0.508751
0.29577
0.0547818
0.0378668
0.0867238
0.0922889
0.662
0.506787
0.203681
0.415937
0.266689
0.448738
0.388905
0.355808
0.532403
0.662
0.156508
0.172799
0.516075
0.11547
0.316186
0.364739
0.216428
0.267461
0.220623
0.136166
0.364262
0.468535
0.358252
0.195798
0.426076
0.297997
0.123376
0.503686
0.227651
0.662
0.0638175
0.172758
0.129264
0.662
0.662
0.588426
0.520751
0.390291
0.582474
0.662
0.425182
0.12587
0.181528
0.662
0.232814
0.146984
0.0753578
0.400341
0.662
0.115111
0.433716
0.0991871
0.662
0.110988
0.28722
0.260792
0.248472
0.0664603
0.123669
0.151163
0.0566976
0.295155
0.294914
0.250131
0.399285
0.662
0.42819
0.315645
0.11582
0.161776
0.0761339
0.521353
0.396262
0.247044
0.662
0.145868
0.198862
0.224077
0.142388
0.0928479
0.354518
0.21242
0.0528903
0.23615
0.662
0.662
0.246589
0.329651
0.0804278
0.103472
0.261343
0.662
0.0981345
0.297563
0.077755
0.0807447
0.564521
0.658001
0.216497
0.19078
0.208275
0.295041
0.587543
0.543591
0.213051
0.200407
0.257093
0.0851791
0.0780934
0.600449
0.528235
0.329815
0.108201
0.283338
0.0906968
0.0606957
0.186854
0.085595
0.371743
0.662
0.235221
0.233404
0.433213
0.160659
0.0559405
0.132762
0.0880853
0.147115
0.0354377
0.655053
0.662
0.174926
0.223932
0.180161
0.088057
0.203404
0.356578
0.0860085
0.256562
0.146465
0.094363
0.662
0.169554
0.581075
0.259406
0.273948
0.0524492
0.0836811
0.0647735
0.662
0.138764
0.241714
0.0472843
0.0990968
0.662
0.00393894
0.0944837
0.601436
0.0847222
0.0766054
0.0686961
0.144993
0.446002
0.662
0.154208
0.197786
0.160176
0.0614912
0.276669
0.0990187
0.662
0.0673787
0.662
0.440047
0.0922985
0.662
0.132932
0.166481
0.381282
0.545284
0.662
0.662
0.527
0.37603
0.37669
0.145526
0.392079
0.0902862
0.0867208
0.235107
0.524515
0.539556
0.662
0.588383
0.662
0.0581626
0.136136
0.196734
0.216613
0.439424
0.0514802
0.333547
0.0506021
0.0706718
0.205706
0.662
0.319747
0.0448349
0.105451
0.322962
0.0741197
0.040099
0.662
0.662
0.495362
0.0952528
0.0599859
0.305508
0.649644
0.662
0.662
0.108696
0.0349143
0.254193
0.0842116
0.373026
0.122462
0.28698
0.0853444
0.127222
0.0902276
0.152838
0.0875627
0.0851722
0.218618
0.246398
0.662
0.124625
0.20493
0.0517091
0.662
0.337767
0.136109
0.316608
0.106053
0.311737
0.569528
0.139529
0.196485
0.382609
0.0528198
0.279856
0.463655
0.381865
0.605166
0.115163
0.153309
0.20347
0.121839
0.0678269
0.0129452
0.162319
0.107034
0.085188
0.0289932
0.24228
0.0655547
0.662
0.662
0.446992
0.582265
0.147098
0.272461
0.221822
0.169135
0.125716
0.387925
0.153176
0.437242
0.304618
0.662
0.362885
0.317626
0.0902033
0.189342
0.142723
0.251927
0.196105
0.232349
0.188298
0.176319
0.189573
0.247838
0.0840895
0.206399
0.111599
0.279676
0.477031
0.211398
0.111975
0.0298378
0.0461856
0.420095
0.0705924
0.149984
0.552984
0.662
0.662
0.374808
0.354155
0.11444
0.119648
0.0388392
0.359188
0.0644183
0.170293
0.109261
0.04896
0.628166
0.662
0.115185
0.025344
0.662
0.0956097
0.464126
0.628156
0.394074
0.083504
0.18337
0.566813
0.374171
0.130963
0.254061
0.578324
0.10554
0.117517
0.465993
0.379956
0.11438
0.0489585
0.0864104
0.331537
0.0634928
0.221655
0.0957464
0.234474
0.525861
0.662
0.00882328
0.154831
0.18349
0.460812
0.662
0.250447
0.164894
0.574395
0.133185
0.473284
0.263877
0.330985
0.311012
0.211518
0.0648543
0.599943
0.0927961
0.025939
0.0714499
0.263058
0.117221
0.202273
0.0468705
0.302509
0.476508
0.252996
0.224355
0.652488
0.0617881
0.125457
0.0875481
0.0122693
0.662
0.124485
0.112806
0.0243563
0.360737
0.191622
0.10517
0.370266
0.287114
0.662
0.0570621
0.559562
0.662
0.188767
0.039138
0.251904
0.138979
0.437279
0.640801
0.662
0.433143
0.662
0.146797
0.206264
0.395302
0.16637
0.662
0.235873
0.115823
0.662
0.662
0.148549
0.224123
0.321877
0.598121
0.0406551
0.662
0.122613
0.253792
0.344041
0.368258
0.621094
0.662
0.133642
0.046783
0.164971
0.164177
0.226784
0.306615
0.153005
0.216135
0.662
0.662
0.341075
0.23245
0.468694
0.256929
0.314395
0.662
0.586874
0.662
0.222517
0.449646
0.199897
0.0577804
0.493241
0.662
0.157898
0.093501
0.181557
0.0420116
0.107941
0.268551
0.0630244
0.214433
0.206032
0.291827
0.155529
0.45843
0.487363
0.013495
0.662
0.0899849
0.0900477
0.102534
0.3149
0.360678
0.280922
0.257991
0.0894698
0.115522
0.223749
0.165743
0.095598
0.351874
0.662
0.581321
0.113493
0.33429
0.100494
0.262856
0.182918
0.657775
0.662
0.210707
0.421868
0.165274
0.422396
0.513556
0.151233
0.662
0.0765213
0.662
0.0898103
0.106219
0.101344
0.30598
0.0928034
0.113267
0.437599
0.662
0.0650929
0.662
0.0898772
0.241664
0.382917
0.184896
0.5333
0.179705
0.106621
0.0336754
0.149349
0.0686811
0.662
0.297388
0.600346
0.0451425
0.197521
0.610407
0.122558
0.32497
0.215147
0.198601
0.4396
0.153826
0.274659
0.662
0.194066
0.348254
0.345899
0.162285
0.304382
0.174927
0.348328
0.511256
0.0888507
0.277739
0.662
0.16862
0.346754
0.662
0.662
0.137419
0.218421
0.122669
0.611779
0.163093
0.225072
0.27667
0.0792318
0.0408247
0.0891916
0.136113
0.16842
0.0398571
0.0378628
0.209495
0.395577
0.313084
0.335399
0.360468
0.125325
0.0605704
0.662
0.321668
0.091783
0.65011
0.0899529
0.0499558
0.160489
0.270746
0.235444
0.152531
0.100821
0.662
0.0897251
0.318387
0.313916
0.0637698
0.662
0.130245
0.132362
0.410654
0.0443077
0.192875
0.302035
0.446745
0.394338
0.15012
0.180789
0.662
0.1849
0.044361
0.222276
0.0250686
0.463904
0.0843469
0.132192
0.220193
0.233243
0.599593
0.130402
0.19609
0.256207
0.0614694
0.30468
0.0930619
0.662
0.449057
0.0736478
0.350262
0.301248
0.138364
0.0821282
0.230059
0.234409
0.325661
0.659073
0.288165
0.388667
0.0809747
0.375728
0.662
0.107589
0.268214
0.55771
0.662
0.193564
0.132888
0.120659
0.662
0.127149
0.662
0.282183
0.192859
0.662
0.585559
0.299702
0.231315
0.424587
0.268798
0.423282
0.359503
0.316774
0.377908
0.0799497
0.186926
0.662
0.314279
0.112498
0.117851
0.355885
0.662
0.481024
0.479993
0.0979153
0.414942
0.0609101
0.416628
0.330798
0.0695214
0.565853
0.255346
0.221559
0.186593
0.176273
0.107627
0.0253533
0.0675802
0.46218
0.474123
0.480101
0.103445
0.116955
0.200878
0.382541
0.209334
0.662
0.585508
0.0145384
0.308912
0.16251
0.157465
0.242573
0.137172
0.0679177
0.0172459
0.0949151
0.506634
0.662
0.101887
0.25596
0.168179
0.269083
0.249421
0.159481
0.0447229
0.503162
0.109216
0.350232
0.662
0.659746
0.11344
0.428308
0.0840437
0.107207
0.0617815
0.385385
0.0816459
0.019183
0.319573
0.559641
0.564534
0.2708
0.108917
0.118794
0.394476
0.267002
0.441424
0.291986
0.347504
0.0215449
0.644985
0.0639892
0.258522
0.338685
0.115442
0.117896
0.0422283
0.235543
0.194642
0.18208
0.442718
0.0951264
0.327515
0.256892
0.388624
0.662
0.258847
0.0744319
0.175354
0.50948
0.349506
0.374329
0.019588
0.518079
0.138953
0.56823
0.162718
0.127606
0.320039
0.065472
0.280391
0.075698
0.101305
0.434544
0.0764872
0.0819906
0.10861
0.662
0.662
0.37619
0.330886
0.388127
0.506031
0.662
0.113883
0.662
0.164141
0.241023
0.291509
0.29194
0.387332
0.20998
0.131859
0.219442
0.412152
0.362206
0.0996072
0.0926492
0.0657609
0.523359
0.176205
0.610405
0.662
0.0763403
0.235336
0.072827
0.637999
0.248936
0.615239
0.350524
0.161671
0.275124
0.662
0.662
0.204103
0.364092
0.427033
0.105968
0.44837
0.144415
0.280518
0.0658182
0.0398959
0.0803481
0.170453
0.212182
0.129922
0.197012
0.499888
0.662
0.231349
0.0721732
0.662
0.625947
0.0936395
0.0760206
0.163333
0.170853
0.0966748
0.0916184
0.0831149
0.245504
0.500643
0.260778
0.272375
0.662
0.610398
0.298492
0.367748
0.133142
0.395681
0.274679
0.369456
0.29248
0.368847
0.662
0.0876802
0.116526
0.598671
0.151629
0.392537
0.137469
0.662
0.0546952
0.166084
0.319401
0.355519
0.183218
0.196569
0.160997
0.319792
0.0916834
0.662
0.297196
0.0973305
0.149627
0.662
0.189221
0.133971
0.435563
0.211688
0.0778269
0.0449473
0.386803
0.39484
0.190715
0.138958
0.128029
0.0839424
0.184126
0.662
0.180276
0.317619
0.101418
0.0074796
0.250071
0.131103
0.177028
0.0811338
0.28934
0.186069
0.0876761
0.251374
0.0886094
0.0926447
0.0587448
0.0529382
0.387022
0.662
0.506452
0.223757
0.105998
0.662
0.161759
0.0248209
0.186918
0.245885
0.467199
0.104854
0.0706017
0.528765
0.662
0.390666
0.267315
0.157516
0.570983
0.180866
0.550522
0.357452
0.563147
0.147428
0.503678
0.571823
0.27027
0.20711
0.321602
0.288267
0.276631
0.662
0.130905
0.0653923
0.312261
0.247746
0.46834
0.0963895
0.662
0.662
0.457455
0.383487
0.137956
0.203345
0.155607
0.140263
0.376932
0.0704527
0.0519289
0.0125368
0.113225
0.344167
0.662
0.237638
0.161949
0.662
0.529461
0.246231
0.110719
0.0779897
0.660172
0.123268
0.203816
0.297448
0.240936
0.37562
0.122233
0.344304
0.297243
0.0782849
0.0868384
0.145399
0.449807
0.105299
0.209405
0.0916103
0.51947
0.11219
0.0876432
0.251077
0.19537
0.407627
0.14444
0.53302
0.568353
0.597558
0.0709842
0.581706
0.235999
0.0718223
0.54598
0.208541
0.160431
0.662
0.180337
0.0671174
0.37024
0.24473
0.0408349
0.492817
0.122052
0.0906944
0.335257
0.660039
0.291127
0.152651
0.662
0.43646
0.226654
0.0923119
0.114233
0.662
0.065641
0.132446
0.0628117
0.0240483
0.0151498
0.261717
0.510822
0.100156
0.194382
0.087261
0.662
0.258285
0.169554
0.195025
0.318051
0.430038
0.284232
0.105983
0.171123
0.206956
0.065196
0.528903
0.0864865
0.0192676
0.434923
0.644244
0.0578308
0.464806
0.11627
0.138869
0.228657
0.0193595
0.313515
0.0631294
0.140145
0.0672548
0.274784
0.22592
0.662
0.0637476
0.0357394
0.0386256
0.17039
0.0574737
0.17645
0.0605286
0.0507949
0.0465928
0.581892
0.200087
0.0765011
0.299138
0.136861
0.0135888
0.366845
0.0152871
0.542859
0.407286
0.363588
0.0589059
0.108319
0.553068
0.130236
0.0297226
0.186502
0.264353
0.0986198
0.662
0.27424
0.17944
0.586374
0.0976572
0.152085
0.188512
0.271294
0.349034
0.154266
0.0523133
0.282789
0.580186
0.353575
0.023263
0.404039
0.0772536
0.455335
0.662
0.109888
0.303214
0.305831
0.203473
0.488987
0.365563
0.355632
0.0639776
0.0969567
0.180972
0.662
0.010106
0.662
0.214883
0.0509347
0.662
0.645354
0.347081
0.587742
0.455853
0.100402
0.0531915
0.234643
0.223487
0.374758
0.267884
0.632065
0.2857
0.271165
0.370742
0.454037
0.0977755
0.290066
0.28814
0.00728929
0.133245
0.192107
0.662
0.0373576
0.210798
0.317392
0.662
0.20645
0.662
0.662
0.0715611
0.191691
0.174024
0.30642
0.634523
0.384103
0.171577
0.290229
0.170533
0.264177
0.252117
0.234921
0.662
0.450155
0.275744
0.150944
0.261762
0.140103
0.135467
0.101693
0.0731058
0.662
0.0732103
0.191609
0.336198
0.375539
0.176656
0.662
0.544252
0.177978
0.616716
0.662
0.0655765
0.461549
0.263766
0.0994388
0.0537353
0.178552
0.0586844
0.17321
0.503744
0.062671
0.0298073
0.080171
0.108867
0.122349
0.662
0.313403
0.299758
0.303187
0.0804206
0.160952
0.0373133
0.105136
0.166896
0.0830154
0.662
0.662
0.0912674
0.130856
0.159144
0.144152
0.0229974
0.387762
0.171432
0.122923
0.375081
0.298368
0.0573108
0.662
0.0632002
0.0813067
0.662
0.115665
0.435751
0.662
0.662
0.238936
0.0374974
0.0756633
0.205748
0.114725
0.662
0.0778539
0.393189
0.640414
0.0207387
0.171988
0.196407
0.571265
0.326446
0.355782
0.662
0.183336
0.319352
0.221948
0.4206
0.662
0.505984
0.123099
0.109141
0.662
0.473862
0.0875041
0.0592928
0.427672
0.184951
0.0861862
0.0846195
0.195924
0.119059
0.662
0.662
0.403416
0.304517
0.241233
0.207226
0.381598
0.120144
0.10556
0.393382
0.11466
0.0428905
0.0684761
0.129876
0.449853
0.662
0.659903
0.308023
0.00718378
0.358983
0.42655
0.0409971
0.166906
0.185651
0.116398
0.264817
0.153157
0.195788
0.219621
0.483335
0.246873
0.067652
0.489142
0.236589
0.0564794
0.0845489
0.152072
0.662
0.0413711
0.38158
0.0464764
0.184141
0.156966
0.0682382
0.0797666
0.284431
0.132988
0.319162
0.48047
0.0493156
0.346225
0.109907
0.135791
0.251429
0.192308
0.154834
0.274143
0.134572
0.449785
0.33725
0.662
0.238547
0.236166
0.178128
0.361321
0.438531
0.604076
0.348446
0.37048
0.213366
0.508383
0.062116
0.111052
0.26116
0.080166
0.285219
0.449624
0.0848802
0.151212
0.140171
0.205257
0.015259
0.136345
0.251049
0.0939709
0.662
0.216475
0.154306
0.271532
0.0397362
0.0590467
0.208629
0.354265
0.140528
0.662
0.270979
0.14647
0.106435
0.127946
0.404252
0.192561
0.0794693
0.475907
0.33043
0.387745
0.20493
0.139955
0.230453
0.37379
0.129854
0.0736314
0.662
0.196916
0.182559
0.0523999
0.251713
0.2315
0.117894
0.662
0.0738761
0.0747127
0.0463386
0.318659
0.0514809
0.127431
0.150728
0.111393
0.15421
0.0604547
0.0434295
0.271705
0.212967
0.662
0.646416
0.210603
0.177649
0.184905
0.0888688
0.0788921
0.056244
0.254111
0.0807771
0.266836
0.13594
0.662
0.211243
0.554968
0.0863494
0.662
0.532822
0.662
0.662
0.231869
0.506166
0.16782
0.00474447
0.221454
0.56947
0.0555515
0.0459936
0.080867
0.516509
0.0381229
0.150202
0.231247
0.511513
0.239285
0.240807
0.662
0.312413
0.662
0.118126
0.145497
0.407126
0.0317669
0.123595
0.154081
0.451883
0.186538
0.43374
0.187982
0.662
0.577829
0.395262
0.186703
0.0871699
0.138134
0.422901
0.21307
0.420228
0.0828938
0.0891878
0.137468
0.0800041
0.479978
0.662
0.201933
0.662
0.527267
0.273584
0.166704
0.226986
0.28309
0.128381
0.0833387
0.384369
0.580054
0.223999
0.141243
0.330647
0.1338
0.209118
0.162187
0.0877979
0.192808
0.137852
0.134153
0.0486578
0.354188
0.078613
0.0542606
0.0778711
0.120596
0.0994411
0.257478
0.178246
0.329198
0.262336
0.518962
0.183711
0.104001
0.395755
0.454979
0.0571683
0.171283
0.153853
0.168163
0.136731
0.179428
0.470395
0.46902
0.138653
0.363504
0.114809
0.473856
0.662
0.0613567
0.0969821
0.282373
0.0337069
0.330481
0.403623
0.662
0.110039
0.0745217
0.0106025
0.0573644
0.34882
0.285954
0.0885535
0.0586892
0.2433
0.256098
0.23604
0.117395
0.0604835
0.200115
0.0639368
0.0145935
0.21328
0.309892
0.0887841
0.162332
0.25973
0.514778
0.109584
0.083012
0.058354
0.00958713
0.148395
0.503636
0.183752
0.0921262
0.0943988
0.662
0.556361
0.339369
0.197252
0.662
0.0718504
0.351824
0.197627
0.143076
0.302199
0.486053
0.662
0.131617
0.212009
0.0610484
0.104585
0.247552
0.212655
0.607597
0.662
0.503579
0.327316
0.30435
0.49764
0.662
0.305874
0.662
0.364515
0.0737916
0.14847
0.09595
0.376572
0.179066
0.255244
0.662
0.571212
0.133805
0.111076
0.224197
0.0963699
0.137675
0.179948
0.40698
0.142709
0.13819
0.257244
0.0133501
0.119418
0.482218
0.327592
0.251138
0.375457
0.110195
0.662
0.604894
0.246305
0.424784
0.0789886
0.135836
0.119778
0.310671
0.511269
0.547763
0.355282
0.200862
0.256889
0.366235
0.386559
0.0576992
0.333166
0.0427943
0.0954212
0.201137
0.328328
0.662
0.0289559
0.0613588
0.364792
0.662
0.140374
0.465751
0.335161
0.128984
0.662
0.232964
0.282992
0.230401
0.117079
0.0951528
0.473582
0.410172
0.662
0.0780932
0.662
0.662
0.662
0.079637
0.498408
0.662
0.119223
0.307454
0.125356
0.400875
0.138147
0.194694
0.333018
0.662
0.288421
0.0649627
0.44375
0.207009
0.0232895
0.381149
0.087235
0.188498
0.18719
0.0909283
0.115921
0.0950158
0.391163
0.537353
0.144557
0.114353
0.117369
0.116044
0.538962
0.10968
0.662
0.0549678
0.0760605
0.27601
0.179233
0.410982
0.206855
0.36124
0.0843183
0.21007
0.0431175
0.0985551
0.258364
0.22185
0.327058
0.25926
0.0752247
0.0676621
0.201637
0.0711547
0.662
0.267621
0.055959
0.348138
0.336305
0.00567238
0.161401
0.0680674
0.225486
0.392597
0.28805
0.363077
0.189899
0.260812
0.160711
0.0714618
0.218377
0.254641
0.171952
0.388002
0.662
0.50738
0.360963
0.662
0.0560145
0.576782
0.489864
0.152237
0.0901055
0.303135
0.491643
0.0794944
0.10836
0.0686193
0.164125
0.353545
0.0326145
0.0896494
0.662
0.190828
0.44424
0.32177
0.1851
0.0785757
0.169741
0.215516
0.293453
0.16526
0.662
0.662
0.115528
0.099953
0.527363
0.299027
0.662
0.251592
0.151766
0.662
0.377498
0.038735
0.364321
0.393818
0.446752
0.362644
0.0684325
0.392134
0.371394
0.212866
0.313667
0.266792
0.0612176
0.18452
0.236856
0.662
0.293648
0.0634995
0.259095
0.192251
0.662
0.0967313
0.378345
0.0435633
0.201883
0.662
0.200065
0.546973
0.0989289
0.222727
0.0694476
0.356957
0.0664643
0.662
0.200713
0.152887
0.0633357
0.662
0.116424
0.21021
0.134701
0.201619
0.153428
0.140642
0.372762
0.00465827
0.0868045
0.13482
0.166789
0.217329
0.0846375
0.216221
0.108449
0.145588
0.237455
0.107639
0.0745927
0.344544
0.180243
0.127005
0.0204213
0.214435
0.662
0.497086
0.662
0.649663
0.370025
0.0935228
0.391644
0.295109
0.158932
0.376892
0.099285
0.327971
0.155624
0.154504
0.0576464
0.228636
0.657297
0.587877
0.109088
0.124883
0.32931
0.210163
0.330208
0.436939
0.268839
0.123983
0.272735
0.631305
0.425573
0.183269
0.0552383
0.118675
0.328242
0.662
0.138359
0.662
0.621452
0.620136
0.16753
0.199941
0.509532
0.300549
0.662
0.232092
0.662
0.662
0.219764
0.459575
0.191458
0.0499018
0.10602
0.327157
0.488991
0.19183
0.662
0.662
0.375745
0.243624
0.0810291
0.116685
0.376123
0.0482828
0.424417
0.601033
0.181449
0.0647738
0.230462
0.662
0.200381
0.478574
0.582563
0.076121
0.0117912
0.50419
0.231402
0.226422
0.658455
0.136977
0.141251
0.115585
0.120105
0.378417
0.44648
0.37731
0.270821
0.104256
0.303141
0.379795
0.0677983
0.657546
0.0420072
0.305451
0.0651644
0.0580764
0.064148
0.0528888
0.321761
0.662
0.185431
0.29602
0.365981
0.385736
0.2992
0.662
0.0879773
0.328535
0.262068
0.199186
0.381767
0.022643
0.0499898
0.0397285
0.323952
0.0427697
0.0936362
0.662
0.63141
0.40761
0.132444
0.136535
0.150213
0.282753
0.662
0.662
0.233427
0.0805673
0.137345
0.308878
0.174922
0.0724182
0.499604
0.053596
0.662
0.449205
0.342161
0.0568856
0.215102
0.126122
0.662
0.0147801
0.662
0.662
0.511327
0.213907
0.375196
0.0874104
0.662
0.0312887
0.565661
0.123722
0.303297
0.0757258
0.31678
0.114791
0.0630991
0.311228
0.371454
0.662
0.448448
0.632451
0.0476028
0.029588
0.0586393
0.227266
0.153113
0.175243
0.362403
0.0515633
0.662
0.125694
0.0229359
0.282858
0.246587
0.662
0.35
0.408271
0.183406
0.184416
0.253956
0.148936
0.662
0.0383024
0.0382458
0.272526
0.362289
0.102286
0.361244
0.585394
0.661343
0.0761351
0.662
0.662
0.283791
0.0555145
0.152911
0.270382
0.269935
0.193527
0.0670098
0.557524
0.226939
0.0893122
0.139947
0.430789
0.63339
0.130219
0.0527117
0.358763
0.114437
0.0578603
0.662
0.409834
0.338353
0.631188
0.139834
0.364867
0.163471
0.415047
0.292228
0.576849
0.662
0.40529
0.662
0.25737
0.662
0.531931
0.116895
0.259085
0.376567
0.257094
0.0955233
0.102037
0.511695
0.0761973
0.445592
0.418384
0.100204
0.190851
0.197809
0.251939
0.117069
0.662
0.252464
0.0411703
0.14389
0.0824744
0.189617
0.24837
0.312869
0.087994
0.066693
0.340587
0.166527
0.574985
0.0993215
0.662
0.128197
0.0167751
0.00830278
0.611544
0.247325
0.524142
0.449962
0.200424
0.583434
0.130703
0.132114
0.471326
0.112515
0.0906874
0.334969
0.233383
0.206132
0.234279
0.0579205
0.218147
0.179536
0.225845
0.271215
0.393011
0.514606
0.0548787
0.0130169
0.500497
0.150765
0.179713
0.0662693
0.107749
0.09646
0.154183
0.123535
0.100008
0.481073
0.0765736
0.190073
0.466603
0.381563
0.0507237
0.128867
0.127194
0.0715295
0.542504
0.104562
0.662
0.64698
0.353445
0.537534
0.662
0.0863842
0.294146
0.0409816
0.0846139
0.308898
0.604221
0.152316
0.228151
0.103941
0.191158
0.231996
0.255776
0.148125
0.105206
0.352202
0.0725332
0.186804
0.572526
0.0821025
0.662
0.0651496
0.0870027
0.358959
0.629351
0.483292
0.0736427
0.0972101
0.202767
0.217469
0.27615
0.612221
0.662
0.144452
0.340138
0.155437
0.347629
0.0846832
0.200906
0.0940625
0.662
0.227585
0.314997
0.0543256
0.427184
0.44503
0.27694
0.0971611
0.434755
0.122364
0.498424
0.522149
0.562152
0.662
0.114415
0.578845
0.0443618
0.157851
0.0729428
0.237863
0.15063
0.118894
0.280378
0.0055424
0.0805873
0.14038
0.605835
0.402855
0.0213162
0.429235
0.662
0.537215
0.197994
0.371427
0.378268
0.00282198
0.662
0.263647
0.662
0.624546
0.27673
0.171571
0.662
0.151256
0.159722
0.339222
0.662
0.0370246
0.0782636
0.156136
0.662
0.165117
0.0772602
0.662
0.167403
0.606863
0.660006
0.115801
0.549459
0.145032
0.0545532
0.0980523
0.645484
0.495686
0.351797
0.338434
0.277745
0.383671
0.1147
0.662
0.264631
0.250139
0.662
0.56311
0.160278
0.22801
0.0490355
0.171966
0.174919
0.662
0.295751
0.215114
0.288688
0.0537824
0.0876958
0.183368
0.362346
0.353856
0.404062
0.305759
0.00982486
0.370696
0.542879
0.387391
0.34997
0.662
0.339617
0.541168
0.0312873
0.156679
0.662
0.151277
0.440934
0.1354
0.0683297
0.451269
0.075494
0.440492
0.223487
0.0819156
0.102801
0.337329
0.0631939
0.134137
0.210753
0.514257
0.648416
0.0793232
0.0432084
0.153878
0.608909
0.601662
0.0375558
0.35054
0.458872
0.316546
0.1672
0.188705
0.450863
0.385777
0.435511
0.444875
0.662
0.288521
0.0473719
0.151746
0.0737576
0.20175
0.0112565
0.0776664
0.2348
0.198727
0.662
0.320408
0.131341
0.126162
0.0141532
0.0976057
0.662
0.118412
0.662
0.232498
0.0954707
0.252764
0.366751
0.662
0.432075
0.265513
0.0828488
0.536223
0.120165
0.280319
0.334855
0.368352
0.1101
0.0952764
0.662
0.0566084
0.158949
0.0524589
0.513912
0.409668
0.107966
0.553738
0.374187
0.468307
0.367547
0.451776
0.116499
0.11963
0.277987
0.662
0.424589
0.212187
0.287954
0.170521
0.662
0.573239
0.153244
0.181605
0.0649492
0.18054
0.662
0.45406
0.230136
0.475368
0.117055
0.129298
0.662
0.662
0.0191344
0.297084
0.31208
0.0102599
0.0106082
0.0984734
0.382409
0.321188
0.540573
0.133769
0.294439
0.186135
0.0416949
0.0520484
0.080743
0.11542
0.0557063
0.662
0.0359136
0.0538682
0.340435
0.17388
0.192346
0.112503
0.327746
0.291913
0.106904
0.0540038
0.4848
0.662
0.124005
0.286888
0.0320446
0.408617
0.166351
0.155455
0.276281
0.29828
0.359653
0.555351
0.0138993
0.299011
0.185163
0.382455
0.0905688
0.298563
0.0580131
0.549467
0.251807
0.191104
0.0429408
0.0686474
0.0641233
0.578654
0.204895
0.116184
0.239661
0.25073
0.0927436
0.213558
0.0829782
0.433238
0.327319
0.266972
0.16668
0.662
0.103056
0.246472
0.312907
0.519971
0.508358
0.0881707
0.658776
0.264436
0.183055
0.662
0.161937
0.111778
0.240948
0.210149
0.642359
0.12112
0.33859
0.662
0.284922
0.334574
0.370737
0.338342
0.113733
0.222064
0.165429
0.207782
0.0877717
0.0786926
0.249878
0.393629
0.0632449
0.514848
0.395214
0.128889
0.173002
0.148119
0.0580435
0.439721
0.662
0.481066
0.484783
0.385729
0.505805
0.285772
0.0625457
0.17392
0.472936
0.0527444
0.211099
0.35624
0.385691
0.126747
0.0676346
0.286303
0.0565656
0.284885
0.0249008
0.474066
0.0949746
0.0683651
0.33182
0.183191
0.388785
0.140081
0.662
0.334073
0.242022
0.308063
0.231884
0.561664
0.637217
0.2619
0.109181
0.033226
0.0716378
0.257673
0.0820077
0.406373
0.267764
0.522232
0.254761
0.112991
0.35314
0.316761
0.11749
0.194431
0.0925849
0.453395
0.079224
0.542482
0.116905
0.1304
0.22056
0.16883
0.166296
0.162391
0.00301204
0.0360664
0.196305
0.662
0.168132
0.0759679
0.343019
0.662
0.54304
0.662
0.662
0.0851722
0.166241
0.135768
0.448792
0.337522
0.163405
0.366184
0.0900577
0.191718
0.193619
0.179657
0.0623032
0.662
0.0379907
0.662
0.662
0.275723
0.266638
0.166699
0.0465457
0.387048
0.662
0.0919181
0.202832
0.573389
0.567802
0.27848
0.386878
0.0691117
0.139123
0.234782
0.160984
0.0828815
0.323304
0.0292397
0.0544302
0.184098
0.0894839
0.157517
0.454119
0.177052
0.0545577
0.132215
0.2971
0.0956075
0.082275
0.182783
0.335582
0.384323
0.19995
0.257285
0.310393
0.46364
0.348929
0.254534
0.394848
0.662
0.143217
0.0258463
0.339639
0.378049
0.113967
0.0123423
0.478513
0.474458
0.662
0.08848
0.662
0.569967
0.177962
0.662
0.662
0.381139
0.579765
0.197822
0.0781559
0.0781017
0.157364
0.360185
0.210611
0.662
0.358072
0.628115
0.505451
0.141077
0.141441
0.280198
0.395313
0.603802
0.662
0.280278
0.162324
0.409452
0.134309
0.114696
0.0990752
0.055729
0.503116
0.453399
0.567536
0.448624
0.314811
0.51031
0.605725
0.0617955
0.21919
0.163205
0.42415
0.662
0.375246
0.39613
0.259411
0.185924
0.26853
0.0632603
0.285532
0.421476
0.662
0.189351
0.537479
0.402101
0.244291
0.331451
0.166588
0.0794739
0.117804
0.145044
0.386284
0.149691
0.0853671
0.0297244
0.430997
0.356397
0.0672393
0.567624
0.0920937
0.107918
0.167779
0.22627
0.41613
0.0283476
0.0639046
0.296912
0.0389128
0.358487
0.120347
0.662
0.231344
0.147125
0.626829
0.103645
0.662
0.000499128
0.265348
0.258579
0.662
0.137852
0.232418
0.100805
0.269534
0.145477
0.0800733
0.12014
0.294099
0.413525
0.479395
0.111063
0.662
0.467946
0.0383126
0.27611
0.662
0.497634
0.27702
0.0353167
0.108676
0.173718
0.154868
0.118549
0.319603
0.0856444
0.301283
0.0179736
0.132291
0.148374
0.054646
0.210141
0.06975
0.0957721
0.100577
0.273565
0.20332
0.335344
0.160628
0.152786
0.0609037
0.145543
0.442459
0.662
0.507439
0.163965
0.51819
0.0384178
0.267019
0.487065
0.192884
0.353291
0.215772
0.333757
0.0413715
0.0575275
0.0715964
0.181363
0.0948298
0.559529
0.506203
0.1723
0.300152
0.429828
0.662
0.0724391
0.0562691
0.0500054
0.0485718
0.621904
0.662
0.604627
0.188984
0.0998983
0.237653
0.0424878
0.148893
0.631895
0.535646
0.254651
0.226633
0.107113
0.075396
0.662
0.219469
0.0757657
0.662
0.18159
0.114314
0.179247
0.123928
0.662
0.662
0.116752
0.546941
0.357857
0.299801
0.0984908
0.110487
0.109033
0.266664
0.0644081
0.527271
0.154705
0.066243
0.265573
0.440204
0.343719
0.242049
0.290777
0.119025
0.366199
0.407339
0.199463
0.127743
0.618325
0.385043
0.0634814
0.166707
0.0729457
0.0486962
0.662
0.0699487
0.0956
0.177224
0.662
0.143506
0.0553975
0.342443
0.662
0.335515
0.0818042
0.0568862
0.310632
0.121886
0.121969
0.218313
0.662
0.517726
0.184032
0.0913504
0.113472
0.117648
0.015884
0.662
0.478305
0.662
0.255412
0.299698
0.428394
0.662
0.662
0.336687
0.0803722
0.109151
0.190246
0.0753923
0.356409
0.647838
0.237647
0.310484
0.350313
0.157245
0.0847681
0.213622
0.662
0.662
0.153002
0.179159
0.583301
0.238167
0.662
0.161881
0.662
0.404785
0.0995089
0.416096
0.19906
0.205611
0.0984858
0.0914755
0.383036
0.662
0.0907375
0.0108363
0.00725646
0.269347
0.167851
0.0582827
0.114098
0.0392483
0.0645722
0.0732818
0.662
0.541746
0.121642
0.662
0.312695
0.0532354
0.130762
0.167122
0.0798504
0.662
0.349067
0.237571
0.662
0.122803
0.278402
0.244197
0.0631534
0.370457
0.21341
0.0566221
0.15726
0.102252
0.504176
0.17951
0.223911
0.418232
0.109963
0.00755089
0.0884764
0.434871
0.194521
0.0717596
0.24901
0.147889
0.257068
0.284333
0.0682058
0.0965482
0.230823
0.0808954
0.386648
0.13931
0.18491
0.176897
0.14072
0.0763927
0.265683
0.355702
0.164803
0.200898
0.12054
0.0832911
0.0840045
0.662
0.662
0.146592
0.103108
0.0817101
0.662
0.283574
0.0406405
0.334573
0.187935
0.318808
0.346715
0.502487
0.40248
0.170939
0.42601
0.1195
0.459241
0.529399
0.640714
0.367402
0.481186
0.147185
0.39459
0.153623
0.112746
0.12329
0.169589
0.377641
0.558519
0.338414
0.180631
0.369803
0.661498
0.184552
0.232398
0.266597
0.473944
0.623006
0.585883
0.15796
0.215179
0.300635
0.158103
0.278806
0.143344
0.399165
0.118223
0.0847393
0.0408581
0.161101
0.346986
0.275303
0.0821292
0.662
0.213105
0.554365
0.662
0.213808
0.323145
0.119784
0.0416865
0.094442
0.0700481
0.121635
0.0877946
0.159724
0.662
0.120188
0.161248
0.113259
0.626031
0.662
0.139925
0.190291
0.205738
0.122666
0.595441
0.118081
0.0525442
0.0270999
0.124788
0.48397
0.0952257
0.195672
0.170367
0.182074
0.212937
0.662
0.224458
0.293638
0.267906
0.0975997
0.260277
0.452746
0.614573
0.250542
0.662
0.662
0.248381
0.0729792
0.662
0.201777
0.105409
0.285204
0.497303
0.144631
0.350629
0.18009
0.205367
0.31611
0.124311
0.190132
0.280129
0.0439449
0.302976
0.18344
0.0947598
0.174892
0.489805
0.115906
0.153454
0.265944
0.160617
0.314026
0.339451
0.330196
0.329075
0.00956818
0.297249
0.609682
0.187994
0.662
0.615414
0.19582
0.19668
0.398889
0.0589116
0.0781806
0.131758
0.439355
0.0352667
0.220486
0.662
0.0697815
0.110393
0.113049
0.0961228
0.567394
0.256412
0.213858
0.33734
0.233166
0.649462
0.216279
0.334195
0.148923
0.0853426
0.352605
0.662
0.254286
0.066811
0.0267656
0.153721
0.142218
0.185406
0.0486768
0.163814
0.160384
0.182028
0.0915752
0.105865
0.602987
0.038226
0.131512
0.0850299
0.0751422
0.0596436
0.466452
0.215357
0.134574
0.381987
0.103576
0.589018
0.231568
0.611249
0.45147
0.662
0.147916
0.218782
0.0788673
0.0756189
0.228208
0.0523857
0.461218
0.0907367
0.302748
0.662
0.497235
0.243061
0.546701
0.135607
0.0810587
0.171866
0.662
0.0182794
0.510741
0.0748952
0.662
0.662
0.205873
0.306818
0.446391
0.574871
0.182248
0.114927
0.215224
0.525191
0.237406
0.216756
0.662
0.138031
0.108511
0.0761804
0.436874
0.349999
0.169474
0.510131
0.662
0.543499
0.186031
0.557686
0.205562
0.22847
0.433175
0.627332
0.192146
0.662
0.185677
0.00760677
0.130655
0.0574563
0.662
0.662
0.164723
0.233901
0.0277094
0.0761957
0.662
0.204138
0.120759
0.662
0.0729792
0.381389
0.271987
0.571098
0.503459
0.662
0.214584
0.163485
0.0954786
0.129831
0.307479
0.535351
0.504081
0.43945
0.297472
0.355264
0.331312
0.312549
0.302569
0.263041
0.148176
0.485996
0.332911
0.0599754
0.233717
0.334922
0.335932
0.249927
0.108158
0.277367
0.183284
0.457626
0.512189
0.618354
0.0907071
0.254873
0.0947896
0.0754714
0.209039
0.066422
0.37765
0.237635
0.316995
0.662
0.612154
0.0506425
0.169846
0.202343
0.0664415
0.662
0.397866
0.2441
0.248103
0.350975
0.375929
0.662
0.446484
0.192995
0.312771
0.117996
0.0660227
0.0870246
0.0849325
0.281348
0.108411
0.277809
0.0739779
0.0743256
0.662
0.491266
0.56118
0.0898957
0.495836
0.290085
0.103953
0.113657
0.0845039
0.0831694
0.0350554
0.662
0.341865
0.335235
0.198455
0.212903
0.194065
0.662
0.254952
0.0335362
0.184361
0.248663
0.487033
0.50908
0.327447
0.270801
0.662
0.0665306
0.662
0.104917
0.0898084
0.197328
0.156404
0.662
0.267961
0.0615034
0.445628
0.0932562
0.385319
0.177428
0.087985
0.0799282
0.442618
0.041565
0.0996244
0.16663
0.40475
0.427057
0.236941
0.662
0.136132
0.325462
0.2011
0.223868
0.213424
0.138494
0.111768
0.662
0.217268
0.0580005
0.172997
0.385936
0.151505
0.662
0.186211
0.36766
0.189263
0.20319
0.0831193
0.153904
0.546996
0.607335
0.0682228
0.114067
0.644869
0.232638
0.511199
0.468526
0.131488
0.280793
0.239802
0.255797
0.0486678
0.478503
0.0193595
0.136584
0.538255
0.662
0.111753
0.652335
0.112352
0.0670265
0.161975
0.0965627
0.662
0.0703021
0.259554
0.101987
0.0741084
0.138818
0.284868
0.21182
0.662
0.108246
0.662
0.339042
0.198167
0.662
0.29598
0.05346
0.662
0.23321
0.246678
0.217822
0.402886
0.589318
0.209985
0.330463
0.448162
0.326195
0.0838393
0.196037
0.187973
0.130735
0.210743
0.128989
0.0217722
0.662
0.662
0.645339
0.333071
0.662
0.131454
0.0377349
0.0570271
0.11285
0.210569
0.392398
0.1243
0.0571224
0.111136
0.110178
0.549099
0.466458
0.231697
0.226053
0.182372
0.338946
0.00385921
0.662
0.291109
0.145825
0.106273
0.662
0.590866
0.24618
0.169924
0.441923
0.0444479
0.0359029
0.291919
0.25597
0.102009
0.534275
0.662
0.0580038
0.415146
0.093671
0.277739
0.121939
0.365248
0.385003
0.210803
0.568442
0.346232
0.465518
0.0455194
0.163507
0.131714
0.603263
0.349225
0.0433323
0.209152
0.207215
0.443597
0.225589
0.236064
0.406713
0.0797538
0.331089
0.185492
0.185281
0.208569
0.21654
0.2187
0.184746
0.655216
0.0178295
0.0872774
0.139766
0.662
0.233581
0.122521
0.431642
0.662
0.455945
0.662
0.265682
0.13636
0.330607
0.197215
0.200892
0.087381
0.353544
0.0645946
0.652861
0.424534
0.302734
0.255237
0.662
0.297274
0.220989
0.150614
0.065855
0.169398
0.276024
0.252246
0.662
0.0996625
0.417231
0.480183
0.330507
0.662
0.0769053
0.141267
0.0329115
0.491937
0.0738001
0.150411
0.283455
0.16493
0.117142
0.552936
0.0495775
0.60482
0.36706
0.388024
0.397152
0.0941058
0.240579
0.170468
0.14869
0.217568
0.0936616
0.662
0.00606995
0.137868
0.403102
0.541466
0.00948418
0.163013
0.104049
0.0919298
0.662
0.53485
0.159852
0.122444
0.662
0.662
0.0634569
0.0987049
0.662
0.189074
0.136781
0.662
0.0435521
0.222216
0.662
0.662
0.0280382
0.331988
0.640133
0.0521161
0.281998
0.369558
0.0651067
0.209414
0.422074
0.201214
0.290864
0.0446702
0.337171
0.0707588
0.308977
0.163958
0.296965
0.619838
0.662
0.229919
0.662
0.262278
0.271477
0.122249
0.0630577
0.662
0.085809
0.120392
0.121559
0.0427571
0.0245697
0.0755231
0.105345
0.165741
0.447107
0.0567013
0.332478
0.277582
0.223095
0.137316
0.267608
0.13164
0.662
0.275751
0.251679
0.662
0.339897
0.482472
0.0186654
0.106239
0.411277
0.559038
0.244909
0.188519
0.146407
0.186476
0.324603
0.118193
0.354129
0.101141
0.170325
0.431009
0.430654
0.662
0.124893
0.279263
0.0597425
0.52902
0.000116639
0.662
0.134534
0.109953
0.0445492
0.0861749
0.217194
0.123658
0.299763
0.355311
0.165556
0.662
0.274927
0.081394
0.135834
0.423212
0.153822
0.315606
0.180466
0.372375
0.287889
0.662
0.0925895
0.662
0.159913
0.167651
0.0794554
0.122385
0.220405
0.119913
0.274576
0.231346
0.360022
0.0945256
0.639591
0.163488
0.0695455
0.116109
0.662
0.073241
0.662
0.128374
0.593187
0.175789
0.059851
0.281652
0.662
0.662
0.662
0.190676
0.585011
0.0752308
0.0339075
0.088741
0.476218
0.661447
0.139534
0.223356
0.101633
0.319113
0.333734
0.614894
0.159091
0.0636556
0.129434
0.0783742
0.100643
0.462078
0.18283
0.0442808
0.084623
0.148373
0.028281
0.10525
0.129933
0.0890582
0.0452862
0.275301
0.491491
0.245484
0.443936
0.173133
0.227308
0.119694
0.3057
0.287428
0.161993
0.329175
0.0721603
0.118227
0.345764
0.310563
0.155976
0.225689
0.0737766
0.0384819
0.188775
0.204068
0.662
0.0619187
0.214211
0.0888843
0.225539
0.453429
0.056303
0.550782
0.187594
0.238245
0.0633326
0.496199
0.122736
0.308944
0.392684
0.061505
0.0773508
0.245054
0.101866
0.0977924
0.0170463
0.303748
0.6308
0.246584
0.0384466
0.340567
0.306218
0.662
0.123648
0.291697
0.175649
0.22869
0.288199
0.18294
0.516686
0.142289
0.492394
0.254075
0.52196
0.0472705
0.0177395
0.581167
0.0473804
0.323732
0.260264
0.198383
0.140253
0.26479
0.146551
0.185968
0.170642
0.253906
0.152415
0.0603707
0.348467
0.5347
0.108762
0.662
0.159219
0.662
0.452974
0.19465
0.126676
0.604651
0.662
0.115834
0.385828
0.662
0.31425
0.080444
0.098915
0.662
0.0852756
0.0819893
0.5321
0.0514088
0.466386
0.379489
0.520158
0.242596
0.662
0.0664389
0.356931
0.453089
0.508524
0.26625
0.0526803
0.112444
0.118568
0.0970193
0.241972
0.360123
0.176284
0.662
0.0670186
0.246412
0.121925
0.33337
0.0468297
0.662
0.159004
0.184558
0.481945
0.659206
0.0845324
0.0699063
0.662
0.244521
0.258155
0.341753
0.0987749
0.333765
0.0507434
0.352975
0.662
0.24238
0.257214
0.233229
0.545907
0.0755309
0.175059
0.105874
0.182888
0.634034
0.0897952
0.292321
0.148978
0.379307
0.194634
0.113517
0.19763
0.0834841
0.0706338
0.254474
0.318554
0.0833065
0.0301463
0.104714
0.143669
0.516166
0.238682
0.174833
0.241721
0.286246
0.0690604
0.267168
0.278723
0.0781345
0.513665
0.189954
0.228345
0.011218
0.113245
0.505083
0.321878
0.320495
0.142703
0.243158
0.162404
0.566967
0.246449
0.0583785
0.203884
0.154263
0.348827
0.140589
0.0950393
0.329701
0.264558
0.0464899
0.0470162
0.248001
0.148656
0.0726632
0.662
0.294707
0.0767536
0.149734
0.234639
0.394448
0.662
0.204831
0.662
0.0215299
0.128389
0.662
0.662
0.231443
0.662
0.559234
0.0732773
0.662
0.248666
0.00358882
0.531482
0.662
0.27797
0.10724
0.0784515
0.353315
0.00573101
0.146672
0.251549
0.335906
0.597382
0.225946
0.0588145
0.134921
0.233568
0.0511692
0.377602
0.662
0.0715103
0.211742
0.0751505
0.116126
0.0587772
0.0384352
0.122995
0.662
0.211906
0.148035
0.625622
0.662
0.0600843
0.169445
0.0265128
0.289819
0.0933106
0.328465
0.133979
0.317951
0.193787
0.106626
0.0188683
0.0702446
0.19753
0.216035
0.582149
0.156656
0.123785
0.159551
0.225837
0.427063
0.0991117
0.243932
0.123981
0.238231
0.180418
0.662
0.0102361
0.0820022
0.662
0.540034
0.00203574
0.221348
0.126077
0.418649
0.662
0.111603
0.165663
0.184611
0.131743
0.662
0.0608842
0.662
0.662
0.255002
0.313768
0.100305
0.662
0.0316138
0.211707
0.0444815
0.23817
0.138437
0.424859
0.320919
0.623212
0.357125
0.662
0.0340947
0.20638
0.381054
0.165664
0.662
0.282072
0.634405
0.662
0.281094
0.507383
0.0387668
0.0371044
0.260885
0.17434
0.662
0.662
0.0715696
0.217356
0.172145
0.162365
0.566121
0.662
0.148304
0.584908
0.0698391
0.243281
0.293412
0.262003
0.662
0.122319
0.662
0.377865
0.0632356
0.0942927
0.158777
0.0722544
0.0791539
0.0510281
0.662
0.427428
0.602076
0.284319
0.0463859
0.105256
0.213808
0.300417
0.187708
0.382557
0.0704332
0.662
0.334327
0.662
0.0751316
0.662
0.249967
0.146445
0.0662725
0.214746
0.631232
0.662
0.103766
0.349697
0.465293
0.170873
0.114856
0.186776
0.381307
0.315655
0.217587
0.320393
0.508064
0.662
0.0933379
0.101894
0.25434
0.60247
0.0763764
0.245903
0.364918
0.136768
0.58484
0.178527
0.662
0.118983
0.384666
0.101213
0.344682
0.163462
0.393798
0.113203
0.236498
0.190102
0.298679
0.487494
0.153865
0.122041
0.448086
0.439222
0.148407
0.235177
0.0822335
0.218919
0.376117
0.447187
0.0431255
0.547526
0.311042
0.662
0.228291
0.153838
0.202323
0.275884
0.102668
0.466821
0.339485
0.0172589
0.278086
0.103344
0.106873
0.287493
0.309192
0.12803
0.101644
0.574408
0.0922389
0.098547
0.208283
0.5707
0.216021
0.37606
0.0609582
0.350372
0.232684
0.521992
0.662
0.662
0.611872
0.021146
0.662
0.0391132
0.058729
0.105655
0.19257
0.129148
0.62601
0.662
0.136717
0.159622
0.125559
0.355571
0.153546
0.264916
0.0610959
0.290011
0.31958
0.205839
0.215204
0.228778
0.166513
0.535265
0.619875
0.138017
0.662
0.111504
0.0749887
0.193663
0.0313826
0.0629813
0.662
0.20118
0.457007
0.662
0.0967575
0.238606
0.189433
0.0505135
0.260436
0.0766638
0.163127
0.0853702
0.662
0.662
0.0221083
0.0361094
0.0417632
0.125145
0.197114
0.0629905
0.662
0.27906
0.220161
0.662
0.212428
0.402176
0.0261824
0.348589
0.0944204
0.172963
0.662
0.662
0.18055
0.209885
0.304617
0.135794
0.410558
0.173926
0.158139
0.662
0.0748256
0.211752
0.127106
0.354326
0.0505041
0.25337
0.116072
0.0742211
0.189969
0.334088
0.415774
0.596709
0.0590416
0.14172
0.196807
0.100405
0.35532
0.433468
0.0804147
0.662
0.0447706
0.662
0.354752
0.209556
0.646916
0.0919496
0.0713307
0.0656131
0.160281
0.356387
0.0758804
0.501593
0.0900729
0.195649
0.124334
0.415739
0.147377
0.145536
0.222645
0.437185
0.176363
0.180946
0.140768
0.309266
0.242278
0.28552
0.0749456
0.172962
0.325497
0.115221
0.093759
0.322728
0.39322
0.350681
0.610937
0.366193
0.561508
0.440105
0.133677
0.21897
0.0151952
0.0582958
0.477094
0.0581972
0.11181
0.115581
0.591181
0.571203
0.368744
0.324594
0.266493
0.0541934
0.110605
0.619208
0.508433
0.662
0.243039
0.115886
0.377136
0.136497
0.0781679
0.21496
0.105911
0.103092
0.0685941
0.307595
0.352112
0.142837
0.108138
0.058943
0.0480855
0.031005
0.234868
0.662
0.316137
0.145497
0.245135
0.256094
0.305892
0.186187
0.174234
0.0991096
0.433084
0.296177
0.0531466
0.0617228
0.21666
0.17641
0.130419
0.0819075
0.405028
0.0778699
0.170005
0.185242
0.104121
0.211099
0.0959193
0.0353209
0.110522
0.105419
0.0756458
0.655785
0.215028
0.0434387
0.210385
0.223478
0.662
0.181639
0.662
0.101203
0.00775097
0.144201
0.662
0.0659515
0.181303
0.267588
0.217961
0.662
0.540285
0.662
0.135828
0.0973806
0.0515403
0.110783
0.0523966
0.662
0.662
0.509762
0.662
0.662
0.472394
0.581008
0.184897
0.100025
0.662
0.304935
0.395907
0.0110592
0.148867
0.355559
0.572501
0.375615
0.18613
0.0525588
0.339303
0.147084
0.305594
0.137933
0.133726
0.386078
0.514911
0.662
0.254374
0.436373
0.0525157
0.662
0.478521
0.0599275
0.662
0.662
0.21141
0.255894
0.189586
0.456801
0.439941
0.146278
0.177562
0.309241
0.27737
0.248525
0.662
0.548455
0.490421
0.217802
0.267695
0.253058
0.252346
0.0586371
0.287463
0.325653
0.431274
0.0473539
0.336577
0.418469
0.524438
0.243022
0.465108
0.367582
0.117594
0.560435
0.149512
0.4436
0.305885
0.322989
0.197572
0.272769
0.148843
0.272522
0.0899931
0.143648
0.0209219
0.294775
0.0709001
0.213384
0.662
0.0888719
0.0554375
0.438596
0.350941
0.0750059
0.144259
0.062183
0.0600428
0.063397
0.180488
0.581167
0.164933
0.26635
0.218696
0.125287
0.662
0.134973
0.341334
0.311398
0.0183548
0.066094
0.0672813
0.0424032
0.246994
0.0773802
0.0901375
0.0556116
0.0707181
0.169543
0.1085
0.0673692
0.326549
0.477069
0.0564708
0.662
0.129256
0.0975585
0.662
0.340194
0.23322
0.177044
0.131342
0.0508929
0.0691251
0.0133386
0.3904
0.380424
0.00718809
0.0927715
0.154831
0.0988597
0.548816
0.114035
0.182531
0.662
0.274709
0.153226
0.28574
0.196846
0.662
0.279623
0.329553
0.0654236
0.348264
0.540571
0.0677504
0.0666368
0.429455
0.0667096
0.232261
0.307037
0.18228
0.404424
0.103934
0.221413
0.163288
0.224264
0.269248
0.391966
0.0708351
0.612443
0.115985
0.195657
0.662
0.0790313
0.260374
0.305326
0.113534
0.465905
0.319463
0.0724852
0.118326
0.535285
0.0489699
0.275247
0.0665875
0.598678
0.662
0.0945601
0.494965
0.525873
0.549691
0.126687
0.662
0.127878
0.146655
0.0854557
0.540103
0.0931045
0.162797
0.507369
0.0917338
0.0911247
0.157524
0.108567
0.662
0.250619
0.16404
0.662
0.099069
0.0986262
0.300955
0.655127
0.33061
0.504274
0.0809054
0.293912
0.189396
0.0594172
0.271087
0.295766
0.103893
0.337316
0.662
0.221576
0.521381
0.0892579
0.252022
0.2203
0.418046
0.662
0.662
0.155125
0.143968
0.182245
0.485652
0.522783
0.127059
0.0881259
0.610043
0.662
0.144293
0.154951
0.161716
0.662
0.535667
0.180967
0.229985
0.058394
0.149413
0.371897
0.662
0.160426
0.155495
0.441778
0.4679
0.407658
0.544991
0.184597
0.662
0.154769
0.575003
0.0658505
0.590901
0.20909
0.260318
0.662
0.662
0.363137
0.105308
0.281609
0.0687824
0.418665
0.4718
0.0651565
0.101997
0.210693
0.331828
0.25676
0.662
0.14144
0.179407
0.374186
0.108653
0.281286
0.177059
0.209735
0.452624
0.588642
0.109124
0.102082
0.20805
0.0539461
0.340754
0.381212
0.379237
0.116084
0.0778912
0.0530397
0.0842061
0.199639
0.0136543
0.021193
0.302627
0.662
0.208122
0.281889
0.392504
0.169994
0.563491
0.347414
0.0185921
0.38863
0.162592
0.662
0.662
0.207549
0.34946
0.39267
0.176269
0.0458858
0.412778
0.313566
0.0974431
0.516281
0.133385
0.575201
0.477922
0.175982
0.324678
0.16545
0.216777
0.213334
0.359744
0.662
0.158742
0.593535
0.189773
0.164326
0.37658
0.370491
0.0208331
0.123691
0.0558309
0.125353
0.0787646
0.352261
0.0527789
0.202791
0.192992
0.0959711
0.0363844
0.240119
0.181149
0.361059
0.264163
0.170665
0.216169
0.0468933
0.208037
0.036992
0.129584
0.37251
0.0941658
0.0246935
0.0373713
0.641756
0.155671
0.443004
0.157829
0.109229
0.662
0.570885
0.257085
0.292301
0.541655
0.0768861
0.145711
0.334054
0.0735333
0.303786
0.0437606
0.509654
0.157988
0.198236
0.0969255
0.662
0.295406
0.0645272
0.00939975
0.662
0.121241
0.106016
0.241813
0.429809
0.187776
0.158161
0.662
0.55979
0.293853
0.662
0.370066
0.0180549
0.00607335
0.228479
0.662
0.374537
0.149142
0.0764049
0.276971
0.0407842
0.662
0.266128
0.023646
0.662
0.321428
0.12587
0.411937
0.103139
0.200937
0.508411
0.0688908
0.441943
0.164292
0.2925
0.271161
0.246302
0.23546
0.6475
0.0521671
0.0811366
0.559842
0.603847
0.239018
0.455874
0.62631
0.662
0.0289317
0.0795377
0.208586
0.158792
0.448197
0.139991
0.194692
0.149491
0.212974
0.177759
0.633694
0.624712
0.18542
0.138669
0.307917
0.280248
0.662
0.148365
0.662
0.284089
0.158369
0.662
0.0360715
0.662
0.662
0.662
0.281179
0.149614
0.662
0.611148
0.390821
0.436773
0.609733
0.306361
0.0888965
0.374879
0.0644782
0.342885
0.187316
0.392846
0.282215
0.107922
0.662
0.662
0.0912552
0.446655
0.662
0.189404
0.662
0.0937357
0.662
0.22728
0.0862502
0.662
0.0647725
0.128393
0.339861
0.180597
0.0130445
0.111197
0.116599
0.174872
0.0728739
0.662
0.554321
0.0439346
0.130568
0.171096
0.0498704
0.0935472
0.638095
0.397751
0.211942
0.446547
0.161551
0.0570302
0.130287
0.081379
0.37551
0.186133
0.0572728
0.0796697
0.424181
0.0961133
0.662
0.17484
0.296257
0.139904
0.0236416
0.308628
0.662
0.128292
0.332669
0.325957
0.124107
0.367388
0.662
0.414999
0.456343
0.0890545
0.393602
0.308957
0.164286
0.662
0.108147
0.25174
0.456182
0.206445
0.0401388
0.180245
0.435162
0.329868
0.662
0.12138
0.0184146
0.524973
0.235861
0.334718
0.382148
0.294494
0.0122466
0.0367275
0.262672
0.424387
0.123604
0.212706
0.18978
0.095191
0.267016
0.558984
0.0469034
0.526276
0.155954
0.662
0.138756
0.239618
0.150559
0.255389
0.119411
0.317519
0.0570411
0.160326
0.0775442
0.340239
0.571308
0.230488
0.142983
0.453256
0.195354
0.112159
0.662
0.190787
0.322911
0.0109945
0.166139
0.201385
0.273794
0.0789845
0.0813865
0.662
0.493873
0.546117
0.414471
0.160507
0.381949
0.443439
0.662
0.215887
0.135774
0.447544
0.308411
0.476467
0.116659
0.651951
0.459752
0.116946
0.662
0.0406847
0.344867
0.051408
0.163572
0.310804
0.174207
0.275784
0.277162
0.227221
0.28169
0.407528
0.289862
0.268002
0.124732
0.112617
0.341608
0.180679
0.052211
0.00805079
0.197057
0.0188219
0.630913
0.0878798
0.662
0.175082
0.519178
0.0673421
0.662
0.229657
0.0638022
0.105452
0.13898
0.662
0.0560499
0.079484
0.577808
0.206252
0.662
0.413957
0.047241
0.253615
0.29583
0.265468
0.0623784
0.111306
0.137351
0.396831
0.289914
0.0810624
0.0374564
0.0265579
0.140049
0.201951
0.662
0.331594
0.650725
0.3235
0.123054
0.454933
0.0913553
0.170773
0.662
0.662
0.329678
0.0533391
0.101734
0.0130306
0.299101
0.0548025
0.141505
0.148554
0.485374
0.434795
0.224466
0.103929
0.449416
0.41348
0.049105
0.0958
0.662
0.662
0.10368
0.0817451
0.322398
0.268605
0.0477547
0.134932
0.154229
0.425962
0.626556
0.48804
0.0629094
0.357928
0.0799264
0.367826
0.09595
0.662
0.474891
0.638412
0.334014
0.34623
0.160896
0.662
0.0179912
0.0958987
0.340097
0.662
0.0839774
0.248496
0.662
0.0861669
0.259406
0.525586
0.151731
0.0453568
0.57389
0.504407
0.20833
0.321221
0.422179
0.662
0.478207
0.270728
0.662
0.20609
0.0851822
0.160288
0.397935
0.148632
0.300109
0.0998903
0.0754416
0.225073
0.662
0.268329
0.289232
0.0651713
0.0780323
0.182093
0.518004
0.136495
0.545146
0.662
0.0340124
0.0345126
0.662
0.319794
0.662
0.386679
0.59164
0.574257
0.0723087
0.0891518
0.662
0.147794
0.168295
0.145833
0.302489
0.549259
0.448249
0.451669
0.0640401
0.0448104
0.196561
0.236998
0.0998275
0.355388
0.662
0.119873
0.321192
0.651702
0.187456
0.588341
0.662
0.165981
0.506033
0.09381
0.345632
0.420353
0.662
0.0771082
0.174975
0.267433
0.0603974
0.662
0.340238
0.110178
0.227018
0.623143
0.249731
0.0799407
0.245832
0.361936
0.487374
0.321138
0.662
0.166235
0.307564
0.467572
0.579106
0.234717
0.0408141
0.304968
0.0781799
0.284181
0.0515075
0.171312
0.075888
0.15589
0.141547
0.549705
0.0861919
0.30956
0.0553873
0.127965
0.662
0.662
0.547448
0.194859
0.260492
0.440728
0.0389022
0.465354
0.205556
0.22881
0.0757358
0.094693
0.257301
0.176889
0.0749776
0.148167
0.531504
0.0442972
0.511452
0.24385
0.662
0.236673
0.00307311
0.446143
0.219069
0.121317
0.337274
0.162995
0.337711
0.150089
0.226345
0.499667
0.02401
0.46985
0.094357
0.102037
0.2514
0.434762
0.622775
0.662
0.226737
0.0558086
0.118752
0.414368
0.221226
0.146587
0.216097
0.420796
0.219782
0.600839
0.322179
0.0975345
0.662
0.286564
0.167298
0.096122
0.576256
0.662
0.145832
0.184992
0.0640859
0.378596
0.0636207
0.336623
0.240596
0.0831367
0.0737822
0.0938159
0.261694
0.103353
0.662
0.38985
0.662
0.0647286
0.301808
0.0837837
0.209011
0.479845
0.662
0.183441
0.0700028
0.114469
0.00806192
0.0988247
0.518744
0.349387
0.0366527
0.118676
0.377243
0.209346
0.119809
0.401121
0.0615661
0.185185
0.662
0.325971
0.0649019
0.662
0.662
0.0488057
0.576503
0.170696
0.368561
0.3985
0.0730492
0.58491
0.0396796
0.428976
0.0485691
0.075782
0.107989
0.0917282
0.515675
0.0907802
0.378842
0.18147
0.0285961
0.0667478
0.081584
0.23095
0.659717
0.261376
0.37214
0.0866534
0.580252
0.662
0.149809
0.293668
0.662
0.239594
0.311679
0.38695
0.240144
0.662
0.662
0.662
0.662
0.125735
0.0943239
0.662
0.111129
0.195629
0.386635
0.197133
0.615212
0.662
0.108515
0.188356
0.287917
0.165044
0.662
0.116051
0.313446
0.101829
0.0903906
0.0367026
0.490614
0.500184
0.216544
0.595935
0.240581
0.110395
0.0648787
0.101518
0.0877282
0.352611
0.662
0.202426
0.103195
0.0737522
0.419464
0.573874
0.340008
0.480922
0.164745
0.109712
0.0329909
0.453797
0.662
0.0594656
0.0262617
0.0447804
0.334495
0.0352501
0.0836298
0.0781149
0.0262298
0.195827
0.136058
0.662
0.273684
0.662
0.16065
0.441088
0.0602971
0.00381285
0.156644
0.124447
0.319209
0.652822
0.662
0.662
0.662
0.0152353
0.476973
0.166766
0.0914244
0.159112
0.150827
0.0639574
0.183675
0.234846
0.106913
0.0703536
0.662
0.3178
0.0795645
0.138975
0.298092
0.269674
0.319446
0.331714
0.662
0.192519
0.168223
0.108358
0.531595
0.0979528
0.178225
0.200466
0.126022
0.183903
0.662
0.0993568
0.19457
0.384864
0.0866888
0.466769
0.355195
0.662
0.36591
0.313608
0.129523
0.0992362
0.662
0.337478
0.104943
0.138878
0.127863
0.0862161
0.22002
0.132983
0.662
0.0253397
0.344104
0.405543
0.0472235
0.381827
0.273017
0.0762597
0.0520833
0.277614
0.2119
0.218288
0.517448
0.0986009
0.270364
0.185894
0.0840204
0.0716662
0.522623
0.0707839
0.203457
0.662
0.0970534
0.662
0.147616
0.662
0.0971716
0.662
0.179766
0.13643
0.0692249
0.31794
0.490591
0.0566986
0.0686865
0.134467
0.662
0.662
0.294143
0.49755
0.662
0.118485
0.662
0.392925
0.317919
0.230131
0.0660419
0.662
0.508341
0.0731816
0.0279652
0.379815
0.135378
0.571692
0.662
0.157621
0.662
0.618297
0.116344
0.662
0.433225
0.462126
0.310714
0.662
0.44563
0.282584
0.0138328
0.447827
0.232925
0.0577442
0.0512708
0.140479
0.289742
0.257285
0.0244228
0.118443
0.0834624
0.324757
0.662
0.174027
0.0975625
0.473484
0.144226
0.209566
0.519009
0.280471
0.501478
0.219296
0.0986113
0.1974
0.114352
0.0898234
0.25057
0.150592
0.131897
0.573909
0.662
0.11495
0.0874312
0.277638
0.339936
0.250842
0.514964
0.105996
0.368568
0.662
0.0660292
0.302466
0.317809
0.0796981
0.641271
0.100291
0.422825
0.571219
0.662
0.420357
0.0214269
0.138496
0.454402
0.121666
0.307665
0.662
0.0902478
0.129827
0.662
0.0665311
0.134394
0.118774
0.143726
0.0565857
0.106136
0.202602
0.0380999
0.137008
0.307482
0.118674
0.293101
0.0502995
0.34299
0.114051
0.203535
0.323189
0.159227
0.150314
0.090378
0.622817
0.650314
0.041724
0.662
0.0301288
0.239552
0.197617
0.115973
0.411271
0.248126
0.305209
0.0725576
0.0221225
0.662
0.125325
0.157426
0.488866
0.258022
0.662
0.15296
0.0541878
0.436703
0.338221
0.15699
0.0472984
0.209765
0.662
0.334271
0.662
0.0401395
0.0530198
0.295597
0.260339
0.234132
0.452388
0.296802
0.271431
0.323936
0.662
0.382249
0.0882322
0.127081
0.662
0.240936
0.109617
0.116298
0.373316
0.115154
0.601862
0.662
0.632472
0.167053
0.142285
0.172734
0.165542
0.126487
0.162574
0.160091
0.527621
0.329401
0.106521
0.449991
0.295373
0.0733411
0.139043
0.122512
0.347954
0.287444
0.339729
0.0559263
0.662
0.662
0.576714
0.472779
0.466377
0.145738
0.662
0.20568
0.178959
0.218468
0.373066
0.194514
0.496629
0.386443
0.152885
0.193218
0.412995
0.13005
0.650964
0.0796675
0.548083
0.0769483
0.170199
0.662
0.448996
0.582903
0.500175
0.409297
0.110477
0.587408
0.662
0.164046
0.136884
0.16142
0.37049
0.662
0.0599455
0.117345
0.662
0.0897232
0.662
0.0918403
0.209327
0.289316
0.173764
0.662
0.662
0.447692
0.291343
0.0897067
0.125038
0.101722
0.044263
0.662
0.0856553
0.0739628
0.662
0.523224
0.177639
0.094994
0.0983796
0.48673
0.206142
0.0740762
0.0886599
0.0549572
0.248101
0.0311062
0.662
0.375804
0.556878
0.182525
0.145368
0.149652
0.119735
0.280297
0.464161
0.0696105
0.112501
0.662
0.319835
0.10533
0.0990478
0.581683
0.303798
0.105748
0.324156
0.12523
0.0855137
0.394897
0.607053
0.389398
0.30869
0.513436
0.662
0.124407
0.377988
0.0869059
0.195774
0.389127
0.166343
0.273531
0.324532
0.103049
0.223374
0.463974
0.139047
0.180348
0.585181
0.462759
0.257866
0.108177
0.662
0.517668
0.61765
0.245736
0.662
0.662
0.523079
0.102188
0.386843
0.662
0.132786
0.190886
0.662
0.0507809
0.306909
0.0469621
0.218257
0.090512
0.0918486
0.370269
0.662
0.00634523
0.0428966
0.662
0.0158865
0.088245
0.489511
0.0329247
0.442025
0.289066
0.323436
0.473071
0.422581
0.310681
0.613403
0.128807
0.112582
0.173876
0.143782
0.170629
0.0754696
0.0388226
0.14386
0.124129
0.0504825
0.0852977
0.639703
0.0311965
0.273056
0.352533
0.205687
0.607994
0.347953
0.0942818
0.352727
0.256145
0.659285
0.0522999
0.0780644
0.117454
0.091258
0.259141
0.564572
0.361957
0.200906
0.142338
0.338936
0.265543
0.420246
0.662
0.437023
0.391863
0.0860029
0.546894
0.0426787
0.662
0.662
0.469161
0.33819
0.456937
0.00984111
0.193406
0.662
0.0387936
0.188287
0.662
0.0711942
0.662
0.0702064
0.2038
0.0982744
0.282448
0.133255
0.662
0.285744
0.228215
0.0756139
0.129258
0.362148
0.0266503
0.0423893
0.189905
0.159051
0.547168
0.386512
0.364031
0.25443
0.661535
0.0832872
0.100158
0.124627
0.0961019
0.0560391
0.124422
0.471513
0.268198
0.333289
0.171537
0.0215304
0.195606
0.0538873
0.383774
0.101689
0.0745527
0.131755
0.298795
0.166442
0.662
0.426657
0.400192
0.0505363
0.0451442
0.339584
0.662
0.268189
0.165656
0.362776
0.0108665
0.289093
0.336684
0.121385
0.216549
0.0746541
0.619435
0.583635
0.346002
0.265071
0.30509
0.158025
0.363904
0.418282
0.136828
0.46559
0.48985
0.662
0.109483
0.357916
0.525275
0.376833
0.0962111
0.662
0.193464
0.0581665
0.0573332
0.462538
0.447868
0.662
0.501366
0.662
0.0576739
0.662
0.0986127
0.220029
0.0527473
0.154637
0.141834
0.00117777
0.0383238
0.0448046
0.168658
0.282034
0.202123
0.352009
0.292674
0.153994
0.662
0.180249
0.662
0.274718
0.15417
0.446876
0.148902
0.168455
0.0419609
0.115833
0.244094
0.210618
0.299794
0.106626
0.378072
0.662
0.170771
0.114337
0.0721069
0.342452
0.285634
0.208584
0.308208
0.174913
0.447612
0.614149
0.233731
0.463717
0.0516169
0.117852
0.182056
0.0197339
0.349287
0.195954
0.540877
0.0671342
0.0539993
0.662
0.215616
0.169044
0.662
0.494264
0.0981542
0.3257
0.16511
0.00212554
0.509786
0.289706
0.00943185
0.0707041
0.662
0.104458
0.067954
0.572354
0.0635748
0.662
0.314386
0.301764
0.174597
0.203186
0.0819414
0.0784696
0.0225485
0.342446
0.0544651
0.662
0.169184
0.0892019
0.0887304
0.406461
0.369327
0.113447
0.0449047
0.125621
0.147891
0.662
0.161131
0.186083
0.356476
0.20938
0.36573
0.333844
0.102774
0.154489
0.229402
0.212243
0.662
0.630608
0.655922
0.662
0.106525
0.130058
0.362954
0.662
0.117826
0.25531
0.0839828
0.662
0.0822558
0.107569
0.279657
0.273494
0.144009
0.662
0.137762
0.362777
0.431319
0.403399
0.189586
0.599642
0.0495441
0.462133
0.30808
0.047424
0.128694
0.191692
0.636723
0.228239
0.316071
0.249889
0.141662
0.312951
0.0943533
0.61444
0.375211
0.516082
0.53167
0.662
0.154739
0.0904099
0.642834
0.229913
0.0169585
0.158266
0.057378
0.165944
0.205933
0.347135
0.548894
0.105197
0.362638
0.427105
0.135859
0.522389
0.44464
0.108507
0.104469
0.0944488
0.59019
0.374835
0.0890521
0.662
0.343197
0.662
0.161187
0.64117
0.274158
0.275222
0.154887
0.109968
0.662
0.308374
0.0697526
0.0999688
0.202616
0.568049
0.337895
0.0758642
0.00891829
0.124835
0.662
0.19885
0.128665
0.319645
0.0768352
0.136088
0.535882
0.0953096
0.392249
0.20854
0.350502
0.228605
0.0270258
0.0863032
0.638261
0.12974
0.152293
0.394424
0.150831
0.526601
0.0908912
0.662
0.0973936
0.236853
0.127224
0.51545
0.536682
0.422974
0.256604
0.335947
0.662
0.190111
0.120769
0.17243
0.296111
0.244007
0.187838
0.139323
0.662
0.0785746
0.285572
0.0693122
0.0394183
0.662
0.175981
0.369801
0.662
0.16143
0.0657495
0.500078
0.662
0.40277
0.587711
0.187264
0.152352
0.662
0.37213
0.299202
0.662
0.165004
0.0830978
0.187726
0.622185
0.222832
0.045633
0.358128
0.0319949
0.662
0.365657
0.116372
0.318417
0.0325921
0.342616
0.555968
0.662
0.262357
0.324235
0.662
0.0944284
0.526974
0.137263
0.0979562
0.662
0.341359
0.185533
0.51538
0.321279
0.662
0.220944
0.210287
0.0475589
0.662
0.235125
0.245405
0.662
0.389287
0.0443787
0.109771
0.0640853
0.00965628
0.14889
0.662
0.317106
0.089237
0.175511
0.0505893
0.662
0.115367
0.1099
0.36019
0.242283
0.174623
0.0721885
0.215086
0.569489
0.252514
0.306506
0.662
0.117244
0.479227
0.58813
0.0902902
0.0742122
0.256601
0.662
0.662
0.380759
0.0702392
0.126666
0.237018
0.304584
0.203255
0.259858
0.343443
0.190965
0.306966
0.25004
0.0892342
0.04408
0.406484
0.104808
0.136987
0.633883
0.139429
0.173179
0.313658
0.0928058
0.146229
0.662
0.0825985
0.194364
0.476162
0.193853
0.0961402
0.662
0.322071
0.145527
0.274984
0.218031
0.261922
0.132545
0.13553
0.299913
0.345006
0.662
0.0834969
0.101725
0.103952
0.662
0.366884
0.247869
0.062317
0.24071
0.146602
0.232779
0.122619
0.417204
0.21738
0.158703
0.14385
0.20254
0.0622481
0.228407
0.0772807
0.5381
0.346671
0.366693
0.264865
0.146277
0.140297
0.0441348
0.225961
0.625752
0.21952
0.662
0.662
0.0508727
0.137639
0.662
0.184159
0.524759
0.31012
0.000720407
0.301848
0.361643
0.0750033
0.179803
0.662
0.234824
0.0859734
0.17491
0.0600278
0.649275
0.135347
0.140996
0.130149
0.326447
0.197424
0.505551
0.0667998
0.343509
0.098893
0.0801702
0.662
0.268555
0.199039
0.251769
0.209151
0.264277
0.185708
0.149254
0.382473
0.662
0.241056
0.551766
0.0423293
0.410527
0.0693468
0.656019
0.0706612
0.160515
0.163062
0.349933
0.547652
0.217588
0.205783
0.662
0.318795
0.162113
0.261608
0.257741
0.242429
0.662
0.539889
0.0444577
0.442075
0.320596
0.109535
0.138338
0.122157
0.0565835
0.131029
0.320298
0.108308
0.31387
0.120096
0.042203
0.35515
0.30239
0.1071
0.283111
0.0110787
0.264003
0.133721
0.17996
0.245924
0.424125
0.185023
0.313285
0.155429
0.388814
0.29904
0.0855511
0.127864
0.38519
0.0932279
0.0898155
0.174736
0.356626
0.0810382
0.102378
0.106882
0.0407322
0.152204
0.313642
0.183728
0.0513139
0.0906158
0.0560471
0.282057
0.332796
0.162596
0.46131
0.15147
0.298686
0.662
0.207653
0.0435185
0.0526122
0.380788
0.381059
0.377245
0.0739213
0.492658
0.454989
0.172028
0.662
0.662
0.164663
0.115564
0.128896
0.444774
0.252392
0.542208
0.143907
0.532929
0.404135
0.401233
0.139297
0.0703944
0.0643986
0.0520459
0.110014
0.449291
0.220013
0.151185
0.205881
0.257299
0.0524001
0.159512
0.366166
0.0899931
0.074214
0.0886185
0.43263
0.184645
0.0630005
0.00647964
0.0820554
0.0297057
0.662
0.662
0.545592
0.156815
0.119182
0.211612
0.0665166
0.433922
0.0687153
0.196398
0.304099
0.333623
0.662
0.0978255
0.372924
0.46976
0.122522
0.114242
0.243974
0.533358
0.121718
0.258186
0.393168
0.605014
0.125009
0.049014
0.662
0.0417953
0.160902
0.42902
0.272111
0.0859576
0.662
0.0563549
0.128995
0.255769
0.662
0.176394
0.36359
0.0833197
0.372107
0.591745
0.0952445
0.251201
0.0904634
0.0404428
0.0487768
0.141709
0.32362
0.314037
0.175689
0.20887
0.546802
0.347624
0.105471
0.350387
0.662
0.11754
0.239859
0.446479
0.0780957
0.662
0.662
0.13771
0.114926
0.293906
0.662
0.0147172
0.212703
0.0720098
0.0816603
0.662
0.127829
0.305579
0.466477
0.0759045
0.0960324
0.239874
0.138991
0.0621366
0.4142
0.614572
0.662
0.105638
0.0878129
0.128683
0.0864993
0.5744
0.0697759
0.307525
0.392933
0.304249
0.140513
0.0894569
0.662
0.662
0.0894971
0.662
0.402065
0.30434
0.167854
0.111786
0.301245
0.0850351
0.0497455
0.187333
0.175607
0.187296
0.662
0.108631
0.0907028
0.251117
0.126913
0.524719
0.56086
0.153346
0.223197
0.662
0.662
0.118844
0.191386
0.107916
0.193618
0.526966
0.662
0.156542
0.246687
0.209848
0.0400887
0.240018
0.356726
0.136661
0.142737
0.297097
0.4196
0.189513
0.275258
0.25726
0.357092
0.199949
0.561285
0.5067
0.257921
0.253768
0.012361
0.07845
0.260729
0.0688125
0.387499
0.144691
0.262991
0.134632
0.0966026
0.123291
0.0952927
0.28768
0.0988805
0.431008
0.103731
0.212415
0.662
0.088894
0.662
0.0858777
0.209523
0.174054
0.187567
0.0555323
0.243054
0.0819153
0.32517
0.662
0.149742
0.100866
0.0936108
0.368635
0.662
0.662
0.0951007
0.110363
0.662
0.288556
0.317318
0.077765
0.434141
0.124288
0.58274
0.434993
0.2184
0.0520712
0.480549
0.19772
0.11906
0.10662
0.000272341
0.056301
0.125224
0.662
0.324336
0.662
0.490121
0.662
0.212026
0.128397
0.174713
0.0748326
0.502698
0.0282325
0.27545
0.662
0.0460749
0.0996201
0.662
0.609835
0.310448
0.165892
0.210703
0.0500796
0.129141
0.254699
0.0829016
0.662
0.106926
0.0828676
0.320688
0.272626
0.662
0.19024
0.0535462
0.246698
0.0924901
0.319855
0.170504
0.356491
0.662
0.366244
0.282776
0.0771675
0.0742506
0.330923
0.125071
0.45813
0.349661
0.633601
0.0923023
0.160777
0.0665179
0.258208
0.0984026
0.0285809
0.662
0.206831
0.0902131
0.0492676
0.0444396
0.662
0.172813
0.0834206
0.662
0.276497
0.147103
0.497822
0.0920749
0.0517612
0.0626829
0.140925
0.662
0.179639
0.253871
0.174591
0.223595
0.0322419
0.475916
0.268873
0.542392
0.431502
0.31887
0.0774258
0.637509
0.0702334
0.279627
0.285875
0.342992
0.109239
0.304286
0.129662
0.662
0.107209
0.337019
0.137386
0.662
0.025281
0.662
0.0612633
0.139161
0.220001
0.351771
0.662
0.12851
0.284802
0.169873
0.102731
0.0766174
0.0643706
0.10076
0.224283
0.314596
0.662
0.124934
0.348524
0.239398
0.556988
0.662
0.0864255
0.0138206
0.29122
0.0980074
0.467937
0.275259
0.153299
0.314307
0.151212
0.0713469
0.478793
0.307271
0.39956
0.503189
0.0793143
0.177621
0.140688
0.0758907
0.0931852
0.064827
0.22483
0.0834631
0.226616
0.143086
0.662
0.210222
0.121053
0.0367665
0.149584
0.160975
0.0513615
0.662
0.136355
0.0675985
0.245849
0.662
0.196242
0.662
0.136445
0.343275
0.0333254
0.26759
0.13925
0.450325
0.488119
0.472052
0.250523
0.630654
0.0761265
0.662
0.0795261
0.0614125
0.0435419
0.619291
0.196934
0.362922
0.662
0.662
0.0837525
0.347316
0.0975804
0.197728
0.662
0.184569
0.28703
0.147407
0.283919
0.376119
0.117296
0.390778
0.596854
0.132881
0.128172
0.662
0.47242
0.516657
0.279415
0.214573
0.0808416
0.293391
0.243759
0.368706
0.186913
0.521161
0.0141935
0.662
0.65239
0.0571522
0.662
0.142057
0.140916
0.217586
0.662
0.431409
0.240553
0.152488
0.348033
0.056591
0.0963422
0.127657
0.399178
0.348354
0.168473
0.662
0.168852
0.388874
0.184341
0.267554
0.244507
0.222949
0.274344
0.662
0.091969
0.0687308
0.401371
0.662
0.662
0.256595
0.662
0.380052
0.347161
0.0977941
0.168126
0.291363
0.213462
0.370699
0.109112
0.27132
0.0918772
0.18432
0.125328
0.354436
0.144414
0.164348
0.12325
0.0479478
0.136881
0.264587
0.0854427
0.341574
0.215752
0.279691
0.0754305
0.247019
0.29628
0.150508
0.546506
0.0372758
0.120721
0.244184
0.257855
0.230517
0.0944831
0.186792
0.662
0.236412
0.442733
0.0512613
0.0678478
0.348679
0.379666
0.376173
0.0428194
0.662
0.590855
0.0784803
0.5538
0.0755412
0.0933537
0.252072
0.183679
0.221281
0.279351
0.0824176
0.103761
0.190558
0.381728
0.0724682
0.507457
0.477889
0.317855
0.39099
0.141065
0.662
0.202502
0.662
0.662
0.0430421
0.662
0.0658893
0.549361
0.293561
0.274767
0.662
0.662
0.153681
0.269001
0.662
0.553678
0.151699
0.266002
0.662
0.179907
0.084175
0.348959
0.662
0.662
0.449258
0.137288
0.108374
0.134507
0.662
0.128449
0.187126
0.44952
0.167216
0.0575713
0.085546
0.0313691
0.0530894
0.0617703
0.34477
0.577286
0.0139208
0.341565
0.25343
0.186595
0.235701
0.205232
0.131135
0.429408
0.0942932
0.564926
0.146691
0.662
0.373233
0.361464
0.211856
0.1034
0.662
0.662
0.149773
0.112926
0.106502
0.402086
0.0164488
0.134394
0.412962
0.344172
0.0933133
0.152894
0.0117471
0.0998976
0.454113
0.195734
0.050053
0.308463
0.232994
0.172993
0.240322
0.261448
0.0617701
0.621651
0.662
0.377166
0.133536
0.357434
0.614722
0.469734
0.326318
0.331485
0.654254
0.240006
0.510621
0.162574
0.662
0.451578
0.0957084
0.650128
0.662
0.278511
0.27604
0.133369
0.310976
0.335302
0.142124
0.0747268
0.22461
0.383264
0.0933065
0.0715587
0.215567
0.545695
0.274799
0.34801
0.39624
0.133237
0.334831
0.208811
0.662
0.0751313
0.28103
0.23967
0.0874337
0.0971004
0.137825
0.192395
0.364194
0.217888
0.286752
0.281589
0.139356
0.531878
0.662
0.312893
0.0564105
0.109817
0.375063
0.342842
0.0469571
0.424398
0.288026
0.662
0.430608
0.0669907
0.0823669
0.00198034
0.662
0.233122
0.179248
0.662
0.585541
0.254367
0.259703
0.281616
0.151675
0.0307821
0.0662025
0.662
0.147518
0.662
0.0362442
0.662
0.0677557
0.0786492
0.193156
0.0972387
0.293393
0.262672
0.375981
0.370606
0.662
0.470506
0.404937
0.151309
0.199445
0.106898
0.103959
0.287505
0.38598
0.0917509
0.0762896
0.662
0.0669795
0.0915667
0.125819
0.456932
0.423614
0.0524764
0.141031
0.352317
0.334746
0.445618
0.280787
0.241842
0.452027
0.662
0.502415
0.217822
0.0657772
0.0358999
0.662
0.123559
0.163898
0.11272
0.210871
0.662
0.104771
0.279372
0.0433035
0.0481828
0.0252058
0.191986
0.0702371
0.415737
0.123017
0.441055
0.662
0.255521
0.252473
0.0712722
0.23673
0.31374
0.190025
0.192171
0.514968
0.168405
0.528407
0.135064
0.0763308
0.121757
0.0644788
0.352589
0.0655943
0.603794
0.46733
0.184768
0.662
0.414441
0.440293
0.133089
0.152952
0.0785605
0.0685854
0.216029
0.338103
0.639508
0.642816
0.240609
0.197192
0.0621353
0.390548
0.177475
0.562481
0.157769
0.307201
0.578706
0.220312
0.22503
0.277115
0.488584
0.20087
0.120083
0.139228
0.10098
0.426333
0.107916
0.298873
0.132048
0.521912
0.0313336
0.218534
0.0346735
0.0690626
0.633694
0.316212
0.201753
0.217461
0.141009
0.117305
0.0430453
0.254648
0.10027
0.300767
0.182461
0.362219
0.022892
0.353071
0.0819384
0.133154
0.146346
0.244001
0.0767456
0.110969
0.305537
0.166112
0.382648
0.0458052
0.141244
0.627008
0.662
0.0498582
0.0869159
0.0201604
0.081525
0.0910094
0.48403
0.0712013
0.15255
0.0699727
0.185805
0.523085
0.166825
0.618664
0.221253
0.242791
0.453729
0.0772036
0.319671
0.280205
0.206867
0.373225
0.662
0.179508
0.056859
0.169787
0.119386
0.100031
0.265545
0.068534
0.662
0.233261
0.308635
0.662
0.0601584
0.105065
0.0726863
0.0930294
0.336288
0.106689
0.257549
0.17873
0.116619
0.119098
0.135692
0.121395
0.120769
0.503797
0.149129
0.579858
0.208448
0.0310937
0.210137
0.564314
0.0598401
0.176986
0.1938
0.124341
0.333655
0.0766835
0.467033
0.0680831
0.0634407
0.161399
0.250975
0.633939
0.370881
0.0670028
0.647015
0.368389
0.439217
0.385526
0.129128
0.220321
0.323424
0.551958
0.662
0.160083
0.372338
0.440359
0.253322
0.100542
0.144821
0.233798
0.0762411
0.662
0.0827213
0.0459542
0.613492
0.145462
0.0639841
0.125117
0.112338
0.242222
0.197532
0.0771208
0.499052
0.0281168
0.0660942
0.0743168
0.0871415
0.662
0.662
0.325888
0.273617
0.0443313
0.365454
0.662
0.628968
0.123666
0.0194683
0.00590658
0.337638
0.662
0.561573
0.205079
0.203168
0.0970449
0.226852
0.093812
0.236542
0.0524199
0.662
0.662
0.131675
0.662
0.599598
0.616094
0.662
0.282012
0.0742015
0.662
0.662
0.0827731
0.206719
0.300018
0.29687
0.611696
0.125226
0.303524
0.0213923
0.0415635
0.235537
0.428027
0.0234677
0.390301
0.662
0.297038
0.662
0.36711
0.153947
0.0921413
0.562141
0.112848
0.0530835
0.662
0.196729
0.134399
0.208411
0.662
0.230983
0.172435
0.0463753
0.421832
0.238965
0.662
0.142285
0.011052
0.224885
0.300472
0.661864
0.25824
0.130514
0.324157
0.1549
0.501095
0.0735436
0.197848
0.662
0.221348
0.0845409
0.187435
0.285134
0.310265
0.662
0.662
0.476072
0.0430386
0.0190151
0.204616
0.662
0.16764
0.171446
0.114046
0.344731
0.45735
0.139081
0.0512092
0.348184
0.0917841
0.161765
0.426942
0.357578
0.122275
0.189521
0.447661
0.256109
0.662
0.132509
0.358264
0.102138
0.0299485
0.078312
0.573474
0.326526
0.237145
0.162149
0.0546562
0.110116
0.662
0.113567
0.0532108
0.208904
0.461317
0.239843
0.0994441
0.00268387
0.40896
0.370165
0.0859865
0.662
0.662
0.505695
0.128722
0.11613
0.662
0.0659483
0.0755262
0.054147
0.0700023
0.261134
0.25497
0.290144
0.166657
0.191334
0.0520158
0.089718
0.658558
0.091271
0.501923
0.138957
0.0836121
0.662
0.213026
0.313958
0.371036
0.0733473
0.662
0.457553
0.148251
0.504556
0.262117
0.0629582
0.0374652
0.122513
0.137844
0.192478
0.181423
0.272613
0.0415796
0.580923
0.662
0.662
0.16518
0.662
0.479418
0.214927
0.662
0.43804
0.188113
0.249697
0.0763339
0.190183
0.0653103
0.150838
0.244556
0.322374
0.317748
0.337214
0.662
0.0867674
0.136087
0.128816
0.155165
0.140975
0.0681677
0.445608
0.662
0.288831
0.292972
0.411044
0.402463
0.625647
0.662
0.174204
0.0558163
0.150167
0.0758536
0.662
0.471075
0.442291
0.1923
0.168302
0.300655
0.383975
0.0731377
0.0862741
0.480658
0.0459161
0.0994895
0.304394
0.180358
0.488582
0.0868421
0.662
0.0578564
0.156561
0.1122
0.00299629
0.662
0.259193
0.272319
0.103667
0.117953
0.44603
0.220426
0.11584
0.650546
0.094221
0.0842481
0.163353
0.219126
0.662
0.300374
0.662
0.263571
0.46238
0.132257
0.306653
0.352405
0.453889
0.662
0.134904
0.0545299
0.0431261
0.287165
0.110662
0.0457927
0.662
0.0693815
0.39645
0.0601315
0.0185138
0.395824
0.495911
0.466834
0.22155
0.312588
0.273708
0.51544
0.221974
0.662
0.662
0.153413
0.0775598
0.39262
0.358864
0.0333252
0.0661057
0.662
0.163097
0.115036
0.0572586
0.290458
0.484706
0.0465907
0.131571
0.0811209
0.510233
0.017965
0.640481
0.299583
0.340832
0.0874512
0.240418
0.193866
0.416601
0.144033
0.297629
0.0619962
0.112477
0.302608
0.282577
0.0708013
0.282
0.624672
0.136901
0.0838606
0.147815
0.147933
0.0665417
0.154674
0.662
0.417017
0.138611
0.153557
0.331451
0.348303
0.662
0.586832
0.255918
0.0640664
0.0695821
0.132323
0.662
0.0811894
0.0389834
0.256378
0.0109692
0.00486611
0.0539241
0.0895477
0.42391
0.0749829
0.115731
0.131651
0.572052
0.662
0.0495034
0.201429
0.310778
0.0843653
0.397799
0.0971598
0.0913852
0.0770372
0.476357
0.343618
0.536874
0.194774
0.253052
0.290201
0.120903
0.281399
0.119953
0.125963
0.11216
0.662
0.0756255
0.159582
0.662
0.0803676
0.316655
0.662
0.17226
0.210276
0.662
0.143504
0.161843
0.400751
0.333392
0.637785
0.288198
0.00770209
0.108336
0.362742
0.172306
0.152906
0.0830799
0.299426
0.16686
0.347093
0.0507853
0.662
0.0320032
0.0900064
0.187657
0.050645
0.145822
0.614225
0.3927
0.662
0.572342
0.107724
0.373737
0.228078
0.115225
0.535224
0.197303
0.135465
0.0901473
0.168923
0.0532842
0.0749234
0.256789
0.482499
0.340377
0.0370886
0.26665
0.547999
0.0998123
0.662
0.132415
0.124558
0.166522
0.166458
0.662
0.0685515
0.151886
0.316778
0.102726
0.190404
0.335002
0.176956
0.05085
0.135266
0.276296
0.662
0.179221
0.662
0.0728102
0.662
0.268241
0.187766
0.662
0.117092
0.329515
0.186033
0.0526055
0.326057
0.321725
0.189244
0.662
0.50439
0.0491601
0.596782
0.0915797
0.335947
0.341979
0.193303
0.662
0.0491893
0.0626196
0.411271
0.0937833
0.422906
0.286396
0.570452
0.662
0.181663
0.325868
0.245115
0.338276
0.125167
0.526238
0.188114
0.0699812
0.102107
0.168181
0.102465
0.390791
0.662
0.262665
0.662
0.555653
0.112564
0.184961
0.124815
0.19789
0.485149
0.184016
0.12465
0.138897
0.121939
0.233114
0.65852
0.662
0.657181
0.477556
0.224518
0.149604
0.0443482
0.126014
0.218976
0.29446
0.133042
0.104569
0.330306
0.0827922
0.662
0.662
0.520379
0.079225
0.0662685
0.0917844
0.192275
0.545638
0.182528
0.147213
0.0822671
0.0380993
0.220385
0.662
0.050182
0.071219
0.00798922
0.195676
0.220808
0.662
0.0938861
0.0779674
0.662
0.156845
0.321209
0.662
0.643551
0.533128
0.166958
0.21456
0.248592
0.193339
0.0844475
0.662
0.264688
0.341205
0.154241
0.105694
0.13022
0.471595
0.273053
0.461707
0.180613
0.0965328
0.0891677
0.662
0.198929
0.106
0.11798
0.497331
0.0544579
0.254229
0.538645
0.123805
0.662
0.662
0.067426
0.580966
0.662
0.0850172
0.662
0.282269
0.662
0.332645
0.143664
0.108184
0.389182
0.358953
0.305839
0.419335
0.0925344
0.325874
0.183235
0.242938
0.174345
0.662
0.2274
0.197968
0.41447
0.647216
0.0849643
0.59827
0.464262
0.62453
0.232628
0.273621
0.662
0.655661
0.461143
0.117975
0.261967
0.0730793
0.379801
0.299883
0.0712049
0.121912
0.185257
0.156967
0.337155
0.159282
0.200777
0.265448
0.119737
0.322292
0.237016
0.112598
0.0876215
0.539771
0.662
0.0401401
0.448788
0.289652
0.0190479
0.149068
0.35192
0.177552
0.0993628
0.662
0.186833
0.29861
0.0717554
0.165078
0.289468
0.318406
0.0958491
0.107316
0.0727401
0.133392
0.240165
0.662
0.0140379
0.662
0.135735
0.0708915
0.071457
0.244525
0.560259
0.144468
0.185291
0.358957
0.662
0.169749
0.347393
0.349684
0.425124
0.448116
0.150364
0.280855
0.0795388
0.252993
0.532135
0.0782064
0.0320528
0.496704
0.571879
0.236407
0.603434
0.521964
0.662
0.268171
0.0892171
0.608724
0.154777
0.662
0.662
0.00350008
0.662
0.388969
0.0657385
0.662
0.242006
0.0886917
0.186746
0.118328
0.260649
0.653465
0.308097
0.155945
0.564523
0.33702
0.0575059
0.595754
0.0999767
0.358393
0.335036
0.176146
0.558843
0.370876
0.575925
0.0631645
0.662
0.21527
0.220322
0.595628
0.275836
0.662
0.262232
0.11753
0.0507486
0.224405
0.274481
0.118537
0.662
0.086737
0.226495
0.517139
0.662
0.662
0.152511
0.346264
0.324223
0.0962783
0.401128
0.184389
0.027391
0.205823
0.181953
0.058856
0.0656047
0.662
0.281448
0.0342629
0.210238
0.180179
0.213088
0.188302
0.46468
0.201453
0.0910451
0.305929
0.150562
0.578512
0.662
0.469213
0.214066
0.103102
0.0991845
0.20897
0.630278
0.0507152
0.0902207
0.0793115
0.662
0.16191
0.0432777
0.128139
0.662
0.579627
0.149005
0.162642
0.23326
0.129006
0.331749
0.118279
0.430921
0.158487
0.22856
0.0618142
0.433486
0.108661
0.358968
0.192556
0.662
0.273756
0.662
0.173792
0.0700088
0.48922
0.08125
0.145287
0.0875351
0.19606
0.381804
0.132455
0.138506
0.150785
0.0975886
0.172146
0.551223
0.472202
0.662
0.187771
0.0456852
0.104495
0.27805
0.589737
0.662
0.662
0.660868
0.0794227
0.160767
0.322028
0.610342
0.366298
0.623067
0.165982
0.271637
0.0762604
0.662
0.662
0.145171
0.370465
0.662
0.0320331
0.231155
0.129205
0.2948
0.255836
0.0962441
0.649352
0.46279
0.105387
0.351756
0.118998
0.135304
0.095567
0.16795
0.124505
0.122342
0.165462
0.523225
0.438207
0.662
0.408471
0.154639
0.357101
0.532931
0.167012
0.298201
0.662
0.0423253
0.375942
0.231635
0.258147
0.357747
0.250678
0.0260761
0.453355
0.182372
0.410821
0.462585
0.201022
0.190193
0.272337
0.205789
0.26974
0.3192
0.662
0.0780784
0.0545529
0.662
0.138329
0.107307
0.0061936
0.197881
0.447845
0.662
0.012392
0.274777
0.662
0.662
0.243695
0.187166
0.173899
0.0664179
0.132352
0.340467
0.295026
0.0726491
0.214177
0.160594
0.10132
0.194628
0.145101
0.0830783
0.662
0.586543
0.288124
0.0972812
0.150796
0.300172
0.66167
0.648543
0.164779
0.308468
0.195763
0.662
0.365146
0.182835
0.463934
0.572463
0.0454696
0.507685
0.0876339
0.0718044
0.662
0.061896
