0.604973
0.351303
0.265388
0.0596824
0.230855
0.214674
0.146498
0.662
0.497431
0.529399
0.576736
0.417167
0.188424
0.167722
0.30263
0.166626
0.339444
0.204897
0.057699
0.497235
0.0841624
0.0625292
0.176093
0.186095
0.0643582
0.383484
0.0824788
0.0503894
0.615306
0.0433167
0.294341
0.148643
0.107129
0.155511
0.0474775
0.141117
0.252354
0.420269
0.119432
0.105931
0.151406
0.662
0.28889
0.138828
0.0768749
0.44245
0.0797077
0.0650331
0.1566
0.662
0.0617825
0.570155
0.0910564
0.182318
0.0384693
0.172493
0.372597
0.117189
0.326145
0.662
0.0604248
0.577854
0.28703
0.196321
0.0639501
0.330166
0.0745023
0.429616
0.164301
0.399674
0.531754
0.185321
0.0772364
0.3633
0.49636
0.447321
0.0213111
0.481811
0.153201
0.271684
0.662
0.532988
0.275868
0.662
0.0730565
0.145358
0.0834433
0.0385982
0.423846
0.14871
0.298683
0.0812513
0.662
0.415737
0.21094
0.243208
0.465964
0.100691
0.0485108
0.454284
0.0961421
0.088773
0.180605
0.082239
0.0932819
0.297572
0.053005
0.662
0.339362
0.414581
0.324591
0.0662749
0.137919
0.124345
0.205097
0.217899
0.593466
0.0791808
0.09992
0.146773
0.106522
0.0600722
0.101242
0.208906
0.159661
0.662
0.662
0.61703
0.463084
0.354581
0.117222
0.103648
0.463119
0.0788834
0.336574
0.426446
0.05545
0.589429
0.421281
0.194691
0.0830147
0.174457
0.182772
0.539005
0.529375
0.425251
0.139358
0.342085
0.431866
0.0959581
0.264594
0.572553
0.0541834
0.391284
0.264314
0.127051
0.0736124
0.203274
0.0646475
0.0597139
0.135867
0.484014
0.306361
0.122786
0.278541
0.662
0.0351455
0.292975
0.104099
0.662
0.208149
0.574196
0.356339
0.545987
0.359049
0.415364
0.582759
0.190855
0.162709
0.0572867
0.0871014
0.223439
0.256373
0.173344
0.525506
0.0434978
0.0553774
0.499353
0.14972
0.0748733
0.204563
0.164049
0.322368
0.662
0.662
0.134557
0.662
0.515717
0.662
0.260516
0.212284
0.617755
0.137802
0.662
0.132999
0.0408332
0.0787832
0.302476
0.129421
0.124866
0.262073
0.070424
0.192034
0.117998
0.510531
0.0848665
0.171842
0.662
0.550419
0.0255926
0.267767
0.293561
0.0944607
0.109802
0.189923
0.210945
0.0496029
0.191715
0.362853
0.652332
0.0505443
0.586234
0.288558
0.523949
0.0630198
0.227971
0.486073
0.370203
0.188926
0.280755
0.13922
0.309869
0.516949
0.0194729
0.116477
0.409066
0.190249
0.662
0.10423
0.387695
0.158521
0.171557
0.150432
0.637464
0.149266
0.549258
0.143811
0.191299
0.521451
0.0398461
0.0655071
0.130271
0.0649911
0.662
0.0850869
0.195024
0.0379963
0.296846
0.200405
0.451109
0.397281
0.662
0.0958922
0.200444
0.662
0.662
0.109797
0.111883
0.534809
0.166408
0.0579152
0.0945207
0.102673
0.441619
0.300512
0.354841
0.141285
0.10485
0.320638
0.123611
0.0679769
0.0535011
0.116152
0.0530418
0.052729
0.275042
0.0949084
0.393745
0.545383
0.429511
0.662
0.254331
0.662
0.123159
0.543647
0.0620077
0.662
0.662
0.1828
0.662
0.662
0.0363224
0.662
0.128712
0.43414
0.0335432
0.24707
0.165688
0.405226
0.152335
0.193433
0.349949
0.0957761
0.31242
0.155266
0.162111
0.198647
0.183431
0.295148
0.226335
0.370494
0.570997
0.250088
0.112552
0.238893
