0.0561511
0.141618
0.333268
0.36301
0.199
0.0375644
0.293778
0.0736061
0.291798
0.221775
0.209828
0.11329
0.264423
0.662
0.213395
0.636289
0.609114
0.120964
0.662
0.329312
0.209961
0.196391
0.0920021
0.0983455
0.552736
0.662
0.662
0.0956441
0.0612946
0.0815314
0.0997931
0.164052
0.154754
0.156466
0.049039
0.54422
0.339337
0.0805575
0.098068
0.338237
0.334742
0.228232
0.331327
0.193813
0.248498
0.208675
0.103776
0.120477
0.108108
0.114367
0.271444
0.0800808
0.280694
0.662
0.323898
0.662
0.153351
0.244627
0.169374
0.0686193
0.122317
0.0707204
0.17025
0.0575884
0.0971574
0.330284
0.389602
0.662
0.146987
0.16376
0.0535192
0.662
0.198521
0.188655
0.3124
0.0480568
0.0941025
0.0967054
0.451305
0.221325
0.141573
0.125334
0.42296
0.147462
0.662
0.194933
0.223763
0.0664255
0.662
0.297128
0.170251
0.662
0.662
0.28907
0.365169
0.0658219
0.0611569
0.105889
0.662
0.381316
0.662
0.340882
0.387331
0.393558
0.0366879
0.4484
0.25086
0.0875221
0.0873682
0.382287
0.0497138
0.0813047
0.293791
0.662
0.0266705
0.662
0.143098
0.265427
0.0897192
0.277492
0.215285
0.662
0.375854
0.108297
0.337801
0.416621
0.0219176
0.201729
0.109275
0.275956
0.662
0.417487
0.35713
0.600447
0.146643
0.12197
0.137219
0.222229
0.0182714
0.17155
0.214365
0.329916
0.217667
0.144162
0.127685
0.0987604
0.110594
0.176757
0.136948
0.176803
0.307548
0.0867289
0.662
0.143433
0.0891826
0.191058
0.287686
0.618895
0.133932
0.131669
0.0405789
0.440341
0.0629791
0.132864
0.0838717
0.266291
0.130138
0.10457
0.299969
0.169848
0.448741
0.662
0.102235
0.157346
0.17954
0.578904
0.05921
0.417688
0.488818
0.559584
0.0386486
0.299377
0.662
0.429768
0.171117
0.662
0.444632
0.662
0.0827927
0.0822093
0.162099
0.207897
0.111715
0.263445
0.662
0.257935
0.0785092
0.337233
0.124823
0.193007
0.0746928
0.116291
0.171074
0.350113
0.0587964
0.311478
0.115185
0.186148
0.0125533
0.115799
0.0512884
0.300798
0.287878
0.506832
0.0187594
0.00222552
0.440528
0.0849588
0.0718181
0.23989
0.0475955
0.109965
0.0860381
0.314389
0.513909
0.0608865
0.662
0.0691196
0.132233
0.662
0.352811
0.302394
0.124912
0.0650821
0.61794
0.20643
0.106942
0.662
0.331104
0.154367
0.05734
0.407029
0.662
0.0795073
0.129953
0.156027
0.662
0.662
0.116048
0.662
0.104414
0.171718
0.400386
0.0773462
0.662
0.141801
0.359702
0.0685539
0.034879
0.196092
0.240897
0.0485578
0.101317
0.0985295
0.107332
0.268166
0.427292
0.446077
0.662
0.0668834
0.118789
0.300782
0.233475
0.360251
0.120448
0.307842
0.358398
0.221124
0.0554511
0.277822
0.0243872
0.302302
0.0167693
0.0818801
0.662
0.229068
0.0678321
0.088655
0.0525737
0.131276
0.662
0.662
0.144219
0.185076
0.662
0.0992076
0.0886622
0.115419
0.398926
0.0940309
0.0214562
0.134864
0.662
0.467771
0.540867
0.0654909
0.0790758
0.427882
0.207501
0.0721333
0.46332
0.206098
0.662
0.124262
0.323262
0.073457
0.662
0.195643
0.0629144
0.23697
0.469817
0.435739
0.0870365
0.461693
0.0986182
0.158078
0.359897
0.367571
0.0811728
0.662
0.2647
0.0140455
0.0629513
0.121314
0.275876
0.662
0.14153
0.105196
0.0585929
0.015943
0.229216
0.184316
0.521016
0.662
0.0790947
0.141853
0.180783
0.223928
0.373127
0.35102
0.109635
0.19576
0.662
0.234427
0.264743
0.0800192
0.377142
0.259529
0.201534
0.162975
0.0256417
0.250705
0.0388382
0.485219
0.0700049
0.12411
0.0766166
0.197961
0.564562
0.273014
0.344919
0.662
0.257213
0.161919
0.135972
0.204919
0.238944
0.389288
0.513112
0.155139
0.194731
0.0942577
0.297093
0.532776
0.401283
0.0777484
0.344573
0.191083
0.371841
0.157864
0.662
0.176721
0.0748784
0.662
0.662
0.482491
0.230102
0.143636
0.119225
0.387537
0.220956
0.661491
0.0270055
0.182393
0.075901
0.499766
0.0417178
0.0492469
0.662
0.191111
0.444896
0.262756
0.251711
0.09307
0.1036
0.0698167
0.647519
0.487186
0.159978
0.399978
0.0520772
0.662
0.662
0.157456
0.310893
0.0949519
0.662
0.105801
0.22808
0.00727994
0.361084
0.069879
0.662
0.0677337
0.0889735
0.13981
0.277395
0.213625
0.390138
0.105394
0.0933694
0.0349633
0.144351
0.112494
0.140087
0.174098
0.166223
0.325917
0.588718
0.507839
0.105642
0.0853741
0.234605
0.29651
0.354725
0.417018
0.662
0.00244691
0.341158
0.0630445
0.214667
0.271307
0.662
0.541418
0.267652
0.167591
0.412936
0.366706
0.174639
0.662
0.225576
0.0580743
0.165885
0.393723
0.638132
0.110481
0.131683
0.290898
0.305994
0.344708
0.0463754
0.0252607
0.0704449
0.264026
0.132618
0.518116
0.283775
0.186145
0.564139
0.649069
0.0761292
0.0727541
0.319087
0.0727774
0.100486
0.13075
0.161182
0.662
0.497327
0.347938
0.299697
0.0226438
0.18786
0.116766
0.174316
0.168176
0.0879454
0.434701
0.662
0.0627858
0.263487
0.0960535
0.0473304
0.662
0.106765
0.607729
0.662
0.662
0.361043
0.0627711
0.515049
0.266304
0.118887
0.0804251
0.451227
0.151588
0.0765725
0.132939
0.171164
0.0978184
0.266862
0.0532351
0.115472
0.5264
0.0293888
0.662
0.228387
0.177256
0.138103
0.183493
0.393157
0.160585
0.0773168
0.358559
0.0783909
0.144405
0.662
0.0852039
0.239981
0.118948
0.176291
0.217158
0.292322
0.290506
0.662
0.0961139
0.245399
0.2481
0.0767874
0.290339
0.270742
0.365856
0.0982788
0.177447
0.0360834
0.158726
0.326213
0.201069
0.0923519
0.0312767
0.438667
0.161609
0.662
0.114795
0.0883055
0.319493
0.116753
0.362018
0.443044
0.122415
0.112744
0.014032
0.365574
0.352004
0.0886546
0.0621261
0.231136
0.309006
0.377222
0.199723
0.299606
0.662
0.171581
0.111231
0.0979058
0.368304
0.561096
0.372
0.155426
0.0970374
0.565157
0.188477
0.0512833
0.163056
0.0620954
0.193651
0.0305057
0.140224
0.662
0.126849
0.239859
0.130181
0.141474
0.0431776
0.450403
0.109799
0.124555
0.129139
0.417421
0.62945
0.427853
0.35997
0.662
0.662
0.111325
0.0641548
0.106319
0.12661
0.481949
0.114414
0.141716
0.385848
0.662
0.072104
0.22532
0.246364
0.410579
0.281977
0.099738
0.101025
0.267212
0.206823
0.201219
0.334319
0.0711036
0.24017
0.109168
0.130701
0.374653
0.124228
0.217932
0.113317
0.0863293
0.662
0.369625
0.662
0.345456
0.403174
0.123533
0.662
0.184644
0.287391
0.470616
0.656821
0.43375
0.662
0.130222
0.278558
0.402767
0.491501
0.662
0.662
0.399092
0.268763
0.356901
0.178642
0.00522093
0.0805101
0.662
0.354695
0.354199
0.431988
0.165867
0.415502
0.0910706
0.152876
0.137063
0.658193
0.238122
0.0543621
0.251169
0.119144
0.23968
0.246406
0.475248
0.18861
0.101395
0.502275
0.162598
0.0664154
0.0103509
0.16685
0.662
0.140811
0.134029
0.662
0.0962836
0.393097
0.0285986
0.197403
0.399601
0.0568299
0.105804
0.558155
0.373038
0.177852
0.299808
0.308622
0.0677733
0.0131427
0.145542
0.363605
0.127795
0.0929161
0.166201
0.526751
0.597033
0.662
0.194278
0.474169
0.193495
0.192503
0.662
0.290735
0.662
0.510085
0.662
0.10156
0.101807
0.0865844
0.0809061
0.191808
0.271199
0.230024
0.00731199
0.177457
0.339147
0.101364
0.511349
0.0511648
0.274415
0.0538567
0.402676
0.319255
0.632916
0.480935
0.114731
0.540697
0.192287
0.180784
0.159901
0.0953369
0.481493
0.662
0.284671
0.0786719
0.662
0.184244
0.436733
0.266034
0.287047
0.470778
0.0479113
0.189443
0.170362
0.391614
0.662
0.284484
0.214355
0.0482761
0.375667
0.194895
0.147886
0.102495
0.267222
0.198998
0.094671
0.131758
0.405768
0.452068
0.0494564
0.11502
0.170736
0.662
0.662
0.226962
0.382098
0.0747681
0.662
0.157021
0.212408
0.0732471
0.213856
0.0864953
0.377329
0.298033
0.106397
0.221581
0.265099
0.0663747
0.00676123
0.596916
0.196616
0.14216
0.351125
0.18288
0.423864
0.141509
0.011044
0.189116
0.0545064
0.200796
0.662
0.597734
0.662
0.0755245
0.352079
0.0855481
0.158631
0.0665166
0.282406
0.0637449
0.662
0.609706
0.662
0.662
0.093123
0.328635
0.244809
0.149804
0.662
0.0177382
0.662
0.177374
0.451408
0.110536
0.0827099
0.0561694
0.235484
0.176614
0.116068
0.321289
0.166727
0.154362
0.291391
0.00588597
0.410592
0.214241
0.231264
0.143548
0.476443
0.662
0.0517485
0.280666
0.485046
0.11427
0.506875
0.426305
0.0931044
0.522612
0.189931
0.176175
0.0145854
0.164746
0.0526756
0.12737
0.0790017
0.0862254
0.572316
0.511886
0.194171
0.0891088
0.662
0.25894
0.18954
0.133226
0.0605893
0.611333
0.15299
0.147688
0.487437
0.0501328
0.0722216
0.662
0.194548
0.525253
0.183603
0.347526
0.381155
0.0801569
0.271418
0.315237
0.152683
0.0675526
0.319833
0.202864
0.30707
0.205203
0.395657
0.111567
0.242991
0.424178
0.145145
0.221538
0.662
0.096482
0.306509
0.457256
0.383664
0.641144
0.159065
0.0856718
0.315729
0.115575
0.316024
0.662
0.268496
0.300678
0.389516
0.662
0.0983065
0.156482
0.0504119
0.662
0.565241
0.102745
0.662
0.214161
0.662
0.232735
0.662
0.261649
0.60046
0.114336
0.101615
0.113491
0.526193
0.371178
0.0689572
0.386852
0.465394
0.00874845
0.0785888
0.0288681
0.229356
0.0518642
0.0911317
0.517561
0.0531053
0.161874
0.0252966
0.562985
0.159354
0.525614
0.191171
0.662
0.0195965
0.0580788
0.0688422
0.370027
0.18911
0.567106
0.452113
0.163706
0.35829
0.356487
0.140724
0.196494
0.614532
0.0675759
0.133163
0.0352977
0.187496
0.191113
0.19667
0.190935
0.45427
0.0850182
0.662
0.576253
0.173835
0.19347
0.0512557
0.170882
0.613858
0.477803
0.324639
0.108302
0.0430055
0.096618
0.275069
0.17291
0.173659
0.0508633
0.111187
0.370811
0.20359
0.662
0.282879
0.0106955
0.230542
0.24321
0.235468
0.333978
0.662
0.462324
0.404258
0.0833561
0.291303
0.244185
0.662
0.355047
0.662
0.091455
0.109591
0.0582276
0.200925
0.4371
0.662
0.250003
0.127563
0.110538
0.0738484
0.620252
0.105018
0.233871
0.138326
0.0623564
0.413092
0.0426955
0.433096
0.26205
0.0616408
0.2741
0.148414
0.0132457
0.662
0.662
0.0623819
0.23051
0.180752
0.240462
0.318914
0.108356
0.662
0.227858
0.339322
0.151031
0.211315
0.0538425
0.219607
0.0371015
0.00573526
0.0613645
0.298672
0.0688612
0.0897836
0.154971
0.0598704
0.0622863
0.359805
0.231006
0.0711194
0.662
0.370336
0.174372
0.254179
0.512636
0.662
0.34091
0.12756
0.107601
0.662
0.189452
0.662
0.210153
0.0655372
0.662
0.662
0.416909
0.597618
0.662
0.362242
0.608213
0.15089
0.662
0.247632
0.0998125
0.662
0.579233
0.662
0.105656
0.0156073
0.0338774
0.0549188
0.119887
0.112115
0.126096
0.662
0.100763
0.191794
0.277423
0.239853
0.257252
0.158576
0.0483396
0.209988
0.662
0.0416974
0.259023
0.097286
0.140836
0.150354
0.366296
0.0338037
0.423264
0.451527
0.0788205
0.000162212
0.662
0.149741
0.585308
0.162586
0.0461002
0.187369
0.271725
0.0693534
0.662
0.25383
0.106797
0.0909416
0.248127
0.419973
0.22886
0.0763673
0.142311
0.307303
0.289198
0.21921
0.662
0.507127
0.185525
0.162397
0.21375
0.132458
0.154351
0.182848
0.278778
0.136519
0.379225
0.662
0.304386
0.275596
0.0617217
0.46496
0.132203
0.185488
0.0667795
0.422869
0.335313
0.226582
0.662
0.640882
0.0835511
0.182868
0.0902478
0.359629
0.148593
0.248939
0.290447
0.662
0.297697
0.662
0.088224
0.376447
0.527984
0.161121
0.0829615
0.646904
0.0636817
0.0663215
0.281595
0.107383
0.662
0.662
0.0499211
0.235604
0.192953
0.0932267
0.0558221
0.0575113
0.601936
0.358753
0.662
0.244935
0.472728
0.270154
0.258177
0.0114198
0.121965
0.109927
0.289047
0.259987
0.198159
0.173761
0.164279
0.662
0.624217
0.181199
0.414552
0.269158
0.107507
0.257988
0.0575269
0.662
0.267934
0.530979
0.318243
0.135709
0.071641
0.303797
0.662
0.137639
0.120339
0.662
0.359
0.160928
0.280764
0.0747294
0.135738
0.215124
0.121114
0.229273
0.662
0.571539
0.154587
0.111913
0.147381
0.100241
0.227825
0.662
0.662
0.17128
0.370202
0.140822
0.362459
0.40562
0.134888
0.289312
0.107743
0.658392
0.220769
0.05869
0.0319872
0.0558949
0.106965
0.243424
0.0682555
0.13328
0.190229
0.589561
0.227219
0.0573887
0.108921
0.532631
0.522644
0.0496271
0.111138
0.157414
0.139021
0.424514
0.154329
0.184777
0.344983
0.662
0.662
0.226091
0.08957
0.0779074
0.140973
0.0550823
0.209484
0.427856
0.167935
0.198819
0.412721
0.0857964
0.656064
0.114572
0.461583
0.0953966
0.463419
0.211994
0.650315
0.299941
0.177344
0.0768989
0.305318
0.0388412
0.130107
0.616697
0.0436956
0.242058
0.429341
0.0825891
0.0376344
0.183195
0.143783
0.240094
0.336273
0.178785
0.239904
0.594529
0.0379041
0.662
0.104389
0.369765
0.195684
0.0839138
0.0165172
0.407032
0.0974284
0.183438
0.239893
0.222183
0.240179
0.662
0.198788
0.0320757
0.50058
0.662
0.126031
0.123159
0.0959371
0.171978
0.154237
0.190055
0.427803
0.0621736
0.403259
0.662
0.322985
0.622881
0.0436648
0.263428
0.109972
0.28418
0.599435
0.0544299
0.0989709
0.160713
0.133532
0.308711
0.368845
0.145246
0.519247
0.324296
0.0560808
0.407162
0.118419
0.337857
0.325137
0.0415672
0.523604
0.143188
0.162432
0.26611
0.662
0.172298
0.129649
0.209494
0.0494313
0.662
0.445541
0.662
0.158725
0.218394
0.193095
0.0699966
0.260757
0.156836
0.171085
0.507026
0.334878
0.389496
0.247894
0.155697
0.0784162
0.180069
0.110656
0.335527
0.186039
0.299133
0.300948
0.19659
0.0324343
0.627594
0.368838
0.173314
0.020474
0.662
0.0797501
0.340624
0.445914
0.0564823
0.623289
0.0907951
0.386734
0.0540829
0.513754
0.0623268
0.537123
0.279446
0.0972582
0.168155
0.415938
0.0800805
0.662
0.177284
0.0930548
0.591639
0.662
0.206203
0.0747792
0.361412
0.337736
0.566245
0.0209523
0.0613423
0.205618
0.391246
0.143011
0.0908645
0.0941044
0.00951983
0.577733
0.173686
0.493261
0.0856423
0.238999
0.12528
0.322419
0.421336
0.0744253
0.0382939
0.019572
0.245975
0.544855
0.317037
0.049231
0.0869969
0.10213
0.249172
0.149274
0.289338
0.0680236
0.270771
0.0555482
0.0760371
0.141832
0.0614824
0.0948259
0.22692
0.172358
0.0857314
0.0491867
0.320491
0.511903
0.46501
0.0314791
0.662
0.0147825
0.336397
0.0436151
0.175635
0.299966
0.0581457
0.584727
0.0668558
0.495054
0.662
0.341209
0.11668
0.131116
0.402585
0.662
0.108155
0.258149
0.236452
0.271642
0.160869
0.166865
0.662
0.354159
0.201782
0.186927
0.662
0.415383
0.0427292
0.122727
0.336818
0.128767
0.326394
0.487836
0.0658253
0.587712
0.662
0.662
0.263786
0.16101
0.103709
0.062775
0.463485
0.0850621
0.191372
0.11765
0.402956
0.662
0.438786
0.662
0.662
0.473424
0.0981374
0.105252
0.275585
0.266218
0.662
0.662
0.567523
0.338344
0.119523
0.229374
0.662
0.359694
0.0585583
0.662
0.221184
0.662
0.128524
0.157423
0.541382
0.0694545
0.156841
0.211136
0.0617346
0.315035
0.643647
0.0776324
0.0690006
0.249935
0.256816
0.445019
0.460377
0.0987395
0.662
0.128801
0.159038
0.0502427
0.0890139
0.329303
0.0852008
0.459859
0.215841
0.0890479
0.0448108
0.263921
0.106763
0.277878
0.209427
0.578954
0.0582973
0.115562
0.662
0.160641
0.436612
0.114251
0.0843237
0.13731
0.0973657
0.0760009
0.631855
0.662
0.0615699
0.383081
0.328741
0.309744
0.532416
0.0129112
0.0587259
0.112786
0.635488
0.49474
0.299175
0.310415
0.0683871
0.104737
0.199934
0.122013
0.0659167
0.319811
0.207323
0.0901856
0.662
0.287766
0.0671096
0.662
0.0173985
0.0706163
0.181851
0.137409
0.356448
0.480575
0.0590582
0.12351
0.163574
0.550297
0.264839
0.0614976
0.160117
0.276775
0.187506
0.280045
0.171271
0.261032
0.321114
0.662
0.301231
0.662
0.346286
0.117348
0.330336
0.118736
0.104365
0.210056
0.622171
0.440112
0.0348145
0.171502
0.188624
0.336012
0.0361021
0.10911
0.388247
0.170443
0.156081
0.0800895
0.582909
0.662
0.00716692
0.662
0.317291
0.0594009
0.391131
0.662
0.235918
0.0892142
0.102032
0.0740591
0.154296
0.157892
0.0627302
0.243662
0.217874
0.0986839
0.470833
0.111792
0.557148
0.662
0.448201
0.0492616
0.103799
0.197623
0.662
0.158944
0.565163
0.175304
0.136818
0.662
0.403443
0.331741
0.0527696
0.662
0.142598
0.0881731
0.662
0.120779
0.141996
0.0384804
0.137139
0.411548
0.337129
0.604557
0.511601
0.041033
0.0981438
0.393669
0.596127
0.662
0.259294
0.368487
0.039031
0.14281
0.662
0.0836879
0.166424
0.253525
0.440689
0.417316
0.559855
0.662
0.0942953
0.476167
0.19631
0.242929
0.183566
0.0830207
0.116032
0.0336047
0.281349
0.0880325
0.0836151
0.11421
0.225273
0.0599615
0.0529551
0.542752
0.214415
0.121017
0.0423383
0.116452
0.0718545
0.0556483
0.662
0.159377
0.210323
0.269793
0.0729488
0.272769
0.0223993
0.169235
0.122283
0.121581
0.0466647
0.133181
0.453524
0.224994
0.0147807
0.662
0.173304
0.0537182
0.0802328
0.616674
0.662
0.112284
0.236534
0.0618832
0.0292757
0.503153
0.153685
0.0269178
0.165652
0.373154
0.533363
0.662
0.0869178
0.55574
0.0495378
0.662
0.0500363
0.00345475
0.510535
0.103551
0.152904
0.0629485
0.433371
0.10112
0.0953639
0.0424965
0.0812961
0.125671
0.662
0.0866971
0.458339
0.192056
0.148957
0.0656563
0.0968308
0.0744065
0.178141
0.275412
0.662
0.336907
0.218553
0.108478
0.481828
0.23459
0.138477
0.102566
0.227702
0.0751596
0.0704789
0.0802142
0.376343
0.370758
0.344488
0.370445
0.662
0.184053
0.346068
0.180348
0.230856
0.0733444
0.0821603
0.197233
0.0562173
0.0747031
0.157616
0.662
0.198258
0.48905
0.2772
0.662
0.161194
0.194451
0.662
0.0532558
0.20849
0.161494
0.103734
0.111519
0.148957
0.662
0.309124
0.434164
0.662
0.147791
0.326329
0.234271
0.0657912
0.621139
0.0841258
0.662
0.339524
0.458773
0.046134
0.112023
0.212344
0.0924239
0.365208
0.662
0.183813
0.100526
0.0904636
0.662
0.150628
0.364303
0.655112
0.0906352
0.090096
0.0911897
0.297311
0.104444
0.662
0.106512
0.34974
0.216128
0.637735
0.662
0.140548
0.134636
0.401625
0.00810525
0.0494916
0.138174
0.177343
0.180137
0.165521
0.411169
0.620554
0.354348
0.510193
0.603436
0.107294
0.380107
0.179422
0.0680545
0.31813
0.41072
0.14307
0.648882
0.0987942
0.219041
0.352616
0.129223
0.46405
0.339529
0.0664397
0.211903
0.0307162
0.259435
0.0137295
0.662
0.52474
0.106711
0.0729002
0.3667
0.662
0.112833
0.134317
0.415403
0.124558
0.105884
0.161106
0.0507364
0.110738
0.130768
0.397803
0.254969
0.350179
0.0141337
0.102147
0.0560255
0.291302
0.293893
0.0384903
0.628406
0.113675
0.210502
0.22719
0.146541
0.114468
0.0861162
0.0950747
0.209502
0.0870737
0.105236
0.111112
0.662
0.519442
0.662
0.329782
0.267619
0.21484
0.234069
0.193706
0.251446
0.662
0.183574
0.368259
0.118721
0.110991
0.197079
0.118489
0.200541
0.274629
0.295093
0.2336
0.662
0.177333
0.285271
0.373225
0.110943
0.565069
0.294193
0.662
0.123393
0.129742
0.121105
0.491353
0.00690229
0.388872
0.0618257
0.103052
0.277727
0.406049
0.25336
0.0507403
0.0434547
0.139923
0.662
0.277894
0.498856
0.243041
0.321319
0.116592
0.471012
0.639191
0.217543
0.411662
0.345841
0.662
0.355762
0.0546689
0.260623
0.277585
0.407746
0.133881
0.385845
0.607916
0.226568
0.011023
0.307816
0.0135563
0.179941
0.096978
0.662
0.566148
0.408104
0.291655
0.0879963
0.628983
0.113835
0.647946
0.0224854
0.0449547
0.198006
0.227327
0.418242
0.183622
0.449332
0.662
0.0729082
0.250175
0.081728
0.312935
0.13787
0.158163
0.662
0.662
0.534111
0.18745
0.384174
0.364404
0.0286403
0.235557
0.391692
0.138392
0.195362
0.149369
0.0876819
0.0819062
0.180763
0.0841579
0.0668484
0.580211
0.662
0.340979
0.584509
0.156663
0.378342
0.15433
0.132149
0.343356
0.0434019
0.25627
0.662
0.149489
0.465202
0.103767
0.116231
0.0753825
0.0166804
0.0317573
0.0744952
0.07267
0.662
0.257916
0.183403
0.358535
0.119055
0.113056
0.28321
0.139157
0.311548
0.185688
0.213422
0.227533
0.459035
0.093299
0.662
0.027962
0.204592
0.183611
0.229706
0.662
0.0662211
0.210126
0.236217
0.662
0.634691
0.142862
0.0824267
0.129038
0.397284
0.179062
0.101118
0.453776
0.0822713
0.0452805
0.417222
0.075584
0.0865276
0.141652
0.144155
0.353718
0.662
0.13678
0.199077
0.617286
0.119959
0.177066
0.0843373
0.429187
0.510059
0.172243
0.207368
0.662
0.0979299
0.357096
0.0540243
0.287016
0.157555
0.132416
0.152677
0.388613
0.618933
0.201164
0.060352
0.0627837
0.0450153
0.662
0.544071
0.168687
0.645803
0.185584
0.362229
0.05935
0.662
0.143866
0.442789
0.531106
0.0866786
0.127584
0.149448
0.162636
0.619137
0.125571
0.502341
0.131867
0.509279
0.248389
0.377823
0.306944
0.110635
0.384018
0.515237
0.535046
0.65593
0.662
0.131496
0.0868189
0.528569
0.414909
0.106458
0.662
0.394947
0.055426
0.529633
0.591984
0.662
0.351058
0.132071
0.241838
0.14589
0.360734
0.662
0.443764
0.662
0.00591347
0.145556
0.114355
0.373863
0.536256
0.662
0.455345
0.106398
0.392019
0.472148
0.164204
0.205501
0.0836725
0.0894959
0.34826
0.235078
0.0385792
0.205332
0.191864
0.0708515
0.121091
0.0994235
0.0655159
0.15869
0.456583
0.325456
0.3783
0.248044
0.374571
0.662
0.403794
0.193505
0.166813
0.662
0.379393
0.400092
0.0135505
0.0908699
0.0488937
0.0855815
0.191111
0.563439
0.10977
0.334617
0.0802589
0.196426
0.0158026
0.53709
0.662
0.163453
0.207162
0.394928
0.18726
0.577846
0.074589
0.074782
0.24835
0.0563209
0.0727548
0.0531296
0.662
0.0648126
0.11771
0.160784
0.172569
0.0689436
0.389454
0.662
0.245467
0.270403
0.476053
0.03993
0.430326
0.662
0.0922623
0.0672116
0.662
0.105136
0.389361
0.37526
0.0599312
0.118915
0.0869067
0.1385
0.662
0.662
0.142558
0.0887363
0.0788404
0.064683
0.280562
0.662
0.0405773
0.447971
0.199335
0.146504
0.0822061
0.252571
0.0657383
0.184497
0.0234918
0.182505
0.245895
0.382253
0.196384
0.64068
0.0720199
0.321009
0.522499
0.160175
0.0815661
0.0913845
0.0963471
0.305769
0.121317
0.294887
0.662
0.640468
0.662
0.488202
0.060475
0.278973
0.119688
0.334254
0.43337
0.106669
0.662
0.602272
0.658381
0.0201112
0.662
0.662
0.273403
0.0697796
0.157551
0.0932215
0.113105
0.287298
0.538868
0.405152
0.164797
0.32202
0.179594
0.582967
0.268025
0.114704
0.397993
0.335638
0.662
0.22299
0.172526
0.318278
0.509898
0.257151
0.375589
0.217608
0.126939
0.299925
0.216879
0.365939
0.291256
0.116996
0.10166
0.191332
0.503091
0.152231
0.129442
0.103841
0.355264
0.126658
0.139359
0.188786
0.235871
0.0501871
0.0892788
0.057583
0.0641145
0.101591
0.389232
0.58219
0.274984
0.0742721
0.662
0.0604869
0.662
0.648614
0.0588505
0.170389
0.0862863
0.388424
0.450202
0.662
0.243434
0.06447
0.0538105
0.207252
0.115566
0.181883
0.0200627
0.205113
0.475807
0.662
0.357196
0.662
0.117847
0.187763
0.107176
0.0888939
0.38504
0.499364
0.1418
0.382606
0.0174659
0.234607
0.0570159
0.347912
0.503191
0.108611
0.128536
0.572557
0.0656242
0.662
0.0700556
0.259411
0.662
0.095529
0.200776
0.432696
0.140148
0.161981
0.124047
0.26818
0.0267998
0.194493
0.129234
0.0156234
0.222669
0.385163
0.662
0.0964385
0.662
0.521385
0.588851
0.046707
0.657559
0.476952
0.27729
0.217991
0.497834
0.092497
0.135591
0.531874
0.0758869
0.255578
0.0453661
0.364239
0.174293
0.245753
0.201586
0.261103
0.230965
0.446477
0.13838
0.259416
0.060146
0.0977652
0.00138918
0.662
0.024327
0.356559
0.623545
0.291747
0.176476
0.357759
0.426062
0.662
0.196127
0.662
0.347268
0.0713802
0.0716767
0.0961684
0.163807
0.207086
0.662
0.275461
0.662
0.578667
0.480553
0.625145
0.179728
0.39184
0.334174
0.0839534
0.302919
0.0587634
0.662
0.662
0.210175
0.123182
0.183592
0.113686
0.39358
0.320897
0.00570118
0.044525
0.14542
0.249278
0.374895
0.14059
0.662
0.0698133
0.662
0.265218
0.10078
0.207405
0.45107
0.0424162
0.322027
0.386997
0.192099
0.191253
0.135904
0.0323101
0.437976
0.122888
0.378547
0.637608
0.04955
0.511923
0.227598
0.334945
0.306342
0.0123707
0.137654
0.294056
0.618163
0.382774
0.00179515
0.157714
0.545585
0.190399
0.34717
0.522743
0.334785
0.227908
0.305756
0.594391
0.0860048
0.0670056
0.0635997
0.100204
0.393073
0.530256
0.662
0.163453
0.662
0.26241
0.116637
0.0553742
0.0953361
0.269086
0.144939
0.139967
0.0686729
0.622266
0.351408
0.0758743
0.519772
0.026637
0.340217
0.641777
0.387234
0.368172
0.230776
0.0720612
0.244902
0.164604
0.450399
0.0286005
0.14346
0.228544
0.26429
0.599225
0.19747
0.0822819
0.135162
0.0936181
0.343832
0.217251
0.252895
0.0297081
0.662
0.309474
0.141742
0.137988
0.037161
0.662
0.120604
0.0907018
0.260596
0.244382
0.0837571
0.182236
0.0569989
0.662
0.468272
0.662
0.645086
0.0853747
0.180647
0.250501
0.440128
0.280582
0.164951
0.1934
0.122917
0.103826
0.100009
0.161013
0.0246245
0.662
0.133589
0.417537
0.110237
0.373583
0.646514
0.227151
0.0944179
0.17056
0.108389
0.154665
0.0462017
0.047885
0.36198
0.136945
0.217412
0.662
0.129474
0.619074
0.662
0.662
0.0986887
0.0972742
0.19055
0.332616
0.426684
0.662
0.100132
0.662
0.360474
0.662
0.168645
0.172829
0.253372
0.114747
0.058777
0.476864
0.100058
0.102568
0.350655
0.450827
0.662
0.0754152
0.188797
0.0834211
0.0661257
0.150442
0.516119
0.396967
0.245089
0.662
0.0919912
0.610367
0.229234
0.198745
0.469583
0.0581214
0.0295061
0.662
0.662
0.255996
0.0626073
0.186164
0.0664336
0.261119
0.215111
0.1365
0.493553
0.621266
0.649324
0.596717
0.662
0.629647
0.129594
0.228503
0.316038
0.0968305
0.153637
0.53026
0.0730825
0.662
0.124048
0.0916995
0.491626
0.570172
0.662
0.113869
0.268682
0.431185
0.329817
0.582371
0.662
0.662
0.662
0.44874
0.164301
0.0862075
0.518382
0.134377
0.404363
0.174583
0.246041
0.132831
0.15733
0.0840507
0.662
0.0725887
0.0245097
0.0624583
0.164648
0.0797079
0.0596462
0.424739
0.0630285
0.239918
0.662
0.158198
0.0794204
0.283119
0.662
0.522239
0.262681
0.283876
0.30963
0.111841
0.612351
0.0440386
0.476617
0.662
0.662
0.25827
0.296014
0.34105
0.355822
0.662
0.477009
0.0272495
0.43488
0.662
0.662
0.577228
0.2259
0.236084
0.431158
0.662
0.412914
0.190414
0.0889201
0.259652
0.43401
0.148896
0.103366
0.225828
0.200971
0.237571
0.230701
0.392143
0.0461632
0.442616
0.662
0.115784
0.434695
0.109157
0.391
0.0682606
0.0647472
0.551485
0.662
0.0955951
0.662
0.174282
0.206897
0.218647
0.662
0.306666
0.662
0.296248
0.10105
0.0603759
0.0928498
0.119356
0.110126
0.0606133
0.244562
0.490445
0.301011
0.0225143
0.303416
0.231074
0.329226
0.172383
0.0579142
0.0539497
0.0683647
0.191871
0.294474
0.12632
0.662
0.06416
0.662
0.301249
0.0800066
0.122424
0.129368
0.153789
0.225345
0.157297
0.284313
0.662
0.150038
0.119021
0.084232
0.0944882
0.109341
0.148259
0.0729392
0.662
0.263472
0.0618332
0.0982919
0.0402878
0.441889
0.642266
0.0591234
0.11507
0.392838
0.662
0.17329
0.190506
0.0586693
0.320403
0.351509
0.216545
0.11324
0.0402819
0.208418
0.327875
0.162469
0.456829
0.662
0.0756868
0.0745317
0.415301
0.662
0.662
0.220526
0.206439
0.0521024
0.051622
0.0808651
0.0753312
0.523694
0.662
0.109161
0.662
0.364774
0.133588
0.609184
0.101504
0.268364
0.136985
0.297049
0.662
0.0922813
0.402654
0.662
0.118732
0.662
0.088613
0.662
0.207306
0.662
0.366365
0.228276
0.168484
0.224884
0.223866
0.156785
0.198455
0.0528746
0.265649
0.183623
0.300442
0.303391
0.662
0.0908712
0.12338
0.0373899
0.523524
0.296643
0.192354
0.442855
0.175126
0.502541
0.428583
0.495004
0.662
0.381508
0.401057
0.168039
0.12296
0.662
0.145524
0.169389
0.019005
0.18339
0.091297
0.175834
0.146006
0.662
0.105436
0.115897
0.0963127
0.0756163
0.525697
0.173434
0.397833
0.605402
0.274645
0.11475
0.128485
0.00557464
0.264994
0.0483346
0.098028
0.13377
0.0671173
0.301377
0.182139
0.662
0.206397
0.19471
0.352724
0.599848
0.662
0.280215
0.344845
0.113036
0.194415
0.527454
0.662
0.330172
0.620154
0.0519999
0.0575276
0.0697825
0.427138
0.334297
0.246078
0.0588575
0.301524
0.152216
0.252796
0.372071
0.0860832
0.662
0.472984
0.243342
0.144341
0.149697
0.00414197
0.0973224
0.187868
0.0939912
0.269443
0.479812
0.124548
0.236851
0.254559
0.128466
0.177926
0.121003
0.662
0.32822
0.139532
0.0726468
0.107085
0.662
0.216789
0.106608
0.171564
0.0574204
0.12924
0.517767
0.662
0.662
0.165435
0.662
0.182195
0.313328
0.495145
0.541643
0.130814
0.219372
0.070793
0.0613093
0.662
0.161528
0.0632214
0.145188
0.662
0.0171939
0.662
0.501858
0.374048
0.067907
0.41449
0.127073
0.057467
0.393448
0.191354
0.612215
0.169515
0.0621787
0.662
0.189197
0.338223
0.0553801
0.106155
0.0143639
0.267487
0.662
0.402433
0.128518
0.53102
0.0186759
0.208272
0.0506062
0.0426129
0.00834126
0.662
0.301026
0.0284553
0.149562
0.0905042
0.110305
0.236709
0.214661
0.193031
0.0535685
0.621659
0.662
0.201423
0.170545
0.662
0.627155
0.662
0.172014
0.400076
0.0585331
0.117608
0.244938
0.130237
0.0602568
0.228189
0.662
0.278347
0.290523
0.107537
0.173074
0.252736
0.334812
0.0185394
0.142757
0.375664
0.102159
0.662
0.107885
0.535899
0.0365743
0.24542
0.0899132
0.662
0.304517
0.0958496
0.245828
0.377301
0.0886701
0.0866439
0.0719082
0.662
0.2261
0.522385
0.0798977
0.105263
0.127565
0.577609
0.19007
0.394899
0.255748
0.601117
0.12337
0.293531
0.149665
0.0423728
0.494844
0.132537
0.0606725
0.0893787
0.557684
0.177212
0.0643502
0.0266715
0.170969
0.173165
0.219806
0.13915
0.360438
0.27961
0.0609091
0.273356
0.113684
0.117886
0.167394
0.163398
0.662
0.15044
0.368324
0.0352482
0.197886
0.162301
0.121246
0.0741456
0.110675
0.364838
0.662
0.317912
0.662
0.295556
0.326007
0.440181
0.136406
0.132732
0.244685
0.330576
0.0496635
0.275439
0.41352
0.538941
0.188999
0.132613
0.121751
0.0852808
0.187143
0.32582
0.0579786
0.157285
0.317204
0.0902201
0.16788
0.0448251
0.449836
0.0865717
0.309896
0.159346
0.190483
0.515651
0.204321
0.662
0.140469
0.662
0.225663
0.662
0.662
0.662
0.0697256
0.651203
0.662
0.0986431
0.0534382
0.662
0.256542
0.165296
0.177777
0.232341
0.0954439
0.112966
0.222928
0.238481
0.194435
0.0904969
0.624243
0.228053
0.167878
0.341351
0.381222
0.0586309
0.662
0.191635
0.189178
0.0605959
0.165495
0.528854
0.0967927
0.495084
0.0988066
0.506525
0.662
0.142981
0.0691949
0.173381
0.151727
0.173989
0.644826
0.30003
0.103821
0.195727
0.105464
0.481853
0.0743772
0.052187
0.144335
0.135071
0.328734
0.137281
0.662
0.244742
0.206426
0.662
0.249648
0.233399
0.440314
0.572734
0.0812915
0.405883
0.0130908
0.115906
0.337425
0.136496
0.0751028
0.0842629
0.193647
0.313018
0.662
0.171676
0.24446
0.662
0.144911
0.188468
0.114452
0.210336
0.500344
0.108842
0.204875
0.284643
0.278263
0.513771
0.175777
0.662
0.101401
0.457222
0.060387
0.197432
0.041859
0.200813
0.236818
0.469746
0.121964
0.230311
0.171773
0.0906332
0.154195
0.0657874
0.207732
0.177216
0.345468
0.662
0.514243
0.0885536
0.051366
0.537218
0.324095
0.233474
0.231224
0.2232
0.111419
0.157681
0.106592
0.0616025
0.18275
0.32874
0.304244
0.519863
0.485549
0.116032
0.118179
0.0982853
0.25748
0.131263
0.208699
0.0396174
0.0989556
0.248225
0.00042218
0.2356
0.349031
0.0281804
0.662
0.117886
0.144623
0.662
0.332391
0.261471
0.18661
0.662
0.0202356
0.0966383
0.662
0.310362
0.00121817
0.0541728
0.120393
0.662
0.109744
0.653886
0.0488335
0.476184
0.110781
0.245755
0.143026
0.324891
0.136985
0.053502
0.332847
0.129654
0.0814283
0.104561
0.0271625
0.152463
0.192642
0.148227
0.0766709
0.00376644
0.405458
0.103968
0.0610208
0.327367
0.662
0.0262193
0.379773
0.465853
0.515572
0.399338
0.036653
0.0914007
0.21057
0.662
0.439911
0.28664
0.048463
0.239444
0.0139267
0.0997591
0.117247
0.662
0.115003
0.271121
0.071916
0.231069
0.170515
0.147668
0.383908
0.113141
0.096982
0.0614286
0.106492
0.0543497
0.0860936
0.662
0.563134
0.318722
0.129954
0.339792
0.0933089
0.63785
0.184008
0.316038
0.36867
0.538796
0.241713
0.0584877
0.0537646
0.662
0.315035
0.546116
0.106228
0.248493
0.188777
0.133706
0.262725
0.6128
0.128206
0.144526
0.118838
0.397474
0.179624
0.662
0.638515
0.0759738
0.662
0.397875
0.0563407
0.0846168
0.0512331
0.050196
0.166503
0.662
0.124055
0.0598898
0.192287
0.239996
0.0656359
0.394868
0.662
0.0573831
0.0123442
0.173555
0.484303
0.199506
0.0268711
0.0423186
0.51833
0.283715
0.00964602
0.243991
0.145022
0.177392
0.662
0.130697
0.113279
0.0686545
0.336682
0.0810462
0.147028
0.514302
0.586586
0.63339
0.662
0.152948
0.343081
0.17471
0.598491
0.279179
0.240771
0.106713
0.165321
0.383492
0.289127
0.259658
0.0890957
0.134913
0.318882
0.228445
0.662
0.0703574
0.0623107
0.55217
0.192061
0.11025
0.0398897
0.0997624
0.286454
0.155776
0.51963
0.108785
0.350458
0.105977
0.0465271
0.209083
0.662
0.335611
0.403979
0.433007
0.0521593
0.111078
0.278853
0.213523
0.305291
0.200773
0.0757255
0.0352078
0.0735733
0.216572
0.0738499
0.605623
0.621502
0.0682689
0.31109
0.0959644
0.124553
0.0587943
0.0977429
0.651937
0.0731457
0.305603
0.0831944
0.0276851
0.214797
0.114766
0.413403
0.320668
0.26149
0.172262
0.343577
0.0814237
0.252637
0.114579
0.662
0.0827346
0.0425905
0.275293
0.153621
0.426303
0.13413
0.278642
0.0828207
0.405627
0.662
0.422005
0.331609
0.634446
0.098433
0.662
0.171929
0.188574
0.662
0.662
0.384191
0.116237
0.662
0.328526
0.338355
0.230929
0.275362
0.23243
0.12887
0.168458
0.654531
0.662
0.236198
0.227539
0.147856
0.662
0.0584767
0.058852
0.123998
0.0588294
0.130626
0.0559753
0.039002
0.149219
0.163356
0.111711
0.405124
0.175642
0.662
0.662
0.101343
0.662
0.22496
0.0338498
0.100485
0.662
0.236225
0.2144
0.662
0.280078
0.245281
0.662
0.221826
0.371792
0.269837
0.130611
0.106012
0.106645
0.0703256
0.166171
0.463743
0.0744523
0.662
0.416094
0.0454919
0.4375
0.108766
0.105869
0.423561
0.272795
0.109557
0.220445
0.294631
0.46789
0.119598
0.398009
0.662
0.274551
0.263028
0.102113
0.0753269
0.31938
0.529903
0.164762
0.662
0.00982151
0.354442
0.157649
0.416684
0.0935234
0.106921
0.616715
0.556236
0.067858
0.252311
0.128038
0.0933097
0.229407
0.102763
0.217609
0.145172
0.662
0.428929
0.0358306
0.0610905
0.21209
0.137936
0.136085
0.216621
0.145995
0.662
0.22936
0.176184
0.111714
0.222685
0.0448224
0.662
0.205383
0.10944
0.420039
0.0412629
0.309963
0.163917
0.465055
0.0860126
0.119896
0.152625
0.231748
0.188875
0.662
0.0715756
0.466791
0.397153
0.0615563
0.249912
0.0693155
0.175818
0.0802341
0.556698
0.642826
0.0679307
0.486116
0.285647
0.165502
0.13858
0.0793406
0.29116
0.19714
0.523843
0.285256
0.119467
0.113362
0.194044
0.413157
0.0961739
0.156988
0.0924795
0.0888913
0.0744679
0.303573
0.242267
0.110915
0.412031
0.662
0.278286
0.14774
0.19962
0.169198
0.504669
0.206054
0.662
0.11513
0.120356
0.662
0.662
0.662
0.390222
0.364726
0.295308
0.662
0.295005
0.0803203
0.140715
0.0613961
0.662
0.281889
0.287431
0.0655092
0.388078
0.0170435
0.092325
0.0841088
0.0844467
0.662
0.413276
0.0840427
0.569024
0.0648877
0.244253
0.408373
0.662
0.0521375
0.636353
0.0756906
0.0652064
0.0896063
0.380907
0.190359
0.139857
0.240235
0.551244
0.0390664
0.0423713
0.0996368
0.0705614
0.21384
0.121123
0.527364
0.662
0.230831
0.139994
0.33782
0.0473967
0.113998
0.44264
0.662
0.397573
0.511577
0.229273
0.135983
0.2076
0.0707271
0.330999
0.213441
0.613952
0.662
0.0889458
0.576572
0.200145
0.194612
0.143505
0.488186
0.640442
0.102062
0.274474
0.144697
0.290438
0.0934849
0.443841
0.1043
0.148605
0.446935
0.662
0.106694
0.179256
0.0722865
0.293933
0.0914093
0.662
0.175847
0.160937
0.154428
0.169054
0.439074
0.131836
0.0598522
0.418896
0.442125
0.662
0.0520788
0.432973
0.56493
0.233808
0.145785
0.192355
0.239337
0.292819
0.11341
0.148439
0.0789677
0.149283
0.149827
0.0502839
0.141507
0.474984
0.204218
0.120295
0.100234
0.0786875
0.19314
0.662
0.150852
0.139086
0.106107
0.414657
0.27744
0.0497269
0.569526
0.348511
0.176617
0.0735549
0.320528
0.0289875
0.115702
0.112868
0.291489
0.548985
0.387365
0.531384
0.46517
0.445587
0.279068
0.527702
0.337177
0.0973149
0.472011
0.662
0.327891
0.236019
0.662
0.223073
0.062602
0.12993
0.130881
0.267339
0.218096
0.62351
0.0452685
0.662
0.351874
0.266063
0.132636
0.126077
0.151721
0.212701
0.434226
0.126173
0.550977
0.662
0.189074
0.363082
0.0450306
0.296254
0.12584
0.114342
0.0841368
0.42745
0.236813
0.142345
0.161948
0.38646
0.3331
0.293621
0.594458
0.368716
0.12608
0.662
0.193062
0.662
0.122403
0.300177
0.131412
0.0480067
0.0535739
0.662
0.174572
0.057805
0.122253
0.662
0.0413597
0.0379893
0.0535256
0.563415
0.0730278
0.0506998
0.304928
0.239436
0.27695
0.662
0.0735473
0.199632
0.662
0.150175
0.154764
0.170281
0.0842718
0.107448
0.112323
0.662
0.139142
0.125969
0.305081
0.0669414
0.302002
0.216504
0.14079
0.662
0.296982
0.126662
0.0689488
0.193525
0.397243
0.136124
0.0931396
0.622207
0.662
0.647213
0.143232
0.191354
0.179906
0.136344
0.415504
0.104656
0.631922
0.0782508
0.419077
0.105036
0.055911
0.119524
0.0807058
0.278519
0.662
0.206346
0.231228
0.10059
0.140337
0.205401
0.662
0.179267
0.111854
0.494841
0.140115
0.17433
0.332812
0.412871
0.171802
0.123612
0.195235
0.17195
0.231905
0.268727
0.189865
0.134439
0.0859637
0.10498
0.0837119
0.475998
0.143097
0.203094
0.662
0.146584
0.662
0.346884
0.276855
0.0444734
0.216519
0.0839719
0.142131
0.0843596
0.175331
0.131248
0.0416797
0.131796
0.581816
0.116977
0.451621
0.191562
0.662
0.0223385
0.0875684
0.662
0.662
0.658056
0.497129
0.194749
0.15634
0.0895072
0.0800884
0.140768
0.110852
0.647792
0.446997
0.0919603
0.117978
0.0611242
0.662
0.103255
0.142475
0.206926
0.279109
0.066602
0.187322
0.236151
0.662
0.409336
0.229188
0.15272
0.662
0.662
0.0955201
0.0925775
0.177981
0.156974
0.187627
0.107705
0.0771884
0.115053
0.662
0.0846091
0.233604
0.365462
0.384529
0.285255
0.662
0.662
0.100885
0.662
0.381992
0.198482
0.347532
0.662
0.000287
0.34414
0.273664
0.580781
0.375237
0.0546939
0.662
0.0728275
0.205387
0.0826437
0.194099
0.662
0.0449792
0.224967
0.0417188
0.165251
0.188459
0.196642
0.218037
0.662
0.117397
0.120932
0.662
0.0587841
0.159209
0.214061
0.0625182
0.531815
0.0248252
0.662
0.371818
0.662
0.0868763
0.0755242
0.0119118
0.662
0.107777
0.208031
0.430821
0.0992488
0.662
0.165405
0.107122
0.0918919
0.202637
0.24599
0.00642385
0.172426
0.0580445
0.494866
0.0879466
0.125042
0.0639969
0.332367
0.662
0.346811
0.477515
0.289497
0.662
0.251966
0.0812454
0.0840244
0.00691567
0.280148
0.0441418
0.662
0.0422782
0.168215
0.662
0.198136
0.0757545
0.552341
0.0586708
0.0132819
0.662
0.662
0.0587023
0.521435
0.16292
0.213549
0.662
0.609385
0.105238
0.0838792
0.0294674
0.0822628
0.243866
0.131888
0.0875959
0.401346
0.0866532
0.259099
0.120226
0.334346
0.0568507
0.163655
0.662
0.0948038
0.293866
0.231337
0.556864
0.528107
0.0957714
0.0960738
0.168915
0.316425
0.319945
0.272564
0.662
0.069373
0.378353
0.148695
0.128394
0.662
0.515381
0.216851
0.473273
0.257309
0.171081
0.161461
0.0837383
0.662
0.415219
0.0698369
0.095074
0.117315
0.0561389
0.185971
0.0542604
0.344839
0.174711
0.311595
0.360346
0.0954327
0.4663
0.662
0.0505423
0.293701
0.137895
0.327504
0.662
0.118633
0.181995
0.118536
0.442708
0.365826
0.177075
0.0617714
0.59289
0.210906
0.132231
0.316808
0.0707246
0.08944
0.662
0.324809
0.0430202
0.421413
0.324838
0.201299
0.079063
0.648654
0.222962
0.662
0.085624
0.473526
0.387659
0.403668
0.662
0.246092
0.18516
0.0421433
0.0620382
0.299693
0.372987
0.246552
0.662
0.120295
0.232906
0.0784324
0.0696801
0.154736
0.101138
0.662
0.322531
0.662
0.112402
0.0888375
0.461008
0.27743
0.512894
0.253911
0.198582
0.0626714
0.077275
0.327225
0.200028
0.425659
0.0698727
0.18599
0.0620413
0.0552123
0.152429
0.589633
0.103534
0.662
0.0848742
0.142044
0.566003
0.294328
0.662
0.421488
0.0804187
0.187633
0.089462
0.130083
0.0976632
0.133625
0.662
0.0269673
0.304187
0.312003
0.161575
0.497422
0.366472
0.0866274
0.465008
0.0607263
0.16139
0.462218
0.137379
0.0575669
0.0933878
0.271386
0.0558599
0.236798
0.160528
0.222292
0.207085
0.198359
0.53513
0.203892
0.0731318
0.420888
0.380279
0.250311
0.206196
0.0839708
0.662
0.11245
0.105591
0.153866
0.662
0.256102
0.0615179
0.485342
0.124132
0.249024
0.23078
0.662
0.114586
0.236054
0.0595451
0.0380943
0.261541
0.502307
0.114298
0.0454628
0.193126
0.124919
0.166603
0.13361
0.0264213
0.171399
0.0618147
0.172181
0.0896065
0.243382
0.1121
0.303094
0.380229
0.662
0.585126
0.662
0.662
0.459788
0.487146
0.600711
0.499268
0.0141475
0.410312
0.662
0.118894
0.185746
0.116861
0.126908
0.176602
0.114142
0.314911
0.0549354
0.0213967
0.0612089
0.0606938
0.0392327
0.170726
0.187346
0.15005
0.0390527
0.248219
0.288225
0.259802
0.267966
0.325095
0.0453614
0.662
0.474743
0.215225
0.28089
0.564589
0.286398
0.305985
0.129402
0.121921
0.060636
0.289985
0.257682
0.662
0.0389605
0.0726026
0.107316
0.238728
0.122806
0.0928431
0.39438
0.0709585
0.634435
0.160747
0.662
0.241932
0.487653
0.120595
0.0744126
0.0440934
0.0224943
0.180264
0.234344
0.242644
0.466737
0.662
0.662
0.662
0.0922712
0.137919
0.360173
0.0701062
0.177116
0.144742
0.0539391
0.452234
0.357344
0.662
0.110211
0.1276
0.084823
0.125086
0.0573676
0.109955
0.298016
0.352482
0.214572
0.256039
0.23483
0.102081
0.320243
0.239859
0.0684112
0.0870343
0.46397
0.270599
0.534725
0.0950429
0.0728801
0.450007
0.137787
0.124347
0.386564
0.425715
0.662
0.208936
0.202681
0.662
0.662
0.385179
0.662
0.337952
0.662
0.359205
0.633666
0.462343
0.478609
0.180533
0.421791
0.662
0.0192749
0.0592326
0.325265
0.379755
0.530801
0.662
0.486418
0.490972
0.359671
0.0335378
0.300321
0.250474
0.662
0.181092
0.662
0.279
0.199655
0.490906
0.662
0.133666
0.211761
0.0486793
0.281294
0.273598
0.225284
0.0914194
0.407044
0.0751598
0.0847928
0.387219
0.0253013
0.662
0.662
0.175565
0.0922866
0.354552
0.662
0.662
0.169007
0.0462825
0.662
0.352231
0.149074
0.0944543
0.592799
0.385131
0.662
0.533367
0.0924581
0.265694
0.390159
0.11403
0.095791
0.140577
0.183657
0.106278
0.094372
0.193333
0.662
0.17133
0.112093
0.0757089
0.59065
0.179058
0.00756001
0.0762524
0.662
0.0391992
0.334955
0.662
0.201557
0.064336
0.30387
0.0858384
0.208636
0.102381
0.14817
0.299364
0.110902
0.0403574
0.321659
0.370335
0.0832459
0.0879636
0.0748093
0.107961
0.662
0.0586618
0.0412856
0.0800049
0.105386
0.124015
0.548887
0.241801
0.231563
0.442761
0.662
0.158985
0.450205
0.662
0.0895881
0.662
0.0798646
0.36594
0.0413122
0.457309
0.221161
0.147579
0.130104
0.191961
0.142298
0.345286
0.218791
0.260757
0.151643
0.181215
0.151423
0.0674819
0.431024
0.579182
0.114972
0.0182738
0.117694
0.414252
0.310917
0.151823
0.100255
0.0521025
0.190104
0.185678
0.090443
0.0666619
0.147982
0.662
0.131118
0.187741
0.193962
0.30442
0.421676
0.169727
0.145949
0.152741
0.662
0.138399
0.167896
0.0813093
0.195585
0.395084
0.206252
0.174341
0.0993939
0.190011
0.207507
0.378635
0.1703
0.146943
0.44361
0.662
0.159799
0.332136
0.662
0.104187
0.0837118
0.052292
0.068444
0.128537
0.338288
0.0938263
0.402134
0.137487
0.497693
0.195019
0.0859526
0.201228
0.0667865
0.171443
0.15311
0.138519
0.161852
0.153323
0.227925
0.156739
0.517367
0.0879679
0.205319
0.142668
0.337537
0.0866874
0.293503
0.301716
0.055753
0.129869
0.190868
0.185425
0.510459
0.387622
0.198919
0.0765317
0.380838
0.463659
0.049343
0.0998302
0.662
0.0855522
0.662
0.0606065
0.569064
0.654631
0.431636
0.105257
0.162575
0.177015
0.0268841
0.074358
0.488744
0.0522639
0.553537
0.100496
0.299914
0.0866867
0.16612
0.251296
0.137531
0.0855908
0.357251
0.248496
0.165796
0.208398
0.135804
0.530628
0.315615
0.285761
0.398018
0.24507
0.662
0.286028
0.211611
0.662
0.6381
0.224149
0.235454
0.265916
0.233715
0.129579
0.358669
0.439237
0.0755265
0.249886
0.662
0.119802
0.662
0.10382
0.118867
0.376619
0.0161125
0.0785746
0.33079
0.662
0.141172
0.00862122
0.302077
0.0661511
0.454765
0.152116
0.209298
0.221847
0.399578
0.170522
0.0938655
0.662
0.662
0.308429
0.107902
0.108045
0.230238
0.198827
0.00421175
0.236643
0.171276
0.287767
0.16483
0.106651
0.114901
0.662
0.256905
0.0734403
0.273415
0.220622
0.567807
0.12156
0.0837269
0.130619
0.499209
0.662
0.256638
0.662
0.242091
0.032306
0.239441
0.10148
0.195828
0.0936422
0.268606
0.161269
0.2175
0.259189
0.662
0.15968
0.529058
0.204014
0.165399
0.126929
0.64515
0.0712036
0.286629
0.261876
0.0477665
0.611569
0.154882
0.0815369
0.662
0.161017
0.454427
0.662
0.12182
0.414794
0.0506312
0.0486613
0.372508
0.555878
0.595094
0.662
0.0521294
0.434378
0.662
0.662
0.0157064
0.107503
0.163712
0.141433
0.662
0.662
0.13437
0.645622
0.662
0.507453
0.662
0.0693926
0.557818
0.0363346
0.0934456
0.21053
0.120299
0.247709
0.171285
0.402704
0.0431824
0.27118
0.447275
0.117548
0.13322
0.100278
0.330368
0.156149
0.0362921
0.148135
0.125568
0.197023
0.65124
0.662
0.317089
0.140524
0.281038
0.0699859
0.0639477
0.428112
0.1045
0.662
0.31838
0.564959
0.262845
0.108549
0.127054
0.202838
0.204119
0.487814
0.662
0.0757384
0.0517926
0.662
0.247463
0.615639
0.277256
0.14466
0.291087
0.0973736
0.331635
0.0248002
0.391632
0.109859
0.209727
0.411574
0.640501
0.158603
0.0359529
0.256865
0.662
0.110299
0.244325
0.662
0.0411215
0.212475
0.0819648
0.432388
0.379326
0.169684
0.241597
0.0266693
0.662
0.366593
0.120376
0.0122807
0.662
0.162348
0.444118
0.13115
0.513569
0.662
0.103253
0.0637559
0.594164
0.662
0.241908
0.133859
0.00438675
0.226898
0.520458
0.662
0.439779
0.0646908
0.284396
0.133804
0.115701
0.555988
0.0654816
0.0948218
0.662
0.092714
0.134648
0.0997621
0.125603
0.115897
0.0613656
0.0495203
0.0744229
0.50826
0.106445
0.190415
0.0282019
0.133679
0.397893
0.0781247
0.253978
0.0436922
0.099412
0.221068
0.0971735
0.391225
0.142245
0.101839
0.0855502
0.238735
0.421747
0.516232
0.137177
0.274364
0.0371259
0.452144
0.0369166
0.467657
0.19768
0.0701581
0.154025
0.292161
0.0192912
0.0950756
0.187046
0.175452
0.662
0.190446
0.305753
0.177066
0.0478935
0.295909
0.123814
0.154319
0.436865
0.245714
0.138568
0.0860753
0.662
0.0564409
0.113103
0.583165
0.662
0.582482
0.235138
0.170102
0.662
0.191689
0.489776
0.0656642
0.579222
0.139662
0.215477
0.662
0.140371
0.0527025
0.407096
0.116011
0.0957995
0.272297
0.113335
0.143745
0.0624334
0.29676
0.11788
0.22842
0.24508
0.0810003
0.45955
0.348609
0.0802827
0.00519214
0.327458
0.104194
0.0790813
0.0887793
0.0135641
0.662
0.662
0.0506052
0.16424
0.662
0.151637
0.469095
0.607358
0.535148
0.0516648
0.138728
0.543629
0.623094
0.091418
0.348631
0.662
0.662
0.0576129
0.107328
0.255581
0.412883
0.648263
0.420802
0.297576
0.191526
0.0359283
0.0836872
0.0290061
0.0941814
0.662
0.339091
0.491325
0.662
0.0885384
0.138838
0.662
0.0855187
0.131454
0.0910249
0.202558
0.299996
0.132581
0.158226
0.207776
0.155217
0.248258
0.104309
0.662
0.352798
0.594702
0.662
0.334284
0.0231242
0.0701876
0.607606
0.662
0.643662
0.0898786
0.23864
0.073204
0.0742245
0.0806726
0.418749
0.113819
0.660646
0.101288
0.0441442
0.336266
0.0670345
0.203544
0.168774
0.314678
0.662
0.118073
0.662
0.225252
0.0500795
0.373428
0.662
0.124294
0.662
0.22936
0.579114
0.27152
0.0650383
0.0593533
0.532642
0.0384964
0.0100674
0.414627
0.485322
0.175373
0.363064
0.0997483
0.263989
0.347971
0.18179
0.172157
0.662
0.0876496
0.490747
0.662
0.287408
0.184363
0.250397
0.662
0.0535137
0.159669
0.151188
0.493226
0.211763
0.155074
0.047951
0.299734
0.662
0.186617
0.662
0.288563
0.0735344
0.662
0.171462
0.344913
0.0753465
0.573421
0.24492
0.662
0.0451984
0.0962916
0.147488
0.25601
0.0686002
0.662
0.131522
0.242802
0.233842
0.0691842
0.0304484
0.0589865
0.662
0.662
0.662
0.157501
0.0856046
0.241739
0.0812197
0.0975059
0.0918626
0.0424773
0.113396
0.16948
0.0748051
0.213442
0.126042
0.357716
0.211184
0.0541366
0.112622
0.10808
0.535304
0.134028
0.656762
0.662
0.662
0.201557
0.180207
0.239655
0.644266
0.0239811
0.175672
0.340485
0.291984
0.545071
0.0895575
0.414217
0.0872621
0.108883
0.161945
0.212763
0.244742
0.418915
0.193461
0.218375
0.0604962
0.311831
0.56355
0.15852
0.150095
0.158245
0.070843
0.109945
0.505044
0.380762
0.432001
0.305806
0.202107
0.580167
0.100897
0.252218
0.0760974
0.0404049
0.294756
0.0961214
0.132412
0.507817
0.336195
0.607258
0.662
0.662
0.249752
0.487419
0.157933
0.560583
0.0763925
0.33644
0.419682
0.300035
0.0577987
0.205736
0.504238
0.0437247
0.09605
0.322888
0.620001
0.65159
0.116364
0.662
0.139418
0.11338
0.662
0.207495
0.087179
0.0640022
0.458395
0.662
0.662
0.425946
0.101226
0.17925
0.488477
0.662
0.386781
0.257754
0.161178
0.662
0.128986
0.0708569
0.133805
0.0427634
0.0141899
0.175885
0.0933919
0.662
0.0661496
0.0516133
0.0619799
0.183385
0.259057
0.0582756
0.115996
0.150913
0.415575
0.662
0.139433
0.207543
0.662
0.104532
0.179574
0.270208
0.662
0.662
0.140164
0.110061
0.0777238
0.020566
0.305312
0.0310413
0.662
0.0557994
0.288482
0.0972377
0.575687
0.146634
0.0445021
0.662
0.253815
0.254209
0.367906
0.0554097
0.043058
0.279774
0.0335563
0.662
0.0736029
0.187937
0.177313
0.199218
0.118366
0.0893026
0.378944
0.347076
0.629678
0.662
0.366214
0.601391
0.0436407
0.441451
0.0197782
0.124101
0.191613
0.662
0.173665
0.281092
0.0119586
0.101562
0.171599
0.118433
0.662
0.100374
0.0988383
0.662
0.0554639
0.251414
0.309886
0.0323283
0.662
0.329386
0.477229
0.662
0.199117
0.662
0.277985
0.555618
0.112237
0.092047
0.131943
0.386428
0.304961
0.0616936
0.0534015
0.170184
0.662
0.140046
0.0766956
0.132568
0.662
0.180249
0.612579
0.167705
0.0818449
0.51592
0.342348
0.154922
0.119301
0.0760228
0.0359592
0.326962
0.178035
0.537062
0.218809
0.613825
0.345336
0.0660036
0.524801
0.124393
0.505858
0.0317969
0.46508
0.183856
0.19281
0.15847
0.334791
0.293015
0.596809
0.243957
0.335647
0.0809501
0.107433
0.0601112
0.257246
0.207005
0.215364
0.527607
0.210308
0.15947
0.311562
0.315442
0.150094
0.173765
0.662
0.345711
0.0990518
0.662
0.45458
0.662
0.415039
0.317602
0.204108
0.281817
0.662
0.378331
0.0887297
0.662
0.1485
0.141237
0.176136
0.1791
0.1364
0.227023
0.0765619
0.41246
0.257978
0.111011
0.258894
0.474981
0.217214
0.115923
0.455543
0.0927157
0.167052
0.0730781
0.408455
0.13799
0.0238756
0.0790625
0.268459
0.0753653
0.243952
0.125532
0.454654
0.662
0.14488
0.224698
0.22793
0.394588
0.302804
0.0984958
0.0940404
0.160566
0.151452
0.355986
0.13411
0.211526
0.662
0.0602562
0.0672033
0.0925192
0.369684
0.159007
0.0634358
0.091658
0.124341
0.1836
0.160975
0.0903593
0.517347
0.100454
0.0825943
0.0477425
0.180649
0.12354
0.662
0.177631
0.0102716
0.223472
0.611748
0.301332
0.662
0.0796485
0.517085
0.0592987
0.238346
0.662
0.0292915
0.126658
0.497762
0.12544
0.0986672
0.454662
0.267268
0.17814
0.214225
0.195169
0.0990501
0.0864876
0.159164
0.166587
0.407392
0.198593
0.279371
0.475261
0.0557387
0.316661
0.128585
0.0746366
0.123675
0.346368
0.0551749
0.119624
0.662
0.530862
0.110138
0.0622099
0.234048
0.199589
0.0520479
0.47306
0.596575
0.155571
0.0812954
0.337374
0.101136
0.271989
0.288679
0.0459353
0.223243
0.540974
0.163051
0.222704
0.142569
0.0566915
0.496105
0.0890825
0.130582
0.205607
0.662
0.30976
0.324839
0.511134
0.179656
0.0958173
0.478285
0.173983
0.229465
0.349624
0.11392
0.506038
0.249952
0.378203
0.350094
0.482321
0.236212
0.422331
0.320082
0.155206
0.500207
0.424953
0.297471
0.23121
0.278299
0.411941
0.0685655
0.369688
0.0683987
0.258179
0.111051
0.23414
0.0744643
0.206029
0.597309
0.395618
0.138797
0.260472
0.272697
0.662
0.484094
0.117697
0.281779
0.662
0.164227
0.360052
0.662
0.380559
0.515252
0.187229
0.147606
0.23879
0.0308212
0.35649
0.226282
0.110199
0.140608
0.544117
0.151183
0.424717
0.0275895
0.0623757
0.227245
0.15224
0.278312
0.0945176
0.213861
0.235165
0.263955
0.389603
0.140826
0.0911528
0.517413
0.151673
0.130232
0.10799
0.362329
0.0850322
0.662
0.43007
0.0700671
0.388645
0.11221
0.38174
0.0274344
0.102996
0.150191
0.101606
0.295877
0.662
0.0644064
0.115997
0.161275
0.0970133
0.11671
0.300415
0.662
0.662
0.304678
0.356574
0.662
0.0761421
0.0929256
0.0252559
0.0932797
0.0684808
0.39465
0.377542
0.484326
0.121234
0.662
0.205405
0.152105
0.502649
0.0685813
0.371819
0.00530458
0.18467
0.00421579
0.283289
0.181559
0.252242
0.551786
0.662
0.366851
0.295548
0.16561
0.350589
0.357564
0.180346
0.0933084
0.425823
0.417372
0.226625
0.0789128
0.501944
0.662
0.0487688
0.149503
0.084138
0.253315
0.423378
0.257371
0.139989
0.367726
0.155594
0.662
0.262345
0.110754
0.176226
0.662
0.662
0.106955
0.00721306
0.662
0.0766334
0.0582709
0.102232
0.0952206
0.326653
0.431672
0.128064
0.311075
0.271855
0.130126
0.00710243
0.442912
0.0505507
0.225145
0.10066
0.112595
0.662
0.622279
0.662
0.353302
0.221041
0.415893
0.168407
0.169207
0.119174
0.115515
0.408268
0.0802415
0.00739462
0.410834
0.198592
0.0718236
0.489077
0.662
0.0319898
0.355847
0.139323
0.440513
0.328324
0.103984
0.330821
0.662
0.0305048
0.534374
0.662
0.496197
0.161564
0.662
0.0855175
0.292375
0.0451537
0.371307
0.149677
0.319057
0.424982
0.0587434
0.110178
0.0586086
0.662
0.147868
0.169542
0.269723
0.662
0.00452164
0.662
0.087678
0.115602
0.100268
0.0739016
0.478419
0.253135
0.216645
0.118273
0.295182
0.128403
0.144688
0.245705
0.662
0.132509
0.0469067
0.110303
0.0545223
0.530276
0.0704114
0.544746
0.0494018
0.566034
0.146549
0.212745
0.662
0.182298
0.662
0.389581
0.0685104
0.122785
0.344872
0.0705654
0.35997
0.240777
0.0721144
0.557154
0.0629907
0.21841
0.493825
0.208727
0.242992
0.153114
0.186842
0.247125
0.662
0.361758
0.23415
0.234276
0.0932978
0.114186
0.162265
0.0448303
0.0597272
0.0627565
0.327008
0.494355
0.12278
0.458113
0.0671342
0.186415
0.201671
0.0582566
0.105233
0.406045
0.0931089
0.512446
0.662
0.0898197
0.115531
0.123748
0.13269
0.0839408
0.0902082
0.366317
0.662
0.292444
0.364248
0.133984
0.0986535
0.103583
0.0102018
0.299649
0.662
0.262709
0.326274
0.0527318
0.662
0.0556567
0.0998805
0.0795741
0.612798
0.196523
0.662
0.0561145
0.0807253
0.254017
0.151017
0.662
0.544389
0.211797
0.548968
0.0759681
0.454717
0.142094
0.445124
0.6122
0.662
0.662
0.498452
0.369888
0.168809
0.129806
0.25651
0.184864
0.514469
0.122012
0.588231
0.0925376
0.662
0.662
0.513225
0.0611095
0.0107693
0.107582
0.662
0.191324
0.0574008
0.503727
0.30326
0.287551
0.212026
0.192685
0.109655
0.662
0.113811
0.0628164
0.0834434
0.374857
0.0752102
0.662
0.062048
0.437927
0.180662
0.153114
0.278878
0.145779
0.104417
0.0692854
0.11239
0.551387
0.157103
0.209813
0.662
0.413367
0.311826
0.580071
0.280237
0.458146
0.0843727
0.110719
0.0772651
0.125636
0.396726
0.00762516
0.358617
0.203157
0.167297
0.087655
0.112233
0.0677496
0.0835979
0.662
0.338782
0.389416
0.044447
0.356055
0.196279
0.285662
0.0545866
0.192451
0.0672933
0.108145
0.112092
0.0731856
0.275139
0.0931483
0.244806
0.043824
0.524689
0.263729
0.662
0.423863
0.0324581
0.106819
0.250603
0.330943
0.183909
0.181015
0.368832
0.114315
0.662
0.113362
0.222007
0.387747
0.202855
0.0967713
0.0936163
0.0645416
0.15907
0.190709
0.547692
0.204052
0.31357
0.394801
0.279862
0.144558
0.265266
0.662
0.18171
0.662
0.160566
0.0961045
0.268173
0.662
0.662
0.0714531
0.231042
0.280595
0.171429
0.0999341
0.150523
0.0880752
0.240593
0.119482
0.266712
0.254064
0.0316187
0.0826806
0.0344907
0.662
0.188343
0.101642
0.662
0.393439
0.110855
0.377076
0.308039
0.178644
0.321164
0.330884
0.249691
0.203498
0.0436306
0.0674839
0.072355
0.611243
0.309166
0.209852
0.662
0.32974
0.179439
0.414106
0.0982621
0.169675
0.163175
0.103935
0.412409
0.152776
0.0967503
0.440934
0.139481
0.0967097
0.475612
0.228856
0.420457
0.0378397
0.0949366
0.452955
0.58131
0.134174
0.0920196
0.0990731
0.101689
0.0885635
0.662
0.32511
0.256326
0.297973
0.163744
0.662
0.319276
0.442074
0.0786394
0.196853
0.183839
0.514701
0.57354
0.119399
0.120269
0.0982734
0.662
0.662
0.154834
0.176629
0.393821
0.116588
0.656373
0.0874814
0.0890516
0.0875354
0.0156512
0.274943
0.0923783
0.246652
0.168513
0.188455
0.0815034
0.0951151
0.260362
0.258981
0.662
0.0806945
0.30338
0.360259
0.176312
0.601839
0.337738
0.318539
0.363846
0.393302
0.238693
0.272602
0.125446
0.259111
0.125181
0.118319
0.48534
0.187786
0.500246
0.246064
0.462787
0.525358
0.289693
0.559259
0.313393
0.213066
0.1016
0.142752
0.0779387
0.111514
0.0759439
0.535838
0.0630404
0.662
0.107695
0.662
0.383612
0.662
0.139433
0.0975896
0.22845
0.00839243
0.0530805
0.279678
0.231708
0.318102
0.144312
0.125165
0.094873
0.446843
0.547177
0.124326
0.0993104
0.167088
0.662
0.211299
0.0917226
0.0762818
0.534259
0.662
0.218401
0.288995
0.100049
0.197034
0.419024
0.139162
0.12471
0.563055
0.206131
0.662
0.485328
0.323896
0.0515867
0.127986
0.1129
0.662
0.599596
0.061132
0.0661657
0.253648
0.204139
0.107487
0.150956
0.0427094
0.378154
0.142113
0.662
0.183813
0.125556
0.157416
0.662
0.210619
0.159469
0.0896033
0.0999421
0.42673
0.232624
0.222099
0.202943
0.319238
0.662
0.213928
0.0717673
0.0989716
0.248735
0.463007
0.273481
0.18138
0.147917
0.338723
0.0398779
0.571172
0.0864267
0.114642
0.347971
0.242496
0.119569
0.0378043
0.0417237
0.039162
0.161555
0.208966
0.126221
0.184669
0.074025
0.662
0.150851
0.0563128
0.249334
0.0719061
0.223466
0.662
0.174726
0.122787
0.064438
0.662
0.102727
0.0801156
0.662
0.293981
0.662
0.0439363
0.0666832
0.304042
0.14012
0.0346215
0.0616587
0.662
0.22948
0.251948
0.341802
0.119179
0.0580481
0.146958
0.308125
0.0957131
0.0273452
0.0773952
0.280328
0.206111
0.123731
0.662
0.195675
0.136572
0.422417
0.108962
0.451046
0.0678132
0.139026
0.056482
0.449061
0.204121
0.662
0.30035
0.424169
0.111529
0.16064
0.246255
0.0768654
0.458511
0.396099
0.0926776
0.393931
0.662
0.662
0.216656
0.119963
0.446333
0.136573
0.132657
0.552618
0.402508
0.176719
0.0418016
0.14922
0.281635
0.0704712
0.146935
0.662
0.662
0.0724653
0.10777
0.542264
0.631131
0.143294
0.17634
0.375578
0.173281
0.662
0.136899
0.662
0.236881
0.0874486
0.0850403
0.195334
0.0528769
0.382325
0.0701188
0.560349
0.143474
0.34902
0.0406426
0.298616
0.543866
0.109496
0.662
0.512234
0.250584
0.371933
0.176119
0.358457
0.146663
0.320449
0.291749
0.077354
0.340255
0.0532542
0.190794
0.593061
0.124634
0.0702372
0.306771
0.268754
0.0261842
0.155964
0.193632
0.154288
0.290694
0.155348
0.0833233
0.088276
0.414255
0.173543
0.475958
0.662
0.429142
0.286992
0.557305
0.662
0.16372
0.594114
0.662
0.166813
0.140097
0.220604
0.296983
0.103452
0.249235
0.133899
0.153639
0.360011
0.136071
0.0998933
0.185394
0.430162
0.1481
0.371182
0.11971
0.221937
0.163381
0.521691
0.256109
0.0733459
0.0588017
0.363358
0.0526244
0.662
0.0433407
0.280934
0.662
0.0525079
0.0810247
0.0449982
0.580453
0.329617
0.0358116
0.662
0.0614292
0.408259
0.436201
0.145899
0.399764
0.159205
0.365722
0.169334
0.419197
0.540078
0.0916819
0.326694
0.124927
0.503368
0.190868
0.662
0.215462
0.101218
0.662
0.0314634
0.662
0.171125
0.202287
0.243904
0.210904
0.0744624
0.47672
0.199233
0.614103
0.0674371
0.471495
0.385992
0.282373
0.662
0.0804929
0.0863912
0.662
0.246
0.419178
0.359277
0.26694
0.342903
0.641936
0.124046
0.156925
0.0510257
0.0474713
0.610269
0.662
0.119893
0.0568712
0.531154
0.366
0.220736
0.621392
0.106778
0.347652
0.192912
0.0655794
0.0555574
0.592865
0.51396
0.641142
0.154233
0.239042
0.170181
0.0690104
0.332382
0.662
0.36175
0.0151254
0.13372
0.662
0.166088
0.166186
0.0529402
0.319848
0.126085
0.0589357
0.156943
0.096004
0.156735
0.0397223
0.195846
0.217423
0.0463305
0.177628
0.332238
0.252807
0.662
0.395199
0.63339
0.230065
0.662
0.105929
0.00856272
0.633694
0.0538857
0.387086
0.364035
0.662
0.662
0.0962533
0.169346
0.445377
0.338722
0.662
0.459642
0.0852239
0.225463
0.117605
0.132779
0.0391083
0.272773
0.250252
0.0513724
0.662
0.102912
0.115086
0.140528
0.150101
0.662
0.0910262
0.662
0.180618
0.662
0.614184
0.44982
0.14792
0.662
0.567192
0.380672
0.0483824
0.498931
0.213769
0.0976689
0.210155
0.0581086
0.319778
0.29382
0.662
0.450646
0.0353451
0.239685
0.0365574
0.129446
0.104239
0.398134
0.662
0.22768
0.307414
0.662
0.40359
0.40917
0.662
0.0340178
0.0570714
0.344217
0.154584
0.04217
0.405939
0.212027
0.606487
0.0476506
0.447253
0.205356
0.662
0.418678
0.0478006
0.662
0.373318
0.547909
0.0657909
0.344029
0.662
0.515732
0.395465
0.662
0.595109
0.428312
0.431303
0.462832
0.0845885
0.377334
0.109709
0.0244532
0.662
0.169435
0.662
0.662
0.14357
0.210786
0.351042
0.282601
0.0972753
0.496474
0.0355463
0.0970387
0.662
0.10217
0.574371
0.412935
0.084178
0.643808
0.139161
0.156477
0.135756
0.561818
0.359512
0.0565127
0.179493
0.123806
0.217442
0.661107
0.174022
0.453848
0.31038
0.282598
0.145201
0.514241
0.34111
0.308011
0.0261932
0.464176
0.659894
0.328052
0.0682807
0.321298
0.0805183
0.197248
