0.139276
0.55296
0.264729
0.662
0.469393
0.662
0.160911
0.0661703
0.395248
0.0405811
0.297057
0.627958
0.125563
0.212102
0.22931
0.462517
0.456187
0.151546
0.411843
0.149622
0.419377
0.0850219
0.102656
0.318869
0.188325
0.141038
0.0713031
0.250195
0.239567
0.12209
0.0969748
0.197403
0.0738906
0.51357
0.382083
0.145522
0.161377
0.159048
0.065924
0.214613
0.121367
0.22354
0.662
0.512251
0.26792
0.0636691
0.415477
0.00671702
0.160585
0.153002
0.311255
0.062346
0.255311
0.151418
0.0955944
0.0642414
0.0540458
0.217302
0.405909
0.497796
0.0398209
0.325877
0.662
0.0663269
0.366159
0.399188
0.0514371
0.385333
0.314365
0.208818
0.397642
0.572797
0.132211
0.126359
0.136095
0.221169
0.148456
0.101657
0.0700627
0.100591
0.662
0.612329
0.0164199
0.282778
0.07245
0.266074
0.350209
