0.116865
0.0873836
0.662
0.196515
0.171934
0.515278
0.15214
0.155254
0.662
0.0582465
0.180979
0.139361
0.662
0.239912
0.662
0.439511
0.111074
0.218837
0.26077
0.202943
0.0811602
0.0595451
0.0942979
0.275727
0.0789809
0.491369
0.221293
0.478396
0.440127
0.297315
0.385909
0.305454
0.149351
0.238808
0.196344
0.580739
0.266101
0.0971972
0.662
0.496613
0.662
0.127946
0.15894
0.291484
0.100721
0.117697
0.40904
0.0911897
0.408538
0.106925
0.135809
0.345045
0.338948
0.0527745
0.114711
0.159038
0.0671458
0.394171
0.283922
0.288625
0.160764
0.0589494
0.10476
0.280891
0.0624527
0.144479
0.402073
0.61314
0.0972599
0.321339
0.247311
0.217238
0.344425
0.202107
0.173585
0.255475
0.111126
0.118273
0.154402
0.152877
0.121593
0.221333
0.662
0.517292
0.178315
0.0553387
0.308517
0.346824
0.409603
0.230892
0.0354253
0.182797
0.662
0.312397
0.135605
0.0748115
0.241997
0.107707
0.24078
0.320974
0.0706709
0.0142601
0.151426
0.231438
0.110752
0.188979
0.43146
0.276715
0.662
0.227835
0.31131
0.589364
0.197442
0.0919812
0.133629
0.636647
0.185678
0.112966
0.19438
0.0683789
0.393097
0.124062
0.320941
0.161154
0.281694
0.0100854
0.0472231
0.662
0.0932252
0.0755677
0.379225
0.111721
0.0646081
0.322979
0.0927276
0.0644543
0.621495
0.662
0.10678
0.11765
0.0961684
0.662
0.306179
0.227812
0.496548
0.662
0.149622
0.662
0.662
0.0914402
0.383702
0.0568564
0.0883358
0.205595
0.227614
0.0385196
0.0839286
0.662
0.662
0.102632
0.421676
0.305088
0.150134
0.220484
0.00895534
0.419877
0.180775
0.384819
0.0806832
0.0711354
0.0244663
0.662
0.363473
0.662
0.213871
0.138847
0.0314692
0.355496
0.257408
0.20709
0.377571
0.178082
0.12753
0.662
0.302788
0.662
0.499655
0.074316
0.120021
0.557781
0.165497
0.23236
0.181301
0.455374
0.364109
0.255271
0.216256
0.467212
0.0728851
0.662
0.232799
0.00853849
0.159243
0.191788
0.471781
0.0940973
0.500778
0.0892908
0.322735
0.221044
0.515916
0.193979
0.120123
0.215111
0.185384
0.176437
0.142413
0.468952
0.131883
0.219461
0.0809002
0.158973
0.205585
0.662
0.0938643
0.0132661
0.14611
0.471088
0.190414
0.0668526
0.647955
0.636853
0.51253
0.154022
0.179268
0.143653
0.157027
0.357753
0.493465
0.35749
0.438832
0.338972
0.48309
0.662
0.144528
0.183471
0.0427889
0.152217
0.0678453
0.128655
0.221344
0.33747
0.435629
0.0940032
0.0778973
0.662
0.325182
0.107702
0.129744
0.451896
0.05864
0.0280619
0.221827
0.662
0.238563
0.0828773
0.253918
0.127264
0.276081
0.235629
0.279614
0.319331
0.269807
0.377408
0.419427
0.348272
0.461817
0.10544
0.201965
0.071588
0.291421
0.10444
0.545647
0.113965
0.618999
0.239259
0.131686
0.295153
0.222129
0.131547
0.0539739
0.207775
0.116675
0.0768548
0.410358
0.242292
0.0943302
0.501763
0.0193172
0.065852
0.475935
0.094549
0.275901
0.143557
0.313467
0.254273
0.0230435
0.21057
0.158098
0.0803962
0.662
0.102862
0.113209
0.662
0.115816
0.0885728
0.0962836
0.469508
0.099209
0.0740949
0.305346
0.0854738
0.113768
0.438274
0.277627
0.244078
0.662
0.480006
0.142247
0.38805
0.612094
0.16169
0.662
0.300574
0.124393
0.187464
0.662
0.0990188
0.147659
0.039162
0.126706
0.0571832
0.222868
0.143144
0.106343
0.40551
0.26049
0.101056
0.662
0.181031
0.293933
0.662
0.339664
0.103841
0.25601
0.0551543
0.530088
0.456145
0.0263168
0.33947
0.0909033
0.662
0.139926
0.0444928
0.0894058
0.603228
0.662
0.0160768
0.24254
0.593835
0.104936
0.139201
0.662
0.615861
0.227961
0.662
0.237963
0.662
0.228312
0.195657
0.0406619
0.13946
0.0831218
0.226461
0.446829
0.662
0.0997722
0.0817744
0.184814
0.254574
0.0866962
0.312048
0.210114
0.0651953
0.511869
0.662
0.290808
0.483966
0.168033
0.662
0.165867
0.662
0.209616
0.0513401
0.139173
0.166186
0.0344794
0.148593
0.506044
0.466321
0.168568
0.0572531
0.494199
0.301095
0.406612
0.0851158
0.326601
0.107487
0.094715
0.0562975
0.662
0.571066
0.662
0.662
0.662
0.602355
0.327168
0.29501
0.0567222
0.252939
0.662
0.263937
0.594362
0.294177
0.125422
0.0931308
0.0759439
0.121126
0.157612
0.662
0.412886
0.409179
0.0956639
0.498937
0.0937879
0.180151
0.412544
0.090039
0.106517
0.197355
0.0621563
0.164164
0.151166
0.172181
0.149764
0.662
0.0708722
0.378969
0.509959
0.432634
0.113914
0.239981
0.118948
0.3745
0.101448
0.0528819
0.125018
0.253513
0.091713
0.648603
0.0634036
0.08086
0.0866971
0.0665542
0.516513
0.662
0.152528
0.211184
0.24187
0.662
0.331512
0.627307
0.107783
0.163483
0.662
0.100538
0.477559
0.0590677
0.192894
0.397954
0.498582
0.0496744
0.292241
0.254632
0.482176
0.648975
0.0785575
0.130763
0.381392
0.107841
0.319514
0.609818
0.300087
0.127955
0.172476
0.161587
0.199077
0.0367556
0.181363
0.662
0.0729619
0.0575746
0.662
0.301215
0.229538
0.0932114
0.101726
0.0694807
0.0679029
0.0803202
0.14503
0.662
0.0800935
0.239149
0.200592
0.662
0.200494
0.00179515
0.105483
0.0130668
0.0889458
0.306896
0.293509
0.32374
0.146007
0.162272
0.113741
0.0902437
0.662
0.1339
0.335834
0.662
0.136794
0.145063
0.185687
0.662
0.114598
0.0850249
0.147218
0.535862
0.129764
0.119407
0.486845
0.116087
0.539837
0.225593
0.15697
0.107358
0.662
0.560984
0.662
0.014349
0.662
0.134227
0.454344
0.662
0.391072
0.0793414
0.324879
0.071856
0.259636
0.0813587
0.0808917
0.336448
0.662
0.325052
0.0437359
0.474073
0.104404
0.129937
0.14538
0.0869924
0.431166
0.212086
0.439496
0.662
0.607438
0.0707498
0.272279
0.662
0.167901
0.320666
0.095355
0.270999
0.662
0.202476
0.0808156
0.509247
0.662
0.0412542
0.0648681
0.17307
0.227468
0.0198736
0.273147
0.247124
0.0915102
0.286251
0.21898
0.154496
0.0521695
0.192114
0.136767
0.17076
0.662
0.41099
0.172349
0.103389
0.273944
0.0732294
0.414019
0.0690484
0.0795168
0.662
0.0556585
0.0804714
0.132852
0.0878264
0.0798224
0.24827
0.0947426
0.0395822
0.261982
0.129368
0.125322
0.106311
0.0414898
0.662
0.223157
0.641309
0.645916
0.27985
0.119568
0.662
0.489395
0.244797
0.158901
0.662
0.109636
0.0718947
0.0987296
0.0520445
0.404722
0.290995
0.144403
0.0827831
0.277615
0.0513906
0.360942
0.130337
0.0134185
0.144162
0.106557
0.662
0.249792
0.221915
0.248968
0.628349
0.662
0.142197
0.226446
0.386925
0.35565
0.140905
0.23768
0.662
0.547774
0.111119
0.159584
0.503426
0.153197
0.662
0.640719
0.060623
0.662
0.0758
0.469908
0.252061
0.662
0.0640749
0.354864
0.3893
0.364379
0.260344
0.662
0.0727188
0.477559
0.0123707
0.252656
0.0823289
0.182571
0.662
0.151696
0.231841
0.525176
0.25232
0.128936
0.0686494
0.662
0.201861
0.177615
0.193076
0.347486
0.127138
0.201849
0.205896
0.00341322
0.108676
0.076813
0.244954
0.159176
0.0138285
0.0884452
0.301128
0.662
0.127751
0.470988
0.0446294
0.644551
0.132439
0.136707
0.662
0.467785
0.0986736
0.662
0.57654
0.0542182
0.129772
0.662
0.0102125
0.113694
0.450847
0.110897
0.507453
0.61534
0.107978
0.0866861
0.560571
0.183839
0.214663
0.662
0.115728
0.315975
0.112555
0.500354
0.053211
0.129804
0.322985
0.0905651
0.0748869
0.159982
0.0629689
0.48889
0.0528929
0.172185
0.123815
0.141132
0.230232
0.651487
0.27221
0.119832
0.404099
0.341497
0.0896948
0.0890061
0.606431
0.323291
0.662
0.256975
0.0521294
0.436183
0.0603414
0.662
0.107515
0.503769
0.225133
0.0684136
0.0380962
0.422417
0.0457915
0.0340565
0.662
0.0736561
0.207354
0.356215
0.620705
0.110781
0.112281
0.211988
0.662
0.410638
0.108125
0.131921
0.209289
0.112293
0.132901
0.161234
0.662
0.5698
0.395537
0.109325
0.169982
0.662
0.135853
0.140073
0.662
0.109042
0.0116426
0.643735
0.0829411
0.380085
0.163549
0.662
0.456192
0.0963485
0.662
0.0913845
0.626676
0.254533
0.106427
0.0991863
0.662
0.260774
0.385102
0.0727012
0.662
0.128784
0.662
0.137364
0.430089
0.202991
0.189632
0.0575442
0.630909
0.087162
0.103297
0.20332
0.503143
0.0783711
0.0852404
0.0837955
0.401058
0.059528
0.549196
0.452151
0.1974
0.0439452
0.0934849
0.1804
0.641839
0.15354
0.226348
0.441537
0.0966388
0.0903949
0.191328
0.100576
0.297297
0.0881187
0.148597
0.235563
0.318914
0.322765
0.281635
0.662
0.135078
0.265257
0.223343
0.541701
0.0922511
0.266982
0.318225
0.662
0.0989116
0.465437
0.054883
0.111384
0.404604
0.0634591
0.102989
0.110576
0.239419
0.247881
0.283322
0.189977
0.331275
0.243352
0.0722326
0.602597
0.280224
0.662
0.0328308
0.185241
0.16901
0.218277
0.662
0.0358181
0.470668
0.177558
0.499161
0.0521195
0.452338
0.114956
0.0592054
0.305871
0.517206
0.260415
0.0807253
0.0955431
0.465828
0.405428
0.0967998
0.551644
0.264738
0.662
0.258302
0.442312
0.163637
0.184185
0.662
0.0915083
0.662
0.218088
0.182042
0.106688
0.193069
0.205505
0.348883
0.167052
0.50715
0.297753
0.0615246
0.210433
0.0441848
0.273051
0.662
0.0809106
0.101923
0.517083
0.0594353
0.170448
0.104762
0.0695269
0.662
0.277128
0.662
0.321836
0.168871
0.0909135
0.0819063
0.135119
0.0781158
0.662
0.247964
0.0570795
0.662
0.460922
0.017496
0.0874486
0.639246
0.162575
0.227347
0.292156
0.662
0.662
0.18948
0.270099
0.104028
0.0453495
0.376704
0.583061
0.269069
0.599379
0.0952075
0.0641203
0.0954898
0.208251
0.662
0.526122
0.0509725
0.108666
0.662
0.332238
0.0963933
0.662
0.402087
0.483024
0.0994116
0.531156
0.00327278
0.160499
0.0580891
0.241126
0.173257
0.0091322
0.354198
0.191859
0.565706
0.327774
0.13301
0.103014
0.111917
0.0830722
0.357901
0.267987
0.662
0.16372
0.530246
0.092215
0.574679
0.367484
0.393089
0.662
0.172274
0.101639
0.40846
0.0434878
0.476182
0.0987942
0.0875783
0.235017
0.130645
0.350953
0.662
0.211265
0.228348
0.0479229
0.662
0.117682
0.156468
0.218979
0.336423
0.544321
0.662
0.276169
0.559387
0.328138
0.0511283
0.102255
0.234817
0.291233
0.0435015
0.0855309
0.0549118
0.535522
0.213205
0.0870836
0.457137
0.0810281
0.558703
0.172762
0.101387
0.140144
0.0264645
0.662
0.0747948
0.166276
0.24986
0.45134
0.190846
0.153765
0.662
0.656224
0.0573271
0.199415
0.215527
0.337559
0.0983862
0.0877893
0.282308
0.347891
0.0153107
0.233524
0.350828
0.160065
0.331956
0.223243
0.193451
0.642544
0.0526521
0.51343
0.17471
0.155453
0.156591
0.211756
0.290774
0.354481
0.217368
0.174606
0.323077
0.0748745
0.152591
0.0515472
0.152699
0.0927765
0.0792566
0.662
0.563439
0.165569
0.124867
0.662
0.1184
0.166587
0.0650592
0.0535752
0.662
0.374319
0.0616593
0.129489
0.060437
0.0891546
0.206059
0.370091
0.16548
0.249651
0.0480519
0.0875959
0.165814
0.107813
0.55151
0.446427
0.164884
0.238635
0.169675
0.0939119
0.0543252
0.0856821
0.0565901
0.662
0.113289
0.203109
0.36206
0.0956427
0.103902
0.135655
0.489016
0.00409378
0.286135
0.224542
0.192042
0.129514
0.0850322
0.0864361
0.662
0.194441
0.236268
0.221923
0.210666
0.270256
0.482519
0.107135
0.109564
0.207397
0.517242
0.191753
0.174367
0.191548
0.356443
0.313354
0.304002
0.0742623
0.202245
0.147217
0.142109
0.501637
0.286967
0.289548
0.265037
0.662
0.21131
0.662
0.0706045
0.322961
0.084233
0.0315943
0.470772
0.537024
0.252747
0.0392373
0.312362
0.132071
0.150403
0.205401
0.172448
0.224533
0.162575
0.03951
0.0985613
0.662
0.218856
0.200411
0.108458
0.662
0.1723
0.644048
0.662
0.251001
0.0646635
0.319456
0.112868
0.662
0.262416
0.113433
0.0080291
0.133859
0.0806731
0.106713
0.0399911
0.0086214
0.104532
0.327096
0.384529
0.142458
0.274046
0.235944
0.145077
0.115986
0.459478
0.192642
0.61293
0.0480829
0.451599
0.416884
0.0421932
0.0917258
0.196424
0.394335
0.116977
0.405629
0.662
0.662
0.130265
0.634404
0.130851
0.132573
0.0834929
0.517419
0.0945589
0.117288
0.506488
0.187185
0.0123943
0.15886
0.180053
0.0630792
0.393641
0.0469541
0.0945176
0.100671
0.163531
0.112362
0.104619
0.141742
0.101846
0.112809
0.165196
0.241183
0.396967
0.294361
0.662
0.218875
0.291204
0.192105
0.0121171
0.662
0.125052
0.30003
0.215068
0.647338
0.0980473
0.62771
0.187394
0.0473371
0.446773
0.127362
0.191621
0.662
0.0234322
0.423377
0.662
0.140792
0.107221
0.385143
0.242929
0.662
0.148776
0.0797426
0.592868
0.112645
0.375207
0.0560406
0.260885
0.150033
0.202214
0.331635
0.279406
0.662
0.451301
0.662
0.551786
0.287955
0.0774635
0.108797
0.168616
0.232419
0.411868
0.662
0.0304784
0.233736
0.280882
0.076948
0.414973
0.104486
0.399772
0.548109
0.305344
0.290111
0.0473465
0.0890773
0.215126
0.441026
0.0506155
0.101618
0.448421
0.0279614
0.110112
0.0550766
0.169856
0.209445
0.569597
0.0888223
0.238171
0.109353
0.662
0.115309
0.593139
0.244549
0.0319377
0.0620987
0.0464715
0.240949
0.187317
0.0433228
0.127904
0.662
0.230123
0.173121
0.0675206
0.373984
0.18516
0.0838349
0.0739155
0.662
0.159748
0.119437
0.36919
0.16001
0.281414
0.0744253
0.00879165
0.148142
0.662
0.557718
0.0565801
0.0460405
0.0150783
0.155068
0.0929949
0.467979
0.341217
0.385012
0.243262
0.509398
0.280371
0.526088
0.633391
0.359267
0.325455
0.464866
0.291209
0.662
0.0488899
0.328052
0.102687
0.111191
0.12624
0.662
0.458085
0.409218
0.0917528
0.643773
0.0300943
0.432973
0.49783
0.0896555
0.10485
0.044525
0.267799
0.364621
0.264065
0.662
0.377648
0.0656765
0.265843
0.167713
0.662
0.662
0.662
0.113823
0.0816796
0.112718
0.159373
0.662
0.185942
0.561279
0.251578
0.294982
0.320888
0.0829923
0.412668
0.0871077
0.349342
0.2294
0.0343512
0.0964088
0.662
0.0533963
0.662
0.105314
0.367783
0.0508622
0.116401
0.054049
0.0735609
0.662
0.210953
0.441725
0.0633596
0.479221
0.639127
0.332309
0.132463
0.161559
0.47013
0.0991249
0.104276
0.189931
0.134633
0.205151
0.150678
0.171833
0.577321
0.647881
0.355014
0.188616
0.0621676
0.662
0.32792
0.419976
0.140502
0.469137
0.122737
0.0530354
0.341975
0.315035
0.264068
0.164385
0.176413
0.599435
0.138594
0.390521
0.0463154
0.236198
0.11668
0.131116
0.132149
0.520628
0.298423
0.198259
0.384528
0.136278
0.125184
0.117307
0.275855
0.252968
0.0557177
0.591544
0.0408239
0.662
0.109625
0.0674919
0.176002
0.349234
0.459844
0.160365
0.0947218
0.227161
0.0889016
0.623979
0.154025
0.169544
0.520921
0.146629
0.232051
0.208607
0.185123
0.0725101
0.0628795
0.0712049
0.289681
0.1036
0.0601492
0.212433
0.0643056
0.253113
0.297518
0.369903
0.395039
0.199369
0.169449
0.0285559
0.467524
0.0456138
0.662
0.504406
0.662
0.662
0.662
0.662
0.217412
0.167654
0.551093
0.266882
0.662
0.473992
0.0854167
0.662
0.0489208
0.662
0.662
0.0972926
0.069445
0.662
0.123228
0.445059
0.165241
0.137205
0.341992
0.238108
0.102107
0.251341
0.0593635
0.42597
0.0682868
0.107953
0.111171
0.0827511
0.279219
0.220485
0.433578
0.112895
0.408262
0.233475
0.130519
0.0667189
0.0603192
0.201341
0.603327
0.071423
0.171929
0.0439693
0.10071
0.112395
0.157291
0.662
0.545159
0.20087
0.0212076
0.107516
0.63329
0.241601
0.0124403
0.144219
0.0710272
0.0743782
0.359865
0.193767
0.628485
0.198774
0.252314
0.0532098
0.0412347
0.206376
0.0507131
0.119524
0.195096
0.346534
0.535241
0.183629
0.102918
0.662
0.123207
0.662
0.101867
0.247299
0.200623
0.168218
0.277591
0.662
0.19714
0.0489058
0.230542
0.368166
0.326338
0.0617174
0.153953
0.100032
0.157244
0.23551
0.244577
0.0909243
0.341972
0.371287
0.471541
0.581926
0.379323
0.168618
0.487233
0.161676
0.6328
0.450295
0.233198
0.0269991
0.422584
0.647825
0.116637
0.184138
0.164352
0.460264
0.646613
0.662
0.311997
0.0659167
0.049295
0.0990965
0.412537
0.662
0.116778
0.631558
0.662
0.132954
0.307091
0.175141
0.0983966
0.0773952
0.662
0.110203
0.141685
0.381316
0.0843001
0.662
0.0913664
0.128089
0.220121
0.0842127
0.662
0.0791484
0.0998933
0.0314361
0.0636089
0.662
0.024327
0.662
0.535311
0.190331
0.662
0.612061
0.091835
0.18308
0.662
0.0481558
0.102851
0.662
0.35213
0.0765299
0.184432
0.662
0.0721558
0.120868
0.377793
0.234623
0.0681483
0.178855
0.247867
0.110961
0.121273
0.257588
0.649575
0.18719
0.303552
0.0841431
0.218319
0.0660175
0.172003
0.597851
0.662
0.386435
0.131239
0.230927
0.0913614
0.340791
0.31098
0.2843
0.106129
0.257116
0.15175
0.662
0.0524238
0.0640174
0.662
0.0356987
0.110592
0.611579
0.175273
0.662
0.599854
0.179042
0.179443
0.129752
0.125042
0.38097
0.116974
0.183635
0.550998
0.16668
0.0835716
0.279555
0.075797
0.173079
0.161385
0.238235
0.559536
0.122917
0.23919
0.0888724
0.102903
0.0789076
0.5
0.165692
0.155774
0.097286
0.150058
0.0816219
0.00984606
0.10133
0.245047
0.343298
0.609017
0.170917
0.217133
0.439795
0.225044
0.0957122
0.538836
0.0681736
0.538668
0.405932
0.662
0.33037
0.0962279
0.0998422
0.0792154
0.133932
0.113973
0.314846
0.299734
0.287319
0.189669
0.662
0.293242
0.584618
0.198591
0.0560491
0.481639
0.165715
0.0248367
0.304979
0.662
0.410359
0.29634
0.342614
0.216653
0.306026
0.662
0.246673
0.0734859
0.207642
0.0672498
0.293227
0.106322
0.629426
0.190785
0.122113
0.260134
0.662
0.204059
0.206742
0.461934
0.0722546
0.417952
0.240175
0.380313
0.277488
0.0622624
0.238005
0.141936
0.273536
0.214415
0.142396
0.356083
0.160303
0.502782
0.249978
0.662
0.128206
0.0644863
0.379434
0.318451
0.662
0.137485
0.129711
0.169193
0.0780062
0.181105
0.00736245
0.100967
0.0553768
0.15699
0.151366
0.662
0.275686
0.0647627
0.0960188
0.0581977
0.0226211
0.520081
0.662
0.0973135
0.0390664
0.121708
0.177378
0.00872188
0.373426
0.169325
0.0629695
0.108428
0.117913
0.0911854
0.227478
0.095074
0.296664
0.562226
0.256004
0.133867
0.652157
0.662
0.225549
0.439488
0.0775396
0.0815967
0.455253
0.0868929
0.191113
0.241788
0.0886908
0.513848
0.310252
0.370191
0.530418
0.244322
0.365609
0.662
0.391862
0.0397188
0.187289
0.079054
0.617605
0.0421478
0.262627
0.0970865
0.662
0.511493
0.55201
0.0809079
0.357806
0.151579
0.623462
0.226366
0.0368776
0.215286
0.114206
0.406181
0.0235588
0.233673
0.147472
0.147704
0.662
0.0841128
0.0511103
0.124408
0.221166
0.169737
0.156011
0.208674
0.19956
0.238486
0.447288
0.0122616
0.197271
0.334486
0.606487
0.662
0.1054
0.242192
0.131121
0.288824
0.0937649
0.127572
0.0104291
0.147601
0.455661
0.534219
0.300704
0.0960156
0.0705992
0.119264
0.662
0.231781
0.206288
0.217251
0.35222
0.125791
0.513495
0.411546
0.48905
0.272302
0.442225
0.174277
0.104452
0.195395
0.40711
0.0676542
0.214241
0.0841914
0.169001
0.137033
0.662
0.0959626
0.245094
0.144808
0.103254
0.319026
0.0944511
0.174289
0.0370106
0.125751
0.371361
0.462037
0.662
0.629004
0.382685
0.163649
0.662
0.183903
0.291382
0.158114
0.109418
0.0799769
0.257613
0.157144
0.217016
0.508301
0.662
0.161919
0.00277239
0.276809
0.113419
0.166937
0.0744611
0.17832
0.248703
0.336644
0.560649
0.662
0.202637
0.0898143
0.0734133
0.412781
0.0261271
0.288475
0.430609
0.295676
0.662
0.267815
0.0852727
0.115366
0.110357
0.526839
0.0284803
0.243606
0.291133
0.0596316
0.0873522
0.0532904
0.14964
0.0756153
0.662
0.187239
0.360323
0.0621309
0.396964
0.0767397
0.233711
0.385409
0.356805
0.213324
0.264294
0.20856
0.411201
0.324376
0.0891826
0.191489
0.102552
0.54301
0.501382
0.341636
0.108215
0.552496
0.113587
0.16927
0.0166038
0.115482
0.520243
0.139156
0.14246
0.397153
0.205758
0.477255
0.344509
0.616674
0.470665
0.114352
0.138839
0.50846
0.0200562
0.230615
0.174679
0.16371
0.0154904
0.0237077
0.343461
0.644345
0.347281
0.213173
0.171786
0.148161
0.141005
0.35034
0.113192
0.200105
0.274721
0.459788
0.105126
0.463572
0.292232
0.0206373
0.153026
0.662
0.0875778
0.372585
0.220577
0.039965
0.120164
0.207776
0.393525
0.493806
0.198218
0.662
0.662
0.483655
0.662
0.0678572
0.662
0.372963
0.662
0.0466409
0.323169
0.197064
0.662
0.0273354
0.273388
0.147846
0.161125
0.219053
0.00831135
0.355631
0.330697
0.200857
0.0884522
0.143431
0.0761565
0.5753
0.373018
0.137572
0.625071
0.0802417
0.0673161
0.183687
0.279665
0.0646805
0.0670822
0.0751708
0.109155
0.304945
0.36058
0.152968
0.662
0.222186
0.0146941
0.00888256
0.101987
0.530814
0.565612
0.54825
0.12511
0.389968
0.208089
0.246726
0.652697
0.131528
0.662
0.0655851
0.382754
0.2617
0.214618
0.407582
0.0635478
0.230241
0.0784403
0.211111
0.312347
0.00903795
0.304274
0.00624558
0.310488
0.498416
0.179053
0.47404
0.208167
0.662
0.166727
0.163469
0.0181252
0.399994
0.0682911
0.554101
0.662
0.0960732
0.102035
0.148055
0.075926
0.162578
0.0573442
0.106167
0.101693
0.134774
0.453008
0.254777
0.187105
0.0685428
0.167758
0.186347
0.662
0.313519
0.0931012
0.250192
0.0520048
0.218369
0.0444232
0.229224
0.140651
0.307184
0.129115
0.117577
0.3363
0.00883131
0.0142286
0.38659
0.662
0.178989
0.183134
0.08964
0.496876
0.188081
0.234628
0.0153482
0.219726
0.0980226
0.502191
0.203086
0.662
0.0940404
0.123159
0.355828
0.662
0.229967
0.26016
0.144258
0.1674
0.381587
0.101739
0.662
0.400402
0.122044
0.304578
0.0698674
0.662
0.349188
0.348312
0.0451759
0.121258
0.662
0.138887
0.63139
0.585079
0.470063
0.433435
0.662
0.215098
0.271141
0.0806299
0.106795
0.484251
0.121105
0.188503
0.0151649
0.62618
0.159948
0.343591
0.177309
0.386423
0.49238
0.163466
0.0766317
0.190798
0.148206
0.662
0.277357
0.235262
0.191846
0.662
0.0761267
0.169395
0.216289
0.580205
0.181161
0.408373
0.175526
0.430356
0.662
0.118353
0.0751119
0.131895
0.268361
0.286291
0.0976762
0.662
0.662
0.199917
0.0873726
0.347514
0.0971798
0.196659
0.394308
0.10096
0.0505286
0.662
0.0436828
0.612464
0.26074
0.0607899
0.0236848
0.662
0.135027
0.133414
0.169764
0.103631
0.10361
0.662
0.0498658
0.0762818
0.0644028
0.502222
0.0865622
0.195255
0.0924834
0.101504
0.12546
0.21724
0.0199684
0.193495
0.0720678
0.127053
0.33125
0.214166
0.103462
0.210319
0.174345
0.570693
0.0872314
0.598398
0.109863
0.0711196
0.10399
0.272355
0.662
0.424677
0.0719553
0.514186
0.468354
0.0450674
0.0703355
0.175835
0.179956
0.216338
0.258398
0.122811
0.125978
0.4246
0.0474464
0.424422
0.0882387
0.263361
0.3128
0.323758
0.172289
0.136071
0.129308
0.0197551
0.563854
0.594573
0.14677
0.532468
0.0614113
0.143006
0.240414
0.327783
0.0322391
0.0637068
0.111835
0.0902524
0.0649151
0.149183
0.00346543
0.449875
0.0792031
0.0986839
0.150185
0.169664
0.162455
0.431754
0.109018
0.11818
0.581624
0.0494362
0.187971
0.0487391
0.0657377
0.0349475
0.0997624
0.436595
0.286095
0.177442
0.228412
0.230506
0.470685
0.245097
0.662
0.510468
0.070991
0.519246
0.302427
0.122806
0.149981
0.259133
0.662
0.320882
0.452344
0.204302
0.619462
0.163458
0.0383049
0.349275
0.662
0.32509
0.0323819
0.18209
0.208358
0.450507
0.662
0.424947
0.18408
0.0881017
0.662
0.0627227
0.266114
0.20599
0.238374
0.662
0.0319683
0.296189
0.662
0.662
0.107107
0.0800542
0.0777083
0.0735422
0.0596148
0.0498935
0.306064
0.244521
0.640442
0.0731453
0.168732
0.155333
0.041039
0.662
0.183844
0.144121
0.194093
0.450532
0.0654693
0.185942
0.257131
0.291316
0.0631489
0.0502839
0.536075
0.662
0.217932
0.0600142
0.0775729
0.160895
0.662
0.0985424
0.0507425
0.169689
0.0679611
0.662
0.134788
0.443401
0.662
0.296907
0.348159
0.359859
0.324642
0.662
0.579761
0.0585331
0.109807
0.225929
0.128
0.170135
0.232152
0.662
0.660674
0.0650689
0.147935
0.496181
0.270274
0.0845105
0.156735
0.15729
0.382467
0.13453
0.131476
0.60046
0.0332726
0.193377
0.130735
0.662
0.0895938
0.662
0.134427
0.0277698
0.438374
0.100887
0.4192
0.450189
0.166374
0.629069
0.162826
0.0815153
0.0983969
0.62418
0.416922
0.660855
0.134191
0.156319
0.662
0.0928551
0.360191
0.205663
0.052484
0.252102
0.589633
0.203142
0.0819836
0.0890367
0.301705
0.214156
0.567099
0.662
0.0520721
0.432617
0.508697
0.12094
0.113864
0.662
0.161345
0.0408432
0.423339
0.181692
0.0366003
0.315907
0.329157
0.0803118
0.115522
0.0944335
0.208033
0.0681858
0.151019
0.103952
0.662
0.183744
0.662
0.098549
0.157228
0.177754
0.151334
0.276126
0.198671
0.189297
0.114775
0.212157
0.151757
0.273863
0.211171
0.258718
0.662
0.166923
0.37247
0.346895
0.208419
0.662
0.101843
0.0900025
0.198955
0.601167
0.285211
0.194623
0.430759
0.323409
0.173675
0.141525
0.149777
0.0559803
0.311595
0.255034
0.0894725
0.149345
0.090577
0.244706
0.0717354
0.0600912
0.184909
0.530394
0.0497532
0.150931
0.279114
0.203542
0.0873816
0.457231
0.249556
0.662
0.103667
0.256914
0.128321
0.289818
0.122522
0.63589
0.196848
0.147974
0.0938292
0.094762
0.238419
0.0649186
0.127902
0.0458754
0.13497
0.176346
0.055364
0.605971
0.302945
0.289189
0.0600765
0.0800966
0.260075
0.250177
0.167241
0.662
0.533504
0.386897
0.119274
0.45068
0.256313
0.153518
0.239152
0.0193694
0.662
0.0741337
0.421783
0.26944
0.56482
0.186664
0.405515
0.024574
0.190142
0.662
0.332754
0.0737221
0.360227
0.358035
0.191422
0.0884364
0.373737
0.220308
0.192734
0.50056
0.0568874
0.662
0.474127
0.383824
0.12504
0.662
0.15665
0.454025
0.0496602
0.224243
0.311431
0.0470758
0.44911
0.528043
0.0924797
0.0741967
0.662
0.426674
0.234349
0.138808
0.147472
0.500052
0.074065
0.0261663
0.662
0.137397
0.662
0.591322
0.51089
0.194802
0.274389
0.0482471
0.0136556
0.196375
0.577198
0.118059
0.0438602
0.205104
0.662
0.0714578
0.406128
0.472675
0.662
0.173956
0.34105
0.106397
0.048078
0.110508
0.415105
0.103307
0.0736013
0.387872
0.221374
0.0506953
0.101416
0.207604
0.21604
0.409974
0.0378655
0.657765
0.662
0.101606
0.013094
0.130499
0.264839
0.479214
0.410547
0.302846
0.495512
0.662
0.662
0.610399
0.031796
0.294948
0.662
0.364467
0.168833
0.662
0.143415
0.119441
0.408837
0.0481847
0.0373616
0.102711
0.0666256
0.350548
0.0637954
0.367707
0.655327
0.104134
0.662
0.259483
0.117112
0.662
0.250584
0.350033
0.407625
0.606917
0.203485
0.662
0.0721606
0.0728835
0.0875967
0.287587
0.662
0.0650788
0.27138
0.547819
0.452082
0.662
0.0911975
0.170374
0.662
0.138098
0.42549
0.0537535
0.145096
0.195981
0.110639
0.154665
0.131888
0.483578
0.533367
0.212531
0.172778
0.01386
0.662
0.0636214
0.417403
0.186121
0.103381
0.662
0.446378
0.662
0.077128
0.172262
0.0519712
0.139432
0.40403
0.035457
0.234048
0.662
0.0965101
0.662
0.422112
0.150604
0.158238
0.559714
0.354129
0.40369
0.109807
0.138117
0.1679
0.0495049
0.337066
0.212234
0.345663
0.0856244
0.160149
0.662
0.315886
0.22291
0.49635
0.0484558
0.408195
0.391488
0.662
0.0462173
0.425581
0.413844
0.251072
0.480424
0.0438251
0.0419059
0.154903
0.178795
0.192986
0.120226
0.193098
0.170814
0.280539
0.0734481
0.144349
0.0708598
0.153563
0.224161
0.662
0.0520105
0.251923
0.253202
0.247411
0.0124948
0.115187
0.662
0.0545272
0.357716
0.662
0.00710243
0.267367
0.429122
0.101228
0.0986246
0.62144
0.662
0.206213
0.125134
0.454618
0.196841
0.126734
0.129461
0.102147
0.0624799
0.452536
0.412635
0.0743855
0.144623
0.410452
0.187975
0.658197
0.158683
0.343063
0.515049
0.33035
0.0559488
0.0693567
0.662
0.0775268
0.412409
0.00360423
0.382966
0.442767
0.0937014
0.106763
0.297491
0.0210947
0.361915
0.325581
0.163513
0.0770836
0.345468
0.366209
0.258068
0.478344
0.19445
0.318278
0.662
0.394148
0.184669
0.140805
0.163497
0.590948
0.249224
0.0853978
0.662
0.197592
0.470165
0.149331
0.593147
0.325139
0.662
0.224175
0.406277
0.15346
0.323257
0.61584
0.587931
0.642882
0.142095
0.163763
0.109452
0.275649
0.314695
0.611904
0.559855
0.258701
0.0667056
0.0751591
0.162099
0.585593
0.662
0.209302
0.294621
0.442587
0.139886
0.22471
0.0516141
0.662
0.261082
0.594154
0.126885
0.662
0.0771751
0.185804
0.662
0.528627
0.177745
0.0724255
0.378145
0.153351
0.479349
0.185668
0.662
0.370622
0.150882
0.224587
0.107955
0.169115
0.191036
0.228883
0.117001
0.662
0.0847961
0.091464
0.360621
0.0818449
0.51592
0.0924377
0.0529751
0.336409
0.137999
0.636343
0.0956911
0.0731389
0.316708
0.179863
0.194556
0.662
0.168888
0.311114
0.298184
0.228691
0.0440705
0.55422
0.646819
0.106778
0.088785
0.302642
0.0903444
0.30592
0.221396
0.164459
0.501919
0.224423
0.357373
0.493128
0.216128
0.130126
0.0907951
0.109904
0.490175
0.195342
0.662
0.0842571
0.125199
0.263891
0.112595
0.422386
0.662
0.0623268
0.145783
0.0508708
0.178156
0.448317
0.0782556
0.0577108
0.296891
0.0971574
0.662
0.0935739
0.108242
0.356077
0.0733774
0.466141
0.502518
0.260648
0.482061
0.112259
0.101845
0.194561
0.258044
0.161374
0.229854
0.184395
0.200542
0.662
0.662
0.183933
0.443886
0.347479
0.662
0.112093
0.383396
0.400646
0.173526
0.0892743
0.662
0.230713
0.662
0.250227
0.123818
0.488425
0.315394
0.408056
0.630756
0.539544
0.486435
0.418974
0.0220246
0.210306
0.126681
0.0332791
0.0531873
0.0936513
0.662
0.662
0.432643
0.406413
0.0969048
0.140169
0.53029
0.458097
0.0744667
0.0900742
0.0807616
0.17274
0.32209
0.0983646
0.205274
0.0494819
0.121114
0.296661
0.405126
0.102682
0.390711
0.401129
0.0988763
0.0860832
0.662
0.374515
0.328522
0.252816
0.283649
0.123348
0.0970588
0.0534689
0.662
0.355974
0.288592
0.0622662
0.561664
0.662
0.101786
0.110119
0.662
0.308987
0.124043
0.189009
0.0351655
0.662
0.350342
0.0892665
0.273472
0.0998125
0.322851
0.1178
0.471435
0.633783
0.184572
0.662
0.291701
0.338414
0.0852808
0.662
0.499264
0.662
0.307904
0.151721
0.474647
0.0373381
0.0308466
0.11338
0.38032
0.0211262
0.236824
0.480879
0.287735
0.194749
0.0688659
0.177884
0.662
0.0765462
0.27272
0.471646
0.00467322
0.148039
0.144385
0.59094
0.0214455
0.0996719
0.662
0.132469
0.283487
0.273892
0.134707
0.0389811
0.132143
0.349568
0.662
0.228926
0.115526
0.0914017
0.420749
0.188193
0.0343756
0.153541
0.259336
0.137765
0.306976
0.471057
0.662
0.20699
0.466594
0.0296611
0.171777
0.321807
0.662
0.394366
0.162112
0.103921
0.162586
0.279312
0.139817
0.115101
0.18585
0.200855
0.0803187
0.198135
0.662
0.0737632
0.353237
0.662
0.0414353
0.0648643
0.108748
0.662
0.19316
0.662
0.662
0.462611
0.121692
0.473987
0.105311
0.0650792
0.124868
0.127957
0.662
0.662
0.105475
0.481507
0.299141
0.469411
0.129966
0.172547
0.0909805
0.662
0.123118
0.115653
0.0566577
0.456327
0.38152
0.000163724
0.239249
0.302702
0.124142
0.662
0.178321
0.397068
0.127411
0.334832
0.390404
0.43506
0.0847545
0.433004
0.54624
0.290303
0.662
0.662
0.662
0.662
0.113819
0.30499
0.260989
0.26111
0.655621
0.048119
0.305394
0.0617818
0.662
0.21313
0.219329
0.0570712
0.662
0.0666058
0.318282
0.0714322
0.0136771
0.107241
0.662
0.327875
0.0964806
0.27708
0.0904958
0.144544
0.047595
0.331327
0.0381093
0.536476
0.662
0.222233
0.107951
0.0853747
0.153523
0.409191
0.0615362
0.662
0.488012
0.0209311
0.0995343
0.14922
0.44028
0.104175
0.662
0.215676
0.416099
0.408872
0.278896
0.235839
0.133697
0.662
0.0762737
0.536309
0.0837826
0.662
0.454411
0.101864
0.105036
0.461479
0.662
0.662
0.471215
0.13814
0.462324
0.292558
0.255412
0.184031
0.221074
0.155028
0.254004
0.0977982
0.228917
0.105034
0.0409481
0.662
0.324191
0.074517
0.0182714
0.129247
0.598285
0.662
0.222686
0.545998
0.221351
0.0751368
0.585022
0.466485
0.0713241
0.0276709
0.363025
0.471012
0.243042
0.367681
0.0316787
0.662
0.0748603
0.537062
0.0566822
0.137889
0.129345
0.107675
0.0502897
0.11946
0.320612
0.28639
0.105889
0.0970813
0.0221598
0.662
0.131016
0.662
0.662
0.278745
0.147364
0.0628715
0.0600097
0.192675
0.36676
0.275686
0.592179
0.0759648
0.225647
0.351092
0.314549
0.0587326
0.0375026
0.314479
0.262756
0.224738
0.358127
0.0330221
0.0376645
0.662
0.0354487
0.109587
0.235311
0.524157
0.449575
0.140802
0.253683
0.662
0.207913
0.128924
0.149196
0.279283
0.662
0.199053
0.0761219
0.657688
0.107965
0.108504
0.415173
0.123262
0.382325
0.302513
0.662
0.577962
0.111231
0.212066
0.178292
0.0813143
0.601447
0.115055
0.35246
0.0766877
0.0752705
0.138122
0.662
0.438806
0.662
0.123919
0.145059
0.162948
0.25922
0.516274
0.445341
0.431809
0.662
0.153903
0.4726
0.568704
0.305276
0.288596
0.132947
0.0173411
0.124122
0.0549151
0.133399
0.0909244
0.194105
0.00298472
0.11733
0.119174
0.652749
0.0574946
0.662
0.108557
0.161323
0.093162
0.0769563
0.52555
0.251911
0.495394
0.662
0.108555
0.662
0.0545739
0.662
0.240073
0.0605132
0.238809
0.175811
0.418016
0.303826
0.449033
0.322061
0.427813
0.245714
0.45267
0.606998
0.0648476
0.0652506
0.0176341
0.196135
0.0848722
0.21052
0.227504
0.662
0.386646
0.459991
0.118797
0.0299748
0.0729236
0.185182
0.0944888
0.101908
0.335232
0.11502
0.310266
0.0122457
0.662
0.0413843
0.649776
0.378285
0.400722
0.662
0.262435
0.299694
0.0707222
0.207023
0.00519214
0.091352
0.383353
0.393395
0.173228
0.00352163
0.301716
0.0718762
0.122682
0.120312
0.123485
0.232341
0.532886
0.601575
0.662
0.399492
0.107697
0.205729
0.06074
0.384967
0.155723
0.246506
0.173304
0.400154
0.0137784
0.662
0.662
0.0366532
0.660804
0.0835154
0.0952202
0.211296
0.0636456
0.0351777
0.0546849
0.627303
0.205431
0.241271
0.112529
0.0816312
0.198482
0.329266
0.571312
0.0796592
0.381552
0.52146
0.662
0.662
0.256069
0.15832
0.662
0.530103
0.391934
0.0867024
0.0865844
0.129762
0.268765
0.375253
0.17894
0.662
0.2871
0.0913493
0.377473
0.0677337
0.105923
0.0939693
0.662
0.360948
0.0663064
0.299622
0.662
0.0800954
0.162168
0.421345
0.358233
0.662
0.0864175
0.199215
0.460691
0.445293
0.0868105
0.372673
0.132743
0.57233
0.0624123
0.343331
0.0587281
0.114857
0.0736776
0.267667
0.248678
0.242321
0.0814237
0.0208587
0.205459
0.0827566
0.338878
0.343006
0.417203
0.481859
0.415039
0.257224
0.662
0.371495
0.045322
0.188548
0.25703
0.208715
0.0438523
0.0501636
0.401134
0.122008
0.145591
0.240417
0.407085
0.209543
0.128924
0.0624809
0.296965
0.131248
0.379485
0.0639851
0.0614757
0.0974244
0.265074
0.247511
0.211663
0.413766
0.406428
0.0559878
0.239996
0.377159
0.00656925
0.283562
0.0785573
0.224155
0.0855175
0.662
0.268276
0.0867469
0.0739014
0.133026
0.19034
0.14062
0.134377
0.498191
0.107109
0.244879
0.175029
0.662
0.234858
0.224524
0.121892
0.662
0.0171042
0.0739967
0.42876
0.202854
0.174878
0.247953
0.662
0.349016
0.091762
0.0798233
0.295577
0.252707
0.0984039
0.151872
0.158251
0.119713
0.529034
0.0271533
0.662
0.0705581
0.0759738
0.233507
0.174726
0.662
0.243707
0.570713
0.420583
0.292423
0.0318541
0.25272
0.42427
0.0472061
0.207452
0.540638
0.214652
0.284722
0.273994
0.39975
0.662
0.662
0.218774
0.0861874
0.0712489
0.158318
0.216269
0.124241
0.110295
0.662
0.114825
0.44031
0.662
0.118283
0.662
0.354765
0.121776
0.196189
0.621921
0.0331122
0.662
0.231199
0.662
0.0583584
0.452849
0.204036
0.151989
0.0140276
0.16374
0.0714224
0.580165
0.662
0.4249
0.0179704
0.479277
0.0854117
0.168429
0.0917258
0.123491
0.0848253
0.502282
0.134925
0.171861
0.131815
0.117764
0.0335265
0.302766
0.234584
0.100813
0.104119
0.0668346
0.662
0.1007
0.0699966
0.207364
0.662
0.662
0.244792
0.271418
0.225783
0.206664
0.503163
0.409976
0.425646
0.512636
0.662
0.267441
0.352096
0.462259
0.386328
0.147915
0.262703
0.539788
0.472796
0.662
0.231482
0.112031
0.662
0.147884
0.170515
0.192056
0.224899
0.566727
0.662
0.370448
0.662
0.036207
0.415938
0.355148
0.550905
0.266917
0.519708
0.117165
0.135115
0.43468
0.632916
0.0508382
0.25277
0.662
0.0720755
0.0957293
0.218607
0.0985952
0.511008
0.220437
0.662
0.662
0.326097
0.414105
0.11502
0.340724
0.0412374
0.459003
0.0745584
0.265098
0.211071
0.465104
0.0999274
0.662
0.418684
0.377722
0.279045
0.393498
0.0794612
0.100303
0.0890106
0.143648
0.183007
0.105147
0.586586
0.0184095
0.0838506
0.662
0.59798
0.15655
0.0640875
0.25256
0.0908408
0.264736
0.0726855
0.383804
0.0770401
0.0792886
0.662
0.139961
0.215835
0.662
0.063129
0.662
0.213221
0.336334
0.179849
0.577245
0.214156
0.500371
0.0985147
0.0537257
0.0777789
0.0537297
0.335767
0.142588
0.133747
0.378261
0.0220699
0.219619
0.592799
0.136194
0.176295
0.0849632
0.662
0.51315
0.360829
0.188622
0.0410959
0.351273
0.633673
0.125836
0.269543
0.267006
0.290849
0.138222
0.615395
0.0872489
0.201761
0.122717
0.0694098
0.296009
0.662
0.379398
0.100315
0.149532
0.21377
0.399672
0.0753636
0.420676
0.104265
0.0259216
0.0817676
0.194139
0.662
0.139354
0.0716056
0.0260324
0.265889
0.0975829
0.054752
0.140803
0.170648
0.662
0.65132
0.191246
0.252747
0.62318
0.332442
0.662
0.0983147
0.181141
0.501901
0.561169
0.282198
0.283236
0.0845119
0.587511
0.0609068
0.193693
0.14355
0.50156
0.198017
0.458645
0.553024
0.232037
0.123052
0.396884
0.616789
0.259709
0.0281615
0.0868152
0.481206
0.122816
0.390817
0.222055
0.302113
0.284077
0.453267
0.229776
0.0317662
0.101622
0.584643
0.0767971
0.429743
0.193881
0.195816
0.391442
0.484899
0.334714
0.579449
0.463531
0.497023
0.622747
0.087491
0.0961562
0.662
0.340028
0.0466313
0.0640659
0.078573
0.111624
0.496773
0.0797484
0.0943137
0.42152
0.104555
0.0848775
0.0592798
0.2213
0.662
0.0895881
0.662
0.0583913
0.498031
0.183119
0.116294
0.213523
0.224747
0.18475
0.0875142
0.550689
0.61893
0.0707778
0.061289
0.280331
0.55454
0.662
0.354743
0.139866
0.0533213
0.240435
0.662
0.0508943
0.148444
0.0196747
0.180265
0.285394
0.207732
0.0855485
0.0724782
0.183047
0.0427957
0.142701
0.130566
0.452234
0.249661
0.403863
0.0657642
0.662
0.0810735
0.0098874
0.0459971
0.213735
0.578204
0.0758297
0.662
0.417647
0.430158
0.0383899
0.320481
0.109206
0.141786
0.10071
0.022122
0.311434
0.48877
0.28348
0.0789861
0.0602544
0.308039
0.276376
0.272473
0.0577658
0.0529771
0.391246
0.0843083
0.104349
0.223581
0.163667
0.250538
0.662
0.0663749
0.662
0.131229
0.311211
0.243858
0.260509
0.3729
0.0569756
0.318124
0.255581
0.193339
0.230635
0.321999
0.662
0.22845
0.104089
0.275048
0.580128
0.662
0.330378
0.0957995
0.0152334
0.103659
0.0899847
0.153821
0.662
0.0480196
0.129126
0.458062
0.28733
0.662
0.149406
0.125061
0.0922356
0.193975
0.176906
0.0952471
0.312742
0.147073
0.57118
0.662
0.363047
0.365319
0.117038
0.657353
0.0740434
0.662
0.153904
0.662
0.193553
0.201876
0.178119
0.200329
0.0556318
0.0936419
0.608016
0.662
0.180189
0.317086
0.662
0.662
0.372315
0.214463
0.193927
0.146678
0.266499
0.164417
0.0705789
0.187588
0.0723945
0.105018
0.436949
0.154823
0.119113
0.0884508
0.113126
0.18217
0.476246
0.41095
0.636325
0.153969
0.287554
0.496673
0.662
0.496417
0.662
0.613316
0.111001
0.414097
0.523694
0.662
0.085543
0.364103
0.146826
0.101659
0.514728
0.34918
0.0560692
0.162469
0.0667779
0.625885
0.262364
0.659116
0.0606609
0.25843
0.381225
0.0896297
0.243186
0.662
0.0464283
0.0996773
0.0553528
0.289238
0.403519
0.0560938
0.662
0.117882
0.321782
0.24016
0.662
0.162432
0.387539
0.329656
0.158567
0.662
0.417522
0.127212
0.193558
0.254562
0.662
0.514828
0.662
0.153304
0.398595
0.610289
0.155349
0.662
0.00872832
0.468302
0.153503
0.390427
0.0625614
0.491761
0.0995165
0.39432
0.0604322
0.260195
0.0792695
0.0967992
0.0481972
0.411905
0.116162
0.0534015
0.112778
0.123601
0.311105
0.662
0.10254
0.0221446
0.116018
0.220152
0.546541
0.147058
0.396391
0.5788
0.370356
0.240807
0.153668
0.0691196
0.26376
0.248601
0.116395
0.049901
0.662
0.263323
0.662
0.223228
0.131091
0.12208
0.662
0.10804
0.0600284
0.0537963
0.0940985
0.32822
0.139532
0.662
0.161566
0.218256
0.213827
0.0884362
0.199475
0.213189
0.662
0.161599
0.454945
0.21179
0.662
0.33513
0.422099
0.362238
0.21381
0.219692
0.264177
0.041506
0.582445
0.130611
0.1412
0.373533
0.336908
0.662
0.0972377
0.0945843
0.0235061
0.139508
0.662
0.58601
0.233291
0.662
0.2931
0.0681092
0.244472
0.272516
0.368366
0.287087
0.250083
0.268118
0.291464
0.0948931
0.222956
0.134351
0.0501129
0.082758
0.148596
0.662
0.331336
0.141759
0.426263
0.146533
0.123682
0.0747397
0.645294
0.375281
0.438133
0.236403
0.0531998
0.0366879
0.129943
0.341644
0.662
0.451124
0.412113
0.0507467
0.0714768
0.230221
0.0945903
0.243067
0.0638012
0.20265
0.172803
0.0787229
0.245837
0.315809
0.484939
0.112619
0.255269
0.596468
0.550197
0.0381588
0.110656
0.142835
0.101483
0.326494
0.601252
0.046312
0.312561
0.247644
0.142245
0.559685
0.238944
0.0947176
0.258752
0.133852
0.662
0.662
0.148814
0.0695477
0.389508
0.181781
0.662
0.0380878
0.199118
0.378191
0.608846
0.193537
0.104627
0.409614
0.267486
0.189293
0.48126
0.111538
0.662
0.437485
0.272663
0.542943
0.240744
0.0680843
0.210301
0.0303625
0.123634
0.138451
0.339293
0.144482
0.0397178
0.662
0.144151
0.195626
0.198522
0.649309
0.183616
0.074294
0.662
0.112222
0.207315
0.625431
0.451989
0.0927316
0.0954685
0.182457
0.259902
0.272757
0.285944
0.0445919
0.223455
0.306361
0.0202799
0.149832
0.360631
0.223985
0.120372
0.0294501
0.545174
0.447729
0.152625
0.246844
0.205959
0.079083
0.0453041
0.0642447
0.0538453
0.662
0.0666444
0.41757
0.185385
0.104046
0.470958
0.140337
0.199989
0.0643654
0.207498
0.426635
0.0379999
0.177778
0.162392
0.293831
0.430881
0.662
0.380691
0.196328
0.0762738
0.662
0.10324
0.0336686
0.107469
0.106307
0.101809
0.0140475
0.662
0.359826
0.404551
0.142564
0.501899
0.0988358
0.309219
0.0370053
0.0805197
0.209946
0.408626
0.173924
0.270008
0.0750035
0.317706
0.0719255
0.441204
0.0843154
0.0807304
0.0394381
0.0713005
0.125537
0.533287
0.662
0.335731
0.433124
0.329026
0.221355
0.280299
0.0169386
0.052365
0.176062
0.0161813
0.125882
0.101722
0.140635
0.0560819
0.662
0.100289
0.114931
0.0549334
0.226348
0.304093
0.270322
0.0938979
0.0724847
0.112309
0.242695
0.0251087
0.248311
0.297663
0.595268
0.220725
0.186159
0.358991
0.469408
0.415252
0.113849
0.0639072
0.637825
0.139604
0.209048
0.0498881
0.122036
0.0772603
0.15615
0.0843911
0.499423
0.662
0.443664
0.0652047
0.0862382
0.115413
0.0887316
0.391706
0.368321
0.11554
0.40745
0.371321
0.123351
0.662
0.139102
0.410922
0.528018
0.662
0.0731362
0.198694
0.256655
0.662
0.377982
0.187491
0.662
0.0485838
0.0455296
0.384552
0.0419539
0.287685
0.227423
0.0351398
0.662
0.0570167
0.121896
0.215122
0.445129
0.410568
0.00849345
0.464176
0.205027
0.662
0.221627
0.600123
0.527593
0.433006
0.662
0.402508
0.199076
0.150655
0.0977784
0.171318
0.12441
0.241331
0.120416
0.305318
0.393499
0.149569
0.0612517
0.146347
0.209494
0.546748
0.0498356
0.555611
0.0729875
0.0652993
0.0720171
0.213138
0.662
0.245595
0.446206
0.22894
0.131209
0.551828
0.170825
0.626041
0.206676
0.0976316
0.0351293
0.124341
0.25407
0.340996
0.662
0.344636
0.11544
0.580556
0.204996
0.208943
0.0564299
0.315769
0.0805586
0.193056
0.539301
0.305256
0.346348
0.154162
0.311518
0.662
0.662
0.351355
0.411908
0.103272
0.233872
0.325832
0.498677
0.0120529
0.316557
0.662
0.154182
0.0702169
0.224679
0.408977
0.0701004
0.0936209
0.215456
0.662
0.0646049
0.283418
0.0673252
0.365169
0.458741
0.511426
0.219181
0.662
0.0772003
0.456193
0.231269
0.141874
0.662
0.662
0.403428
0.0426474
0.185122
0.121383
0.142095
0.182189
0.0731305
0.275351
0.500354
0.0984004
0.116713
0.662
0.20452
0.449453
0.185853
0.300798
0.0950429
0.0728801
0.0467603
0.662
0.222458
0.143649
0.224114
0.458292
0.0657255
0.333268
0.487194
0.510097
0.318899
0.662
0.0554051
0.662
0.555527
0.0738778
0.575076
0.662
0.0950747
0.10777
0.662
0.116832
0.333478
0.498082
0.109611
0.261244
0.299968
0.137577
0.164566
0.142741
0.21773
0.28982
0.377264
0.251836
0.662
0.112814
0.494142
0.182377
0.539373
0.0767569
0.314928
0.166603
0.413665
0.0894671
0.156811
0.101828
0.298888
0.123935
0.662
0.0517256
0.0525465
0.221124
0.662
0.115453
0.176879
0.292738
0.228576
0.485849
0.268484
0.595172
0.0456403
0.229575
0.662
0.662
0.55006
0.312102
0.105157
0.221983
0.409768
0.488156
0.145181
0.190665
0.19713
0.662
0.0504653
0.000770655
0.569656
0.662
0.662
0.122574
0.0535565
0.656094
0.585224
0.11894
0.162419
0.662
0.164895
0.662
0.461446
0.0625276
0.178696
0.464441
0.0682667
0.236698
0.135803
0.249235
0.473234
0.420457
0.257599
0.268592
0.134606
0.602854
0.144432
0.0228321
0.592951
0.0448824
0.274893
0.56092
0.0378817
0.260236
0.150283
0.195085
0.0333708
0.0414195
0.213219
0.0920645
0.632365
0.0799243
0.0489912
0.239381
0.206454
0.282755
0.0969809
0.0672773
0.108017
0.192055
0.0837752
0.280163
0.144525
0.10023
0.557386
0.13873
0.473646
0.185222
0.0671058
0.318272
0.100444
0.12446
0.206109
0.0292184
0.184191
0.321187
0.10477
0.166978
0.161718
0.16245
0.405037
0.186194
0.24599
0.3183
0.161854
0.0885534
0.266591
0.514644
0.662
0.376263
0.116194
0.307842
0.662
0.172094
0.363649
0.251489
0.279052
0.38378
0.073383
0.662
0.375713
0.50131
0.0611257
0.138481
0.0755265
0.304517
0.217423
0.350707
0.662
0.662
0.483374
0.043824
0.328277
0.308377
0.530909
0.662
0.0443642
0.0771181
0.634188
0.102994
0.0772439
0.143643
0.662
0.37143
0.662
0.0806949
0.312757
0.119391
0.257994
0.176547
0.662
0.0736631
0.221019
0.184287
0.175259
0.425527
0.466683
0.662
0.662
0.101973
0.13427
0.282804
0.284092
0.193286
0.654412
0.114738
0.639363
0.412751
0.0612991
0.116276
0.662
0.564095
0.228653
0.12777
0.193374
0.0889718
0.178846
0.417487
0.195647
0.165127
0.140015
0.083226
0.132015
0.519863
0.075165
0.185394
0.348207
0.116525
0.036601
0.128719
0.144734
0.662
0.0608373
0.662
0.0956967
0.662
0.100513
0.199726
0.298694
0.223337
0.662
0.0883485
0.0541781
0.63096
0.506274
0.126789
0.234739
0.662
0.355098
0.112451
0.487915
0.605505
0.298288
0.270959
0.318574
0.092497
0.224364
0.433787
0.158795
0.146365
0.536798
0.313016
0.0571212
0.241958
0.0799929
0.0275848
0.145751
0.238859
0.0930199
0.408403
0.207145
0.141829
0.445635
0.111151
0.614554
0.325851
0.662
0.662
0.211015
0.541219
0.192027
0.230816
0.40823
0.100562
0.0842445
0.0642845
0.176254
0.355737
0.473749
0.0900594
0.212153
0.106337
0.285304
0.627248
0.125746
0.123772
0.450027
0.0111626
0.662
0.34029
0.261526
0.137534
0.325969
0.0554673
0.0371297
0.578106
0.662
0.195232
0.132476
0.183574
0.084666
0.258959
0.0812419
0.386025
0.101008
0.577442
0.357357
0.0498175
0.181396
0.0171079
0.175707
0.434706
0.182053
0.238999
0.228335
0.36128
0.662
0.296148
0.153171
0.344373
0.11706
0.546461
0.233842
0.0777339
0.229259
0.662
0.662
0.0750012
0.215127
0.158471
0.268325
0.0212157
0.508761
0.150129
0.0762662
0.662
0.230693
0.662
0.169392
0.133338
0.0728381
0.116895
0.496698
0.148403
0.106438
0.0575932
0.662
0.304794
0.166328
0.0443172
0.169752
0.128762
0.304543
0.0700358
0.268982
0.209871
0.151196
0.138352
0.1875
0.0789142
0.0739696
0.15005
0.132912
0.129977
0.137024
0.116777
0.40731
0.307711
0.520904
0.595325
0.0758707
0.0947857
0.107281
0.234167
0.112231
0.0820799
0.294315
0.485088
0.122319
0.211826
0.442414
0.201423
0.259475
0.449218
0.453611
0.584963
0.0793345
0.0701771
0.340871
0.084266
0.662
0.117583
0.662
0.582063
0.072245
0.0921857
0.345711
0.0990518
0.387715
0.0648877
0.143385
0.165768
0.380571
0.113608
0.126203
0.113806
0.316326
0.483067
0.579389
0.0773948
0.197523
0.51598
0.441895
0.507674
0.131946
0.629049
0.662
0.438331
0.264032
0.0923919
0.128812
0.292802
0.0866076
0.234453
0.294887
0.188931
0.119675
0.662
0.124702
0.662
0.662
0.169803
0.157864
0.10699
0.0993303
0.0558722
0.662
0.0409736
0.0958028
0.165502
0.468847
0.0827199
0.111119
0.585169
0.405553
0.121535
0.135618
0.132016
0.207441
0.662
0.369438
0.346999
0.0855425
0.155216
0.466121
0.234518
0.147359
0.336731
0.431747
0.0806945
0.0740001
0.0617904
0.341148
0.0492493
0.0612089
0.340875
0.217256
0.43267
0.237966
0.662
0.35456
0.331419
0.103677
0.662
0.251948
0.662
0.191087
0.134234
0.0466788
0.0822377
0.0706585
0.446302
0.184754
0.175818
0.662
0.312736
0.163526
0.218238
0.220109
0.217481
0.0435049
0.0807337
0.49253
0.137191
0.662
0.126818
0.138277
0.223194
0.123745
0.662
0.586696
0.0970635
0.280385
0.206361
0.117548
0.110108
0.0821822
0.39184
0.0876128
0.119999
0.0726669
0.662
0.363165
0.0914604
0.24991
0.655536
0.212344
0.0587464
0.112502
0.0862521
0.372996
0.338178
0.524206
0.197621
0.350235
0.363349
0.00226999
0.386626
0.662
0.104654
0.0473591
0.139434
0.211315
0.323333
0.16685
0.133419
0.054868
0.168629
0.131506
0.662
0.395187
0.0383736
0.111854
0.509738
0.131238
0.240932
0.351389
0.411711
0.0896065
0.246351
0.312658
0.0329934
0.227924
0.339618
0.662
0.152614
0.0724768
0.662
0.589007
0.142044
0.639102
0.0894597
0.543497
0.0901017
0.120823
0.0994496
0.137728
0.111514
0.662
0.0925166
0.377951
0.501156
0.300415
0.662
0.148971
0.307268
0.352538
0.103743
0.0674976
0.287652
0.662
0.662
0.323136
0.292709
0.145378
0.081307
0.662
0.207182
0.112485
0.0819403
0.662
0.165084
0.141381
0.168548
0.0428454
0.155454
0.662
0.212752
0.112475
0.378384
0.0598452
0.428787
0.283909
0.132375
0.158133
0.446077
0.435817
0.396752
0.426727
0.286399
0.454296
0.187678
0.233267
0.31222
0.308333
0.419805
0.0950603
0.0587905
0.0748583
0.0937795
0.662
0.0715968
0.396039
0.295509
0.139973
0.0853489
0.0639926
0.662
0.256556
0.662
0.242019
0.355627
0.168155
0.662
0.14969
0.191303
0.0691904
0.21863
0.376859
0.112256
0.0555421
0.0869511
0.0605675
0.0191211
0.0677909
0.147196
0.122012
0.5381
0.464812
0.221031
0.385356
0.0997434
0.136371
0.346693
0.251772
0.662
0.157441
0.111308
0.218236
0.260498
0.0393908
0.146894
0.00575509
0.081172
0.0730836
0.0526996
0.177072
0.662
0.0421204
0.0473987
0.662
0.0960811
0.0808096
0.113406
0.464888
0.0734604
0.173983
0.208482
0.101775
0.662
0.169058
0.520215
0.185728
0.188087
0.445006
0.0858161
0.220285
0.0751431
0.245766
0.208386
0.139923
0.13032
0.21023
0.138758
0.259573
0.0498638
0.261849
0.367689
0.123463
0.220059
0.343341
0.184996
0.158966
0.0782573
0.0857913
0.61206
0.200178
0.493758
0.177394
0.210904
0.456166
0.295674
0.142113
0.662
0.124738
0.0375114
0.396223
0.180355
0.282277
0.105279
0.27334
0.161648
0.337812
0.171773
0.566871
0.216439
0.25465
0.385676
0.164279
0.32127
0.12583
0.0790559
0.201578
0.404715
0.662
0.524761
0.100542
0.166007
0.11244
0.272838
0.0797988
0.662
0.112236
0.248125
0.195554
0.228288
0.182131
0.188377
0.111614
0.135947
0.662
0.197961
0.276935
0.0868342
0.215635
0.336749
0.595469
0.226076
0.0963807
0.213829
0.347944
0.0830636
0.59141
0.662
0.0716184
0.481577
0.287691
0.0807128
0.349087
0.279807
0.247682
0.306179
0.280184
0.0440605
0.234445
0.253603
0.031301
0.378527
0.126323
0.662
0.147214
0.662
0.169164
0.0823159
0.109396
0.359158
0.227185
0.0427221
0.156806
0.662
0.0669887
0.419883
0.0785869
0.107509
0.0677467
0.441074
0.662
0.303401
0.169283
0.378077
0.160399
0.213277
0.173944
0.0683494
0.0924574
0.196366
0.333984
0.101336
0.357979
0.138604
0.210473
0.546458
0.220216
0.174509
0.371901
0.662
0.0371503
0.205971
0.37083
0.221895
0.199532
0.102573
0.300167
0.0133154
0.0935234
0.189553
0.662
0.0821324
0.187959
0.662
0.21258
0.129573
0.221127
0.19161
0.0642845
0.0716056
0.319581
0.0743679
0.464682
0.39207
0.13065
0.618619
0.358562
0.162898
0.44439
0.192307
0.134913
0.131758
0.0518844
0.0657912
0.19985
0.119399
0.0671886
0.0397984
0.0892122
0.303797
0.621232
0.509316
0.147853
0.297337
0.554746
0.112869
0.0588518
0.256608
0.0401147
0.102326
0.14236
0.0779193
0.166697
0.295312
0.31688
0.176256
0.662
0.16975
0.200512
0.204247
0.418974
0.0359592
0.045321
0.089282
0.477113
0.356592
0.117406
0.413035
0.12912
0.628312
0.662
0.364853
0.0985601
0.345424
0.662
0.112609
0.106522
0.113279
0.662
0.113562
0.0778052
0.0152544
0.176481
0.112286
0.662
0.160416
0.0688484
0.193596
0.662
0.0529198
0.536116
0.662
0.490384
0.662
0.244657
0.133911
0.118922
0.351776
0.662
0.130221
0.327544
0.292821
0.643303
0.383082
0.0998388
0.0853863
0.109835
0.341577
0.0803503
0.662
0.465763
0.0659543
0.568503
0.626054
0.0986596
0.179937
0.662
0.0751596
0.340659
0.662
0.0412903
0.377425
0.509386
0.0612163
0.24683
0.163712
0.15236
0.0106152
0.182919
0.448195
0.121292
0.0843141
0.0835216
0.0876258
0.166762
0.245023
0.339705
0.515873
0.195577
0.259605
0.000520717
0.434662
0.294757
0.323002
0.135128
0.103583
0.137613
0.598329
0.0403541
0.330684
0.0449501
0.662
0.662
0.113341
0.322825
0.21368
0.662
0.108303
0.0188323
0.0670056
0.104844
0.313494
0.0284309
0.662
0.466951
0.106461
0.0328235
0.197889
0.637607
0.0929144
0.253781
0.250207
0.124068
0.662
0.192661
0.12177
0.136359
0.662
0.662
0.117978
0.0740389
0.127157
0.0620161
0.157404
0.000928627
0.193009
0.0602899
0.116765
0.436414
0.346225
0.492669
0.0587821
0.281563
0.259006
0.323102
0.373681
0.274468
0.47826
0.307087
0.662
0.0576955
0.484959
0.138884
0.0614813
0.0559239
0.097405
0.483379
0.445134
0.279962
0.231627
0.0538873
0.233604
0.328996
0.143629
0.662
0.250312
0.269328
0.087252
0.623092
0.299833
0.108244
0.0667804
0.115997
0.463015
0.662
0.249571
0.374571
0.168023
0.108813
0.662
0.150992
0.388872
0.0782659
