0.0418697
0.0714613
0.352971
0.180489
0.0983471
0.069054
0.155771
0.14511
0.248879
0.151705
0.484102
0.27605
0.121662
0.118139
0.0659195
0.039177
0.252246
0.662
0.133073
0.36118
0.109152
0.0677724
0.275545
0.0688813
0.0500215
0.582924
0.619587
0.342534
0.199011
0.0592224
0.259431
0.163404
0.09134
0.315798
0.202396
0.0784472
0.148281
0.0223381
0.133997
0.197504
0.112475
0.0543617
0.352231
0.466698
0.222583
0.251798
0.0510652
0.358968
0.0682104
0.108654
0.31232
0.215158
0.598061
0.346365
0.241708
0.479966
0.124707
0.549085
0.235971
0.439425
0.104315
0.0683257
0.128649
0.210595
0.317565
0.120967
0.388323
0.316326
0.0729869
0.0656588
0.662
0.130184
0.376823
0.0441786
0.589171
0.662
0.105016
0.418281
0.310581
0.662
0.386831
0.152854
0.0921183
0.334786
0.236529
0.333269
0.424378
0.209648
0.355622
0.570062
0.0502566
0.324445
0.366536
0.521736
0.123503
0.0526477
0.235492
0.476991
0.0573198
0.0230476
0.617158
0.209228
0.486726
0.384731
0.0154691
0.25913
0.37425
0.0499125
0.658021
0.0973135
0.238987
0.662
0.410778
0.347454
0.281842
0.652742
0.106802
0.17702
0.662
0.0732917
0.662
0.351673
0.104993
0.216851
0.169856
0.121774
0.428276
0.225454
0.0603296
0.512522
0.149007
0.111945
0.0447671
0.127071
0.0721967
0.0856341
0.154968
0.209393
0.0910538
0.0952922
0.650302
0.314236
0.226397
0.218784
0.224395
0.451663
0.213799
0.161898
0.628222
0.109876
0.0908434
0.254489
0.154321
0.0723986
0.634353
0.163245
0.141936
0.178909
0.0797717
0.209083
0.444446
0.0664872
0.0867819
0.416913
0.267026
0.213374
0.125948
0.437166
0.568407
0.662
0.147478
0.189879
0.244929
0.0429822
0.194703
0.0748269
0.044172
0.117404
0.102821
0.453327
0.249105
0.25472
0.471747
0.328794
0.244691
0.0813998
0.0546964
0.604356
0.542334
0.59364
0.275852
0.093559
0.381715
0.662
0.395133
0.48232
0.23092
0.17233
0.397707
0.105451
0.126189
0.350257
0.0908394
0.3056
0.249188
0.303947
0.349967
0.338075
0.095687
0.662
0.114359
0.211698
0.102927
0.164421
0.662
0.300125
0.281129
0.300067
0.405174
0.198309
0.0728631
0.357701
0.47581
0.122371
0.190161
0.291853
0.0980238
0.662
0.426822
0.432141
0.662
0.457455
0.0610104
0.0619043
0.487056
0.405322
0.621241
0.541255
0.498016
0.266154
0.0628294
0.0988051
0.258329
0.172939
0.547324
0.106303
0.356061
0.175608
0.334446
0.100701
0.184717
0.105496
0.434522
0.662
0.0748207
0.404298
0.0593726
0.238721
0.417807
0.124839
0.254616
0.0156946
0.0156876
0.272067
0.250984
0.373763
0.247761
0.0584601
0.662
0.156342
0.353791
0.247543
0.286445
0.10765
0.035899
0.162541
0.527009
0.662
0.358509
0.136205
0.0932226
0.0893144
0.106013
0.00709435
0.0606615
0.302386
0.14728
0.475522
0.0698009
0.662
0.0665922
0.400159
0.381595
0.441426
0.328108
0.513333
0.530811
0.0931863
0.178785
0.116566
0.0591159
0.657637
0.197832
0.479355
0.175335
0.183195
0.207121
0.415781
0.140659
0.466345
0.168989
0.662
0.291067
0.195848
0.054105
0.0467562
0.120297
0.662
0.214391
0.662
0.662
0.19139
0.399817
0.521947
0.0644844
0.0791407
0.509984
0.662
0.631889
0.136061
0.356088
0.176701
0.268805
0.662
0.299946
0.662
0.645842
0.277722
0.272104
0.0728274
0.272315
0.110967
0.4471
0.237132
0.310555
0.0468649
0.662
0.406517
0.225955
0.101568
0.12918
0.106157
0.168938
0.080685
0.072881
0.185023
0.0958812
0.634456
0.0983677
0.0764411
0.589001
0.20144
0.0629518
0.662
0.549346
0.170758
0.446906
0.662
0.662
0.215642
0.0827538
0.458647
0.565307
0.257536
0.377133
0.104495
0.124888
0.49187
0.662
0.150274
0.075646
0.12963
0.0984088
0.0920514
0.0940919
0.293431
0.662
0.15245
0.0360088
0.244311
0.0480929
0.662
0.0983491
0.322951
0.56933
0.662
0.0751005
0.0297289
0.0478533
0.337215
0.00309827
0.662
0.233282
0.183419
0.0203421
0.141357
0.266394
0.0773279
0.130887
0.0755833
0.143034
0.282513
0.662
0.662
0.154985
0.0906546
0.0851728
0.0506115
0.554057
0.131683
0.224815
0.143061
0.0837696
0.0835646
0.0592564
0.538764
0.126295
0.068938
0.566783
0.0703522
0.579007
0.392281
0.178379
0.17859
0.148839
0.106553
0.0886924
0.662
0.415184
0.159942
0.0741556
0.0677699
0.662
0.481962
0.0757241
0.336248
0.662
0.560515
0.093551
0.384957
0.530057
0.0657348
0.104115
0.252464
0.0859513
0.0163833
0.0607625
0.662
0.0486499
0.433773
0.409613
0.045147
0.662
0.280545
0.240114
0.2426
0.420696
0.224611
0.179237
0.13939
0.367007
0.235065
0.106291
0.0972111
0.145493
0.662
0.106576
0.332489
0.0943065
0.199121
0.0936232
0.108286
0.457787
0.0934094
0.0804116
0.497823
0.275556
0.0545284
0.479617
0.103049
0.0707467
0.125874
0.221353
0.293204
0.104684
0.386583
0.177374
0.192516
0.662
0.120699
0.12135
0.662
0.26487
0.176371
0.059871
0.211156
0.0873835
0.210907
0.286441
0.161046
0.662
0.0553705
0.141533
0.0497349
0.334794
0.158861
0.438622
0.0805927
0.119332
0.0219351
0.632808
0.364781
0.576488
0.170748
0.0749625
0.136941
0.434972
0.104743
0.064616
0.183116
0.262591
0.202755
0.0833308
0.0660005
0.279281
0.662
0.176808
0.289223
0.300738
0.143482
0.180356
0.32115
0.421751
0.661607
0.662
0.335768
0.223702
0.0920383
0.235279
0.133551
0.157901
0.0672231
0.154674
0.252259
0.0617258
0.281956
0.19968
0.662
0.0469995
0.113523
0.214313
0.267522
0.0267247
0.122339
0.284234
0.253586
0.391585
0.125554
0.662
0.235148
0.0990856
0.276139
0.11526
0.662
0.3396
0.0868766
0.172368
0.393558
0.542174
0.120827
0.23504
0.12354
0.247742
0.348981
0.0294434
0.309039
0.0576987
0.451613
0.62327
0.3272
0.662
0.0802847
0.261455
0.332182
0.36916
0.219749
0.130162
0.662
0.0547732
0.481224
0.164791
0.234884
0.662
0.139652
0.528717
0.453385
0.662
0.453045
0.0428069
0.22479
0.379721
0.231307
0.128052
0.133343
0.166608
0.395253
0.0468929
0.233066
0.281296
0.157223
0.328122
0.380608
0.116709
0.0943348
0.5301
0.347879
0.121606
0.134507
0.236017
0.0504673
0.393813
0.0702275
0.0782284
0.173011
0.10556
0.00103276
0.662
0.0431467
0.662
0.662
0.0668086
0.0548398
0.308883
0.662
0.0655245
0.422763
0.0391401
0.336764
0.0676305
0.662
0.182907
0.258422
0.276739
0.0605563
0.045582
0.277748
0.0488541
0.0211972
0.0994661
0.0811266
0.305776
0.48533
0.286289
0.662
0.226289
0.0251813
0.0987511
0.267432
0.149547
0.0573728
0.662
0.662
0.0520675
0.536231
0.200219
0.292012
0.421996
0.132684
0.662
0.129848
0.107238
0.146353
0.292459
0.040115
0.22639
0.211375
0.662
0.0991474
0.503044
0.662
0.642528
0.0383428
0.044316
0.147662
0.0350188
0.126824
0.327153
0.115894
0.148161
0.196878
0.103839
0.198255
0.264546
0.250499
0.454385
0.331446
0.196339
0.135332
0.129479
0.522844
0.0661509
0.272175
0.10874
0.0996556
0.607382
0.0721159
0.0227274
0.317973
0.2213
0.312324
0.621605
0.262078
0.313298
0.0769328
0.169922
0.371046
0.662
0.0198458
0.144827
0.626093
0.0813236
0.641657
0.486774
0.0137791
0.0675375
0.0221786
0.474233
0.578895
0.662
0.418476
0.616589
0.0663223
0.147097
0.374812
0.0706453
0.157772
0.230376
0.34705
0.487341
0.0785516
0.29304
0.148907
0.30022
0.0987065
0.0876628
0.276389
0.212334
0.250432
0.434299
0.0685773
0.0642238
0.207661
0.10306
0.058907
0.656159
0.662
0.316209
0.411207
0.104067
0.367405
0.0789279
0.191298
0.23535
0.416781
0.662
0.60921
0.371712
0.662
0.65347
0.0820981
0.498792
0.236597
0.159061
0.0628142
0.209457
0.598685
0.357686
0.46296
0.0419608
0.137149
0.320932
0.15423
0.662
0.113876
0.0981886
0.121094
0.662
0.404159
0.167942
0.468703
0.360222
0.477478
0.423306
0.112862
0.0832941
0.113538
0.481116
0.228649
0.441587
0.131338
0.105259
0.0902632
0.491589
0.325021
0.0399899
0.112895
0.662
0.131597
0.175704
0.141949
0.182426
0.55852
0.154158
0.0707832
0.173012
0.662
0.662
0.15032
0.662
0.139143
0.55408
0.349826
0.202652
0.236531
0.322146
0.662
0.348871
0.00840161
0.587075
0.367089
0.291666
0.529446
0.0711145
0.47479
0.0741514
0.0451187
0.0688918
0.115032
0.286182
0.0986665
0.347856
0.00525563
0.243916
0.180893
0.049954
0.274229
0.111427
0.662
0.463802
0.207737
0.278849
0.193032
0.432876
0.118796
0.0683381
0.0324885
0.184722
0.427018
0.0879953
0.126907
0.272415
0.13846
0.404
0.160733
0.173428
0.0317872
0.634076
0.274985
0.0971301
0.662
0.322719
0.0496966
0.22966
0.104852
0.589624
0.174816
0.0626237
0.662
0.160874
0.472044
0.571584
0.104839
0.0764141
0.0636183
0.264307
0.0816297
0.662
0.193902
0.321872
0.455164
0.662
0.637843
0.662
0.22439
0.302627
0.335733
0.181471
0.148331
0.0851629
0.587605
0.0926985
0.133793
0.662
0.513927
0.662
0.151134
0.45713
0.280369
0.114615
0.254372
0.101707
0.119933
0.426053
0.0502433
0.0611594
0.31827
0.0677024
0.0411208
0.101474
0.0982232
0.171239
0.394656
0.589313
0.362253
0.208266
0.0750722
0.316861
0.286865
0.128067
0.201125
0.205942
0.107146
0.463194
0.121243
0.0531108
0.0738949
0.207635
0.662
0.033922
0.347104
0.0620557
0.0813029
0.240964
0.121549
0.618994
0.0783455
0.302966
0.268603
0.105863
0.22295
0.572542
0.091044
0.662
0.662
0.662
0.333266
0.181744
0.242445
0.662
0.372063
0.352748
0.216267
0.0687668
0.125076
0.142413
0.145144
0.662
0.108899
0.0810976
0.236076
0.397749
0.662
0.101136
0.206548
0.222196
0.0872129
0.0480315
0.250196
0.662
0.0878036
0.55359
0.133205
0.581087
0.0519736
0.485316
0.31002
0.18322
0.237683
0.07365
0.258347
0.662
0.112723
0.662
0.125614
0.662
0.289908
0.143281
0.0441632
0.236262
0.146543
0.216951
0.379139
0.448573
0.0308421
0.111991
0.0842767
0.127903
0.0895711
0.155616
0.613677
0.166126
0.213624
0.234804
0.182065
0.245667
0.215572
0.423808
0.322357
0.238182
0.0911689
0.184743
0.126443
0.11649
0.0399952
0.296405
0.288526
0.662
0.135327
0.396583
0.224393
0.107259
0.449386
0.168677
0.581943
0.113269
0.604887
0.0650271
0.0128089
0.305855
0.135446
0.128156
0.0467325
0.202966
0.662
0.164194
0.662
0.662
0.00345311
0.213413
0.0739588
0.111789
0.346177
0.286194
0.0441298
0.178235
0.566544
0.292429
0.057355
0.662
0.116134
0.574906
0.150645
0.231412
0.180909
0.354013
0.141774
0.215432
0.389991
0.527129
0.0975658
0.168325
0.190917
0.231356
0.530195
0.307157
0.0916697
0.206869
0.041595
0.245762
0.570321
0.0948839
0.377633
0.102436
0.129051
0.186355
0.0982349
0.0596898
0.106318
0.0867108
0.257693
0.0527923
0.599524
0.662
0.178166
0.28796
0.084673
0.0523166
0.427962
0.0893271
0.212514
0.242374
0.662
0.120839
0.365802
0.13407
0.168648
0.0601133
0.11652
0.479051
0.503499
0.54901
0.163642
0.119688
0.412365
0.243454
0.324937
0.662
0.140919
0.368784
0.616134
0.248552
0.557786
0.174828
0.527796
0.0542003
0.0500589
0.194725
0.662
0.157903
0.255586
0.281434
0.229458
0.129137
0.0707183
0.056665
0.0626881
0.0912709
0.644775
0.180871
0.418453
0.278933
0.662
0.0443492
0.436942
0.517375
0.113347
0.14948
0.576112
0.662
0.604043
0.110217
0.19874
0.0743612
0.421974
0.196041
0.170725
0.240121
0.552069
0.662
0.046572
0.265724
0.329734
0.351824
0.40259
0.418117
0.238105
0.295092
0.0547447
0.131902
0.17574
0.104205
0.0844362
0.171489
0.105701
0.116563
0.226858
0.228699
0.1423
0.296816
0.239006
0.0654012
0.662
0.0527981
0.515927
0.262451
0.448152
0.0645263
0.662
0.662
0.130173
0.662
0.620261
0.0999091
0.130147
0.215823
0.0306616
0.267543
0.0670922
0.040822
0.19404
0.112841
0.343556
0.195662
0.0540747
0.330584
0.188115
0.2128
0.211594
0.153389
0.662
0.103452
0.0444508
0.486639
0.527937
0.124448
0.115988
0.238951
0.662
0.330992
0.196358
0.662
0.182812
0.662
0.210344
0.504528
0.224508
0.662
0.220772
0.128099
0.376127
0.272135
0.547996
0.608932
0.31367
0.317492
0.199713
0.662
0.662
0.103364
0.368957
0.203122
0.38471
0.0918003
0.0944775
0.128653
0.6158
0.144322
0.263315
0.262122
0.205489
0.662
0.41093
0.0345248
0.174006
0.243878
0.662
0.0393622
0.2424
0.662
0.0973157
0.223248
0.0985777
0.348627
0.015721
0.662
0.13215
0.184378
0.662
0.122777
0.325144
0.359994
0.662
0.393779
0.326477
0.253893
0.608002
0.390321
0.514348
0.0531648
0.0142455
0.547208
0.232911
0.660076
0.0659924
0.0549947
0.058335
0.261398
0.662
0.459171
0.662
0.165313
0.245707
0.662
0.0215115
0.211632
0.464921
0.170111
0.371092
0.250126
0.316233
0.204412
0.439897
0.0340642
0.31469
0.139496
0.101191
0.131694
0.156
0.100027
0.662
0.405144
0.0563804
0.0538879
0.175483
0.662
0.566213
0.136121
0.635689
0.389946
0.111251
0.152689
0.567826
0.534178
0.215904
0.662
0.630584
0.408186
0.374538
0.108966
0.662
0.156315
0.0556037
0.0788895
0.089198
0.174619
0.353802
0.136706
0.11896
0.00433518
0.106011
0.662
0.58474
0.217335
0.177542
0.337704
0.547975
0.0900981
0.17333
0.55897
0.0879334
0.0689206
0.325413
0.216392
0.156514
0.532155
0.412721
0.066002
0.577626
0.299015
0.530789
0.171959
0.272341
0.227297
0.146694
0.488824
0.493432
0.118141
0.662
0.426457
0.51129
0.0752672
0.196608
0.165992
0.603161
0.124541
0.327028
0.199643
0.189849
0.491803
0.0461035
0.109175
0.114962
0.109427
0.120066
0.0674254
0.221101
0.176672
0.53763
0.0731679
0.230982
0.0740967
0.0766397
0.147455
0.118971
0.397725
0.330313
0.164645
0.319134
0.0575402
0.0779982
0.50964
0.537683
0.240932
0.16888
0.222491
0.662
0.117485
0.386808
0.234524
0.0940875
0.339362
0.662
0.662
0.308963
0.5593
0.0100156
0.356896
0.475341
0.175089
0.552682
0.056344
0.193462
0.39247
0.178983
0.146402
0.332562
0.363421
0.0592939
0.0506829
0.662
0.373098
0.143956
0.28949
0.144858
0.319098
0.101003
0.385655
0.0915772
0.556673
0.0372767
0.662
0.454995
0.63186
0.488284
0.0700556
0.191943
0.600603
0.279228
0.147892
0.662
0.125989
0.0198205
0.436523
0.297647
0.192463
0.225142
0.325704
0.33048
0.084521
0.267152
0.662
0.421104
0.294958
0.306275
0.108285
0.132829
0.662
0.662
0.549282
0.0663436
0.662
0.235844
0.325803
0.332498
0.285072
0.0997036
0.632667
0.0500416
0.0987012
0.277914
0.105219
0.662
0.51737
0.141095
0.245373
0.358742
0.662
0.508421
0.0350882
0.156719
0.300886
0.0790893
0.340847
0.366067
0.195866
0.542725
0.0180206
0.0419811
0.124714
0.0578764
0.384781
0.531544
0.275966
0.319175
0.08848
0.0775198
0.536337
0.127438
0.53777
0.190836
0.0768506
0.522144
0.21743
0.621907
0.124576
0.158943
0.600974
0.058826
0.662
0.458158
0.383482
0.391923
0.190208
0.662
0.13941
0.0511297
0.141561
0.229478
0.178643
0.0931994
0.214176
0.440391
0.0774601
0.196231
0.105081
0.662
0.328983
0.242086
0.115594
0.553666
0.293576
0.223041
0.088892
0.655672
0.173783
0.395389
0.273232
0.542137
0.357225
0.0991839
0.195704
0.433181
0.0744391
0.181041
0.450944
0.123806
0.662
0.42617
0.357225
0.20971
0.17742
0.176174
0.662
0.232476
0.0825699
0.42935
0.512782
0.62287
0.662
0.122729
0.217686
0.0597463
0.0983838
0.202137
0.240718
0.110457
0.279302
0.175789
0.102927
0.494969
0.031701
0.0781675
0.183814
0.11539
0.114237
0.0741459
0.140481
0.432884
0.130443
0.286149
0.0677706
0.580174
0.634662
0.137155
0.130373
0.484087
0.476787
0.149817
0.18917
0.449753
0.380075
0.0463108
0.122979
0.0787466
0.662
0.0699378
0.428106
0.099352
0.14204
0.454394
0.372535
0.633031
0.239084
0.426822
0.0940563
0.100625
0.0591023
0.610952
0.336221
0.0538187
0.626437
0.180652
0.194109
0.0951738
0.0846814
0.142745
0.0787998
0.404345
0.427956
0.0866799
0.269243
0.227485
0.662
0.582636
0.0188049
0.393896
0.31653
0.108764
0.0901124
0.0211796
0.182613
0.357417
0.393531
0.30869
0.662
0.237323
0.12281
0.127261
0.619793
0.0595155
0.436139
0.262496
0.231683
0.262066
0.295131
0.335424
0.0678174
0.0643294
0.427276
0.606439
0.566042
0.277588
0.247512
0.181351
0.148983
0.287847
0.128273
0.263846
0.142699
0.134605
0.133797
0.198974
0.123902
0.632379
0.152315
0.352637
0.0950853
0.145164
0.370153
0.198813
0.336999
0.662
0.185123
0.532731
0.662
0.155992
0.662
0.150616
0.449491
0.165849
0.1601
0.617832
0.442327
0.178075
0.238907
0.385411
0.188071
0.662
0.00522752
0.293883
0.0888551
0.375927
0.22091
0.128993
0.455117
0.0636524
0.340222
0.250759
0.115963
0.073609
0.473002
0.510328
0.0609823
0.19576
0.43274
0.0404881
0.482023
0.119449
0.223956
0.0299862
0.662
0.330498
0.0967549
0.149272
0.174671
0.149212
0.239749
0.0482286
0.15129
0.425052
0.176594
0.280392
0.0880492
0.534206
0.438938
0.396357
0.48434
0.097871
0.154626
0.0327067
0.335887
0.24942
0.223173
0.108003
0.343993
0.0732634
0.112
0.13189
0.189716
0.10512
0.424643
0.0160263
0.344479
0.111837
0.287261
0.080719
0.186758
0.0524106
0.356065
0.0742752
0.0713516
0.0660307
0.380608
0.37213
0.0509418
0.122322
0.237694
0.271138
0.172968
0.112866
0.145619
0.441437
0.479571
0.0909329
0.468943
0.646124
0.517609
0.291248
0.19609
0.408381
0.238673
0.4554
0.556343
0.149437
0.662
0.291512
0.662
0.0407356
0.176672
0.543804
0.108892
0.531961
0.662
0.044091
0.0496074
0.153327
0.628558
0.0243159
0.103203
0.102524
0.110092
0.0305255
0.385576
0.369409
0.662
0.368586
0.31647
0.289644
0.247881
0.662
0.0131396
0.113816
0.230751
0.340926
0.0543433
0.240887
0.072455
0.521649
0.193161
0.311113
0.0381651
0.593682
0.174557
0.662
0.662
0.618443
0.297039
0.0507403
0.146885
0.105905
0.285701
0.117187
0.662
0.662
0.204318
0.311065
0.245397
0.172414
0.368322
0.384319
0.484897
0.559909
0.194162
0.0137385
0.528049
0.481491
0.662
0.662
0.387842
0.345689
0.261123
0.0460466
0.134761
0.0727488
0.636481
0.131504
0.19183
0.312644
0.0802123
0.400252
0.53759
0.416338
0.0642159
0.317201
0.103221
0.232568
0.218892
0.197085
0.662
0.124391
0.560143
0.203172
0.114406
0.204575
0.392026
0.662
0.323669
0.246679
0.447682
0.488008
0.0768531
0.393788
0.0835642
0.165818
0.401673
0.127362
0.249602
0.0235808
0.0611609
0.447969
0.0408788
0.0847382
0.14239
0.118328
0.291981
0.178711
0.249513
0.0955713
0.100298
0.355786
0.107008
0.0481003
0.207083
0.0814416
0.033139
0.0684972
0.662
0.662
0.662
0.0862374
0.070384
0.183316
0.662
0.010896
0.0817948
0.662
0.107633
0.16885
0.654461
0.0925905
0.135278
0.0516958
0.131298
0.662
0.116459
0.0794226
0.0447693
0.449185
0.290392
0.662
0.0986581
0.49891
0.406844
0.265678
0.117299
0.161164
0.322929
0.179883
0.0330209
0.1728
0.35011
0.497504
0.0531046
0.100623
0.447971
0.27838
0.222397
0.0430649
0.617388
0.19248
0.146488
0.0749578
0.00608257
0.273532
0.0691583
0.319133
0.0353627
0.0867423
0.055189
0.207653
0.293368
0.175689
0.632073
0.109199
0.00326946
0.190166
0.424938
0.477551
0.559996
0.219188
0.0366264
0.053044
0.190138
0.0801113
0.548935
0.0639759
0.0580724
0.171473
0.058137
0.0749359
0.337916
0.662
0.662
0.357569
0.0860495
0.116777
0.0758641
0.249678
0.184665
0.119876
0.129065
0.133021
0.340142
0.130916
0.172225
0.102615
0.322897
0.27133
0.375099
0.240229
0.273943
0.140932
0.662
0.277355
0.0777322
0.306805
0.230098
0.103513
0.0765317
0.205708
0.0979416
0.0710857
0.155115
0.662
0.0924378
0.0457539
0.649205
0.0145565
0.117383
0.274956
0.423882
0.0705671
0.662
0.6524
0.288112
0.400769
0.0187966
0.0116438
0.557113
0.0438986
0.194906
0.0673509
0.19106
0.0909826
0.149654
0.0385115
0.025775
0.450921
0.0381501
0.211161
0.662
0.282077
0.455164
0.498957
0.505405
0.305779
0.0876481
0.0465634
0.250966
0.189386
0.0450531
0.573294
0.138831
0.0716536
0.373466
0.274913
0.651122
0.0425528
0.419763
0.422676
0.321048
0.542157
0.105847
0.0415009
0.140436
0.243236
0.368872
0.0889849
0.0887416
0.332859
0.617676
0.220722
0.057613
0.0133732
0.107338
0.0618235
0.27249
0.0432072
0.0256089
0.0588205
0.466291
0.11797
0.280274
0.346263
0.144926
0.319439
0.413206
0.165016
0.106884
0.0633607
0.555349
0.0526141
0.588655
0.0728248
0.271278
0.0726846
0.662
0.427919
0.237852
0.380184
0.164215
0.39216
0.0765965
0.108995
0.113877
0.602246
0.112774
0.274283
0.307616
0.635077
0.063603
0.0445884
0.0357616
0.211001
0.0924485
0.360169
0.546081
0.112359
0.130593
0.2487
0.43311
0.07961
0.00743988
0.295903
0.662
0.0620517
0.276677
0.0344216
0.27872
0.110618
0.61599
0.662
0.280906
0.472718
0.606046
0.2214
0.141531
0.19295
0.188378
0.148199
0.182138
0.188391
0.156208
0.238301
0.662
0.662
0.294641
0.242319
0.509862
0.0831915
0.135307
0.605569
0.662
0.0690168
0.199611
0.121761
0.140988
0.084015
0.230452
0.126638
0.217332
0.446959
0.0772992
0.413525
0.373255
0.0968314
0.0387394
0.00527217
0.231134
0.306618
0.20874
0.438054
0.411583
0.0751472
0.662
0.193907
0.221554
0.662
0.0442423
0.184992
0.320293
0.205622
0.202941
0.512558
0.0988916
0.0176947
0.345817
0.123833
0.204092
0.382341
0.214248
0.100874
0.207764
0.353749
0.0924968
0.29381
0.0138933
0.125237
0.0573999
0.187384
0.111081
0.432918
0.0886692
0.0653206
0.205043
0.370213
0.248895
0.146849
0.360159
0.119811
0.281579
0.0372399
0.251904
0.662
0.323838
0.227306
0.662
0.0906087
0.273286
0.133933
0.112218
0.662
0.46503
0.0997
0.382286
0.52733
0.161035
0.138207
0.148055
0.51186
0.254276
0.367654
0.107413
0.375854
0.662
0.35446
0.24041
0.0582354
0.289489
0.422692
0.655552
0.208
0.100914
0.40278
0.267579
0.660932
0.208643
0.0709482
0.205382
0.0609695
0.114775
0.0875606
0.110366
0.0847112
0.0530628
0.343935
0.192909
0.0789495
0.121841
0.353824
0.177147
0.250666
0.263103
0.193782
0.217464
0.0669985
0.662
0.103809
0.232556
0.222757
0.0781994
0.662
0.372047
0.0535389
0.0757252
0.0793157
0.21536
0.292432
0.0723764
0.157202
0.612698
0.662
0.187814
0.182487
0.26371
0.353444
0.183448
0.120363
0.17161
0.145773
0.564643
0.203732
0.249932
0.0928392
0.20693
0.471883
0.405155
0.164432
0.198307
0.662
0.0146852
0.652416
0.206525
0.422541
0.654411
0.1301
0.0798035
0.555209
0.120688
0.662
0.285233
0.0154811
0.539324
0.133566
0.325908
0.299387
0.247159
0.305029
0.0505128
0.22916
0.0681286
0.346944
0.178051
0.245287
0.143902
0.1615
0.138988
0.195776
0.662
0.272733
0.341977
0.0814367
0.108174
0.0565843
0.117231
0.280964
0.58163
0.0719912
0.280259
0.294764
0.662
0.52879
0.0797137
0.163625
0.521515
0.0674506
0.181719
0.295792
0.159453
0.453335
0.0181598
0.0626803
0.0498497
0.184756
0.0664558
0.151315
0.464133
0.0566367
0.211521
0.201478
0.0843737
0.662
0.154323
0.0668415
0.245723
0.662
0.344327
0.100199
0.07042
0.139603
0.130234
0.662
0.212176
0.420615
0.662
0.448692
0.595316
0.165535
0.0103563
0.478614
0.00441305
0.125476
0.15714
0.662
0.107621
0.186344
0.0333309
0.067612
0.1662
0.322174
0.256744
0.151131
0.379923
0.130728
0.00875715
0.0633604
0.572219
0.596121
0.299046
0.163003
0.0823257
0.076963
0.127235
0.545987
0.169366
0.14432
0.0549466
0.360932
0.450282
0.311364
0.00736932
0.459939
0.0970874
0.176834
0.0680516
0.092055
0.0176209
0.0446331
0.088219
0.379104
0.366409
0.210517
0.260206
0.102381
0.155826
0.623611
0.410249
0.438806
0.168794
0.432342
0.223403
0.162753
0.0770569
0.248737
0.100076
0.662
0.198986
0.264918
0.313056
0.44771
0.352946
0.250652
0.650377
0.102702
0.0514646
0.662
0.662
0.303656
0.18106
0.494696
0.662
0.195535
0.239687
0.641094
0.414804
0.662
0.221301
0.211077
0.115906
0.13922
0.10512
0.128355
0.126619
0.350707
0.0941824
0.0595377
0.134892
0.162982
0.0279712
0.662
0.225077
0.0817918
0.118039
0.0419575
0.0740436
0.085077
0.0873257
0.375974
0.006798
0.0542702
0.12163
0.0911686
0.0983922
0.662
0.257141
0.402762
0.316005
0.556421
0.290834
0.282091
0.333679
0.413242
0.0685611
0.0469899
0.638293
0.189446
0.134987
0.0783142
0.136867
0.422487
0.248521
0.0738933
0.0915037
0.188609
0.0587134
0.405512
0.133489
0.662
0.119995
0.0892289
0.0799385
0.107714
0.662
0.217952
0.112969
0.200016
0.662
0.662
0.0871845
0.199422
0.410154
0.257747
0.277271
0.612934
0.194742
0.254387
0.18409
0.612582
0.381059
0.107906
0.48028
0.662
0.0583872
0.662
0.65309
0.140476
0.662
0.238124
0.662
0.452655
0.662
0.0882267
0.182929
0.615481
0.0616587
0.292097
0.213829
0.5772
0.0674675
0.662
0.1833
0.0901196
0.011725
0.0600925
0.0832157
0.446608
0.408787
0.662
0.345713
0.286261
0.655264
0.111929
0.0487757
0.605794
0.308495
0.318868
0.07974
0.0649157
0.168282
0.589055
0.259416
0.213521
0.194654
0.155573
0.214252
0.15711
0.189998
0.265791
0.19866
0.0903328
0.281361
0.188221
0.168528
0.299575
0.0552639
0.0623514
0.0360789
0.16093
0.228364
0.13374
0.0496837
0.246286
0.634092
0.192911
0.662
0.662
0.494838
0.223145
0.0718403
0.516369
0.368899
0.168837
0.229632
0.222177
0.0451984
0.583021
0.662
0.103654
0.2734
0.509799
0.0029573
0.662
0.460913
0.0425929
0.359001
0.199632
0.290208
0.33198
0.147738
0.474197
0.0664769
0.184844
0.417381
0.134667
0.662
0.248288
0.159061
0.119363
0.662
0.131664
0.662
0.0563814
0.0937327
0.171034
0.363609
0.175579
0.030344
0.206028
0.321393
0.552781
0.124614
0.00779328
0.308354
0.183968
0.15745
0.109542
0.0653123
0.249193
0.236981
0.0361397
0.0676354
0.662
0.0340794
0.662
0.662
0.568092
0.0556437
0.196874
0.222153
0.0305724
0.299497
0.545646
0.0819835
0.662
0.296889
0.463825
0.485466
0.17327
0.122637
0.0875459
0.324561
0.45533
0.136702
0.333722
0.129504
0.662
0.159678
0.662
0.214865
0.218563
0.291886
0.0568051
0.271484
0.227851
0.662
0.201434
0.372825
0.662
0.362376
0.410234
0.188297
0.408412
0.330177
0.662
0.0882902
0.555235
0.0586462
0.0427346
0.0683484
0.0608993
0.212571
0.301754
0.239948
0.122796
0.107142
0.246504
0.0425727
0.188222
0.492034
0.121987
0.0772265
0.334935
0.20845
0.109896
0.00864205
0.18007
0.172221
0.0614897
0.0442256
0.211576
0.159092
0.216564
0.0862049
0.0205484
0.165477
0.215519
0.0385201
0.198778
0.0612538
0.215374
0.41083
0.287364
0.662
0.573218
0.196043
0.0947898
0.0636628
0.213127
0.0462715
0.153573
0.126882
0.254652
0.0712486
0.189147
0.60678
0.302728
0.100589
0.119333
0.192525
0.19665
0.123794
0.629029
0.0532426
0.0996154
0.0665915
0.0622654
0.103325
0.164984
0.662
0.107787
0.278497
0.169499
0.129684
0.371786
0.112963
0.134157
0.153908
0.0389934
0.0641866
0.520877
0.223627
0.0797105
0.238003
0.655488
0.159278
0.179188
0.444875
0.324176
0.173298
0.103822
0.00684426
0.0370589
0.662
0.0825698
0.209677
0.353853
0.121796
0.662
0.221186
0.184293
0.171906
0.614379
0.557817
0.494845
0.662
0.485291
0.235405
0.112332
0.0988016
0.503119
0.662
0.439021
0.142315
0.363078
0.662
0.127415
0.0854289
0.0715977
0.292834
0.0729984
0.662
0.201595
0.0965864
0.157302
0.272752
0.662
0.222999
0.0193852
0.343065
0.167125
0.111427
0.150708
0.406915
0.273255
0.662
0.0351087
0.327019
0.448266
0.143042
0.0438199
0.662
0.662
0.530014
0.264442
0.253047
0.662
0.595201
0.103595
0.100572
0.527323
0.662
0.356397
0.287221
0.173382
0.662
0.103371
0.0770128
0.0883887
0.137536
0.384059
0.175723
0.492295
0.194864
0.138935
0.078108
0.0362498
0.265901
0.259347
0.257172
0.205493
0.0853607
0.506663
0.662
0.066776
0.107047
0.0991169
0.0866686
0.176904
0.117115
0.375443
0.28417
0.300189
0.348592
0.381525
0.387742
0.146446
