0.0880063
0.170804
0.068016
0.279729
0.396488
0.271212
0.311626
0.244746
0.0693337
0.662
0.662
0.108079
0.0842388
0.35866
0.547172
0.202658
0.365773
0.249514
0.662
0.115894
0.662
0.0518829
0.188268
0.053689
0.18598
0.3916
0.0884362
0.0336936
0.544304
0.346783
0.327223
0.0814822
0.537224
0.55418
0.0175726
0.511759
0.174278
0.314976
0.662
0.577881
0.527852
0.128232
0.297484
0.0954493
0.39576
0.0691041
0.517282
0.662
0.296307
0.296511
0.0423401
0.154031
0.176384
0.276207
0.175881
0.201638
0.177521
0.662
0.166117
0.119964
0.291961
0.195149
0.170487
0.149088
0.500268
0.662
0.314279
0.19189
0.41973
0.460697
0.374896
0.662
0.252873
0.109908
0.32322
0.377598
0.0533831
0.240385
0.0752898
0.270026
0.640863
0.662
0.3201
0.190858
0.0993172
0.0803542
0.252468
0.662
0.137576
0.132963
0.212933
0.60097
0.155091
0.175534
0.662
0.0757113
0.102596
0.104383
0.662
0.384293
0.169524
0.0665614
0.231947
0.40599
0.508639
0.662
0.278939
0.0867215
0.0786377
0.416765
0.261896
0.147422
0.395007
0.418192
0.662
0.0300667
0.128275
0.171614
0.110763
0.0438513
0.144052
0.0968958
0.0494195
0.286174
0.138105
0.315416
0.662
0.662
0.0417104
0.205792
0.128433
0.138678
0.0649756
0.0866895
0.200416
0.250581
0.662
0.500445
0.384825
0.145248
0.322793
0.269282
0.662
0.0415606
0.426676
0.167319
0.304579
0.0638423
0.268845
0.662
0.412678
0.058942
0.225846
0.216663
0.0822269
0.449954
0.662
0.256786
0.119548
0.662
0.41454
0.316067
0.0878443
0.15758
0.662
0.662
0.113598
0.159594
0.111962
0.265707
0.220156
0.111945
0.380779
0.329252
0.662
0.662
0.662
0.346052
0.0882117
0.103388
0.662
0.0399323
0.662
0.0211696
0.662
0.0322214
0.389893
0.662
0.101665
0.111546
0.279544
0.108119
0.153734
0.258502
0.492234
0.0237938
0.122928
0.662
0.217903
0.452716
0.104042
0.127804
0.116122
0.222129
0.295975
0.279024
0.283743
0.662
0.363136
0.662
0.134807
0.662
0.145184
0.577119
0.363913
0.0756986
0.234826
0.345399
0.496548
0.166401
0.426933
0.294133
0.439541
0.0182239
0.251007
0.662
0.00778373
0.316249
0.12538
0.662
0.202379
0.239981
0.108676
0.176304
0.396798
0.268575
0.662
0.155851
0.125178
0.14402
0.638474
0.282333
0.602256
0.0979732
0.133814
0.183565
0.448741
0.214434
0.138843
0.598972
0.121295
0.192359
0.582806
0.282181
0.0468191
0.0814132
0.291819
0.263732
0.186978
0.185691
0.0807671
0.100875
0.579257
0.218056
0.201545
0.191299
0.662
0.401107
0.321739
0.228512
0.301814
0.340999
0.272925
0.198361
0.662
0.0651169
0.0559052
0.137337
0.662
0.419967
0.305933
0.0422495
0.113694
0.0298208
0.277633
0.294418
0.213479
0.133518
0.0860381
0.224813
0.188618
0.379993
0.158943
0.198951
0.498687
0.662
0.402943
0.138852
0.662
0.0689785
0.117648
0.268028
0.122678
0.388113
0.242966
0.118906
0.662
0.258101
0.0790087
0.134517
0.458658
0.662
0.662
0.185331
0.155493
0.215428
0.0785447
0.145828
0.282116
0.302929
0.132808
0.662
0.117034
0.202274
0.170698
0.0724576
0.662
0.662
0.182618
0.130574
0.329533
0.308273
0.237642
0.171852
0.462233
0.650124
0.0128622
0.220245
0.662
0.321801
0.0244661
0.45927
0.662
0.319752
0.196976
0.438919
0.662
0.477185
0.453534
0.0927197
0.0768833
0.105579
0.662
0.171261
0.0596111
0.229541
0.235694
0.662
0.198503
0.462983
0.256429
0.140894
0.448045
0.114311
0.599278
0.546563
0.295569
0.662
0.254782
0.429785
0.366859
0.0663554
0.0468395
0.430994
0.0868787
0.226725
0.385779
0.108661
0.0883146
0.643843
0.200259
0.074256
0.611589
0.550807
0.293797
0.111114
0.662
0.662
0.300901
0.0614743
0.662
0.230651
0.662
0.218299
0.662
0.257563
0.310535
0.35456
0.140974
0.485846
0.546948
0.626555
0.0952043
0.185627
0.168751
0.132955
0.108287
0.290041
0.205577
0.334728
0.1021
0.0537459
0.395583
0.662
0.662
0.452567
0.662
0.462286
0.552182
0.457857
0.188173
0.240614
0.200728
0.196156
0.500671
0.119364
0.12585
0.662
0.183025
0.662
0.240811
0.369286
0.216251
0.662
0.0913179
0.167892
0.194319
0.222075
0.124239
0.662
0.288337
0.614911
0.452835
0.28011
0.153587
0.00915555
0.40584
0.662
0.201316
0.14542
0.662
0.662
0.278579
0.173742
0.131927
0.662
0.662
0.662
0.0937164
0.65008
0.662
0.159668
0.0830512
0.375768
0.662
0.221432
0.123275
0.390051
0.157427
0.455458
0.662
0.403682
0.114164
0.247936
0.0618875
0.0496892
0.464137
0.662
0.385351
0.164704
0.280965
0.215453
0.390763
0.221056
0.662
0.42347
0.138788
0.187516
0.0644006
0.441723
0.144734
0.166628
0.0505311
0.639918
0.0541505
0.206413
0.484708
0.219521
0.49073
0.233446
0.0655874
0.0622157
0.203559
0.267153
0.662
0.0922556
0.662
0.236638
0.0958399
0.163385
0.171734
0.249862
0.205003
0.270832
0.277206
0.61638
0.181375
0.0785571
0.446702
0.27862
0.272503
0.219133
0.662
0.445665
0.259648
0.257583
0.42714
0.0841182
0.176707
0.548606
0.285429
0.480814
0.662
0.16699
0.195194
0.265411
0.586266
0.0437553
0.524979
0.272109
0.277232
0.257656
0.597541
0.351845
0.0596425
0.258851
0.0416623
0.275048
0.243797
0.268955
0.14447
0.166776
0.149191
0.0550953
0.231358
0.662
0.338038
0.140368
0.165142
0.244938
0.1378
0.361744
0.165107
0.114968
0.182274
0.662
0.346367
0.13225
0.076136
0.662
0.229199
0.515754
0.389956
0.572954
0.662
0.0587356
0.124072
0.136629
0.0755033
0.506949
0.418526
0.38582
0.212759
0.21674
0.0505294
0.556652
0.109977
0.662
0.0408049
0.0446457
0.547834
0.662
0.0259065
0.134237
0.165231
0.662
0.662
0.170194
0.521738
0.114573
0.072941
0.259933
0.333681
0.198614
0.365965
0.0576543
0.373037
0.133422
0.263238
0.0262288
0.617047
0.10259
0.0271893
0.427554
0.168456
0.382517
0.128309
0.662
0.053823
0.662
0.241626
0.119
0.662
0.0266193
0.0568062
0.208637
0.143514
0.148762
0.37173
0.558428
0.162503
0.246702
0.463417
0.310175
0.0967443
0.5587
0.111055
0.565533
0.0193717
0.15577
0.384807
0.662
0.0725464
0.662
0.662
0.581117
0.205015
0.0361109
0.662
0.0172366
0.174521
0.188675
0.0913373
0.550695
0.471193
0.128131
0.206764
0.248947
0.0236327
0.662
0.0885639
0.42386
0.017843
0.132121
0.333452
0.381803
0.356192
0.565623
0.118235
0.101014
0.215558
0.0683104
0.6172
0.116033
0.126358
0.269096
0.0331965
0.0954038
0.211745
0.162329
0.182069
0.0700218
0.246291
0.176482
0.159139
0.128871
0.0603713
0.117867
0.168806
0.662
0.662
0.0447057
0.208508
0.136322
0.132149
0.662
0.447118
0.170215
0.0516991
0.421691
0.138355
0.255249
0.0261609
0.363823
0.0732987
0.438955
0.205704
0.25666
0.125361
0.210107
0.377978
0.341784
0.192215
0.0572995
0.154578
0.26254
0.43969
0.000318074
0.106764
0.662
0.318707
0.14443
0.153056
0.662
0.1739
0.161045
0.613625
0.229696
0.141572
0.662
0.305953
0.662
0.153125
0.0562523
0.2735
0.216439
0.00958804
0.14071
0.128349
0.0434139
0.295531
0.583523
0.18654
0.615588
0.662
0.225044
0.118913
0.293308
0.0903327
0.610189
0.337126
0.033814
0.172789
0.181739
0.448722
0.162947
0.302546
0.11162
0.424195
0.662
0.260517
0.648826
0.224224
0.253447
0.0497893
0.0109046
0.187815
0.645124
0.127034
0.662
0.426845
0.662
0.340108
0.455668
0.156448
0.457244
0.662
0.626585
0.549219
0.129092
0.662
0.234259
0.235667
0.137676
0.111182
0.096507
0.0266428
0.103019
0.243462
0.662
0.578808
0.662
0.229786
0.298062
0.125914
0.0838533
0.156349
0.221156
0.287299
0.224675
0.225611
0.323598
0.0740903
0.000202894
0.113668
0.107331
0.0466391
0.0526302
0.662
0.334485
0.261636
0.646391
0.102721
0.126019
0.384064
0.662
0.662
0.166008
0.354912
0.579099
0.261428
0.148761
0.357304
0.662
0.287798
0.350126
0.149048
0.662
0.163323
0.0155895
0.49245
0.292009
0.296183
0.383931
0.0862429
0.625762
0.119841
0.123222
0.526561
0.238558
0.662
0.246019
0.116758
0.0559055
0.412859
0.26927
0.412543
0.101234
0.237483
0.0843547
0.36184
0.662
0.0533318
0.0832159
0.409816
0.662
0.198003
0.0690969
0.281468
0.142563
0.662
0.0608739
0.191224
0.317934
0.662
0.424429
0.0823602
0.403426
0.383081
0.0842102
0.296581
0.424332
0.481748
0.379396
0.165438
0.47729
0.153966
0.619441
0.662
0.465364
0.108436
0.662
0.343664
0.159388
0.0866446
0.0337897
0.662
0.311085
0.47032
0.0805572
0.217162
0.459973
0.217918
0.662
0.270701
0.186495
0.291591
0.207887
0.437782
0.662
0.550793
0.073135
0.323017
0.263504
0.342673
0.253144
0.0489157
0.137403
0.0626522
0.0441766
0.0622787
0.202025
0.262609
0.0847808
0.179948
0.162253
0.359183
0.320025
0.401906
0.124543
0.281563
0.328519
0.371143
0.662
0.210426
0.603048
0.0589138
0.182779
0.4581
0.413814
0.260908
0.0642464
0.168435
0.28879
0.662
0.0780277
0.072898
0.165613
0.662
0.326835
0.24117
0.592067
0.170386
0.0591876
0.246738
0.0967375
0.097907
0.662
0.0523657
0.662
0.0865995
0.0930573
0.659948
0.125334
0.662
0.0815949
0.662
0.372694
0.269575
0.061906
0.382359
0.159931
0.212996
0.0336969
0.662
0.0979334
0.137623
0.662
0.305302
0.203176
0.373273
0.0846296
0.21188
0.0974589
0.0632561
0.662
0.286695
0.105276
0.115093
0.0436481
0.494004
0.260773
0.0803205
0.292662
0.171842
0.184708
0.662
0.662
0.0737403
0.0768156
0.399056
0.304667
0.128973
0.0374238
0.318542
0.285736
0.662
0.385975
0.18786
0.498985
0.422003
0.210706
0.188054
0.196809
0.238152
0.0623634
0.24127
0.129682
0.255244
0.368187
0.113505
0.109891
0.0439177
0.076939
0.0893062
0.462439
0.173714
0.399514
0.122526
0.107021
0.662
0.241185
0.395046
0.662
0.662
0.294237
0.60253
0.156528
0.423001
0.0430469
0.232808
0.256781
0.413291
0.142447
0.0655573
0.406624
0.0780068
0.0714935
0.597956
0.662
0.662
0.27004
0.0994388
0.662
0.211133
0.020764
0.539872
0.145091
0.662
0.298568
0.382859
0.154713
0.135695
0.402837
0.265642
0.383646
0.162056
0.662
0.662
0.581275
0.111869
0.279656
0.393367
0.0751033
0.473112
0.516688
0.19293
0.662
0.134145
0.362329
0.259415
0.516711
0.324042
0.107919
0.20249
0.281331
0.391048
0.160152
0.196809
0.154275
0.04697
0.662
0.321794
0.07963
0.547632
0.323415
0.662
0.449978
0.329929
0.530045
0.140156
0.170763
0.375267
0.338746
0.359576
0.259492
0.140443
0.662
0.110902
0.662
0.381394
0.662
0.424452
0.662
0.318816
0.200767
0.662
0.365415
0.300199
0.251301
0.00263394
0.210324
0.17869
0.11753
0.201807
0.112563
0.662
0.557263
0.662
0.120688
0.065749
0.21842
0.135071
0.414077
0.262067
0.105547
0.202607
0.467087
0.0920115
0.15086
0.662
0.291482
0.263408
0.662
0.662
0.267124
0.175808
0.658493
0.339112
0.319241
0.662
0.0373173
0.296959
0.250985
0.0531936
0.64453
0.662
0.662
0.0679205
0.305418
0.278563
0.578728
0.0804563
0.376077
0.0148141
0.510703
0.496291
0.461851
0.362677
0.352651
0.164426
0.662
0.37386
0.519059
0.212988
0.176177
0.0684388
0.213493
0.588875
0.662
0.662
0.255952
0.579083
0.506225
0.0592896
0.662
0.236044
0.554473
0.100696
0.033651
0.443029
0.231171
0.0822366
0.0880417
0.264412
0.43144
0.662
0.0755301
0.16484
0.29975
0.662
0.662
0.142193
0.166291
0.225149
0.287928
0.296016
0.265447
0.662
0.342097
0.152821
0.613252
0.149066
0.547441
0.112253
0.213354
0.0594154
0.150982
0.453511
0.402705
0.131862
0.597935
0.662
0.343279
0.156044
0.215005
0.572449
0.327103
0.0824906
0.265942
0.107905
0.000375728
0.109091
0.231692
0.662
0.0754894
0.1459
0.15015
0.0857192
0.223874
0.366445
0.357839
0.662
0.109424
0.432331
0.662
0.410112
0.113618
0.153062
0.184527
0.226252
0.319991
0.0979685
0.251945
0.662
0.390967
0.19658
0.363812
0.226643
0.0713778
0.19682
0.132361
0.084121
0.308474
0.662
0.166904
0.028746
0.662
0.0666796
0.317322
0.19137
0.275994
0.305174
0.238784
0.0741067
0.662
0.571145
0.112143
0.354079
0.0217277
0.596105
0.371759
0.19295
0.550427
0.11464
0.0579738
0.271638
0.121828
0.662
0.369696
0.319473
0.662
0.0583857
0.206253
0.375481
0.662
0.662
0.441333
0.662
0.188182
0.0761619
0.617221
0.326508
0.190028
0.253185
0.551106
0.662
0.521197
0.179485
0.662
0.662
0.445533
0.32187
0.0995325
0.159099
0.32266
0.149475
0.184785
0.365846
0.111313
0.0499676
0.317264
0.449236
0.209307
0.0691418
0.215776
0.193578
0.200672
0.662
0.051266
0.227636
0.0931128
0.298787
0.662
0.327237
0.175764
0.196973
0.456619
0.0655393
0.0700034
0.420308
0.262793
0.662
0.662
0.14597
0.546433
0.0498197
0.496447
0.532708
0.662
0.45916
0.662
0.0088406
0.102749
0.371703
0.280432
0.119232
0.0750531
0.389751
0.450844
0.120173
0.662
0.662
0.435333
0.460386
0.545376
0.116865
0.551855
0.365167
0.662
0.517528
0.379577
0.305518
0.00366686
0.195094
0.575297
0.196936
0.112957
0.193428
0.158406
0.190452
0.133395
0.0381714
0.101665
0.662
0.243747
0.662
0.662
0.366282
0.159717
0.278091
0.662
0.104759
0.662
0.0536373
0.139144
0.457891
0.12708
0.195938
0.3346
0.140315
0.662
0.232487
0.132896
0.342495
0.114785
0.327415
0.087995
0.116758
0.164979
0.289528
0.228918
0.285506
0.662
0.287772
0.662
0.496375
0.084678
0.181252
0.0146775
0.105086
0.187234
0.116279
0.577504
0.214368
0.321417
0.0694127
0.181482
0.337663
0.662
0.37272
0.662
0.408097
0.341169
0.266776
0.334293
0.197887
0.189062
0.0338276
0.0956211
0.296471
0.182814
0.635087
0.105194
0.434675
0.149694
0.662
0.482956
0.404017
0.0805065
0.159782
0.0742441
0.514227
0.662
0.662
0.556246
0.239894
0.30214
0.269172
0.333884
0.0757252
0.53598
0.206112
0.207027
0.662
0.210747
0.202282
0.662
0.170844
0.144521
0.226165
0.224455
0.662
0.211526
0.662
0.662
0.453206
0.662
0.346431
0.662
0.100861
0.553819
0.0711967
0.208933
0.662
0.05908
0.351483
0.0498026
0.11872
0.662
0.0555321
0.0783826
0.228756
0.662
0.443797
0.601143
0.0521852
0.179564
0.0332453
0.462971
0.0747813
0.662
0.236605
0.00114763
0.0745762
0.132431
0.155265
0.304672
0.207141
0.0667189
0.0667421
0.283319
0.102494
0.310497
0.100305
0.107969
0.153317
0.327969
0.0527757
0.277211
0.662
0.564421
0.0184386
0.158998
0.57653
0.076394
0.146074
0.0913747
0.220222
0.214304
0.204679
0.051403
0.11171
0.441468
0.625578
0.218019
0.662
0.0502465
0.662
0.617246
0.443051
0.465717
0.16258
0.206503
0.431675
0.212342
0.190597
0.080091
0.662
0.251773
0.662
0.662
0.155481
0.662
0.129756
0.0410101
0.0895573
0.316003
0.17967
0.233784
0.331588
0.138675
0.0394364
0.282193
0.2114
0.662
0.17837
0.41659
0.210565
0.662
0.662
0.144376
0.662
0.0886793
0.662
0.140279
0.354176
0.0913879
0.391381
0.129791
0.032154
0.0902326
0.0938451
0.0457431
0.274418
0.238674
0.552629
0.242778
0.111943
0.16107
0.216819
0.234139
0.318927
0.217934
0.130917
0.241018
0.662
0.137067
0.0995954
0.253404
0.556904
0.662
0.205886
0.493218
0.149949
0.0530864
0.113427
0.316966
0.124576
0.149185
0.172434
0.144262
0.586728
0.662
0.461732
0.563588
0.662
0.0878284
0.662
0.553341
0.662
0.232494
0.202841
0.163027
0.0955581
0.662
0.471881
0.186121
0.662
0.0755755
0.242432
0.251275
0.344855
0.379164
0.238996
0.167187
0.0895622
0.429698
0.196947
0.22408
0.138779
0.100305
0.144798
0.113761
0.139694
0.289575
0.166817
0.16953
0.662
0.406799
0.575644
0.662
0.101811
0.403714
0.309555
0.0903145
0.150852
0.471636
0.145855
0.662
0.0596808
0.5556
0.442292
0.289913
0.662
0.662
0.031979
0.265606
0.211995
0.416456
0.480794
0.662
0.0643625
0.142213
0.108901
0.0745822
0.124918
0.335559
0.349583
0.164876
0.271582
0.195197
0.028742
0.0791237
0.0831254
0.656403
0.662
0.0716783
0.12632
0.296763
0.257457
0.101472
0.176131
0.0938613
0.205577
0.407093
0.394437
0.0631991
0.662
0.199738
0.234801
0.0349009
0.438952
0.662
0.662
0.132204
0.535437
0.160261
0.662
0.280851
0.662
0.0709902
0.36182
0.662
0.219007
0.457677
0.538552
0.105866
0.287809
0.401815
0.103912
0.505303
0.122792
0.221359
0.00766285
0.0831232
0.0505735
0.06222
0.108209
0.0570477
0.315746
0.662
0.10336
0.301432
0.134158
0.600412
0.199315
0.0955019
0.662
0.344441
0.0633015
0.157207
0.114224
0.362267
0.0317312
0.193202
0.170767
0.389177
0.0419184
0.0545904
0.134179
0.0989167
0.0773726
0.662
0.178789
0.0532804
0.19521
0.662
0.0625174
0.242332
0.241774
0.660546
0.662
0.304251
0.0763889
0.346444
0.0649094
0.647977
0.425083
0.106276
0.360935
0.205833
0.384316
0.242356
0.281577
0.58843
0.190592
0.28707
0.0140671
0.110414
0.12979
0.321568
0.238334
0.432267
0.131407
0.662
0.662
0.434371
0.22678
0.0606393
0.211287
0.338083
0.293861
0.0566561
0.662
0.0419759
0.352705
0.209241
0.109789
0.348455
0.194329
0.312658
0.242854
0.0925579
0.662
0.144452
0.462751
0.243058
0.570315
0.0361437
0.594212
0.662
0.50689
0.662
0.662
0.662
0.396098
0.454656
0.172392
0.119353
0.31887
0.151364
0.518148
0.576948
0.0391266
0.118755
0.205265
0.376945
0.099329
0.0478514
0.102987
0.102527
0.0460887
0.662
0.378915
0.200537
0.064309
0.0399724
0.0995081
0.0734331
0.662
0.081221
0.0812738
0.142315
0.462923
0.478479
0.264192
0.0928114
0.0908545
0.011072
0.350376
0.108674
0.0798004
0.228358
0.0586913
0.209076
0.32171
0.143437
0.581111
0.106862
0.589898
0.662
0.242339
0.662
0.0573624
0.140747
0.0925556
0.128564
0.32705
0.662
0.169213
0.159061
0.0594511
0.159703
0.569473
0.0761436
0.476298
0.31686
0.662
0.432251
0.332998
0.114029
0.660905
0.154909
0.395026
0.531318
0.220487
0.301483
0.137061
0.662
0.662
0.656358
0.155067
0.167963
0.238001
0.144568
0.662
0.554539
0.662
0.227308
0.0973414
0.45203
0.41581
0.662
0.213378
0.662
0.0620741
0.16216
0.321784
0.662
0.430468
0.380269
0.172791
0.107981
0.342114
0.66007
0.158213
0.138764
0.453053
0.0805456
0.112384
0.662
0.273493
0.579947
0.420329
0.215256
0.294078
0.0716139
0.390558
0.0566334
0.0979261
0.629179
0.116078
0.662
0.121934
0.419331
0.160867
0.00791278
0.410773
0.441317
0.662
0.27983
0.179746
0.325429
0.662
0.145605
0.222143
0.0966802
0.306478
0.491424
0.0622132
0.153934
0.128224
0.46891
0.331395
0.0562197
0.662
0.198967
0.105714
0.0921085
0.12649
0.153841
0.143428
0.159362
0.0839439
0.202629
0.662
0.249722
0.193001
0.0684297
0.343283
0.134688
0.326633
0.662
0.173771
0.150252
0.241081
0.0866154
0.662
0.198492
0.16762
0.318297
0.164182
0.0610035
0.115674
0.142689
0.0846697
0.210961
0.662
0.121337
0.141055
0.153366
0.0744278
0.100774
0.662
0.662
0.133903
0.0760808
0.181866
0.114883
0.533028
0.0456914
0.662
0.135334
0.485469
0.662
0.115186
0.336136
0.0686964
0.662
0.534671
0.167428
0.309771
0.225585
0.0323667
0.107366
0.12098
0.320507
0.0515918
0.662
0.275572
0.495382
0.0927861
0.122343
0.219479
0.0584848
0.452985
0.275234
0.151467
0.448543
0.132983
0.501298
0.522545
0.662
0.662
0.662
0.00681644
0.662
0.101363
0.350002
0.662
0.640404
0.291091
0.0869589
0.650885
0.467475
0.583113
0.409946
0.106271
0.31194
0.577805
0.0894917
0.577944
0.0668373
0.104054
0.349786
0.538226
0.206423
0.120426
0.163198
0.0810634
0.156099
0.225297
0.0904456
0.0361902
0.220606
0.0306283
0.0980206
0.0709159
0.662
0.049672
0.662
0.662
0.29198
0.252856
0.198878
0.181365
0.411245
0.662
0.190407
0.539681
0.22629
0.662
0.528228
0.441489
0.0777106
0.51216
0.284414
0.662
0.0633146
0.158513
0.124765
0.126177
0.17866
0.00203583
0.17232
0.210591
0.00995052
0.168614
0.17789
0.0191865
0.10195
0.343171
0.2795
0.662
0.310054
0.246335
0.0767834
0.610041
0.211139
0.662
0.514937
0.130834
0.283708
0.0208312
0.348447
0.436942
0.662
0.662
0.181593
0.148699
0.131422
0.185642
0.329179
0.330468
0.131372
0.156465
0.0667267
0.0880216
0.120485
0.0442832
0.323353
0.42117
0.191284
0.241385
0.0501817
0.186369
0.662
0.340877
0.224228
0.0654428
0.115346
0.391506
0.0986229
0.450063
0.558491
0.662
0.105789
0.0642412
0.262044
0.142682
0.235197
0.283119
0.161665
0.427372
0.609076
0.283683
0.578012
0.133891
0.0656986
0.0753542
0.0703629
0.231204
0.180034
0.25585
0.662
0.662
0.19457
0.0996009
0.662
0.531512
0.130325
0.662
0.0875616
0.452691
0.174973
0.120847
0.106859
0.108676
0.0763886
0.438539
0.407349
0.662
0.492121
0.175179
0.180567
0.164329
0.090173
0.662
0.0477201
0.0579138
0.232223
0.196335
0.108158
0.26506
0.130432
0.115416
0.662
0.662
0.662
0.37478
0.0873109
0.214748
0.470577
0.2544
0.350934
0.386168
0.112638
0.161125
0.20412
0.130231
0.0573849
0.225242
0.0485648
0.137131
0.0173319
0.0854448
0.326643
0.159097
0.177914
0.156246
0.254489
0.0732856
0.213666
0.298403
0.417506
0.469472
0.162648
0.0894443
0.510478
0.662
0.101877
0.551374
0.119136
0.270567
0.0061746
0.237211
0.375648
0.209161
0.0832047
0.128638
0.0212381
0.203312
0.0913743
0.634093
0.242138
0.353655
0.33708
0.0748342
0.0452523
0.0903203
0.266284
0.115306
0.0743113
0.302328
0.582492
0.206128
0.662
0.121555
0.176791
0.0639724
0.395921
0.0147906
0.159367
0.662
0.40504
0.177579
0.273669
0.153958
0.160056
0.502299
0.0978556
0.662
0.0876068
0.529883
0.180979
0.597677
0.289612
0.134125
0.176773
0.333046
0.635392
0.244158
0.434711
0.39653
0.100019
0.304699
0.0715698
0.28024
0.445238
0.662
0.337454
0.321701
0.122289
0.127442
0.272047
0.121028
0.102037
0.112007
0.0335521
0.471829
0.265106
0.352677
0.144872
0.149036
0.662
0.662
0.233787
0.176711
0.180414
0.0726108
0.274332
0.662
0.0948883
0.198821
0.436046
0.360167
0.476368
0.176248
0.662
0.310832
0.662
0.662
0.124468
0.662
0.147953
0.248914
0.145401
0.456859
0.278109
0.26436
0.0604618
0.0505489
0.662
0.173389
0.187638
0.230605
0.662
0.0205964
0.102367
0.163471
0.662
0.363491
0.0918983
0.127312
0.378226
0.16872
0.0704513
0.371272
0.0349645
0.141618
0.662
0.250866
0.26886
0.089223
0.662
0.0742858
0.662
0.245701
0.662
0.398163
0.0555902
7.1085e-05
0.456549
0.0425289
0.662
0.378531
0.662
0.662
0.0825975
0.269143
0.403968
0.301365
0.355822
0.101423
0.0928147
0.260426
0.246878
0.49458
0.662
0.662
0.258788
0.662
0.212905
0.662
0.104424
0.638896
0.115312
0.662
0.0820568
0.662
0.259509
0.0780712
0.662
0.662
0.662
0.137495
0.658878
0.419962
0.662
0.662
0.0651317
0.11749
0.111068
0.257905
0.662
0.442368
0.126651
0.549452
0.662
0.299852
0.184963
0.490925
0.136232
0.261847
0.458575
0.237907
0.41688
0.293703
0.241132
0.661173
0.401952
0.0437507
0.479198
0.110124
0.117279
0.164035
0.481964
0.0419108
0.556257
0.273082
0.132607
0.307154
0.295364
0.221958
0.183766
0.0570716
0.00628788
0.279684
0.0961489
0.133404
0.338236
0.662
0.662
0.192379
0.288152
0.180183
0.0963758
0.398375
0.662
0.54777
0.662
0.662
0.060001
0.186404
0.0709591
0.141369
0.0912958
0.403849
0.183092
0.290607
0.151123
0.297866
0.662
0.23795
0.0839107
0.209995
0.662
0.184189
0.0676177
0.101746
0.545435
0.0505909
0.0114271
0.661469
0.662
0.063535
0.108974
0.141476
0.15283
0.220984
0.545317
0.257153
0.176567
0.177441
0.521012
0.535888
0.445794
0.0783852
0.0779363
0.145394
0.662
0.662
0.0763634
0.250284
0.0984051
0.476007
0.193135
0.194613
0.270745
0.247163
0.329604
0.103931
0.376207
0.387504
0.662
0.662
0.268373
0.392973
0.159697
0.170165
0.662
0.205431
0.0368453
0.431842
0.12974
0.221045
0.292966
0.34596
0.0849294
0.23446
0.223406
0.190587
0.100444
0.174901
0.0905572
0.299983
0.101083
0.371898
0.0929921
0.154556
0.319423
0.554668
0.270856
0.444689
0.371222
0.223325
0.202816
0.147761
0.0287813
0.25252
0.662
0.662
0.260211
0.0684164
0.283389
0.662
0.263959
0.213322
0.053296
0.303909
0.0697042
0.452427
0.565151
0.0665404
0.662
0.131331
0.180485
0.104463
0.397286
0.143809
0.0965799
0.101782
0.21521
0.0697749
0.0781215
0.543837
0.210502
0.503573
0.397919
0.317189
0.105412
0.221325
0.148705
0.662
0.220477
0.304899
0.662
0.124389
0.325366
0.066517
0.253981
0.122588
0.301071
0.305836
0.429053
0.218014
0.662
0.264848
0.0416009
0.115774
0.254885
0.208648
0.0673579
0.662
0.194437
0.119609
0.0568162
0.662
0.315989
0.200857
0.166268
0.331423
0.129666
0.662
0.225416
0.503792
0.26049
0.227152
0.170009
0.173123
0.16017
0.662
0.161466
0.0899265
0.191183
0.14775
0.428137
0.569696
0.0488215
0.402521
0.312367
0.396629
0.662
0.513752
0.561493
0.399804
0.0375614
0.131871
0.0506966
0.662
0.0588537
0.4189
0.30875
0.186808
0.651729
0.390171
0.234044
0.14947
0.0993639
0.125459
0.662
0.267923
0.208385
0.662
0.245416
0.344396
0.0940605
0.662
0.662
0.277886
0.117499
0.190776
0.112649
0.369477
0.124458
0.493855
0.563427
0.155748
0.096739
0.266629
0.303201
0.662
0.0423691
0.269295
0.27543
0.194799
0.613052
0.271516
0.253009
0.296684
0.198266
0.190974
0.103413
0.105044
0.401272
0.203625
0.289096
0.399808
0.0915618
0.100122
0.231337
0.118535
0.662
0.344145
0.166012
0.0676309
0.662
0.662
0.102609
0.122436
0.193594
0.0582633
0.137264
0.0664671
0.0793547
0.0745317
0.168173
0.448623
0.662
0.115956
0.662
0.0386156
0.0541383
0.147731
0.159125
0.389258
0.0951538
0.431456
0.139335
0.124919
0.162115
0.187062
0.385496
0.145038
0.229919
0.662
0.406876
0.662
0.195727
0.246602
0.189005
0.0642749
0.566189
0.24732
0.662
0.217886
0.662
0.254297
0.175194
0.149396
0.494561
0.0948584
0.174588
0.605141
0.662
0.253175
0.052615
0.331156
0.277117
0.662
0.14208
0.431893
0.662
0.491451
0.120658
0.10461
0.0881864
0.218746
0.372326
0.662
0.662
0.662
0.216444
0.0522104
0.662
0.172639
0.206818
0.201581
0.107197
0.265103
0.139546
0.662
0.12569
0.0832529
0.286567
0.662
0.581357
0.152264
0.103156
0.198109
0.102953
0.257779
0.436992
0.0713755
0.662
0.410164
0.0215268
0.144181
0.168059
0.140966
0.100157
0.268501
0.355201
0.275191
0.273222
0.105362
0.0536133
0.207496
0.0850214
0.109497
0.249627
0.105736
0.219034
0.136807
0.0989216
0.662
0.651355
0.662
0.47753
0.662
0.166229
0.622218
0.170812
0.539672
0.145515
0.246667
0.204932
0.172938
0.151128
0.662
0.0806164
0.136636
0.509312
0.483987
0.662
0.171629
0.0168646
0.220476
0.0777905
0.662
0.300889
0.190664
0.0394426
0.204724
0.0966351
0.00495364
0.19725
0.25274
0.35422
0.0265378
0.352906
0.197965
0.662
0.249124
0.662
0.662
0.394716
0.257326
0.396759
0.501228
0.11129
0.204917
0.497645
0.50116
0.439537
0.0031423
0.0626772
0.662
0.285232
0.392705
0.112478
0.383022
0.161864
0.451655
0.141678
0.0670149
0.662
0.662
0.0878724
0.0681224
0.119834
0.0749407
0.190574
0.662
0.107407
0.135395
0.0808811
0.319358
0.321958
0.30621
0.268401
0.078497
0.153526
0.0698841
0.18857
0.0900496
0.170361
0.202862
0.0949326
0.167673
0.124774
0.185551
0.662
0.051866
0.440789
0.18673
0.125942
0.181637
0.662
0.15005
0.314102
0.535686
0.232948
0.662
0.632461
0.244957
0.545581
0.132808
0.467758
0.259048
0.471102
0.271616
0.0497749
0.217568
0.0201696
0.510345
0.157476
0.417814
0.292728
0.218127
0.0851781
0.381098
0.062123
0.165423
0.0759262
0.26024
0.575235
0.101434
0.0586778
0.181195
0.130722
0.083221
0.0638984
0.0773465
0.0984793
0.237564
0.5768
0.078825
0.241307
0.453704
0.0387621
0.18921
0.0736723
0.131364
0.256589
0.0677651
0.128395
0.0678607
0.104372
0.21461
0.0587605
0.201383
0.0634384
0.31007
0.247686
0.228397
0.208701
0.212909
0.0231039
0.662
0.229741
0.0737434
0.156683
0.662
0.25442
0.662
0.352724
0.346367
0.0705181
0.421245
0.179422
0.0684942
0.582719
0.108192
0.143141
0.085892
0.244191
0.662
0.662
0.662
0.39634
0.0393723
0.350145
0.662
0.0765667
0.317701
0.662
0.463842
0.298113
0.432029
0.0959184
0.20086
0.169764
0.247622
0.15452
0.222979
0.461429
0.135484
0.662
0.662
0.315017
0.0510331
0.662
0.0610507
0.0525619
0.0865255
0.366556
0.252939
0.088662
0.0129308
0.662
0.425033
0.129721
0.142323
0.662
0.521458
0.662
0.251473
0.259776
0.662
0.0528699
0.438229
0.485678
0.531171
0.662
0.11253
0.302534
0.292405
0.0926422
0.474043
0.0887564
0.0404263
0.436639
0.291526
0.662
0.209976
0.498159
0.407479
0.447194
0.662
0.240487
0.178914
0.662
0.0441647
0.0679587
0.288495
0.12811
0.108745
0.44604
0.487368
0.371003
0.0623498
0.0939984
0.115965
0.0777577
0.188297
0.385405
0.38063
0.0751817
0.0578072
0.662
0.27687
0.662
0.0838316
0.252519
0.662
0.432476
0.0573121
0.150222
0.0258266
0.11858
0.188615
0.208101
0.133523
0.156265
0.286067
0.347151
0.349036
0.189189
0.143042
0.54922
0.201799
0.400789
0.109423
0.102945
0.0852179
0.282209
0.0712782
0.662
0.146558
0.18914
0.136441
0.00566977
0.337672
0.662
0.662
0.662
0.633694
0.441294
0.570277
0.568916
0.0788165
0.662
0.0847657
0.147769
0.662
0.127423
0.0850866
0.347211
0.0874619
0.0753325
0.291642
0.182105
0.134223
0.21964
0.638095
0.414046
0.552257
0.124083
0.427252
0.17421
0.144929
0.187055
0.662
0.191077
0.0663861
0.0949606
0.102209
0.662
0.634021
0.134229
0.310551
0.662
0.11494
0.264233
0.352214
0.264976
0.155853
0.14858
0.614339
0.176449
0.199599
0.107136
0.390085
0.175463
0.662
0.0374542
0.0872528
0.662
0.0637642
0.111245
0.445452
0.0722537
0.662
0.0932123
0.0725223
0.223139
0.662
0.395025
0.662
0.420831
0.280924
0.073288
0.069702
0.233408
0.0672887
0.339981
0.12912
0.436303
0.662
0.05902
0.425572
0.344058
0.662
0.176449
0.126441
0.219656
0.0619817
0.142237
0.310514
0.205889
0.271569
0.173702
0.0392385
0.662
0.0565907
0.0774883
0.119447
0.227185
0.453989
0.0609073
0.1489
0.471211
0.160227
0.231758
0.662
0.107655
0.662
0.255093
0.469421
0.00217586
0.248184
0.237897
0.662
0.662
0.468877
0.624395
0.110327
0.246924
0.27488
0.127368
0.662
0.104254
0.0915141
0.416583
0.208586
0.0894845
0.140056
0.3657
0.00561281
0.112481
0.662
0.389618
0.117084
0.228207
0.129821
0.185303
0.662
0.305157
0.662
0.116174
0.168388
0.0633166
0.135512
0.200737
0.111383
0.662
0.0958469
0.293043
0.662
0.662
0.385233
0.662
0.142475
0.398643
0.242579
0.201287
0.403494
0.10647
0.0281226
0.419192
0.0971186
0.058551
0.0545071
0.43687
0.366236
0.415787
0.226055
0.431078
0.254945
0.662
0.405959
0.316595
0.221271
0.0805995
0.662
0.105504
0.0654384
0.244974
0.324297
0.0702072
0.107618
0.205931
0.120779
0.341729
0.312483
0.0464814
0.51981
0.155759
0.662
0.43113
0.240352
0.662
0.504197
0.244398
0.133339
0.403209
0.0589621
0.0745778
0.0904346
0.370932
0.173632
0.0790373
0.0662563
0.210469
0.143226
0.440932
0.323298
0.519037
0.662
0.155827
0.619928
0.178212
0.0234134
0.00564833
0.435567
0.483976
0.142459
0.103307
0.207952
0.052705
0.201845
0.248633
0.0926805
0.345359
0.662
0.349818
0.110138
0.662
0.532428
0.221927
0.220914
0.38589
0.188846
0.662
0.0911688
0.305868
0.123106
0.662
0.0921718
0.149135
0.662
0.293397
0.662
0.243259
0.100136
0.111839
0.662
0.224325
0.157078
0.218039
0.662
0.119604
0.15222
0.135105
0.662
0.248671
0.17509
0.122838
0.460353
0.132734
0.0461703
0.662
0.0466946
0.28732
0.182701
0.104604
0.15866
0.662
0.126046
0.512517
0.119024
0.131715
0.00395577
0.662
0.662
0.575236
0.662
0.109024
0.0516204
0.182766
0.096034
0.662
0.155343
0.613109
0.412532
0.527096
0.330524
0.202863
0.127665
0.231919
0.662
0.505185
0.411403
0.0700507
0.27164
0.169531
0.656394
0.119452
0.224056
0.139232
0.0846623
0.0586596
0.28316
0.556061
0.662
0.410078
0.662
0.662
0.0730002
0.247614
0.0596132
0.0712803
0.0789303
0.375314
0.169555
0.508128
0.662
0.142832
0.183496
0.662
0.226429
0.16801
0.10348
0.00467838
0.296981
0.0911286
0.214704
0.177793
0.662
0.0497196
0.662
0.426873
0.072687
0.129642
0.662
0.135647
0.257895
0.0539422
0.049571
0.431183
0.499507
0.662
0.265085
0.400912
0.130001
0.0784253
0.107268
0.489593
0.425002
0.662
0.249688
0.288339
0.579266
0.216133
0.171079
0.189818
0.662
0.424264
0.169757
0.330016
0.132944
0.115262
0.0185743
0.088089
0.354642
0.347291
0.662
0.234176
0.59858
0.0957855
0.0683984
0.140183
0.662
0.662
0.168546
0.662
0.590688
0.196998
0.591237
0.212858
0.662
0.60668
0.414955
0.174261
0.191316
0.662
0.444257
0.134923
0.169618
0.337941
0.0351748
0.182707
0.662
0.0714826
0.509718
0.662
0.357713
0.533818
0.231379
0.449899
0.209186
0.0779861
0.662
0.662
0.557903
0.662
0.490281
0.161747
0.389289
0.0687189
0.229089
0.337657
0.217113
0.0854011
0.115068
0.662
0.00826097
0.249882
0.356173
0.0389131
0.426265
0.203281
0.0880428
0.0898506
0.367842
0.662
0.662
0.490282
0.662
0.154084
0.384409
0.0219598
0.662
0.112123
0.532661
0.116815
0.281883
0.242933
0.122764
0.191703
0.0637939
0.247199
0.662
0.227961
0.638215
0.347084
0.166532
0.106863
0.103346
0.662
0.453223
0.222834
0.310727
0.156232
0.176395
0.662
0.010335
0.390024
0.1053
0.222074
0.314838
0.323474
0.343109
0.185929
0.662
0.13305
0.22289
0.397167
0.402627
0.515753
0.13549
0.662
0.662
0.33561
0.356282
0.062789
0.390478
0.662
0.108252
0.068538
0.206449
0.29184
0.106834
0.480094
0.206905
0.349161
0.113575
0.646103
0.192243
0.236838
0.100724
0.119444
0.170484
0.175352
0.0885069
0.00864542
0.662
0.403826
0.087683
0.662
0.36209
0.309109
0.100627
0.137119
0.162904
0.662
0.140436
0.148532
0.662
0.105552
0.662
0.662
0.244395
0.08208
0.662
0.297235
0.654659
0.6392
0.120537
0.0709723
0.0607358
0.662
0.662
0.134847
0.366098
0.253671
0.0746081
0.336071
0.64732
0.105854
0.0495581
0.155067
0.071383
0.0451534
0.17168
0.403891
0.434616
0.662
0.0418232
0.41656
0.137587
0.0824423
0.320627
0.108855
0.109351
0.153418
0.126948
0.10076
0.106439
0.156416
0.292825
0.177966
0.121892
0.191269
0.662
0.148295
0.150642
0.294949
0.156972
0.47526
0.401529
0.130052
0.662
0.173832
0.273429
0.362525
0.114736
0.106718
0.662
0.662
0.662
0.348598
0.583244
0.529799
0.430553
0.662
0.350524
0.448836
0.276085
0.085465
0.662
0.130441
0.662
0.166887
0.0976392
0.1369
0.211478
0.0991365
0.662
0.0798109
0.662
0.548538
0.338891
0.117758
0.482151
0.249828
0.0453894
0.188651
0.0922493
0.45137
0.595197
0.190895
0.120614
0.172913
0.524136
0.406497
0.0962496
0.662
0.0505849
0.260864
0.322706
0.192371
0.215353
0.336271
0.198014
0.123829
0.127896
0.153457
0.319798
0.0565268
0.227965
0.395118
0.129198
0.140478
0.34135
0.467606
0.062134
0.160563
0.662
0.157613
0.177089
0.384864
0.23039
0.117967
0.50051
0.205394
0.0976072
0.399456
0.390481
0.379301
0.298412
0.111218
0.176437
0.662
0.385508
0.662
0.183665
0.459933
0.441151
0.0954019
0.536475
0.175847
0.662
0.0449288
0.337422
0.128134
0.195919
0.116685
0.0917448
0.662
0.119892
0.125464
0.190595
0.0931376
0.164794
0.619559
0.116703
0.477285
0.448295
0.116992
0.123115
0.393391
0.0812051
0.443541
0.157102
0.159607
0.161103
0.129569
0.165222
0.662
0.0799919
0.662
0.191555
0.0825033
0.359157
0.217942
0.662
0.0622774
0.282792
0.0700517
0.351788
0.30848
0.115472
0.204799
0.4521
0.22952
0.126401
0.409749
0.400744
0.59773
0.180443
0.47874
0.60516
0.186199
0.174064
0.0141893
0.662
0.320842
0.143487
0.197116
0.385849
0.662
0.334903
0.26472
0.564525
0.0866879
0.359507
0.0656443
0.600609
0.118415
0.0896434
0.662
0.304243
0.172688
0.264757
0.143154
0.475565
0.0906884
0.108236
0.138214
0.175351
0.440825
0.0153448
0.267794
0.46207
0.300649
0.243115
0.209761
0.172439
0.662
0.420163
0.130288
0.395844
0.025812
0.176111
0.0925629
0.508608
0.662
0.0849262
0.0540624
0.642003
0.0963754
0.662
0.0819089
0.662
0.175084
0.272678
0.289189
0.145492
0.113505
0.605641
0.256971
0.0768697
0.662
0.379205
0.662
0.114345
0.662
0.106878
0.662
0.662
0.147896
0.347304
0.662
0.662
0.553373
0.0695992
0.36789
0.345828
0.0679715
0.662
0.0576185
0.11693
0.185712
0.142928
0.170856
0.070644
0.662
0.35221
0.093149
0.0560526
0.11657
0.566248
0.429261
0.166672
0.222414
0.108094
0.405958
0.525023
0.124438
0.141529
0.662
0.187895
0.0801078
0.102466
0.662
0.129636
0.0952143
0.247083
0.212559
0.634488
0.0839026
0.321553
0.393551
0.184049
0.296033
0.0804288
0.516899
0.204803
0.309004
0.662
0.142434
0.662
0.279086
0.291999
0.104353
0.0133835
0.0922068
0.500784
0.662
0.43057
0.42709
0.662
0.662
0.255403
0.213575
0.662
0.0872798
0.217592
0.276989
0.662
0.0537239
0.326855
0.136923
0.329782
0.11005
0.0676284
0.156282
0.363108
0.170902
0.0817562
0.432402
0.530185
0.550531
0.626387
0.100376
0.152014
0.205466
0.662
0.189841
0.123465
0.17119
0.159016
0.277749
0.662
0.0565834
0.542231
0.0481714
0.650895
0.567627
0.662
0.662
0.3484
0.115857
0.0887039
0.662
0.0163939
0.238503
0.260727
0.354429
0.132376
0.297256
0.662
0.662
0.349919
0.456425
0.130295
0.13978
0.240859
0.662
0.0995604
0.385322
0.128477
0.5579
0.0788696
0.662
0.204883
0.207968
0.269694
0.442964
0.347346
0.232591
0.0557886
0.487504
0.0800212
0.315699
0.248639
0.0151818
0.0127528
0.244605
0.611563
0.175933
0.188942
0.404751
0.662
0.317736
0.0996618
0.662
0.236418
0.0593558
0.115512
0.347094
0.00659383
0.662
0.662
0.464671
0.357543
0.0731632
0.117614
0.471743
0.24889
0.241899
0.111401
0.662
0.531535
0.0672072
0.633694
0.0537516
0.324675
0.412777
0.00589838
0.0783817
0.406475
0.108818
0.662
0.662
0.196629
0.662
0.225759
0.272678
0.138913
0.662
0.534445
0.20967
0.102403
0.16084
0.0886762
0.145522
0.163301
0.662
0.0233516
0.189677
0.142575
0.662
0.662
0.134912
0.489093
0.273026
0.0621631
0.0440085
0.278185
0.12012
0.128711
0.365544
0.135494
0.0307978
0.107826
0.0434157
0.155422
0.655622
0.44514
0.662
0.317512
0.662
0.0754097
0.119337
0.350254
0.662
0.368366
0.381279
0.176781
0.662
0.240609
0.483733
0.17465
0.507847
0.0541428
0.579644
0.563049
0.174567
0.197783
0.294788
0.152385
0.105533
0.662
0.268396
0.12358
0.0534727
0.0674263
0.662
0.443943
0.121958
0.136748
0.658437
0.662
0.100744
0.386965
0.0745856
0.103557
0.662
0.334788
0.208533
0.185327
0.109182
0.29326
0.516179
0.662
0.392413
0.256824
0.60909
0.214636
0.137168
0.662
0.133486
0.181383
0.0790701
0.222812
0.314551
0.187068
0.0910929
0.592513
0.167293
0.359299
0.0750309
0.046866
0.0361284
0.662
0.331608
0.192747
0.226131
0.161212
0.0900579
0.188189
0.662
0.293515
0.00704254
0.662
0.132704
0.0906233
0.662
0.162712
0.662
0.0855576
0.346313
0.181277
0.0888253
0.415196
0.351803
0.266984
0.0801383
0.0370559
0.0157313
0.160082
0.0808132
0.129725
0.411536
0.142521
0.372802
0.662
0.0794865
0.0660547
0.132183
0.662
0.213084
0.244964
0.245023
0.662
0.172464
0.083666
0.423655
0.204764
0.546269
0.662
0.662
0.326721
0.609988
0.662
0.662
0.662
0.662
0.12503
0.174888
0.405274
0.0695997
0.289239
0.364373
0.0483203
0.179803
0.158292
0.287454
0.0733635
0.126422
0.662
0.221493
0.142321
0.449084
0.402663
0.590138
0.185108
0.136279
0.324638
0.446498
0.662
0.151474
0.375292
0.240087
0.200953
0.63584
0.149794
0.662
0.662
0.0995192
0.662
0.235694
0.417453
0.264142
0.13297
0.0959762
0.177916
0.0466578
0.0923508
0.521218
0.156356
0.10139
0.202359
0.266178
0.252536
0.149736
0.17643
0.662
0.151634
0.0809036
0.316058
0.0884192
0.149942
0.226404
0.259989
0.198339
0.662
0.217337
0.0865757
0.118108
0.288172
0.312745
0.260599
0.662
0.0957464
0.662
0.662
0.662
0.662
0.121944
0.189027
0.662
0.322533
0.00890087
0.0628159
0.122438
0.221306
0.122209
0.617525
0.603781
0.499601
0.172105
0.137325
0.164647
0.635769
0.662
0.137211
0.167219
0.446389
0.105726
0.332215
0.162798
0.158611
0.100576
0.0517296
0.631639
0.555912
0.434991
0.662
0.411955
0.372268
0.662
0.15727
0.662
0.379188
0.162523
0.142004
0.253601
0.0560317
0.0633869
0.45064
0.212963
0.252675
0.122091
0.128095
0.662
0.376032
0.170887
0.0356109
0.40364
0.112556
0.287344
0.29104
0.198017
0.189853
0.0034672
0.236927
0.0453317
0.204264
0.158104
0.280636
0.260332
0.454283
0.144749
0.111108
0.345696
0.141047
0.108392
0.662
0.332298
0.329677
0.308849
0.165864
0.176513
0.123579
0.0612886
0.163735
0.102792
0.398408
0.0720928
0.099426
0.132291
0.265312
0.165061
0.0654383
0.194504
0.247952
0.662
0.0987239
0.350167
0.0678517
0.662
0.261264
0.348933
0.0827314
0.00243793
0.19994
0.662
0.14632
0.201877
0.662
0.047643
0.662
0.0180451
0.662
0.13648
0.526069
0.472609
0.0613692
0.290261
0.219553
0.0871308
0.209785
0.241464
0.272198
0.631947
0.34271
0.0646255
0.38114
0.288302
0.23091
0.395562
0.0643273
0.520926
0.595618
0.0648552
0.662
0.331158
0.124038
0.0519861
0.063801
0.0450756
0.624771
0.0433799
0.553525
0.175146
0.41231
0.309455
0.351682
0.333465
0.19205
0.17239
0.301954
0.662
0.175883
0.283831
0.606202
0.174557
0.377064
0.662
0.0984861
0.662
0.210141
0.0265357
0.102772
0.118479
0.131535
0.282452
0.307072
0.533886
0.662
0.481091
0.106199
0.11507
0.104802
0.341337
0.114787
0.403923
0.409361
0.103192
0.0668352
0.483597
0.0859411
0.156122
0.40947
0.265694
0.178295
0.469717
0.0714472
0.363811
0.221598
0.167031
0.424579
0.11799
0.459712
0.290305
0.242313
0.467691
0.0438927
0.493139
0.208152
0.0605356
0.102552
0.662
0.122303
0.662
0.0180914
0.228287
0.315615
0.110779
0.0199032
0.130155
0.182863
0.17635
0.305071
0.0538585
0.122715
0.104895
0.404246
0.30044
0.0750992
0.662
0.403506
0.662
0.0899294
0.409303
0.311553
0.127013
0.662
0.190904
0.0598177
0.562145
0.125492
0.0718146
0.662
0.106891
0.268058
0.662
0.128521
0.186584
0.662
0.0542418
0.0315413
0.0325583
0.0870818
0.126205
0.442183
0.0782041
0.662
0.662
0.466097
0.177213
0.513966
0.36649
0.0814523
0.259205
0.0511686
0.662
0.520112
0.0961956
0.0970253
0.0906998
0.265002
0.300499
0.275884
0.113929
0.0364158
0.486921
0.109888
0.0905503
0.0398033
0.249722
0.474502
0.0282148
0.662
0.164879
0.270532
0.134852
0.583918
0.0816822
0.406513
0.662
0.12412
0.165959
0.171374
0.0719418
0.411866
0.155909
0.662
0.0675279
0.0345854
0.207295
0.102317
0.467026
0.200549
0.063227
0.204768
0.139128
0.251417
0.235512
0.122241
0.662
0.15122
0.498679
0.306431
0.14162
0.46686
0.198836
0.0339047
0.0704341
0.277999
0.138432
0.254847
0.662
0.441578
0.318151
0.325145
0.552828
0.144778
0.185222
0.196444
0.0605879
0.174226
0.662
0.0992694
0.0824381
0.225947
0.365312
0.395126
0.0618185
0.185989
0.114039
0.0740713
0.0660068
0.12427
0.222314
0.645819
0.415208
0.0743469
0.662
0.315311
0.0973922
0.662
0.543995
0.0517644
0.133546
0.11013
0.150411
0.0714943
0.373727
0.662
0.085092
0.0653876
0.164837
0.474535
0.127156
0.481287
0.388948
0.167113
0.31817
0.499919
0.150086
0.662
0.107852
0.202011
0.63613
0.105662
0.098989
0.662
0.0393448
0.572955
0.0295985
0.184542
0.209263
0.662
0.179833
0.458929
0.070729
0.662
0.662
0.496055
0.376964
0.0599472
0.305287
0.662
0.484618
0.196611
0.0928034
0.128428
0.180887
0.276859
0.112268
0.617113
0.662
0.651321
0.607451
0.563289
0.414044
0.0229296
0.18519
0.0815772
0.16053
0.434834
0.232955
0.0391125
0.662
0.0661738
0.238687
0.229797
0.662
0.157916
0.107473
0.416671
0.418069
0.297309
0.117017
0.0108673
0.631126
0.101174
0.102157
0.192684
0.130604
0.188879
0.51454
0.559141
0.136145
0.0983523
0.187785
0.420235
0.273309
0.0982384
0.080579
0.0809877
0.0672059
0.662
0.0843941
0.662
0.065201
0.255488
0.0966369
0.0290117
0.0480592
0.155283
0.532986
0.341588
0.177623
0.0685596
0.240761
0.105577
0.470244
0.239777
0.0895147
0.281397
0.216302
0.0935498
0.471662
0.169023
0.0611743
0.662
0.662
0.124111
0.19944
0.178783
0.504482
0.470817
0.383624
0.125995
0.24169
0.662
0.000589547
0.104434
0.0508875
0.127035
0.158073
0.265577
0.662
0.214199
0.122972
0.318473
0.120351
0.268352
0.0959547
0.0544039
0.456467
0.0566511
0.312434
0.0758373
0.00580367
0.0764642
0.214408
0.044982
0.178543
0.144162
0.205979
0.176815
0.00385674
0.119294
0.49286
0.173841
0.662
0.558543
0.280201
0.0771649
0.207947
0.336093
0.166368
0.0694946
0.112467
0.662
0.173736
0.585816
0.662
0.0818525
0.635712
0.662
0.197315
0.245075
0.0446638
0.109737
0.0657159
0.662
0.196511
0.10322
0.662
0.375053
0.214281
0.31071
0.662
0.458634
0.214994
0.420734
0.34436
0.662
0.0778905
0.258778
0.192229
0.662
0.202435
0.662
0.361993
0.401412
0.447428
0.343555
0.214662
0.0820331
0.12499
0.334822
0.0100444
0.662
0.0276282
0.648625
0.0784003
0.348917
0.22919
0.139031
0.351139
0.336088
0.0904525
0.156121
0.420563
0.662
0.129826
0.156301
0.081929
0.41473
0.183668
0.183292
0.00927465
0.0790692
0.13305
0.662
0.119681
0.124033
0.610586
0.176886
0.237394
0.0230238
0.161161
0.497261
0.102613
0.124819
0.548125
0.257257
0.550616
0.0658768
0.230854
0.662
0.662
0.108114
0.662
0.662
0.135832
0.349288
0.113917
0.207522
0.0531324
0.224752
0.107404
0.0163477
0.265648
0.662
0.0322595
0.662
0.622352
0.188115
0.0376817
0.314712
0.09069
0.18243
0.172706
0.434529
0.0399882
0.0901853
0.0244392
0.253224
0.297625
0.662
0.105639
0.565525
0.188762
0.246488
0.23124
0.434695
0.477083
0.0793821
0.0348316
0.159972
0.0870726
0.404968
0.563883
0.273711
0.306694
0.366023
0.101292
0.459026
0.329732
0.122568
0.415728
0.23391
0.142416
0.6385
0.0983895
0.601202
0.127455
0.179955
0.662
0.165641
0.640778
0.662
0.0685675
0.188749
0.200789
0.083875
0.662
0.437876
0.662
0.186809
0.662
0.662
0.391006
0.470453
0.192224
0.102433
0.662
0.662
0.0723005
0.580559
0.205794
0.0540104
0.524466
0.183497
0.115954
0.0534209
0.0873262
0.215469
0.107353
0.250096
0.116783
0.211371
0.00677774
0.0753113
0.0877653
0.199794
0.662
0.662
0.405409
0.204664
0.662
0.305295
0.162673
0.662
0.0143062
0.662
0.129476
0.229841
0.0484543
0.145193
0.376813
0.198406
0.121679
0.31415
0.242301
0.662
0.0110615
0.197517
0.528533
0.084234
0.0991819
0.328171
0.406986
0.662
0.0480807
0.102893
0.0828811
0.0573949
0.216865
0.197574
0.126293
0.267992
0.662
0.662
0.529031
0.662
0.569857
0.662
0.133002
0.662
0.145618
0.561284
0.0681276
0.0238657
0.197746
0.140917
0.221635
0.467123
0.11532
0.0785546
0.341822
0.102446
0.0824855
0.0250581
0.238666
0.132233
0.351435
0.152089
0.381266
0.0943459
0.176064
0.457971
0.201664
0.257328
0.610433
0.15769
0.269395
0.238664
0.158395
0.662
0.662
0.0984812
0.522668
0.200202
0.662
0.217469
0.173632
0.244185
0.10245
0.232584
0.212081
0.43604
0.48026
0.156279
0.215917
0.662
0.52864
0.662
0.105697
0.0811916
0.652194
0.185004
0.16187
0.378821
0.662
0.0875739
0.209681
0.199165
0.648784
0.284044
0.198249
0.183793
0.308404
0.153869
0.0187968
0.662
0.662
0.190723
0.239266
0.21334
0.134942
0.0458571
0.299597
0.132021
0.0801131
0.662
0.1471
0.493116
0.162778
0.223763
0.167882
0.353469
0.662
0.119267
0.398698
0.450938
0.319132
0.662
0.124472
0.1713
0.0784961
0.347105
0.311043
0.250628
0.0762151
0.325252
0.0458549
0.228719
0.662
0.126799
0.094935
0.243491
0.169041
0.331586
0.351793
0.591088
0.205724
0.0751513
0.662
0.262339
0.195613
0.252301
0.140194
0.0552783
0.155618
0.10689
0.071208
0.234663
0.314036
0.662
0.328344
0.215432
0.662
0.462177
0.0854478
0.445382
0.662
0.219874
0.122402
0.662
0.191749
0.0591618
0.37554
0.146327
0.345363
0.211946
0.0639437
0.280526
0.357814
0.232752
0.0689133
0.173314
0.566698
0.226533
0.0059171
0.198912
0.662
0.0769106
0.463459
0.662
0.178495
0.393223
0.131683
0.662
0.141412
0.149845
0.212179
0.12593
0.662
0.662
0.297323
0.188564
0.0414038
0.0531946
0.0765126
0.20418
0.277477
0.407191
0.14699
0.373689
0.0873638
0.163615
0.215897
0.218654
0.662
0.261534
0.662
0.216631
0.0917722
0.662
0.0659217
0.662
0.0875336
0.086839
0.227612
0.474027
0.501924
0.304729
0.350847
0.14019
0.128993
0.183925
0.0817848
0.662
0.0881451
0.111335
0.449645
0.0985292
0.199055
0.119377
0.09553
0.107795
0.158862
0.171365
0.662
0.662
0.187149
0.280975
0.621788
0.662
0.126532
0.562932
0.191527
0.365851
0.33441
0.0850398
0.662
0.662
0.0995874
0.241926
0.589238
0.662
0.154239
0.147781
0.282307
0.298443
0.0702563
0.305552
0.662
0.128615
0.131514
0.190362
0.662
0.223838
0.350065
0.662
0.152485
0.123566
0.151349
0.417397
0.475486
0.0950744
0.0895646
0.123421
0.105201
0.662
0.0752033
0.513275
0.662
0.310761
0.461841
0.662
0.104084
0.328302
0.388645
0.374528
0.121374
0.220985
0.0162231
0.662
0.558454
0.299057
0.623352
0.369251
0.376702
0.662
0.133391
0.131163
0.107448
0.373553
0.436741
0.352644
0.662
0.662
0.0728915
0.179471
0.214461
0.184916
0.302167
0.278297
0.662
0.259669
0.0738002
0.332737
0.308487
0.1025
0.142971
0.0371944
0.194707
0.162727
0.276003
0.274993
0.0803405
0.0555569
0.24679
0.141822
0.253912
0.587493
0.20712
0.235988
0.115292
0.205413
0.195084
0.640233
0.214972
0.113044
0.280482
0.356649
0.0301554
0.157748
0.0898373
0.269447
0.662
0.0680878
0.204284
0.207779
0.149966
0.030239
0.509501
0.13611
0.531795
0.662
0.617834
0.0508434
0.133242
0.110802
0.188266
0.662
0.132007
0.662
0.662
0.220605
0.308283
0.662
0.662
0.633636
0.662
0.662
0.180978
0.337238
0.185165
0.152582
0.339551
0.034126
0.662
0.0228191
0.285477
0.222709
0.219294
0.0233319
0.0617477
0.071461
0.662
0.0216739
0.136028
0.185227
0.0835739
0.662
0.662
0.33275
0.0886169
0.167816
0.611038
0.124846
0.242946
0.174296
0.177128
0.0893472
0.552316
0.0641867
0.242373
0.262018
0.112537
0.108991
0.0499402
0.296207
0.111939
0.243061
0.190307
0.662
0.286151
0.188891
0.468777
0.132867
0.662
0.662
0.196538
0.15573
0.201243
0.662
0.444934
0.0994051
0.157768
0.662
0.0223232
0.662
0.44546
0.65228
0.518856
0.617302
0.226399
0.236464
0.0682524
0.662
0.256887
0.290478
0.662
0.19392
0.220556
0.134653
0.294444
0.122022
0.115794
0.137003
0.311739
0.292765
0.0379485
0.237751
0.388651
0.178636
0.544821
0.155075
0.109788
0.420779
0.0847136
0.411655
0.309803
0.337663
0.195832
0.127579
0.0854106
0.222355
0.47861
0.134226
0.031654
0.615387
0.0604444
0.274364
0.222252
0.662
0.0667662
0.322523
0.211074
0.357892
0.0700439
0.0917124
0.514093
0.208418
0.102725
0.378672
0.662
0.662
0.662
0.428329
0.0509053
0.32961
0.463609
0.344978
0.0693531
0.662
0.662
0.0600586
0.378243
0.0744987
0.46097
0.432023
0.39378
0.144417
0.1961
0.478901
0.360751
0.0628205
0.567978
0.0678346
0.19462
0.130671
0.662
0.00563579
0.173513
0.046631
0.662
0.236834
0.518816
0.604814
0.0816354
0.225867
0.662
0.42777
0.462796
0.134977
0.662
0.228036
0.039538
0.307943
0.388465
0.283684
0.0452863
0.0755746
0.500893
0.662
0.329321
0.380076
0.143195
0.0810245
0.545381
0.516284
0.467903
0.0352462
0.132231
0.662
0.399026
0.0532785
0.662
0.501775
0.302026
0.662
0.662
0.303505
0.0722383
0.168189
0.14441
0.559821
0.18653
0.662
0.0959715
0.0854668
0.174401
0.189413
0.107368
0.115084
0.662
0.0689874
0.662
0.279088
0.486593
0.662
0.0684853
0.656949
0.61262
0.255453
0.105354
0.462789
0.662
0.0671644
0.335395
0.381817
0.305295
0.225921
0.662
0.662
0.31058
0.197298
0.366968
0.136906
0.0485569
0.127982
0.070279
0.183315
0.601382
0.0709493
0.337659
0.23013
0.076554
0.475189
0.394423
0.662
0.0481408
0.662
0.370632
0.499749
0.0762464
0.230951
0.662
0.072208
0.130272
0.117028
0.472859
0.161106
0.662
0.388593
0.227734
0.140361
0.209591
0.434085
0.205705
0.255961
0.137321
0.309685
0.241228
0.461045
0.0478377
0.662
0.556966
0.0223065
0.662
0.00869507
0.662
0.662
0.287156
0.125471
0.211545
0.0646508
0.662
0.610823
0.25838
0.375282
0.562488
0.0377095
0.0623182
0.180193
0.282901
0.12198
0.141161
0.56735
0.234168
0.119834
0.162483
0.0961564
0.0863258
0.350344
0.451514
0.163466
0.662
0.131257
0.420982
0.120589
0.16738
0.0913238
0.662
0.63502
0.100345
0.662
0.340412
0.200715
0.118692
0.625125
0.662
0.081578
0.0593113
0.284418
0.0759017
0.378145
0.33544
0.662
0.0908949
0.26398
0.436646
0.338356
0.142397
0.418505
0.0399787
0.124951
0.45146
0.662
0.468135
0.196866
0.602853
0.662
0.538622
0.00520923
0.0616053
0.0787875
0.446239
0.327181
0.0958198
0.0644422
0.190047
0.0872265
0.112635
0.662
0.0782099
0.0782268
0.136856
0.510044
0.187835
0.662
0.0575397
0.156312
0.0696731
0.0893523
0.438047
0.21067
0.00709929
0.202231
0.662
0.18437
0.0971954
0.533872
0.217869
0.473264
0.142547
0.238564
0.121027
0.110645
0.662
0.221988
0.19328
0.173645
0.240748
0.339776
0.0976895
0.282299
0.12084
0.0939975
0.662
0.180233
0.116348
0.438404
0.662
0.554858
0.662
0.0416329
0.662
0.0515948
0.0659528
0.0146325
0.315973
0.662
0.392072
0.138968
0.662
0.274758
0.53034
0.0866181
0.662
0.662
0.111806
0.144668
0.234
0.114204
0.316123
0.0329268
0.418764
0.662
0.207005
0.0542227
0.175636
0.512096
0.0632115
0.325954
0.131349
0.230147
0.227411
0.223538
0.662
0.108712
0.204113
0.202621
0.628837
0.0403659
0.662
0.115285
0.170514
0.0510176
0.591506
0.451667
0.0978524
0.219857
0.0218783
0.180224
0.133825
0.163737
0.11984
0.662
0.662
0.209191
0.486287
0.177965
0.0965595
0.620629
0.58835
0.176574
0.660669
0.0672446
0.0920154
0.599576
0.662
0.662
0.114106
0.0938316
0.662
0.534059
0.150381
0.030431
0.174529
0.150827
0.282908
0.401072
0.147832
0.0579286
0.119104
0.284912
0.00992664
0.662
0.190005
0.0987624
0.219222
0.211532
0.17105
0.144563
0.662
0.133988
0.220643
0.189063
0.180961
0.662
0.15125
0.662
0.173373
0.536248
0.158236
0.301528
0.25016
0.662
0.662
0.391168
0.513077
0.662
0.116931
0.293005
0.251395
0.299924
0.152679
0.0696153
0.303434
0.662
0.251684
0.409913
0.0735454
0.124184
0.144055
0.341329
0.42656
0.269833
0.152167
0.468368
0.37898
0.15837
0.155336
0.335202
0.662
0.0864366
0.172771
0.662
0.167092
0.0722303
0.152974
0.320268
0.283211
0.14678
0.302557
0.0728819
0.235972
0.224609
0.662
0.144461
0.214738
0.105524
0.662
0.0723323
0.105735
0.472977
0.114762
0.510675
0.220416
0.454536
0.0545578
0.102631
0.0618109
0.621266
0.0657152
0.399365
0.662
0.0975085
0.246901
0.205963
0.662
0.662
0.0850991
0.0875059
0.14559
0.169446
0.0845092
0.130033
0.46489
0.0391216
0.0936316
0.643213
0.0756146
0.371415
0.196572
0.379048
0.0245242
0.15823
0.111658
0.292408
0.292789
0.0988329
0.658581
0.219371
0.133636
0.246341
0.15714
0.220423
0.0596059
0.189618
0.101774
0.124582
0.662
0.411921
0.662
0.662
0.216644
0.662
0.456646
0.172102
0.120948
0.643891
0.662
0.0785601
0.0936854
0.266467
0.439672
0.0184213
0.00661088
0.13689
0.0976527
0.425441
0.134115
0.353252
0.123564
0.0434673
0.121992
0.0791711
0.146384
0.453933
0.359773
0.020711
0.273811
0.203993
0.662
0.662
0.300651
0.244198
0.332257
0.0893249
0.0282095
0.492796
0.513442
0.102316
0.0754957
0.0591938
0.204306
0.397421
0.270873
0.312471
0.203817
0.0369216
0.507109
0.250907
0.091671
0.520937
0.341767
0.144599
0.117154
0.258617
0.192622
0.662
0.353348
0.346019
0.188083
0.628219
0.294401
0.15787
0.480461
0.17993
0.464709
0.662
0.204485
0.662
0.0811231
0.662
0.449017
0.326382
0.495853
0.662
0.662
0.225405
0.662
0.580127
0.662
0.0967704
0.105763
0.255081
0.586609
0.0969703
0.124702
0.187766
0.0232768
0.662
0.200552
0.277682
0.256842
0.410284
0.243433
0.0843768
0.662
0.0620602
0.567124
0.250119
0.331209
0.171074
0.594899
0.309563
0.302267
0.133526
0.00161239
0.234528
0.441041
0.0677203
0.0561569
0.662
0.448729
0.359057
0.153658
0.214785
0.370504
0.662
0.361875
0.319005
0.11241
0.0320457
0.0961249
0.252294
0.662
0.384659
0.193057
0.104961
0.23534
0.213312
0.13697
0.384631
0.0406835
0.0845757
0.0430298
0.313212
0.0884035
0.187967
0.166416
0.179851
0.0433447
0.137389
0.125469
0.115063
0.222253
0.116372
0.364322
0.142163
0.345286
0.52177
0.244003
0.662
0.662
0.0630425
0.202238
0.662
0.110598
0.174117
0.141306
0.545123
0.0886347
0.13761
0.316043
0.17061
0.467499
0.662
0.410968
0.0928378
0.0461065
0.662
0.574388
0.507767
0.0918942
0.602983
0.279372
0.217377
0.160074
0.662
0.509978
0.305526
0.0712118
0.390017
0.24397
0.662
0.662
0.0703367
0.186071
0.0570581
0.364505
0.0836649
0.521791
0.0399674
0.18246
0.494376
0.211812
0.274735
0.58855
0.247779
0.128098
0.59107
0.444023
0.243251
0.361128
0.182747
0.343402
0.0863976
0.253673
0.313343
0.311087
0.152908
0.222023
0.0853042
0.210592
0.662
0.0899879
0.0464652
0.120354
0.193479
0.662
0.216092
0.182623
0.127683
0.298614
0.10301
0.376689
0.538303
0.498158
0.0950811
0.662
0.499266
0.31967
0.269043
0.235428
0.467993
0.0930848
0.662
0.0574432
0.0697332
0.619169
0.19796
0.253759
0.29417
0.235294
0.473651
0.543308
0.662
0.662
0.200776
0.157149
0.662
0.39468
0.273974
0.21494
0.635018
0.163813
0.0303018
0.0472942
0.0947102
0.218563
0.538196
0.123055
0.572571
0.0798082
0.102865
0.407157
0.331445
0.662
0.108218
0.529925
0.611611
0.219461
0.662
0.419204
0.0912102
0.358149
0.497658
0.0692097
0.215192
0.662
0.0912442
0.662
0.662
0.3394
0.662
0.528043
0.172566
0.451643
0.137767
0.106682
0.273463
0.234796
0.662
0.565106
0.259553
0.662
0.148781
0.538402
0.0771179
0.242842
0.120573
0.213706
0.0207989
0.110297
0.662
0.0720845
0.0661051
0.662
0.662
0.10586
0.662
0.419632
0.496502
0.0880475
0.345061
0.662
0.662
0.662
0.662
0.30685
0.208167
0.0684826
0.198981
0.0320434
0.662
0.192658
0.134053
0.0891227
0.577343
0.180539
0.0425209
0.243406
0.334055
0.662
0.0501896
0.439769
0.227487
0.09457
0.662
0.203591
0.296659
0.180652
0.10149
0.600332
0.662
0.662
0.511122
0.249968
0.0906274
0.662
0.315831
0.144381
0.0829264
0.2101
0.662
0.233865
0.350439
0.0693058
0.379039
0.455058
0.0399216
0.168197
0.0251929
0.115911
0.0517871
0.525674
0.142458
0.341238
0.206858
0.369331
0.196763
0.649698
0.159128
0.140773
0.142233
0.154743
0.0662555
0.0669147
0.168005
0.0428023
0.0849298
0.282604
0.144711
0.266726
0.527659
0.100535
0.330718
0.23241
0.0560305
0.329899
0.192544
0.285274
0.199646
0.327745
0.134885
0.662
0.111953
0.434981
0.452087
0.122197
0.13217
0.119909
0.662
0.414046
0.662
0.662
0.662
0.608559
0.138382
0.105872
0.662
0.324724
0.332381
0.662
0.662
0.207377
0.127612
0.215639
0.662
0.219981
0.340553
0.0906164
0.445832
0.662
0.662
0.662
0.107835
0.364605
0.0157349
0.0353153
0.0517147
0.0078182
0.414272
0.129345
0.250028
0.607297
0.472635
0.597418
0.162426
0.216595
0.0830801
0.467875
0.386582
0.177599
0.391178
0.0793757
0.147146
0.496458
0.0875432
0.535024
0.121543
0.46106
0.238918
0.494138
0.273238
0.147862
0.572535
0.424403
0.181365
0.154491
0.106502
0.407109
0.662
0.209219
0.0696452
0.136171
0.213831
0.164488
0.236248
0.130399
0.506567
0.176156
0.527737
0.325092
0.395425
0.514437
0.0808066
0.0621608
0.172654
0.219563
0.0131309
0.05914
0.662
0.134334
0.441143
0.124964
0.0550103
0.280164
0.107429
0.662
0.228892
0.437025
0.373184
0.210206
0.344414
0.109011
0.0331461
0.110063
0.291152
0.123335
0.177412
0.461996
0.662
0.30689
0.419906
0.432861
0.662
0.301246
0.0783515
0.11002
0.187119
0.350875
0.406758
0.0253628
0.662
0.213646
0.662
0.0900202
0.307351
0.154558
0.148712
0.465386
0.533065
0.209742
0.0886231
0.0758269
0.215062
0.384715
0.0669676
0.662
0.139122
0.339028
0.315596
0.662
0.156049
0.163572
0.100567
0.172661
0.39293
0.232225
0.662
0.145403
0.23721
0.220618
0.402661
0.223995
0.0964725
0.246475
0.192711
0.371514
0.405531
0.317159
0.575594
0.0761261
0.190979
0.37449
0.0543484
0.662
0.451374
0.272405
0.0718287
0.15842
0.155101
0.335593
0.262656
0.662
0.0514798
0.183005
0.137369
0.0150683
0.164956
0.257112
0.0837874
0.200406
0.0774599
0.635267
0.0696096
0.355053
0.0770673
0.106791
0.662
0.401191
0.662
0.0915229
0.237952
0.464041
0.212735
0.662
0.148353
0.343377
0.0786185
0.0936815
0.662
0.103823
0.226975
0.244342
0.662
0.211767
0.439716
0.586249
0.131406
0.162947
0.12938
0.662
0.205019
0.280405
0.482411
0.469032
0.288471
0.151904
0.386606
0.45493
0.233982
0.152388
0.182558
0.176058
0.662
0.161943
0.364725
0.197103
0.453046
0.410752
0.242439
0.339103
0.0613571
0.154994
0.542954
0.19337
0.147602
0.120746
0.319076
0.0850921
0.662
0.0738201
0.104554
0.125252
0.662
0.105669
0.206663
0.147843
0.133387
0.197145
0.176533
0.161142
0.433571
0.662
0.118636
0.104754
0.245988
0.662
0.624939
0.175934
0.0645698
0.0625298
0.662
0.262269
0.34797
0.0561006
0.662
0.662
0.662
0.437925
0.299928
0.662
0.543674
0.176451
0.245738
0.0972253
0.662
0.119957
0.204175
0.215059
0.215677
0.349712
0.302758
0.218114
0.0830738
0.662
0.145452
0.213201
0.189852
0.379961
0.388207
0.437538
0.168714
0.0804689
0.151548
0.0957815
0.102941
0.187427
0.5018
0.286041
0.506503
0.432573
0.196307
0.393085
0.165605
0.16397
0.546035
0.39348
0.156776
0.30613
0.162381
0.354432
0.0552195
0.393363
0.0554563
0.435934
0.662
0.0658389
0.162694
0.0808274
0.177425
0.401462
0.413301
0.128043
0.155787
0.24011
0.43297
0.365406
0.172041
0.0930532
0.347867
0.615755
0.5198
0.662
0.662
0.186206
0.451496
0.327736
0.662
0.102944
0.328155
0.568699
0.211729
0.112774
0.546866
0.446146
0.354132
0.108914
0.199472
0.415783
0.662
0.253735
0.214793
0.0774424
0.284611
0.103121
0.150099
0.160435
0.643579
0.185776
0.662
0.343633
0.0861161
0.141834
0.269231
0.0336069
0.168619
0.662
0.662
0.0702341
0.329853
0.05828
0.541036
0.117802
0.219126
0.197205
0.502498
0.143632
0.234286
0.662
0.130745
0.662
0.662
0.332594
0.204312
0.11844
0.0955689
0.490075
0.261276
0.232177
0.055397
0.341403
0.373086
0.0811447
0.28173
0.0826578
0.10771
0.201748
0.189354
0.179386
0.18094
0.0204433
0.232064
0.0570915
0.11599
0.585018
0.207421
0.19867
0.122029
0.362194
0.407385
0.41299
0.662
0.453789
0.216595
0.662
0.282104
0.130934
0.307427
0.662
0.178209
0.662
0.211985
0.214437
0.0983885
0.0760604
0.207249
0.461482
0.217329
0.0697337
0.140845
0.253443
0.304493
0.268171
0.0686042
0.345346
0.0514835
0.0849495
0.164713
0.0250893
0.336262
0.662
0.662
0.204558
0.113977
0.662
0.0822355
0.323194
0.662
0.160423
0.662
0.662
0.662
0.209458
0.285127
0.458231
0.354277
0.662
0.134046
0.105283
0.132997
0.43266
0.634799
0.662
0.199572
0.341754
0.151626
0.30609
0.0152429
0.0622978
0.132721
0.428843
0.301367
0.466531
0.280063
0.208655
0.247041
0.0603191
0.216394
0.194095
0.316858
0.114098
0.649219
0.108004
0.288978
0.662
0.213188
0.114074
0.165761
0.662
0.379908
0.239264
0.552964
0.27419
0.660919
0.205427
0.479126
0.14122
0.104884
0.062028
0.652339
0.590877
0.548081
0.640413
0.0719596
0.525815
0.0660708
0.178386
0.662
0.260879
0.439787
0.374256
0.213617
0.103175
0.662
0.265135
0.0838809
0.0801186
0.224801
0.11972
0.316945
0.47619
0.662
0.0515848
0.662
0.346105
0.0802558
0.0928175
0.662
0.189703
0.200678
0.419891
0.662
0.346092
0.233447
0.0362646
0.289799
0.0931979
0.662
0.215327
0.00544213
0.662
0.221596
0.0473203
0.357731
0.197322
0.662
0.152524
0.662
0.662
0.0535275
0.662
0.113707
0.213777
0.482883
0.0953761
0.233395
0.662
0.23035
0.239194
0.173439
0.0556609
0.210448
0.174101
0.194563
0.317702
0.102903
0.293499
0.21113
0.177866
0.273349
0.122547
0.193934
0.662
0.163387
0.094523
0.0768901
0.618498
0.339187
0.141493
0.662
0.662
0.662
0.312591
0.189251
0.296073
0.112441
0.421753
0.150611
0.397315
0.662
0.662
0.0787605
0.294433
0.143674
0.0923183
0.187794
0.324294
0.0556596
0.234676
0.506233
0.662
0.662
0.232686
0.594734
0.207534
0.189136
0.433498
0.662
0.179644
0.181536
0.0297602
0.0368319
0.233301
0.0823525
0.407006
0.15546
0.297325
0.198055
0.170231
0.147293
0.318824
0.031967
0.303439
0.557529
0.135985
0.0857773
0.0873758
0.662
0.19839
0.0888232
0.662
0.442832
0.351494
0.0387981
0.150193
0.36365
0.298798
0.117279
0.581758
0.662
0.662
0.0753249
0.21675
0.430058
0.115882
0.662
0.338893
0.18585
0.188395
0.168745
0.0438024
0.220934
0.080598
0.23032
0.237294
0.0726689
0.49226
0.653498
0.662
0.140817
0.552141
0.464735
0.164249
0.438998
0.203163
0.662
0.0314642
0.0974661
0.0947808
0.662
0.662
0.413265
0.35764
0.662
0.184767
0.161245
0.569929
0.124143
0.230295
0.271784
0.314171
0.234555
0.0583709
0.345155
0.189996
0.662
0.113368
0.0665489
0.204729
0.13786
0.662
0.151873
0.124388
0.662
0.325402
0.662
0.0845779
0.156394
0.662
0.662
0.0514092
0.21981
0.157691
0.662
0.381973
0.0966066
0.496921
0.662
0.662
0.186667
0.384194
0.432285
0.662
0.0852926
0.0916576
0.1264
0.182086
0.0586773
0.26592
0.12846
0.0918701
0.101766
0.145295
0.274612
0.0675794
0.151197
0.0884156
0.140938
0.106825
0.401106
0.0532698
0.255184
0.120088
0.633237
0.238368
0.4072
0.662
0.441497
0.110672
0.63185
0.0759228
0.0978315
0.0724462
0.299972
0.104367
0.341733
0.0998557
0.101998
0.0713369
0.0957573
0.203855
0.102805
0.30644
0.432159
0.0806767
0.323771
0.662
0.22849
0.0722663
0.294933
0.00272041
0.377305
0.0487887
0.0551398
0.130726
0.227306
0.662
0.662
0.0896928
0.250516
0.09524
0.187403
0.0981125
0.151421
0.0471844
0.154621
0.0940615
0.121653
0.302982
0.169786
0.0587166
0.0822461
0.563987
0.115836
0.662
0.17358
0.538074
0.0695772
0.0862001
0.103269
0.299114
0.296037
0.0909043
0.49572
0.222189
0.278289
0.129272
0.21235
0.0738816
0.0710229
0.0589395
0.119589
0.328092
0.662
0.52235
0.262772
0.105437
0.189935
0.0900145
0.157444
0.0946611
0.185284
0.121034
0.225911
0.147052
0.265002
0.662
0.662
0.229867
0.0544751
0.662
0.662
0.0936323
0.162997
0.129695
0.379513
0.057751
0.662
0.0405626
0.418567
0.448022
0.662
0.318973
0.0524738
0.118198
0.547856
0.333746
0.199621
0.467978
0.0226342
0.203703
0.0973275
0.10477
0.429341
0.0981724
0.207627
0.513771
0.307776
0.662
0.0389654
0.148564
0.189042
0.316406
0.371285
0.107405
0.296338
0.197208
0.174645
0.303427
0.158861
0.662
0.412918
0.239413
0.125056
0.133209
0.13414
0.427801
0.200349
0.074406
0.471339
0.13438
0.422478
0.29027
0.276374
0.0407469
0.187379
0.592138
0.25158
0.0510291
0.135799
0.193013
0.393849
0.0912264
0.255199
0.620382
0.28552
0.662
0.383951
0.356154
0.239753
0.118951
0.171529
0.0719365
0.662
0.166991
0.264803
0.462413
0.0902046
0.137974
0.272013
0.282618
0.179078
0.548331
0.131812
0.222498
0.188194
0.0615536
0.0149876
0.0690641
0.134769
0.662
0.662
0.3767
0.0898716
0.124551
0.073348
0.0722073
0.185858
0.0448252
0.493816
0.0708841
0.240272
0.0903998
0.118058
0.279576
0.373592
0.0603447
0.328966
0.533062
0.2012
0.345228
0.198082
0.662
0.107345
0.496259
0.108275
0.0841991
0.204253
0.639393
0.15655
0.555727
0.481048
0.0367542
0.368175
0.142386
0.136401
0.0792296
0.28328
0.222019
0.201362
0.248109
0.0664973
0.152461
0.15925
0.560957
0.377215
0.138113
0.0667774
0.190727
0.113317
0.455882
0.5913
0.351191
0.217815
0.100987
0.286291
0.169747
0.195441
0.662
0.165942
0.235553
0.144706
0.31368
0.662
0.547528
0.0474621
0.192042
0.458206
0.103941
0.398425
0.175135
0.320851
0.351948
0.103153
0.467827
0.662
0.141263
0.662
0.589891
0.511852
0.266626
0.662
0.19706
0.176295
0.0556881
0.0827379
0.0296976
0.209987
0.344319
0.390462
0.125608
0.153212
0.609895
0.208176
0.662
0.355036
0.662
0.213825
0.662
0.662
0.179151
0.179577
0.662
0.0156064
0.151282
0.229691
0.243416
0.0731081
0.662
0.420843
0.497064
0.299503
0.662
0.11622
0.0929368
0.187989
0.478702
0.404347
0.0379735
0.662
0.0959259
0.257496
0.467384
0.00800753
0.459694
0.435874
0.662
0.11554
0.0842838
0.195083
0.247665
0.14411
0.662
0.374484
0.145419
0.156044
0.247367
0.366033
0.324072
0.225831
0.0112428
0.0619345
0.0327675
0.0633908
0.662
0.231567
0.0269501
0.159269
0.0474619
0.662
0.580815
0.146962
0.437427
0.0742552
0.0970944
0.230557
0.259648
0.348992
0.267023
0.10697
0.0134176
0.344076
0.179678
0.467672
0.662
0.234544
0.509564
0.475155
0.27096
0.249323
0.12298
0.101303
0.239844
0.19475
0.468662
0.0727862
0.129019
0.662
0.0937244
0.196334
0.599187
0.421091
0.279838
0.284053
0.0356598
0.197582
0.411715
0.0118016
0.324092
0.518901
0.0904932
0.391277
0.192651
0.468176
0.369571
0.191014
0.127165
0.412476
0.132813
0.0284569
0.0801214
0.662
0.366739
0.231959
0.193155
0.0636946
0.103336
0.157652
0.102908
0.042384
0.0929268
0.246839
0.108615
0.210223
0.662
0.103223
0.103832
0.0898516
0.0720913
0.392943
0.114351
0.202036
0.312845
0.355931
0.662
0.56618
0.131175
0.007586
0.233544
0.122751
0.233797
0.662
0.119489
0.351859
0.485144
0.455561
0.159794
0.264568
0.267955
0.19694
0.188621
0.0795857
0.00334249
0.316448
0.662
0.271638
0.398445
0.662
0.158546
0.538224
0.034227
0.662
0.0807497
0.152639
0.662
0.559921
0.0668054
0.662
0.381262
0.0639163
0.662
0.135919
0.159407
0.187245
0.410428
0.397171
0.518525
0.662
0.134978
0.591293
0.030995
0.533737
0.541813
0.328964
0.186416
0.182141
0.662
0.137044
0.153803
0.16282
0.340277
0.616244
0.177241
0.0893528
0.459201
0.216241
0.058449
0.450369
0.377788
0.182413
0.322034
0.662
0.116157
0.662
0.116735
0.0866113
0.159249
0.317755
0.0854407
0.182753
0.109699
0.14845
0.11733
0.394777
0.0721045
0.0808638
0.359847
0.662
0.136908
0.182312
0.165552
0.274057
0.364499
0.392808
0.201163
0.132951
0.163085
0.30071
0.662
0.662
0.280907
0.243174
0.264399
0.662
0.20641
0.0931443
0.106976
0.263258
0.351458
0.662
0.197744
0.14911
0.236551
0.662
0.633041
0.220943
0.239569
0.173436
0.16173
0.00510151
0.34825
0.188268
0.131103
0.00174051
0.27063
0.250897
0.334702
0.0594443
0.662
0.662
0.213875
0.18517
0.188566
0.129061
0.240337
0.156549
0.600311
0.104343
0.394777
0.0325792
0.165902
0.111792
0.143662
0.662
0.346641
0.312505
0.662
0.199032
0.662
0.662
0.270739
0.166063
0.652486
0.183249
0.158532
0.00117207
0.188321
0.0859248
0.336938
0.108161
0.361415
0.21638
0.141769
0.0659505
0.239376
0.662
0.662
0.121971
0.0581927
0.114626
0.35789
0.137675
0.285754
0.662
0.15092
0.419769
0.662
0.662
0.226587
0.237324
0.397501
0.122994
0.144264
0.662
0.622393
0.0586711
0.179219
0.145412
0.140621
0.325152
0.18897
0.462911
0.0864342
0.183298
0.196892
0.0938098
0.166615
0.0503365
0.140994
0.0776996
0.571381
0.0862269
0.407565
0.27121
0.662
0.0939089
0.322712
0.0646705
0.662
0.0910828
0.241596
0.662
0.0738855
0.193239
0.218661
0.138635
0.473923
0.347538
0.134284
0.330321
0.0707502
0.60636
0.245841
0.0852452
0.177267
0.156115
0.105862
0.24741
0.05045
0.221737
0.133937
0.37532
0.662
0.662
0.265798
0.60713
0.269568
0.0848624
0.0940475
0.100984
0.0528523
0.0973964
0.662
0.273195
0.662
0.662
0.293589
0.605958
0.456542
0.459914
0.110909
0.301627
0.662
0.106832
0.0567538
0.333907
0.662
0.135657
0.635381
0.409455
0.662
0.28979
0.13139
0.0687001
0.662
0.29393
0.316859
0.322987
0.190422
0.182175
0.570811
0.662
0.159025
0.120491
0.526032
0.235181
0.262548
0.156261
0.328228
0.501142
0.0963281
0.179905
0.662
0.0998369
0.600534
0.25446
0.662
0.109755
0.0943692
0.233474
0.257642
0.0445111
0.606166
0.0949068
0.309232
0.0903685
0.162017
0.662
0.0901846
0.314536
0.172549
0.662
0.344332
0.199362
0.142357
0.0103006
0.0109966
0.189702
0.166111
0.662
0.164302
0.382978
0.441651
0.0909783
0.441932
0.131902
0.186688
0.318564
0.259176
0.116397
0.111564
0.364282
0.208643
0.6342
0.29953
0.662
0.401879
0.268471
0.662
0.0579518
0.311645
0.103857
0.662
0.0118501
0.13694
0.139417
0.188546
0.662
0.102725
0.18038
0.662
0.42046
0.0573734
0.154004
0.290872
0.417441
0.194625
0.662
0.0801756
0.0249428
0.200465
0.047406
0.0757378
0.662
0.586418
0.0473247
0.156265
0.347499
0.286122
0.0870296
0.205624
0.265509
0.478547
0.0815726
0.102959
0.662
0.662
0.0593255
0.443312
0.194114
0.662
0.459413
0.343096
0.554261
0.289365
0.0274281
0.101288
0.538367
0.0568809
0.662
0.232628
0.0625141
0.662
0.662
0.662
0.362954
0.25679
0.177239
0.194841
0.377285
0.17057
0.0875081
0.22714
0.199709
0.0576612
0.444324
0.619006
0.0157717
0.498216
0.30223
0.455964
0.662
0.0382796
0.225827
0.608864
0.339659
0.291755
0.662
0.662
0.436284
0.107565
0.142422
0.1791
0.276531
0.156467
0.0860898
0.112022
0.215873
0.0929614
0.390078
0.165487
0.208005
0.592661
0.135539
0.135423
0.662
0.446353
0.662
0.410795
0.127187
0.662
0.177822
0.0892843
0.131635
0.16023
0.348831
0.264962
0.662
0.209814
0.0764683
0.0721664
0.119929
0.0258279
0.176124
0.656168
0.0754719
0.189072
0.263011
0.237556
0.608345
0.201955
0.214913
0.197888
0.662
0.242592
0.248496
0.15157
0.102591
0.310534
0.662
0.376602
0.364227
0.301368
0.210444
0.251113
0.466083
0.265688
0.239345
0.55583
0.45886
0.279642
0.335855
0.662
0.279248
0.33051
0.0601742
0.0253125
0.629405
0.37937
0.0980907
0.158155
0.163781
0.413475
0.311251
0.0452364
0.126881
0.662
0.00433446
0.165286
0.178476
0.128396
0.203376
0.289702
0.466294
0.204568
0.0980514
0.298612
0.277964
0.178799
0.278493
0.0781601
0.662
0.662
0.356765
0.0904244
0.0845673
0.292362
0.105784
0.293881
0.00562105
0.400925
0.0818186
0.155418
0.154644
0.662
0.293854
0.1402
0.200858
0.0913192
0.184809
0.19603
0.343399
0.396817
0.280408
0.0191167
0.0981563
0.277576
0.662
0.161776
0.52026
0.17703
0.0537734
0.0543498
0.230491
0.279455
0.150841
0.662
0.251837
0.0995946
0.10327
0.318501
0.19046
0.138092
0.024256
0.226298
0.159933
0.128735
0.326196
0.662
0.662
0.0618037
0.662
0.233495
0.272432
0.28446
0.655803
0.375133
0.196627
0.0762501
0.193108
0.22264
0.363439
0.662
0.662
0.0768186
0.0799365
0.0224625
0.429195
0.185133
0.0392909
0.259754
0.117775
0.662
0.145551
0.0841676
0.310669
0.662
0.662
0.100681
0.186524
0.238646
0.212178
0.0694744
0.0928866
0.107817
0.231068
0.141111
0.103105
0.233487
0.366584
0.248776
0.170922
0.0848613
0.0186513
0.419265
0.302522
0.117478
0.459844
0.662
0.533084
0.0935186
0.257069
0.0781668
0.43248
0.354755
0.131508
0.480079
0.0152303
0.662
0.023985
0.0355978
0.396131
0.14925
0.412305
0.129443
0.155258
0.174911
0.105999
0.662
0.631508
0.662
0.0823612
0.404208
0.645054
0.0129443
0.662
0.114864
0.662
0.662
0.125089
0.0532445
0.126924
0.161445
0.662
0.662
0.219035
0.430466
0.283676
0.299864
0.126242
0.186673
0.027851
0.465849
0.0589222
0.662
0.127326
0.662
0.192626
0.303919
0.107561
0.0963284
0.272154
0.247299
0.120969
0.373751
0.433038
0.175593
0.117644
0.662
0.662
0.581014
0.0403436
0.406988
0.45056
0.615889
0.0177113
0.370084
0.102392
0.417824
0.30153
0.271195
0.192542
0.148551
0.434381
0.12587
0.382037
0.144184
0.662
0.0495667
0.168461
0.254609
0.415126
0.0215573
0.233683
0.483556
0.356843
0.3731
0.464563
0.100321
0.351166
0.105872
0.0828162
0.160744
0.0624072
0.662
0.164259
0.201279
0.153306
0.504167
0.235526
0.378338
0.135906
0.170552
0.0178193
0.108868
0.109327
0.209263
0.662
0.366067
0.0362656
0.247135
0.19833
0.662
0.662
0.0574811
0.179428
0.0674187
0.122345
0.651727
0.229867
0.114206
0.516897
0.0896517
0.0827903
0.112493
0.662
0.467326
0.186263
0.662
0.179674
0.0972867
0.238897
0.0518041
0.32624
0.189961
0.37012
0.420739
0.301404
0.124152
0.455025
0.0809123
0.124898
0.192785
0.484686
0.617621
0.0569855
0.662
0.662
0.0869682
0.662
0.403553
0.341719
0.0528556
0.449914
0.136424
0.0849255
0.229776
0.22558
0.17549
0.226343
0.111979
0.662
0.273841
0.239648
0.662
0.327775
0.193104
0.381749
0.662
0.0811413
0.337487
0.0556379
0.662
0.00689177
0.071305
0.0590306
0.564502
0.127882
0.430765
0.252832
0.423617
0.149793
0.207
0.0358582
0.117582
0.271736
0.662
0.351955
0.0434153
0.322239
0.662
0.177818
0.068328
0.300083
0.662
0.110718
0.16986
0.53727
0.191453
0.0260352
0.259858
0.662
0.662
0.00701291
0.371518
0.428244
0.0121024
0.332871
0.10967
0.662
0.186201
0.378092
0.346324
0.134545
0.662
0.537254
0.0332444
0.199225
0.224821
0.069689
0.662
0.0611585
0.422033
0.112478
0.522817
0.0840644
0.662
0.227234
0.307826
0.662
0.184589
0.0613424
0.411338
0.227115
0.175139
0.608752
0.662
0.578303
0.662
0.662
0.00214822
0.243501
0.662
0.0466302
0.186323
0.0039531
0.0546479
0.144427
0.126618
0.0552013
0.662
0.0874923
0.662
0.643291
0.646274
0.548387
0.135504
0.206999
0.106477
0.652078
0.277483
0.342564
0.104111
0.662
0.118004
0.0749718
0.615707
0.197771
0.109121
0.187325
0.148297
0.576138
0.155527
0.199232
0.155782
0.662
0.202704
0.0177541
0.330649
0.0947959
0.662
0.175632
0.304315
0.0208574
0.579716
0.0625177
0.206777
0.165505
0.105303
0.215438
0.114148
0.0825388
0.148458
0.235434
0.112521
0.204552
0.662
0.323556
0.0513698
0.0561603
0.100228
0.254015
0.393347
0.0984189
0.662
0.176481
0.372896
0.0825964
0.152032
0.125661
0.273778
0.618809
0.570462
0.662
0.285525
0.0937724
0.234742
0.662
0.100333
0.366392
0.487709
0.146254
0.0653237
0.0373053
0.187652
0.478088
0.230516
0.0883536
0.581414
0.137549
0.210561
0.279619
0.278374
0.231084
0.123277
0.662
0.0717666
0.351252
0.152308
0.114424
0.316218
0.662
0.662
0.0679256
0.435437
0.662
0.177235
0.662
0.422421
0.368204
0.134988
0.366096
0.204166
0.415371
0.662
0.296102
0.421005
0.193326
0.404514
0.662
0.278237
0.307977
0.662
0.662
0.0267495
0.564281
0.234151
0.0947611
0.0687533
0.441456
0.125962
0.190354
0.454901
0.150052
0.0741247
0.662
0.17927
0.162224
0.131921
0.058747
0.57794
0.138213
0.21269
0.562942
0.128361
0.290321
0.049416
0.523458
0.327987
0.171274
0.263843
0.235763
0.491623
0.110963
0.662
0.0825915
0.476104
0.373459
0.305494
0.662
0.159515
0.000785427
0.107547
0.0729357
0.250517
0.34522
0.144803
0.175333
0.0329616
0.127493
0.0963087
0.105008
0.0999109
0.375559
0.440725
0.154128
0.0907468
0.662
0.662
0.26534
0.180852
0.214727
0.212438
0.236075
0.0653195
0.662
0.10623
0.662
0.309375
0.662
0.0765638
0.412386
0.205829
0.308876
0.138877
0.145649
0.145861
0.269952
0.152397
0.2155
0.312461
0.12174
0.133291
0.0341188
0.662
0.662
0.252711
0.537606
0.662
0.0802923
0.142966
0.662
0.662
0.662
0.0826209
0.0976078
0.63076
0.662
0.204235
0.152614
0.0380654
0.0605866
0.157557
0.662
0.125716
0.662
0.325148
0.355038
0.643118
0.105989
0.662
0.556164
0.0797406
0.141399
0.317949
0.662
0.542856
0.156871
0.168265
0.203449
0.0801421
0.588838
0.662
0.484963
0.223214
0.662
0.0810144
0.662
0.662
0.311177
0.114454
0.0286912
0.662
0.519561
0.215788
0.565151
0.226899
0.247584
0.253353
0.0744649
0.0838296
0.462798
0.51902
0.662
0.443532
0.662
0.205789
0.199414
0.18571
0.38999
0.143704
0.147975
0.25761
0.257683
0.342512
0.216866
0.149825
0.566121
0.341592
0.10917
0.0192246
0.176371
0.111801
0.320139
0.220176
0.088711
0.662
0.130774
0.521265
0.511637
0.0899418
0.382634
0.0923131
0.093344
0.534746
0.0896881
0.100136
0.267758
0.662
0.615273
0.662
0.123569
0.662
0.469467
0.123113
0.377774
0.561175
0.307857
0.0506492
0.0330577
0.434658
0.0789348
0.662
0.219661
0.351296
0.328832
0.248385
0.164664
0.213362
0.662
0.234283
0.153405
0.0954412
0.207378
0.626057
0.214033
0.662
0.121494
0.662
0.186968
0.662
0.0251543
0.0690576
0.141523
0.0648849
0.34501
0.172001
0.436855
0.231142
0.662
0.0713999
0.54823
0.317081
0.253622
0.662
0.0684219
0.164826
0.0521866
0.105586
0.108725
0.12388
0.127047
0.516405
0.459668
0.468358
0.662
0.48439
0.343093
0.139858
0.153233
0.152617
0.254335
0.100156
0.51553
0.0838947
0.662
0.232814
0.131154
0.317651
0.0392148
0.0557873
0.307479
0.662
0.0423537
0.430379
0.274617
0.662
0.206094
0.377013
0.0847444
0.662
0.0873939
0.193024
0.533283
0.195573
0.0613452
0.592011
0.662
0.511128
0.113334
0.0707206
0.153497
0.210174
0.113564
0.102285
0.207752
0.18168
0.662
0.61737
0.182037
0.277882
0.662
0.645405
0.115142
0.63213
0.095784
0.193057
0.159641
0.383779
0.662
0.281988
0.363436
0.662
0.662
0.321215
0.382799
0.266482
0.217659
0.0554733
0.662
0.369255
0.173087
0.144675
0.164692
0.424533
0.662
0.210997
0.0726191
0.0121104
0.442639
0.662
0.0568256
0.662
0.583753
0.235143
0.212411
0.506648
0.121901
0.117075
0.160036
0.0903804
0.44291
0.319621
0.121969
0.155421
0.287433
0.195365
0.662
0.662
0.662
0.498637
0.211539
0.197406
0.137194
0.395272
0.056501
0.144582
0.21691
0.583712
0.274448
0.219706
0.29082
0.297469
0.662
0.662
0.418738
0.176633
0.202005
0.3845
0.222858
0.133628
0.383552
0.466797
0.0826456
0.0791183
0.110792
0.0643317
0.137824
0.376358
0.544123
0.263941
0.4919
0.419921
0.306153
0.126905
0.257661
0.464866
0.327699
0.0211214
0.0529915
0.662
0.662
0.405111
0.662
0.273889
0.347315
0.116762
0.662
0.282065
0.324208
0.180858
0.0592945
0.662
0.296913
0.333301
0.105334
0.239247
0.330305
0.228499
0.216041
0.0769779
0.662
0.0466775
0.163125
0.189525
0.177428
0.662
0.104111
0.100918
0.0531975
0.662
0.0206337
0.195685
0.215977
0.11975
0.266529
0.060408
0.200079
0.223299
0.322301
0.055672
0.161616
0.252609
0.483419
0.285216
0.0516555
0.315801
0.105721
0.146601
0.522901
0.561961
0.0926548
0.0630346
0.086227
0.0311669
0.0900056
0.662
0.662
0.451348
0.0505651
0.511758
0.141417
0.662
0.662
0.158834
0.535095
0.0897751
0.662
0.100083
0.232998
0.149877
0.272141
0.0425014
0.365685
0.164445
0.662
0.160337
0.0864082
0.13653
0.0873243
0.662
0.203052
0.0839222
0.215452
0.0827825
0.121538
0.06581
0.118899
0.0669126
0.662
0.185047
0.080434
0.100081
0.051555
0.180278
0.228472
0.241814
0.135276
0.662
0.293151
0.426898
0.184578
0.231736
0.177902
0.568378
0.127587
0.175891
0.0773209
0.662
0.237814
0.157411
0.0549786
0.662
0.662
0.211014
0.151633
0.662
0.464561
0.248383
0.544105
0.104404
0.215653
0.0848842
0.0250188
0.617024
0.129063
0.0868885
0.460427
0.327195
0.124102
0.44804
0.144238
0.249534
0.662
0.0513741
0.060009
0.355894
0.0701497
0.372732
0.662
0.662
0.662
0.201026
0.165043
0.344293
0.29536
0.0967062
0.662
0.662
0.662
0.0872096
0.0421119
0.182312
0.662
0.113947
0.123866
0.15126
0.0471088
0.287726
0.175624
0.469248
0.0629326
0.158928
0.112099
0.314236
0.0875646
0.0609718
0.121702
0.350659
0.356342
0.0739668
0.223667
0.662
0.107297
0.311005
0.662
0.628852
0.116769
0.195135
0.318802
0.303815
0.662
0.571406
0.215506
0.169922
0.10996
0.154093
0.167202
0.0857119
0.0696457
0.172576
0.662
0.662
0.198538
0.662
0.108275
0.0862031
0.015139
0.324957
0.592369
0.407353
0.242066
0.253121
0.0403564
0.34165
0.539522
0.662
0.135496
0.0957458
0.0757888
0.565115
0.178586
0.189806
0.362078
0.0788689
0.099241
0.0683795
0.231643
0.177769
0.272177
0.0919097
0.153863
0.36864
0.662
0.325093
0.611534
0.0109086
0.662
0.499634
0.662
0.206664
0.0735246
0.198293
0.123114
0.0140183
0.209379
0.0413115
0.0875055
0.29811
0.210351
0.662
0.0621203
0.662
0.0299189
0.0566221
0.205396
0.460603
0.243317
0.0794389
0.591935
0.662
0.108986
0.019307
0.134041
0.24548
0.248083
0.218446
0.369866
0.421808
0.0449132
0.662
0.229824
0.326182
0.189879
0.358512
0.317921
0.531533
0.196933
0.0544496
0.119075
0.312833
0.10207
0.0964636
0.241084
0.432037
0.222529
0.368955
0.0949815
0.413738
0.248413
0.0641551
0.258637
0.163451
0.105557
0.637181
0.222816
0.378324
0.203352
0.181706
0.234777
0.112379
0.0528848
0.251974
0.159894
0.438639
0.181885
0.11645
0.37626
0.458448
0.115785
0.662
0.662
0.189246
0.299954
0.140492
0.24237
0.0544117
0.32608
0.0727861
0.0991262
0.194788
0.137067
0.294651
0.627771
0.501048
0.102757
0.183251
0.52731
0.185557
0.157508
0.662
0.624098
0.266953
0.371185
0.1149
0.352619
0.662
0.219001
0.127383
0.129593
0.662
0.168646
0.614257
0.662
0.662
0.279268
0.662
0.0805907
0.0532219
0.0512547
0.662
0.0793871
0.112346
0.0703118
0.286209
0.471842
0.0427418
0.420398
0.0908062
0.13416
0.662
0.190804
0.662
0.662
0.662
0.313746
0.3514
0.179502
0.346953
0.296154
0.662
0.135127
0.600414
0.269108
0.0635261
0.662
0.210021
0.662
0.662
0.00475866
0.135266
0.19783
0.662
0.662
0.402599
0.111776
0.0860336
0.266714
0.193041
0.0983609
0.662
0.662
0.182664
0.662
0.326457
0.307006
0.0418674
0.50487
0.112897
0.244737
0.3444
0.0785773
0.0971175
0.5931
0.418133
0.662
0.527263
0.41676
0.256471
0.0525453
0.0607974
0.0772041
0.232198
0.018353
0.0537058
0.268487
0.12837
0.103731
0.178436
0.124323
0.368582
0.0466152
0.107504
0.662
0.16198
0.100394
0.331583
0.131747
0.409979
0.17286
0.145514
0.086908
0.093068
0.0192596
0.662
0.0975787
0.167155
0.152838
0.244057
0.123185
0.289936
0.0916233
0.155999
0.156013
0.153986
0.662
0.279268
0.12413
0.662
0.309163
0.114445
0.0774011
0.224045
0.296762
0.662
0.662
0.0841325
0.149371
0.10944
0.459308
0.0999579
0.199186
0.150753
0.107254
0.0796611
0.112072
0.222262
0.0749135
0.377523
0.28713
0.662
0.184743
0.134898
0.277115
0.095519
0.0808878
0.0346355
0.0954075
0.182094
0.135923
0.0579646
0.214121
0.132633
0.091982
0.252279
0.575018
0.662
0.229425
0.662
0.662
0.107292
0.16358
0.419725
0.662
0.129087
0.0793644
0.0471457
0.662
0.169909
0.183843
0.480334
0.0122247
0.14204
0.105075
0.482114
0.137685
0.112317
0.0792631
0.14335
0.0128407
0.366745
0.260859
0.662
0.257744
0.662
0.140192
0.536685
0.662
0.247609
0.258235
0.662
0.070374
0.0936652
0.662
0.0962258
0.19758
0.216888
0.152271
0.136615
0.133042
0.306934
0.0946549
0.277896
0.340207
0.662
0.400943
0.662
0.144975
0.110454
0.662
0.0389376
0.244739
0.183271
0.411349
0.0420351
0.387065
0.419854
0.279493
0.262892
0.197345
0.632226
0.662
0.271379
0.145874
0.251629
0.540832
0.662
0.662
0.1606
0.154444
0.656484
0.328158
0.575646
0.662
0.469615
0.662
0.203472
0.236451
0.182236
0.628314
0.349387
0.123004
0.662
0.143681
0.11657
0.0589503
0.113747
0.305731
0.126197
0.209898
0.662
0.0933654
0.0114377
0.662
0.265306
0.108546
0.135733
0.662
0.195428
0.662
0.388066
0.662
0.662
0.380084
0.150349
0.228406
0.139033
0.290666
0.0582975
0.171389
0.312005
0.404965
0.180733
0.193083
0.572692
0.0824392
0.0763055
0.0763879
0.62791
0.255593
0.450232
0.116931
0.510884
0.168002
0.662
0.132001
0.662
0.662
0.0620735
0.142858
0.217206
0.662
0.297123
0.0931573
0.464078
0.662
0.385854
0.531679
0.662
0.142354
0.101699
0.662
0.00156303
0.244756
0.311052
0.662
0.161843
0.398369
0.0547068
0.468897
0.196872
0.243826
0.529039
0.434385
0.662
0.21476
0.662
0.0681322
0.142795
0.0701468
0.662
0.269772
0.0517965
0.382375
0.373345
0.165196
0.28707
0.662
0.0574236
0.288093
0.0225436
0.074615
0.662
0.0383918
0.348548
0.119525
0.410808
0.251392
0.0619055
0.154013
0.0459311
0.662
0.377188
0.662
0.662
0.18461
0.0269644
0.0727819
0.351642
0.377834
0.202997
0.662
0.202882
0.332602
0.0776589
0.662
0.662
0.662
0.662
0.0113124
0.662
0.436206
0.270256
0.354687
0.040341
0.0648317
0.145165
0.506661
0.58462
0.0502391
0.375886
0.148352
0.460862
0.058825
0.662
0.0761741
0.662
0.527313
0.133842
0.0638846
0.233308
0.104882
0.169402
0.662
0.0578897
0.117347
0.195763
0.662
0.214937
0.150112
0.103951
0.481246
0.662
0.662
0.283371
0.47572
0.0856379
0.662
0.258492
0.562643
0.487022
0.128012
0.391557
0.474586
0.178764
0.247522
0.342019
0.0209295
0.662
0.162711
0.304328
0.34713
0.108761
0.662
0.0798701
0.244357
0.0872702
0.176019
0.213077
0.396457
0.400888
0.321464
0.567854
0.624336
0.368573
0.361298
0.44859
0.310051
0.0935222
0.555715
0.510851
0.662
0.0860833
0.0907123
0.603136
0.290163
0.34545
0.138641
0.147954
0.200083
0.306655
0.32626
0.208668
0.0943086
0.645822
0.443324
0.140698
0.662
0.201689
0.11122
0.662
0.274414
0.25238
0.13029
0.475704
0.298928
0.0344492
0.662
0.336633
0.369913
0.167779
0.414455
0.100219
0.185117
0.37389
0.0760442
0.662
0.126198
0.10187
0.662
0.135872
0.14281
0.253985
0.44464
0.141214
0.200889
0.187987
0.143059
0.0901217
0.47773
0.662
0.0881628
0.177738
0.144814
0.125972
0.113881
0.662
0.181338
0.19029
0.13664
0.195376
0.303757
0.048788
0.662
0.142175
0.0613684
0.135487
0.122302
0.0691177
0.662
0.34627
0.662
0.662
0.144656
0.117967
0.10528
0.662
0.232121
0.662
0.327359
0.662
0.0624781
0.522955
0.242352
0.0596946
0.0986818
0.151501
0.100425
0.169502
0.662
0.17498
0.662
0.662
0.252287
0.662
0.662
0.283666
0.113522
0.372917
0.35323
0.387061
0.377439
0.286259
0.492712
0.295376
0.251136
0.228274
0.152823
0.107395
0.271965
0.0876955
0.0442916
0.176591
0.63339
0.298607
0.313247
0.267473
0.113891
0.21002
0.622606
0.288142
0.0287342
0.662
0.180355
0.208851
0.511363
0.176742
0.335637
0.180302
0.504557
0.512137
0.393067
0.159158
0.662
0.133442
0.302742
0.0239457
0.580815
0.188966
0.476898
0.0525931
0.662
0.220477
0.172716
0.312625
0.0556615
0.202531
0.187553
0.662
0.134756
0.120484
0.119904
0.226969
0.288914
0.298011
0.464406
0.0577832
0.0494114
0.172441
0.0511491
0.180756
0.448313
0.158901
0.662
0.47156
0.341352
0.173224
0.552638
0.310004
0.662
0.357243
0.14333
0.114218
0.662
0.107275
0.314391
0.18914
0.644166
0.182539
0.334041
0.0824758
0.160238
0.662
0.191685
0.260494
0.108531
0.162505
0.373079
0.184642
0.437221
0.154977
0.561385
0.315849
0.662
0.537526
0.115751
0.165333
0.168274
0.304319
0.425741
0.053348
0.31847
0.131588
0.201292
0.154587
0.560482
0.356481
0.220839
0.0700156
0.662
0.355012
0.662
0.05223
0.191424
0.131604
0.414716
0.219013
0.119411
0.192472
0.569221
0.0588776
0.366886
0.238378
0.0994527
0.596153
0.13308
0.179291
0.334621
0.114096
0.227575
0.232137
0.0799823
0.662
0.365147
0.662
0.0671412
0.0332651
0.149298
0.180976
0.233645
0.662
0.294216
0.0824069
0.223778
0.223098
0.477989
0.155563
0.435032
0.0877196
0.200267
0.0184325
0.0213838
0.133908
0.662
0.336531
0.662
0.0758342
0.0659618
0.292238
0.662
0.447435
0.108499
0.218424
0.199741
0.209712
0.00526995
0.662
0.662
0.662
0.662
0.157991
0.341731
0.110882
0.0579636
0.296256
0.662
0.367635
0.39622
0.247823
0.289808
0.22905
0.0263245
0.662
0.00214769
0.119357
0.356856
0.662
0.142492
0.186286
0.276924
0.662
0.105016
0.505062
0.116697
0.352507
0.0347634
0.0544557
0.662
0.662
0.0797926
0.662
0.662
0.15927
0.0976297
0.610209
0.18487
0.207086
0.247417
0.163402
0.326396
0.662
0.104693
0.0440766
0.326206
0.662
0.0391013
0.172036
0.206578
0.509568
0.2345
0.243549
0.662
0.662
0.08307
0.662
0.662
0.662
0.106358
0.141443
0.160817
0.364422
0.177953
0.24069
0.336666
0.11419
0.124272
0.462336
0.662
0.024236
0.662
0.662
0.662
0.206961
0.0888263
0.340883
0.104006
0.200881
0.200735
0.0991509
0.118165
0.113812
0.662
0.415982
0.0625453
0.10711
0.252004
0.0295143
0.0802929
0.133735
0.325461
0.300838
0.0797904
0.0995137
0.271321
0.179123
0.216786
0.395208
0.650958
0.508576
0.662
0.148102
0.199146
0.0524673
0.206165
0.348498
0.0963858
0.200056
0.203975
0.101259
0.188778
0.662
0.662
0.387333
0.0831803
0.0752123
0.106526
0.255548
0.346539
0.662
0.117035
0.190646
0.662
0.018834
0.634332
0.339287
0.112526
0.542668
0.39462
0.526417
0.149508
0.0590746
0.662
0.198008
0.612185
0.081966
0.405119
0.096379
0.0729112
0.240789
0.100321
0.353227
0.453921
0.266828
0.22778
0.662
0.209563
0.174698
0.117498
0.391582
0.243529
0.46756
0.391699
0.337492
0.662
0.662
0.0194093
0.0962315
0.662
0.292143
0.662
0.646177
0.662
0.662
0.273774
0.173459
0.0779363
0.149224
0.0536817
0.307947
0.559599
0.310192
0.11127
0.168791
0.172462
0.0624496
0.662
0.310453
0.103891
0.662
0.0732982
0.39804
0.0744166
0.623739
0.164182
0.171103
0.237356
0.0176895
0.288078
0.188421
0.403025
0.196182
0.662
0.269928
0.662
0.240295
0.0774746
0.662
0.253088
0.662
0.188227
0.127769
0.0529664
0.148855
0.431391
0.205538
0.662
0.137716
0.662
0.662
0.443686
0.0771036
0.109527
0.0746727
0.193002
0.662
0.0568022
0.662
0.109526
0.0733726
0.277607
0.634437
0.139161
0.211744
0.132939
0.0841627
0.183703
0.0690299
0.229955
0.17169
0.067264
0.049024
0.0903317
0.485945
0.131315
0.662
0.191318
0.26881
0.275923
0.0529911
0.049435
0.0387643
0.234762
0.155734
0.11386
0.021822
0.145811
0.405354
0.216794
0.115466
0.321649
0.662
0.662
0.215558
0.462461
0.240863
0.121999
0.200558
0.224731
0.191343
0.077251
0.202384
0.231727
0.0485567
0.124455
0.243794
0.164501
0.10567
0.0848866
0.662
0.325306
0.356234
0.154198
0.435859
0.0964198
0.452498
0.117372
0.0875435
0.264488
0.158088
0.166867
0.0674299
0.100122
0.0649914
0.662
0.149328
0.0860059
0.412857
0.662
0.110398
0.486515
0.0620905
0.102262
0.120459
0.193198
0.662
0.0182738
0.0826796
0.229665
0.343077
0.08075
0.118538
0.0964529
0.170291
0.152139
0.205108
0.315681
0.662
0.206208
0.408858
0.0676348
0.662
0.662
0.0599419
0.527242
0.662
0.662
0.495453
0.254134
0.101193
0.442229
0.14805
0.646066
0.0280404
0.369269
0.662
0.214477
0.0791109
0.162917
0.496609
0.584262
0.150513
0.343175
0.590094
0.155868
0.235423
0.0382093
0.520706
0.0639554
0.104324
0.662
0.149958
0.302234
0.633783
0.115448
0.178381
0.429874
0.145477
0.662
0.142111
0.662
0.158784
0.142713
0.39447
0.166582
0.176059
0.138558
0.0875698
0.203238
0.662
0.662
0.0340483
0.161329
0.0686697
0.0760878
0.244167
0.356998
0.662
0.0464515
0.112937
0.523158
0.0821685
0.662
0.503799
0.662
0.662
