0.141154
0.279093
0.115712
0.643784
0.0498009
0.161939
0.405849
0.0889306
0.169588
0.662
0.194734
0.132437
0.219045
0.141196
0.158542
0.270073
0.295321
0.240141
0.150588
0.662
0.353025
0.268088
0.132414
0.0767701
0.662
0.267858
0.662
0.310013
0.169377
0.460587
0.662
0.483485
0.241206
0.226352
0.0586464
0.0817889
0.537532
0.134301
0.309801
0.0803607
0.538604
0.213575
0.112365
0.267969
0.0437547
0.526104
0.291041
0.662
0.523587
0.662
0.662
0.027662
0.363538
0.212657
0.0181533
0.339983
0.479188
0.352103
0.190328
0.0752551
0.662
0.662
0.170661
0.00400386
0.0670899
0.351281
0.401176
0.365044
0.533805
0.122537
0.0988449
0.662
0.078818
0.359079
0.484266
0.108689
0.197779
0.5664
0.295423
0.146718
0.273506
0.420045
0.151713
0.306823
0.552292
0.385096
0.0684583
0.0594423
0.110611
0.195015
0.398841
0.32746
0.662
0.0329052
0.0910449
0.662
0.122855
0.0682511
0.393967
0.405228
0.00896346
0.132777
0.261597
0.0215363
0.0937736
0.29613
0.329542
0.662
0.299411
0.662
0.285913
0.449854
0.125414
0.5029
0.121197
0.614819
0.662
0.628503
0.0762698
0.0424292
0.512753
0.0705585
0.433062
0.188585
0.215366
0.290317
0.315485
0.363286
0.636134
0.147213
0.485
0.284612
0.204238
0.0484288
0.309553
0.0660351
0.150222
0.662
0.328546
0.0499246
0.615584
0.122813
0.582734
0.230074
0.0791707
0.461501
0.662
0.219909
0.662
0.662
0.662
0.254719
0.126374
0.662
0.101012
0.662
0.662
0.201751
0.165728
0.192278
0.0930135
0.50064
0.348485
0.348378
0.07629
0.251494
0.24675
0.534794
0.175624
0.604048
0.179682
0.570271
0.0350213
0.464449
0.222391
0.325255
0.227496
0.662
0.451201
0.430901
0.0158488
0.124773
0.0922958
0.232611
0.326522
0.662
0.102747
0.501333
0.529204
0.308063
0.419759
0.00585835
0.216344
0.662
0.0198369
0.295367
0.289879
0.041842
0.363322
0.433169
0.359575
0.138935
0.662
0.112407
0.0878097
0.0332557
0.49486
0.121547
0.550589
0.662
0.0489878
0.379619
0.124006
0.359857
0.354373
0.344659
0.469101
0.645988
0.121377
0.662
0.0506232
0.0508248
0.0987761
0.556985
0.132874
0.101322
0.326717
0.210945
0.04255
0.350953
0.662
0.662
0.133007
0.020126
0.339439
0.0672866
0.244816
0.244455
0.662
0.429178
0.321736
0.0272836
0.344342
0.107706
0.034122
0.312338
0.184218
0.436358
0.165055
0.077481
0.662
0.109249
0.149058
0.512056
0.469283
0.415674
0.461281
0.59312
0.127679
0.150306
0.363217
0.0947097
0.662
0.0810101
0.634094
0.0472564
0.20839
0.158156
0.136517
0.354679
0.534634
0.405189
0.0742635
0.662
0.0915158
0.010571
0.178223
0.255354
0.0976856
0.55589
0.25698
0.0459399
0.246241
0.204801
0.591305
0.194252
0.174209
0.644714
0.126994
0.662
0.390338
0.430874
0.566848
0.227376
0.0810312
0.0762041
0.0325312
0.104388
0.104614
0.656747
0.166114
0.159046
0.662
0.0357463
0.352319
0.270951
0.456859
0.199498
0.0129233
0.46218
0.0140614
0.248696
0.417201
0.201068
0.255062
0.0489062
0.662
0.108437
0.474983
0.245868
0.662
0.403298
0.244481
0.662
0.106592
0.0876252
0.250105
0.555974
0.0643924
0.226135
0.32972
0.350777
0.662
0.186336
0.152382
0.0565897
0.654702
0.662
0.12993
0.254975
0.662
0.635444
0.213687
0.613442
0.195485
0.0907306
0.0192986
0.387316
0.0827498
0.662
0.0584769
0.109661
0.281074
0.109158
0.27439
0.662
0.331885
0.261927
0.25049
0.662
0.138506
0.580046
0.161769
0.181545
0.362731
0.223813
0.290561
0.13706
0.014955
0.310667
0.0170391
0.0604346
0.490925
0.477173
0.408726
0.662
0.618528
0.662
0.16755
0.153521
0.662
0.550317
0.150789
0.268886
0.212451
0.137522
0.224386
0.484356
0.120924
0.662
0.083091
0.141554
0.127258
0.278511
0.265805
0.102534
0.0814109
0.662
0.37185
0.590224
0.0988497
0.662
0.0493084
0.214684
0.104803
0.0517894
0.662
0.108715
0.662
0.232126
0.15603
0.34205
0.284094
0.301002
0.235441
0.125891
0.18548
0.409808
0.594129
0.628165
0.206727
0.371889
0.0926521
0.662
0.360876
0.128277
0.0626431
0.250896
0.138006
0.410082
0.528814
0.255527
0.234701
0.467651
0.0998021
0.195237
0.0565942
0.279068
0.548582
0.509655
0.106768
0.183774
0.465249
0.511497
0.0680552
0.144809
0.065712
0.315939
0.662
0.644955
0.111431
0.0990118
0.389022
0.662
0.621254
0.0115145
0.662
0.662
0.554316
0.155314
0.0499364
0.526538
0.543271
0.349548
0.662
0.0706977
0.161523
0.137638
0.611165
0.193152
0.115661
0.0912136
0.573036
0.420811
0.129803
0.258287
0.202233
0.18373
0.506821
0.107276
0.217299
0.157627
0.134408
0.265193
0.662
0.141325
0.350974
0.0341108
0.00196681
0.662
0.111763
0.322061
0.389492
0.115047
0.226589
0.433176
0.0752965
0.0742525
0.305294
0.258187
0.17723
0.430958
0.415612
0.421789
0.227264
0.354734
0.131772
0.210644
0.558437
0.662
0.454347
0.294264
0.100454
0.0445419
0.26042
0.140154
0.334695
0.662
0.308415
0.466702
0.494179
0.084312
0.546409
0.208504
0.383363
0.662
0.440993
0.0467624
0.372311
0.144006
0.296464
0.0849787
0.614966
0.0809214
0.558204
0.339296
0.232346
0.16016
0.662
0.662
0.662
0.205977
0.0222379
0.17171
0.36354
0.0668072
0.191155
0.0189882
0.180347
0.271502
0.343935
0.0744858
0.303983
0.301539
0.200744
0.104295
0.065243
0.662
0.141759
0.254416
0.467448
0.0378985
0.290501
0.096034
0.162035
0.415162
0.662
0.146877
0.662
0.435821
0.411853
0.117719
0.331976
0.0260468
0.343027
0.197603
0.374834
0.479535
0.438602
0.571009
0.0641953
0.0551919
0.225789
0.593691
0.641469
0.119864
0.146632
0.662
0.0829195
0.26658
0.662
0.125077
0.662
0.0990525
0.113206
0.662
0.407842
0.482818
0.662
0.0599407
0.662
0.110941
0.178861
0.269669
0.223883
0.662
0.00462866
0.0587966
0.518661
0.571637
0.662
0.254705
0.0236838
0.0890919
0.622645
0.590701
0.0544462
0.20183
0.0911218
0.662
0.122005
0.302366
0.478741
0.202186
0.662
0.297888
0.656237
0.447616
0.143841
0.124151
0.662
0.26642
0.645163
0.616324
0.0954264
0.187707
0.459713
0.116082
0.662
0.260597
0.372552
0.242381
0.662
0.662
0.207361
0.615543
0.395478
0.149631
0.515368
0.299309
0.533894
0.445998
0.09685
0.662
0.0634651
0.246602
0.00956796
0.10928
0.00307962
0.662
0.533016
0.261007
0.151938
0.244092
0.415755
0.316525
0.046344
0.61873
0.611282
0.347699
0.223313
0.662
0.51014
0.0515364
0.104246
0.149922
0.190641
0.118066
0.396955
0.662
0.330192
0.446247
0.0797805
0.167695
0.24115
0.662
0.0758925
0.32861
0.154382
0.580556
0.371402
0.662
0.2942
0.0399171
0.101934
0.542365
0.321983
0.25691
0.0247448
0.263882
0.305861
0.100122
0.109054
0.123928
0.662
0.212789
0.0494856
0.20505
0.194502
0.445675
0.108682
0.0338718
0.153025
0.15686
0.662
0.248573
0.251408
0.134294
0.16332
0.378305
0.0745183
0.0937753
0.201686
0.0598439
0.662
0.183045
0.582449
0.193341
0.33816
0.662
0.0470363
0.662
0.19274
0.205208
0.547954
0.152562
0.343497
0.392033
0.332078
0.371682
0.0510088
0.662
0.126291
0.100649
0.139412
0.403928
0.126771
0.211339
0.135508
0.16852
0.114315
0.601106
0.402044
0.265218
0.109576
0.662
0.472663
0.00528111
0.108404
0.177249
0.0751152
0.0734952
0.457748
0.073165
0.245491
0.204005
0.662
0.0941614
0.120953
0.45176
0.541933
0.468914
0.0484267
0.0772675
0.373184
0.662
0.0360416
0.662
0.457304
0.537661
0.0142881
0.0638851
0.662
0.201246
0.0565131
0.123173
0.646767
0.553316
0.662
0.121041
0.0832262
0.254359
0.236707
0.662
0.53979
0.131307
0.0785826
0.042494
0.437662
0.146406
0.284928
0.662
0.062797
0.662
0.171879
0.233425
0.174596
0.625955
0.659116
0.662
0.0954768
0.0927526
0.325975
0.662
0.131631
0.231148
0.320419
0.541276
0.0066973
0.0749424
0.0776338
0.15435
0.276724
0.354108
0.0562541
0.227597
0.662
0.409919
0.170568
0.0203634
0.148275
0.312566
0.662
0.443001
0.471029
0.0420409
0.482132
0.662
0.239827
0.08497
0.584533
0.110994
0.353918
0.214533
0.157155
0.155652
0.148516
0.243356
0.296828
0.46001
0.427084
0.116411
0.106106
0.457742
0.265573
0.662
0.161971
0.582117
0.0969751
0.0467218
0.408978
0.328607
0.204676
0.472519
0.244916
0.653561
0.142087
0.068466
0.632362
0.10111
0.0600308
0.249794
0.321086
0.210642
0.115693
0.231347
0.0882398
0.0933036
0.010083
0.0131919
0.662
0.0159843
0.597656
0.105723
0.662
0.374977
0.0666429
0.662
0.0667888
0.494314
0.165015
0.0661894
0.294416
0.102888
0.0894206
0.479219
0.384012
0.406369
0.341248
0.0375564
0.0895186
0.121607
0.126431
0.29623
0.128262
0.632332
0.128275
0.512994
0.0914869
0.0852948
0.662
0.529361
0.066535
0.244289
0.0980089
0.662
0.0867839
0.506862
0.449464
0.662
0.177936
0.140055
0.427034
0.141358
0.620737
0.0851437
0.463779
0.662
0.147985
0.421625
0.362578
0.149375
0.11031
0.10137
0.363677
0.0593485
0.374876
0.011063
0.662
0.114609
0.459514
0.0721651
0.166085
0.662
0.113422
0.662
0.232312
0.341714
0.393241
0.0322365
0.281378
0.199173
0.126781
0.592241
0.210352
0.190048
0.481878
0.169906
0.33875
0.398226
0.298625
0.166182
0.170912
0.5508
0.075448
0.662
0.0491445
0.351773
0.426332
0.268992
0.459059
0.246761
0.0474029
0.662
0.213245
0.0537973
0.146492
0.141464
0.653573
0.228949
0.386048
0.662
0.355032
0.215593
0.201897
0.517944
0.22528
0.19726
0.339185
0.662
0.301704
0.662
0.0927105
0.662
0.662
0.279212
0.274714
0.268812
0.0525692
0.542252
0.425788
0.233015
0.29165
0.438132
0.483515
0.331741
0.285424
0.170216
0.411159
0.125661
0.118518
0.429565
0.566497
0.17453
0.662
0.197917
0.307715
0.0737783
0.0306234
0.0531603
0.162323
0.0880283
0.0703033
0.662
0.390843
0.145405
0.25902
0.662
0.223815
0.662
0.0729808
0.17896
0.662
0.662
0.662
0.397994
0.0613278
0.101912
0.662
0.153629
0.0663406
0.380702
0.169551
0.284294
0.662
0.551533
0.446885
0.423834
0.0247828
0.00750648
0.662
0.270107
0.362038
0.662
0.662
0.255953
0.618515
0.285402
0.384927
0.181704
0.455646
0.441691
0.233032
0.521422
0.0986611
0.378992
0.0329366
0.0688124
0.398862
0.0956574
0.662
0.248304
0.0792659
0.103574
0.373947
0.144865
0.0674643
0.182712
0.354665
0.291891
0.0616547
0.0533644
0.65905
0.00904141
0.0988626
0.148438
0.175623
0.662
0.24766
0.662
0.662
0.106593
0.588352
0.183142
0.662
0.662
0.109399
0.0102061
0.110285
0.139541
0.334503
0.278453
0.111784
0.25563
0.0844719
0.662
0.157085
0.64396
0.662
0.662
0.198719
0.556887
0.662
0.487657
0.275152
0.284397
0.125355
0.549481
0.0725316
0.488177
0.442133
0.357713
0.235051
0.0556535
0.137963
0.112332
0.0752086
0.161894
0.265628
0.089487
0.0491453
0.600056
0.560843
0.275226
0.431029
0.249359
0.00954529
0.662
0.0602656
0.662
0.27615
0.313842
0.106194
0.584015
0.206172
0.662
0.0968716
0.190866
0.153497
0.269954
0.602826
0.29138
0.51119
0.662
0.119054
0.290354
0.289543
0.662
0.135744
0.06748
0.442562
0.104723
0.662
0.139267
0.128606
0.662
0.501344
0.249961
0.190054
0.38953
0.0979456
0.276686
0.0663506
0.181784
0.299546
0.492893
0.240454
0.112848
0.501924
0.212497
0.525643
0.649865
0.583291
0.662
0.622259
0.662
0.104376
0.0850923
0.246451
0.628373
0.157101
0.662
0.4378
0.0511424
0.338522
0.109764
0.0554009
0.498156
0.103551
0.190758
0.581204
0.481811
0.0341804
0.107414
0.526934
0.405123
0.0699398
0.662
0.191767
0.662
0.101129
0.418992
0.278291
0.662
0.2771
0.662
0.271911
0.101237
0.662
0.163637
0.653419
0.0438791
0.274891
0.350438
0.181004
0.178222
0.205591
0.535366
0.0528522
0.307475
0.662
0.499004
0.32807
0.615472
0.205704
0.0831994
0.237473
0.343746
0.662
0.662
0.236608
0.0991177
0.0517494
0.24331
0.0476802
0.398227
0.379236
0.272438
0.662
0.166474
0.415492
0.148474
0.251275
0.662
0.150628
0.190497
0.0971027
0.235088
0.160198
0.662
0.0748286
0.441627
0.662
0.104831
0.0592545
0.0259982
0.601279
0.296271
0.155987
0.172163
0.205423
0.662
0.662
0.322588
0.130825
0.367976
0.134142
0.356136
0.15524
0.55012
0.127925
0.533495
0.00512144
0.662
0.456002
0.283292
0.14618
0.307072
0.47134
0.450655
0.406493
0.31403
0.304108
0.662
0.128724
0.662
0.275207
0.518663
0.125652
0.0763765
0.0244505
0.0772279
0.0761349
0.662
0.297229
0.132332
0.217507
0.535121
0.495367
0.135007
0.542818
0.156726
0.424202
0.593937
0.524923
0.0715046
0.662
0.166785
0.415128
0.0914083
0.662
0.662
0.662
0.0812107
0.390576
0.206682
0.381377
0.530462
0.0094543
0.117119
0.662
0.662
0.662
0.128934
0.135093
0.411247
0.0893304
0.341349
0.354195
0.662
0.194731
0.632979
0.496695
0.297913
0.662
0.42636
0.0305321
0.0879269
0.16783
0.0441394
0.662
0.0946145
0.662
0.662
0.0865896
0.320667
0.662
0.422227
0.180048
0.223406
0.30599
0.303024
0.0119745
0.662
0.185814
0.646568
0.177921
0.458696
0.662
0.32302
0.282894
0.327778
0.196593
0.662
0.122113
0.138095
0.217364
0.323681
0.0479754
0.530492
0.477441
0.40273
0.140486
0.662
0.662
0.199489
0.410425
0.0920028
0.457566
0.0501331
0.0384655
0.662
0.113552
0.190919
0.102849
0.563492
0.143474
0.152832
0.45948
0.285909
0.173223
0.318264
0.143974
0.457651
0.507673
0.430022
0.284941
0.349568
0.324362
0.238383
0.313268
0.053026
0.428195
0.548193
0.662
0.100086
0.209898
0.0778004
0.662
0.662
0.388797
0.0503654
0.367201
0.340147
0.101538
0.331957
0.323212
0.103485
0.51603
0.206119
0.218758
0.662
0.359604
0.500725
0.55211
0.433078
0.247515
0.521676
0.538309
0.0377152
0.662
0.152148
0.159031
0.093944
0.17285
0.662
0.523932
0.544293
0.143122
0.380294
0.662
0.662
0.177625
0.210528
0.210581
0.218206
0.393562
0.283807
0.283621
0.662
0.20063
0.113858
0.356005
0.362372
0.0647353
0.390478
0.662
0.495841
0.0167082
0.500089
0.662
0.594064
0.425061
0.550277
0.605279
0.492669
0.662
0.360842
0.30828
0.0782291
0.662
0.0449628
0.163674
0.365164
0.546215
0.523388
0.554708
0.210754
0.0492595
0.0188586
0.662
0.521416
0.421838
0.0656014
0.361892
0.202352
0.206544
0.0503277
0.0908714
0.348664
0.202501
0.115392
0.251683
0.127773
0.0995163
0.254776
0.662
0.238706
0.0914467
0.662
0.32591
0.662
0.0772999
0.595994
0.173415
0.175723
0.288393
0.303916
0.551407
0.106333
0.300554
0.107683
0.0395547
0.118826
0.113926
0.409009
0.206817
0.54137
0.112594
0.33382
0.127413
0.135893
0.261079
0.662
0.662
0.087915
0.214649
0.139867
0.307086
0.280571
0.145545
0.632918
0.39167
0.0642886
0.267016
0.37978
0.151235
0.409558
0.0832424
0.602638
0.406187
0.182064
0.321136
0.212835
0.662
0.218418
0.0652878
0.461658
0.291807
0.411629
0.090087
0.0698757
0.161635
0.502626
0.502761
0.34275
0.662
0.158924
0.366209
0.192566
0.596889
0.662
0.0519457
0.139476
0.662
0.358593
0.0118811
0.182419
0.500786
0.208414
0.327153
0.193644
0.189822
0.662
0.0332457
0.0831836
0.195834
0.204669
0.103561
0.11922
0.120439
0.662
0.326659
0.662
0.662
0.106788
0.394716
0.0923776
0.143361
0.257228
0.398174
0.0592327
0.319216
0.503696
0.560412
0.129873
0.323326
0.0872345
0.22806
0.140919
0.246361
0.224512
0.249586
0.380217
0.0835554
0.662
0.182527
0.0767513
0.662
0.0199986
0.21173
0.0671095
0.662
0.274256
0.28428
0.0774854
0.662
0.183057
0.17722
0.0759232
0.0759121
0.0596804
0.272467
0.454374
0.662
0.328339
0.21867
0.407934
0.385799
0.18349
0.35836
0.166252
0.0334518
0.114933
0.662
0.12245
0.662
0.118429
0.327436
0.127419
0.209868
0.082062
0.107108
0.287636
0.34525
0.273492
0.120588
0.15143
0.112285
0.0715331
0.662
0.108387
0.195489
0.136394
0.130935
0.662
0.172647
0.662
0.531293
0.0571311
0.492809
0.343126
0.61548
0.176231
0.273203
0.131019
0.038953
0.199353
0.271626
0.271564
0.301687
0.568295
0.110069
0.0990656
0.0839401
0.0697948
0.100092
0.500948
0.166029
0.432903
0.361243
0.47109
0.0985165
0.437944
0.08307
0.0789623
0.114056
0.297113
0.213754
0.0813508
0.317324
0.18117
0.190184
0.379362
0.106866
0.662
0.662
0.454527
0.576825
0.42167
0.186575
0.510139
0.662
0.198452
0.140815
0.0728072
0.659595
0.1856
0.221809
0.0704215
0.260607
0.138375
0.210282
0.184777
0.44388
0.662
0.063776
0.662
0.0712015
0.154511
0.662
0.662
0.0345782
0.463642
0.285315
0.0204515
0.388779
0.464819
0.166725
0.451068
0.0865659
0.0974656
0.322822
0.0469541
0.0176077
0.120968
0.0499677
0.561996
0.224773
0.239083
0.125549
0.273164
0.559236
0.223654
0.0795699
0.226404
0.024563
0.532516
0.075118
0.444635
0.220343
0.662
0.0676066
0.127658
0.662
0.239505
0.662
0.194029
0.279974
0.207849
0.232102
0.062139
0.0438885
0.0365747
0.0116048
0.236904
0.368089
0.157269
0.050511
0.281182
0.0888414
0.0535904
0.0518523
0.592298
0.246739
0.138596
0.0704297
0.154257
0.188184
0.605892
0.0595871
0.123261
0.0746611
0.0519072
0.185568
0.20938
0.662
0.14263
0.129776
0.123327
0.135602
0.396272
0.533537
0.620461
0.0752893
0.197026
0.172763
0.167954
0.114162
0.435217
0.580671
0.0626094
0.233452
0.277968
0.447465
0.0920994
0.344418
0.662
0.206333
0.568339
0.139969
0.540696
0.046415
0.279627
0.236352
0.100231
0.653758
0.243626
0.305882
0.122524
0.147217
0.493535
0.115977
0.264399
0.298724
0.0442481
0.662
0.0817575
0.116624
0.15462
0.15277
0.526289
0.48422
0.114813
0.509201
0.555256
0.150178
0.408367
0.662
0.662
0.0388581
0.323739
0.200597
0.123398
0.174697
0.0479974
0.0863277
0.662
0.662
0.662
0.458616
0.662
0.24167
0.104453
0.316673
0.472806
0.206063
0.122783
0.0876397
0.0297507
0.662
0.662
0.662
0.134657
0.220293
0.227374
0.233768
0.128968
0.0384735
0.662
0.0753968
0.451224
0.125257
0.245386
0.177256
0.622356
0.411979
0.280358
0.648595
0.428821
0.0756652
0.0377005
0.204669
0.426986
0.550148
0.0771056
0.0924807
0.564295
0.119791
0.172697
0.335864
0.322418
0.662
0.662
0.114044
0.0812389
0.0968584
0.504748
0.445184
0.155679
0.167528
0.0384047
0.291332
0.322154
0.192275
0.500481
0.111445
0.185082
0.246299
0.0124372
0.00689371
0.158008
0.164668
0.546355
0.125898
0.431429
0.404816
0.0647427
0.42204
0.0806548
0.204106
0.573673
0.367849
0.652456
0.427266
0.662
0.159381
0.662
0.119559
0.610817
0.181441
0.284953
0.0787226
0.336548
0.0862992
0.213153
0.298271
0.662
0.354836
0.175803
0.623434
0.343574
0.32288
0.131921
0.273733
0.0603459
0.0653397
0.337125
0.274895
0.307653
0.662
0.247114
0.275671
0.204092
0.253489
0.220709
0.0454159
0.558242
0.411783
0.119206
0.0730664
0.662
0.662
0.134182
0.363026
0.147769
0.070492
0.585794
0.0879053
0.195805
0.0579609
0.0955128
0.425088
0.114892
0.00333547
0.0644693
0.662
0.326745
0.509998
0.662
0.662
0.0845923
0.330111
0.662
0.461435
0.494182
0.384871
0.662
0.303596
0.662
0.336761
0.183634
0.0768911
0.662
0.121188
0.157459
0.41175
0.428436
0.0461203
0.620783
0.152822
0.176501
0.1254
0.291558
0.280119
0.0688563
0.0913851
0.295143
0.48832
0.276492
0.236905
0.471774
0.107149
0.662
0.35997
0.414394
0.154958
0.0974956
0.227793
0.22693
0.662
0.201572
0.662
0.0347005
0.153157
0.563087
0.427712
0.269164
0.0814816
0.0437393
0.458093
0.122175
0.138524
0.274776
0.111652
0.0502504
0.197042
0.573914
0.0979329
0.662
0.14821
0.0597522
0.129657
0.070156
0.41917
0.662
0.136105
0.447298
0.63651
0.0412654
0.662
0.296753
0.662
0.662
0.662
0.662
0.632231
0.100384
0.0601151
0.662
0.263074
0.662
0.437789
0.239422
0.268081
0.594545
0.241182
0.212459
0.0818676
0.10963
0.155187
0.210058
0.143747
0.0813168
0.435725
0.451959
0.0644286
0.0635848
0.211983
0.138254
0.662
0.514955
0.662
0.388598
0.120652
0.244021
0.251361
0.662
0.0564221
0.0691189
0.334794
0.111129
0.140738
0.662
0.239137
0.644389
0.662
0.322335
0.114577
0.0841088
0.161671
0.222598
0.273908
0.37905
0.662
0.0754181
0.204957
0.0583727
0.130643
0.459763
0.0899602
0.358034
0.653666
0.617652
0.182605
0.562759
0.14666
0.141654
0.660642
0.155355
0.220631
0.0591891
0.255507
0.426223
0.662
0.195767
0.319706
0.499577
0.662
0.461193
0.352316
0.265667
0.0979169
0.122718
0.662
0.251238
0.109501
0.313071
0.147732
0.662
0.284146
0.302646
0.0568293
0.145745
0.211717
0.449509
0.662
0.0350068
0.332107
0.482694
0.236482
0.19295
0.289527
0.187842
0.101299
0.067067
0.147104
0.291075
0.252713
0.0457292
0.124434
0.133777
0.583431
0.242202
0.10882
0.0805295
0.662
0.212246
0.662
0.149223
0.173643
0.120439
0.0850738
0.632374
0.19271
0.294976
0.620459
0.662
0.503933
0.292561
0.260498
0.662
0.315701
0.0994265
0.209575
0.5312
0.105143
0.329801
0.414292
0.207515
0.00361625
0.0686773
0.662
0.104336
0.662
0.0713238
0.0775345
0.0517578
0.448227
0.0102452
0.288116
0.0780976
0.315782
0.187558
0.0730987
0.662
0.128463
0.622704
0.22086
0.0512847
0.662
0.237783
0.302397
0.0208256
0.662
0.454943
0.132131
0.0313885
0.18426
0.226975
0.114342
0.662
0.133903
0.662
0.217695
0.333038
0.662
0.503291
0.113812
0.253826
0.590271
0.243902
0.662
0.17886
0.0168656
0.0546852
0.339896
0.251155
0.140909
0.369348
0.340018
0.219354
0.151138
0.13995
0.461117
0.24016
0.0241416
0.0751334
0.124457
0.0657519
0.28936
0.261378
0.662
0.662
0.0836259
0.00880649
0.316453
0.247625
0.662
0.662
0.563905
0.662
0.25269
0.662
0.110925
0.221685
0.555687
0.00211473
0.0681967
0.115423
0.209088
0.0631456
0.31791
0.160755
0.546468
0.286018
0.127856
0.118522
0.108215
0.440123
0.377927
0.102455
0.105132
0.139933
0.428565
0.564282
0.14903
0.188212
0.153803
0.662
0.113927
0.102712
0.145869
0.145159
0.406751
0.0418887
0.0453288
0.63167
0.13755
0.662
0.263371
0.134624
0.662
0.161191
0.358069
0.227683
0.113194
0.0637442
0.473397
0.105378
0.205025
0.497981
0.3102
0.323876
0.0128205
0.0180116
0.476498
0.082183
0.197545
0.406774
0.216706
0.123293
0.438563
0.370669
0.388728
0.0482634
0.155421
0.183955
0.662
0.139286
0.0870042
0.257715
0.591376
0.190667
0.108091
0.220953
0.527879
0.662
0.0171479
0.05549
0.379608
0.0637397
0.541695
0.146347
0.0739491
0.188439
0.452185
0.588508
0.425244
0.268572
0.662
0.46903
0.0405277
0.662
0.560766
0.445528
0.325496
0.102633
0.337205
0.142417
0.249297
0.079023
0.297905
0.337881
0.185267
0.28405
0.113806
0.404866
0.104157
0.179734
0.233018
0.0166628
0.403938
0.508431
0.0562201
0.17254
0.320257
0.136361
0.275113
0.662
0.128193
0.139915
0.242563
0.134553
0.13383
0.368445
0.225503
0.388207
0.193217
0.280154
0.0974063
0.358358
0.0835495
0.326564
0.248073
0.409668
0.135459
0.0963193
0.170307
0.117763
0.662
0.360963
0.299421
0.397871
0.662
0.278449
0.662
0.239787
0.10349
0.0765129
0.338488
0.126537
0.63873
0.320687
0.173942
0.365426
0.291
0.41599
0.216039
0.136609
0.188451
0.289063
0.579618
0.0758493
0.0611156
0.136892
0.211587
0.0297929
0.26109
0.662
0.358308
0.401872
0.254139
0.570075
0.112477
0.159725
0.0608931
0.467284
0.4526
0.338895
0.662
0.662
0.576563
0.662
0.0781695
0.242166
0.104895
0.13538
0.200786
0.488437
0.506155
0.373468
0.233862
0.134052
0.662
0.121702
0.398236
0.302631
0.415727
0.223819
0.274531
0.662
0.139097
0.393732
0.085567
0.662
0.379656
0.100293
0.485323
0.247135
0.222871
0.025223
0.662
0.605754
0.0769746
0.5145
0.299537
0.0478098
0.214552
0.376699
0.0518547
0.0800785
0.101967
0.511212
0.0887185
0.22544
0.662
0.360438
0.477777
0.21928
0.221478
0.0857732
0.262376
0.0834204
0.662
0.093125
0.0506709
0.0485099
0.0311197
0.0669215
0.0766418
0.380623
0.0598644
0.133898
0.555805
0.45295
0.0609722
0.412076
0.263223
0.116347
0.389893
0.042927
0.137567
0.662
0.424714
0.655215
0.0814444
0.157764
0.203955
0.289604
0.155586
0.108755
0.0666314
0.510265
0.0790775
0.0596424
0.217381
0.411905
0.070205
0.650295
0.0692199
0.119106
0.662
0.662
0.0112215
0.357977
0.307079
0.058016
0.633293
0.43103
0.382062
0.646324
0.632505
0.173549
0.261812
0.350961
0.662
0.133233
0.374699
0.465446
0.390425
0.0255304
0.0774935
0.122268
0.662
0.292319
0.662
0.393576
0.111189
0.400647
0.451719
0.395595
0.0634201
0.662
0.208963
0.259475
0.131051
0.240621
0.190859
0.131219
0.316963
0.379991
0.662
0.0123285
0.123156
0.277499
0.629472
0.0231273
0.310848
0.169045
0.0735605
0.403508
0.347714
0.389382
0.231386
0.662
0.510395
0.343445
0.381332
0.379728
0.396008
0.167086
0.12694
0.0798493
0.544263
0.38725
0.662
0.662
0.374233
0.343891
0.375328
0.662
0.662
0.233834
0.61074
0.211986
0.117831
0.245313
0.090016
0.339321
0.269827
0.382886
0.662
0.39954
0.48397
0.662
0.0291358
0.191155
0.160253
0.374489
0.0681781
0.0956699
0.128123
0.145723
0.245077
0.128663
0.459188
0.244869
0.594262
0.0434676
0.426575
0.109221
0.25144
0.0437989
0.347342
0.442575
0.136318
0.208233
0.182422
0.158182
0.0702544
0.159202
0.138839
0.275773
0.0681006
0.135728
0.662
0.0443659
0.267523
0.0473773
0.354257
0.323817
0.662
0.662
0.0661758
0.0749577
0.20201
0.258312
0.662
0.0907174
0.662
0.40754
0.0768233
0.662
0.4703
0.662
0.204542
0.366783
0.579629
0.185501
0.662
0.335589
0.0952339
0.0625096
0.202004
0.132414
0.117544
0.264566
0.562176
0.232764
0.662
0.392107
0.173043
0.105254
0.662
0.104253
0.105138
0.147136
0.129088
0.644727
0.662
0.178668
0.109061
0.187702
0.480975
0.584779
0.420621
0.662
0.0476463
0.550727
0.50871
0.334192
0.321557
0.464018
0.541768
0.169361
0.401695
0.35593
0.0748349
0.258784
0.662
0.0624972
0.22968
0.333086
0.270139
0.627712
0.662
0.227562
0.281407
0.477841
0.0909105
0.031869
0.662
0.40813
0.662
0.0690634
0.656847
0.272139
0.444459
0.193894
0.101708
0.203044
0.332313
0.209957
0.538865
0.312825
0.293075
0.300036
0.28041
0.0466522
0.0877952
0.0880684
0.190735
0.247831
0.117442
0.126117
0.18291
0.0732005
0.248559
0.136231
0.289085
0.414568
0.662
0.632909
0.662
0.491328
0.464136
0.0452263
0.0925701
0.662
0.662
0.133454
0.233306
0.0765423
0.226235
0.0914853
0.385772
0.662
0.111141
0.443948
0.23189
0.516062
0.188029
0.081857
0.114396
0.188186
0.555462
0.11613
0.114364
0.119346
0.417414
0.662
0.353254
0.143808
0.203288
0.284001
0.122803
0.076514
0.134608
0.0879641
0.133743
0.228435
0.125719
0.662
0.662
0.0711685
0.237623
0.278814
0.0802198
0.62771
0.382085
0.113114
0.51385
0.662
0.249802
0.273971
0.23512
0.18604
0.200788
0.310532
0.167094
0.662
0.35586
0.301536
0.100935
0.0367156
0.302361
0.18164
0.324583
0.521653
0.309956
0.317759
0.110023
0.662
0.0468225
0.662
0.178651
0.54036
0.378491
0.126138
0.356982
0.187408
0.117082
0.558468
0.470124
0.261394
0.662
0.323845
0.173309
0.111369
0.226758
0.596239
0.240476
0.319138
0.374551
0.629808
0.036441
0.423423
0.257293
0.177663
0.0974424
0.248482
0.12338
0.0895055
0.395948
0.150838
0.457481
0.228641
0.395981
0.662
0.227052
0.193337
0.662
0.233557
0.662
0.662
0.0608069
0.236913
0.0657139
0.244009
0.402748
0.0621473
0.381205
0.0758532
0.289246
0.101146
0.0945208
0.0738581
0.388219
0.0661821
0.489394
0.662
0.662
0.275529
0.313363
0.100744
0.662
0.432241
0.154307
0.0840681
0.233667
0.662
0.05846
0.662
0.332526
0.0611344
0.196954
0.0556118
0.0495626
0.178199
0.336335
0.332303
0.349446
0.662
0.303237
0.548812
0.092119
0.0662436
0.275632
0.662
0.11863
0.603401
0.0746476
0.396516
0.484861
0.0672651
0.35959
0.398451
0.205238
0.324369
0.246688
0.129496
0.318436
0.08471
0.272887
0.123534
0.400887
0.0872705
0.41706
0.140779
0.484601
0.662
0.662
0.11084
0.0387252
0.0590854
0.14696
0.637107
0.662
0.417028
0.662
0.121464
0.662
0.662
0.156722
0.662
0.662
0.0758434
0.662
0.239988
0.369226
0.0996341
0.583614
0.662
0.462403
0.445329
0.662
0.126341
0.559318
0.116848
0.398073
0.133548
0.0810905
0.0697931
0.220632
0.00172245
0.493894
0.0823968
0.559274
0.303637
0.319302
0.662
0.0638792
0.307202
0.327326
0.0233709
0.200601
0.400447
0.240638
0.265579
0.0897197
0.464335
0.308123
0.112447
0.246412
0.596601
0.128512
0.584471
0.149386
0.219056
0.32888
0.662
0.467754
0.122162
0.393061
0.0150057
0.11006
0.211098
0.267845
0.415338
0.415046
0.5126
0.403505
0.293747
0.59847
0.17326
0.410521
0.662
0.144786
0.11981
0.133396
0.464728
0.234721
0.662
0.374495
0.168465
0.203936
0.420664
0.346202
0.254842
0.620247
0.197569
0.351833
0.215947
0.568894
0.134335
0.0926107
0.217926
0.0417968
0.32629
0.662
0.251997
0.30736
0.0859112
0.457519
0.372695
0.179807
0.165847
0.662
0.362464
0.662
0.103062
0.0454431
0.516613
0.489654
0.313417
0.425706
0.662
0.662
0.021996
0.078708
0.319453
0.161546
0.402293
0.0892634
0.662
0.447787
0.219241
0.647084
0.0872187
0.254781
0.384283
0.176718
0.224204
0.423729
0.181007
0.0617522
0.040105
0.373154
0.102328
0.275209
0.662
0.319171
0.662
0.212101
0.0585115
0.417124
0.662
0.255968
0.110394
0.15906
0.17607
0.565658
0.142498
0.143835
0.460959
0.662
0.102034
0.258714
0.1698
0.662
0.143719
0.0604519
0.661778
0.254823
0.658563
0.662
0.0514773
0.113431
0.662
0.104359
0.662
0.0454434
0.165087
0.662
0.45266
0.364484
0.420575
0.617391
0.228204
0.186627
0.273998
0.583923
0.100333
0.105337
0.188278
0.388255
0.512665
0.347585
0.0546108
0.494178
0.256487
0.364331
0.271309
0.662
0.421202
0.662
0.369151
0.0460195
0.0988808
0.169142
0.118442
0.662
0.235903
0.128135
0.165783
0.50877
0.211099
0.655679
0.126957
0.484011
0.259014
0.145309
0.662
0.136857
0.0728285
0.121934
0.335593
0.0675685
0.426768
0.361584
0.569147
0.0808464
0.398096
0.244984
0.642546
0.414069
0.467275
0.0220184
0.0233072
0.104288
0.131169
0.140243
0.241465
0.112214
0.0779293
0.586171
0.0991816
0.107708
0.0870957
0.128588
0.662
0.0364574
0.190267
0.229163
0.239014
0.264209
0.139382
0.0644945
0.0736092
0.0184826
0.443682
0.116788
0.152683
0.497523
0.120441
0.246959
0.0450143
0.662
0.177798
0.339258
0.390197
0.0828909
0.311259
0.203573
0.38527
0.184823
0.0799917
0.34817
0.161039
0.516407
0.202077
0.073268
0.00894106
0.101749
0.175959
0.0879686
0.105238
0.0420647
0.271719
0.662
0.0224607
0.354821
0.119109
0.0446053
0.175784
0.112109
0.500573
0.662
0.609176
0.552586
0.106165
0.550493
0.0576917
0.0618402
0.477965
0.119447
0.317123
0.641149
0.252078
0.147009
0.153472
0.0934298
0.0913718
0.387733
0.526599
0.47528
0.281992
0.662
0.00336586
0.527303
0.182013
0.290567
0.109356
0.476256
0.107897
0.401853
0.0552342
0.101235
0.126818
0.151565
0.662
0.12894
0.0617135
0.177109
0.0248322
0.298407
0.161989
0.208945
0.32129
0.662
0.388852
0.187649
0.0996367
0.0707545
0.0551142
0.442206
0.238609
0.270659
0.253113
0.188664
0.214974
0.0521393
0.229574
0.2857
0.652766
0.621763
0.461848
0.431208
0.662
0.11122
0.197534
0.0519325
0.0679684
0.349389
0.185303
0.0880663
0.286181
0.350213
0.140484
0.326821
0.231294
0.229913
0.183831
0.135214
0.204093
0.39006
0.217816
0.662
0.343345
0.130115
0.231749
0.246503
0.662
0.0879003
0.0768141
0.508609
0.284041
0.0534563
0.284893
0.111253
0.0512229
0.107139
0.25736
0.172812
0.0674994
0.0974238
0.110536
0.521471
0.126978
0.435639
0.111752
0.324486
0.313649
0.0540598
0.359744
0.662
0.0917915
0.0413229
0.127104
0.279242
0.433185
0.0617807
0.147452
0.662
0.201573
0.0363177
0.085088
0.263996
0.662
0.662
0.197556
0.662
0.289019
0.0764388
0.565031
0.386156
0.366045
0.10761
0.291589
0.662
0.21476
0.36067
0.6613
0.087928
0.163417
0.0822807
0.470949
0.064554
0.142868
0.101735
0.624691
0.303631
0.277753
0.378241
0.240988
0.662
0.0145045
0.0718317
0.662
0.0426956
0.376959
0.338102
0.0768519
0.135733
0.0541824
0.114706
0.662
0.0679059
0.662
0.468902
0.26088
0.136149
0.297283
0.521729
0.043164
0.341968
0.179879
0.644616
0.0470603
0.2083
0.250102
0.234294
0.181116
0.15729
0.156258
0.330732
0.451575
0.494132
0.199118
0.0613129
0.171267
0.341653
0.0644618
0.377956
0.0551016
0.167529
0.158175
0.183563
0.0911835
0.209629
0.361883
0.662
0.662
0.236447
0.662
0.171456
0.102444
0.232465
0.0604828
0.1884
0.662
0.349711
0.485561
0.662
0.282128
0.391643
0.0719554
0.245499
0.222821
0.342949
0.0768954
0.616288
0.210411
0.0889439
0.249158
0.499408
0.444494
0.393332
0.201553
0.178101
0.0486559
0.662
0.662
0.504528
0.662
0.0912248
0.0942179
0.582325
0.241114
0.0476318
0.662
0.349979
0.255328
0.0142001
0.189853
0.602995
0.134768
0.324945
0.25594
0.532529
0.148113
0.341506
0.132868
0.531391
0.662
0.119108
0.538738
0.662
0.555496
0.193638
0.252405
0.0336735
0.0692577
0.138818
0.324029
0.187131
0.662
0.260316
0.12783
0.210035
0.161977
0.311818
0.225475
0.239795
0.0902112
0.0155824
0.155168
0.267341
0.305112
0.408277
0.662
0.662
0.248713
0.0792185
0.662
0.432084
0.236122
0.0471755
0.662
0.662
0.167754
0.147059
0.072825
0.635161
0.111864
0.320481
0.662
0.282806
0.317173
0.0394992
0.304463
0.662
0.40034
0.00432402
0.662
0.526264
0.0663467
0.0896093
0.199894
0.662
0.0309759
0.0385841
0.502528
0.137731
0.621792
0.662
0.239607
0.662
0.474519
0.080094
0.631443
0.662
0.0645227
0.232368
0.556798
0.234273
0.2939
0.225123
0.195353
0.662
0.21524
0.159822
0.397389
0.285871
0.271663
0.098564
0.662
0.463006
0.662
0.311529
0.662
0.505688
0.0410684
0.0769088
0.478445
0.587081
0.662
0.273268
0.0965311
0.317603
0.172298
0.169538
0.662
0.548445
0.449585
0.286774
0.550708
0.089924
0.149335
0.151488
0.248385
0.368659
0.55502
0.231411
0.453813
0.607987
0.480303
0.205362
0.141744
0.143335
0.662
0.44085
0.280016
0.445714
0.662
0.0347688
0.0812123
0.662
0.662
0.538418
0.504896
0.662
0.626018
0.152397
0.662
0.662
0.429361
0.307565
0.192539
0.492261
0.364645
0.0217112
0.196726
0.155304
0.0946927
0.392637
0.52602
0.173119
0.262218
0.157572
0.115714
0.430718
0.0563001
0.262847
0.274711
0.662
0.106977
0.309906
0.569103
0.129997
0.514812
0.572841
0.057223
0.0938771
0.0504251
0.329454
0.0748625
0.0846229
0.304671
0.0482123
0.169177
0.655225
0.662
0.0969893
0.662
0.136463
0.662
0.662
0.22558
0.662
0.0655389
0.286819
0.619621
0.105508
0.110184
0.474019
0.228246
0.177525
0.0572644
0.108999
0.13696
0.125525
0.188015
0.260562
0.273758
0.057727
0.203093
0.220099
0.662
0.346826
0.255352
0.117735
0.265185
0.381675
0.122189
0.469136
0.36293
0.124273
0.197212
0.173856
0.662
0.0898199
0.354343
0.65914
0.197472
0.296903
0.650988
0.232195
0.201627
0.662
0.0870438
0.362885
0.454967
0.409123
0.277518
0.0062354
0.187656
0.383258
0.276582
0.181734
0.341749
0.249129
0.157615
0.164772
0.314423
0.662
0.409122
0.117476
0.101334
0.343124
0.0143213
0.24705
0.662
0.0687337
0.333195
0.312626
0.165736
0.157252
0.0677501
0.226216
0.126888
0.593995
0.617394
0.198671
0.491597
0.266115
0.594284
0.338131
0.436215
0.656164
0.165475
0.524663
0.0855694
0.662
0.416931
0.371657
0.58284
0.0838813
0.662
0.564807
0.662
0.0838768
0.0186596
0.207084
0.585754
0.457024
0.662
0.240044
0.657865
0.0673429
0.363603
0.0968994
0.662
0.654193
0.144052
0.189309
0.662
0.662
0.200474
0.205375
0.662
0.0424515
0.661436
0.122588
0.0993496
0.373817
0.335296
0.329469
0.566211
0.662
0.0887327
0.158043
0.143697
0.662
0.146176
0.0718017
0.402929
0.433206
0.662
0.662
0.281567
0.662
0.662
0.05166
0.662
0.601324
0.245228
0.0701512
0.459488
0.194777
0.601945
0.24696
0.0671442
0.100642
0.662
0.292894
0.569074
0.0595327
0.468406
0.324398
0.287785
0.0508983
0.362481
0.392986
0.468726
0.662
0.265473
0.21219
0.635884
0.0724019
0.414057
0.450397
0.273396
0.156528
0.563626
0.155755
0.481093
0.414483
0.4361
0.134502
0.245922
0.131853
0.382616
0.0563104
0.109764
0.23671
0.617122
0.265095
0.328545
0.292521
0.160961
0.0966391
0.57499
0.290172
0.148534
0.379807
0.240468
0.137333
0.0983203
0.065819
0.548923
0.662
0.0258474
0.113987
0.265914
0.422843
0.0851468
0.55058
0.21964
0.493911
0.100284
0.26278
0.0542123
0.256316
0.125563
0.154213
0.161942
0.556888
0.516859
0.107269
0.048266
0.525567
0.539686
0.114681
0.419552
0.662
0.0634406
0.106417
0.0799627
0.196794
0.577608
0.662
0.109736
0.662
0.119087
0.171169
0.0484289
0.0728935
0.0603677
0.056257
0.101146
0.46488
0.410247
0.00801582
0.0974686
0.105649
0.108164
0.058883
0.0949166
0.662
0.287818
0.130607
0.0806688
0.0651775
0.0754687
0.662
0.0444452
0.0481595
0.175592
0.09572
0.352585
0.192012
0.430737
0.102144
0.662
0.322379
0.201303
0.191033
0.472684
0.662
0.474163
0.192712
0.0176311
0.407445
0.475395
0.0629622
0.550965
0.00808678
0.662
0.444803
0.102226
0.662
0.237702
0.135569
0.0222174
0.353109
0.214966
0.548168
0.458366
0.378789
0.482004
0.370638
0.251691
0.303734
0.590969
0.176586
0.0479075
0.191666
0.046711
0.0751798
0.662
0.131604
0.606418
0.662
0.148904
0.568097
0.201525
0.662
0.157319
0.328548
0.517822
0.125736
0.057109
0.115331
0.410026
0.0318204
0.413858
0.190856
0.367168
0.282554
0.293998
0.224985
0.115535
0.23996
0.129225
0.215508
0.111471
0.175557
0.0772448
0.316532
0.662
0.662
0.165507
0.123201
0.268035
0.0174753
0.477787
0.176905
0.0785458
0.385429
0.271679
0.504877
0.274203
0.0614806
0.470557
0.662
0.0044912
0.441473
0.083757
0.136168
0.524694
0.189235
0.662
0.662
0.175197
0.44823
0.305978
0.158885
0.549101
0.249208
0.662
0.162061
0.662
0.340619
0.602983
0.138945
0.152042
0.348139
0.199291
0.662
0.159406
0.617363
0.241312
0.273063
0.572805
0.443154
0.089012
0.260118
0.248317
0.293478
0.437715
0.137271
0.652741
0.635249
0.662
