0.242301
0.191698
0.290429
0.0962245
0.315498
0.383622
0.662
0.138301
0.0494223
0.0825643
0.240422
0.264081
0.0441008
0.662
0.16076
0.40842
0.122791
0.353732
0.101833
0.287289
0.269521
0.24451
0.233434
0.130291
0.662
0.343191
0.662
0.662
0.256709
0.399489
0.546026
0.0886476
0.0864677
0.366845
0.448811
0.0139505
0.127377
0.25841
0.376689
0.192166
0.0848457
0.662
0.662
0.140516
0.304485
0.427319
0.377266
0.111638
0.138862
0.662
0.662
0.283954
0.196645
0.662
0.59579
0.110452
0.662
0.370801
0.662
0.167754
0.136805
0.186014
0.662
0.116922
0.169938
0.368949
0.0779078
0.131634
0.662
0.658372
0.477412
0.177005
0.318328
0.0694521
0.662
0.47041
0.434193
0.233594
0.366442
0.0825421
0.230727
0.213958
0.514907
0.119487
0.228079
0.0638923
0.662
0.101517
0.0895201
0.167988
0.0869815
0.11214
0.125345
0.117429
0.236564
0.660017
0.244924
0.3132
0.24254
0.576383
0.114111
0.193587
0.273044
0.0599368
0.351767
0.119667
0.25387
0.461346
0.0904339
0.0506974
0.662
0.399247
0.160035
0.128216
0.463485
0.662
0.633391
0.0755878
0.230443
0.180192
0.144798
0.662
0.097507
0.662
0.211
0.190271
0.476086
0.217871
0.662
0.431947
0.51171
0.662
0.290188
0.662
0.14117
0.186756
0.161468
0.344147
0.379339
0.224576
0.241794
0.134026
0.196551
0.327923
0.350105
0.520956
0.0724896
0.138388
0.107934
0.102376
0.614206
0.415454
0.24828
0.0759151
0.662
0.440187
0.136698
0.209345
0.171255
0.174089
0.662
0.0469234
0.662
0.169116
0.222811
0.662
0.273781
0.09981
0.625807
0.662
0.204103
0.132023
0.662
0.223875
0.144171
0.662
0.552317
0.310887
0.662
0.662
0.560912
0.104772
0.31045
0.184248
0.466181
0.662
0.067039
0.256588
0.221007
0.0742831
0.662
0.109229
0.152221
0.403471
0.141618
0.250914
0.0661787
0.0466296
0.662
0.217847
0.0554868
0.148481
0.0104209
0.245076
0.662
0.112051
0.151908
0.109046
0.629089
0.662
0.662
0.527945
0.146226
0.0980822
0.216617
0.0353408
0.426106
0.662
0.0885169
0.660892
0.662
0.0662345
0.456271
0.113748
0.226057
0.0159425
0.0918036
0.190262
0.101796
0.0963978
0.16578
0.160174
0.27793
0.233901
0.570178
0.221099
0.312735
0.637879
0.133853
0.12711
0.655189
0.394331
0.662
0.662
0.107319
0.662
0.147694
0.484494
0.461623
0.408561
0.662
0.268784
0.580828
0.662
0.578274
0.172863
0.233389
0.203325
0.354587
0.345515
0.108967
0.189112
0.00454743
0.189287
0.249261
0.244403
0.662
0.0490917
0.0605695
0.605079
0.340189
0.104437
0.257664
0.137396
0.648533
0.033287
0.168588
0.662
0.662
0.216405
0.517644
0.606775
0.160244
0.662
0.0863369
0.212129
0.662
0.156493
0.162407
0.662
0.276784
0.0757442
0.269378
0.479112
0.0369559
0.37393
0.662
0.0875401
0.299076
0.12244
0.662
0.176698
0.0910768
0.249919
0.509563
0.02023
0.662
0.662
0.491513
0.159622
0.0594103
0.419734
0.25899
0.136229
0.360772
0.604921
0.287947
0.103697
0.0644579
0.662
0.179178
0.142059
0.515892
0.0947419
0.259094
0.299892
0.194058
0.120173
0.469176
0.156852
0.327112
0.0231653
0.343472
0.605549
0.152155
0.662
0.0405714
0.395018
0.471435
0.092118
0.0471187
0.292143
0.322395
0.442208
0.662
0.662
0.0924526
0.373236
0.662
0.197489
0.0719486
0.074861
0.662
0.22606
0.225959
0.102767
0.238065
0.15872
0.478914
0.206299
0.145418
0.189809
0.364884
0.287487
0.0973005
0.0671537
0.662
0.0696359
0.191761
0.662
0.136567
0.662
0.0708053
0.193013
0.216001
0.216975
0.18679
0.662
0.0586279
0.25455
0.130147
0.255197
0.362641
0.217603
0.200618
0.243737
0.174754
0.662
0.0493462
0.0993788
0.662
0.244501
0.0403769
0.185466
0.033742
0.661561
0.13561
0.662
0.0528898
0.662
0.662
0.114347
0.249657
0.662
0.189997
0.473175
0.146153
0.244788
0.112855
0.473922
0.161738
0.132678
0.227684
0.662
0.662
0.503102
0.47422
0.225488
0.210735
0.662
0.093938
0.210205
0.662
0.0207831
0.662
0.250693
0.135004
0.20276
0.290625
0.627896
0.162174
0.616297
0.662
0.219261
0.0355318
0.536593
0.0922868
0.662
0.258402
0.243053
0.177024
0.351174
0.18773
0.340033
0.33216
0.662
0.0219917
0.117726
0.467998
0.378058
0.662
0.309439
0.662
0.106372
0.573472
0.375964
0.434052
0.141914
0.479613
0.662
0.123338
0.662
0.316894
0.190464
0.223802
0.441881
0.348204
0.123267
0.0467455
0.470779
0.184579
0.35361
0.175598
0.156395
0.267262
0.662
0.662
0.435176
0.614166
0.394076
0.101712
0.51972
0.0562177
0.662
0.662
0.501761
0.647407
0.410591
0.452955
0.662
0.662
0.386062
0.291372
0.64088
0.662
0.150363
0.229476
0.219522
0.0969177
0.0988102
0.341905
0.229436
0.346895
0.662
0.283653
0.0802262
0.057771
0.662
0.0959686
0.137958
0.134049
0.0919561
0.443716
0.201769
0.662
0.210671
0.210928
0.0821544
0.662
0.662
0.449419
0.206506
0.584458
0.373553
0.198289
0.0963856
0.0964824
0.38332
0.419723
0.488495
0.458829
0.662
0.165261
0.662
0.0872993
0.662
0.418954
0.202408
0.395439
0.217987
0.399627
0.201087
0.430438
0.0745772
0.662
0.662
0.0659498
0.22217
0.19493
0.0794349
0.357879
0.595041
0.371936
0.307485
0.177234
0.300003
0.662
0.357072
0.105121
0.207444
0.185689
0.152689
0.0959419
0.100513
0.662
0.174371
0.0451483
0.161832
0.0632998
0.504562
0.111533
0.662
0.662
0.00673131
0.0615673
0.137121
0.287581
0.169314
0.239271
0.162281
0.581351
0.0993018
0.488167
0.343081
0.0687994
0.0930538
0.242696
0.579374
0.471061
0.334907
0.101999
0.61896
0.212116
0.269338
0.298563
0.524545
0.662
0.572543
0.371023
0.662
0.151486
0.493898
0.198086
0.564716
0.265353
0.141142
0.182978
0.662
0.146412
0.010016
0.123809
0.249965
0.295786
0.199581
0.348769
0.180684
0.36925
0.114885
0.0797684
0.117188
0.212632
0.314907
0.208091
0.629375
0.062091
0.610433
0.0839946
0.098738
0.229602
0.453121
0.264938
0.0111375
0.662
0.138242
0.426763
0.662
0.223671
0.282343
0.192664
0.46123
0.341218
0.0723161
0.124019
0.27146
0.12666
0.00443125
0.633096
0.100077
0.0824377
0.142843
0.662
0.200581
0.662
0.477102
0.0846468
0.160757
0.470788
0.4592
0.135956
0.362395
0.290209
0.273053
0.47913
0.43095
0.662
0.0626737
0.15391
0.662
0.463456
0.201324
0.21385
0.416104
0.458652
0.166548
0.261067
0.21942
0.662
0.662
0.437771
0.151771
0.197317
0.569202
0.327049
0.287729
0.282747
0.254479
0.120525
0.614366
0.0389138
0.323175
0.153893
0.091171
0.446246
0.16612
0.0994353
0.0932578
0.56671
0.0512702
0.312259
0.301404
0.0693555
0.226772
0.119977
0.209247
0.550865
0.224028
0.408734
0.0818101
0.334516
0.0158034
0.662
0.51913
0.662
0.558959
0.446873
0.662
0.127766
0.171584
0.196593
0.0856952
0.382214
0.07048
0.100158
0.396738
0.422873
0.161624
0.313626
0.0928344
0.238347
0.281122
0.662
0.662
0.249292
0.169236
0.288627
0.0500073
0.131562
0.106182
0.0828425
0.294326
0.662
0.641319
0.163544
0.425613
0.662
0.662
0.166553
0.0466423
0.110367
0.422856
0.175265
0.662
0.36668
0.148287
0.230725
0.107903
0.051158
0.121357
0.118656
0.086561
0.0889697
0.346602
0.432048
0.289978
0.175132
0.314451
0.1309
0.490737
0.161007
0.0951143
0.662
0.293964
0.144989
0.0718523
0.3565
0.662
0.125834
0.0723623
0.0641875
0.0374478
0.0585158
0.662
0.662
0.596172
0.56032
0.0954379
0.162639
0.132279
0.348086
0.214434
0.55235
0.0984528
0.17028
0.0463659
0.105439
0.662
0.646489
0.376273
0.16761
0.598634
0.549958
0.174459
0.268037
0.662
0.259689
0.255469
0.662
0.12901
0.158257
0.533048
0.0589587
0.230972
0.662
0.33659
0.662
0.662
0.265919
0.662
0.0297881
0.662
0.40272
0.358812
0.113273
0.662
0.170167
0.0492633
0.211964
0.281908
0.452198
0.0773061
0.158216
0.403482
0.0925604
0.0564038
0.218186
0.150902
0.391945
0.662
0.265195
0.0377399
0.316421
0.102181
0.245159
0.266418
0.138288
0.142674
0.133024
0.662
0.092226
0.662
0.190591
0.662
0.662
0.26228
0.0580419
0.378712
0.0721049
0.390411
0.662
0.428739
0.341039
0.662
0.631483
0.662
0.102749
0.489382
0.287952
0.131503
0.128929
0.524405
0.662
0.24443
0.149411
0.211988
0.28196
0.0154179
0.0453529
0.088102
0.116832
0.233215
0.185509
0.0809167
0.477126
0.0568613
0.367745
0.498168
0.104316
0.106835
0.113492
0.529317
0.319712
0.662
0.395644
0.524178
0.62985
0.662
0.609496
0.289094
0.401938
0.14717
0.26353
0.321356
0.662
0.0785605
0.26442
0.349081
0.662
0.163159
0.283579
0.0760024
0.158068
0.0449514
0.0698904
0.527296
0.210206
0.310524
0.0853045
0.0535273
0.225432
0.145744
0.662
0.662
0.662
0.43308
0.103325
0.478565
0.131367
0.662
0.268387
0.358546
0.204739
0.385543
0.582082
0.65145
0.452582
0.0863909
0.0898169
0.016014
0.288478
0.662
0.391246
0.0559592
0.15594
0.185807
0.00561659
0.112732
0.120538
0.16267
0.263267
0.343563
0.0165703
0.423411
0.351058
0.662
0.269637
0.0579402
0.387687
0.662
0.243346
0.187195
0.22151
0.662
0.5056
0.245679
0.436139
0.662
0.0950996
0.351604
0.154055
0.0331189
0.230805
0.662
0.340232
0.662
0.181595
0.115778
0.111268
0.0586468
0.310348
0.150173
0.237494
0.245078
0.630199
0.100922
0.107934
0.259944
0.0906911
0.26328
0.662
0.465812
0.662
0.560163
0.0562584
0.0295285
0.23635
0.389437
0.662
0.0840966
0.058248
0.116233
0.317903
0.662
0.282349
0.141211
0.110083
0.662
0.283849
0.139866
0.662
0.0663496
0.371682
0.170385
0.212004
0.0519999
0.359843
0.217544
0.460336
0.564332
0.552711
0.271823
0.662
0.197273
0.662
0.238616
0.131089
0.662
0.0894156
0.582402
0.0932429
0.175468
0.662
0.662
0.0139284
0.143462
0.348149
0.307974
0.259559
0.193872
0.340458
0.662
0.21798
0.242503
0.0710579
0.412633
0.116848
0.107667
0.562204
0.662
0.271216
0.0801384
0.211253
0.238168
0.0875118
0.662
0.414359
0.662
0.662
0.0200368
0.218117
0.348696
0.49949
0.128723
0.662
0.508452
0.256028
0.10118
0.464266
0.200781
0.2411
0.199544
0.260967
0.163166
0.191886
0.662
0.00978191
0.173684
0.305149
0.0651255
0.459835
0.109768
0.662
0.278745
0.288619
0.205398
0.2136
0.0690144
0.227411
0.166594
0.252283
0.605456
0.0714907
0.300068
0.372944
0.0129914
0.662
0.462349
0.662
0.222639
0.223339
0.0673544
0.496555
0.111884
0.662
0.0902167
0.253437
0.662
0.0067884
0.07834
0.0666409
0.461315
0.20591
0.428518
0.0891064
0.486628
0.072095
0.056974
0.389622
0.0582251
0.488342
0.662
0.235948
0.662
0.38178
0.163153
0.263709
0.299786
0.225754
0.0943967
0.0663353
0.123306
0.334725
0.641417
0.225472
0.248726
0.125652
0.0514541
0.662
0.191637
0.0842611
0.662
0.103016
0.568005
0.662
0.0549077
0.139535
0.579537
0.510222
0.262391
0.152073
0.0516411
0.179945
0.662
0.408676
0.662
0.568521
0.306667
0.141403
0.233007
0.548512
0.272222
0.662
0.193692
0.272186
0.435034
0.0414592
0.122506
0.251732
0.662
0.272738
0.648268
0.469912
0.662
0.222416
0.0563463
0.112295
0.380262
0.0937535
0.387045
0.34393
0.662
0.231191
0.662
0.0955336
0.0591797
0.257917
0.306175
0.662
0.0918614
0.662
0.33204
0.0415621
0.662
0.662
0.183241
0.132551
0.17355
0.102997
0.416132
0.271913
0.0675797
0.566372
0.373538
0.662
0.662
0.388956
0.333014
0.011135
0.255618
0.662
0.302768
0.469004
0.0871991
0.142431
0.204374
0.152373
0.109748
0.445826
0.0797225
0.351745
0.0764102
0.662
0.469766
0.543906
0.620602
0.29878
0.0732675
0.113339
0.123668
0.169864
0.177869
0.086598
0.219533
0.553985
0.420326
0.0626082
0.188969
0.562042
0.662
0.416824
0.662
0.662
0.194313
0.160432
0.03473
0.26367
0.392368
0.305629
0.124959
0.487874
0.151663
0.307768
0.41502
0.129723
0.415719
0.342385
0.144941
0.155072
0.327664
0.29494
0.181775
0.230563
0.439909
0.152313
0.286055
0.0772186
0.662
0.166167
0.124562
0.0922171
0.594091
0.32488
0.449091
0.240739
0.492275
0.362767
0.18499
0.118761
0.662
0.460874
0.490522
0.352015
0.662
0.0366945
0.399328
0.185472
0.662
0.321876
0.187587
0.662
0.244572
0.508552
0.575869
0.662
0.662
0.274801
0.266984
0.128758
0.662
0.41542
0.0882664
0.338366
0.386916
0.40408
0.152785
0.614526
0.662
0.662
0.662
0.162339
0.172066
0.662
0.0762249
0.394076
0.393915
0.59472
0.182778
0.0117871
0.131358
0.194362
0.661329
0.179504
0.142175
0.662
0.207927
0.662
0.0590717
0.53764
0.353375
0.662
0.195741
0.245573
0.0334145
0.149596
0.331988
0.662
0.243757
0.0880525
0.662
0.662
0.662
0.662
0.558703
0.164002
0.36402
0.286278
0.276862
0.355381
0.654034
0.447065
0.526173
0.365631
0.662
0.662
0.278466
0.326952
0.191384
0.082624
0.228978
0.207181
0.635912
0.0970355
0.277819
0.0199255
0.231896
0.468578
0.0406122
0.153944
0.640004
0.407601
0.662
0.539062
0.45272
0.662
0.662
0.642697
0.32767
0.0930743
0.149626
0.305312
0.290141
0.0834055
0.621574
0.0859118
0.380507
0.0785464
0.000409821
0.662
0.32933
0.285529
0.00556075
0.409442
0.0664064
0.291728
0.172404
0.227539
0.662
0.208608
0.662
0.188825
0.488281
0.662
0.430252
0.131409
0.302606
0.00573526
0.487966
0.662
0.186342
0.280789
0.518372
0.662
0.147946
0.401802
0.31902
0.437111
0.604126
0.635027
0.0854905
0.0612272
0.619754
0.193244
0.662
0.118862
0.352837
0.0520762
0.124731
0.146409
0.662
0.662
0.37576
0.0468676
0.662
0.125079
0.0601125
0.192857
0.171317
0.187441
0.368991
0.12542
0.199631
0.160143
0.271884
0.470886
0.396139
0.477801
0.137508
0.3913
0.171742
0.142572
0.365036
0.20271
0.601224
0.131423
0.256481
0.142619
0.15924
0.147705
0.291577
0.0986771
0.637206
0.160189
0.470343
0.144602
0.153441
0.662
0.123136
0.399416
0.405731
0.662
0.349454
0.417741
0.284527
0.662
0.0731097
0.309392
0.438039
0.662
0.54744
0.106974
0.0757627
0.0709244
0.219451
0.105766
0.578042
0.612095
0.662
0.518798
0.662
0.440159
0.278952
0.193591
0.158098
0.162354
0.574982
0.112316
0.571093
0.435864
0.662
0.0555409
0.369163
0.131065
0.158893
0.0351815
0.662
0.0287816
0.109312
0.662
0.130433
0.0639606
0.125971
0.246499
0.61066
0.550382
0.662
0.277487
0.333348
0.486219
0.662
0.662
0.662
0.103044
0.172952
0.31715
0.106449
0.32889
0.394653
0.662
0.221574
0.662
0.148811
0.186414
0.344801
0.662
0.220739
0.662
0.366522
0.466222
0.364474
0.265117
0.636945
0.31436
0.0454531
0.587801
0.079344
0.175733
0.662
0.662
0.662
0.662
0.0479752
0.355876
0.0938123
0.178527
0.298473
0.662
0.56966
0.162136
0.374578
0.131212
0.255466
0.0415038
0.505628
0.120978
0.106224
0.112365
0.632824
0.110164
0.283496
0.224945
0.532087
0.12722
0.415342
0.0716994
0.182316
0.662
0.0786231
0.0642623
0.122911
0.662
0.35891
0.662
0.0695198
0.0710012
0.310398
0.077171
0.09358
0.555147
0.662
0.340204
0.618138
0.286753
0.662
0.419757
0.440835
0.662
0.662
0.504472
0.505595
0.259621
0.662
0.0856822
0.355344
0.21615
0.55042
0.52274
0.217522
0.662
0.367652
0.662
0.0769322
0.662
0.244503
0.145403
0.141718
0.255394
0.461696
0.662
0.455018
0.328287
0.117504
0.662
0.280352
0.474298
0.442796
0.0592244
0.432409
0.227488
0.234977
0.662
0.112609
0.205388
0.427758
0.309465
0.318397
0.662
0.498035
0.546287
0.160581
0.0802492
0.284957
0.165811
0.473676
0.159178
0.0658693
0.478082
0.404307
0.40665
0.521088
0.353581
0.662
0.328894
0.337
0.662
0.0866419
0.0442502
0.374132
0.114325
0.278658
0.30141
0.662
0.662
0.662
0.662
0.0780857
0.362846
0.240361
0.130582
0.471299
0.271644
0.145587
0.148615
0.662
0.662
0.65178
0.235022
0.662
0.139208
0.618687
0.662
0.662
0.26469
0.0771145
0.166157
0.105583
0.301715
0.222601
0.235822
0.662
0.0879012
0.662
0.662
0.230644
0.128518
0.191297
0.23466
0.0646117
0.10164
0.662
0.215228
0.487761
0.626616
0.451274
0.662
0.366197
0.38598
0.37627
0.642938
0.0921408
0.0156837
0.55994
0.225917
0.0966654
0.124001
0.198997
0.425924
0.067523
0.00727028
0.0755935
0.323741
0.222473
0.662
0.0876951
0.662
0.251417
0.662
0.188011
0.662
0.438393
0.465431
0.43543
0.413154
0.440611
0.276242
0.0836946
0.641613
0.662
0.406176
0.662
0.317322
0.0916321
0.200001
0.126534
0.383351
0.272374
0.119426
0.156537
0.374076
0.662
0.250206
0.662
0.597287
0.662
0.154749
0.156163
0.524661
0.164578
0.205039
0.0428908
0.366418
0.212205
0.178356
0.114571
0.0210871
0.662
0.105156
0.0985004
0.235985
0.236395
0.1732
0.055499
0.363125
0.0988001
0.229521
0.181365
0.406385
0.279425
0.460453
0.0584467
0.662
0.241437
0.662
0.489031
0.0965744
0.0690863
0.167193
0.626689
0.662
0.384871
0.531281
0.662
0.662
0.362761
0.0457325
0.662
0.262535
0.126774
0.440084
0.170001
0.347167
0.662
0.186237
0.253503
0.330983
0.1495
0.0117032
0.144043
0.0631225
0.158442
0.16738
0.0966397
0.165509
0.529629
0.119811
0.355345
0.0346402
0.0441681
0.662
0.21026
0.375979
0.40957
0.164206
0.0154298
0.0174666
0.662
0.662
0.366772
0.148087
0.0637788
0.273126
0.152357
0.188818
0.0890149
0.0383158
0.227678
0.0872895
0.0443248
0.249875
0.332557
0.477064
0.201678
0.222073
0.662
0.657601
0.662
0.154862
0.288747
0.105669
0.662
0.0990378
0.379898
0.416763
0.445686
0.0537798
0.44549
0.218374
0.204337
0.662
0.0362148
0.662
0.0120472
0.0581976
0.134227
0.304735
0.662
0.0841344
0.18952
0.433306
0.617294
0.0290128
0.32715
0.662
0.662
0.493573
0.662
0.205377
0.115879
0.419595
0.0990587
0.460749
0.662
0.0927507
0.582901
0.141884
0.0936471
0.070823
0.662
0.568334
0.662
0.254906
0.417675
0.267924
0.0268648
0.140288
0.166731
0.57993
0.212584
0.23867
0.468648
0.147418
0.662
0.202639
0.114115
0.500822
0.662
0.0690976
0.040915
0.662
0.219598
0.212186
0.338429
0.662
0.011613
0.259624
0.0638543
0.385567
0.181066
0.357504
0.0772379
0.403391
0.118247
0.183847
0.267375
0.0892573
0.161848
0.354827
0.183864
0.048219
0.426248
0.662
0.662
0.192599
0.652447
0.2509
0.141669
0.0342834
0.662
0.448309
0.102621
0.0702172
0.100934
0.662
0.117597
0.393968
0.662
0.304755
0.510225
0.229778
0.0840124
0.451744
0.203689
0.155178
0.662
0.278117
0.0577795
0.342371
0.0701508
0.244978
0.113203
0.268248
0.370252
0.344909
0.175399
0.125085
0.662
0.399074
0.662
0.224706
0.19247
0.662
0.442542
0.0836443
0.20387
0.45691
0.45227
0.662
0.191244
0.0957979
0.113091
0.46306
0.0136306
0.649544
0.488442
0.3021
0.198376
0.662
0.420918
0.121042
0.122836
0.662
0.662
0.355722
0.123096
0.662
0.0382576
0.104099
0.300611
0.0991501
0.300284
0.662
0.376776
0.185857
0.662
0.662
0.0738252
0.495119
0.258065
0.126128
0.318278
0.294629
0.450411
0.216666
0.482687
0.128332
0.419261
0.662
0.456814
0.662
0.134425
0.182439
0.12686
0.23647
0.426332
0.0358768
0.351564
0.116305
0.388752
0.379411
0.0562238
0.0645961
0.1003
0.0949509
0.175521
0.662
0.662
0.384548
0.0587211
0.0888271
0.208756
0.291692
0.662
0.287007
0.272989
0.319574
0.109005
0.662
0.399792
0.56104
0.275969
0.311036
0.662
0.595774
0.122411
0.233468
0.264972
0.21525
0.485241
0.195637
0.190492
0.662
0.349396
0.662
0.233603
0.662
0.0836384
0.662
0.381218
0.51547
0.190163
0.137168
0.662
0.550941
0.418092
0.173533
0.662
0.202
0.662
0.245375
0.277725
0.271468
0.662
0.290162
0.27489
0.662
0.135804
0.0660356
0.541532
0.100654
0.662
0.0839296
0.193821
0.338615
0.436375
0.226647
0.662
0.490178
0.3905
0.44799
0.404907
0.142108
0.116295
0.0828981
0.297552
0.662
0.500851
0.293367
0.662
0.662
0.372587
0.326594
0.434069
0.32821
0.46679
0.620401
0.275062
0.301318
0.403793
0.456089
0.382716
0.568167
0.248076
0.586801
0.154574
0.183362
0.0839968
0.662
0.233503
0.336038
0.106643
0.504997
0.295153
0.466804
0.662
0.367555
0.197328
0.58841
0.194421
0.662
0.163374
0.0894742
0.437026
0.662
0.119796
0.23126
0.118925
0.321428
0.0980945
0.476672
0.236258
0.416016
0.13189
0.340936
0.277558
0.260464
0.0572126
0.662
0.43801
0.102094
0.122966
0.662
0.058821
0.107752
0.128468
0.385027
0.0216893
0.11526
0.662
0.33069
0.383106
0.543603
0.282406
0.179992
0.506353
0.447916
0.501457
0.662
0.170686
0.102279
0.24812
0.0443528
0.223525
0.326159
0.662
0.174022
0.181396
0.662
0.662
0.120311
0.538862
0.441738
0.662
0.662
0.399256
0.502557
0.00922471
0.098245
0.662
0.129597
0.662
0.443234
0.204517
0.329781
0.433095
0.662
0.443311
0.0756574
0.119155
0.413622
0.239177
0.317277
0.265669
0.43415
0.136377
0.149593
0.199463
0.360951
0.447737
0.0580924
0.230773
0.0872888
0.100555
0.662
0.132505
0.20029
0.662
0.662
0.662
0.662
0.224303
0.0432815
0.662
0.276508
0.29844
0.387209
0.357513
0.447703
0.0573672
0.146276
0.257731
0.575496
0.0485025
0.388051
0.0720321
0.0695406
0.662
0.233319
0.0556238
0.167037
0.662
0.055288
0.304038
0.634478
0.662
0.234583
0.227538
0.301446
0.137267
0.615965
0.662
0.394045
0.203481
0.0570656
0.33015
0.102608
0.662
0.0519817
0.381195
0.662
0.662
0.662
0.439188
0.662
0.394782
0.377615
0.520653
0.407787
0.141727
0.662
0.0684989
0.662
0.182662
0.334971
0.098904
0.0844737
0.63145
0.220475
0.581386
0.662
0.255217
0.0478943
0.202126
0.161436
0.530546
0.130158
0.154138
0.478953
0.100718
0.662
0.211152
0.495663
0.662
0.174581
0.128789
0.137404
0.662
0.42706
0.285735
0.662
0.662
0.113648
0.662
0.182528
0.0633931
0.589081
0.0529555
0.662
0.17306
0.514826
0.0929138
0.662
0.0351985
0.511114
0.656734
0.2159
0.221755
0.0441722
0.650592
0.112346
0.16871
0.354149
0.529079
0.0851974
0.133854
0.167397
0.11975
0.0932136
0.40862
0.662
0.662
0.346447
0.0185595
0.200987
0.254463
0.203981
0.662
0.0388794
0.616106
0.662
0.141497
0.158346
0.243754
0.0279893
0.146255
0.0654781
0.120728
0.0342276
0.662
0.239489
0.234343
0.357934
0.662
0.328831
0.173959
0.33253
0.0722867
0.53203
0.0270678
0.662
0.662
0.662
0.151822
0.050376
0.647496
0.0563535
0.239228
0.0784023
0.487045
0.161735
0.205104
0.662
0.382822
0.280112
0.102203
0.395033
0.130304
0.296601
0.415092
0.105439
0.504724
0.0707171
0.662
0.634134
0.0639473
0.523984
0.377455
0.11146
0.106851
0.662
0.174689
0.662
0.00564152
0.29649
0.271868
0.203618
0.568687
0.662
0.327988
0.116525
0.145753
0.0865869
0.662
0.177939
0.662
0.265807
0.535556
0.306811
0.399821
0.15231
0.662
0.276265
0.264723
0.142428
0.63555
0.10958
0.662
0.460556
0.267134
0.250611
0.205519
0.283353
0.662
0.235676
0.0425833
0.237551
0.662
0.662
0.35202
0.0443115
0.377065
0.662
0.258131
0.22445
0.0683269
0.269174
0.584341
0.0992362
0.22976
0.662
0.354799
0.555126
0.115056
0.662
0.392952
0.200362
0.131525
0.560806
0.662
0.26211
0.662
0.0984223
0.338482
0.662
0.142033
0.168746
0.198888
0.485564
0.340421
0.403634
0.0428562
0.662
0.0264191
0.222658
0.177408
0.265671
0.209644
0.37465
0.265925
0.146774
0.405915
0.0231024
0.0267482
0.662
0.182806
0.367237
0.662
0.339304
0.263205
0.610847
0.486066
0.311282
0.235425
0.662
0.469336
0.534586
0.146121
0.123991
0.582252
0.37528
0.0687071
0.298079
0.633666
0.239208
0.633523
0.389254
0.0400121
0.208744
0.662
0.0594549
0.532739
0.334968
0.0984103
0.662
0.659812
0.0509224
0.250616
0.182894
0.662
0.0539604
0.324214
0.227595
0.187763
0.543914
0.662
0.400168
0.126041
0.0797762
0.12436
0.146098
0.60106
0.0849686
0.103047
0.623153
0.64622
0.579017
0.662
0.124686
0.0944144
0.662
0.57457
0.415068
0.457717
0.192825
0.103341
0.340874
0.201432
0.00938203
0.071184
0.0787379
0.556808
0.00395566
0.216595
0.23388
0.0865503
0.662
0.662
0.115247
0.343508
0.662
0.211186
0.35788
0.139939
0.104077
0.0648787
0.442676
0.0125679
0.429387
0.662
0.303304
0.196729
0.662
0.0831314
0.570066
0.124003
0.168795
0.106198
0.662
0.662
0.241926
0.3062
0.170831
0.658523
0.662
0.662
0.582951
0.0752081
0.150346
0.243592
0.117314
0.380019
0.148676
0.363135
0.0351908
0.103574
0.566307
0.157039
0.0708367
0.246416
0.662
0.662
0.180981
0.071324
0.218078
0.0314144
0.26505
0.662
0.662
0.404556
0.469742
0.489784
0.544423
0.0513797
0.662
0.126704
0.215911
0.0999082
0.0693118
0.289702
0.0807145
0.465666
0.203499
0.337595
0.662
0.354359
0.176819
0.168257
0.662
0.488006
0.204681
0.662
0.209084
0.548337
0.0772424
0.662
0.165257
0.662
0.232755
0.662
0.163879
0.25498
0.203538
0.561859
0.572482
0.22629
0.662
0.060866
0.662
0.0500516
0.199509
0.334743
0.00232758
0.573216
0.645271
0.103027
0.662
0.129974
0.219038
0.294375
0.184991
0.0873795
0.470257
0.425555
0.662
0.130317
0.662
0.282772
0.262242
0.0983138
0.662
0.662
0.383932
0.430017
0.143945
0.388366
0.051291
0.0936957
0.662
0.662
0.182685
0.662
0.23768
0.413151
0.303267
0.428945
0.144339
0.662
0.257661
0.279845
0.106074
0.218936
0.662
0.113243
0.213694
0.266041
0.662
0.279013
0.487832
0.265764
0.148438
0.143063
0.112392
0.172177
0.153846
0.256508
0.0783943
0.0414803
0.244037
0.401375
0.522049
0.0968548
0.598322
0.585486
0.662
0.37612
0.662
0.533855
0.265302
0.0989431
0.515346
0.0919652
0.662
0.0536336
0.662
0.662
0.308225
0.120486
0.395775
0.338155
0.662
0.586334
0.0885327
0.662
0.236117
0.191792
0.391734
0.190678
0.0775782
0.130098
0.282991
0.243042
0.662
0.662
0.300338
0.345328
0.26175
0.662
0.411091
0.102061
0.209776
0.662
0.0966165
0.648958
0.138023
0.0632168
0.662
0.123709
0.370218
0.185002
0.101009
0.129428
0.302371
0.234252
0.451952
0.662
0.662
0.0982033
0.409951
0.319877
0.122279
0.190033
0.069064
0.0698918
0.0656907
0.13503
0.384689
0.0446605
0.564941
0.0608115
0.360797
0.37439
0.243129
0.57468
0.12687
0.243883
0.252393
0.204952
0.325846
0.258243
0.175682
0.242137
0.07734
0.21753
0.396847
0.662
0.255126
0.523561
0.246016
0.411006
0.235758
0.115121
0.12697
0.205755
0.184587
0.662
0.398705
0.640339
0.0125204
0.0446043
0.159294
0.4382
0.206955
0.662
0.618091
0.645178
0.637409
0.185769
0.232705
0.24324
0.0471564
0.337218
0.0477771
0.147631
0.352758
0.124485
0.237429
0.520304
0.166099
0.0416645
0.133601
0.662
0.182477
0.0553626
0.0792352
0.0576262
0.0799127
0.282663
0.0774273
0.0946377
0.332238
0.662
0.313018
0.190829
0.524645
0.198483
0.0396219
0.476802
0.555459
0.592405
0.0743929
0.441871
0.662
0.140006
0.545508
0.186613
0.282432
0.470255
0.320895
0.186512
0.662
0.211573
0.135833
0.662
0.662
0.0562635
0.465126
0.115754
0.443667
0.16308
0.645931
0.662
0.377875
0.160775
0.198169
0.662
0.606313
0.102751
0.662
0.40476
0.0917143
0.662
0.384913
0.0709729
0.258308
0.662
0.0853794
0.510243
0.458134
0.184806
0.221642
0.360482
0.283104
0.548206
0.298879
0.662
0.037881
0.209534
0.648054
0.662
0.467356
0.662
0.209226
0.124106
0.526327
0.662
0.054858
0.216063
0.353321
0.319865
0.245538
0.505416
0.662
0.114897
0.23106
0.662
0.0287399
0.014115
0.0588297
0.102626
0.662
0.0845992
0.436882
0.662
0.19992
0.0890751
0.37798
0.397789
0.244686
0.337713
0.641914
0.662
0.5058
0.035991
0.662
0.416342
0.516027
0.164974
0.662
0.310623
0.354947
0.0597013
0.444143
0.255703
0.139007
0.146755
0.194579
0.152375
0.416692
0.105285
0.207738
0.363492
0.662
0.455272
0.300512
0.587587
0.0395392
0.306358
0.225392
0.546547
0.484339
0.213594
0.523887
0.513071
0.14656
0.399486
0.209401
0.35972
0.291852
0.302622
0.581449
0.577716
0.662
0.437904
0.00306504
0.147255
0.0755802
0.325198
0.0957235
0.22557
0.599136
0.310114
0.484933
0.0803374
0.0888364
0.355557
0.190481
0.662
0.269996
0.256108
0.484736
0.288695
0.147895
0.265539
0.210386
0.299873
0.343698
0.0164449
0.267514
0.578179
0.0924968
0.262543
0.0960175
0.662
0.459291
0.115906
0.245691
0.0772617
0.214482
0.662
0.596515
0.662
0.651799
0.662
0.662
0.236867
0.662
0.662
0.662
0.0859903
0.295154
0.217042
0.561367
0.662
0.378407
0.662
0.330773
0.217892
0.127663
0.375523
0.160339
0.662
0.286043
0.18744
0.662
0.139052
0.268215
0.1816
0.298504
0.105005
0.195144
0.297522
0.662
0.453117
0.662
0.504646
0.256997
0.0865922
0.27544
0.260512
0.157315
0.141219
0.077558
0.198407
0.301006
0.276782
0.128282
0.0516627
0.121873
0.662
0.662
0.0327575
0.401028
0.249291
0.176886
0.339838
0.0774747
0.0617433
0.239192
0.357656
0.292983
0.646856
0.256153
0.619798
0.662
0.429467
0.373714
0.212003
0.316358
0.0922498
0.191019
0.580244
0.074322
0.168531
0.462665
0.177218
0.572176
0.662
0.662
0.256145
0.51667
0.202647
0.27588
0.0202165
0.662
0.179645
0.150421
0.610146
0.294323
0.662
0.259315
0.462797
0.485834
0.216381
0.137694
0.217122
0.478265
0.0508171
0.123925
0.375236
0.662
0.145233
0.365585
0.0441761
0.119355
0.531963
0.181068
0.506612
0.662
0.163643
0.0938201
0.110213
0.092155
0.433911
0.0129306
0.282261
0.0674059
0.267411
0.60009
0.201703
0.211719
0.34685
0.540352
0.228619
0.143311
0.0285845
0.263033
0.610487
0.0329483
0.060007
0.662
0.0712487
0.662
0.662
0.361473
0.165433
0.156272
0.148072
0.475164
0.388873
0.121704
0.413749
0.662
0.662
0.662
0.551634
0.197468
0.0629359
0.0299726
0.662
0.0856232
0.114242
0.161944
0.262309
0.249391
0.593772
0.425135
0.0674908
0.490519
0.0723851
0.19127
0.662
0.662
0.186322
0.0986942
0.233307
0.00140647
0.100437
0.389442
0.0387407
0.514193
0.454354
0.662
0.569417
0.201891
0.420506
0.0448518
0.471701
0.423195
0.0546684
0.244002
0.116294
0.123614
0.106037
0.0845564
0.396478
0.146031
0.148109
0.166921
0.110664
0.255567
0.144546
0.19084
0.123287
0.0164727
0.237992
0.189421
0.210089
0.662
0.662
0.4739
0.197404
0.221039
0.259886
0.217804
0.291078
0.234789
0.100616
0.204753
0.162177
0.134146
0.178468
0.105607
0.273003
0.0652357
0.288501
0.576341
0.12888
0.129546
0.145555
0.662
0.164038
0.149033
0.283198
0.158738
0.391424
0.0287763
0.0647098
0.409528
0.149538
0.143661
0.108098
0.662
0.237969
0.256874
0.404721
0.0855671
0.662
0.662
0.042606
0.484914
0.131133
0.283961
0.662
0.653454
0.110804
0.0411873
0.148249
0.438289
0.662
0.0413422
0.482633
0.283467
0.406262
0.391442
0.595067
0.233818
0.189306
0.281925
0.662
0.19506
0.121743
0.662
0.213929
0.261416
0.254782
0.0742892
0.507402
0.160998
0.0491991
0.420355
0.254619
0.0583729
0.385512
0.142968
0.116405
0.118913
0.268441
0.0487578
0.403582
0.314655
0.431459
0.0427834
0.528637
0.154049
0.161257
0.444318
0.662
0.240828
0.605425
0.160895
0.133109
0.444158
0.513458
0.0842377
0.662
0.662
0.109552
0.148359
0.273702
0.111617
0.230213
0.615212
0.277087
0.273381
0.181328
0.0965608
0.247834
0.662
0.662
0.0880507
0.662
0.297758
0.260779
0.155313
0.458745
0.309873
0.101304
0.307205
0.146232
0.342891
0.662
0.295124
0.115665
0.501533
0.662
0.178401
0.52787
0.475577
0.255708
0.174432
0.662
0.377178
0.483923
0.429144
0.060897
0.515563
0.175705
0.199305
0.0850022
0.184778
0.662
0.240412
0.529563
0.600021
0.102372
0.662
0.144423
0.540506
0.0836925
0.0846147
0.597505
0.241134
0.0328295
0.147458
0.662
0.149178
0.329209
0.327733
0.0190928
0.443149
0.662
0.14036
0.153188
0.332347
0.463886
0.388354
0.37149
0.402348
0.22846
0.130799
0.0279199
0.351324
0.662
0.662
0.0485233
0.121184
0.662
0.022667
0.0452758
0.361097
0.436267
0.662
0.150679
0.653182
0.474784
0.662
0.246727
0.662
0.662
0.152438
0.108256
0.429045
0.411752
0.411097
0.617833
0.259093
0.0911742
0.159442
0.459026
0.609438
0.289412
0.130032
0.662
0.512663
0.662
0.0889676
0.118405
0.278133
0.572442
0.54942
0.187441
0.444676
0.238458
0.34744
0.395495
0.501986
0.662
0.662
0.108769
0.0895539
0.614475
0.662
0.662
0.408432
0.214134
0.636924
0.173565
0.501641
0.196261
0.26597
0.106842
0.154675
0.0334644
0.662
0.662
0.305817
0.235992
0.150631
0.33596
0.662
0.532301
0.477124
0.377155
0.161802
0.101196
0.26799
0.415319
0.0763812
0.450145
0.662
0.284729
0.36673
0.0189701
0.279422
0.662
0.0641219
0.182624
0.605133
0.662
0.339757
0.284253
0.120478
0.188046
0.039301
0.662
0.662
0.175752
0.136554
0.469508
0.0838366
0.662
0.0690248
0.662
0.114541
0.199864
0.121722
0.0358959
0.662
0.662
0.662
0.433616
0.062857
0.539137
0.662
0.202307
0.210666
0.457679
0.283688
0.662
0.112403
0.286114
0.091763
0.662
0.631885
0.0928197
0.424061
0.662
0.155288
0.229683
0.662
0.0536976
0.0564772
0.254745
0.638827
0.367399
0.55328
0.264347
0.4438
0.130586
0.280905
0.0335552
0.192482
0.39489
0.222097
0.662
0.0246943
0.662
0.158939
0.206698
0.0877452
0.0808835
0.226532
0.662
0.151544
0.662
0.0453503
0.261733
0.662
0.662
0.142084
0.420948
0.273219
0.353415
0.203468
0.135497
0.0924194
0.568469
0.157643
0.0782444
0.116373
0.322334
0.0614436
0.511683
0.115339
0.662
0.350588
0.662
0.662
0.404478
0.662
0.124111
0.334327
0.122907
0.231504
0.507851
0.339264
0.0521695
0.450214
0.55266
0.0233197
0.535492
0.22077
0.25984
0.170601
0.302324
0.0551936
0.0776692
0.662
0.112708
0.662
0.621058
0.662
0.531693
0.124847
0.320235
0.257032
0.100155
0.197347
0.487427
0.114429
0.662
0.0756801
0.125101
0.451361
0.662
0.212956
0.269218
0.0691255
0.14997
0.473811
0.231243
0.206994
0.395243
0.378102
0.409613
0.662
0.132113
0.414868
0.298711
0.612522
0.345784
0.433656
0.0212541
0.662
0.0512643
0.260032
0.203699
0.611442
0.146137
0.42182
0.286866
0.462502
0.181472
0.662
0.26248
0.40848
0.307606
0.252831
0.391924
0.0378548
0.155445
0.244072
0.0968199
0.0238184
0.662
0.0775277
0.22084
0.662
0.298923
0.0604181
0.386768
0.106908
0.226757
0.150064
0.662
0.486482
0.381291
0.662
0.104412
0.662
0.662
0.0615305
0.185394
0.616602
0.662
0.484587
0.114932
0.0277761
0.142876
0.194343
0.662
0.279991
0.476348
0.111264
0.364955
0.252268
0.389459
0.34075
0.300907
0.10368
0.443897
0.127722
0.0187491
0.00401825
0.300251
0.662
0.27462
0.166634
0.0954256
0.662
0.662
0.0159738
0.447548
0.19738
0.652825
0.180966
0.224889
0.139367
0.178047
0.284309
0.087232
0.166681
0.534861
0.40517
0.44686
0.662
0.0496774
0.201355
0.216765
0.148001
0.338376
0.221117
0.312659
0.321455
0.245245
0.234222
0.435878
0.243404
0.622097
0.662
0.345253
0.221406
0.662
0.662
0.661172
0.662
0.359919
0.662
0.221526
0.142778
0.421212
0.0397062
0.0250504
0.200927
0.202806
0.3889
0.662
0.401152
0.358138
0.072176
0.0499251
0.662
0.251434
0.137949
0.0484682
0.116004
0.119069
0.662
0.175226
0.294206
0.116358
0.0517204
0.0957415
0.126968
0.155548
0.425516
0.442531
0.303799
0.283862
0.0725999
0.00598334
0.662
0.381628
0.32706
0.218305
0.48228
0.662
0.261123
0.0138996
0.357018
0.30137
0.161809
0.0845289
0.113422
0.200211
0.324434
0.615272
0.2531
0.554255
0.391892
0.225279
0.461203
0.0294671
0.607029
0.205445
0.152488
0.016671
0.115827
0.662
0.0424629
0.662
0.420282
0.518011
0.196223
0.0424925
0.109382
0.0175148
0.140146
0.395834
0.343056
0.444939
0.201176
0.0658524
0.216787
0.179396
0.191182
0.433652
0.239278
0.103847
0.662
0.340799
0.662
0.584545
0.113245
0.64209
0.135017
0.134551
0.492528
0.248941
0.451126
0.209349
0.0378882
0.11648
0.118188
0.662
0.662
0.662
0.0911992
0.275568
0.518771
0.124011
0.32942
0.662
0.662
0.662
0.117254
0.224474
0.303358
0.662
0.662
0.224228
0.611822
0.372227
0.480188
0.308109
0.325013
0.0812366
0.662
0.662
0.312534
0.161245
0.378167
0.180444
0.13318
0.437258
0.385585
0.662
0.228351
0.356205
0.307572
0.662
0.662
0.385634
0.202188
0.152236
0.594578
0.223903
0.128651
0.296247
0.00826602
0.0983733
0.658607
0.0921043
0.100084
0.18298
0.0590928
0.662
0.125813
0.377561
0.113889
0.483888
0.407524
0.126776
0.662
0.0880847
0.339282
0.257951
0.0753697
0.0244914
0.0406257
0.17438
0.265643
0.104299
0.194201
0.662
0.48928
0.662
0.44855
0.194821
0.662
0.141843
0.179521
0.26764
0.57493
0.243994
0.133456
0.662
0.662
0.112702
0.192726
0.24086
0.662
0.1105
0.107303
0.171548
0.662
0.291915
0.0503139
0.441539
0.662
0.221747
0.662
0.398306
0.662
0.0425136
0.273296
0.497721
0.0691103
0.21147
0.100204
0.662
0.224919
0.662
0.385317
0.39036
0.126669
0.140142
0.316219
0.377831
0.43643
0.0894282
0.662
0.25662
0.100479
0.0884028
0.662
0.0841998
0.0770543
0.156503
0.662
0.662
0.392147
0.224359
0.662
0.526301
0.463486
0.221727
0.435877
0.220076
0.474178
0.246929
0.130996
0.420555
0.1476
0.555833
0.468935
0.218823
0.284001
0.119778
0.124926
0.474336
0.662
0.24705
0.575635
0.0859096
0.466512
0.326
0.546581
0.191846
0.662
0.446438
0.0794544
0.0582091
0.62897
0.625691
0.36987
0.132373
0.662
0.11055
0.132146
0.662
0.146027
0.432233
0.662
0.135077
0.122865
0.14017
0.222125
0.164395
0.151193
0.122326
0.115981
0.0827977
0.662
0.662
0.0700997
0.214262
0.272438
0.236477
0.262164
0.12987
0.000320491
0.3456
0.567222
0.125285
0.0233088
0.629946
0.0651495
0.457111
0.169658
0.400015
0.662
0.14001
0.383916
0.137471
0.217652
0.662
0.662
0.662
0.314517
0.202669
0.101524
0.540327
0.193557
0.662
0.662
0.263767
0.297383
0.179209
0.20493
0.100938
0.65559
0.104428
0.662
0.402035
0.109727
0.104362
0.4544
0.159279
0.464094
0.353116
0.293829
0.566837
0.238052
0.662
0.101865
0.0633057
0.391205
0.501935
0.362942
0.365753
0.554745
0.236266
0.141313
0.0125636
0.294011
0.0254968
0.163803
0.0977716
0.298488
0.0810987
0.1121
0.662
0.188516
0.1594
0.0725147
0.049791
0.392398
0.0202705
0.382889
0.163644
0.183547
0.620667
0.121616
0.2122
0.409292
0.550686
0.150073
0.107645
0.380882
0.589063
0.0563366
0.437133
0.363552
0.335496
0.662
0.662
0.442049
0.662
0.0880535
0.0454285
0.544008
0.156557
0.458116
0.117629
0.212399
0.354574
0.662
0.19998
0.51314
0.286866
0.462046
0.662
0.0760723
0.209259
0.185887
0.14758
0.589426
0.184827
0.62335
0.579797
0.28624
0.266476
0.662
0.662
0.48492
0.105121
0.376127
0.336367
0.305146
0.662
0.101927
0.109659
0.662
0.244786
0.227432
0.662
0.640786
0.576003
0.184156
0.191054
0.068171
0.243959
0.272207
0.200964
0.0814696
0.662
0.126232
0.189107
0.381887
0.281811
0.185856
0.197211
0.161202
0.24071
0.490722
0.229231
0.0812534
0.662
0.457215
0.0449482
0.235931
0.469206
0.0358575
0.662
0.199251
0.662
0.0744867
0.162954
0.210718
0.270023
0.258375
0.319521
0.24068
0.662
0.0899828
0.248586
0.222667
0.141469
0.0802414
0.24864
0.622154
0.416083
0.292212
0.0225514
0.140885
0.0762325
0.374798
0.0811627
0.662
0.169918
0.662
0.404102
0.436317
0.0160157
0.137219
0.135084
0.662
0.0305189
0.100171
0.0793795
0.662
0.163862
0.0932601
0.459713
0.662
0.00614274
0.354035
0.159341
0.266997
0.14942
0.112124
0.59488
0.197629
0.144253
0.126693
0.0932644
0.662
0.136791
0.260985
0.662
0.159651
0.662
0.466313
0.568318
0.195564
0.204122
0.198759
0.662
0.410146
0.182867
0.659619
0.294586
0.387264
0.0132223
0.397736
0.662
0.0930145
0.662
0.0826274
0.106965
0.394231
0.662
0.141203
0.662
0.304439
0.187628
0.0714914
0.156758
0.100303
0.259814
0.512755
0.0637982
0.662
0.662
0.662
0.0920113
0.662
0.542701
0.662
0.662
0.166514
0.315112
0.639772
0.448928
0.247678
0.191502
0.325894
0.273499
0.0871374
0.657212
0.164409
0.421108
0.468551
0.259229
0.662
0.545475
0.411214
0.147375
0.261899
0.59183
0.261273
0.436266
0.24313
0.178343
0.120121
0.643724
0.224385
0.601489
0.363941
0.662
0.662
0.536612
0.419523
0.166767
0.553346
0.12478
0.386186
0.297792
0.662
0.555864
0.115248
0.624719
0.097038
0.348999
0.662
0.474217
0.268686
0.43428
0.468629
0.576313
0.662
0.290188
0.256632
0.424669
0.0905619
0.6547
0.0387327
0.322079
0.144764
0.24011
0.662
0.247693
0.432901
0.330667
0.2363
0.148095
0.251864
0.102983
0.256976
0.0358995
0.182977
0.229325
0.191719
0.46715
0.0842813
0.346108
0.248034
0.611378
0.514731
0.127782
0.662
0.152981
0.307956
0.244818
0.117185
0.0976605
0.155489
0.662
0.100297
0.188125
0.107823
0.138152
0.217937
0.561372
0.153926
0.161172
0.245852
0.060458
0.616761
0.0743498
0.114207
0.47615
0.662
0.662
0.0834823
0.447203
0.488494
0.541359
0.295384
0.13062
0.19055
0.586436
0.660294
0.19674
0.662
0.467672
0.0919173
0.139341
0.261193
0.449495
0.458508
0.0411952
0.662
0.57776
0.457112
0.0581773
0.290249
0.0668296
0.517252
0.0593901
0.662
0.253598
0.290568
0.276299
0.0928074
0.662
0.134695
0.043894
0.333883
0.121315
0.349525
0.138058
0.115898
0.662
0.431618
0.313404
0.662
0.10591
0.109372
0.262021
0.662
0.221336
0.662
0.0697819
0.179839
0.662
0.382298
0.260566
0.43667
0.153628
0.496027
0.0757422
0.191425
0.325826
0.138556
0.24303
0.216393
0.080047
0.376101
0.0717839
0.466329
0.49354
0.304265
0.662
0.0843931
0.602802
0.381533
0.112072
0.230918
0.0590906
0.275686
0.662
0.0544818
0.662
0.577707
0.0668999
0.245987
0.059881
0.10469
0.207542
0.33628
0.212957
0.372389
0.358102
0.0652005
0.0765359
0.07695
0.128526
0.348569
0.506775
0.0741891
0.20867
0.0861909
0.662
0.480184
0.399526
0.275303
0.258745
0.352983
0.102313
0.378983
0.027813
0.662
0.662
0.00571691
0.662
0.656289
0.266146
0.125691
0.331648
0.623247
0.376352
0.00519665
0.0943448
0.458634
0.22177
0.133429
0.119799
0.0540303
0.244809
0.147191
0.158621
0.143236
0.662
0.662
0.598565
0.0592452
0.24252
0.424322
0.256787
0.274673
0.662
0.662
0.277864
0.136575
0.187672
0.293565
0.366024
0.169641
0.568892
0.142035
0.0958589
0.55675
0.513745
0.662
0.662
0.318228
0.113777
0.12287
0.425609
0.108465
0.387303
0.420116
0.169122
0.175567
0.662
0.113901
0.105701
0.284536
0.0541129
0.662
0.100154
0.228246
0.0625196
0.0972456
0.662
0.0471245
0.404351
0.0100359
0.304868
0.120356
0.105861
0.459338
0.284163
0.274942
0.662
0.502671
0.197445
0.662
0.161519
0.353241
0.0502074
0.45045
0.562354
0.662
0.415419
0.294777
0.192642
0.508494
0.408237
0.084412
0.0857758
0.0483682
0.134326
0.120883
0.370859
0.0367125
0.25136
0.43756
0.200324
0.249552
0.662
0.527673
0.384851
0.0849417
0.435382
0.454496
0.179936
0.119204
0.396748
0.523809
0.201213
0.284908
0.12942
0.662
0.20485
0.166007
0.0840968
0.352312
0.390917
0.119173
0.444348
0.126804
0.127409
0.662
0.0377808
0.283406
0.662
0.184061
0.373408
0.662
0.0509656
0.111752
0.128156
0.399817
0.386816
0.146112
0.261041
0.093742
0.102716
0.299316
0.212518
0.662
0.0389336
0.0900371
0.662
0.464702
0.0752546
0.386103
0.662
0.309768
0.662
0.285468
0.590268
0.487172
0.10732
0.569883
0.185129
0.367988
0.41046
0.145787
0.195833
0.263038
0.416198
0.166725
0.274658
0.298636
0.0159875
0.15885
0.0261518
0.23222
0.658906
0.662
0.407045
0.13892
0.461241
0.355645
0.396023
0.47912
0.220243
0.662
0.215031
0.041621
0.662
0.230659
0.144002
0.0715687
0.318977
0.451901
0.106281
0.15493
0.201097
0.219373
0.497919
0.171001
0.433028
0.442031
0.234065
0.662
0.359305
0.208466
0.0937709
0.179102
0.662
0.342976
0.327863
0.332485
0.662
0.131165
0.421069
0.440309
0.385839
0.662
0.431337
0.0666276
0.213192
0.662
0.161193
0.318803
0.063411
0.0222391
0.662
0.101545
0.49607
0.323655
0.392731
0.147341
0.0584316
0.662
0.115589
0.143054
0.55477
0.64001
0.276749
0.126198
0.404948
0.253559
0.512683
0.149564
0.376794
0.59222
0.451363
0.455605
0.190817
0.618349
0.148514
0.0744196
0.662
0.173264
0.14942
0.13758
0.594814
0.662
0.217109
0.0699351
0.229038
0.172196
0.108327
0.274625
0.0925415
0.18924
0.0917878
0.578569
0.503242
0.0443805
0.0670046
0.662
0.225586
0.339417
0.320841
0.389739
0.095425
0.136724
0.506906
0.22363
0.194555
0.53627
0.342269
0.148097
0.662
0.0173246
0.662
0.264305
0.25741
0.123255
0.0831169
0.18081
0.0748669
0.662
0.218162
0.249381
0.110767
0.662
0.572063
0.219016
0.134267
0.662
0.474914
0.0962695
0.171245
0.251178
0.314438
0.26003
0.116878
0.148687
0.268199
0.489556
0.186621
0.662
0.237222
0.0643679
0.615431
0.457814
0.35887
0.233141
0.496147
0.107153
0.305835
0.662
0.218078
0.323259
0.222012
0.134917
0.44205
0.662
0.559404
0.662
0.662
0.449131
0.443329
0.14318
0.662
0.156332
0.485724
0.662
0.662
0.0413868
0.218557
0.12358
0.413468
0.662
0.160831
0.602298
0.0152478
0.202292
0.216706
0.474009
0.308072
0.249446
0.437309
0.17817
0.294926
0.0434549
0.193736
0.473502
0.411774
0.662
0.331461
0.189265
0.0830991
0.204649
0.433576
0.0591142
0.235975
0.213278
0.451336
0.608257
0.630595
0.662
0.0799175
0.0998805
0.241743
0.662
0.614823
0.662
0.332234
0.594296
0.0911918
0.662
0.12522
0.0878212
0.106587
0.377024
0.169531
0.231834
0.662
0.302369
0.0355679
0.14727
0.123979
0.177732
0.236076
0.662
0.224633
0.662
0.139392
0.130866
0.252497
0.662
0.662
0.234919
0.41819
0.140696
0.662
0.146319
0.364409
0.662
0.0192161
0.103189
0.192862
0.357218
0.145503
0.662
0.147472
0.0925973
0.508145
0.579049
0.128796
0.662
0.662
0.0404877
0.135775
0.493813
0.242061
0.662
0.0455852
0.0958273
0.0390961
0.19633
0.270365
0.571274
0.213385
0.605457
0.136113
0.635933
0.0428466
0.188848
0.203726
0.0830815
0.555562
0.564476
0.0441285
0.100539
0.222336
0.261896
0.662
0.0199146
0.662
0.529005
0.662
0.0597087
0.158507
0.0420203
0.103756
0.397188
0.030934
0.244212
0.662
0.118837
0.226883
0.662
0.662
0.135408
0.281733
0.662
0.201314
0.662
0.217585
0.18429
0.372646
0.125927
0.10611
0.0782428
0.00176594
0.662
0.168108
0.662
0.58618
0.662
0.662
0.465199
0.217445
0.218314
0.0485514
0.257515
0.113666
0.568083
0.0788118
0.39006
0.662
0.214632
0.0548388
0.571043
0.0750255
0.627682
0.0800939
0.662
0.233245
0.662
0.662
0.662
0.461499
0.662
0.0763106
0.327505
0.662
0.662
0.259221
0.430534
0.0516843
0.103317
0.374898
0.382371
0.105915
0.329505
0.299871
0.662
0.0139814
0.177714
0.153056
0.427835
0.153983
0.081659
0.429328
0.0845712
0.117753
0.349248
0.0537914
0.384916
0.378021
0.662
0.662
0.662
0.137515
0.194335
0.346427
0.662
0.662
0.399164
0.0189436
0.107576
0.177819
0.274146
0.136957
0.113493
0.559927
0.312538
0.662
0.221961
0.662
0.662
0.160943
0.662
0.303744
0.662
0.160127
0.492931
0.426783
0.245804
0.310896
0.237836
0.127743
0.540383
0.394293
0.0717436
0.0766
0.32037
0.268566
0.190471
0.0722836
0.152115
0.119592
0.14001
0.0753801
0.445928
0.172158
0.0399532
0.662
0.633488
0.346251
0.126423
0.21774
0.534305
0.308344
0.192941
0.38566
0.426627
0.183903
0.166055
0.197534
0.221422
0.201578
0.201746
0.351887
0.341005
0.480687
0.662
0.199758
0.0751086
0.113761
0.426211
0.171021
0.123791
0.428848
0.47546
0.177177
0.392257
0.662
0.16518
0.211952
0.11147
0.662
0.662
0.106184
0.0907248
0.391687
0.232565
0.0680023
0.330356
0.590637
0.132207
0.591241
0.276162
0.662
0.124321
0.53169
0.252722
0.281167
0.659674
0.224407
0.436083
0.662
0.408536
0.0599584
0.380755
0.0210894
0.662
0.662
0.15857
0.246098
0.181132
0.0626167
0.0954049
0.662
0.153087
0.662
0.624247
0.662
0.138633
0.662
0.266472
0.0600176
0.603085
0.375058
0.135716
0.175183
0.0967127
0.330446
0.294004
0.127239
0.0630887
0.662
0.218585
0.191985
0.125301
0.0247821
0.13965
0.181123
0.662
0.0559853
0.0309152
0.626023
0.095585
0.10941
0.662
0.410367
0.158344
0.056288
0.662
0.662
0.662
0.424191
0.143022
0.424038
0.331452
0.263128
0.611402
0.662
0.662
0.19105
0.662
0.0988312
0.441023
0.662
0.0622932
0.537272
0.631007
0.662
0.168709
0.101427
0.280024
0.0703343
0.556045
0.154405
0.662
0.448175
0.0485095
0.662
0.662
0.662
0.483302
0.228638
0.110828
0.662
0.106623
0.125448
0.0869343
0.250634
0.0425033
0.121204
0.156765
0.662
0.662
0.0786311
0.209539
0.1844
0.662
0.146574
0.232238
0.662
0.639119
0.390383
0.126001
0.164323
0.310643
0.128061
0.0831678
0.134824
0.353978
0.201187
0.184062
0.0960378
0.100635
0.0733967
0.365355
0.0566095
0.282636
0.169475
0.126771
0.097973
0.0139472
0.623359
0.662
0.662
0.0803748
0.662
0.614753
0.662
0.476992
0.141819
0.662
0.662
0.0939393
0.323913
0.313087
0.0797246
0.243136
0.194764
0.662
0.423365
0.662
0.159743
0.253285
0.232161
0.17187
0.106433
0.459406
0.647624
0.167429
0.662
0.541846
0.167796
0.11818
0.103456
0.662
0.0815043
0.213897
0.662
0.285327
0.596252
0.0501941
0.180934
0.0857834
0.662
0.171855
0.213296
0.662
0.170873
0.364181
0.523031
0.487641
0.662
0.364709
0.216715
0.373121
0.324268
0.662
0.273995
0.0260752
0.633391
0.0972254
0.311322
0.662
0.662
0.662
0.0145568
0.213299
0.175211
0.0261543
0.662
0.401949
0.376619
0.662
0.0163614
0.558937
0.329992
0.145206
0.662
0.172341
0.181782
0.467995
0.0915542
0.502493
0.192841
0.662
0.0968294
0.0933246
0.0824059
0.603544
0.485452
0.662
0.235251
0.218297
0.19911
0.289026
0.662
0.164489
0.231847
0.149106
0.0253041
0.662
0.0769995
0.324328
0.270239
0.662
0.0978128
0.291633
0.037301
0.158303
0.286766
0.109291
0.19921
0.662
0.327573
0.337122
0.239006
0.0830317
0.662
0.514852
0.324626
0.493083
0.662
0.196604
0.60262
0.354426
0.168357
0.211709
0.177618
0.243205
0.275619
0.290995
0.240037
0.662
0.0882629
0.0947978
0.662
0.662
0.251697
0.662
0.132057
0.26998
0.33233
0.662
0.254021
0.662
0.205879
0.486046
0.204004
0.0849786
0.37019
0.0887729
0.662
0.124481
0.662
0.0493682
0.116612
0.0504237
0.0553038
0.442184
0.662
0.287004
0.157186
0.127944
0.662
0.236659
0.662
0.118878
0.0172496
0.345407
0.191829
0.452866
0.00244859
0.267398
0.662
0.662
0.0620435
0.143546
0.0983268
0.0866369
0.662
0.140833
0.216063
0.0735598
0.189548
0.0530977
0.31587
0.591184
0.0226208
0.662
0.318332
0.130871
0.612665
0.662
0.662
0.177914
0.662
0.130551
0.349249
0.662
0.160108
0.0599236
0.236979
0.107685
0.475274
0.259562
0.268364
0.388685
0.297691
0.0775513
0.276207
0.228467
0.662
0.334968
0.634632
0.351832
0.268393
0.0997583
0.289626
0.274615
0.178628
0.0536524
0.195527
0.138704
0.0667563
0.605148
0.349829
0.131461
0.459131
0.179935
0.0862506
0.211072
0.361601
0.662
0.147421
0.23758
0.151775
0.606377
0.0960634
0.298702
0.136023
0.083253
0.349721
0.662
0.662
0.662
0.46568
0.13398
0.203748
0.662
0.0616146
0.117724
0.662
0.0466178
0.180893
0.0850802
0.135987
0.569971
0.121862
0.413638
0.662
0.139826
0.649716
0.522165
0.511697
0.662
0.662
0.552878
0.662
0.347998
0.10782
0.239168
0.662
0.662
0.275429
0.193267
0.00229384
0.104782
0.0544089
0.227072
0.22813
0.287774
0.662
0.062294
0.174449
0.662
0.302188
0.155008
0.252529
0.652684
0.365192
0.0907508
0.149286
0.104962
0.290725
0.662
0.16175
0.360232
0.209998
0.238847
0.229915
0.10253
0.43673
0.431595
0.165623
0.426924
0.28458
0.0476628
0.662
0.662
0.182034
0.372016
0.185219
0.0482813
0.0119452
0.189047
0.451889
0.254969
0.450641
0.478909
0.232419
0.173635
0.0728736
0.340265
0.662
0.384576
0.270137
0.485285
0.19528
0.0738916
0.662
0.209961
0.193451
0.662
0.102246
0.36993
0.56782
0.662
0.446032
0.662
0.170006
0.3326
0.35935
0.662
0.42312
0.0646984
0.399258
0.0443459
0.222549
0.0982646
0.662
0.378068
0.662
0.316477
0.222755
0.662
0.116604
0.152902
0.600267
0.316718
0.496416
0.662
0.289219
0.398485
0.353374
0.662
0.431818
0.209093
0.662
0.662
0.000470874
0.0677345
0.0925736
0.216481
0.364126
0.358139
0.0655133
0.60573
0.0361775
0.365545
0.169487
0.236848
0.293251
0.662
0.221959
0.302868
0.611732
0.190501
0.240267
0.0828139
0.177758
0.662
0.355877
0.124811
0.458708
0.303477
0.229145
0.567356
0.152755
0.208171
0.494194
0.0231586
0.662
0.20354
0.662
0.0305853
0.418995
0.601878
0.243889
0.662
0.18278
0.662
0.182925
0.342161
0.229228
0.104744
0.176997
0.662
0.662
0.206631
0.0187598
0.119795
0.662
0.662
0.662
0.0684261
0.378322
0.110568
0.662
0.502812
0.320453
0.272763
0.0568522
0.228575
0.132697
0.319623
0.127242
0.00769581
0.309244
0.394981
0.598535
0.219062
0.662
0.662
0.212965
0.0839503
0.326354
0.299935
0.662
0.662
0.276745
0.209436
0.225627
0.175112
0.595565
0.23973
0.662
0.662
0.0545816
0.341933
0.335247
0.214609
0.0134961
0.167607
0.248984
0.38249
0.196218
0.643822
0.248913
0.317841
0.0984481
0.169067
0.662
0.238947
0.176932
0.0956235
0.105781
0.662
0.131423
0.34915
0.662
0.146229
0.558222
0.144467
0.18011
0.0865295
0.0302902
0.539074
0.435474
0.0285129
0.662
0.0704145
0.662
0.0053109
0.318076
0.662
0.662
0.339721
0.494527
0.390266
0.0643561
0.662
0.407125
0.0473044
0.10562
0.0859807
0.0965363
0.194935
0.662
0.662
0.199799
0.122422
0.197245
0.194384
0.366118
0.641394
0.662
0.153529
0.185794
0.289641
0.0938685
0.503382
0.499439
0.292257
0.662
0.23836
0.0534778
0.0671001
0.0910581
0.662
0.662
0.662
0.0656051
0.163779
0.662
0.225876
0.602194
0.140132
0.415077
0.328909
0.379505
0.151235
0.346548
0.662
0.662
0.177524
0.45186
0.225718
0.424036
0.126343
0.04648
0.323182
0.174618
0.662
0.107424
0.226148
0.352451
0.178295
0.148872
0.114798
0.504955
0.38509
0.248329
0.188274
0.662
0.662
0.516297
0.662
0.107776
0.247698
0.120033
0.0697008
0.377549
0.128383
0.448572
0.129454
0.434146
0.318642
0.0866018
0.662
0.387306
0.242123
0.662
0.497033
0.662
0.378817
0.662
0.662
0.0383775
0.104026
0.274419
0.248826
0.157057
0.114533
0.239066
0.40187
0.181288
0.296957
0.265969
0.107156
0.539275
0.171826
0.638012
0.0759193
0.338813
0.112327
0.662
0.662
0.654818
0.449186
0.343182
0.0937704
0.0790138
0.0439838
0.209387
0.174719
0.174201
0.523564
0.375995
0.204546
0.662
0.533157
0.119047
0.662
0.326759
0.251535
0.176718
0.284438
0.662
0.3516
0.167205
0.662
0.153407
0.236594
0.16722
0.662
0.599059
0.149906
0.619742
0.162928
0.662
0.105069
0.332889
0.0918689
0.155132
0.562161
0.41759
0.208647
0.662
0.412359
0.506632
0.662
0.206809
0.662
0.507347
0.63299
0.0665784
0.386708
0.549948
0.662
0.135948
0.662
0.167496
0.662
0.236112
0.396421
0.191439
0.253342
0.629706
0.366321
0.0773707
0.296053
0.159317
0.223975
0.0688374
0.0783525
0.662
0.394487
0.145913
0.167377
0.112579
0.0413289
0.170431
0.0842225
0.618645
0.662
0.423917
0.0659793
0.0811648
0.102607
0.197364
0.341804
0.662
0.123015
0.662
0.0881771
0.104612
0.181195
0.131274
0.211591
0.586107
0.339039
0.662
0.662
0.137653
0.466875
0.164706
0.662
0.154982
0.203829
0.662
0.662
0.0675738
0.100719
0.334523
0.173964
0.662
0.564364
0.250131
0.268682
0.662
0.0995395
0.234157
0.237412
0.172364
0.662
0.638571
0.095253
0.0443539
0.0443926
0.129507
0.0862054
0.342359
0.617824
0.224178
0.0767087
0.31565
0.0465988
0.0698675
0.662
0.565331
0.224243
0.662
0.138731
0.0375309
0.0672821
0.146248
0.662
0.0697968
0.0895542
0.541735
0.178147
0.0565868
0.509977
0.662
0.662
0.5093
0.662
0.500821
0.110343
0.181515
0.140776
0.662
0.115547
0.0653764
0.1116
0.511592
0.481078
0.0534542
0.662
0.0998059
0.0330198
0.662
0.14905
0.0588404
0.662
0.080162
0.619086
0.160228
0.322227
0.248098
0.338807
0.216494
0.301339
0.10972
0.662
0.0930402
0.555805
0.157126
0.25591
0.0445164
0.177891
0.595305
0.430744
0.0913489
0.0973042
0.416863
0.634227
0.0613608
0.610272
0.223039
0.662
0.0527072
0.229838
0.629706
0.256082
0.0211012
0.0941581
0.223985
0.0064993
0.662
0.156032
0.662
0.0820161
0.158616
0.397513
0.0780433
0.458682
0.662
0.127067
0.466768
0.139333
0.0682634
0.21267
0.319241
0.363205
0.161203
0.126593
0.123392
0.107364
0.0304261
0.0782461
0.27503
0.357452
0.662
0.250077
0.204355
0.662
0.253552
0.369168
0.189531
0.426603
0.12818
0.311056
0.195668
0.222521
0.0795407
0.662
0.662
0.11586
0.0778254
0.0684313
0.0709182
0.264894
0.171326
0.573113
0.357044
0.585792
0.662
0.0820551
0.0834607
0.35764
0.277489
0.315728
0.662
0.174732
0.0795386
0.563281
0.162293
0.432716
0.0891095
0.314616
0.196406
0.662
0.366342
0.216509
0.202685
0.0385595
0.337483
0.662
0.214939
0.42678
0.0315143
0.251411
0.188675
0.545078
0.484707
0.102034
0.439168
0.203808
0.662
0.145429
0.269165
0.662
0.662
0.0716013
0.14526
0.304294
0.288769
0.0721436
0.387389
0.0990159
0.0662469
0.0793446
0.156926
0.345797
0.10803
0.0729904
0.160444
0.0840268
0.391593
0.139972
0.0906416
0.0784629
0.566407
0.459783
0.00656742
0.162483
0.372095
0.533942
0.402136
0.500657
0.0590339
0.117627
0.195586
0.662
0.104284
0.33974
0.110819
0.662
0.579916
0.44132
0.35047
0.0621878
0.662
0.422796
0.0178797
0.457392
0.303991
0.21978
0.178431
0.128667
0.528905
0.0721747
0.662
0.156119
0.153741
0.382054
0.0312768
0.154322
0.351272
0.193154
0.612529
0.124806
0.101137
0.100472
0.16377
0.119502
0.156653
0.26524
0.646702
0.662
0.0988798
0.078801
0.394172
0.0965384
0.149369
0.492445
0.343459
0.662
0.229038
0.446253
0.0606784
0.370616
0.193101
0.105432
0.662
0.175559
0.662
0.541511
0.173745
0.157171
0.150532
0.0399318
0.424939
0.662
0.319804
0.505353
0.0240366
0.517184
0.662
0.662
0.662
0.662
0.141117
0.562698
0.349561
0.662
0.307304
0.662
0.610633
0.555563
0.153583
0.603251
0.165347
0.0596232
0.0991222
0.474416
0.662
0.0879097
0.117759
0.136156
0.11061
0.0390015
0.102366
0.662
0.254334
0.627732
0.503802
0.197254
0.228175
0.078603
0.0549732
0.478867
0.224873
0.214419
0.662
0.0144706
0.219993
0.0746377
0.312792
0.165505
0.232796
0.114272
0.662
0.505416
0.662
0.0903341
0.132947
0.0165489
0.0276575
0.284012
0.26429
0.144325
0.161097
0.662
0.662
0.115649
0.197658
0.140557
0.168956
0.315657
0.307017
0.662
0.662
0.662
0.10103
0.241269
0.0799834
0.0849105
0.219744
0.547497
0.166106
0.622202
0.085329
0.0274004
0.0865534
0.0589985
0.201412
0.111047
0.276697
0.13522
0.662
0.113942
0.159746
0.173732
0.0662234
0.662
0.529277
0.205983
0.478171
0.154236
0.112044
0.0704777
0.111113
0.152492
0.386442
0.00185844
0.340919
0.406814
0.0761505
0.0256012
0.662
0.662
0.25277
0.662
0.650983
0.0767372
0.282432
0.10442
0.0148134
0.316262
0.662
0.16653
0.132777
0.516507
0.137462
0.0374322
0.486162
0.640672
0.662
0.468693
0.318252
0.225172
0.662
0.625577
0.219815
0.0968615
0.223129
0.117511
0.26303
0.51764
0.199228
0.653125
0.0474142
0.662
0.156751
0.231971
0.516995
0.448283
0.450023
0.173923
0.0955624
0.30456
0.635121
0.194955
0.0914733
0.469063
0.202107
0.0698879
0.31915
0.0431107
0.184566
0.346434
0.125736
0.399539
0.618395
0.662
0.435625
0.0723525
0.662
0.56909
0.242815
0.113174
0.11352
0.0618962
0.662
0.253639
0.662
0.584547
0.662
0.484469
0.548651
0.662
0.662
0.322242
0.293709
0.597526
0.211361
0.662
0.167
0.0562034
0.123046
0.0642679
0.122888
0.662
0.662
0.259356
0.662
0.341462
0.299998
0.662
0.110278
0.126877
0.0741476
0.0162033
0.398121
0.401723
0.662
0.551708
0.302615
0.0586675
0.0631274
0.469973
0.197969
0.0635573
0.216056
0.164235
0.259498
0.0621833
0.138192
0.662
0.302925
0.40667
0.304003
0.193815
0.660984
0.35307
0.0491451
0.13338
0.277621
0.480114
0.545107
0.285304
0.113001
0.662
0.120548
0.662
0.0466707
0.662
0.475906
0.239799
0.662
0.405525
0.52047
0.662
0.662
0.496391
0.0139481
0.662
0.100547
0.0927229
0.662
0.0632541
0.288658
0.103824
0.662
0.535914
0.555628
0.110752
0.212928
0.1133
0.391207
0.0922064
0.533919
0.0835976
0.122901
0.0797625
0.662
0.133332
0.159412
0.313389
0.145881
0.662
0.0277204
0.354785
0.0502769
0.191114
0.12051
0.662
0.284677
0.313852
0.181001
0.248188
0.662
0.220154
0.577638
0.23636
0.148072
0.270577
0.662
0.494154
0.481213
0.0919907
0.599797
0.579544
0.296729
0.060768
0.50814
0.314403
0.230052
0.229714
0.381913
0.218582
0.361071
0.467161
0.662
0.0352022
0.147811
0.662
0.203391
0.662
0.0353784
0.212487
0.332067
0.226191
0.295422
0.0990438
0.296732
0.662
0.662
0.144089
0.309025
0.195941
0.196712
0.28044
0.0778542
0.413487
0.391951
0.417998
0.195962
0.662
0.652013
0.204413
0.00646925
0.19544
0.116528
0.584895
0.35934
0.244519
0.393563
0.392803
0.662
0.402344
0.258339
0.525869
0.205881
0.0230397
0.178101
0.239764
0.0723716
0.30721
0.277131
0.662
0.153496
0.465086
0.375573
0.243576
0.0631726
0.246622
0.0417993
0.17053
0.104505
0.187596
0.662
0.419591
0.662
0.182362
0.207668
0.253809
0.506258
0.0533023
0.0930665
0.0282071
0.272178
0.0735538
0.616385
0.648336
0.662
0.475338
0.13832
0.0669573
0.300811
0.229665
0.567594
0.167208
0.646187
0.133238
0.28156
0.0120499
0.306639
0.0787435
0.0832733
0.662
0.0952708
0.0443081
0.460131
0.656701
0.0916721
0.1153
0.102765
0.199593
0.662
0.0527973
0.12561
0.662
0.29056
0.340087
0.0857492
0.25121
0.233215
0.265777
0.0978465
0.662
0.189323
0.188295
0.662
0.190405
0.662
0.228414
0.527517
0.270558
0.662
0.055956
0.40804
0.0934236
0.662
0.203238
0.662
0.574025
0.0438081
0.410562
0.264454
0.320706
0.355682
0.487277
0.662
0.662
0.286814
0.0821633
0.342799
0.0125201
0.662
0.118271
0.0608506
0.112832
0.150357
0.662
0.087898
0.337815
0.255161
0.340943
0.556439
0.0706842
0.179104
0.0774364
0.356202
0.0363239
0.338824
0.46765
0.662
0.176458
0.662
0.353283
0.296319
0.191891
0.0244531
0.662
0.662
0.547284
0.134781
0.0589324
0.242037
0.0830323
0.248586
0.240954
0.427339
0.11892
0.477557
0.302458
0.513767
0.0711547
0.662
0.198855
0.14105
0.662
0.662
0.459486
0.165343
0.133389
0.0280941
0.237481
0.252883
0.328242
0.305437
0.151189
0.33412
0.662
0.166814
0.35513
0.662
0.362654
0.590207
0.0960974
0.662
0.662
0.662
0.147093
0.213308
0.662
0.198397
0.323662
0.370194
0.225936
0.662
0.619549
0.135423
0.662
0.522404
0.662
0.0537747
0.662
0.518236
0.132346
0.2377
0.209876
0.173719
0.591838
0.267235
0.282753
0.183446
0.194423
0.630811
0.384838
0.032662
0.365003
0.217166
0.652986
0.286757
0.162255
0.640415
0.506434
0.6072
0.269595
0.283131
0.295723
0.662
0.226404
0.0222517
0.206582
0.00331617
0.153818
0.164204
0.130937
0.0871075
0.12627
0.289633
0.662
0.0806243
0.662
0.593074
0.117425
0.207885
0.662
0.0904879
0.0662278
0.343457
0.59305
0.662
0.150118
0.117235
0.342465
0.191158
0.100654
0.578604
0.662
0.515156
0.219003
0.662
0.327258
0.272787
0.0387947
0.294079
0.662
0.110391
0.0357321
0.0973121
0.220668
0.631109
0.631924
0.0763069
0.213012
0.662
0.662
0.662
0.55907
0.584965
0.231705
0.34829
0.191714
0.112342
0.269324
0.038181
0.0606645
0.131536
0.662
0.208798
0.0602918
0.189884
0.32469
0.662
0.378493
0.152005
0.262256
0.272193
0.368205
0.292391
0.662
0.196146
0.662
0.132706
0.283328
0.280373
0.157411
0.250323
0.309265
0.565811
0.110392
0.510625
0.0721104
0.0557688
0.054206
0.12095
0.662
0.0872295
0.44329
0.254058
0.662
0.138359
0.169538
0.00163323
0.662
0.184762
0.479479
0.204315
0.119643
0.479299
0.215144
0.107259
0.458518
0.140037
0.24509
0.257863
0.662
0.662
0.0756226
0.187531
0.191254
0.259718
0.239339
0.0942499
0.224838
0.0538253
0.662
0.105978
0.21583
0.0671001
0.620975
0.469491
0.069297
0.324983
0.662
0.285773
0.123879
0.343815
0.267502
0.518928
0.0922999
0.124524
0.662
0.0479832
0.582884
0.309269
0.124414
0.133583
0.549972
0.388404
0.355094
0.284113
0.557179
0.36829
0.504252
0.525583
0.0972994
0.662
0.415006
0.0976718
0.662
0.452408
0.360983
0.105215
0.13231
0.0401117
0.271618
0.115895
0.204367
0.314895
0.662
0.0982327
0.46643
0.348472
0.129893
0.0103686
0.272124
0.530491
0.0550046
0.497828
0.662
0.104354
0.467907
0.052525
0.00503333
0.236533
0.662
0.154031
0.355676
0.350018
0.662
0.140947
0.662
0.132114
0.148114
0.262899
0.499709
0.662
0.21386
0.255223
0.326534
0.228548
0.662
0.0980991
0.662
0.346887
0.662
0.662
0.662
0.471909
0.662
0.247215
0.662
0.397389
0.18765
0.662
0.0440235
0.411543
0.235312
0.487602
0.15234
0.179865
0.0386506
0.662
0.486728
0.662
0.0341777
0.179302
0.431524
0.282856
0.649732
0.258655
0.662
0.499608
0.662
0.654915
0.0404643
0.515383
0.521748
0.0563053
0.152008
0.44218
0.662
0.0782158
0.0307889
0.225227
0.0715046
0.489251
0.0856483
0.251527
0.257451
0.358545
0.662
0.318781
0.111125
0.662
0.164077
0.503838
0.662
0.0568326
0.00601572
0.126082
0.289353
0.396943
0.121083
0.0929003
0.377222
0.109186
0.0802816
0.0925315
0.386302
0.314485
0.206123
0.087745
0.500599
0.0649782
0.147559
0.130083
0.18088
0.390674
0.255066
0.163848
0.393969
0.26205
0.396376
0.268522
0.1589
0.22506
0.13688
0.662
0.411825
0.28388
0.17051
0.100787
0.662
0.456389
0.133459
0.172816
0.180222
0.0828364
0.272095
0.433217
0.0843471
0.152293
0.081572
0.0786937
0.080017
0.662
0.662
0.186818
0.218915
0.418845
0.173056
0.0909369
0.309031
0.137943
0.363923
0.391493
0.349103
0.274235
0.044111
0.662
0.0691931
0.662
0.662
0.218417
0.166867
0.275556
0.181794
0.134751
0.467456
0.104797
0.0744891
0.40475
0.633694
0.280167
0.0945113
0.159572
0.271888
0.232803
0.230427
0.393148
0.158867
0.0985483
0.123452
0.27223
0.122
0.0133727
0.0810964
0.662
0.127501
0.662
0.0773052
0.593451
0.662
0.594949
0.154966
0.190666
0.392726
0.210576
0.248099
0.662
0.0778081
0.64209
0.2658
0.355466
0.308785
0.662
0.5231
0.47079
0.539954
0.662
0.369777
0.165449
0.384896
0.133921
0.108645
0.226097
0.0354064
0.250956
0.12166
0.17711
0.359897
0.662
0.0421997
0.592778
0.0423996
0.563319
0.149523
0.470944
0.662
0.285812
0.0341957
0.410932
0.537132
0.499276
0.00665776
0.0651841
0.474637
0.291984
0.290159
0.0457212
0.0842819
0.533847
0.142687
0.662
0.0473975
0.580577
0.662
0.171785
0.662
0.44073
0.534899
0.016764
0.0752031
0.662
0.126922
0.10357
0.212933
0.0491024
0.160815
0.359186
0.143355
0.288137
0.34161
0.270115
0.377258
0.189577
0.0580279
0.0538047
0.662
0.082167
0.210186
0.439131
0.168265
0.242009
0.148393
0.118505
0.58597
0.216941
0.507686
0.359886
0.0739412
0.485018
0.46597
0.567317
0.662
0.0980212
0.117909
0.104346
0.113047
0.262939
0.23076
0.256243
0.129583
0.194579
0.15976
0.662
0.187463
0.283606
0.21219
0.171032
0.111481
0.662
0.0281798
0.258435
0.158436
0.339015
0.662
0.591635
0.428236
0.0836605
0.662
0.132093
0.267132
0.154717
0.662
0.114704
0.662
0.297606
0.210759
0.0560544
0.300062
0.322129
0.0185662
0.0137488
0.121326
0.013211
0.103671
0.0402737
0.241942
0.662
0.662
0.662
0.0444372
0.662
0.662
0.164322
0.107753
0.222951
0.135453
0.140938
0.130136
0.402883
0.121816
0.553186
0.453228
0.174391
0.121601
0.195826
0.662
0.163455
0.147319
0.418032
0.0634975
0.183471
0.120161
0.0798587
0.662
0.662
0.112426
0.247521
0.431238
0.118623
0.138209
0.174004
0.0286417
0.662
0.385254
0.221584
0.185824
0.662
0.638313
0.662
0.303834
0.121123
0.662
0.165875
0.334471
0.294314
0.662
0.161422
0.197824
0.662
0.662
0.290226
0.662
0.148283
0.662
0.338573
0.662
0.266358
0.338797
0.136995
0.0896003
0.393888
0.662
0.162755
0.459646
0.200061
0.199971
0.108377
0.609635
0.122122
0.662
0.219295
0.217658
0.349232
0.288733
0.0603345
0.308009
0.590065
0.0778911
0.332711
0.662
0.662
0.346915
0.130687
0.155849
0.238753
0.057164
0.143786
0.662
0.152922
0.290613
0.109208
0.485463
0.341637
0.265462
0.0807255
0.0735961
0.353026
0.112255
0.662
0.662
0.625723
0.363919
0.247198
0.266771
0.515398
0.375605
0.298635
0.662
0.161211
0.387085
0.0727051
0.159871
0.189622
0.152061
0.662
0.662
0.0712422
0.662
0.662
0.564364
0.0317601
0.432109
0.126689
0.662
0.0759691
0.186783
0.100904
0.325951
0.662
0.135892
0.173007
0.043846
0.334684
0.662
0.086273
0.662
0.110334
0.27184
0.346037
0.332066
0.662
0.662
0.353886
0.662
0.234447
0.156636
0.0484474
0.662
0.309749
0.174277
0.662
0.521247
0.182305
0.662
0.167373
0.662
0.212923
0.202493
0.191356
0.662
0.0924747
0.167475
0.442057
0.386651
0.120885
0.428854
0.382737
0.28984
0.054932
0.471222
0.126764
0.0553035
0.158941
0.316502
0.662
0.14928
0.662
0.0491529
0.494601
0.366483
0.662
0.662
0.32376
0.143093
0.0678677
0.612317
0.0548299
0.12157
0.662
0.106833
0.532266
0.00865864
0.327636
0.122343
0.0857904
0.141425
0.106306
0.297505
0.0545845
0.285106
0.421059
0.180874
0.170671
0.114935
0.171896
0.209884
0.376627
0.662
0.3463
0.283251
0.0215838
0.359929
0.116834
0.662
0.246371
0.492632
0.662
0.439455
0.309346
0.0226102
0.597252
0.138266
0.261305
0.132744
0.233932
0.0778521
0.242299
0.0721555
0.137329
0.0992893
0.573634
0.274011
0.144861
0.15365
0.662
0.0816934
0.430433
0.283456
0.248621
0.33677
0.0185209
0.161773
0.402771
0.297458
0.134257
0.233048
0.662
0.0645828
0.196726
0.186127
0.453979
0.662
0.503059
0.662
0.284167
0.365974
0.0218086
0.152962
0.662
0.0565452
0.142988
0.0897579
0.159419
0.662
0.449251
0.27495
0.339938
0.164125
0.158011
0.0937271
0.049643
0.473233
0.25543
0.417777
0.248419
0.662
0.312511
0.531595
0.55514
0.29186
0.193566
0.662
0.0474082
0.135794
0.25923
0.662
0.662
0.313013
0.290342
0.0567785
0.32547
0.360447
0.0414351
0.348431
0.496525
0.0129314
0.0829751
0.443409
0.00503873
0.141171
0.473596
0.338087
0.662
0.217518
0.145624
0.0720299
0.286578
0.388209
0.20566
0.350605
0.462215
0.0608614
0.0590106
0.574161
0.192307
0.174242
0.424638
0.282807
0.0555649
0.300193
0.557011
0.298388
0.255315
0.346154
0.266128
0.662
0.111155
0.0436647
0.33565
0.342586
0.394644
0.662
0.256248
0.127932
0.662
0.662
0.0329148
