0.472521
0.0739296
0.201892
0.662
0.355749
0.382909
0.148824
0.0854782
0.061201
0.410605
0.662
0.0593435
0.383227
0.0663269
0.646142
0.103386
0.121103
0.0749052
0.283831
0.30422
0.579067
0.565607
0.149975
0.141149
0.622385
0.500157
0.22883
0.046471
0.379191
0.115389
0.0646264
0.603433
0.498769
0.459678
0.0541478
0.452883
0.13574
0.396314
0.07245
0.228671
0.662
0.397051
0.110218
0.0941309
0.074801
0.558213
0.161613
0.662
0.662
0.333643
0.531948
0.662
0.360948
0.529644
0.177767
0.0577861
0.188873
0.159852
0.315006
0.662
0.274358
0.120959
0.303622
0.485857
0.181486
0.517413
0.307645
0.126359
0.662
0.376111
0.121937
0.30203
0.326853
0.662
0.0762581
0.326096
0.662
0.0656401
0.28634
0.158051
0.288026
0.618326
0.0140584
0.541997
0.220877
0.229957
0.0703508
0.126443
0.117752
0.619892
0.0586951
0.251169
0.454263
0.100125
0.0583186
0.596213
0.331108
0.490849
0.662
0.207116
0.208926
0.233254
0.0681273
0.0471922
0.155069
0.415477
0.568309
0.22931
0.305649
0.141952
0.163044
0.605719
0.34356
0.108577
0.0663156
0.0815968
0.171202
0.305363
0.178965
0.126969
0.363205
0.202746
0.460919
0.0591919
0.202007
0.0451458
0.197322
0.560698
0.139448
0.149364
0.464962
0.329609
0.0788312
0.631798
0.504248
0.245751
0.115728
0.481402
0.380635
0.134682
0.284228
0.313631
0.221288
0.46886
0.0232753
0.0127683
0.262846
0.207742
0.099495
0.181827
0.331279
0.336189
0.588937
0.513209
0.662
0.167209
0.289764
0.0902438
0.540961
0.0543176
0.615999
0.255311
0.662
0.0799384
0.273147
0.207965
0.163891
0.662
0.250195
0.302513
0.358774
0.373448
0.443737
0.662
0.125913
0.0530125
0.610347
0.662
0.357874
0.260985
0.158339
0.507042
0.225704
0.00956923
0.24617
0.214115
0.0772184
0.3328
0.0798925
0.631402
0.662
0.353773
0.207006
0.25379
0.0290054
0.166385
0.626558
0.40741
0.564609
0.130089
0.106809
0.0692782
0.584117
0.662
0.382083
0.333531
0.582628
0.276624
0.621194
0.381657
0.448823
0.662
0.103416
0.444023
0.350834
0.147264
0.212102
0.0296135
0.118996
0.421745
0.612643
0.229659
0.469393
0.311204
0.399705
0.102965
0.140843
0.072761
0.662
0.0584397
0.0984344
0.193635
0.0646013
0.0656659
0.268627
0.245168
0.472353
0.331561
0.127368
0.0696088
0.12269
0.426826
0.442227
0.0731743
0.233999
0.122662
0.450833
0.512251
0.24227
0.536645
0.204325
0.363709
0.435067
0.216466
0.355344
0.662
0.0802558
0.562469
0.39456
0.0822047
0.187159
0.132786
0.523422
0.598864
0.0946917
0.0194519
0.168598
0.0581897
0.0976925
0.219815
0.159442
0.662
0.383486
0.277206
0.0908952
0.229959
0.0521586
0.182847
0.481075
0.0621241
0.151268
0.203912
0.0648582
0.61107
0.0773515
0.395674
0.051768
0.209373
0.292463
0.644019
0.0480986
0.410829
0.662
0.0356134
0.149042
0.0747795
0.215527
0.069109
0.0450287
0.1525
0.137717
0.272174
0.397893
0.662
0.107691
0.271154
0.58281
0.200594
0.306325
0.627958
0.133073
0.113324
0.662
0.114033
0.0742048
0.141384
0.0405745
0.287308
0.435286
0.507919
0.549498
0.155698
0.204945
0.189846
0.179334
0.583898
0.0950911
0.371252
0.120163
0.433748
0.344859
0.020281
0.662
0.184061
0.350227
0.163826
0.299438
0.461289
0.129278
