0.662
0.124871
0.0225514
0.45557
0.327892
0.0909843
0.265667
0.382135
0.662
0.662
0.662
0.662
0.551638
0.662
0.662
0.121758
0.447234
0.430482
0.443115
0.116585
0.0651768
0.239358
0.246569
0.0464305
0.0786676
0.197275
0.16478
0.662
0.175848
0.129337
0.186165
0.081252
0.231575
0.662
0.411951
0.0867391
0.0611393
0.34552
0.662
0.104206
0.210744
0.312806
0.335795
0.662
0.206502
0.228041
0.662
0.104017
0.0775757
0.106043
0.0811256
0.0389717
0.431619
0.0930557
0.072971
0.0514852
0.20308
0.662
0.0603784
0.662
0.321041
0.127922
0.061772
0.28124
0.662
0.14523
0.122058
0.00428164
0.308471
0.55335
0.662
0.60639
0.405161
0.128116
0.319909
0.256293
0.0154226
0.503097
0.0954755
0.37635
0.26937
0.0341817
0.597579
0.531536
0.421898
0.662
0.662
0.187605
0.103503
0.390167
0.0792347
0.296002
0.662
0.0744285
0.270382
0.382257
0.662
0.606865
0.662
0.662
0.0636118
0.402123
0.152526
0.608795
0.434234
0.0668466
0.376728
0.0521644
0.662
0.0206669
0.662
0.308199
0.308093
0.662
0.066306
0.0488421
0.38584
0.560421
0.124136
0.297549
0.662
0.153462
0.24665
0.0297933
0.13269
0.143756
0.159295
0.662
0.399209
0.0984929
0.108138
0.419982
0.427737
0.0562935
0.567405
0.23619
0.035463
0.48234
0.296039
0.0916288
0.274474
0.662
0.210471
0.17262
0.139817
0.405042
0.115247
0.662
0.101801
0.03023
0.480746
0.222824
0.116085
0.0813909
0.417274
0.662
0.353526
0.14232
0.244948
0.393521
0.051904
0.366167
0.396711
0.228424
0.332532
0.320924
0.448994
0.662
0.662
0.191738
0.45702
0.264624
0.397631
0.201472
0.246359
0.117478
0.134084
0.382436
0.422034
0.364127
0.462048
0.0791349
0.115729
0.147353
0.261107
0.225094
0.118571
0.290096
0.419099
0.317489
0.0536915
0.555704
0.12019
0.136648
0.0983838
0.620909
0.274409
0.662
0.179223
0.123298
0.0845587
0.0199358
0.255287
0.240048
0.0883321
0.330644
0.307245
0.0157781
0.0594072
0.662
0.277806
0.11451
0.0234675
0.19433
0.340723
0.0711779
0.4727
0.19733
0.662
0.0187189
0.662
0.00851199
0.51848
0.159571
0.430833
0.276303
0.42023
0.117355
0.597549
0.208968
0.167534
0.176486
0.110754
0.476137
0.144379
0.194194
0.201879
0.366155
0.409581
0.0249797
0.331551
0.0358513
0.166938
0.348228
0.662
0.0984504
0.445536
0.177702
0.18965
0.544459
0.0792511
0.031327
0.0646535
0.071601
0.181526
0.32354
0.176776
0.651629
0.0894727
0.0405891
0.654823
0.077739
0.305199
0.513563
0.595825
0.0179648
0.0398602
0.177773
0.297875
0.469186
0.164526
0.607623
0.181948
0.082488
0.617324
0.222058
0.146159
0.262401
0.662
0.258075
0.212857
0.0771863
0.584444
0.305074
0.230387
0.0743019
0.0765821
0.36539
0.183254
0.620845
0.662
0.108563
0.195333
0.129682
0.0568143
0.11258
0.193644
0.495012
0.269616
0.112255
0.0864942
0.112682
0.265441
0.129813
0.517034
0.118843
0.313315
0.662
0.155216
0.261777
0.167899
0.0893513
0.326649
0.567399
0.0614637
0.662
0.662
0.0811007
0.662
0.108094
0.029893
0.105281
0.662
0.263932
0.206839
0.662
0.183442
0.301933
0.18767
0.196297
0.1364
0.33307
0.0859416
0.421855
0.486339
0.355809
0.560336
0.297856
0.662
0.135184
0.441229
0.0885866
0.11066
0.323623
0.662
0.39345
0.252131
0.632071
0.156031
0.214971
0.110227
0.265965
0.333482
0.10771
0.178038
0.137692
0.391812
0.215056
0.33481
0.662
0.254599
0.0671529
0.146782
0.662
0.236296
0.0816099
0.403267
0.51899
0.616973
0.216866
0.334279
0.662
0.281485
0.621126
0.074968
0.374026
0.441032
0.14572
0.545249
0.112316
0.147636
0.179197
0.0381358
0.552027
0.103884
0.105169
0.662
0.0242558
0.0527437
0.0561141
0.0519351
0.422395
0.121114
0.493992
0.504937
0.289432
0.496202
0.0751174
0.244211
0.0691006
0.473907
0.146413
0.662
0.212771
0.363676
0.187557
0.291116
0.145591
0.20873
0.117667
0.354074
0.0750263
0.662
0.266203
0.662
0.238398
0.467427
0.271067
0.662
0.0665837
0.117861
0.210986
0.235244
0.236743
0.152932
0.131112
0.218692
0.301477
0.0698283
0.60083
0.0759061
0.662
0.140298
0.479363
0.0817378
0.0516409
0.0951285
0.553979
0.431925
0.371812
0.24698
0.0851228
0.557567
0.482858
0.0373033
0.266149
0.0989228
0.662
0.206945
0.222657
0.089527
0.283164
0.334298
0.061028
0.662
0.327579
0.0696245
0.110549
0.249331
0.058802
0.662
0.0640925
0.472456
0.425364
0.465616
0.0530118
0.105013
0.654026
0.100852
0.433834
0.277511
0.434777
0.485414
0.545647
0.216128
0.310461
0.150678
0.157724
0.142573
0.484846
0.239924
0.163093
0.16256
0.142871
0.366656
0.662
0.153957
0.662
0.257638
0.241315
0.028889
0.662
0.545559
0.212487
0.173471
0.119043
0.253891
0.235029
0.461805
0.117374
0.0865773
0.347364
0.261
0.662
0.16015
0.113717
0.0772367
0.662
0.338073
0.147408
0.175535
0.662
0.335827
0.124968
0.382339
0.0746853
0.111826
0.0612893
0.186937
0.14285
0.662
0.0566568
0.246544
0.129702
0.104103
0.662
0.0878536
0.103266
0.575154
0.0593482
0.495699
0.0418484
0.0600822
0.0790726
0.125141
0.0775409
0.207167
0.650374
0.19118
0.662
0.357978
0.195797
0.554117
0.419031
0.662
0.22209
0.0690883
0.253094
0.252549
0.662
0.154149
0.0944772
0.489883
0.0516054
0.0946636
0.172067
0.662
0.113782
0.120799
0.340244
0.24272
0.662
0.267999
0.183636
0.221626
0.662
0.185854
0.0672487
0.214498
0.0358339
0.251913
0.0315957
0.148388
0.0555949
0.541865
0.662
0.0678856
0.662
0.580113
0.120436
0.0656594
0.662
0.0788091
0.182468
0.662
0.662
0.113766
0.122243
0.387616
0.394638
0.44236
0.194575
0.662
0.245389
0.0404706
0.497344
0.242877
0.253217
0.106925
0.662
0.225542
0.225787
0.0790866
0.281276
0.0678086
0.435661
0.206012
0.248019
0.195961
0.24848
0.438209
0.243796
0.0621372
0.212501
0.106417
0.232468
0.103474
0.28173
0.021291
0.19098
0.0822318
0.139459
0.119434
0.0976501
0.159858
0.396419
0.0795447
0.0778655
0.237683
0.049683
0.0146775
0.234218
0.37791
0.253105
0.580908
0.0613304
0.141005
0.376044
0.383594
0.107947
0.662
0.127047
0.153988
0.146315
0.291505
0.114429
0.268371
0.0634493
0.284872
0.0156591
0.356028
0.184011
0.138126
0.251037
0.662
0.588066
0.174247
0.662
0.19165
0.559301
0.530374
0.0492622
0.143504
0.133064
0.094244
0.662
0.336658
0.435639
0.0938636
0.0578845
0.375249
0.0702595
0.122558
0.189739
0.625626
0.129269
0.269465
0.107676
0.662
0.198126
0.429209
0.167226
0.492135
0.0353218
0.662
0.122662
0.213933
0.112792
0.662
0.460016
0.0679291
0.576881
0.0805293
0.209618
0.662
0.0865646
0.0787932
0.171153
0.127317
0.662
0.0337838
0.1053
0.0755868
0.0883034
0.335766
0.294115
0.199759
0.214047
0.519857
0.368942
0.336158
0.100835
0.0902103
0.087781
0.172657
0.233421
0.662
0.591555
0.662
0.295298
0.662
0.391664
0.0927459
0.593455
0.454203
0.00442287
0.43476
0.245917
0.576399
0.0541231
0.565344
0.253284
0.0357623
0.480185
0.662
0.469331
0.0319974
0.36276
0.0755985
0.287103
0.318927
0.249099
0.260748
0.662
0.469209
0.662
0.438632
0.37241
0.229028
0.18938
0.290404
0.662
0.662
0.103926
0.20768
0.662
0.257321
0.208657
0.114531
0.528694
0.0996408
0.101092
0.377816
0.382304
0.662
0.662
0.472553
0.127981
0.0816591
0.107304
0.0908598
0.242327
0.0793377
0.154666
0.0722196
0.172065
0.662
0.330612
0.118804
0.377369
0.662
0.175648
0.11761
0.152368
0.195751
0.267908
0.379566
0.0669007
0.619983
0.34324
0.0759755
0.263883
0.662
0.537273
0.148283
0.0331419
0.359342
0.226875
0.0871319
0.635546
0.0501955
0.107106
0.245909
0.371893
0.0655241
0.259747
0.651163
0.102244
0.25935
0.0688481
0.128968
0.181803
0.196669
0.594935
0.30035
0.0805761
0.269093
0.0530386
0.26656
0.332722
0.662
0.201234
0.302306
0.311174
0.196425
0.10859
0.662
0.0757658
0.457392
0.276685
0.225306
0.0937489
0.0782199
0.243526
0.0757835
0.230939
0.121788
0.339281
0.451456
0.662
0.0763737
0.149599
0.215285
0.157732
0.35675
0.364276
0.272114
0.216964
0.157985
0.0758079
0.317563
0.491521
0.0652345
0.0674976
0.662
0.034565
0.0642454
0.479799
0.662
0.222014
0.215237
0.160968
0.448787
0.0652967
0.311385
0.248852
0.662
0.0875494
0.0689915
0.617444
0.312574
0.456352
0.662
0.259874
0.494974
0.662
0.0869496
0.127342
0.49594
0.205941
0.0705218
0.510204
0.276298
0.166333
0.608786
0.110614
0.326611
0.162095
0.159758
0.109552
0.269908
0.0709672
0.206584
0.477171
0.320105
0.352839
0.134959
0.662
0.662
0.345238
0.460543
0.209801
0.242376
0.290385
0.662
0.124674
0.402244
0.047872
0.51458
0.182947
0.145713
0.21367
0.108539
0.506357
0.166853
0.394082
0.10902
0.131697
0.263619
0.214796
0.615279
0.0756538
0.350519
0.662
0.250298
0.084532
0.149627
0.578711
0.166039
0.3222
0.517634
0.314943
0.561032
0.156866
0.000746587
0.662
0.473397
0.55585
0.051574
0.353788
0.564544
0.105685
0.00326538
0.10942
0.0479321
0.245383
0.370115
0.0422575
0.130156
0.662
0.0758486
0.171704
0.662
0.228638
0.277873
0.662
0.327588
0.471492
0.0800837
0.662
0.040564
0.429652
0.0394164
0.180891
0.168957
0.60077
0.188612
0.0554933
0.0800916
0.540855
0.242061
0.0608276
0.579571
0.1256
0.152745
0.662
0.465861
0.176902
0.315641
0.182547
0.662
0.317732
0.662
0.208997
0.430752
0.662
0.369571
0.298425
0.0802987
0.0526954
0.245965
0.284085
0.11299
0.141358
0.191682
0.198295
0.342521
0.637922
0.134538
0.662
0.322219
0.474838
0.260158
0.501726
0.0350088
0.662
0.662
0.480963
0.353328
0.662
0.288292
0.139988
0.641017
0.139057
0.380683
0.662
0.505755
0.577258
0.528162
0.0824614
0.208049
0.662
0.662
0.0961061
0.0926617
0.24872
0.312376
0.483855
0.316678
0.0882011
0.464626
0.662
0.0649874
0.152643
0.269337
0.450545
0.478095
0.46225
0.184022
0.662
0.662
0.190567
0.421172
0.271394
0.272771
0.29043
0.662
0.0782779
0.504852
0.520009
0.662
0.662
0.662
0.0993775
0.315325
0.635001
0.117853
0.662
0.197303
0.638594
0.26292
0.178213
0.155554
0.354613
0.662
0.264292
0.116607
0.125638
0.220307
0.662
0.305694
0.193265
0.271749
0.401607
0.215239
0.153737
0.300465
0.491714
0.0524698
0.0990892
0.481068
0.358549
0.364717
0.0624801
0.0895931
0.508218
0.598362
0.419916
0.0710046
0.42173
0.0741876
0.311297
0.169797
0.366307
0.0865888
0.0545758
0.207435
0.108587
0.115548
0.437045
0.0469922
0.280026
0.26868
0.0657083
0.103817
0.141024
0.441548
0.130436
0.333762
0.662
0.662
0.363691
0.150342
0.315347
0.297273
0.31911
0.116908
0.453718
0.0509698
0.0975637
0.662
0.662
0.384905
0.306425
0.0588091
0.0764011
0.0415648
0.662
0.42006
0.193649
0.100619
0.0589662
0.446494
0.035181
0.401351
0.410773
0.662
0.0893824
0.503225
0.0891636
0.205176
0.456684
0.527853
0.296092
0.662
0.319568
0.545931
0.119825
0.0514723
0.0644099
0.511531
0.350819
0.653972
0.436864
0.313914
0.084691
0.0724409
0.356108
0.235803
0.0585774
0.401421
0.290826
0.149819
0.662
0.446403
0.662
0.195478
0.0826486
0.112579
0.0997155
0.662
0.662
0.332637
0.130389
0.138696
0.662
0.30482
0.152026
0.0585091
0.16171
0.188581
0.305349
0.652972
0.620872
0.335115
0.273964
0.0708607
0.0999654
0.542766
0.18625
0.236925
0.325046
0.099961
0.285517
0.0937241
0.0418264
0.0907794
0.138724
0.120574
0.121848
0.393203
0.278536
0.195946
0.662
0.282146
0.662
0.498861
0.662
0.124218
0.490195
0.662
0.645477
0.153458
0.429071
0.145851
0.103232
0.265323
0.0414848
0.067741
0.164826
0.154297
0.0360987
0.328383
0.245242
0.120904
0.451901
0.658538
0.0930875
0.160636
0.0901352
0.51642
0.0617146
0.0553788
0.152683
0.0721555
0.0972481
0.10615
0.188649
0.138876
0.150469
0.662
0.638997
0.403774
0.0988714
0.575433
0.219281
0.179198
0.450338
0.133594
0.445263
0.218345
0.0838045
0.0776323
0.141774
0.0712131
0.496384
0.0361044
0.662
0.189369
0.562175
0.662
0.0803454
0.171395
0.329566
0.321648
0.0622727
0.158983
0.227913
0.197454
0.531072
0.451769
0.18444
0.0734555
0.118989
0.64266
0.548126
0.256269
0.662
0.662
0.32923
0.0393658
0.194725
0.618584
0.0235458
0.312467
0.0801475
0.662
0.0109359
0.0929269
0.173859
0.268328
0.104213
0.178468
0.616007
0.113377
0.360337
0.19585
0.280414
0.0887823
0.0129563
0.420906
0.0830008
0.213851
0.0276551
0.303017
0.234406
0.362142
0.20573
0.0416026
0.0757082
0.151963
0.31148
0.578785
0.314875
0.442959
0.275673
0.207849
0.205904
0.18069
0.346851
0.086086
0.662
0.266352
0.0913152
0.302062
0.0811953
0.399256
0.0339259
0.232155
0.105993
0.662
0.609872
0.159399
0.246376
0.000708404
0.457362
0.228539
0.662
0.023192
0.145611
0.171209
0.601701
0.352179
0.167365
0.22313
0.0620736
0.599658
0.662
0.0833489
0.194643
0.118948
0.662
0.0893396
0.369837
0.0191286
0.0747872
0.101293
0.171314
0.216862
0.384303
0.225314
0.0752399
0.182131
0.646727
0.384487
0.405743
0.0362772
0.143982
0.356404
0.0516487
0.559878
0.213925
0.25432
0.194484
0.662
0.130228
0.131493
0.577679
0.0390524
0.258695
0.113362
0.337618
0.375134
0.336609
0.212815
0.627935
0.0948414
0.279607
0.256396
0.541493
0.165447
0.078802
0.14747
0.462997
0.00327576
0.662
0.662
0.295517
0.00065626
0.205186
0.304273
0.129733
0.662
0.53866
0.194471
0.403211
0.662
0.0023501
0.632156
0.345128
0.662
0.662
0.286146
0.176541
0.215912
0.182078
0.604771
0.398333
0.287879
0.377801
0.197976
0.322414
0.662
0.278718
0.164438
0.359859
0.662
0.0687196
0.184957
0.158495
0.110031
0.662
0.379643
0.297304
0.262055
0.662
0.415272
0.373409
0.340846
0.203235
0.222196
0.0680189
0.648888
0.646967
0.662
0.215886
0.334184
0.126593
0.0992551
0.112023
0.472727
0.0216889
0.0802826
0.233475
0.105038
0.294725
0.132061
0.662
0.407856
0.16736
0.0828324
0.662
0.611122
0.211093
0.662
0.662
0.15477
0.50626
0.193263
0.2746
0.608972
0.332907
0.20442
0.408674
0.180128
0.116737
0.39106
0.216656
0.220131
0.237601
0.364797
0.662
0.458125
0.373759
0.104593
0.101381
0.112447
0.662
0.189598
0.662
0.123298
0.282536
0.050971
0.662
0.119068
0.146516
0.112861
0.0379806
0.425108
0.0346418
0.0896677
0.662
0.662
0.208518
0.0786536
0.302675
0.139489
0.0940919
0.446621
0.0762874
0.42122
0.612245
0.159569
0.30555
0.128379
0.662
0.662
0.441313
0.589206
0.662
0.148067
0.197433
0.14407
0.261407
0.662
0.101585
0.111185
0.0237704
0.530258
0.213643
0.157074
0.289908
0.389634
0.49542
0.237091
0.290578
0.123272
0.261605
0.274177
0.0587992
0.0446682
0.053335
0.131807
0.383258
0.662
0.0608462
0.662
0.283097
0.662
0.24422
0.47165
0.253142
0.0995755
0.0569831
0.0994377
0.20039
0.199331
0.200401
0.433505
0.212202
0.252766
0.458753
0.221965
0.240655
0.139825
0.0776908
0.252972
0.255912
0.095582
0.209654
0.235529
0.662
0.253675
0.151685
0.036662
0.662
0.143033
0.435392
0.662
0.117879
0.0576312
0.570258
0.257321
0.662
0.232423
0.662
0.169094
0.183619
0.0795283
0.662
0.0815164
0.457486
0.104674
0.498659
0.239624
0.09981
0.266664
0.210208
0.253539
0.662
0.662
0.402395
0.0633865
0.314336
0.353589
0.297746
0.262282
0.0974833
0.113067
0.563984
0.340863
0.403112
0.22873
0.151154
0.606527
0.298655
0.10694
0.119042
0.662
0.662
0.376052
0.588323
0.308115
0.662
0.352024
0.0810033
0.455926
0.396828
0.173356
0.524222
0.194456
0.285773
0.181105
0.142216
0.0277413
0.448823
0.148108
0.256434
0.11985
0.0897794
0.662
0.538024
0.0733571
0.571341
0.203805
0.662
0.18012
0.180861
0.388503
0.141697
0.662
0.40997
0.477585
0.25063
0.329717
0.417318
0.344618
0.128808
0.545884
0.662
0.271254
0.64078
0.662
0.197759
0.197142
0.258953
0.13671
0.136279
0.662
0.155936
0.662
0.119385
0.0634719
0.258509
0.0921139
0.357387
0.114177
0.589853
0.390908
0.140006
0.427634
0.54243
0.503614
0.0883892
0.320137
0.397738
0.171313
0.627606
0.303291
0.335965
0.0876144
0.08471
0.0765756
0.0368855
0.0276471
0.325193
0.224527
0.112054
0.256602
0.311141
0.267304
0.147295
0.0924747
0.100395
0.325286
0.184483
0.0759213
0.464294
0.0857913
0.450484
0.148599
0.320563
0.153907
0.194422
0.0607577
0.0377659
0.617363
0.497424
0.529596
0.168879
0.454278
0.279434
0.662
0.473116
0.294187
0.140053
0.296805
0.448925
0.271488
0.105468
0.171622
0.275725
0.0974026
0.246196
0.433719
0.480909
0.188375
0.662
0.244085
0.662
0.0436972
0.108887
0.401648
0.282382
0.296833
0.0656522
0.106225
0.662
0.112478
0.248097
0.0682176
0.207015
0.436248
0.120392
0.162415
0.0895919
0.472014
0.64004
0.262939
0.349006
0.237832
0.0649327
0.662
0.0771205
0.128899
0.234498
0.00104305
0.1504
0.0977599
0.249731
0.326575
0.259162
0.186602
0.177091
0.662
0.131817
0.651542
0.0890383
0.566064
0.495947
0.236864
0.0721444
0.148167
0.136875
0.662
0.195664
0.486817
0.0640453
0.133407
0.662
0.378803
0.0659435
0.0317413
0.235246
0.124882
0.0236998
0.121903
0.277806
0.0674529
0.0591004
0.662
0.662
0.0206309
0.0882654
0.340885
0.03573
0.312387
0.0967181
0.146392
0.365576
0.20409
0.149355
0.0967836
0.0108142
0.18702
0.290592
0.624409
0.394555
0.662
0.264342
0.271337
0.553605
0.140881
0.173878
0.622138
0.0913663
0.220164
0.128485
0.0968454
0.185441
0.609771
0.439899
0.364633
0.171978
0.136967
0.444387
0.274156
0.236665
0.383322
0.278166
0.0324927
0.415592
0.394659
0.0187886
0.195792
0.0404614
0.05397
0.662
0.330655
0.662
0.347137
0.262349
0.389395
0.499445
0.662
0.657436
0.261955
0.358267
0.350094
0.24915
0.355607
0.430181
0.662
0.118492
0.211404
0.167065
0.064404
0.314597
0.112093
0.134313
0.215151
0.0727685
0.346762
0.272215
0.083518
0.331237
0.474034
0.286234
0.12802
0.395726
0.148433
0.244801
0.172518
0.280583
0.113525
0.121016
0.117192
0.483895
0.0250991
0.300661
0.0780392
0.424637
0.121412
0.453465
0.425591
0.48675
0.343043
0.355187
0.169601
0.234065
0.107822
0.367367
0.553236
0.505627
0.0989787
0.243568
0.662
0.191273
0.662
0.662
0.10462
0.15483
0.119973
0.0937467
0.2407
0.662
0.232419
0.0799236
0.221701
0.0832934
0.0680321
0.0971732
0.111592
0.0495565
0.0867211
0.052632
0.662
0.372472
0.233981
0.21791
0.102529
0.38023
0.662
0.0674767
0.0604098
0.52396
0.604474
0.191097
0.206788
0.253263
0.385239
0.334755
0.0882335
0.00884101
0.141334
0.662
0.0218422
0.249974
0.535807
0.372808
0.0772417
0.463192
0.164908
0.662
0.0479131
0.0962398
0.244865
0.389108
0.324407
0.137319
0.172372
0.222548
0.520862
0.0191549
0.20706
0.051683
0.662
0.248218
0.223249
0.471772
0.387459
0.207372
0.268353
0.166084
0.278298
0.403421
0.662
0.135476
0.0990992
0.189113
0.119002
0.360147
0.624877
0.352502
0.119916
0.0752342
0.0976942
0.201169
0.191846
0.300973
0.0966981
0.207555
0.0628218
0.449681
0.199957
0.662
0.182089
0.216768
0.615486
0.187511
0.662
0.474599
0.430665
0.0260423
0.0978015
0.0804402
0.381611
0.30929
0.156561
0.102423
0.113689
0.489474
0.406949
0.101828
0.168935
0.254762
0.286061
0.258143
0.397145
0.105117
0.165281
0.454295
0.38432
0.149273
0.352561
0.130186
0.282204
0.465972
0.265949
0.10946
0.290685
0.00972549
0.173324
0.662
0.164945
0.413952
0.0841836
0.0779406
0.0800971
0.19769
0.662
0.662
0.350551
0.133882
0.662
0.475967
0.137523
0.0457247
0.1252
0.39052
0.51912
0.466815
0.662
0.248022
0.182141
0.0702878
0.662
0.662
0.0103496
0.256789
0.364343
0.286068
0.132237
0.662
0.255268
0.0972558
0.218061
0.42353
0.531625
0.0754134
0.174544
0.0698924
0.0716195
0.385058
0.233055
0.662
0.0992412
0.10313
0.162787
0.662
0.240808
0.340812
0.0534162
0.41435
0.662
0.466821
0.0940869
0.476666
0.317702
0.149574
0.205377
0.662
0.401916
0.569426
0.407671
0.480043
0.110152
0.662
0.0505583
0.293016
0.222592
0.0772631
0.0868059
0.187088
0.286157
0.662
0.642545
0.613583
0.0501875
0.135515
0.18109
0.290563
0.0735506
0.0109692
0.662
0.0626685
0.538355
0.297812
0.662
0.662
0.662
0.132904
0.513753
0.192447
0.662
0.298104
0.0817606
0.662
0.0844032
0.0581755
0.381917
0.0815981
0.0930869
0.103136
0.225529
0.122891
0.124096
0.662
0.196363
0.0587036
0.135969
0.128621
0.29608
0.0797086
0.285052
0.18207
0.180141
0.662
0.0819438
0.258037
0.0317286
0.0849834
0.215957
0.152775
0.310198
0.0983547
0.119926
0.117506
0.448877
0.662
0.389769
0.153257
0.662
0.300333
0.103939
0.146927
0.116791
0.318879
0.127224
0.165733
0.0614388
0.0615286
0.551678
0.282582
0.180223
0.0864689
0.295959
0.118229
0.662
0.0953499
0.28282
0.0850253
0.22009
0.301485
0.392592
0.121578
0.0247103
0.093271
0.662
0.307276
0.0207932
0.124846
0.0995219
0.0234396
0.224093
0.0123632
0.202723
0.0797615
0.180476
0.39784
0.160424
0.174391
0.0918014
0.435976
0.144589
0.0752063
0.387499
0.0770028
0.0180811
0.0906679
0.604539
0.167219
0.193772
0.481778
0.264431
0.0261185
0.0201529
0.153186
0.123246
0.662
0.0545577
0.303782
0.0603821
0.145203
0.145535
0.150009
0.662
0.575432
0.0514091
0.0834813
0.575069
0.215678
0.233073
0.252074
0.117196
0.0674554
0.55773
0.662
0.653972
0.189883
0.363648
0.605638
0.446291
0.339587
0.274144
0.466641
0.0730691
0.490919
0.295636
0.1033
0.154436
0.662
0.125942
0.0900588
0.135748
0.662
0.491168
0.322223
0.190151
0.203818
0.522789
0.0697804
0.129176
0.111008
0.115738
0.0292892
0.270477
0.662
0.339923
0.662
0.131578
0.181133
0.299811
0.662
0.20029
0.197838
0.259405
0.0597453
0.4531
0.0624252
0.132458
0.293173
0.662
0.228663
0.447323
0.252204
0.116357
0.137367
0.24354
0.662
0.580188
0.12548
0.213184
0.372694
0.205628
0.115846
0.0960755
0.0625862
0.296945
0.441068
0.112022
0.0790782
0.199268
0.342894
0.155288
0.653576
0.0608838
0.0284576
0.303842
0.0760082
0.379348
0.662
0.000344148
0.378001
0.219211
0.499107
0.115699
0.483273
0.662
0.0617621
0.662
0.662
0.169529
0.0934581
0.147249
0.530716
0.591394
0.662
0.156596
0.30933
0.0960674
0.180897
0.472786
0.528373
0.356092
0.129183
0.319415
0.412208
0.0553213
0.0604545
0.224003
0.167728
0.662
0.246416
0.662
0.551009
0.393944
0.662
0.243558
0.246388
0.493146
0.0755162
0.00509443
0.0441009
0.126233
0.296955
0.0910445
0.0934238
0.317229
0.0983702
0.113907
0.393657
0.0780342
0.127142
0.0197785
0.052302
0.649093
0.0561361
0.262082
0.223039
0.178288
0.113225
0.587387
0.547033
0.617505
0.362663
0.429814
0.275366
0.097358
0.251817
0.0508221
0.131547
0.0918314
0.142422
0.226436
0.307454
0.662
0.662
0.225429
0.033439
0.0508205
0.116305
0.227327
0.414409
0.213384
0.141424
0.662
0.174088
0.215653
0.172047
0.150997
0.203046
0.662
0.4192
0.137067
0.0680133
0.417563
0.330367
0.6313
0.33075
0.606883
0.56391
0.43855
0.120358
0.407943
0.134208
0.394378
0.20115
0.309072
0.141155
0.570289
0.662
0.4665
0.177137
0.092478
0.662
0.0782655
0.0363853
0.0995682
0.418702
0.662
0.264535
0.0669973
0.2124
0.662
0.102603
0.514674
0.12437
0.23412
0.208504
0.145442
0.107236
0.662
0.129584
0.0931317
0.20842
0.59011
0.234725
0.0867053
0.195485
0.114016
0.13543
0.0663458
0.0918754
0.314849
0.178966
0.520877
0.14557
0.487569
0.12022
0.113788
0.662
0.573264
0.662
0.649051
0.142988
0.493735
0.522581
0.477276
0.0313689
0.193537
0.113616
0.113692
0.342305
0.14456
0.215583
0.24952
0.623376
0.136631
0.271553
0.57224
0.122413
0.662
0.662
0.630001
0.38411
0.346398
0.163329
0.0669669
0.245987
0.250957
0.244231
0.662
0.115735
0.295282
0.428171
0.585247
0.326583
0.158311
0.192279
0.104597
0.135727
0.662
0.285835
0.0927969
0.662
0.511269
0.0820556
0.56227
0.159164
0.582445
0.109134
0.312808
0.0913908
0.297955
0.533375
0.662
0.506611
0.17847
0.469956
0.204668
0.0837935
0.353917
0.21209
0.137203
0.662
0.329777
0.0764798
0.162104
0.237969
0.281653
0.0961018
0.252506
0.336601
0.662
0.280301
0.162067
0.0565306
0.662
0.127707
0.213961
0.121612
0.121047
0.501298
0.126102
0.662
0.394434
0.20885
0.662
0.622984
0.293786
0.0730405
0.114751
0.139624
0.256605
0.321982
0.0478236
0.662
0.127484
0.0560147
0.51281
0.0833737
0.172695
0.0291501
0.189124
0.345035
0.316433
0.0662335
0.0215542
0.235752
0.601133
0.0152648
0.413943
0.132896
0.0407289
0.662
0.161243
0.107883
0.603001
0.662
0.179048
0.108371
0.320435
0.00289897
0.396932
0.0567276
0.122614
0.0528367
0.466495
0.209331
0.0564853
0.0807517
0.219111
0.0732978
0.0829198
0.459977
0.115422
0.0996696
0.0146517
0.263774
0.595937
0.450923
0.662
0.24963
0.359837
0.144418
0.0648084
0.570688
0.662
0.172349
0.662
0.327707
0.0692016
0.036131
0.111977
0.0526233
0.0534033
0.0621789
0.568409
0.247882
0.558905
0.283849
0.407179
0.0274429
0.304704
0.193741
0.0850953
0.380921
0.662
0.662
0.662
0.346673
0.104827
0.552562
0.101253
0.293783
0.216504
0.257935
0.10266
0.0726654
0.662
0.635219
0.662
0.130702
0.639342
0.532702
0.116718
0.0760647
0.0580953
0.0774379
0.299903
0.238196
0.18532
0.171377
0.296751
0.24277
0.237981
0.662
0.662
0.662
0.286063
0.321378
0.291363
0.100527
0.473427
0.195371
0.171947
0.03165
0.662
0.139695
0.662
0.057396
0.662
0.499141
0.194938
0.129202
0.0501414
0.179607
0.560138
0.662
0.204751
0.662
0.0997369
0.29894
0.662
0.204192
0.0615938
0.505267
0.116423
0.290032
0.662
0.44618
0.268595
0.662
0.20881
0.312832
0.114935
0.487831
0.053067
0.107269
0.316293
0.662
0.1667
0.662
0.365933
0.110639
0.144288
0.368818
0.2308
0.513664
0.111332
0.600866
0.662
0.600787
0.662
0.144279
0.195289
0.104023
0.0516907
0.157043
0.662
0.418954
0.291213
0.266617
0.0955333
0.0484992
0.645563
0.117182
0.449808
0.121345
0.281203
0.256268
0.136229
0.662
0.632763
0.662
0.662
0.112777
0.55744
0.494664
0.610824
0.118369
0.103403
0.197888
0.308006
0.662
0.146853
0.457928
0.0458609
0.242419
0.0586723
0.314107
0.662
0.474252
0.197639
0.19315
0.103583
0.0619016
0.662
0.214791
0.0716658
0.196698
0.110852
0.128064
0.117101
0.173695
0.178387
0.4557
0.662
0.204618
0.662
0.340118
0.19958
0.662
0.37874
0.0226368
0.662
0.652239
0.101577
0.384842
0.256991
0.296378
0.110705
0.662
0.178273
0.271643
0.142302
0.0389199
0.236112
0.0529292
0.627311
0.0758796
0.267835
0.191546
0.283311
0.407865
0.662
0.209079
0.453811
0.369132
0.131925
0.111031
0.477671
0.198781
0.262312
0.633758
0.305749
0.115765
0.133198
0.170993
0.397148
0.189402
0.32556
0.135566
0.662
0.197426
0.161044
0.633694
0.139938
0.494911
0.445944
0.429978
0.0809753
0.642681
0.662
0.258518
0.197904
0.0426292
0.170289
0.420972
0.662
0.129451
0.34856
0.662
0.662
0.121927
0.34731
0.0586029
0.51392
0.662
0.489085
0.290485
0.120693
0.467393
0.462119
0.312069
0.384507
0.109586
0.244714
0.141169
0.380903
0.341527
0.0844664
0.191289
0.203681
0.230825
0.248344
0.662
0.143902
0.12273
0.222894
0.174444
0.399377
0.662
0.193446
0.629144
0.36666
0.137491
0.12158
0.0414031
0.32369
0.107718
0.300215
0.075756
0.662
0.164939
0.581747
0.59735
0.662
0.0685981
0.662
0.145875
0.0800353
0.318071
0.354498
0.0435495
0.473204
0.288984
0.534085
0.280582
0.27279
0.662
0.188979
0.0727699
0.662
0.155685
0.0635518
0.0469644
0.251599
0.319851
0.266006
0.2885
0.0645842
0.326155
0.141407
0.27977
0.115826
0.226037
0.0801046
0.141967
0.531617
0.271483
0.313084
0.0552067
0.230729
0.164735
0.529258
0.130972
0.456205
0.161119
0.27018
0.0875263
0.304435
0.0926147
0.115335
0.14639
0.160764
0.561778
0.248429
0.101477
0.419528
0.297335
0.0275767
0.662
0.662
0.245971
0.0204774
0.662
0.0122632
0.371275
0.662
0.309597
0.473009
0.285109
0.23
0.174188
0.0424491
0.125408
0.417376
0.0882091
0.121578
0.177444
0.0295581
0.348607
0.662
0.662
0.0901368
0.154137
0.060149
0.32178
0.283911
0.38748
0.554568
0.539026
0.211626
0.257415
0.249713
0.100273
0.15705
0.0771073
0.526906
0.115538
0.662
0.044989
0.165741
0.264409
0.356802
0.38508
0.132803
0.124366
0.152038
0.662
0.437706
0.577577
0.114527
0.662
0.349509
0.0168875
0.662
0.662
0.537511
0.0708212
0.0794439
0.0838662
0.662
0.0677188
0.0394505
0.423195
0.0660496
0.12028
0.547789
0.135336
0.11204
0.165592
0.26899
0.662
0.358229
0.0683512
0.465401
0.286159
0.314577
0.243013
0.662
0.273557
0.662
0.370011
0.0528184
0.647441
0.381182
0.591103
0.161999
0.239493
0.0216966
0.640785
0.266314
0.100699
0.470341
0.274106
0.234115
0.00606805
0.0897873
0.220752
0.390484
0.131749
0.17528
0.662
0.370185
0.128372
0.662
0.455206
0.546837
0.214571
0.381846
0.215909
0.240993
0.197618
0.493843
0.0915212
0.181568
0.0426516
0.216221
0.285161
0.609465
0.113634
0.662
0.257411
0.0837649
0.409106
0.611613
0.378529
0.248734
0.4329
0.308615
0.275147
0.0540112
0.517706
0.662
0.47524
0.276685
0.133836
0.0798097
0.15785
0.645573
0.0902657
0.276752
0.0191057
0.662
0.137488
0.228711
0.156667
0.124798
0.375528
0.04801
0.662
0.662
0.259325
0.13246
0.211806
0.662
0.0655771
0.226045
0.245723
0.0750203
0.513295
0.337569
0.112863
0.257215
0.284571
0.446863
0.392427
0.382865
0.276269
0.410324
0.445317
0.188001
0.173906
0.0186245
0.160597
0.191442
0.532102
0.662
0.0698692
0.331919
0.196458
0.0485557
0.172893
0.662
0.376808
0.107102
0.231199
0.145694
0.174807
0.204219
0.313403
0.157027
0.556135
0.175688
0.156384
0.226332
0.49591
0.315016
0.662
0.662
0.662
0.662
0.261733
0.197161
0.3007
0.247143
0.0931429
0.185529
0.110073
0.662
0.0965145
0.442556
0.0842533
0.062724
0.0657977
0.662
0.606881
0.211485
0.172183
0.462109
0.331933
0.211038
0.3126
0.0419874
0.0369585
0.516884
0.433697
0.478119
0.463784
0.0882325
0.318873
0.262943
0.662
0.241496
0.0983044
0.0847871
0.348649
0.484256
0.559758
0.415498
0.369863
0.471451
0.107635
0.14514
0.100072
0.418986
0.662
0.105492
0.11766
0.662
0.662
0.064859
0.201219
0.598923
0.0783934
0.0446717
0.363211
0.662
0.113115
0.133452
0.662
0.269231
0.054799
0.662
0.0249136
0.108745
0.166232
0.428476
0.541103
0.0485101
0.0849106
0.0878027
0.662
0.03932
0.129673
0.103687
0.0425174
0.129704
0.0321109
0.410268
0.346204
0.0363974
0.102063
0.0653196
0.0681337
0.0872519
0.311215
0.0982095
0.191731
0.141776
0.123961
0.015508
0.662
0.620962
0.662
0.0438598
0.231642
0.245952
0.372612
0.0900235
0.00432489
0.578869
0.0913545
0.120076
0.355161
0.0425686
0.178226
0.183252
0.0612211
0.268137
0.207557
0.259407
0.325297
0.187933
0.646931
0.172172
0.0637063
0.108115
0.224654
0.0950193
0.276803
0.157402
0.0757261
0.411241
0.268535
0.506753
0.10456
0.334884
0.382153
0.137928
0.44134
0.370821
0.192227
0.150282
0.186586
0.174928
0.580048
0.115623
0.190176
0.205682
0.0933881
0.0905984
0.0779898
0.0455348
0.085075
0.333247
0.478886
0.197183
0.281548
0.170978
0.035858
0.662
0.662
0.106849
0.0861861
0.403841
0.217116
0.531479
0.379596
0.13522
0.0130442
0.0667847
0.352209
0.662
0.0500878
0.213774
0.181556
0.346608
0.267118
0.284598
0.073335
0.589013
0.662
0.240609
0.662
0.0792074
0.408344
0.227826
0.662
0.366101
0.146051
0.362539
0.130501
0.319116
0.662
0.0905604
0.222542
0.431345
0.442353
0.077856
0.564984
0.113309
0.506557
0.662
0.211482
0.448465
0.189315
0.258336
0.662
0.499863
0.322748
0.407113
0.662
0.662
0.640559
0.43566
0.662
0.421769
0.63619
0.0899335
0.00417767
0.0506352
0.275427
0.0970183
0.123039
0.224228
0.365662
0.265158
0.291934
0.253143
0.376847
0.662
0.0477178
0.122653
0.662
0.0969528
0.662
0.662
0.662
0.662
0.428155
0.0891159
0.118778
0.0834808
0.13677
0.490413
0.279269
0.100818
0.420596
0.662
0.0474509
0.562659
0.41295
0.362108
0.0538411
0.345133
0.662
0.145057
0.282739
0.662
0.557192
0.404871
0.13981
0.200576
0.0326744
0.592775
0.558947
0.662
0.119198
0.45234
0.0682443
0.176958
0.147876
0.0557305
0.0150003
0.386566
0.662
0.0606103
0.662
0.146425
0.129142
0.634687
0.149426
0.343584
0.662
0.662
0.124391
0.581898
