0.0606267
0.451819
0.0937548
0.0844289
0.0709633
0.0954562
0.256079
0.0904067
0.148754
0.362975
0.062404
0.120888
0.138507
0.25974
0.502182
0.428466
0.270249
0.274007
0.0587014
0.376639
0.662
0.162671
0.162623
0.0220722
0.0850664
0.600588
0.011155
0.240031
0.331098
0.662
0.131169
0.0971069
0.147205
0.0200893
0.118089
0.215136
0.394935
0.0433112
0.662
0.0604629
0.0894895
0.0950343
0.205728
0.662
0.484895
0.662
0.579058
0.14466
0.0548896
0.079517
0.0755921
0.227215
0.662
0.612264
0.0398329
0.0116039
0.0746332
0.036295
0.419235
0.335073
0.662
0.126773
0.10217
0.116443
0.0726629
0.446305
0.0584355
0.662
0.0845987
0.424974
0.293535
0.129092
0.225151
0.662
0.0801643
0.662
0.32578
0.0615271
0.0885362
0.662
0.0756794
0.216237
0.0698292
0.303544
0.662
0.205234
0.404913
0.0546716
0.10474
0.149989
0.181548
0.205137
0.170898
0.130356
0.357558
0.635827
0.093443
0.556829
0.662
0.374461
0.274465
0.303148
0.167114
0.0557607
0.155819
0.169573
0.637429
0.158408
0.066426
0.151427
0.662
0.169368
0.449474
0.246979
0.447074
0.0640062
0.594635
0.465919
0.312307
0.380602
0.231898
0.662
0.662
0.0534262
0.662
0.373291
0.127818
0.115952
0.00377937
0.388947
0.0922853
0.268628
0.212205
0.264389
0.504212
0.326364
0.13711
0.0899612
0.0831293
0.662
0.20286
0.662
0.662
0.662
0.612691
0.0149255
0.43293
0.43542
0.081837
0.662
0.361353
0.0737718
0.161605
0.249975
0.500409
0.120823
0.178173
0.181717
0.300866
0.491102
0.265159
0.434707
0.352439
0.0684388
0.02058
0.309878
0.642812
0.662
0.662
0.424871
0.662
0.338418
0.00846508
0.506902
0.358287
0.380787
0.139662
0.21866
0.0988641
0.120642
0.263131
0.479716
0.341511
0.186732
0.139257
0.312263
0.259067
0.294977
0.0843502
0.11758
0.168792
0.098742
0.400386
0.654957
0.529318
0.057318
0.056001
0.19809
0.0758313
0.338375
0.261613
0.318858
0.11109
0.0515999
0.587143
0.354992
0.241983
0.0545501
0.536408
0.0806016
0.329771
0.0627726
0.662
0.441025
0.412806
0.182654
0.066449
0.617321
0.178389
0.32029
0.0714832
0.382374
0.233678
0.235525
0.165735
0.423326
0.662
0.0695882
0.387494
0.448499
0.284625
0.232466
0.023334
0.223336
0.237019
0.158716
0.326342
0.0690108
0.306769
0.134178
0.0811186
0.158209
0.261406
0.662
0.484603
0.330159
0.0457622
0.469511
0.170064
0.0668147
0.0641773
0.13934
0.180388
0.162654
0.575662
0.227227
0.525024
0.118776
0.0254677
0.116772
0.662
0.106619
0.14552
0.42417
0.108639
0.0797928
0.103327
0.195901
0.249331
0.123354
0.231956
0.101425
0.0828001
0.473052
0.145848
0.535603
0.0990315
0.0799563
0.327044
0.320585
0.112936
0.337792
0.0622178
0.122787
0.458106
0.0785213
0.294136
0.25569
0.0338379
0.0767973
0.662
0.662
0.189513
0.096999
0.578942
0.163278
0.0147552
0.180153
0.22181
0.662
0.121865
0.474654
0.0901431
0.444454
0.161694
0.367517
0.481734
0.277281
0.0506538
0.0776877
0.0430458
0.662
0.662
0.135673
0.152864
0.033379
0.158882
0.0646999
0.186759
0.517407
0.0608167
0.418493
0.662
0.0664435
0.302977
0.346137
0.136716
0.363363
0.471598
0.662
0.662
0.646677
0.662
0.0551231
0.474841
0.662
0.192558
0.151722
0.261196
0.545228
0.132808
0.19147
0.662
0.419982
0.0988553
0.0946352
0.425423
0.363563
0.149721
0.617559
0.378757
0.244267
0.363066
0.244875
0.188325
0.0774784
0.662
0.042287
0.223033
0.174748
0.0942156
0.0779149
0.662
0.0459698
0.662
0.00998652
0.0169701
0.00530222
0.662
0.418468
0.0848665
0.662
0.167661
0.440749
0.062495
0.59623
0.662
0.0860482
0.199254
0.110676
0.12579
0.142149
0.296559
0.358767
0.0195046
0.106695
0.484657
0.214623
0.230528
0.0983177
0.0918933
0.0763298
0.0817556
0.148548
0.0987468
0.442437
0.372126
0.260777
0.642154
0.0990737
0.311617
0.0931464
0.251977
0.492873
0.490317
0.094587
0.0831786
0.0862641
0.121057
0.39241
0.159154
0.258122
0.0647007
0.156801
0.32859
0.255708
0.105429
0.29536
0.300389
0.199451
0.147734
0.347347
0.0484033
0.0275722
0.662
0.112088
0.177866
0.0932335
0.0655768
0.178466
0.24353
0.32147
0.247474
0.662
0.0990491
0.0725965
0.427305
0.662
0.140252
0.201888
0.179487
0.0204962
0.0860204
0.276461
0.662
0.186099
0.596257
0.335321
0.327247
0.662
0.0141282
0.185003
0.17759
0.168223
0.439722
0.0216956
0.415929
0.450504
0.662
0.131509
0.216307
0.0789341
0.0651268
0.119355
0.463744
0.0693731
0.428163
0.0310735
0.164545
0.188652
0.0497287
0.463054
0.109219
0.141981
0.0917672
0.175039
0.0355373
0.293151
0.329736
0.134757
0.21107
0.288445
0.0953548
0.0689121
0.301495
0.281828
0.39885
0.26237
0.0386526
0.0585376
0.15548
0.228617
0.23788
0.662
0.40442
0.595989
0.0455974
0.136836
0.056538
0.0497494
0.580982
0.0996008
0.124812
0.407638
0.121606
0.412393
0.145869
0.195031
0.304445
0.200587
0.258532
0.662
0.662
0.292239
0.443203
0.350368
0.255435
0.29961
0.178288
0.0106359
0.216543
0.0601919
0.186058
0.129656
0.0560376
0.128701
0.16285
0.141997
0.280927
0.326436
0.277922
0.158803
0.113063
0.0974775
0.0370311
0.0886517
0.0946363
0.560367
0.308139
0.0911812
0.152709
0.0386373
0.662
0.158514
0.0465977
0.223968
0.242074
0.235139
0.0514525
0.229866
0.179269
0.0670248
0.136995
0.343297
0.0999043
0.0462207
0.662
0.13091
0.266639
0.662
0.489083
0.18272
0.150146
0.662
0.290274
0.660061
0.13452
0.173842
0.0663964
0.587771
0.0645927
0.176017
0.0290208
0.0895405
0.465221
0.18562
0.16208
0.662
0.045365
0.147993
0.268097
0.372452
0.000662267
0.0397174
0.160372
0.251867
0.290999
0.0312653
0.301586
0.536048
0.47711
0.110351
0.249439
0.0024717
0.213839
0.0530234
0.262302
0.124585
0.13978
0.524889
0.331767
0.124398
0.581906
0.0914803
0.662
0.146221
0.0961678
0.105606
0.0360377
0.121374
0.267298
0.452394
0.123676
0.662
0.0665441
0.662
0.123125
0.183678
0.34092
0.641663
0.360665
0.133443
0.022043
0.313695
0.12349
0.424805
0.118657
0.359878
0.113147
0.125513
0.0752342
0.662
0.649182
0.662
0.104893
0.115813
0.377773
0.453461
0.132047
0.164204
0.182415
0.295192
0.466993
0.588221
0.0906049
0.174576
0.490215
0.118667
0.0344353
0.0544868
0.087717
0.0656737
0.0703701
0.00529304
0.535082
0.332235
0.0833692
0.0854642
0.280084
0.182101
0.464742
0.498484
0.224458
0.263771
0.123245
0.0660836
0.0945646
0.0464709
0.24628
0.135505
0.557751
0.331439
0.00566557
0.19888
0.0469781
0.662
0.142859
0.122513
0.22901
0.361849
0.0659564
0.240866
0.0609179
0.0419353
0.356989
0.0826054
0.140011
0.0910445
0.662
0.364443
0.0829723
0.189387
0.618089
0.0887044
0.0742379
0.662
0.200775
0.244561
0.476987
0.258333
0.0851886
0.151983
0.0859142
0.0725818
0.0525128
0.336171
0.0504298
0.167212
0.150254
0.198251
0.0928994
0.226655
0.394081
0.0687165
0.0525267
0.158506
0.190067
0.089024
0.662
0.142162
0.295243
0.196884
0.235478
0.662
0.0798607
0.173634
0.582708
0.662
0.151932
0.662
0.378347
0.0677377
0.496699
0.380803
0.109503
0.320276
0.222899
0.658406
0.662
0.662
0.0632051
0.453694
0.319463
0.143891
0.108313
0.289883
0.103839
0.334352
0.520781
0.0618261
0.297506
0.378224
0.0870851
0.128202
0.662
0.517157
0.0771145
0.0448748
0.200487
0.146999
0.203928
0.0754047
0.662
0.0206294
0.114365
0.247705
0.216295
0.178771
0.0599195
0.113635
0.30919
0.0861199
0.170065
0.239695
0.0348732
0.553843
0.0861044
0.662
0.662
0.0751838
0.274567
0.117997
0.617403
0.0674046
0.459027
0.544309
0.168279
0.561958
0.145378
0.309359
0.121544
0.105229
0.176369
0.394471
0.556649
0.537537
0.067146
0.108834
0.134184
0.0957076
0.271555
0.00904646
0.072236
0.448341
0.0759839
0.0366538
0.151213
0.662
0.491985
0.1971
0.159973
0.442088
0.033894
0.122174
0.23369
0.321376
0.662
0.406024
0.263349
0.288162
0.123761
0.180504
0.150371
0.0110081
0.077003
0.662
0.543382
0.0811477
0.32547
0.328837
0.394369
0.160319
0.151317
0.0575285
0.284587
0.428182
0.0792472
0.571531
0.381793
0.202748
0.524865
0.230915
0.306398
0.195374
0.2955
0.114192
0.0422509
0.190145
0.363326
0.662
0.662
0.662
0.284967
0.29243
0.172592
0.418504
0.464727
0.00285006
0.064672
0.3661
0.134383
0.239952
0.368165
0.653579
0.108674
0.0609
0.0786273
0.14465
0.130904
0.213795
0.221186
0.249432
0.102097
0.662
0.31311
0.11552
0.127984
0.0327874
0.395221
0.11816
0.381268
0.167522
0.662
0.184432
0.209139
0.0487295
0.491241
0.0283399
0.0514005
0.662
0.0753049
0.0766642
0.463381
0.0736375
0.0615169
0.365659
0.377196
0.413885
0.315909
0.662
0.153849
0.0688499
0.582785
0.101608
0.167107
0.662
0.0634944
0.1442
0.395224
0.238238
0.341991
0.281283
0.0542772
0.662
0.232062
0.581844
0.215647
0.125297
0.153773
0.176618
0.342533
0.161423
0.131885
0.335614
0.0987756
0.11632
0.155569
0.662
0.286782
0.36031
0.0583985
0.662
0.296324
0.662
0.0907742
0.59564
0.121806
0.332237
0.457878
0.0701269
0.19166
0.273061
0.294417
0.0727287
0.174845
0.134314
0.43182
0.469561
0.43042
0.226495
0.245075
0.0835318
0.060842
0.244947
0.100597
0.662
0.198497
0.297144
0.314987
0.21461
0.662
0.662
0.354458
0.307166
0.640172
0.0812119
0.0987712
0.261371
0.422788
0.621964
0.188932
0.0172209
0.0650008
0.598926
0.376746
0.15857
0.109951
0.268632
0.378147
0.662
0.108335
0.216411
0.106177
0.435542
0.0371783
0.662
0.260158
0.282469
0.0747703
0.321445
0.270175
0.495892
0.0722949
0.0259336
0.394785
0.180473
0.13075
0.0427994
0.0793632
0.351676
0.09687
0.437529
0.16122
0.199317
0.502187
0.039821
0.195793
0.171295
0.0964976
0.135007
0.131859
0.410291
0.647888
0.0647514
0.261266
0.0265676
0.0714718
0.65357
0.148077
0.0942333
0.0456252
0.0761659
0.230192
0.433499
0.355784
0.0937697
0.47152
0.0226171
0.0813003
0.0418857
0.123808
0.083039
0.268978
0.358291
0.0361645
0.0640142
0.541465
0.0634661
0.508343
0.662
0.222264
0.117136
0.0911127
0.426066
0.214397
0.524502
0.235541
0.389599
0.0790631
0.109908
0.662
0.226118
0.500389
0.344611
0.173454
0.233228
0.662
0.0449323
0.415272
0.217259
0.091513
0.0385027
0.0855753
0.122107
0.251166
0.195041
0.144133
0.0859899
0.662
0.662
0.19219
0.573346
0.647974
0.142586
0.21643
0.121602
0.251097
0.662
0.33535
0.066173
0.2877
0.0796823
0.457277
0.611851
0.27236
0.422778
0.0669259
0.226571
0.218476
0.662
0.160263
0.406673
0.487193
0.15115
0.0882474
0.662
0.17956
0.147067
0.167461
0.315507
0.271968
0.195484
0.065128
0.30887
0.0298778
0.353681
0.371031
0.125457
0.39056
0.0846454
0.662
0.1028
0.112137
0.230094
0.124506
0.336315
0.285408
0.0772481
0.0692496
0.268834
0.342501
0.325837
0.0450885
0.662
0.209863
0.140363
0.177648
0.408186
0.0615659
0.116093
0.0839043
0.0469364
0.0718918
0.157147
0.230721
0.107758
0.46357
0.204316
0.662
0.373291
0.262454
0.662
0.0400942
0.20582
0.499208
0.0909327
0.324246
0.0522237
0.662
0.0880266
0.202079
0.0690036
0.193417
0.238818
0.00734334
0.662
0.338505
0.276122
0.662
0.25167
0.137096
0.120449
0.271699
0.662
0.26371
0.442168
0.273693
0.662
0.532738
0.662
0.495889
0.0970803
0.0327333
0.380285
0.222275
0.184291
0.65589
0.142259
0.662
0.148773
0.136694
0.142517
0.014648
0.0418433
0.489569
0.31142
0.568235
0.0413795
0.565033
0.0967514
0.662
0.101289
0.115204
0.409296
0.152577
0.341162
0.0564949
0.00523124
0.171678
0.182456
0.662
0.662
0.0320612
0.662
0.100307
0.279015
0.445061
0.260292
0.0936427
0.394419
0.169971
0.307538
0.373847
0.302869
0.528901
0.345329
0.0499721
0.0777675
0.638742
0.662
0.108949
0.375391
0.350368
0.0667552
0.0826308
0.262693
0.214214
0.00439661
0.191216
0.102884
0.0424929
0.446863
0.197688
0.323158
0.0992953
0.208258
0.309856
0.662
0.571971
0.662
0.479416
0.458575
0.0459155
0.144214
0.11584
0.393879
0.264189
0.516242
0.0944478
0.128544
0.335552
0.354452
0.504198
0.303239
0.171101
0.226578
0.14179
0.0938125
0.482012
0.0803933
0.347338
0.362467
0.0687547
0.12745
0.228178
0.00482998
0.153555
0.194518
0.153822
0.42509
0.359406
0.257392
0.564707
0.493558
0.148798
0.0878575
0.222492
0.444815
0.662
0.0892093
0.311631
0.249291
0.0743828
0.164087
0.662
0.119372
0.134201
0.539322
0.390567
0.0669146
0.532353
0.230194
0.464485
0.0183005
0.199669
0.0797443
0.324352
0.11234
0.153766
0.305324
0.16215
0.206996
0.633391
0.0508542
0.23398
0.596682
0.439332
0.571684
0.168758
0.529162
0.339598
0.181998
0.095265
0.0792769
0.358882
0.243419
0.0920512
0.0896344
0.112906
0.119216
0.249883
0.622178
0.458831
0.250501
0.241676
0.161084
0.0742219
0.662
0.424216
0.0894887
0.097355
0.139833
0.180824
0.268404
0.0400092
0.0263711
0.154217
