0.252228
0.182599
0.200255
0.662
0.373127
0.116426
0.0207893
0.101177
0.261534
0.0246444
0.0649763
0.153795
0.16982
0.658323
0.55337
0.220791
0.0528864
0.259455
0.1758
0.359735
0.135763
0.326843
0.536295
0.619306
0.108043
0.173255
0.448221
0.157834
0.494753
0.242993
0.241482
0.255708
0.329605
0.662
0.0571855
0.642599
0.574239
0.129682
0.277244
0.126072
0.251888
0.0910911
0.0849396
0.0701269
0.322406
0.148664
0.552725
0.0649066
0.100554
0.504885
0.132498
0.115831
0.386079
0.0652209
0.157183
0.300885
0.662
0.229504
0.458181
0.662
0.227985
0.238307
0.0782154
0.563389
0.377952
0.181739
0.205732
0.0877386
0.662
0.131277
0.0872353
0.510188
0.0758896
0.102774
0.172589
0.662
0.469868
0.596219
0.273061
0.244018
0.514071
0.0910639
0.63312
0.662
0.413807
0.504399
0.52644
0.662
0.237253
0.137564
0.297225
0.42185
0.492332
0.355602
0.422788
0.397972
0.396107
0.546948
0.274195
0.347871
0.286282
0.487645
0.163811
0.184047
0.0931188
0.0850664
0.417963
0.662
0.514311
0.100333
0.101035
0.130846
0.34061
0.662
0.462817
0.294748
0.475414
0.223298
0.0693644
0.122766
0.085903
0.537379
0.401129
0.294086
0.380587
0.0467946
0.641946
0.405989
0.115238
0.537856
0.085328
0.135394
0.314352
0.535635
0.504788
0.0505685
0.231547
0.065861
0.0512513
0.651613
0.094294
0.215135
0.155724
0.406555
0.316789
0.264945
0.239856
0.344578
0.39142
0.536642
0.362617
0.301225
0.643177
0.222094
0.429325
0.117223
0.378039
0.585777
0.443558
0.263091
0.127166
0.373937
0.200475
0.298604
0.0846046
0.345523
0.0703654
0.142566
0.213414
0.174247
0.0757822
0.491952
0.342688
0.380391
0.0977148
0.100559
0.111228
