0.00641739
0.181528
0.0964839
0.0532439
0.0671799
0.0793305
0.198979
0.0678675
0.46834
0.618727
0.416404
0.662
0.154745
0.557052
0.662
0.658353
0.192138
0.119374
0.438191
0.190846
0.387173
0.590871
0.137589
0.0029551
0.112162
0.662
0.284178
0.590594
0.455087
0.662
0.24578
0.662
0.431935
0.207726
0.250958
0.190472
0.422528
0.0775903
0.10427
0.548357
0.608973
0.662
0.177963
0.255159
0.070547
0.661911
0.640085
0.248479
0.131759
0.282897
0.232499
0.231142
0.0835771
0.115141
0.399261
0.662
0.207288
0.12627
0.329525
0.522448
0.601828
0.41774
0.0538728
0.147313
0.662
0.0437963
0.0557873
0.0476092
0.409759
0.144072
0.0974452
0.485333
0.150489
0.59625
0.662
0.453903
0.288988
0.34958
0.662
0.265586
