0.226139
0.0968676
0.237645
0.359335
0.168388
0.398599
0.181865
0.0863863
0.328176
0.122853
0.276216
0.327238
0.00931568
0.18223
0.00228258
0.662
0.307194
0.108413
0.349893
0.127204
0.254905
0.0307772
0.662
0.393153
0.232748
0.0274863
0.599595
0.16526
0.130366
0.274369
0.275919
0.57454
0.0787365
0.224977
0.0735039
0.0735373
0.662
0.662
0.164533
0.0785986
0.294819
0.00757284
0.317499
0.193436
0.170854
0.301198
0.41358
0.273519
0.138112
0.140293
0.144627
0.662
0.662
0.0789172
0.662
0.256677
0.441101
0.123782
0.0691723
0.248674
0.152177
0.435458
0.110301
0.318225
0.662
0.111945
0.114717
0.279067
0.662
0.187044
0.629706
0.662
0.205808
0.662
0.110052
0.318155
0.114994
0.470438
0.233014
0.0903647
0.345847
0.198387
0.243444
0.0519712
0.604573
0.123475
0.144927
0.662
0.662
0.364539
0.303467
0.163274
0.222228
0.662
0.662
0.244201
0.662
0.430933
0.162948
0.339102
0.0319518
0.212251
0.317789
0.268302
0.40237
0.112816
0.4839
0.0978636
0.113653
0.00951095
0.616043
0.156693
0.155563
0.170959
0.130844
0.0647731
0.332606
0.0727384
0.267734
0.0804974
0.0120876
0.138834
0.0941085
0.277322
0.142147
0.287682
0.105291
0.662
0.114142
0.662
0.248202
0.231357
0.253781
0.200416
0.662
0.662
0.228998
0.446952
0.415121
0.198925
0.662
0.231385
0.271532
0.31774
0.206329
0.136581
0.618587
0.0165288
0.23831
0.126412
0.199119
0.62377
0.662
0.0750021
0.398401
0.25247
0.188318
0.201551
0.0993619
0.610278
0.34983
0.575906
0.119691
0.151987
0.229363
0.38489
0.0836319
0.662
0.585377
0.662
0.53597
0.662
0.261812
0.0319562
0.368824
0.108137
0.238476
0.436855
0.0565812
0.0655057
0.425546
0.662
0.662
0.204796
0.173732
0.428266
0.033114
0.63633
0.662
0.196116
0.204173
0.131973
0.662
0.662
0.0641313
0.123264
0.224154
0.125393
0.226156
0.252421
0.113296
0.246168
0.662
0.386414
0.368875
0.656599
0.662
0.662
0.147003
0.662
0.412779
0.149601
0.0338847
0.124626
0.487375
0.454279
0.662
0.205265
0.159479
0.142217
0.0793253
0.662
0.151571
0.23317
0.405455
0.267624
0.277815
0.123686
0.107131
0.203741
0.662
0.45525
0.455787
0.222003
0.10623
0.177229
0.0771174
0.438543
0.142038
0.0990098
0.662
0.0840634
0.212416
0.0763367
0.0850646
0.10908
0.662
0.0729306
0.411715
0.246952
0.0872665
0.0599216
0.391751
0.064154
0.399206
0.662
0.286301
0.209419
0.322776
0.503454
0.112414
0.0701155
0.177682
0.235015
0.592293
0.137091
0.461453
0.0953299
0.662
0.239364
0.518841
0.341394
0.648474
0.200023
0.662
0.568704
0.0905632
0.183546
0.175406
0.130724
0.100437
0.266831
0.140155
0.298342
0.197146
0.662
0.578815
0.501442
0.118535
0.0391255
0.662
0.662
0.0205736
0.662
0.51433
0.0376322
0.136847
0.662
0.662
0.106543
0.109769
0.662
0.229494
0.234397
0.529504
0.662
0.180544
0.391795
0.05927
0.0499722
0.0904074
0.369813
0.167401
0.662
0.289834
0.662
0.171512
0.662
0.662
0.377244
0.0956983
0.0555275
0.207615
0.597399
0.531141
0.63339
0.662
0.235637
0.510038
0.178933
0.662
0.0876804
0.484998
0.305483
0.662
0.386009
0.662
0.0727081
0.39648
0.423135
0.114786
0.201065
0.104456
0.662
0.435694
0.239336
0.311005
0.2074
0.243859
0.662
0.384861
0.232348
0.154929
0.26327
0.0757722
0.563036
0.145015
0.541269
0.202211
0.662
0.158873
0.0295749
0.181325
0.154905
0.0520601
0.457291
0.217291
0.565483
0.180126
0.662
0.195827
0.310057
0.0250713
0.662
0.0822441
0.0839042
0.11937
0.109401
0.393941
0.522024
0.345851
0.0997024
0.177629
0.520631
0.0911326
0.216426
0.138364
0.278172
0.374027
0.0734527
0.219822
0.0423836
0.662
0.3685
0.0861588
0.481854
0.285727
0.146431
0.646191
0.0415736
0.0874896
0.506602
0.201807
0.0681001
0.161621
0.537015
0.395304
0.30973
0.662
0.153601
0.408196
0.365512
0.251391
0.0341747
0.541533
0.401484
0.662
0.651075
0.015236
0.226354
0.251191
0.0804094
0.0308227
0.180359
0.0925979
0.0678578
0.188474
0.662
0.463927
0.348264
0.347256
0.183838
0.346717
0.662
0.25033
0.146472
0.0505749
0.0391606
0.217862
0.0403469
0.662
0.443548
0.0257551
0.341622
0.662
0.569182
0.662
0.662
0.203847
0.662
0.157425
0.118764
0.216157
0.226815
0.0493451
0.0394398
0.306459
0.0243313
0.310645
0.166338
0.0566079
0.407601
0.662
0.300065
0.449914
0.218778
0.662
0.230539
0.662
0.327305
0.1598
0.41961
0.145963
0.225949
0.662
0.186655
0.471511
0.211379
0.662
0.433124
0.351394
0.133458
0.13524
0.338017
0.111735
0.0661539
0.00747086
0.167362
0.381632
0.138982
0.662
0.134152
0.662
0.662
0.662
0.308469
0.277501
0.662
0.662
0.229852
0.165711
0.227856
0.0915473
0.173172
0.662
0.0445499
0.605552
0.662
0.0715032
0.0472411
0.481483
0.130269
0.128649
0.184076
0.662
0.561898
0.208932
0.0984177
0.259328
0.662
0.662
0.0774098
0.252795
0.0959526
0.130391
0.249497
0.17224
0.662
0.102953
0.302458
0.108468
0.403135
0.336493
0.572081
0.662
0.0389761
0.662
0.10767
0.662
0.29361
0.662
0.482533
0.232665
0.524564
0.662
0.0121397
0.394583
0.331057
0.146465
0.0689596
0.102856
0.662
0.0896021
0.662
0.220275
0.105645
0.662
0.40136
0.349702
0.190631
0.225538
0.117163
0.22756
0.212758
0.108033
0.503328
0.226176
0.242687
0.223457
0.594222
0.418026
0.0768225
0.662
0.263913
0.301047
0.18389
0.409489
0.420376
0.078651
0.0505181
0.211222
0.226222
0.662
0.0915892
0.418873
0.211908
0.238692
0.662
0.202457
0.224467
0.662
0.23312
0.271608
0.182269
0.352563
0.17113
0.122203
0.223404
0.117707
0.157093
0.16732
0.662
0.26328
0.325607
0.172483
0.116304
0.567052
0.163407
0.414007
0.662
0.0666514
0.249488
0.120013
0.221211
0.662
0.526132
0.189215
0.0949537
0.662
0.45451
0.0214403
0.241537
0.418252
0.114816
0.662
0.662
0.088201
0.153193
0.331185
0.0622109
0.052168
0.462296
0.00364837
0.128276
0.662
0.100103
0.372553
0.169757
0.246476
0.429687
0.0461018
0.662
0.662
0.662
0.231584
0.120636
0.662
0.246585
0.177988
0.584976
0.662
0.241135
0.0749845
0.0978131
0.149221
0.230017
0.133709
0.486448
0.236189
0.586299
0.174424
0.128047
0.215481
0.232225
0.241012
0.0973832
0.662
0.662
0.662
0.329
0.211296
0.662
0.140739
0.46361
0.0124581
0.512365
0.314297
0.0770527
0.365532
0.662
0.534795
0.236023
0.281564
0.464276
0.497782
0.110342
0.147462
0.0285613
0.662
0.662
0.662
0.305913
0.0988516
0.175088
0.472076
0.544655
0.662
0.362839
0.549514
0.318602
0.341506
0.163909
0.164262
0.078954
0.133857
0.244735
0.137304
0.207394
0.310991
0.220536
0.662
0.662
0.142257
0.198117
0.458818
0.168244
0.142589
0.20512
0.242326
0.662
0.34716
0.0949169
0.640613
0.177656
0.0640406
0.0700771
0.0935751
0.349623
0.379968
0.0794015
0.38929
0.351305
0.162573
0.662
0.0990352
0.662
0.122451
0.344793
0.0452434
0.213982
0.332753
0.0997058
0.313701
0.656616
0.0958154
0.0981343
0.662
0.106591
0.113483
0.102035
0.0576184
0.217348
0.662
0.662
0.367726
0.502824
0.20734
0.113113
0.232533
0.218504
0.662
0.00256865
0.397308
0.525695
0.662
0.115803
0.0751032
0.662
0.220041
0.379804
0.449492
0.0342239
0.282913
0.476869
0.270209
0.393467
0.230932
0.0613109
0.583
0.207981
0.262631
0.662
0.662
0.557505
0.0647007
0.201437
0.122958
0.17317
0.139001
0.226626
0.385985
0.278187
0.310011
0.662
0.353297
0.165641
0.398075
0.472716
0.662
0.251506
0.550431
0.113689
0.662
0.662
0.0439803
0.118291
0.101221
0.662
0.583491
0.376114
0.319072
0.662
0.326527
0.386946
0.200183
0.206852
0.494097
0.185363
0.322785
0.0988802
0.662
0.169757
0.144945
0.229676
0.306819
0.101559
0.295669
0.662
0.662
0.170701
0.162592
0.265731
0.662
0.148713
0.138121
0.186962
0.658513
0.578269
0.0825455
0.223179
0.662
0.662
0.626484
0.0779785
0.214589
0.197473
0.181078
0.184755
0.180652
0.0537058
0.351304
0.662
0.176082
0.339905
0.309334
0.662
0.662
0.0830053
0.172573
0.0831401
0.0918877
0.571392
0.156121
0.100758
0.210722
0.0356523
0.133022
0.662
0.0447419
0.153387
0.0107772
0.247398
0.662
0.0354638
0.262895
0.154303
0.662
0.344003
0.2093
0.571248
0.662
0.31851
0.230266
0.0392019
0.45561
0.662
0.662
0.348341
0.164385
0.18178
0.187044
0.662
0.662
0.0238227
0.041471
0.278824
0.20881
0.192838
0.117359
0.0678548
0.246951
0.405092
0.102558
0.662
0.134565
0.662
0.17001
0.400573
0.116716
0.220223
0.158811
0.32315
0.257387
0.563784
0.662
0.662
0.275155
0.196768
0.127391
0.272741
0.662
0.662
0.215172
0.342598
0.011961
0.335331
0.442177
0.662
0.620756
0.390602
0.314559
0.113991
0.274588
0.388395
0.305334
0.662
0.160478
0.610328
0.540724
0.596472
0.152133
0.170158
0.118986
0.17135
0.0330352
0.662
0.662
0.0220446
0.0766513
0.14683
0.372255
0.246679
0.17625
0.362847
0.0587245
0.662
0.662
0.477699
0.0717004
0.145008
0.518701
0.0816288
0.0727103
0.429711
0.238837
0.139024
0.0896434
0.500675
0.662
0.250931
0.662
0.590305
0.239788
0.0921441
0.111484
0.0599416
0.398745
0.0926783
0.662
0.205527
0.147151
0.304142
0.0614939
0.436509
0.662
0.255184
0.571353
0.144758
0.0190109
0.477629
0.306172
0.498138
0.189439
0.0480507
0.207063
0.521814
0.662
0.662
0.125444
0.230268
0.0881656
0.327035
0.553066
0.379234
0.662
0.0542527
0.555696
0.662
0.541398
0.48611
0.662
0.1828
0.115602
0.146839
0.105
0.185197
0.166684
0.183414
0.182332
0.209878
0.477157
0.662
0.363265
0.0838653
0.662
0.117177
0.662
0.257264
0.152981
0.510901
0.364453
0.0197431
0.229245
0.328649
0.493552
0.349848
0.141824
0.335529
0.0593464
0.298413
0.177491
0.206912
0.662
0.113769
0.124793
0.277712
0.30994
0.122773
0.662
0.0855551
0.207818
0.0294968
0.30541
0.0813825
0.0802541
0.384629
0.662
0.662
0.662
0.107768
0.662
0.0814954
0.662
0.174042
0.346842
0.0122489
0.343541
0.107288
0.0295698
0.395873
0.412816
0.198197
0.210242
0.662
0.25428
0.177636
0.360191
0.662
0.336885
0.051709
0.335503
0.297309
0.275586
0.465134
0.662
0.16595
0.13753
0.536853
0.154399
0.662
0.175941
0.366171
0.662
0.662
0.314979
0.337738
0.0660025
0.491236
0.069355
0.352309
0.126759
0.274186
0.25114
0.173482
0.37977
0.377199
0.412416
0.662
0.0606598
0.226153
0.0470042
0.176475
0.0801747
0.450647
0.474835
0.114431
0.406329
0.213908
0.312123
0.00528881
0.133826
0.103227
0.662
0.370092
0.341665
0.173228
0.284575
0.102144
0.662
0.614594
0.43842
0.0900932
0.207876
0.410073
0.586128
0.662
0.175824
0.45449
0.288029
0.368124
0.642158
0.396179
0.295685
0.217881
0.662
0.662
0.148022
0.57712
0.233101
0.0656887
0.662
0.22245
0.11806
0.168431
0.662
0.411085
0.662
0.139204
0.662
0.129133
0.372612
0.211784
0.286855
0.608095
0.0639573
0.0699005
0.302621
0.22951
0.0788117
0.25742
0.662
0.121985
0.1927
0.111706
0.537233
0.178993
0.657659
0.519279
0.287508
0.458239
0.59106
0.0555935
0.401985
0.198229
0.662
0.0539076
0.295581
0.0830661
0.45262
0.563379
0.1296
0.476976
0.0415239
0.0918963
0.0408472
0.613474
0.173953
0.469373
0.662
0.0906638
0.662
0.572995
0.425974
0.406683
0.273506
0.662
0.11769
0.46979
0.284271
0.207699
0.22022
0.306687
0.245989
0.220939
0.287805
0.424877
0.473348
0.20715
0.454672
0.662
0.250002
0.21784
0.242608
0.220738
0.546056
0.0929806
0.0772242
0.496296
0.192928
0.238912
0.662
0.662
0.266844
0.0695085
0.223439
0.388421
0.212371
0.662
0.132395
0.662
0.0518237
0.366501
0.0998262
0.315046
0.0930756
0.605048
0.455888
0.662
0.274979
0.150226
0.21118
0.662
0.12056
0.149888
0.117553
0.170741
0.168845
0.0577495
0.100064
0.568905
0.600007
0.319975
0.45077
0.0757328
0.137232
0.0413672
0.0463921
0.198997
0.662
0.209034
0.659941
0.124006
0.0433341
0.227834
0.400916
0.662
0.075337
0.662
0.204615
0.214591
0.220075
0.351139
0.254604
0.662
0.46533
0.124465
0.377188
0.608106
0.140624
0.0878487
0.0920114
0.369197
0.162294
0.343644
0.662
0.662
0.662
0.313626
0.0718486
0.272354
0.10033
0.662
0.462728
0.24264
0.344695
0.130592
0.239842
0.662
0.662
0.625952
0.269125
0.662
0.0436224
0.147362
0.14483
0.662
0.0556115
0.662
0.0592706
0.0486023
0.0356143
0.603183
0.284962
0.397336
0.0450303
0.318381
0.337411
0.0369685
0.662
0.101453
0.149399
0.214954
0.122753
0.0929995
0.318892
0.0581558
0.0685896
0.210843
0.283565
0.121562
0.0825709
0.157522
0.0423744
0.165062
0.029823
0.402012
0.23248
0.286039
0.205437
0.130887
0.442159
0.164812
0.0940554
0.212446
0.353796
0.00753082
0.282282
0.230379
0.593677
0.0762834
0.168028
0.237212
0.0909037
0.251691
0.0318878
0.02659
0.662
0.120723
0.00572574
0.200909
0.662
0.645107
0.164309
0.447252
0.662
0.370596
0.113031
0.335291
0.662
0.662
0.0753329
0.662
0.10662
0.0826584
0.0139547
0.56952
0.125627
0.205174
0.662
0.153983
0.227384
0.10559
0.204413
0.419187
0.570564
0.0177865
0.61157
0.280956
0.629345
0.155696
0.300024
0.662
0.143108
0.662
0.277447
0.662
0.662
0.140801
0.0458663
0.359669
0.136884
0.0452544
0.131681
0.662
0.500096
0.662
0.339261
0.156783
0.662
0.18956
0.240388
0.284338
0.662
0.227016
0.1489
0.0712335
0.202541
0.662
0.30682
0.160797
0.0173182
0.048559
0.329771
0.662
0.265308
0.095655
0.0415298
0.279757
0.573729
0.0984919
0.0706012
0.514717
0.106587
0.547672
0.595232
0.662
0.662
0.0714966
0.662
0.058893
0.181292
0.231793
0.477784
0.0466826
0.0669652
0.662
0.530359
0.0164107
0.0869805
0.131664
0.0508338
0.28756
0.0622209
0.0913603
0.132244
0.121683
0.144488
0.207649
0.346089
0.433916
0.662
0.26956
0.163306
0.573823
0.409243
0.409635
0.0622762
0.662
0.662
0.0427406
0.0717821
0.662
0.662
0.0936821
0.314253
0.140402
0.381613
0.177827
0.154305
0.244355
0.138776
0.131756
0.107172
0.0868715
0.217583
0.0971742
0.300944
0.255372
0.110722
0.263401
0.662
0.0583537
0.363543
0.19114
0.294328
0.662
0.065745
0.0401091
0.127539
0.464382
0.077495
0.0509498
0.0626867
0.107207
0.616524
0.207615
0.115165
0.204991
0.0347358
0.11914
0.0671789
0.00234079
0.0657169
0.512387
0.227594
0.0533374
0.662
0.636422
0.16249
0.324934
0.473729
0.0879398
0.662
0.531616
0.0793093
0.543416
0.17309
0.0486833
0.0566385
0.662
0.472118
0.233881
0.099884
0.662
0.176972
0.662
0.396356
0.662
0.398023
0.175468
0.662
0.662
0.12911
0.282815
0.0640104
0.662
0.242209
0.234605
0.662
0.111126
0.0196799
0.0301847
0.309842
0.551912
0.258958
0.183893
0.662
0.113742
0.368339
0.097102
0.662
0.662
0.168095
0.320272
0.0728735
0.472669
0.0594623
0.147762
0.662
0.0777778
0.21518
0.0177118
0.329898
0.0815997
0.12185
0.150676
0.662
0.662
0.0944677
0.314529
0.154198
0.00201649
0.140725
0.0271297
0.354326
0.0984687
0.53638
0.116848
0.588712
0.252265
0.0629328
0.188017
0.0568719
0.237447
0.411822
0.662
0.662
0.112164
0.662
0.032248
0.0878742
0.259531
0.110256
0.595038
0.0935145
0.315376
0.148029
0.458241
0.251074
0.0886374
0.353119
0.0340283
0.201919
0.288834
0.175698
0.0329569
0.259677
0.0272605
0.0661091
0.125868
0.662
0.111316
0.525292
0.191176
0.000674415
0.0731058
0.0700999
0.662
0.662
0.441808
0.159248
0.1
0.662
0.662
0.0749161
0.662
0.0499021
0.342131
0.217126
0.0465251
0.207432
0.392507
0.104299
0.171265
0.0518188
0.662
0.31506
0.399321
0.282352
0.610771
0.220293
0.0951006
0.200499
0.148636
0.203915
0.439414
0.623121
0.298719
0.349685
0.076291
0.662
0.332152
0.459079
0.108791
0.662
0.662
0.455963
0.662
0.424442
0.108376
0.662
0.597216
0.662
0.662
0.0790907
0.015055
0.30937
0.662
0.662
0.342939
0.615117
0.0168834
0.161278
0.49228
0.662
0.218065
0.128412
0.317076
0.662
0.662
0.662
0.1242
0.662
0.113055
0.662
0.584988
0.662
0.315162
0.502681
0.0831204
0.662
0.662
0.289549
0.662
0.0686984
0.0959789
0.662
0.173949
0.216693
0.220269
0.662
0.177856
0.662
0.404969
0.159204
0.124584
0.662
0.32023
0.379464
0.505792
0.117396
0.28652
0.196094
0.662
0.172625
0.568834
0.127203
0.525385
0.335608
0.0792466
0.662
0.134407
0.285283
0.122585
0.424158
0.0527511
0.218646
0.245452
0.125952
0.150375
0.223268
0.293987
0.0372363
0.599587
0.662
0.201283
0.0922211
0.275787
0.579207
0.18205
0.0648238
0.071127
0.0881089
0.166663
0.229939
0.114684
0.662
0.662
0.110896
0.134125
0.13173
0.662
0.308439
0.662
0.267772
0.13914
0.245763
0.102887
0.662
0.36938
0.561194
0.241065
0.031137
0.210476
0.325185
0.662
0.0863359
0.558271
0.0640922
0.061622
0.196376
0.662
0.0580978
0.0694894
0.248593
0.0809043
0.446319
0.433857
0.194251
0.662
0.662
0.662
0.45487
0.426911
0.0855162
0.0371333
0.201946
0.205733
0.662
0.455409
0.18591
0.662
0.237975
0.25735
0.662
0.288974
0.196755
0.662
0.0379154
0.662
0.227311
0.100498
0.288456
0.105228
0.336456
0.228095
0.0658805
0.466983
0.158805
0.0361761
0.0586658
0.212043
0.133581
0.373417
0.0533856
0.0979304
0.662
0.291638
0.259455
0.0989206
0.32322
0.413061
0.14339
0.15871
0.190554
0.151882
0.267923
0.203972
0.179658
0.280042
0.662
0.571119
0.385088
0.493564
0.636964
0.662
0.662
0.0426463
0.0730221
0.0470838
0.280491
0.219966
0.22681
0.662
0.662
0.0641295
0.115267
0.286053
0.351378
0.0757654
0.409558
0.444255
0.0381666
0.149583
0.662
0.236769
0.662
0.216813
0.0832278
0.0592265
0.576087
0.494292
0.269836
0.321049
0.244584
0.194743
0.220874
0.323909
0.120911
0.518448
0.063009
0.662
0.1275
0.033132
0.140092
0.662
0.0309829
0.626066
0.266168
0.228614
0.470277
0.455485
0.1574
0.662
0.098991
0.662
0.0938407
0.0224464
0.0885406
0.231999
0.221893
0.363832
0.20405
0.525251
0.372164
0.0251012
0.0096008
0.114429
0.185476
0.662
0.662
0.447083
0.607676
0.226888
0.372806
0.519518
0.343438
0.205608
0.619887
0.662
0.132355
0.17956
0.197419
0.141265
0.153545
0.148486
0.662
0.209292
0.548112
0.32707
0.662
0.662
0.662
0.591298
0.194597
0.242771
0.0720316
0.176632
0.24324
0.223481
0.412972
0.0926054
0.144003
0.089912
0.223843
0.11912
0.19869
0.11089
0.0848304
0.102113
0.162699
0.28461
0.390749
0.133541
0.393202
0.613648
0.101434
0.00555114
0.0769913
0.293696
0.286079
0.307999
0.132352
0.157921
0.163372
0.488226
0.0891762
0.397211
0.178879
0.0907984
0.635387
0.0708593
0.251017
0.262977
0.662
0.267159
0.347415
0.0608364
0.105701
0.130594
0.374274
0.26958
0.114921
0.197564
0.662
0.0979921
0.0256071
0.0844347
0.310238
0.170858
0.414623
0.341817
0.164881
0.323997
0.269042
0.244536
0.242292
0.178246
0.0702839
0.662
0.185538
0.162891
0.0525124
0.0586991
0.00238493
0.381403
0.56139
0.662
0.525515
0.460384
0.108952
0.151946
0.15052
0.0506746
0.515877
0.149916
0.230212
0.16146
0.0208352
0.662
0.103743
0.117984
0.260792
0.0826146
0.0998436
0.245604
0.662
0.16134
0.000636542
0.662
0.220186
0.248165
0.130207
0.0413567
0.0766388
0.0704435
0.662
0.130088
0.0920899
0.505181
0.215176
0.662
0.662
0.119455
0.662
0.162315
0.0581899
0.312798
0.0759553
0.46263
0.231676
0.393567
0.221029
0.147661
0.253632
0.45607
0.185143
0.0919912
0.662
0.329492
0.223896
0.193529
0.113059
0.0211143
0.484857
0.0119219
0.205347
0.662
0.222599
0.662
0.142808
0.565947
0.662
0.147515
0.662
0.662
0.191311
0.662
0.132169
0.210107
0.662
0.396655
0.422664
0.142735
0.56964
0.0995256
0.662
0.443035
0.0616588
0.482951
0.151474
0.0167395
0.128756
0.180235
0.662
0.662
0.662
0.251683
0.56478
0.387566
0.335732
0.314301
0.081195
0.479093
0.662
0.0538219
0.182236
0.662
0.224271
0.662
0.231176
0.450445
0.0994161
0.662
0.575935
0.121428
0.209465
0.233161
0.662
0.233619
0.534134
0.314199
0.501913
0.00195932
0.277155
0.662
0.130952
0.120814
0.218239
0.135839
0.579484
0.185094
0.409358
0.040069
0.189785
0.265101
0.192512
0.662
0.226081
0.662
0.606808
0.662
0.349741
0.27175
0.252499
0.207948
0.662
0.407354
0.0707207
0.133892
0.161797
0.0848559
0.0873918
0.59075
0.25168
0.230527
0.376942
0.662
0.662
0.662
0.075041
0.337892
0.2015
0.123158
0.662
0.0454263
0.405084
0.128515
0.662
0.0539422
0.662
0.352119
0.273895
0.33033
0.537946
0.539478
0.0660365
0.662
0.16424
0.376244
0.178784
0.296283
0.1368
0.390436
0.257244
0.604191
0.200017
0.628981
0.212317
0.287805
0.53327
0.55218
0.454054
0.103447
0.152587
0.150103
0.0920135
0.217845
0.232303
0.288376
0.662
0.112317
0.0636552
0.662
0.369013
0.429743
0.121197
0.329484
0.177351
0.568357
0.145216
0.218155
0.33564
0.662
0.291234
0.410776
0.345223
0.00301128
0.662
0.0382795
0.0162144
0.217356
0.194313
0.108989
0.622356
0.11784
0.357794
0.101583
0.240204
0.171874
0.662
0.0595893
0.662
0.0860678
0.231882
0.575407
0.22609
0.662
0.0284478
0.662
0.500085
0.11165
0.0465161
0.357705
0.22695
0.662
0.662
0.236383
0.109526
0.00729557
0.662
0.3306
0.110331
0.0349912
0.183186
0.256772
0.255138
0.137559
0.119
0.08905
0.200538
0.0315427
0.662
0.170125
0.112149
0.216579
0.171548
0.662
0.662
0.249028
0.486777
0.2583
0.662
0.662
0.281076
0.12865
0.55174
0.319128
0.105442
0.104472
0.127879
0.170639
0.0673841
0.052391
0.0481415
0.242388
0.285746
0.320428
0.363366
0.428673
0.0873545
0.18151
0.0467012
0.543348
0.662
0.588304
0.258814
0.662
0.0292241
0.594656
0.126362
0.303714
0.662
0.144056
0.662
0.662
0.662
0.662
0.140959
0.662
0.249347
0.662
0.199376
0.662
0.016571
0.402609
0.0940924
0.0964434
0.581882
0.219142
0.16468
0.662
0.328318
0.167226
0.122763
0.167982
0.237357
0.662
0.0940781
0.480403
0.240284
0.102377
0.662
0.662
0.234274
0.17478
0.0756824
0.473411
0.148655
0.289814
0.350883
0.662
0.237978
0.252218
0.662
0.18577
0.503714
0.19439
0.10472
0.512664
0.662
0.263625
0.323907
0.208471
0.0897262
0.128024
0.115673
0.275035
0.238151
0.662
0.240701
0.121255
0.240777
0.0870547
0.520987
0.158083
0.183047
0.225577
0.27597
0.111904
0.296371
0.193461
0.662
0.32122
0.00204311
0.529769
0.662
0.0771566
0.335886
0.139783
0.0747445
0.529501
0.41778
0.34974
0.0189242
0.22952
0.662
0.662
0.405679
0.176837
0.662
0.662
0.300741
0.662
0.436038
0.223506
0.662
0.190843
0.557213
0.311655
0.371785
0.347967
0.184264
0.309161
0.220737
0.054034
0.412072
0.662
0.111178
0.215576
0.213849
0.24733
0.529183
0.501322
0.0137576
0.283924
0.308681
0.134363
0.662
0.134987
0.217125
0.644414
0.235642
0.0955596
0.111023
0.0921934
0.662
0.546601
0.0837757
0.168738
0.0188849
0.0729619
0.0963361
0.323695
0.303326
0.227079
0.415974
0.520828
0.387404
0.662
0.0662614
0.103514
0.662
0.380222
0.18316
0.300771
0.117016
0.0867259
0.000494186
0.601846
0.0197875
0.39549
0.139557
0.662
0.662
0.571875
0.380414
0.132398
0.124151
0.185568
0.182009
0.26187
0.413564
0.662
0.662
0.111539
0.129751
0.0369517
0.102664
0.652163
0.662
0.050468
0.364525
0.2453
0.0200916
0.473036
0.662
0.225664
0.662
0.0644133
0.0307304
0.0859072
0.556859
0.662
0.662
0.508777
0.662
0.517629
0.102762
0.0946686
0.540787
0.433342
0.292895
0.584083
0.453321
0.328243
0.0608958
0.00878791
0.0291823
0.309801
0.0201549
0.223123
0.095584
0.105585
0.213029
0.319266
0.662
0.662
0.0673948
0.424232
0.321184
0.0511816
0.102726
0.485054
0.134773
0.374067
0.0834392
0.183923
0.275725
0.662
0.0712181
0.539055
0.211388
0.662
0.109538
0.662
0.466062
0.108453
0.10375
0.194293
0.662
0.576262
0.12646
0.0843082
0.0199599
0.662
0.662
0.112667
0.245736
0.0702434
0.662
0.232072
0.662
0.455528
0.5237
0.109348
0.163703
0.0613193
0.662
0.131337
0.185788
0.662
0.318546
0.309793
0.578038
0.480755
0.662
0.662
0.32813
0.0938954
0.115012
0.583784
0.095096
0.0385155
0.289393
0.429808
0.138335
0.662
0.179633
0.132121
0.0733297
0.1035
0.0416118
0.0349765
0.662
0.179189
0.484426
0.510262
0.0201741
0.469149
0.420002
0.437012
0.129089
0.322437
0.240512
0.333783
0.364884
0.0214063
0.281045
0.0987466
0.319656
0.662
0.662
0.13859
0.0888406
0.131672
0.0429319
0.544088
0.662
0.0271128
0.51119
0.662
0.416288
0.129133
0.54287
0.151241
0.427793
0.142814
0.108983
0.662
0.109995
0.662
0.183742
0.299867
0.101058
0.435218
0.549465
0.662
0.212848
0.662
0.662
0.549209
0.473125
0.0598301
0.136438
0.173894
0.0347017
0.180144
0.281111
0.339828
0.11792
0.0823377
0.124905
0.178153
0.662
0.113799
0.100358
0.132105
0.380524
0.662
0.567311
0.662
0.094049
0.142312
0.129323
0.421208
0.293488
0.130563
0.0806534
0.200147
0.662
0.584007
0.340589
0.629247
0.662
0.169663
0.662
0.113658
0.352346
0.244985
0.0695044
0.392178
0.662
0.177284
0.662
0.213465
0.442562
0.457682
0.0314844
0.0995792
0.483496
0.0766519
0.383007
0.165255
0.547332
0.284669
0.168734
0.127624
0.512412
0.0132005
0.492877
0.662
0.662
0.662
0.216581
0.121636
0.133318
0.508734
0.402088
0.26695
0.307697
0.475403
0.401409
0.180689
0.136088
0.177194
0.189434
0.662
0.243212
0.662
0.662
0.662
0.0874019
0.301762
0.128602
0.237417
0.277333
0.20675
0.458296
0.0871829
0.464573
0.557684
0.466309
0.538861
0.650141
0.137623
0.617354
0.11784
0.105068
0.0850866
0.218037
0.306028
0.0682163
0.35317
0.0614086
0.475086
0.662
0.0590367
0.343857
0.662
0.422858
0.047977
0.378307
0.059683
0.370517
0.0869536
0.277677
0.465297
0.469877
0.279031
0.0950156
0.326257
0.105763
0.294599
0.0969472
0.103324
0.201912
0.157119
0.321514
0.0411529
0.136896
0.106208
0.258938
0.662
0.662
0.189359
0.267925
0.124392
0.0511164
0.451387
0.113626
0.429074
0.264515
0.287375
0.349703
0.232244
0.662
0.422581
0.662
0.0477936
0.662
0.068781
0.290466
0.433151
0.640821
0.662
0.254912
0.55183
0.306779
0.319985
0.0680396
0.0441197
0.123793
0.0621915
0.449672
0.662
0.662
0.127878
0.132462
0.350275
0.0686868
0.170074
0.556032
0.52897
0.169367
0.232547
0.117976
0.081678
0.662
0.494723
0.0923816
0.662
0.105387
0.36078
0.0780999
0.144444
0.237054
0.309478
0.118831
0.662
0.103905
0.0881152
0.662
0.0714622
0.662
0.31958
0.662
0.662
0.0640579
0.079884
0.199444
0.0669022
0.232061
0.0890723
0.300115
0.2669
0.132893
0.224577
0.101891
0.0564306
0.174448
0.197172
0.0894738
0.16727
0.662
0.406479
0.1613
0.207779
0.0552429
0.0588336
0.119831
0.163211
0.662
0.0573403
0.298355
0.301075
0.112643
0.319823
0.662
0.125356
0.211235
0.622019
0.477797
0.662
0.417374
0.11616
0.348095
0.541105
0.163966
0.499106
0.150221
0.337644
0.662
0.251744
0.662
0.275805
0.662
0.188081
0.599917
0.315873
0.142757
0.662
0.641475
0.662
0.191016
0.156357
0.357552
0.226466
0.134328
0.662
0.0488604
0.0297546
0.662
0.0766124
0.278367
0.662
0.662
0.662
0.662
0.297605
0.0463518
0.0454423
0.595798
0.00880443
0.201014
0.0547104
0.195692
0.169172
0.0428521
0.446521
0.662
0.113274
0.0902564
0.0644035
0.0828901
0.629742
0.168922
0.594033
0.054274
0.0529156
0.205024
0.134685
0.0858637
0.0617555
0.165772
0.243093
0.17181
0.274745
0.63118
0.179554
0.132712
0.0897751
0.158126
0.141546
0.183251
0.662
0.514462
0.216148
0.662
0.662
0.158837
0.0590154
0.662
0.662
0.166097
0.412918
0.140889
0.391615
0.108401
0.14387
0.0626979
0.32921
0.188357
0.129937
0.319986
0.215572
0.219235
0.0877131
0.345145
0.118913
0.238264
0.348564
0.662
0.456014
0.312086
0.0878558
0.14042
0.248873
0.105857
0.0763901
0.179668
0.32455
0.211996
0.662
0.0865418
0.662
0.191497
0.11411
0.449476
0.308182
0.662
0.277028
0.177656
0.662
0.662
0.227817
0.0900198
0.301547
0.662
0.0802102
0.221865
0.158129
0.201344
0.0717986
0.662
0.108588
0.158467
0.379556
0.179175
0.0800118
0.37596
0.151781
0.187649
0.0178197
0.223982
0.352615
0.400198
0.517321
0.205276
0.662
0.10025
0.0431484
0.010561
0.128936
0.555683
0.220572
0.110615
0.662
0.119904
0.369935
0.208153
0.241239
0.195581
0.526979
0.662
0.0628397
0.073107
0.252368
0.113489
0.254824
0.185147
0.175666
0.150684
0.38201
0.662
0.440399
0.14563
0.662
0.0719093
0.233939
0.427967
0.662
0.508248
0.662
0.662
0.433223
0.181678
0.662
0.662
0.127674
0.106212
0.142697
0.551191
0.0210085
0.662
0.430083
0.171123
0.215126
0.662
0.15617
0.322987
0.112858
0.128653
0.182124
0.12598
0.60109
0.42867
0.235236
0.348383
0.318081
0.632344
0.235232
0.134926
0.662
0.220898
0.390884
0.0836981
0.410043
0.159557
0.268324
0.375914
0.146678
0.066311
0.158889
0.439875
0.247082
0.178428
0.0844237
0.0471611
0.0669387
0.371779
0.183712
0.335375
0.0428889
0.532195
0.10501
0.662
0.243803
0.454973
0.662
0.31728
0.431703
0.109786
0.662
0.140649
0.662
0.0942658
0.662
0.275337
0.0502536
0.15449
0.662
0.297557
0.119781
0.110541
0.662
0.148758
0.0360735
0.146802
0.0408259
0.439514
0.405291
0.314586
0.066313
0.236418
0.191915
0.362706
0.662
0.185984
0.662
0.261103
0.137935
0.12316
0.662
0.662
0.108254
0.208551
0.110794
0.342551
0.5565
0.202245
0.425032
0.283008
0.662
0.662
0.0886756
0.0636493
0.208616
0.523534
0.0741923
0.304745
0.0668352
0.389712
0.0268142
0.0657409
0.0644082
0.375239
0.227416
0.307591
0.0379095
0.241226
0.0764317
0.462334
0.0765283
0.157327
0.263934
0.662
0.464859
0.0564287
0.662
0.588557
0.553621
0.146975
0.662
0.0352184
0.250409
0.524896
0.0712207
0.00553097
0.313111
0.662
0.662
0.559115
0.0909235
0.227505
0.222124
0.0649008
0.0827633
0.638611
0.0609002
0.25053
0.112801
0.163153
0.0686924
0.11729
0.229817
0.147864
0.512292
0.335279
0.374209
0.622621
0.0988967
0.177838
0.373218
0.314812
0.22603
0.591283
0.0887833
0.211304
0.0778179
0.662
0.337576
0.662
0.662
0.173962
0.300152
0.0998532
0.217055
0.350314
0.0522058
0.0606906
0.315266
0.00481933
0.25364
0.194096
0.125039
0.20023
0.466328
0.662
0.582563
0.231472
0.387679
0.193989
0.367467
0.662
0.023276
0.428687
0.539509
0.650594
0.147198
0.507944
0.352551
0.079148
0.219655
0.381345
0.288978
0.413562
0.250353
0.154757
0.564831
0.0766263
0.662
0.13431
0.57153
0.399983
0.186289
0.14938
0.0920298
0.662
0.172767
0.662
0.662
0.222237
0.25279
0.662
0.179811
0.510401
0.44953
0.314125
0.662
0.546744
0.295404
0.0959373
0.103647
0.122151
0.662
0.302175
0.584495
0.615836
0.662
0.0333253
0.662
0.393595
0.247642
0.112361
0.156277
0.380545
0.256659
0.207132
0.175986
0.285734
0.398989
0.281488
0.410572
0.0838694
0.113372
0.662
0.1882
0.311122
0.00443382
0.174316
0.0804389
0.250035
0.662
0.160892
0.289303
0.0436887
0.0925989
0.0474413
0.66005
0.662
0.064466
0.230302
0.0933217
0.219975
0.0930379
0.662
0.423645
0.561857
0.301427
0.272457
0.168652
0.130882
0.224555
0.0843651
0.662
0.273691
0.424157
0.0461849
0.567192
0.038804
0.189781
0.0777868
0.601549
0.150174
0.44561
0.383392
0.331147
0.420956
0.134098
0.0345215
0.147218
0.662
0.110563
0.624101
0.0520055
0.224665
0.541439
0.662
0.361434
0.121044
0.512573
0.0925665
0.307041
0.572039
0.662
0.0798328
0.0552945
0.394058
0.09707
0.0634962
0.662
0.382782
0.164959
0.114847
0.277661
0.333411
0.151747
0.16964
0.173592
0.150251
0.662
0.216816
0.662
0.393492
0.662
0.414862
0.187958
0.014566
0.12756
0.121452
0.0629203
0.132796
0.207527
0.662
0.457812
0.112645
0.24791
0.285626
0.662
0.13734
0.0130936
0.567092
0.195601
0.00103516
0.389474
0.211726
0.0889031
0.662
0.646496
0.084807
0.141648
0.104752
0.125761
0.00417721
0.662
0.630068
0.239606
0.223614
0.0857576
0.1096
0.662
0.42754
0.121529
0.293842
0.021708
0.129443
0.337107
0.168191
0.13874
0.0988095
0.657667
0.0771322
0.319311
0.585955
0.125548
0.0692078
0.299668
0.295986
0.0365586
0.662
0.301982
0.256936
0.515056
0.091656
0.0811626
0.196266
0.662
0.122994
0.213884
0.1328
0.596509
0.146645
0.441312
0.0727576
0.304483
0.662
0.14707
0.109056
0.0823975
0.513118
0.145344
0.237422
0.108808
0.662
0.114046
0.662
0.0954757
0.662
0.237174
0.0678562
0.0268103
0.177897
0.0761514
0.662
0.203699
0.22756
0.273602
0.613956
0.572288
0.0312264
0.662
0.0927267
0.107514
0.0313239
0.662
0.193622
0.0911313
0.0653135
0.662
0.662
0.662
0.0604666
0.205045
0.662
0.662
0.205598
0.351483
0.117059
0.325024
0.183036
0.0859576
0.662
0.274732
0.428152
0.179461
0.505125
0.47303
0.273061
0.355035
0.443312
0.139615
0.384879
0.143694
0.408008
0.334171
0.360556
0.662
0.0655659
0.0809895
0.13586
0.105862
0.320371
0.662
0.0595985
0.0865493
0.127566
0.442163
0.168464
0.110426
0.190922
0.282524
0.225217
0.658149
0.0672155
0.662
0.069117
0.00686828
0.0516812
0.121191
0.113777
0.339667
0.186967
0.144946
0.401848
0.273877
0.00488304
0.250131
0.193965
0.158489
0.261903
0.45658
0.119108
0.0881268
0.142352
0.414116
0.234598
0.151699
0.662
0.106915
0.186556
0.439555
0.045133
0.277581
0.662
0.39726
0.662
0.0901014
0.3658
0.546962
0.102481
0.188125
0.0211718
0.0752771
0.254389
0.355093
0.662
0.642241
0.156269
0.0868706
0.00842773
0.331435
0.310963
0.158646
0.142023
0.351683
0.0205132
0.306858
0.186181
0.662
0.0515017
0.0925419
0.399229
0.033577
0.334006
0.340031
0.256616
0.340149
0.101522
0.662
0.306662
0.0147062
0.137416
0.2932
0.0997172
0.269288
0.113183
0.520932
0.490477
0.662
0.0517183
0.065243
0.196342
0.257073
0.233911
0.258272
0.41549
0.17689
0.121013
0.653326
0.555457
0.111761
0.255006
0.25898
0.118489
0.267003
0.145873
0.148104
0.662
0.395759
0.105609
0.078744
0.037318
0.143438
0.421964
0.545316
0.0993631
0.231371
0.140764
0.158309
0.662
0.0523902
0.0334148
0.0955566
0.611896
0.244253
0.112747
0.662
0.128605
0.662
0.435611
0.128153
0.249453
0.0607649
0.39664
0.662
0.0608257
0.324831
0.0928204
0.0725304
0.0995475
0.0958023
0.0463393
0.47982
0.281859
0.311384
0.445895
0.0459474
0.0572932
0.662
0.111852
0.662
0.136781
0.035336
0.582573
0.0316767
0.0976313
0.210996
0.662
0.0929868
0.420454
0.0966801
0.206287
0.183195
0.134886
0.662
0.351003
0.0406186
0.234338
0.662
0.198102
0.240559
0.308699
0.662
0.273947
0.12
0.532312
0.400329
0.137674
0.323097
0.662
0.662
0.0519079
0.351655
0.156454
0.548701
0.424542
0.286533
0.200715
0.514831
0.477023
0.202936
0.216909
0.662
0.50305
0.255334
0.421406
0.593147
0.662
0.479164
0.483868
0.184707
0.0895203
0.662
0.504588
0.662
0.662
0.0676168
0.05628
0.662
0.253589
0.41819
0.662
0.566625
0.662
0.046029
0.662
0.140784
0.0833267
0.0850032
0.662
0.582478
0.279102
0.186494
0.320964
0.101149
0.195768
0.134335
0.0843255
0.337486
0.303206
0.146394
0.0491952
0.127063
0.341489
0.0941605
0.0645495
0.170778
0.629306
0.24222
0.205634
0.662
0.240664
0.662
0.234195
0.422214
0.0660015
0.355931
0.358345
0.0438647
0.233191
0.487413
0.60346
0.13537
0.41744
0.430249
0.258814
0.194383
0.0400256
0.111794
0.662
0.613435
0.272433
0.227843
0.405824
0.336704
0.504994
0.132604
0.254666
0.303459
0.576209
0.44016
0.137935
0.198406
0.240239
0.0692178
0.211231
0.0584951
0.166184
0.154398
0.203566
0.267039
0.0901269
0.662
0.662
0.2727
0.16849
0.453935
0.143165
0.427482
0.0742398
0.081781
0.176856
0.269041
0.192172
0.39866
0.16356
0.216982
0.662
0.662
0.662
0.0647566
0.0719093
0.344323
0.0651411
0.0827047
0.28095
0.10738
0.155684
0.186173
0.454081
0.657295
0.461788
0.662
0.662
0.563033
0.193747
0.333081
0.148912
0.242952
0.29498
0.193498
0.114496
0.0169662
0.568464
0.123071
0.367179
0.079501
0.662
0.662
0.662
0.403682
0.474693
0.662
0.246772
0.662
0.662
0.233909
0.270535
0.353319
0.662
0.176782
0.0881018
0.113731
0.662
0.273234
0.662
0.662
0.255085
0.232099
0.152997
0.302591
0.662
0.662
0.119811
0.486885
0.233604
0.0833062
0.258237
0.257274
0.184638
0.178686
0.151858
0.296066
0.190541
0.0886324
0.313357
0.285079
0.150042
0.144342
0.313244
0.113948
0.181013
0.0823141
0.177353
0.245058
0.191259
0.0219618
0.360851
0.329133
0.090442
0.15441
0.445038
0.469308
0.0212843
0.0383859
0.261267
0.610014
0.194612
0.204652
0.129764
0.415407
0.279347
0.176422
0.39716
0.00892319
0.46626
0.208231
0.149274
0.649715
0.0612595
0.0674877
0.662
0.448563
0.30435
0.662
0.549542
0.119602
0.0168875
0.0948857
0.128321
0.662
0.10948
0.0805761
0.103128
0.368915
0.621016
0.465271
0.0498562
0.0747754
0.662
0.584756
0.211743
0.236546
0.329689
0.401592
0.131468
0.198903
0.263859
0.578257
0.662
0.410791
0.164333
0.662
0.542973
0.295193
0.133447
0.167481
0.187247
0.209975
0.0818564
0.209819
0.154429
0.104181
0.0305178
0.291191
0.102863
0.391988
0.662
0.662
0.0551489
0.0722107
0.201325
0.643452
0.662
0.190961
0.209353
0.0458704
0.662
0.144097
0.190663
0.2494
0.369132
0.137914
0.0850959
0.21152
0.0992154
0.460445
0.239222
0.662
0.108421
0.177325
0.512679
0.335418
0.117884
0.584009
0.551446
0.164507
0.244469
0.177426
0.0831748
0.305155
0.408514
0.0874499
0.609186
0.0907904
0.235437
0.0714161
0.387344
0.229447
0.662
0.572254
0.295464
0.662
0.443654
0.189222
0.0130314
0.0548932
0.103443
0.0482604
0.662
0.131872
0.317261
0.662
0.662
0.428946
0.51666
0.0818429
0.650195
0.298291
0.143101
0.263388
0.409147
0.0745327
0.662
0.498015
0.0561988
0.166294
0.0688595
0.422894
0.19668
0.22517
0.283009
0.182141
0.400745
0.157468
0.507405
0.662
0.0420664
0.188387
0.662
0.662
0.120718
0.186183
0.134911
0.662
0.241763
0.10007
0.158709
0.151414
0.149972
0.272151
0.509405
0.215714
0.315351
0.447713
0.366803
0.399377
0.408244
0.0539353
0.0172831
0.159254
0.662
0.662
0.238007
0.207286
0.241993
0.0977686
0.267792
0.118222
0.0262323
0.176955
0.662
0.446618
0.294899
0.282867
0.159529
0.0596231
0.208295
0.662
0.219313
0.396645
0.583246
0.345782
0.0465051
0.662
0.119085
0.662
0.139259
0.152344
0.257005
0.641239
0.155908
0.254815
0.662
0.662
0.118146
0.662
0.242103
0.140796
0.240995
0.204214
0.303403
0.543223
0.662
0.544492
0.180502
0.501696
0.359625
0.22866
0.46696
0.444644
0.486941
0.429322
0.0547592
0.100934
0.0644791
0.0574884
0.374362
0.361906
0.662
0.0739358
0.0292365
0.662
0.198181
0.662
0.224107
0.337749
0.103992
0.254517
0.00463329
0.0782535
0.0277297
0.201269
0.273438
0.662
0.15637
0.396131
0.279943
0.165647
0.662
0.0458729
0.103364
0.132353
0.662
0.193732
0.626393
0.20294
0.662
0.258447
0.323624
0.41514
0.258636
0.250743
0.353585
0.252218
0.0588315
0.0537634
0.193848
0.0761424
0.287982
0.150872
0.207239
0.662
0.112959
0.338135
0.176143
0.0777732
0.105002
0.647409
0.0402293
0.132175
0.199586
0.233
0.662
0.459208
0.169318
0.40317
0.251568
0.165459
0.293192
0.662
0.0854414
0.314143
0.225479
0.258752
0.310491
0.308113
0.0844821
0.662
0.426123
0.644465
0.316482
0.662
0.0764839
0.0821946
0.192721
0.271514
0.27448
0.662
0.0943345
0.206527
0.118024
0.626406
0.106067
0.271456
0.178344
0.504716
0.115016
0.0884698
0.0566978
0.662
0.368262
0.339582
0.16846
0.220302
0.084521
0.262557
0.11847
0.662
0.241994
0.353604
0.0780162
0.241883
0.116239
0.114361
0.148619
0.184619
0.662
0.165215
0.408131
0.662
0.228303
0.662
0.26248
0.236268
0.216678
0.651237
0.22714
0.662
0.0824643
0.065791
0.278521
0.0760123
0.128868
0.056507
0.662
0.235865
0.662
0.662
0.229634
0.19938
0.0712403
0.631473
0.662
0.662
0.224201
0.585894
0.177303
0.586404
0.597718
0.12779
0.0486217
0.0895611
0.370622
0.256435
0.52405
0.662
0.662
0.37903
0.0857956
0.0706363
0.4531
0.190419
0.148047
0.115133
0.0498973
0.662
0.662
0.0420245
0.364966
0.662
0.387117
0.278668
0.271657
0.202069
0.469425
0.146661
0.187126
0.367868
0.255598
0.290057
0.662
0.453068
0.105406
0.662
0.184776
0.184667
0.262347
0.226004
0.0358021
0.44588
0.65428
0.422086
0.442576
0.352422
0.662
0.200543
0.464893
0.238027
0.087157
0.333345
0.3201
0.0149821
0.0704484
0.074763
0.637331
0.0685203
0.391393
0.0834394
0.163746
0.25355
0.534045
0.172756
0.662
0.662
0.662
0.646465
0.662
0.142697
0.591135
0.352289
0.662
0.662
0.144936
0.193783
0.662
0.176127
0.662
0.195755
0.204835
0.662
0.619149
0.594749
0.182493
0.211471
0.662
0.662
0.662
0.222264
0.0851386
0.0188965
0.662
0.099523
0.306213
0.484874
0.299174
0.662
0.0214847
0.662
0.355494
0.662
0.203148
0.157184
0.662
0.662
0.662
0.662
0.141794
0.270132
0.196044
0.0915354
0.662
0.163466
0.662
0.662
0.26651
0.662
0.253699
0.119023
0.662
0.237809
0.0602111
0.204286
0.662
0.662
0.185708
0.164639
0.0282667
0.175754
0.383079
0.662
0.105629
0.0456774
0.0825891
0.311527
0.119073
0.409779
0.15059
0.115457
0.662
0.110555
0.0174355
0.0690671
0.0733573
0.662
0.455884
0.0739134
0.0428276
0.662
0.295435
0.662
0.0941789
0.32518
0.229507
0.41295
0.662
0.0945522
0.216737
0.258552
0.156947
0.194868
0.467129
0.119778
0.0631316
0.331876
0.0425571
0.477982
0.0317426
0.283484
0.129546
0.590466
0.298814
0.350441
0.40092
0.394192
0.116485
0.662
0.662
0.462143
0.489592
0.662
0.0790622
0.204124
0.374071
0.466189
0.255532
0.123023
0.159602
0.2062
0.662
0.184846
0.0739314
0.662
0.0706234
0.0671786
0.0108328
0.100664
0.662
0.348438
0.0831744
0.306876
0.247802
0.172564
0.154497
0.137654
0.662
0.367025
0.092042
0.151591
0.206235
0.114818
0.171519
0.24099
0.0702395
0.251569
0.473313
0.509592
0.658433
0.415166
0.158154
0.336642
0.455128
0.00694836
0.387823
0.0898768
0.662
0.0635943
0.490586
0.0457024
0.581976
0.192927
0.347638
0.500325
0.071204
0.161684
0.662
0.11718
0.418994
0.662
0.241576
0.0490648
0.384876
0.191385
0.0871325
0.622007
0.11435
0.156996
0.119944
0.259722
0.442913
0.391391
0.579198
0.658413
0.131597
0.351336
0.351217
0.372943
0.285604
0.0253593
0.434879
0.630391
0.0605936
0.112228
0.164334
0.0332359
0.0139734
0.0723391
0.60172
0.46625
0.395835
0.0437072
0.171403
0.0986692
0.591443
0.662
0.60713
0.652166
0.00469963
0.17358
0.662
0.196584
0.662
0.662
0.662
0.0290395
0.216996
0.0736424
0.602342
0.507487
0.289596
0.24411
0.0787982
0.662
0.662
0.120278
0.520129
0.662
0.662
0.662
0.153007
0.169921
0.103283
0.517841
0.283481
0.0749592
0.0875667
0.213604
0.281721
0.269218
0.111794
0.662
0.037564
0.662
0.163159
0.00112421
0.244325
0.310579
0.15312
0.531775
0.0807104
0.27556
0.392879
0.0891654
0.224572
0.243421
0.074653
0.0890787
0.360698
0.035376
0.105704
0.463689
0.23531
0.183319
0.0685111
0.449663
0.145784
0.662
0.301191
0.0938502
0.250278
0.0485064
0.297766
0.383502
0.144738
0.270322
0.148315
0.0847497
0.165137
0.662
0.194141
0.121471
0.534447
0.265346
0.189904
0.0822249
0.108977
0.447621
0.139053
0.415126
0.271896
0.346117
0.137397
0.288226
0.226423
0.147548
0.311772
0.24278
0.662
0.505133
0.184112
0.0683497
0.134895
0.212871
0.554125
0.000331175
0.275768
0.629855
0.105114
0.0562225
0.410409
0.368422
0.234256
0.149435
0.128736
0.323816
0.662
0.662
0.11154
0.325072
0.498724
0.468102
0.316756
0.218129
0.28639
0.662
0.127276
0.304313
0.302642
0.187986
0.283499
0.259373
0.0184252
0.55299
0.0916639
0.662
0.336454
0.00918186
0.562055
0.553225
0.114881
0.082215
0.25547
0.032015
0.257769
0.662
0.098508
0.662
0.143073
0.215652
0.0243046
0.168159
0.307747
0.492645
0.0121917
0.197721
0.162825
0.129235
0.591561
0.0245793
0.0927045
0.170612
0.662
0.350801
0.177733
0.179778
0.662
0.523654
0.662
0.0851216
0.37923
0.662
0.0938297
0.239904
0.307289
0.662
0.0892298
0.113527
0.341528
0.0990159
0.389855
0.231872
0.125191
0.188447
0.123465
0.662
0.662
0.160343
0.276535
0.254012
0.524748
0.662
0.0675229
0.21745
0.485709
0.450263
0.662
0.662
0.175717
0.0934622
0.360408
0.153891
0.173006
0.221748
0.268099
0.0885101
0.0956927
0.632856
0.0629157
0.158839
0.162276
0.382085
0.4604
0.0628608
0.662
0.256132
0.0413979
0.0648018
0.662
0.319192
0.0754083
0.231585
0.662
0.100117
0.250266
0.462622
0.232152
0.0829747
0.122092
0.271414
0.291348
0.662
0.662
0.0552269
0.662
0.526027
0.235324
0.207737
0.62381
0.258469
0.111267
0.204255
0.148034
0.188313
0.179759
0.0942822
0.662
0.40403
0.213421
0.212515
0.0645215
0.27997
0.319432
0.317247
0.662
0.662
0.430861
0.662
0.153789
0.316464
0.662
0.216321
0.471271
0.109345
0.353684
0.662
0.162009
0.141634
0.16693
0.467149
0.416283
0.186266
0.662
0.662
0.231926
0.251391
0.375465
0.380295
0.567485
0.575255
0.662
0.662
0.100442
0.0988384
0.17599
0.0655221
0.365414
0.1471
0.251743
0.219154
0.662
0.0496222
0.457457
0.129468
0.277215
0.120447
0.149112
0.662
0.61407
0.0655758
0.155815
0.662
0.662
0.168486
0.0598945
0.341598
0.662
0.185532
0.662
0.3611
0.101172
0.662
0.56683
0.662
0.125951
0.0717473
0.421055
0.536902
0.270064
0.52461
0.662
0.153433
0.0531211
0.112097
0.135337
0.2367
0.195883
0.248534
0.662
0.202605
0.151203
0.472953
0.392773
0.662
0.291305
0.282684
0.0439011
0.178273
0.130682
0.0581553
0.312079
0.117049
0.185711
0.369174
0.662
0.349375
0.0259476
0.594763
0.373094
0.0154019
0.026244
0.0775022
0.442984
0.474296
0.206566
0.19424
0.0611483
0.114552
0.274773
0.0942652
0.211202
0.105277
0.328007
0.195737
0.0793897
0.344023
0.528273
0.634557
0.114974
0.662
0.305081
0.374729
0.335644
0.297888
0.156737
0.662
0.242673
0.13173
0.0842474
0.190897
0.103128
0.233087
0.334489
0.0896789
0.245373
0.07525
0.16043
0.460366
0.662
0.604021
0.092187
0.112353
0.0548672
0.662
0.662
0.146477
0.563937
0.454898
0.221138
0.662
0.636495
0.302669
0.662
0.381704
0.24403
0.448417
0.228717
0.662
0.546365
0.662
0.569951
0.272594
0.159434
0.19229
0.591101
0.191106
0.0926866
0.237777
0.662
0.104233
0.0921988
0.413845
0.238555
0.41238
0.662
0.142219
0.051975
0.662
0.24205
0.234879
0.205898
0.662
0.0902346
0.0160952
0.0680506
0.337607
0.390702
0.00629905
0.64846
0.662
0.662
0.662
0.134292
0.363406
0.0736038
0.146575
0.662
0.452715
0.351233
0.0558805
0.436481
0.662
0.130319
0.201902
0.136698
0.624671
0.0594852
0.515907
0.320617
0.450294
0.140469
0.357025
0.202453
0.119807
0.0384485
0.603026
0.141781
0.254597
0.448044
0.393582
0.640192
0.11269
0.662
0.137339
0.056284
0.230285
0.215264
0.062503
0.662
0.0772376
0.548067
0.662
0.207604
0.600067
0.0748738
0.271177
0.662
0.0837699
0.662
0.154185
0.662
0.372588
0.27618
0.13673
0.315871
0.0785244
0.186345
0.0606226
0.198652
0.548684
0.662
0.160406
0.0398552
0.263279
0.33414
0.102539
0.15189
0.459727
0.662
0.0972514
0.295228
0.159284
0.662
0.322017
0.300722
0.479681
0.398809
0.0693052
0.662
0.650845
0.408603
0.521553
0.215717
0.173868
0.0986148
0.378239
0.140258
0.0724755
0.0610453
0.243017
0.662
0.396008
0.662
0.0236652
0.161623
0.216989
0.270414
0.217125
0.352411
0.193628
0.240209
0.258676
0.0821526
0.00383739
0.662
0.101728
0.300151
0.662
0.061207
0.364009
0.414067
0.00127994
0.243306
0.662
0.532943
0.403085
0.300877
0.425722
0.0652213
0.156693
0.271959
0.662
0.162554
0.169337
0.3637
0.662
0.0299588
0.328783
0.11115
0.280549
0.0497105
0.174355
0.27186
0.637602
0.0855369
0.139968
0.204554
0.662
0.142974
0.00213116
0.224242
0.380879
0.349006
0.662
0.188523
0.599433
0.189781
0.163916
0.131169
0.662
0.0507976
0.387857
0.662
0.097882
0.240605
0.433995
0.162729
0.194038
0.223149
0.144582
0.316328
0.136282
0.662
0.201481
0.450672
0.0944363
0.104379
0.662
0.662
0.199368
0.459811
0.105686
0.0899562
0.662
0.662
0.662
0.0688114
0.662
0.409689
0.181485
0.198635
0.196814
0.247131
0.235211
0.0954905
0.094781
0.662
0.176922
0.0732221
0.138452
0.192273
0.399952
0.137372
0.184484
0.328285
0.662
0.428064
0.162338
0.662
0.203628
0.108559
0.662
0.406748
0.662
0.322074
0.39591
0.662
0.569235
0.050309
0.0951637
0.344832
0.218956
0.662
0.0369954
0.335089
0.402169
0.246806
0.176686
0.256856
0.309421
0.662
0.243967
0.141729
0.197666
0.312202
0.554724
0.0516264
0.662
0.277332
0.43079
0.107327
0.00242473
0.0747004
0.233168
0.367598
0.662
0.102502
0.223876
0.662
0.200643
0.362705
0.258873
0.174156
0.662
0.136398
0.202651
0.34263
0.662
0.0218227
0.434907
0.268368
0.440391
0.165765
0.0419539
0.170044
0.34888
0.436299
0.286961
0.112876
0.0583151
0.162615
0.190037
0.142386
0.38427
0.0900314
0.0925003
0.412265
0.409015
0.106457
0.00980498
0.631961
0.66112
0.276825
0.235853
0.647083
0.246169
0.662
0.189832
0.630814
0.190261
0.0407951
0.271046
0.357038
0.0333151
0.327472
0.49532
0.243872
0.397221
0.19909
0.0872995
0.241424
0.662
0.20536
0.425972
0.08586
0.662
0.213519
0.662
0.0452947
0.234888
0.662
0.230015
0.159813
0.381896
0.215145
0.315241
0.281544
0.4267
0.365101
0.178702
0.444304
0.351333
0.266864
0.189718
0.0333312
0.376276
0.193404
0.0707567
0.334524
0.240364
0.205236
0.350415
0.126182
0.0632123
0.570645
0.271165
0.191892
0.385454
0.662
0.110951
0.172705
0.662
0.141568
0.662
0.320211
0.257568
0.654644
0.38844
0.0962239
0.147196
0.4265
0.0699459
0.253937
0.0957711
0.32996
0.662
0.209267
0.141173
0.200697
0.602405
0.625095
0.349637
0.164928
0.387879
0.125505
0.26052
0.125546
0.106668
0.443658
0.110169
0.406347
0.449425
0.662
0.662
0.211987
0.398922
0.224302
0.205186
0.373858
0.404539
0.274356
0.0861859
0.298513
0.423642
0.304565
0.620824
0.347073
0.56622
0.259358
0.662
0.171563
0.0284488
0.162222
0.233599
0.481059
0.129135
0.285465
0.251381
0.206426
0.155685
0.0912391
0.544517
0.202459
0.5528
0.29591
0.156469
0.0668647
0.300066
0.0915339
0.45296
0.193163
0.192828
0.662
0.644146
0.125908
0.09381
0.441348
0.144185
0.662
0.204439
0.0876828
0.445797
0.113255
0.0492421
0.0487824
0.23983
0.0493813
0.241115
0.662
0.662
0.0980261
0.662
0.0881752
0.139707
0.0589892
0.399427
0.444656
0.286639
0.198235
0.46437
0.155219
0.112943
0.0743833
0.41665
0.0755224
0.662
0.213217
0.242032
0.662
0.0665047
0.372304
0.333086
0.111268
0.153549
0.0828062
0.0819035
0.3843
0.285102
0.262413
0.409951
0.218272
0.662
0.662
0.314785
0.0685138
0.109079
0.662
0.662
0.662
0.662
0.0909123
0.474201
0.662
0.250308
0.270629
0.429388
0.260011
0.340984
0.491075
0.162423
0.662
0.662
0.275062
0.662
0.360352
0.541055
0.134072
0.158045
0.0519701
0.662
0.378875
0.153723
0.0586776
0.0763147
0.0818275
0.0841391
0.106636
0.173772
0.259935
0.457948
0.29141
0.400606
0.439113
0.221112
0.12618
0.662
0.119681
0.0738289
0.662
0.662
0.236902
0.103555
0.207701
0.183748
0.230599
0.440834
0.611587
0.662
0.362034
0.492293
0.662
0.344534
0.30289
0.140719
0.164275
0.662
0.0994312
0.662
0.476531
0.29484
0.662
0.100553
0.176224
0.076885
0.322587
0.0291601
0.317707
0.253697
0.193898
0.223359
0.394208
0.171884
0.365546
0.461401
0.158394
0.186961
0.418566
0.662
0.662
0.662
0.513691
0.205461
0.188043
0.240965
0.190468
0.180128
0.662
0.150458
0.170274
0.0773074
0.563353
0.428267
0.143961
0.125411
0.128926
0.1877
0.30966
0.275896
0.292562
0.198507
0.511183
0.647161
0.246284
0.10962
0.197572
0.171159
0.662
0.662
0.662
0.0799995
0.175521
0.117297
0.197447
0.412325
0.0744403
0.1119
0.499042
0.12623
0.19024
0.281825
0.420526
0.226596
0.0830494
0.158283
0.662
0.172932
0.42079
0.494268
0.186731
0.109766
0.635118
0.662
0.0109586
0.121988
0.236891
0.189264
0.640806
0.297474
0.213698
0.295115
0.284421
0.0783734
0.662
0.662
0.662
0.325363
0.37975
0.302474
0.662
0.148549
0.662
0.270076
0.167697
0.0996585
0.191931
0.435108
0.279811
0.117516
0.662
0.1555
0.27376
0.146227
0.207518
0.662
0.1966
0.093919
0.30578
0.662
0.00306045
0.136923
0.0825208
0.38118
0.173506
0.0717347
0.435842
0.168383
0.188567
0.317273
0.0224305
0.0259491
0.0427937
0.163353
0.662
0.505815
0.0998847
0.453113
0.477199
0.0723814
0.247677
0.284293
0.244327
0.0876268
0.151839
0.662
0.662
0.243695
0.122978
0.473165
0.662
0.0822668
0.419758
0.138954
0.435579
0.662
0.662
0.0976739
0.662
0.102678
0.662
0.662
0.662
0.662
0.662
0.662
0.245117
0.401144
0.657405
0.153173
0.198161
0.326671
0.662
0.481256
0.0217962
0.150038
0.194354
0.535245
0.662
0.24998
0.110384
0.122151
0.277952
0.240355
0.662
0.662
0.359587
0.148369
0.272131
0.0933184
0.379531
0.662
0.464128
0.114613
0.242049
0.662
0.61549
0.662
0.662
0.631515
0.652528
0.471305
0.40628
0.201583
0.3126
0.0137075
0.587438
0.266174
0.142462
0.459595
0.0151923
0.147727
0.261805
0.101427
0.233528
0.345741
0.231896
0.320175
0.408334
0.0872964
0.342414
0.0778941
0.0958006
0.129326
0.527714
0.523652
0.662
0.400338
0.472207
0.662
0.262575
0.162004
0.126983
0.319832
0.215275
0.195139
0.0914127
0.0876826
0.19648
0.427773
0.662
0.454526
0.137849
0.0500808
0.330502
0.124867
0.0407029
0.439288
0.327369
0.262617
0.256491
0.185114
0.110334
0.275672
0.357534
0.555033
0.134924
0.202111
0.0427992
0.141836
0.302647
0.13055
0.0767898
0.0895009
0.662
0.294131
0.0862564
0.315713
0.662
0.312985
0.240135
0.139149
0.662
0.660208
0.458921
0.124663
0.255905
0.164308
0.217325
0.254081
0.177615
0.662
0.281349
0.1362
0.200558
0.193698
0.295181
0.305964
0.640593
0.302314
0.256247
0.250144
0.605876
0.090633
0.662
0.110733
0.168961
0.126892
0.170602
0.629213
0.089531
0.417329
0.146575
0.109897
0.154686
0.269916
0.607889
0.0244883
0.0614102
0.0530571
0.132188
0.0914124
0.662
0.037838
0.662
0.173648
0.177355
0.209977
0.649767
0.293777
0.0888343
0.303345
0.453931
0.662
0.556494
0.0524947
0.0551422
0.171376
0.330233
0.662
0.579367
0.662
0.120071
0.410161
0.392709
0.34755
0.328094
0.216115
0.662
0.514447
0.473627
0.180755
0.099619
0.319433
0.616182
0.273726
0.134182
0.330347
0.662
0.323209
0.0751949
0.288555
0.620277
0.102486
0.124318
0.248196
0.414513
0.128965
0.0703336
0.446248
0.367677
0.662
0.662
0.662
0.212571
0.371644
0.662
0.229501
0.101138
0.659593
0.662
0.324258
0.662
0.249139
0.0925658
0.284582
0.259903
0.549739
0.0895773
0.632
0.0473344
0.0837442
0.0164785
0.555787
0.662
0.180135
0.235342
0.134631
0.662
0.662
0.307893
0.094807
0.455253
0.553317
0.425377
0.463376
0.388397
0.662
0.195514
0.457281
0.119691
0.130243
0.662
0.284572
0.118445
0.181103
0.395322
0.65851
0.35385
0.179978
0.317159
0.231002
0.510642
0.662
0.542784
0.662
0.230233
0.189597
0.662
0.662
0.0076247
0.339999
0.150387
0.172143
0.0384194
0.229238
0.323959
0.476261
0.525375
0.282699
0.380902
0.0938777
0.574557
0.446956
0.199915
0.29933
0.0222432
0.662
0.187274
0.402627
0.123533
0.0310223
0.0106092
0.662
0.0653543
0.107392
0.253536
0.292916
0.662
0.257483
0.127215
0.102574
0.242955
0.294248
0.662
0.195739
0.472713
0.662
0.662
0.662
0.333563
0.129193
0.662
0.306337
0.141008
0.662
0.112579
0.0844051
0.13511
0.412376
0.0921771
0.396198
0.194119
0.215267
0.662
0.128804
0.629699
0.662
0.263764
0.168988
0.233516
0.161453
0.120959
0.115264
0.0356978
0.662
0.662
0.222092
0.144588
0.662
0.223721
0.662
0.166458
0.0526013
0.662
0.144224
0.133533
0.579457
0.0536693
0.394565
0.211163
0.0873473
0.195211
0.662
0.40674
0.662
0.283545
0.662
0.662
0.366069
0.206452
0.335465
0.408926
0.0882919
0.127341
0.458692
0.662
0.205448
0.662
0.347524
0.0546553
0.184945
0.331561
0.0788445
0.233715
0.662
0.0646706
0.662
0.662
0.547601
0.245059
0.662
0.28856
0.0430701
0.431317
0.22736
0.662
0.237785
0.126364
0.0399163
0.168477
0.113825
0.662
0.236562
0.642093
0.357787
0.662
0.662
0.300034
0.387012
0.406392
0.0769329
0.0398175
0.195651
0.121067
0.0615054
0.373299
0.662
0.643308
0.218722
0.0797426
0.517467
0.213278
0.0999495
0.101753
0.662
0.160716
0.230023
0.352343
0.391712
0.130615
0.0581564
0.660044
0.134992
0.232852
0.116535
0.106667
0.168556
0.662
0.177593
0.249664
0.171734
0.182601
0.617054
0.281247
0.386652
0.0463547
0.538387
0.431077
0.390863
0.398105
0.174166
0.662
0.662
0.141217
0.0786557
0.158355
0.16147
0.372435
0.662
0.227191
0.662
0.0848532
0.155643
0.164245
0.343426
0.0154166
0.205069
0.662
0.460859
0.256649
0.662
0.179268
0.430739
0.0606968
0.367309
0.662
0.254627
0.460877
0.0938789
0.0108204
0.322231
0.156973
0.0884361
0.1818
0.23103
0.455756
0.0707934
0.483089
0.426687
0.625187
0.218642
0.089526
0.223679
0.145729
0.179028
0.420174
0.662
0.549962
0.662
0.438872
0.612682
0.454052
0.174674
0.434089
0.0289489
0.122817
0.269707
0.460241
0.662
0.466757
0.170708
0.168017
0.0488186
0.303411
0.20464
0.257417
0.227565
0.138702
0.219119
0.0730272
0.390102
0.0700523
0.662
0.303094
0.32765
0.205235
0.386274
0.263586
0.127936
0.182444
0.0836755
0.662
0.662
0.400149
0.229979
0.31825
0.229759
0.128717
0.110602
0.0548983
0.662
0.475833
0.215173
0.204572
0.390805
0.309412
0.328824
0.0531921
0.100821
0.662
0.0688285
0.662
0.579012
0.325887
0.113009
0.0602115
0.0798501
0.128261
0.039088
0.662
0.188973
0.662
0.273618
0.140501
0.177173
0.176219
0.662
0.0811354
0.0665735
0.662
0.119323
0.120215
0.149201
0.381049
0.426002
0.267081
0.489075
0.40389
0.12395
0.197983
0.351623
0.203688
0.662
0.662
0.0790304
0.662
0.06614
0.0279689
0.554438
0.128665
0.662
0.155051
0.119791
0.385277
0.647954
0.139103
0.197354
0.070805
0.159899
0.55765
0.208031
0.138591
0.220335
0.146449
0.662
0.193558
0.543484
0.0557982
0.262861
0.0766988
0.145749
0.520777
0.250244
0.149785
0.173434
0.318607
0.620679
0.470223
0.165754
0.0310841
0.662
0.560274
0.100438
0.586105
0.127207
0.270738
0.117925
0.127821
0.212536
0.119975
0.388702
0.102972
0.2236
0.180438
0.148983
0.662
0.279035
0.662
0.352009
0.0413796
0.31332
0.278898
0.662
0.48352
0.662
0.299262
0.347198
0.187208
0.0680311
0.631105
0.621607
0.219683
0.100714
0.662
0.198125
0.177116
0.0734951
0.472733
0.662
0.603124
0.0614337
0.373272
0.305073
0.263175
0.101809
0.213812
0.20882
0.236085
0.290995
0.662
0.662
0.189044
0.234389
0.319536
0.131266
0.557245
0.245655
0.237558
0.222039
0.131752
0.121287
0.110097
0.183418
0.25563
0.192049
0.355218
0.248696
0.130115
0.364407
0.188692
0.662
0.249149
0.127033
0.361601
0.0655764
0.662
0.0924232
0.581999
0.136425
0.408403
0.0498318
0.250633
0.18675
0.0702747
0.662
0.0842275
0.268888
0.662
0.266611
0.514267
0.109534
0.218071
0.253918
0.208395
0.0891477
0.533189
0.508303
0.0238108
0.314729
0.164782
0.0101423
0.275144
0.117883
0.425918
0.154491
0.252144
0.662
0.197305
0.276554
0.634181
0.274179
0.124366
0.554928
0.246813
0.392581
0.418426
0.24204
0.401579
0.334471
0.205261
0.151733
0.662
0.662
0.662
0.662
0.0762442
0.617453
0.123648
0.114805
0.113674
0.0171437
0.0545607
0.188389
0.662
0.108603
0.205674
0.642091
0.190769
0.484603
0.202027
0.131095
0.213629
0.302148
0.181381
0.343784
0.0785419
0.662
0.0954836
0.130056
0.108207
0.56878
0.172755
0.044423
0.660965
0.38424
0.284361
0.30431
0.662
0.209669
0.0107621
0.318363
0.319731
0.368726
0.108864
0.175326
0.100389
0.662
0.662
0.628416
0.146907
0.116142
0.11756
0.0930835
0.662
0.245394
0.31353
0.104147
0.0628927
0.0601259
0.407089
0.549883
0.135126
0.0148912
0.235676
0.190262
0.489867
0.426301
0.264901
0.635413
0.0636062
0.090397
0.268449
0.362422
0.0658406
0.208865
0.610112
0.204982
0.0265473
0.0469767
0.521507
0.0558573
0.324013
0.662
0.334248
0.662
0.662
0.178144
0.662
0.523404
0.662
0.299917
0.181903
0.412011
0.170588
0.196083
0.662
0.189486
0.662
0.13545
0.541401
0.159066
0.473757
0.593697
0.0824015
0.662
0.409307
0.407797
0.361695
0.54617
0.147642
0.08546
0.00795823
0.0420378
0.0440434
0.302864
0.38589
0.0638181
0.402767
0.630506
0.137228
0.662
0.211253
0.117373
0.0985655
0.0103483
0.473466
0.124245
0.662
0.14287
0.197628
0.0764674
0.662
0.289332
0.246972
0.39107
0.662
0.370791
0.10198
0.662
0.128506
0.0449301
0.152625
0.0895989
0.403822
0.0722611
0.522018
0.466176
0.142857
0.662
0.212978
0.662
0.662
0.0635182
0.212953
0.662
0.210295
0.0132356
0.160676
0.0740199
0.233746
0.0920199
0.547609
0.662
0.100209
0.662
0.193725
0.662
0.208663
0.662
0.551345
0.0736288
0.662
0.662
0.158698
0.151422
0.173839
0.354985
0.257242
0.662
0.257819
0.0387763
0.225217
0.211919
0.291047
0.151902
0.026519
0.204809
0.424176
0.0625109
0.1367
0.662
0.455411
0.282521
0.125228
0.540906
0.0854535
0.32516
0.117544
0.662
0.55095
0.146459
0.106088
0.423725
0.537218
0.116511
0.662
0.662
0.662
0.547398
0.126607
0.331631
0.564944
0.321679
0.22372
0.408001
0.0451234
0.662
0.662
0.0624915
0.277452
0.473478
0.0274474
0.662
0.400468
0.285197
0.176313
0.175438
0.171304
0.0593069
0.110247
0.29286
0.180321
0.267986
0.007635
0.397132
0.662
0.284903
0.17866
0.161664
0.641937
0.0897672
0.0696054
0.157477
0.0591512
0.175587
0.459641
0.662
0.590695
0.389436
0.662
0.662
0.0964715
0.186472
0.132463
0.662
0.38088
0.662
0.0125554
0.43286
0.662
0.634506
0.0919439
0.243912
0.0818452
0.0909403
0.0169787
0.130489
0.173878
0.390014
0.0967229
0.165641
0.603571
0.282394
0.155751
0.608846
0.662
0.218587
0.267245
0.468047
0.20694
0.359765
0.376022
0.293854
0.281273
0.551917
0.189938
0.10365
0.419025
0.662
0.126777
0.181973
0.449682
0.0614502
0.130694
0.532595
0.129224
0.364757
0.662
0.135727
0.662
0.662
0.662
0.416446
0.291255
0.662
0.0679036
0.338071
0.167139
0.0731028
0.662
0.0806587
0.125195
0.296627
0.562145
0.662
0.194437
0.251394
0.200805
0.662
0.0582275
0.196565
0.0895274
0.180111
0.0707645
0.100842
0.296818
0.155495
0.063321
0.0352982
0.416176
0.427924
0.436696
0.549151
0.0600466
0.621567
0.156446
0.0661182
0.462033
0.208826
0.402715
0.255033
0.662
0.662
0.471043
0.425343
0.494668
0.662
0.662
0.662
0.0943969
0.138661
0.373429
0.662
0.271197
0.539022
0.214001
0.0288396
0.662
0.00823228
0.103427
0.0128019
0.662
0.364045
0.215266
0.0792633
0.362208
0.250703
0.0742627
0.19365
0.0520736
0.30666
0.0961941
0.662
0.662
0.173546
0.141578
0.106744
0.549857
0.292513
0.0829157
0.662
0.337077
0.301897
0.662
0.662
0.0665743
0.42757
0.621678
0.0853983
0.662
0.431018
0.215322
0.623126
0.0926201
0.208319
0.662
0.662
0.166074
0.113508
0.662
0.0681782
0.188463
0.662
0.476488
0.387133
0.651312
0.0919157
0.152902
0.662
0.222304
0.662
0.662
0.446351
0.471424
0.328411
0.662
0.413738
0.467009
0.0289527
0.662
0.0863261
0.366716
0.0174757
0.433234
0.0689855
0.32512
0.433904
0.283703
0.662
0.662
0.325063
0.36507
0.243717
0.13042
0.00907175
0.0446787
0.225721
0.662
0.0838398
0.0886177
0.0741016
0.321989
0.172519
0.662
0.0738489
0.362581
0.662
0.105255
0.0194216
0.0748487
0.579158
0.100655
0.662
0.117444
0.144956
0.0550626
0.662
0.236671
0.20067
0.315059
0.341002
0.662
0.662
0.632671
0.149444
0.214936
0.0762266
0.222476
0.398716
0.640734
0.343604
0.458255
0.355517
0.312596
0.662
0.108859
0.0808373
0.332517
0.178119
0.0654851
0.437043
0.311784
0.449415
0.662
0.662
0.192475
0.662
0.662
0.662
0.223684
0.113078
0.286402
0.264885
0.662
0.372236
0.401021
0.390862
0.245431
0.112737
0.159524
0.551032
0.149681
0.662
0.108803
0.662
0.443758
0.662
0.17087
0.473785
0.019085
0.482846
0.171779
0.0589545
0.662
0.330836
0.350139
0.463727
0.193261
0.250927
0.254665
0.0985075
0.202566
0.662
0.255714
0.662
0.0849972
0.196493
0.131094
0.662
0.662
0.272705
0.0620651
0.298046
0.40496
0.662
0.277298
0.188679
0.158571
0.318265
0.5014
0.662
0.610035
0.551645
0.406095
0.662
0.616194
0.198543
0.139458
0.186351
0.306707
0.472882
0.227095
0.230758
0.41896
0.662
0.662
0.411153
0.31804
0.571336
0.0761246
0.662
0.164361
0.214285
0.190661
0.194193
0.189915
0.579614
0.246427
0.0525694
0.464054
0.140462
0.235715
0.380465
0.662
0.536934
0.662
0.0815484
0.150731
0.261193
0.276548
0.170115
0.0626685
0.16553
0.0621007
0.662
0.323617
0.35125
0.201674
0.0933142
0.312775
0.525031
0.662
0.662
0.638849
0.662
0.235913
0.127954
0.133993
0.35016
0.662
0.360472
0.381748
0.114339
0.344163
0.321154
0.662
0.0844805
0.0549417
0.520921
0.0163642
0.594453
0.0621684
0.118902
0.238404
0.0771422
0.141249
0.0609261
0.171059
0.254169
0.107671
0.447111
0.181086
0.148947
0.662
0.261632
0.217276
0.662
0.00633307
0.563665
0.30908
0.098702
0.662
0.0633488
0.212148
0.662
0.153685
0.340049
0.554638
0.403881
0.262953
0.231007
0.546008
0.162271
0.662
0.372756
0.347171
0.662
0.357375
0.662
0.209785
0.147394
0.662
0.214413
0.662
0.431821
0.121871
0.333485
0.232224
0.10942
0.596713
0.199132
0.347823
0.235344
0.155632
0.378616
0.0931723
0.557804
0.0284335
0.182442
0.0605493
0.0834869
0.0769566
0.0575365
0.134835
0.315882
0.662
0.165646
0.412182
0.104511
0.213593
0.456514
0.00675753
0.572102
0.265339
0.132375
0.160314
0.040325
0.124993
0.220211
0.185049
0.662
0.102834
0.186999
0.0132974
0.662
0.103136
0.205628
0.539199
0.191795
0.662
0.198526
0.454191
0.154271
0.662
0.614961
0.227767
0.0864644
0.206024
0.279911
0.495136
0.269258
0.0375437
0.662
0.15008
0.203741
0.267226
0.233661
0.662
0.431193
0.201515
0.183754
0.0917385
0.0580001
0.662
0.0801345
0.458079
0.00786316
0.0468467
0.212667
0.355551
0.444173
0.662
0.662
0.477412
0.239398
0.662
0.110481
0.41998
0.22371
0.209273
0.335559
0.362221
0.119832
0.0966888
0.159189
0.0738331
0.548863
0.0620442
0.545551
0.662
0.542174
0.0513029
0.298096
0.171248
0.192905
0.472794
0.0714141
0.596396
0.429298
0.0538367
0.653118
0.176075
0.662
0.248023
0.00695323
0.330577
0.0832859
0.106404
0.0552479
0.592693
0.330816
0.532868
0.228474
0.455787
0.0544496
0.0804949
0.662
0.0971563
0.294067
0.0380137
0.110945
0.21905
0.11854
0.0537719
0.320349
0.662
0.527139
0.662
0.0592898
0.205636
0.0838124
0.445956
0.377564
0.0518219
0.155513
0.25922
0.363345
0.237551
0.0842526
0.125749
0.662
0.21224
0.662
0.304548
0.177792
0.499816
0.662
0.233533
0.0538094
0.105099
0.609339
0.0255408
0.662
0.372585
0.662
0.0636179
0.662
0.379186
0.0749995
0.210826
0.165467
0.222421
0.662
0.662
0.221828
0.146588
0.212019
0.462542
0.605615
0.254479
0.662
0.117383
0.235389
0.633314
0.0705561
0.30217
0.145716
0.662
0.204252
0.550522
0.662
0.486156
0.662
0.0778936
0.246602
0.0530976
0.662
0.662
0.206351
0.328214
0.414077
0.0773617
0.167752
0.20922
0.662
0.295778
0.273099
0.524469
0.195742
0.132128
0.420944
0.121787
0.377926
0.108477
0.451905
0.0774871
0.269505
0.217081
0.662
0.11365
0.131726
0.662
0.158637
0.662
0.621682
0.662
0.662
0.662
0.141711
0.645712
0.526775
0.662
0.563486
0.554682
0.662
0.662
0.187802
0.598743
0.113466
0.405126
0.662
0.170415
0.662
0.206692
0.125718
0.474496
0.662
0.662
0.0164859
0.662
0.149423
0.168136
0.100877
0.0207234
0.367268
0.507602
0.0783395
0.662
0.0399947
0.107331
0.32485
0.266017
0.12703
0.147365
0.0689467
0.662
0.216137
0.662
0.326622
0.00120882
0.662
0.662
0.465238
0.539392
0.662
0.0632504
0.122359
0.266425
0.662
0.210419
0.662
0.0691729
0.248544
0.153076
0.466523
0.387734
0.0692833
0.178515
0.109091
0.662
0.310871
0.132139
0.109642
0.662
0.0632016
0.662
0.0744935
0.617601
0.08515
0.147926
0.407718
0.0546766
0.346834
0.173966
0.662
0.359603
0.381606
0.175263
0.141995
0.610626
0.0556015
0.369122
0.388601
0.0758069
0.412709
0.131013
0.374369
0.207107
0.662
0.662
0.0546538
0.412263
0.593017
0.0546959
0.662
0.0633063
0.218447
0.199085
0.662
0.0712463
0.0420784
0.212142
0.297288
0.106083
0.662
0.377562
0.662
0.662
0.206996
0.220413
0.14088
0.0154686
0.491628
0.211434
0.662
0.662
0.105941
0.368334
0.287685
0.412171
0.608666
0.397423
0.662
0.660476
0.110789
0.662
0.311214
0.157056
0.142167
0.662
0.0785054
0.266689
0.506045
0.233108
0.231501
0.662
0.0902291
0.515814
0.109585
0.662
0.256592
0.173295
0.405011
0.662
0.110868
0.662
0.662
0.0195798
0.624756
0.427876
0.131102
0.662
0.220791
0.443208
0.407677
0.335407
0.0802209
0.240929
0.4791
0.42305
0.229487
0.0976101
0.0939659
0.299715
0.262251
0.40752
0.0907207
0.00354559
0.202977
0.662
0.662
0.391986
0.263927
0.174808
0.252289
0.212867
0.196936
0.128453
0.0681649
0.271459
0.159214
0.0614411
0.662
0.303644
0.375378
0.235464
0.386762
0.101609
0.0489099
0.662
0.203439
0.230949
0.549697
0.337855
0.0832262
0.126071
0.141414
0.662
0.662
0.662
0.30782
0.312904
0.135546
0.120179
0.203324
0.220448
0.248021
0.662
0.662
0.253913
0.662
0.0311569
0.163656
0.660789
0.124092
0.335096
0.382137
0.662
0.126086
0.171423
0.434414
0.662
0.113916
0.0933961
0.187812
0.287671
0.195856
0.283628
0.662
0.121524
0.0503594
0.0591179
0.166428
0.131737
0.282721
0.315959
0.0796704
0.240511
0.24087
0.662
0.166311
0.166648
0.662
0.662
0.0869027
0.320406
0.662
0.197272
0.662
0.260539
0.195216
0.662
0.483995
0.18221
0.236102
0.142153
0.417985
0.0827906
0.00458829
0.186145
0.283461
0.662
0.0821982
0.662
0.389307
0.0828013
0.20221
0.13195
0.118083
0.088231
0.324321
0.588399
0.36625
0.0573914
0.0441139
0.226243
0.388439
0.14313
0.157938
0.0604747
0.425127
0.080809
0.177437
0.454451
0.185898
0.662
0.662
0.356872
0.278714
0.272094
0.547479
0.387764
0.263172
0.662
0.662
0.0297476
0.662
0.1107
0.216371
0.259513
0.387986
0.360556
0.650999
0.0619391
0.168745
0.565836
0.161327
0.259013
0.117875
0.662
0.448567
0.0958383
0.356659
0.189859
0.307255
0.20556
0.0386306
0.0975671
0.16816
0.0705061
0.662
0.441629
0.662
0.179668
0.0715631
0.290934
0.544296
0.415753
0.116506
0.558621
0.0933938
0.116954
0.179173
0.117694
0.356654
0.474934
0.662
0.0561132
0.0901664
0.543589
0.662
0.537772
0.208647
0.662
0.102567
0.179739
0.219812
0.296802
0.662
0.355316
0.558046
0.167054
0.662
0.0111462
0.662
0.307914
0.149124
0.172064
0.174863
0.0906798
0.0740039
0.203328
0.555991
0.121275
0.0635609
0.560617
0.441156
0.662
0.134931
0.662
0.0354048
0.311586
0.662
0.299339
0.374282
0.53273
0.050064
0.0529156
0.206256
0.17074
0.321334
0.662
0.0613462
0.0533096
0.662
0.274309
0.0837539
0.394432
0.662
0.547282
0.662
0.662
0.212368
0.436463
0.0336019
0.207736
0.208251
0.201864
0.63339
0.0435839
0.662
0.203666
0.0351883
0.215343
0.0513365
0.222779
0.167162
0.203982
0.0803872
0.0305333
0.662
0.242263
0.160445
0.290582
0.662
0.260646
0.242249
0.426533
0.34325
0.000732477
0.0753626
0.451219
0.662
0.0416689
0.229211
0.40927
0.235798
0.56078
0.390083
0.32868
0.662
0.34377
0.662
0.662
0.662
0.350188
0.0861985
0.662
0.0909593
0.0919914
0.149235
0.0868467
0.256891
0.136221
0.0869648
0.155216
0.429073
0.662
0.0820648
0.662
0.496847
0.14506
0.0485612
0.339532
0.514195
0.0667197
0.662
0.276367
0.0414729
0.153851
0.349305
0.188926
0.662
0.268766
0.0123791
0.192411
0.249757
0.198302
0.0616103
0.033971
0.542459
0.121803
0.218845
0.336904
0.0571042
0.501031
0.0593305
0.197178
0.0946433
0.662
0.662
0.00965079
0.513062
0.662
0.177185
0.0942355
0.662
0.481261
0.257276
0.122207
0.610025
0.475929
0.181444
0.589906
0.662
0.653283
0.137021
0.610664
0.0358701
0.662
0.142199
0.662
0.662
0.144806
0.414237
0.449503
0.0650295
0.101452
0.4076
0.31723
0.0283144
0.662
0.137634
0.0359284
0.0445534
0.318757
0.200272
0.456332
0.1329
0.517215
0.270604
0.171602
0.323401
0.646563
0.0418408
0.376289
0.212
0.116827
0.0726846
0.46311
0.662
0.267469
0.328903
0.263549
0.230167
0.0639596
0.626384
0.662
0.51601
0.0613146
0.517787
0.520011
0.188918
0.252755
0.199387
0.30078
0.128755
0.662
0.150431
0.166795
0.565595
0.0814918
0.0123518
0.082159
0.0555334
0.119679
0.262056
0.171665
0.144645
0.1635
0.204625
0.662
0.662
0.662
0.122802
0.128596
0.126576
0.662
0.0269625
0.0661242
0.0696446
0.326653
0.130307
0.510054
0.412976
0.0155233
0.058671
0.0057514
0.20061
0.358643
0.206888
0.227797
0.662
0.337494
0.47583
0.630789
0.330016
0.662
0.176362
0.0331557
0.162621
0.364815
0.270477
0.465301
0.203942
0.568123
0.0521113
0.662
0.245754
0.531035
0.298697
0.0734351
0.0698836
0.050079
0.662
0.204234
0.662
0.662
0.662
0.111482
0.426871
0.188639
0.131858
0.195119
0.662
0.202248
0.338268
0.0845316
0.662
0.170693
0.343137
0.662
0.307191
0.186903
0.662
0.662
0.662
0.662
0.217335
0.11148
0.209433
0.662
0.662
0.0580463
0.0472958
0.237897
0.398717
0.204733
0.587499
0.388133
0.253029
0.34007
0.468741
0.163297
0.473379
0.0761508
0.192699
0.662
0.145616
0.330924
0.151279
0.08468
0.151337
0.187536
0.139382
0.369056
0.662
0.452975
0.121253
0.622299
0.662
0.287757
0.40228
0.238897
0.0827797
0.36277
0.662
0.573265
0.149276
0.111488
0.326671
0.662
0.662
0.157375
0.225747
0.186347
0.562235
0.0274068
0.242572
0.41827
0.0101627
0.0529771
0.312348
0.662
0.648026
0.131771
0.291383
0.662
0.135584
0.541839
0.478936
0.310334
0.662
0.0564372
0.244796
0.365211
0.378661
0.0192676
0.193043
0.230562
0.662
0.662
0.130238
0.388324
0.253835
0.662
0.164303
0.488906
0.209356
0.281481
0.662
0.662
0.638874
0.662
0.662
0.466364
0.242965
0.202528
0.34646
0.157473
0.515328
0.476535
0.195214
0.178908
0.556078
0.433591
0.57019
0.130584
0.161582
0.203234
0.413028
0.108642
0.182259
0.662
0.392209
0.0535885
0.227913
0.104667
0.141229
0.26851
0.149463
0.100227
0.347422
0.306237
0.662
0.0664111
0.313939
0.170498
0.122079
0.162779
0.662
0.662
0.219703
0.101703
0.662
0.621914
0.329726
0.662
0.441365
0.0790525
0.662
0.0883288
0.0343297
0.0502627
0.393345
0.192219
0.662
0.662
0.146795
0.350103
0.102276
0.0905153
0.662
0.662
0.662
0.662
0.298148
0.430941
0.472013
0.236973
0.107853
0.253077
0.162034
0.255532
0.142495
0.310716
0.469015
0.662
0.0841951
0.157849
0.39293
0.502337
0.434022
0.26291
0.166369
0.525235
0.476754
0.294458
0.166833
0.140333
0.131302
0.117097
0.167263
0.537717
0.241271
0.662
0.269524
0.177144
0.662
0.662
0.199429
0.502338
0.27582
0.662
0.115728
0.0956512
0.294378
0.188637
0.271574
0.419949
0.244432
0.0456184
0.226079
0.0967293
0.0608344
0.662
0.21602
0.255748
0.559574
0.662
0.271579
0.145943
0.662
0.662
0.248074
0.438758
0.164629
0.17642
0.538897
0.0650948
0.210136
0.282189
0.122345
0.00588631
0.45082
0.662
0.284175
0.412641
0.164118
0.662
0.0572704
0.0645183
0.0897793
0.285606
0.662
0.492383
0.233312
0.593501
0.662
0.662
0.180803
0.129869
0.507813
0.108478
0.276912
0.0377098
0.645969
0.176203
0.103535
0.265457
0.331428
0.212975
0.662
0.46714
0.189242
0.184037
0.328021
0.470693
0.662
0.117893
0.662
0.121824
0.662
0.433937
0.0919585
0.48562
0.652503
0.144802
0.120262
0.63339
0.422326
0.0471119
0.636656
0.662
0.297145
0.195078
0.657995
0.662
0.110894
0.450151
0.263307
0.283568
0.637815
0.611513
0.296086
0.662
0.16695
0.426275
0.198271
0.662
0.109326
0.251538
0.434435
0.530646
0.476241
0.481368
0.194603
0.144732
0.293599
0.272537
0.662
0.229754
0.662
0.230649
0.19476
0.159517
0.101379
0.662
0.662
0.0543968
0.157238
0.0701444
0.371287
0.392042
0.318463
0.173656
0.0405407
0.242466
0.317463
0.246298
0.662
0.638612
0.662
0.418985
0.662
0.41762
0.662
0.0514199
0.554875
0.211814
0.494612
0.224815
0.337952
0.662
0.282515
0.0921369
0.662
0.662
0.582392
0.662
0.172112
0.194835
0.662
0.0383005
0.297404
0.35758
0.413116
0.0604721
0.0455952
0.617964
0.297578
0.493669
0.611134
0.662
0.662
0.556121
0.662
0.105859
0.204125
0.662
0.362828
0.307559
0.122116
0.662
0.0838811
0.0376259
0.090057
0.35849
0.0696725
0.335372
0.0498323
0.203394
0.188075
0.363928
0.366358
0.662
0.662
0.46566
0.0963177
0.00352608
0.0328917
0.0647642
0.662
0.0823837
0.270943
0.178806
0.195693
0.269934
0.107763
0.34465
0.0528258
0.063618
0.412429
0.0837753
0.662
0.662
0.429
0.155287
0.195755
0.155848
0.343814
0.177692
0.662
0.657016
0.196419
0.167255
0.447206
0.662
0.127704
0.662
0.662
0.327237
0.0426961
0.345623
0.158191
0.235165
0.0865399
0.0761736
0.0839209
0.374554
0.266569
0.110418
0.0277721
0.480814
0.0530143
0.457458
0.0728817
0.320298
0.246273
0.0122133
0.662
0.353702
0.422975
0.254896
0.100501
0.368205
0.133729
0.260081
0.311701
0.599482
0.173343
0.662
0.367984
0.17663
0.34823
0.287146
0.662
0.403344
0.438039
0.166715
0.229323
0.179689
0.560384
0.108569
0.394092
0.249972
0.146694
0.249427
0.114125
0.662
0.584414
0.45154
0.00583771
0.0119135
0.0153245
0.0899571
0.20131
0.221132
0.40024
0.454506
0.209996
0.104754
0.662
0.0669949
0.179395
0.198966
0.548663
0.19321
0.0595577
0.16949
0.0628412
0.485925
0.662
0.662
0.172593
0.146041
0.301912
0.0742555
0.309961
0.411474
0.172741
0.361729
0.0831473
0.119394
0.438349
0.393832
0.188777
0.161145
0.392771
0.662
0.503373
0.0612276
0.229656
0.210971
0.193727
0.2568
0.137635
0.196067
0.234887
0.405209
0.0295671
0.662
0.251792
0.0922263
0.0889862
0.0799163
0.257478
0.459698
0.00818346
0.32269
0.412389
0.264339
0.519126
0.092698
0.644546
0.221354
0.640726
0.662
0.195619
0.0617714
0.359659
0.280988
0.0854347
0.662
0.283623
0.242712
0.148105
0.323672
0.662
0.205201
0.238844
0.142586
0.0848695
0.662
0.662
0.332428
0.0088853
0.253662
0.106653
0.277635
0.0968226
0.169508
0.662
0.662
0.0958767
0.239952
0.261314
0.570357
0.189008
0.662
0.0957401
0.440994
0.662
0.238059
0.176616
0.171322
0.19128
0.0951705
0.131631
0.0296798
0.48741
0.151045
0.125711
0.131773
0.0623844
0.662
0.303952
0.052999
0.662
0.638302
0.0948562
0.0911372
0.0378919
0.0888092
0.153791
0.233382
0.425817
0.538604
0.467971
0.662
0.103882
0.126087
0.0845061
0.176175
0.151853
0.662
0.662
0.0434114
0.177691
0.235515
0.118967
0.12304
0.258431
0.6485
0.384312
0.540034
0.627642
0.662
0.277002
0.138512
0.135387
0.0764502
0.362073
0.433233
0.655927
0.332009
0.126507
0.266873
0.248223
0.262429
0.0974544
0.396297
0.260582
0.0589424
0.147543
0.49974
0.662
0.662
0.213127
0.136515
0.647702
0.45221
0.0313862
0.325579
0.372534
0.662
0.051421
0.0716915
0.11605
0.662
0.502974
0.431039
0.13027
0.220353
0.405181
0.391651
0.175942
0.191758
0.206892
0.272646
0.322833
0.662
0.179147
0.0742347
0.622427
0.240166
0.123635
0.139715
0.448423
0.194287
0.189702
0.0877825
0.136175
0.35928
0.207892
0.141647
0.662
0.0488338
0.156535
0.223396
0.0180516
0.314969
0.111584
0.0882998
0.299522
0.43356
0.392763
0.0215077
0.077818
0.366143
0.203041
0.0735175
0.43852
0.0717752
0.10063
0.167868
0.0434659
0.158611
0.662
0.0865809
0.235325
0.302603
0.0498168
0.0827246
0.178043
0.263024
0.0866172
0.263926
0.305019
0.613387
0.476555
0.635883
0.662
0.127661
0.1799
0.444588
0.352501
0.662
0.119242
0.076349
0.479705
0.184864
0.0251637
0.662
0.662
0.016216
0.403091
0.234315
0.662
0.662
0.357672
0.0375608
0.662
0.662
0.445284
0.0230975
0.0764663
0.113386
0.15104
0.363237
0.145323
0.662
0.320495
0.204547
0.00784035
0.662
0.179379
0.17169
0.323029
0.511784
0.179852
0.0555673
0.0924858
0.398378
0.244061
0.662
0.149715
0.144319
0.276858
0.119515
0.127751
0.662
0.0772651
0.392817
0.12227
0.472463
0.288103
0.206278
0.662
0.33783
0.199974
0.662
0.494377
0.662
0.240075
0.367362
0.662
0.0519903
0.326482
0.640093
0.290682
0.594814
0.122558
0.543773
0.615659
0.399569
0.662
0.365839
0.118581
0.594455
0.45011
0.127499
0.662
0.228931
0.19458
0.114446
0.491173
0.426621
0.0874177
0.141627
0.365484
0.619369
0.383311
0.133918
0.140747
0.312827
0.182888
0.662
0.413322
0.468235
0.662
0.0825686
0.662
0.223887
0.662
0.189572
0.610433
0.413039
0.0882362
0.637764
0.354891
0.294346
0.662
0.287535
0.262168
0.662
0.662
0.312447
0.662
0.0253896
0.134626
0.662
0.157812
0.00611581
0.171056
0.662
0.367308
0.662
0.148281
0.662
0.403066
0.634203
0.121718
0.2628
0.22292
0.568114
0.662
0.333347
0.256545
0.163931
0.099011
0.662
0.149598
0.173192
0.336192
0.0839445
0.175389
0.173809
0.662
0.662
0.336806
0.0684282
0.179169
0.169443
0.142081
0.194036
0.662
0.662
0.0878571
0.250429
0.662
0.194942
0.34884
0.576367
0.0727752
0.0787949
0.185608
0.0957825
0.352783
0.446535
0.038455
0.134754
0.0868733
0.172987
0.0877909
0.545492
0.662
0.241916
0.170293
0.152727
0.082151
0.0174327
0.0730041
0.100523
0.145529
0.0558093
0.213694
0.0772106
0.319947
0.351929
0.662
0.647698
0.662
0.082486
0.252716
0.0049461
0.0554708
0.662
0.171772
0.662
0.330598
0.108071
0.662
0.199044
0.279458
0.417153
0.662
0.0989237
0.309446
0.469886
0.188525
0.336453
0.413434
0.662
0.647305
0.163079
0.662
0.662
0.662
0.567037
0.169784
0.662
0.638409
0.241783
0.143238
0.549487
0.58298
0.337302
0.0683322
0.0926893
0.114962
0.0335917
0.109896
0.311542
0.469058
0.662
0.0570071
0.0560762
0.662
0.174428
0.475865
0.0926107
0.0684397
0.3642
0.091241
0.110377
0.158725
0.662
0.662
0.0790936
0.662
0.284879
0.0697792
0.291505
0.285818
0.138177
0.208652
0.0841896
0.394991
0.217933
0.11924
0.352609
0.223913
0.662
0.0945082
0.653815
0.125562
0.101817
0.180166
0.662
0.591726
0.50151
0.174092
0.0566329
0.388288
0.641176
0.19967
0.191222
0.104638
0.372334
0.508715
0.662
0.280163
0.0517854
0.185466
0.200244
0.0765938
0.169581
0.234902
0.31303
0.0857595
0.10726
0.662
0.160572
0.125858
0.56286
0.662
0.328732
0.239992
0.361075
0.160204
0.646148
0.394584
0.184632
0.286895
0.31082
0.487882
0.140906
0.137209
0.426775
0.566736
0.0108299
0.183477
0.0792979
0.282065
0.662
0.662
0.662
0.0770835
0.062151
0.252722
0.0504082
0.029424
0.662
0.211609
0.662
0.662
0.077844
0.463332
0.155435
0.104531
0.136968
0.449021
0.662
0.185332
0.177996
0.102642
0.662
0.0732296
0.0636847
0.0921235
0.355508
0.273871
0.140915
0.0227084
0.662
0.181863
0.204608
0.327951
0.662
0.620627
0.284965
0.14884
0.550171
0.0824436
0.168382
0.443605
0.0684633
0.163545
0.12612
0.0693849
0.532793
0.28673
0.248116
0.0091992
0.0978198
0.113077
0.662
0.181412
0.662
0.662
0.146902
0.33375
0.194684
0.0880732
0.12174
0.137136
0.662
0.0861453
0.317957
0.182602
0.217155
0.43011
0.221668
0.167363
0.167559
0.132197
0.252448
0.458432
0.177356
0.168196
0.401428
0.453586
0.0550759
0.662
0.422399
0.296394
0.238649
0.135496
0.662
0.355575
0.109173
0.191341
0.379118
0.124901
0.25705
0.662
0.150471
0.140185
0.0673368
0.361487
0.658132
0.662
0.446085
0.371406
0.662
0.0687826
0.142197
0.339284
0.239064
0.160842
0.662
0.662
0.189114
0.250046
0.0360274
0.587675
0.376734
0.662
0.124165
0.33412
0.10201
0.126642
0.468245
0.185238
0.428122
0.0391696
0.0695202
0.505506
0.385291
0.660613
0.138019
0.0796688
0.652879
0.397724
0.184676
0.137085
0.3162
0.069675
0.216486
0.662
0.140626
0.277452
0.281016
0.0577261
0.662
0.382725
0.371632
0.662
0.279774
0.662
0.662
0.062792
0.558843
0.206361
0.0663308
0.609166
0.082318
0.127916
0.186134
0.176822
0.267283
0.662
0.140569
0.374412
0.263109
0.414786
0.50405
0.662
0.268413
0.184657
0.145035
0.035545
0.662
0.662
0.482257
0.104096
0.503226
0.149481
0.197086
0.345192
0.659903
0.662
0.285178
0.0563024
0.462396
0.46243
0.103181
0.0608072
0.148167
0.662
0.389368
0.0661725
0.176647
0.356734
0.520329
0.406895
0.0928037
0.502572
0.0965547
0.321009
0.114189
0.200771
0.662
0.0769646
0.444537
0.0430808
0.109722
0.30224
0.662
0.166586
0.0595059
0.253017
0.14083
0.225432
0.662
0.138374
0.662
0.419996
0.0545491
0.115303
0.662
0.445116
0.244042
0.189511
0.547756
0.0598392
0.33924
0.510617
0.144456
0.200999
0.662
0.0163685
0.229666
0.325947
0.662
0.421977
0.430616
0.070572
0.221843
0.600987
0.237537
0.186493
0.662
0.0182282
0.631677
0.662
0.102218
0.457765
0.634298
0.194335
0.307477
0.102581
0.141414
0.494003
0.359284
0.132313
0.662
0.416136
0.00362519
0.381201
0.392677
0.429253
0.211964
0.195563
0.0795124
0.164395
0.662
0.343038
0.00443331
0.183097
0.161838
0.662
0.0510907
0.00305415
0.328995
0.143666
0.189951
0.395147
0.117698
0.662
0.132543
0.360819
0.439866
0.144952
0.662
0.170371
0.298164
0.662
0.542054
0.662
0.227378
0.040886
0.418457
0.0673468
0.381956
0.157704
0.662
0.0279076
0.662
0.19069
0.248432
0.326465
0.249356
0.363286
0.501046
0.0600191
0.544056
0.171058
0.176814
0.662
0.310692
0.0413881
0.269157
0.662
0.0247762
0.222597
0.161111
0.639252
0.585708
0.183116
0.129486
0.139459
0.388526
0.0681823
0.25831
0.0113642
0.662
0.0804004
0.662
0.0803499
0.361671
0.0795014
0.0571441
0.173319
0.445971
0.662
0.575984
0.352704
0.0855544
0.555733
0.0525147
0.412148
0.226302
0.046649
0.13968
0.340851
0.143913
0.406152
0.279079
0.128718
0.222891
0.168208
0.662
0.459292
0.232238
0.195804
0.0365323
0.316495
0.0905443
0.0627792
0.532568
0.069465
0.0899625
0.662
0.0919861
0.0767365
0.662
0.00202378
0.441054
0.543998
0.126557
0.662
0.107471
0.0711023
0.0998763
0.521087
0.313335
0.133346
0.376838
0.662
0.377582
0.267071
0.0977932
0.356585
0.20165
0.0613777
0.662
0.301728
0.0400568
0.330464
0.662
0.270928
0.511095
0.214161
0.203043
0.131819
0.35413
0.643807
0.662
0.0749705
0.662
0.107432
0.184265
0.162074
0.138366
0.662
0.296583
0.0956208
0.108297
0.662
0.257935
0.233251
0.576116
0.5198
0.13176
0.280341
0.26931
0.662
0.323939
0.44075
0.662
0.256805
0.461573
0.107487
0.244887
0.179444
0.468276
0.147951
0.570949
0.477657
0.298396
0.257479
0.326078
0.224372
0.0639949
0.112074
0.54814
0.187671
0.662
0.0192433
0.241423
0.602937
0.445016
0.1565
0.170214
0.662
0.107499
0.138086
0.12466
0.184977
0.466734
0.662
0.141765
0.147771
0.12771
0.361936
0.129195
0.0350945
0.0863329
0.31805
0.408904
0.474997
0.263432
0.630741
0.662
0.188094
0.262432
0.0683779
0.263296
0.203996
0.0870411
0.161839
0.470148
0.100366
0.156166
0.236783
0.197162
0.36464
0.662
0.415693
0.648778
0.142015
0.145047
0.298573
0.0716849
0.0551717
0.245418
0.154956
0.302007
0.378902
0.233382
0.341783
0.0287681
0.510237
0.662
0.0295104
0.662
0.401181
0.171268
0.344101
0.0456654
0.0817441
0.379659
0.614072
0.276205
0.161238
0.00866889
0.662
0.212958
0.0425287
0.24325
0.146556
0.0829127
0.662
0.010948
0.549069
0.54482
0.506931
0.662
0.0569704
0.662
0.649541
0.662
0.662
0.633391
0.431999
0.19946
0.662
0.662
0.0640096
0.603392
0.161601
0.0668122
0.421148
0.514048
0.662
0.102209
0.621112
0.411334
0.412423
0.415782
0.187457
0.662
0.0651384
0.602129
0.0277768
0.662
0.116474
0.0748025
0.662
0.662
0.163156
0.199014
0.662
0.662
0.386031
0.0727524
