0.334621
0.315174
0.0858155
0.662
0.146786
0.145067
0.364911
0.662
0.447336
0.352977
0.126226
0.125025
0.192655
0.221635
0.0573269
0.0939714
0.145514
0.407374
0.0280929
0.36304
0.60582
0.662
0.350254
0.284053
0.602199
0.242709
0.13731
0.562899
0.0381166
0.0506464
0.250495
0.191451
0.250096
0.34405
0.529435
0.206508
0.17035
0.181976
0.0405626
0.27338
0.395016
0.662
0.267923
0.187121
0.126765
0.117166
0.527919
0.074729
0.106914
0.662
0.105201
0.275465
0.662
0.151623
0.0480246
0.273429
0.362525
0.516817
0.662
0.662
0.144164
0.662
0.564327
0.336475
0.0993172
0.662
0.662
0.0860833
0.160627
0.381847
0.568001
0.112268
0.0853052
0.288232
0.0614274
0.597956
0.662
0.156428
0.146062
0.12632
0.149896
0.447435
0.473229
0.301268
0.0862628
0.290787
0.311142
0.00700863
0.207182
0.560145
0.341176
0.0333626
0.284475
0.0937994
0.26434
0.158417
0.319659
0.343269
0.41975
0.069153
0.21094
0.335559
0.03465
0.159607
0.0802684
0.133809
0.460844
0.503896
0.426866
0.160017
0.112124
0.127019
0.115797
0.21312
0.218512
0.0728924
0.295597
0.662
0.284119
0.662
0.130585
0.0447625
0.448082
0.343626
0.104802
0.341032
0.0933227
0.140137
0.113947
0.0915061
0.101758
0.143152
0.169123
0.092058
0.151399
0.0202371
0.460062
0.116021
0.0372678
0.401886
0.662
0.109507
0.302026
0.044456
0.279642
0.662
0.235428
0.596003
0.361993
0.147935
0.662
0.616273
0.0916605
0.125469
0.209153
0.0897888
0.327699
0.0688658
0.47331
0.353471
0.212715
0.404017
0.346444
0.662
0.124455
0.0429963
0.662
0.560166
0.383319
0.54604
0.111979
0.267912
0.235578
0.198082
0.662
0.246858
0.137194
0.391719
0.0781862
0.662
0.662
0.0702341
0.662
0.0586403
0.0463778
0.131901
0.425043
0.191056
0.145001
0.229968
0.187355
0.125005
0.139103
0.662
0.599965
0.266482
0.275838
0.269598
0.0291543
0.127486
0.246797
0.216865
0.350315
0.262868
0.662
0.662
0.119959
0.201395
0.152858
0.179924
0.662
0.47139
0.0550173
0.389989
0.252451
0.35271
0.369307
0.557504
0.071735
0.0621375
0.21674
0.00684369
0.531533
0.500956
0.470593
0.278173
0.163919
0.145034
0.18897
0.662
0.121062
0.126187
0.202997
0.118053
0.103891
0.639437
0.294908
0.253232
0.102945
0.0894566
0.661173
0.114327
0.336094
0.1213
0.0995192
0.211602
0.503045
0.0724726
0.662
0.065373
0.096134
0.549677
0.160056
0.13809
0.107913
0.303386
0.662
0.106915
0.60097
0.608901
0.0422697
0.526227
0.63061
0.0737434
0.0628507
0.292789
0.185471
0.662
0.0610148
0.181866
0.236796
0.0383489
0.136314
0.662
0.112759
0.662
0.194396
0.269097
0.0623082
0.36184
0.662
0.376032
0.128586
0.180498
0.144262
0.563427
0.170176
0.0216335
0.662
0.0860634
0.0559085
0.662
0.0942723
0.580178
0.0520161
0.631142
0.0893472
0.403703
0.662
0.247993
0.0477029
0.115505
0.483378
0.350258
0.406792
0.191346
0.199923
0.230134
0.231083
0.28732
0.211294
0.369439
0.29419
0.234044
0.596545
0.318862
0.257483
0.662
0.0870832
0.31294
0.131079
0.228857
0.272828
0.576017
0.633237
0.662
0.224487
0.343625
0.650895
0.0834058
0.0760561
0.402131
0.216953
0.189703
0.114001
0.126078
0.442292
0.550681
0.0291128
0.662
0.170564
0.512137
0.148035
0.08347
0.088662
0.0637229
0.537972
0.106855
0.400918
0.0629721
0.30272
0.117452
0.103941
0.347554
0.39823
0.0858411
0.156734
0.328671
0.207818
0.263234
0.492363
0.662
0.00877604
0.319976
0.662
0.201506
0.12963
0.410284
0.101578
0.0679226
0.52065
0.223299
0.0760442
0.662
0.246354
0.157384
0.106283
0.304054
0.662
0.154635
0.262137
0.380946
0.141569
0.222174
0.662
0.107492
0.100146
0.662
0.177687
0.662
0.406473
0.662
0.121775
0.128158
0.294539
0.0939427
0.407867
0.132291
0.185801
0.662
0.662
0.0400996
0.222645
0.161871
0.0157085
0.354125
0.192519
0.476159
0.0760808
0.6506
0.0584032
0.521541
0.662
0.472938
0.0417104
0.153035
0.662
0.175315
0.158028
0.0615008
0.134184
0.201582
0.156033
0.0756675
0.0112886
0.267194
0.193959
0.0782041
0.0975963
0.239641
0.308061
0.186323
0.0761005
0.363852
0.241081
0.464455
0.662
0.394682
0.0715293
0.159367
0.0980647
0.43526
0.492712
0.176074
0.662
0.161673
0.234283
0.442155
0.19462
0.224312
0.0854894
0.15122
0.556087
0.272432
0.108076
0.0267495
0.575236
0.235772
0.458231
0.253224
0.0137837
0.0889007
0.200953
0.654182
0.116193
0.639734
0.341869
0.486014
0.199239
0.0974969
0.662
0.321659
0.148306
0.382978
0.173812
0.131027
0.616684
0.662
0.0256801
0.662
0.164294
0.272678
0.35966
0.662
0.137649
0.239293
0.662
0.047336
0.198878
0.493116
0.200767
0.607803
0.273356
0.146663
0.438423
0.411606
0.613625
0.0973132
0.250944
0.144766
0.531703
0.662
0.228024
0.23124
0.323301
0.304579
0.662
0.0694491
0.0406938
0.0693395
0.107967
0.132871
0.272057
0.485092
0.283254
0.592011
0.425614
0.453534
0.399716
0.167502
0.0216603
0.662
0.286803
0.175545
0.103244
0.121632
0.232956
0.396852
0.653842
0.596246
0.066512
0.292966
0.375853
0.466362
0.402032
0.413324
0.0690969
0.662
0.0372982
0.545281
0.229513
0.0523966
0.137589
0.0822267
0.187159
0.662
0.127067
0.662
0.047624
0.180241
0.495548
0.117689
0.449712
0.457222
0.662
0.124438
0.662
0.233787
0.139783
0.195884
0.390038
0.0634218
0.240674
0.662
0.302186
0.163466
0.343096
0.289528
0.101363
0.237557
0.110666
0.140478
0.142233
0.091073
0.330062
0.0660679
0.222271
0.281577
0.0576916
0.662
0.522477
0.516668
0.0829284
0.101293
0.284951
0.280979
0.185108
0.402407
0.393904
0.150038
0.033965
0.191112
0.206413
0.180756
0.00707839
0.177753
0.105766
0.215022
0.159954
0.1193
0.249217
0.0980992
0.259933
0.0532445
0.493727
0.118798
0.469609
0.16397
0.271889
0.0102377
0.0484864
0.186673
0.472911
0.0577878
0.0574286
0.404221
0.662
0.410795
0.654472
0.14234
0.0622454
0.199011
0.662
0.189774
0.223912
0.261012
0.163086
0.114164
0.662
0.234635
0.0156354
0.120958
0.0959078
0.164196
0.118147
0.226968
0.662
0.0283939
0.0647268
0.629293
0.592727
0.140608
0.107848
0.307197
0.0596139
0.521626
0.662
0.341588
0.288227
0.0579117
0.363633
0.0414358
0.261564
0.11044
0.148274
0.444474
0.137639
0.211767
0.486577
0.396579
0.0727861
0.662
0.296401
0.662
0.0614435
0.308942
0.455561
0.421621
0.662
0.0633821
0.0865752
0.252301
0.0139321
0.0262624
0.452638
0.146304
0.247823
0.662
0.662
0.0574811
0.282106
0.206094
0.329782
0.576732
0.08307
0.118065
0.1863
0.124707
0.0271185
0.532793
0.662
0.175601
0.0919097
0.393987
0.37322
0.531795
0.0625125
0.23047
0.518675
0.515287
0.656358
0.275164
0.662
0.159936
0.0740223
0.285697
0.0286996
0.131447
0.60412
0.386622
0.662
0.148926
0.181933
0.144455
0.25973
0.226149
0.0682217
0.0594234
0.275244
0.662
0.538367
0.10633
0.338381
0.162338
0.185793
0.248348
0.426425
0.0752212
0.489199
0.163088
0.331008
0.251301
0.207069
0.000589547
0.637306
0.340257
0.0805383
0.0767021
0.445892
0.100259
0.432016
0.0475368
0.28057
0.662
0.354912
0.501896
0.000779873
0.06684
0.0915527
0.133937
0.122362
0.511758
0.272083
0.160796
0.0544545
0.142388
0.269096
0.100971
0.119714
0.0909601
0.272473
0.0388937
0.0759791
0.519945
0.200202
0.662
0.275923
0.662
0.382295
0.252786
0.0909507
0.0546907
0.0737466
0.164421
0.662
0.303919
0.272154
0.53157
0.0886212
0.398849
0.0842838
0.243251
0.00334249
0.451461
0.120615
0.12701
0.662
0.0247547
0.662
0.239807
0.16569
0.0645275
0.309564
0.0636609
0.0178193
0.132328
0.137759
0.100654
0.205829
0.237174
0.283931
0.0412005
0.120326
0.504835
0.202154
0.0575926
0.301118
0.388887
0.662
0.116285
0.395007
0.072217
0.27004
0.133382
0.431769
0.169222
0.0882733
0.14955
0.202453
0.116869
0.301908
0.0930538
0.382464
0.122252
0.0957751
0.0558376
0.662
0.662
0.13752
0.0724801
0.436343
0.174535
0.193743
0.169259
0.411892
0.00361135
0.335644
0.144052
0.0940811
0.188778
0.140546
0.0743306
0.0450684
0.414567
0.289478
0.318102
0.519732
0.381286
0.348317
0.353986
0.387428
0.343732
0.662
0.383559
0.0907011
0.0531994
0.624395
0.242813
0.489352
0.127385
0.662
0.11808
0.498304
0.662
0.109787
0.151713
0.280707
0.113594
0.159641
0.192766
0.0739136
0.473923
0.189005
0.662
0.253771
0.545657
0.142547
0.0864291
0.150568
0.662
0.662
0.176449
0.000581069
0.0640661
0.039292
0.662
0.127896
0.028679
0.0831159
0.285227
0.0561549
0.624143
0.369411
0.177583
0.105553
0.171065
0.0111687
0.547799
0.289353
0.662
0.334632
0.205805
0.517459
0.121458
0.107835
0.366146
0.234655
0.28879
0.312185
0.365403
0.657524
0.282648
0.342902
0.492268
0.0969068
0.180057
0.210478
0.272656
0.155258
0.425453
0.242432
0.0784594
0.308076
0.200571
0.34034
0.662
0.101432
0.62851
0.438359
0.0588322
0.546003
0.159182
0.18682
0.220487
0.293381
0.662
0.59621
0.0908729
0.151765
0.417038
0.266281
0.0896928
0.17632
0.112008
0.646092
0.0298541
0.0839585
0.232081
0.662
0.516179
0.0296376
0.204373
0.186573
0.0932954
0.43831
0.662
0.658533
0.403426
0.0486199
0.230806
0.0717348
0.645777
0.279403
0.0904932
0.0773619
0.132635
0.246129
0.338684
0.056585
0.0377082
0.460122
0.236815
0.164664
0.241265
0.214999
0.662
0.538432
0.0494841
0.0160256
0.55717
0.597283
0.083507
0.187039
0.398531
0.652189
0.321693
0.298443
0.258991
0.377615
0.277101
0.123507
0.0826071
0.201334
0.412563
0.502975
0.21157
0.195508
0.0365839
0.0718934
0.313919
0.0121119
0.147731
0.184579
0.261402
0.382648
0.492121
0.175179
0.180567
0.156551
0.662
0.0643557
0.184936
0.510044
0.268332
0.662
0.326457
0.0929857
0.486851
0.16621
0.134605
0.662
0.0708338
0.443231
0.257332
0.625011
0.0709187
0.182408
0.0112035
0.330278
0.0878372
0.417952
0.0565268
0.0793112
0.169248
0.220222
0.188173
0.0576543
0.09181
0.296138
0.137264
0.529925
0.546426
0.3767
0.0739098
0.662
0.344476
0.580951
0.31686
0.567124
0.130596
0.485469
0.149164
0.248109
0.256118
0.303818
0.539923
0.186315
0.459131
0.277749
0.100634
0.29082
0.04096
0.145215
0.585046
0.0709902
0.0903444
0.0888419
0.422478
0.19654
0.346324
0.332479
0.10863
0.486921
0.154992
0.163997
0.345379
0.267142
0.0606233
0.0719492
0.347293
0.660905
0.183812
0.323998
0.0896429
0.182747
0.170527
0.384966
0.1381
0.3916
0.370398
0.102438
0.142753
0.662
0.0885744
0.662
0.566342
0.229092
0.154569
0.0961412
0.128915
0.154513
0.192747
0.640404
0.291091
0.447742
0.474154
0.182429
0.60668
0.0837995
0.0773784
0.140747
0.662
0.113618
0.526895
0.104448
0.255961
0.137321
0.11618
0.180274
0.103748
0.168322
0.257407
0.47528
0.257457
0.212854
0.0945773
0.305334
0.435502
0.101073
0.259648
0.173548
0.662
0.0787282
0.108818
0.458853
0.167594
0.233578
0.0124322
0.291893
0.0871699
0.302513
0.350376
0.00754114
0.215316
0.253418
0.30214
0.0753379
0.662
0.188611
0.349942
0.287128
0.328332
0.413265
0.633868
0.329856
0.0550724
0.314207
0.340962
0.0814625
0.211317
0.0951675
0.116437
0.18031
0.172531
0.311251
0.0528746
0.183148
0.109745
0.28541
0.13552
0.454288
0.0497103
0.359501
0.594937
0.0731165
0.231736
0.662
0.208937
0.349649
0.122532
0.248871
0.0967924
0.114879
0.164127
0.0853449
0.120573
0.454202
0.0983823
0.0606772
0.411982
0.662
0.177887
0.468892
0.239345
0.662
0.106832
0.09638
0.0303277
0.393317
0.43057
0.0783034
0.602037
0.476659
0.153972
0.213915
0.108831
0.412476
0.151744
0.391005
0.662
0.426332
0.146992
0.625957
0.189333
0.0527888
0.157085
0.0917448
0.221294
0.0984219
0.164934
0.467553
0.120737
0.611589
0.330835
0.0811928
0.580815
0.362299
0.155335
0.595618
0.490068
0.169244
0.510993
0.153251
0.662
0.175232
0.662
0.10207
0.0565071
0.0791002
0.50872
0.0903026
0.0834212
0.208744
0.455995
0.0881809
0.108991
0.14845
0.138355
0.662
0.369751
0.0847572
0.0664671
0.105939
0.254834
0.0619877
0.180508
0.181192
0.362947
0.137767
0.336607
0.0941181
0.377436
0.202504
0.662
0.17844
0.060521
0.662
0.256838
0.13034
0.0913366
0.0971954
0.662
0.338864
0.12793
0.378586
0.366788
0.0766453
0.0418732
0.384559
0.0693094
0.426039
0.154206
0.662
0.662
0.0529535
0.662
0.075787
0.662
0.662
0.113059
0.452876
0.0716457
0.0983991
0.283676
0.0963653
0.103192
0.353645
0.135005
0.662
0.119267
0.239199
0.428985
0.0662062
0.316019
0.284154
0.524796
0.296584
0.313979
0.623005
0.276656
0.0862945
0.432145
0.0905372
0.278846
0.531861
0.485881
0.150289
0.662
0.0646088
0.662
0.338352
0.274104
0.0491251
0.0708724
0.482345
0.344018
0.046149
0.153321
0.0463423
0.4985
0.425993
0.0566261
0.239321
0.132681
0.147179
0.439916
0.031178
0.248521
0.323556
0.159717
0.0546858
0.0918041
0.186922
0.439205
0.389447
0.394117
0.0765483
0.153457
0.662
0.335376
0.537953
0.409946
0.238298
0.0936277
0.0557893
0.558528
0.577805
0.355012
0.119951
0.176707
0.242339
0.610326
0.0873262
0.194826
0.0568933
0.292308
0.113406
0.539965
0.197761
0.0692461
0.292552
0.445773
0.00534051
0.1603
0.1186
0.662
0.0531936
0.123591
0.0481605
0.0751618
0.605126
0.22952
0.585871
0.13195
0.415488
0.191624
0.662
0.122832
0.471842
0.344131
0.272127
0.186404
0.194632
0.142713
0.540832
0.662
0.108974
0.156349
0.662
0.154967
0.40693
0.0723369
0.358995
0.122699
0.340883
0.111471
0.662
0.219018
0.118055
0.110061
0.662
0.277691
0.461991
0.0916747
0.273403
0.384161
0.214226
0.0404788
0.0645698
0.147146
0.160049
0.561762
0.129418
0.103201
0.261401
0.662
0.519837
0.117967
0.0966956
0.0945886
0.263184
0.403504
0.32079
0.0770633
0.0689403
0.460591
0.210021
0.219461
0.35616
0.144769
0.517907
0.391045
0.126396
0.305933
0.662
0.0636937
0.063302
0.0586458
0.0801363
0.328096
0.070919
0.126815
0.32477
0.299459
0.614919
0.055341
0.247466
0.177373
0.0965333
0.463749
0.424947
0.197819
0.196
0.208167
0.117605
0.489491
0.662
0.12507
0.399723
0.309343
0.274277
0.0880428
0.119881
0.532022
0.64162
0.0670531
0.662
0.163678
0.100425
0.497471
0.662
0.162727
0.548817
0.150613
0.617024
0.424469
0.448885
0.148894
0.406876
0.369255
0.225992
0.146689
0.342564
0.068508
0.061409
0.137059
0.662
0.460199
0.0926835
0.120802
0.212972
0.662
0.315311
0.219007
0.0684051
0.122245
0.0733251
0.339888
0.0895472
0.448741
0.296684
0.136636
0.140029
0.0587311
0.122402
0.0868782
0.0975085
0.112171
0.662
0.0741764
0.296326
0.168113
0.662
0.0835093
0.048435
0.175194
0.662
0.624098
0.0228191
0.146344
0.10621
0.175146
0.0237723
0.278289
0.110689
0.405119
0.214248
0.0773315
0.26881
0.283683
0.139514
0.466689
0.0997881
0.0882117
0.567756
0.175182
0.256781
0.077878
0.387552
0.628448
0.189073
0.031103
0.27641
0.146883
0.662
0.0254539
0.206165
0.0433797
0.0832672
0.0712803
0.187837
0.0652848
0.0179641
0.129492
0.0151597
0.137905
0.0778344
0.662
0.332915
0.136301
0.141817
0.21616
0.641123
0.662
0.662
0.457763
0.0848442
0.189027
0.312845
0.0816748
0.131175
0.175512
0.375007
0.662
0.207117
0.120626
0.0877655
0.0672981
0.228292
0.236984
0.238918
0.662
0.43306
0.662
0.205755
0.282314
0.0575986
0.269544
0.662
0.181186
0.108825
0.282629
0.0454549
0.487106
0.662
0.17498
0.32597
0.662
0.662
0.662
0.552989
0.353713
0.136561
0.426718
0.662
0.171406
0.378722
0.18851
0.0984051
0.0826019
0.132
0.178551
0.397749
0.115448
0.0534717
0.175636
0.308674
0.0444209
0.0578897
0.137623
0.662
0.0523625
0.627234
0.197345
0.632226
0.50182
0.33155
0.219336
0.662
0.581014
0.497778
0.293217
0.662
0.186979
0.0622007
0.129377
0.1403
0.360562
0.662
0.182141
0.0524062
0.380735
0.662
0.22323
0.545854
0.134734
0.168136
0.149907
0.651909
0.662
0.125162
0.0320399
0.481709
0.50087
0.0550496
0.0595154
0.434046
0.662
0.231708
0.662
0.662
0.17374
0.105377
0.115956
0.662
0.497174
0.0288441
0.285228
0.39653
0.358899
0.243811
0.24049
0.0893723
0.161483
0.394083
0.0644795
0.422751
0.662
0.198411
0.0788779
0.319597
0.447065
0.00352993
0.370437
0.213385
0.235197
0.245599
0.0270432
0.0970253
0.319625
0.223397
0.316909
0.254781
0.0584294
0.0235496
0.144536
0.121646
0.487792
0.0468403
0.4581
0.260908
0.171795
0.433417
0.662
0.662
0.470326
0.217251
0.662
0.360303
0.459778
0.23925
0.620111
0.0143184
0.102271
0.0823836
0.104688
0.136919
0.0927294
0.0992054
0.187731
0.262044
0.165309
0.109242
0.662
0.0456625
0.203763
0.201243
0.337774
0.285828
0.0416311
0.374483
0.120777
0.0375844
0.12564
0.189652
0.125903
0.0676386
0.662
0.199342
0.0133481
0.0674299
0.310539
0.559146
0.21764
0.473066
0.0731718
0.289112
0.0597872
0.481508
0.0666605
0.377044
0.200058
0.419413
0.652937
0.0930844
0.262677
0.388069
0.583996
0.64183
0.267151
0.213548
0.10668
0.129305
0.264803
0.104567
0.0465271
0.0249515
0.215905
0.662
0.0692899
0.231521
0.0256158
0.662
0.0384972
0.15336
0.310213
0.237151
0.174521
0.127067
0.621788
0.588183
0.623292
0.118235
0.662
0.113368
0.111202
0.481964
0.530775
0.0364637
0.662
0.13187
0.225135
0.19205
0.301954
0.0684498
0.115911
0.0546005
0.0368319
0.261534
0.348696
0.170514
0.407157
0.549501
0.188322
0.0319975
0.21461
0.0866154
0.159933
0.541646
0.379993
0.662
0.111814
0.095589
0.287021
0.580528
0.548538
0.123234
0.00533453
0.391178
0.132808
0.662
0.662
0.123509
0.38582
0.662
0.0518598
0.165641
0.0902048
0.0403236
0.61262
0.567191
0.0580482
0.128918
0.12669
0.0217428
0.255236
0.661469
0.202696
0.16697
0.0637368
0.332863
0.491108
0.229919
0.606905
0.662
0.0946297
0.151941
0.174081
0.662
0.551855
0.662
0.0812679
0.286424
0.110106
0.189351
0.138662
0.47874
0.60516
0.0619945
0.649895
0.0622976
0.426703
0.162411
0.10006
0.0691064
0.108114
0.120778
0.662
0.0840178
0.0685675
0.148515
0.662
0.59202
0.0950777
0.196307
0.428329
0.0895911
0.445369
0.586287
0.105567
0.150193
0.158538
0.0762158
0.0480813
0.662
0.162888
0.192368
0.287017
0.109319
0.540994
0.176227
0.0685826
0.120839
0.0571119
0.0565826
0.115961
0.662
0.645384
0.662
0.371898
0.170448
0.183819
0.191307
0.283365
0.0862336
0.365701
0.162452
0.327359
0.0603055
0.0805415
0.662
0.0702781
0.0893749
0.351517
0.179385
0.104936
0.215851
0.129779
0.0680924
0.389802
0.324176
0.0710759
0.490995
0.662
0.155804
0.662
0.662
0.069958
0.662
0.147602
0.158577
0.434371
0.593959
0.0559055
0.407527
0.420291
0.662
0.186201
0.195376
0.0283265
0.0844351
0.15852
0.0821122
0.565876
0.595156
0.263667
0.287809
0.347084
0.0444217
0.558654
0.453223
0.137369
0.0842426
0.243079
0.662
0.0852742
0.26088
0.635839
0.310147
0.123991
0.00289009
0.0939354
0.196797
0.445324
0.0750565
0.0298208
0.09619
0.00673427
0.200151
0.187987
0.130212
0.0724004
0.470459
0.618498
0.424377
0.298614
0.58037
0.173992
0.0738856
0.162031
0.352249
0.0277209
0.1175
0.159249
0.151336
0.179746
0.325429
0.104324
0.101936
0.662
0.113072
0.100951
0.603136
0.0668745
0.13933
0.126789
0.0589138
0.128665
0.20412
0.106122
0.105721
0.161207
0.185955
0.296962
0.132896
0.662
0.0845674
0.179703
0.0835928
0.403033
0.662
0.0873467
0.438216
0.375648
0.0458393
0.226501
0.275921
0.0623448
0.12853
0.435036
0.53015
0.176149
0.429053
0.104
0.297256
0.261848
0.187062
0.186295
0.0697041
0.11749
0.140342
0.118957
0.662
0.212934
0.130063
0.157342
0.172958
0.0641151
0.0700237
0.275224
0.305386
0.277789
0.662
0.413683
0.0606535
0.0625556
0.141404
0.178207
0.142081
0.291413
0.303647
0.0801463
0.524136
0.260634
0.152617
0.139144
0.662
0.0990246
0.592532
0.241256
0.121611
0.0754032
0.415729
0.25125
0.275815
0.248671
0.351949
0.263714
0.662
0.127599
0.662
0.371208
0.265744
0.616693
0.227323
0.199634
0.116924
0.204186
0.141059
0.178091
0.253353
0.637486
0.099133
0.533467
0.100724
0.198965
0.369621
0.248945
0.164516
0.313953
0.103745
0.536248
0.150074
0.172921
0.196097
0.426845
0.662
0.11249
0.081578
0.333295
0.19213
0.121337
0.116606
0.167092
0.0324986
0.128826
0.0688536
0.130052
0.590226
0.261696
0.1025
0.288337
0.0606423
0.483987
0.228724
0.50515
0.290478
0.662
0.168546
0.204839
0.0805673
0.107835
0.119313
0.0231948
0.208655
0.164936
0.142007
0.387357
0.128332
0.39576
0.0848891
0.171579
0.0495766
0.34836
0.662
0.296376
0.268638
0.662
0.0911688
0.0473643
0.485025
0.166953
0.247173
0.0724462
0.103233
0.103404
0.15593
0.169827
0.483232
0.481235
0.526769
0.117582
0.662
0.106894
0.115326
0.224645
0.263514
0.13818
0.203545
0.145956
0.297027
0.0511346
0.00692081
0.113947
0.0586596
0.163773
0.0597136
0.225391
0.173353
0.326389
0.204884
0.16115
0.339804
0.25515
0.177231
0.136828
0.420912
0.465991
0.0153981
0.662
0.635692
0.113362
0.251911
0.17073
0.135423
0.228397
0.183782
0.119018
0.108114
0.620629
0.370084
0.37288
0.435286
0.365147
0.314712
0.156585
0.101761
0.121776
0.302742
0.130834
0.371814
0.657241
0.139518
0.662
0.143292
0.126284
0.556257
0.158032
0.135474
0.173389
0.662
0.192042
0.0445024
0.103811
0.0287651
0.19601
0.275325
0.204176
0.052392
0.114431
0.0416245
0.236708
0.415196
0.122245
0.278369
0.25142
0.417845
0.662
0.662
0.0960274
0.662
0.662
0.22849
0.122478
0.156363
0.405383
0.0471203
0.397147
0.662
0.587795
0.477561
0.305173
0.13689
0.247935
0.186509
0.662
0.40963
0.127933
0.222992
0.0690299
0.229955
0.219625
0.0886169
0.157585
0.116515
0.101305
0.388128
0.0670653
0.196133
0.00926035
0.0927337
0.581333
0.662
0.273468
0.140782
0.36492
0.662
0.254609
0.662
0.205889
0.192171
0.081108
0.364237
0.662
0.179186
0.0846689
0.240388
0.597047
0.336604
0.516039
0.143674
0.646066
0.662
0.099064
0.0447619
0.642919
0.117154
0.258617
0.105577
0.164458
0.358919
0.402877
0.662
0.413261
0.219472
0.321347
0.257052
0.206189
0.557358
0.209961
0.662
0.185962
0.0461059
0.662
0.173771
0.0705936
0.501382
0.662
0.244044
0.123834
0.242439
0.409178
0.662
0.239648
0.0350543
0.37586
0.369232
0.109203
0.0999384
0.373849
0.130812
0.461459
0.0189717
0.388174
0.00978766
0.0852044
0.0844411
0.125906
0.123328
0.0736936
0.502498
0.269395
0.0485482
0.337154
0.662
0.0548719
0.126598
0.0853388
0.0586745
0.23845
0.213825
0.221201
0.384359
0.118377
0.175463
0.320211
0.662
0.119029
0.476199
0.162882
0.241343
0.0203068
0.400726
0.163055
0.0865561
0.0805434
0.35221
0.662
0.0895264
0.110959
0.0688808
0.662
0.264494
0.662
0.211451
0.166309
0.556434
0.662
0.299689
0.56225
0.245799
0.0561843
0.0527579
0.163781
0.472492
0.0885393
0.305839
0.614215
0.0794719
0.164847
0.0487732
0.178422
0.362581
0.0305045
0.083666
0.127239
0.17561
0.662
0.170896
0.565106
0.0833695
0.125374
0.309974
0.60474
0.0890458
0.139931
0.0948584
0.0371547
0.492844
0.204964
0.0908196
0.293703
0.227465
0.324229
0.161555
0.11722
0.425882
0.31227
0.18824
0.144612
0.662
0.505936
0.217015
0.662
0.162505
0.0662555
0.110693
0.420843
0.225349
0.233784
0.177822
0.167186
0.460413
0.662
0.365406
0.203309
0.0892963
0.176879
0.0858091
0.076353
0.12923
0.238558
0.35729
0.662
0.37368
0.335915
0.0768409
0.173373
0.59272
0.162812
0.308048
0.141815
0.353348
0.120389
0.216889
0.662
0.385373
0.104229
0.129516
0.203794
0.0710802
0.141792
0.197773
0.5587
0.252678
0.399953
0.662
0.530531
0.662
0.539816
0.423312
0.634453
0.0524501
0.235763
0.0822777
0.291968
0.596105
0.0202861
0.0761126
0.138788
0.445382
0.258568
0.516806
0.144443
0.266658
0.110392
0.246216
0.1624
0.311832
0.329887
0.593266
0.0660457
0.028775
0.0703288
0.220914
0.609895
0.0392198
0.138484
0.0467083
0.304848
0.0971207
0.345742
0.513392
0.228892
0.227115
0.0560507
0.260852
0.0994527
0.420853
0.240809
0.662
0.0223405
0.283181
0.119387
0.222928
0.0816981
0.0396798
0.252294
0.154274
0.255692
0.24783
0.141158
0.662
0.644166
0.455926
0.145001
0.127215
0.263959
0.662
0.301875
0.176817
0.591506
0.125275
0.141288
0.0983885
0.11056
0.13861
0.277077
0.461045
0.0708459
0.152077
0.256435
0.16682
0.662
0.464567
0.141356
0.197468
0.560923
0.0630701
0.127244
0.0712377
0.530107
0.291406
0.662
0.240726
0.349226
0.108844
0.447349
0.373995
0.0681125
0.167892
0.0747258
0.276971
0.160366
0.133598
0.0130094
0.278455
0.175532
0.205963
0.21735
0.30416
0.466843
0.239857
0.137269
0.25724
0.662
0.363528
0.290762
0.0682457
0.0947611
0.0885649
0.0962015
0.298113
0.0824968
0.138461
0.230176
0.158319
0.0119112
0.237971
0.17727
0.404721
0.0570718
0.325385
0.10639
0.218909
0.318237
0.0649195
0.173179
0.662
0.0763189
0.557529
0.183708
0.146777
0.235841
0.16525
0.0912545
0.163076
0.239846
0.662
0.650562
0.0757494
0.499471
0.14411
0.0762402
0.662
0.104284
0.238687
0.662
0.12015
0.110894
0.496458
0.209917
0.284887
0.0834051
0.497058
0.0558657
0.0800376
0.0544907
0.249422
0.618809
0.141928
0.0129033
0.259205
0.0860437
0.352039
0.291292
0.662
0.138127
0.163788
0.242612
0.662
0.16023
0.627074
0.662
0.55633
0.256204
0.325203
0.0907049
0.662
0.12482
0.653305
0.176081
0.0125316
0.119344
0.294815
0.662
0.19874
0.0569605
0.181852
0.651251
0.441723
0.662
0.286286
0.662
0.124038
0.662
0.274518
0.287646
0.381394
0.297191
0.0393475
0.532105
0.318375
0.325704
0.0362188
0.252811
0.048484
0.409656
0.0403891
0.115745
0.408545
0.0488922
0.431799
0.0634819
0.0849259
0.112603
0.209472
0.398151
0.142832
0.171224
0.113099
0.260659
0.525973
0.122733
0.315842
0.0974647
0.245946
0.0668292
0.0427177
0.399398
0.27188
0.218039
0.116583
0.330734
0.178606
0.157871
0.162901
0.662
0.393856
0.125578
0.588005
0.0288824
0.143218
0.662
0.0428162
0.45776
0.578001
0.0660315
0.126422
0.0804018
0.31644
0.0464588
0.196444
0.272021
0.387665
0.6172
0.117833
0.0383073
0.230605
0.0538331
0.214617
0.543308
0.0740331
0.0885439
0.240482
0.0575261
0.662
0.0656805
0.108787
0.104296
0.281676
0.662
0.345648
0.118109
0.662
0.357943
0.614339
0.108615
0.027421
0.106976
0.335687
0.146339
0.0954075
0.332809
0.622606
0.0650221
0.236834
0.662
0.0660845
0.111658
0.197442
0.210426
0.631776
0.0547174
0.179803
0.662
0.141506
0.546559
0.0218194
0.465964
0.637516
0.456542
0.253283
0.184318
0.284611
0.150099
0.20471
0.0781481
0.345877
0.0751943
0.102647
0.239718
0.268617
0.0423898
0.240556
0.0619514
0.36525
0.473699
0.108515
0.0420351
0.0202185
0.405111
0.273889
0.347315
0.215873
0.0662195
0.257153
0.0698123
0.120688
0.0776001
0.306444
0.091501
0.408051
0.662
0.377486
0.222129
0.662
0.377862
0.147674
0.410082
0.599323
0.249487
0.550194
0.662
0.0618875
0.158022
0.00128946
0.315596
0.222979
0.0754406
0.309803
0.662
0.458697
0.662
0.069365
0.0655869
0.379441
0.285969
0.264757
0.358483
0.0731091
0.361243
0.156282
0.0697809
0.199756
0.161251
0.662
0.580127
0.149911
0.191957
0.00883274
0.0560804
0.0764221
0.101679
0.0490923
0.662
0.662
0.230824
0.47748
0.0803418
0.0829547
0.242463
0.225697
0.151343
0.662
0.0913495
0.00125823
0.164021
0.0737682
0.198435
0.123361
0.0661339
0.249413
0.260864
0.662
0.192371
0.0284516
0.443984
0.04396
0.436363
0.290433
0.383347
0.450486
0.105893
0.450628
0.224679
0.455977
0.304356
0.662
0.662
0.189961
0.0718582
0.443501
0.093244
0.501924
0.531633
0.189525
0.00793479
0.0518881
0.118848
0.446749
0.146642
0.0618362
0.144872
0.21549
0.662
0.301601
0.0630346
0.241294
0.289156
0.119452
0.265141
0.0757397
0.449752
0.14943
0.192191
0.220095
0.163089
0.260349
0.0911286
0.173416
0.0681482
0.142458
0.110138
0.662
0.512689
0.623352
0.401996
0.581414
0.062372
0.294291
0.130288
0.156324
0.163496
0.662
0.0911673
0.646132
0.0878605
0.167961
0.214156
0.0749331
0.234443
0.0594042
0.0819253
0.265512
0.151806
0.264142
0.249857
0.128102
0.0417306
0.0818085
0.662
0.236466
0.0728559
0.0845673
0.049587
0.098228
0.043796
0.191719
0.189818
0.390915
0.190468
0.188677
0.0654805
0.314788
0.311916
0.0389679
0.506281
0.662
0.217245
0.262662
0.334075
0.427525
0.662
0.0888391
0.613109
0.412532
0.104273
0.20501
0.0839917
0.207406
0.149793
0.149181
0.456376
0.662
0.554237
0.187495
0.203312
0.291701
0.662
0.101766
0.0762674
0.662
0.423456
0.464339
0.158073
0.0660547
0.441665
0.10996
0.210626
0.276612
0.0482721
0.612424
0.0805527
0.531895
0.411298
0.111434
0.662
0.0685159
0.109035
0.0795857
0.166818
0.135886
0.662
0.163676
0.546412
0.175355
0.268916
0.295085
0.203013
0.240904
0.261344
0.0818836
0.222268
0.662
0.614149
0.662
0.662
0.0543731
0.450171
0.23773
0.333145
0.0410556
0.292426
0.305992
0.105719
0.231766
0.0308301
0.0497303
0.127769
0.124551
0.0379735
0.662
0.0927935
0.234
0.100904
0.28388
0.139897
0.0902711
0.126079
0.662
0.11385
0.545114
0.0685137
0.541887
0.422594
0.145385
0.559131
0.0667706
0.459396
0.524353
0.138779
0.0805647
0.0662001
0.0551469
0.0689394
0.18266
0.073231
0.0534061
0.0229047
0.201311
0.662
0.0604611
0.0901372
0.391529
0.533028
0.592067
0.103834
0.299778
0.662
0.0597426
0.0655402
0.478339
0.215632
0.662
0.206829
0.0853072
0.516711
0.221479
0.189471
0.0668983
0.0491887
0.264412
0.662
0.471102
0.287928
0.0517871
0.130379
0.113081
0.39215
0.0787545
0.0634911
0.221783
0.523888
0.0984793
0.237564
0.0734808
0.46097
0.12744
0.103549
0.529883
0.132042
0.662
0.240308
0.0719606
0.177877
0.238568
0.0801223
0.0896341
0.0765349
0.0289487
0.284282
0.12587
0.080034
0.479761
0.111499
0.113754
0.160329
0.662
0.493778
0.252939
0.0858802
0.0457395
0.000771427
0.662
0.385706
0.0578989
0.164864
0.0533817
0.118911
0.662
0.351948
0.067999
0.34793
0.662
0.0695665
0.153759
0.369324
0.368698
0.253059
0.651355
0.662
0.662
0.321649
0.455536
0.233704
0.662
0.111783
0.0773357
0.662
0.121401
0.331426
0.215131
0.0637857
0.662
0.393369
0.380556
0.126214
0.273754
0.107375
0.0512005
0.194329
0.662
0.119032
0.253671
0.607712
0.25688
0.226906
0.36182
0.0743019
0.249291
0.117394
0.662
0.254018
0.184578
0.662
0.050564
0.10821
0.129943
0.235372
0.103146
0.401527
0.10403
0.194061
0.536926
0.125453
0.237751
0.449145
0.626057
0.0772715
0.0566953
0.266953
0.272899
0.145677
0.662
0.281269
0.0995522
0.136987
0.409994
0.440748
0.0459592
0.268483
0.322662
0.0588552
0.662
0.1074
0.542321
0.367448
0.0939377
0.662
0.662
0.19897
0.662
0.348548
0.229766
0.0835348
0.662
0.197465
0.416084
0.00510151
0.137994
0.159668
0.19046
0.0706103
0.0807309
0.111819
0.164523
0.48693
0.553819
0.159287
0.589665
0.169786
0.0944925
0.189599
0.0737679
0.117614
0.292036
0.213695
0.0608648
0.0736517
0.0518609
0.0948541
0.236929
0.249292
0.178495
0.197065
0.133077
0.201638
0.662
0.339659
0.662
0.118139
0.172852
0.112706
0.452176
0.365912
0.236096
0.0485834
0.662
0.662
0.257224
0.200735
0.662
0.662
0.516392
0.0779048
0.124181
0.366184
0.352677
0.106499
0.496943
0.208923
0.0875133
0.137366
0.169798
0.0316217
0.0465659
0.319335
0.0227717
0.641072
0.10477
0.0528554
0.0626945
0.019926
0.160502
0.160151
0.30178
0.662
0.585976
0.0482515
0.552109
0.0719686
0.662
0.0510828
0.623881
0.0269505
0.454662
0.479743
0.162347
0.0149151
0.263381
0.474531
0.121582
0.294329
0.097697
0.110147
0.170757
0.525626
0.315267
0.15758
0.662
0.662
0.062572
0.18938
0.059536
0.210565
0.551421
0.124796
0.131192
0.13183
0.353352
0.0140213
0.208849
0.620564
0.413491
0.0775207
0.0513586
0.121964
0.255296
0.55964
0.487475
0.27671
0.101273
0.11713
0.103996
0.0935307
0.466294
0.662
0.396467
0.12499
0.156798
0.0700221
0.63339
0.257358
0.662
0.0613946
0.242144
0.381098
0.151352
0.412454
0.662
0.662
0.0920495
0.248344
0.0493143
0.280924
0.126177
0.248858
0.266571
0.43767
0.104363
0.158019
0.517143
0.35756
0.131747
0.0906712
0.418526
0.630664
0.662
0.114542
0.0374687
0.0617433
0.0733453
0.455236
0.626585
0.156289
0.662
0.11517
0.662
0.11171
0.662
0.625578
0.0300367
0.662
0.0584903
0.111457
0.165609
0.274355
0.0428378
0.594735
0.296265
0.223874
0.0357702
0.106764
0.222201
0.268362
0.10795
0.108668
0.127665
0.0571791
0.28976
0.24551
0.662
0.0593788
0.190536
0.0485081
0.170396
0.218391
0.662
0.274846
0.443122
0.0519693
0.0604143
0.164332
0.0657888
0.0730034
0.0692007
0.0871822
0.141827
0.304615
0.144521
0.662
0.220644
0.123757
0.0452521
0.16208
0.186766
0.138657
0.223954
0.437863
0.0490625
0.492274
0.662
0.0719433
0.662
0.557514
0.0960397
0.0907583
0.25418
0.578301
0.460795
0.134566
0.153124
0.662
0.662
0.347718
0.139449
0.347862
0.223228
0.0837864
0.166512
0.0684001
0.662
0.120332
0.497585
0.0860023
0.201088
0.366735
0.371045
0.0329615
0.580241
0.0622387
0.0337811
0.459319
0.0951409
0.103343
0.371185
0.571375
0.102338
0.19309
0.0380178
0.412025
0.579716
0.198283
0.0420627
0.230674
0.258167
0.359496
0.440268
0.0995996
0.662
0.197113
0.0459619
0.197743
0.135337
0.523089
0.422738
0.368945
0.531818
0.213798
0.173684
0.130677
0.069582
0.202823
0.305325
0.240487
0.439034
0.31419
0.432372
0.0677651
0.0927405
0.23698
0.388555
0.0736569
0.0946718
0.180175
0.662
0.287006
0.662
0.662
0.054863
0.248821
0.0733556
0.232774
0.0508993
0.035576
0.662
0.662
0.0585427
0.280636
0.440933
0.0514918
0.108412
0.0527055
0.185004
0.631019
0.371997
0.166141
0.121553
0.59491
0.160677
0.221762
0.318074
0.125115
0.467691
0.163933
0.125741
0.100307
0.0467368
0.194666
0.4162
0.070054
0.175106
0.135976
0.376226
0.137319
0.139405
0.594358
0.223009
0.407845
0.0653359
0.332509
0.0912551
0.263196
0.174531
0.0912023
0.133501
0.353655
0.0135779
0.0777281
0.662
0.338794
0.0825679
0.215311
0.229569
0.0591089
0.156463
0.0412033
0.121933
0.0575081
0.046374
0.0962956
0.548527
0.27966
0.167579
0.469797
0.0139389
0.0514389
