0.137226
0.178311
0.346861
0.229742
0.214912
0.370161
0.182937
0.330134
0.662
0.503024
0.32439
0.0397879
0.187298
0.150343
0.145928
0.187784
0.280126
0.662
0.540648
0.0782999
0.0267966
0.0948899
0.12222
0.264182
0.0140342
0.429992
0.380545
0.183571
0.104393
0.276691
0.0320573
0.186518
0.0365852
0.373727
0.369266
0.0737329
0.547794
0.169299
0.257055
0.268307
0.105047
0.120455
0.192453
0.0551469
0.228814
0.103993
0.183489
0.465309
0.145107
0.162365
0.662
0.615874
0.253305
0.57914
0.172022
0.239938
0.00103652
0.662
0.0389689
0.219475
0.314674
0.206031
0.140555
0.343775
0.111386
0.166029
0.342252
0.419956
0.0590344
0.184367
0.394096
0.119415
0.232565
0.472694
0.195366
0.375743
0.193303
0.095224
0.567649
0.440986
0.174695
0.0824096
0.0578276
0.281458
0.534684
0.29364
0.414463
0.0673256
0.0885205
0.124257
0.057384
0.224794
0.0515816
0.662
0.383028
0.537103
0.264612
0.133595
0.0761073
0.490525
0.121851
0.662
0.0168027
0.0519425
0.00401236
0.136947
0.371559
0.109058
0.429087
0.412698
0.395457
0.274419
0.196146
0.662
0.146466
0.159659
0.632504
0.385014
0.19488
0.662
0.0673502
0.0820591
0.662
0.601467
0.579631
0.128026
0.127999
0.0947086
0.534694
0.147149
0.020014
0.662
0.0326677
0.531989
0.114362
0.178579
0.108102
0.105737
0.483961
0.348068
0.18232
0.221685
0.653901
0.196975
0.11846
0.0276098
0.305976
0.468971
0.208453
0.467863
0.42199
0.050237
0.170413
0.662
0.16424
0.375868
0.662
0.292986
0.0847248
0.261368
0.162603
0.389243
0.098998
0.121018
0.0372628
0.662
0.11121
0.0557157
0.126402
0.130482
0.402084
0.197357
0.662
0.296321
0.0750412
0.213558
0.259832
0.0581436
0.440762
0.130889
0.600602
0.662
0.338206
0.642393
0.307873
0.37759
0.231388
0.375444
0.21444
0.153822
0.167973
0.662
0.174954
0.0802558
0.574154
0.0577299
0.334033
0.465865
0.662
0.144044
0.662
0.277108
0.200853
0.277279
0.271482
0.171939
0.213746
0.36839
0.56726
0.662
0.551444
0.662
0.286132
0.406708
0.662
0.0913551
0.0151221
0.0968075
0.180487
0.621825
0.345689
0.662
0.662
0.0310256
0.128233
0.127455
0.354837
0.0466273
0.0654384
0.662
0.110217
0.662
0.579098
0.107853
0.316579
0.450764
0.662
0.0260567
0.365967
0.160534
0.0709183
0.246096
0.131168
0.662
0.348318
0.0970336
0.190103
0.42979
0.151915
0.513404
0.0981371
0.0791904
0.0792814
0.107817
0.662
0.662
0.47873
0.159606
0.374036
0.187634
0.14046
0.124504
0.269778
0.275377
0.662
0.040261
0.136936
0.103072
0.209006
0.139356
0.246036
0.17865
0.160557
0.16582
0.245457
0.191745
0.492748
0.194228
0.370745
0.208871
0.0510274
0.662
0.0952665
0.538691
0.662
0.662
0.138621
0.136967
0.425423
0.662
0.508079
0.053801
0.334707
0.0963262
0.520881
0.133172
0.0640655
0.637016
0.662
0.259674
0.516595
0.299864
0.0298035
0.255203
0.206663
0.0878494
0.289926
0.305536
0.118853
0.099481
0.148442
0.179845
0.232749
0.614066
0.249081
0.0442896
0.0472678
0.501712
0.133945
0.662
0.233485
0.662
0.17222
0.280933
0.541921
0.1364
0.0979418
0.662
0.0896471
0.641021
0.20172
0.112053
0.406472
0.486239
0.662
0.408424
0.662
0.227886
0.662
0.0848281
0.662
0.216534
0.169595
0.0542437
0.28435
0.283496
0.310289
0.444885
0.0232692
0.0670245
0.398188
0.662
0.39794
0.0912857
0.057649
0.575433
0.49765
0.169877
0.260788
0.0871985
0.120952
0.379299
0.397
0.662
0.659547
0.254587
0.181835
0.0628545
0.172471
0.103272
0.0617413
0.35651
0.144508
0.123569
0.147635
0.632288
0.197604
0.135553
0.21985
0.362517
0.160533
0.0642187
0.662
0.305569
0.179326
0.0216627
0.198589
0.264626
0.427075
0.117539
0.261426
0.16409
0.13913
0.45119
0.141146
0.333683
0.356256
0.103619
0.106094
0.238327
0.580025
0.350325
0.505715
0.180996
0.230251
0.432543
0.0127947
0.215079
0.0793926
0.113652
0.180763
0.662
0.134819
0.0753127
0.614975
0.225939
0.173236
0.471982
0.662
0.58202
0.172657
0.662
0.662
0.174304
0.428164
0.0686372
0.395687
0.0948489
0.579782
0.20692
0.0900594
0.41432
0.188939
0.50315
0.103064
0.101236
0.180274
0.0567132
0.177992
0.234205
0.0573026
0.281941
0.144139
0.253442
0.0626012
0.173611
0.204202
0.11509
0.662
0.662
0.00340548
0.534086
0.535448
0.0841911
0.191428
0.332586
0.209188
0.589736
0.662
0.296137
0.277348
0.29722
0.121872
0.295649
0.182197
0.168957
0.14515
0.110885
0.208523
0.662
0.106607
0.205843
0.0653012
0.350622
0.333235
0.171072
0.165007
0.111266
0.0825123
0.0756708
0.386421
0.160522
0.391694
0.343315
0.155167
0.131204
0.105667
0.127869
0.232296
0.0647275
0.168028
0.519268
0.19468
0.300836
0.273828
0.508323
0.0951747
0.191945
0.662
0.279718
0.195404
0.405964
0.190162
0.364386
0.100316
0.0665195
0.636364
0.20452
0.338249
0.188795
0.314784
0.233688
0.488454
0.336655
0.318384
0.32696
0.662
0.211087
0.634126
0.662
0.122906
0.0535706
0.0937118
0.0713072
0.11194
0.0900537
0.210471
0.0501197
0.443564
0.105745
0.662
0.524985
0.662
0.0878342
0.466735
0.360272
0.540012
0.662
0.0808011
0.0647677
0.120634
0.226218
0.126419
0.471578
0.0276204
0.244249
0.12539
0.662
0.662
0.542072
0.104775
0.397
0.295249
0.329056
0.662
0.188239
0.508557
0.570061
0.498576
0.0849871
0.195095
0.174184
0.0902587
0.0762255
0.0833821
0.41233
0.662
0.100624
0.0224554
0.200439
0.106642
0.429661
0.151205
0.266797
0.0315607
0.373895
0.276257
0.438454
0.181492
0.423119
0.416412
0.211196
0.304566
0.24879
0.339319
0.662
0.319056
0.191998
0.472147
0.272446
0.24167
0.662
0.662
0.621536
0.0481361
0.148362
0.0894062
0.247043
0.662
0.251588
0.662
0.457505
0.0904169
0.0991919
0.662
0.655536
0.202233
0.350209
0.110162
0.114705
0.610054
0.133633
0.662
0.379151
0.01885
0.12625
0.597979
0.108007
0.463282
0.280906
0.385426
0.0815251
0.116823
0.662
0.112336
0.662
0.662
0.563682
0.102917
0.249572
0.662
0.104376
0.392995
0.248535
0.18905
0.0556065
0.391767
0.203859
0.662
0.42126
0.454808
0.662
0.253518
0.117146
0.123244
0.662
0.18383
0.039925
0.184062
0.0603695
0.188229
0.662
0.164951
0.212127
0.662
0.231471
0.198171
0.442333
0.502226
0.116583
0.102437
0.662
0.662
0.173862
0.10284
0.214804
0.13724
0.633391
0.662
0.075282
0.0364359
0.20936
0.159178
0.133825
0.559983
0.112653
0.239335
0.078177
0.127352
0.0923878
0.185126
0.0680667
0.662
0.662
0.405844
0.662
0.312743
0.143889
0.112758
0.662
0.178643
0.188383
0.204849
0.662
0.477076
0.23366
0.661965
0.662
0.0758901
0.109315
0.585521
0.0554536
0.090228
0.311641
0.662
0.147881
0.48943
0.662
0.440415
0.142462
0.042433
0.111659
0.238031
0.62155
0.0744649
0.123236
0.662
0.0799398
0.389302
0.159058
0.173255
0.167293
0.186086
0.662
0.532339
0.121472
0.45469
0.0903673
0.272736
0.210734
0.0450562
0.166343
0.501777
0.11118
0.662
0.114351
0.103313
0.0467276
0.662
0.307014
0.164273
0.367468
0.351679
0.130725
0.276283
0.48919
0.0996931
0.211556
0.621038
0.0991139
0.315344
0.101388
0.216098
0.34218
0.316117
0.636352
0.0448355
0.403079
0.341905
0.283959
0.662
0.085827
0.305639
0.0985291
0.662
0.274243
0.0946217
0.188465
0.662
0.512612
0.600238
0.131713
0.124903
0.0559701
0.540493
0.0972277
0.662
0.0845041
0.0821917
0.318754
0.423993
0.188423
0.481191
0.465202
0.507653
0.0972716
0.2765
0.0574176
0.342381
0.0325994
0.336072
0.451824
0.3565
0.155358
0.232007
0.1467
0.193413
0.219335
0.198338
0.662
0.662
0.324282
0.633694
0.0151919
0.235229
0.345038
0.199927
0.343544
0.0977491
0.0455134
0.187997
0.304694
0.013466
0.106404
0.314027
0.0685254
0.561981
0.0559447
0.120418
0.465062
0.400368
0.110909
0.14999
0.662
0.152802
0.0552144
0.207577
0.291994
0.103398
0.218443
0.230889
0.262773
0.662
0.474122
0.662
0.176222
0.192229
0.0184594
0.402898
0.290239
0.23504
0.314812
0.343117
0.339978
0.366801
0.238122
0.059911
0.0926118
0.0785271
0.0705171
0.226811
0.32238
0.326666
0.187764
0.0460341
0.169848
0.224159
0.662
0.213661
0.131389
0.625251
0.0721333
0.662
0.255724
0.618733
0.22765
0.598273
0.137888
0.195625
0.13639
0.389196
0.643643
0.348351
0.0338614
0.233097
0.113492
0.239837
0.18026
0.440981
0.149261
0.15698
0.633391
0.331674
0.495141
0.123811
0.443105
0.585719
0.148282
0.662
0.076173
0.662
0.33336
0.292554
0.636515
0.662
0.226386
0.312224
0.120863
0.0834835
0.162547
0.346007
0.400772
0.171409
0.662
0.581976
0.339503
0.32381
0.0502469
0.435821
0.0652644
0.13402
0.108042
0.0397773
0.614431
0.161596
0.625359
0.515575
0.342844
0.250564
0.204117
0.662
0.329143
0.160304
0.226645
0.107246
0.254489
0.662
0.375639
0.126735
0.662
0.662
0.344885
0.0592849
0.662
0.104565
0.22127
0.256893
0.140406
0.288925
0.400794
0.241118
0.662
0.13111
0.31681
0.662
0.662
0.0952279
0.0869288
0.280475
0.561511
0.602308
0.425728
0.254587
0.0945125
0.177328
0.140981
0.662
0.0788434
0.209279
0.0266838
0.662
0.662
0.116544
0.662
0.273732
0.084427
0.0392482
0.143764
0.372473
0.411742
0.433935
0.0874153
0.16949
0.102404
0.0890067
0.662
0.226423
0.323831
0.189752
0.3909
0.48328
0.19639
0.662
0.348876
0.461932
0.115513
0.0966371
0.251647
0.347632
0.373833
0.0830085
0.0338299
0.383202
0.390945
0.600167
0.18511
0.157757
0.441589
0.0654729
0.187316
0.418285
0.137111
0.662
0.126202
0.263693
0.515
0.430415
0.273136
0.601501
0.117227
0.25747
0.213314
0.233817
0.0537073
0.12208
0.119718
0.662
0.42131
0.361434
0.153564
0.202586
0.123179
0.662
0.0846173
0.123859
0.419158
0.160477
0.287602
0.125728
0.618526
0.117161
0.0940511
0.124037
0.208316
0.648439
0.160805
0.292708
0.662
0.209614
0.252305
0.662
0.64023
0.191175
0.134531
0.0289454
0.286483
0.0225542
0.209416
0.21839
0.17666
0.182322
0.238136
0.0530748
0.11578
0.662
0.053624
0.408561
0.102857
0.110774
0.467421
0.120121
0.395019
0.405366
0.152922
4.68157e-05
0.0736246
0.177137
0.315414
0.187589
0.113965
0.273858
0.420067
0.180429
0.156956
0.0858982
0.291166
0.0163194
0.662
0.159903
0.662
0.0830549
0.0482388
0.204037
0.142734
0.167932
0.212986
0.349465
0.662
0.466768
0.0849802
0.152622
0.0796643
0.0990132
0.336656
0.662
0.356651
0.167815
0.585892
0.662
0.202342
0.272077
0.178235
0.0599323
0.10741
0.519308
0.573357
0.272546
0.313333
0.22268
0.147204
0.662
0.314095
0.662
0.275336
0.203364
0.317428
0.0976328
0.502959
0.0247465
0.0498089
0.233802
0.662
0.662
0.281565
0.178344
0.474705
0.261448
0.651742
0.204913
0.0755415
0.139941
0.662
0.148609
0.135099
0.6287
0.423079
0.575969
0.22697
0.662
0.545769
0.286563
0.662
0.0523924
0.128183
0.200219
0.662
0.114018
0.214169
0.662
0.149261
0.410864
0.101765
0.387466
0.28926
0.538927
0.115447
0.366915
0.0660469
0.135087
0.662
0.567383
0.28766
0.655936
0.555304
0.640374
0.190107
0.0482712
0.382051
0.185581
0.272391
0.256352
0.144818
0.0820028
0.222303
0.209563
0.236261
0.530931
0.285039
0.421191
0.662
0.437108
0.0760693
0.174059
0.351968
0.662
0.271313
0.312267
0.0340176
0.0792034
0.662
0.155537
0.0367245
0.341036
0.168739
0.662
0.136744
0.630745
0.102091
0.0965595
0.552643
0.662
0.00967697
0.0606462
0.662
0.181972
0.180159
0.0587588
0.662
0.0788087
0.614023
0.0895939
0.662
0.0164365
0.0904275
0.536798
0.376627
0.410861
0.271091
0.338296
0.344054
0.545229
0.0822225
0.662
0.662
0.0483106
0.0518336
0.400641
0.451879
0.662
0.213492
0.208816
0.662
0.456114
0.662
0.407938
0.407971
0.150478
0.0171557
0.0923757
0.227079
0.465786
0.237647
0.662
0.308481
0.448505
0.470925
0.172124
0.662
0.662
0.100811
0.0339305
0.547203
0.20363
0.0418918
0.0882996
0.361802
0.662
0.213029
0.138238
0.449213
0.115105
0.134526
0.514804
0.0660867
0.115143
0.438437
0.662
0.359145
0.0794161
0.250256
0.216456
0.529821
0.305549
0.279387
0.0545578
0.0689554
0.456178
0.662
0.204154
0.219579
0.342515
0.208176
0.357065
0.24291
0.501407
0.0850502
0.383451
0.662
0.368792
0.133405
0.258293
0.116697
0.236036
0.589242
0.197603
0.182679
0.115371
0.428521
0.662
0.329715
0.0594764
0.281384
0.318469
0.36105
0.662
0.264943
0.455597
0.307392
0.164272
0.402636
0.642503
0.620257
0.073847
0.0428568
0.184147
0.254252
0.380253
0.325548
0.0662196
0.204061
0.238536
0.446162
0.423784
0.0667078
0.135724
0.495127
0.111823
0.662
0.198044
0.295923
0.56072
0.517516
0.645119
0.343034
0.119997
0.0867377
0.662
0.114453
0.132122
0.662
0.200135
0.662
0.0496232
0.662
0.632687
0.209421
0.133253
0.32922
0.662
0.662
0.662
0.150001
0.181991
0.0759509
0.427648
0.162519
0.224324
0.251294
0.485129
0.0400593
0.590438
0.0244225
0.0231541
0.322602
0.662
0.662
0.115164
0.239139
0.0846084
0.254824
0.0652576
0.195932
0.352094
0.333654
0.126298
0.231819
0.662
0.177027
0.254855
0.445156
0.420835
0.106879
0.41957
0.587668
0.289909
0.14861
0.42274
0.0876847
0.0594643
0.654689
0.0505575
0.26527
0.103005
0.17782
0.188076
0.517426
0.662
0.182592
0.58053
0.255988
0.0509116
0.167161
0.392392
0.161434
0.0741142
0.119925
0.225189
0.662
0.30416
0.0773628
0.344057
0.598512
0.196858
0.12455
0.0991328
0.351191
0.161635
0.115082
0.395356
0.321987
0.156552
0.0489487
0.441944
0.46759
0.46761
0.26577
0.32632
0.114627
0.44573
0.300967
0.255051
0.176657
0.115594
0.544131
0.212273
0.600929
0.662
0.0440302
0.0774926
0.548148
0.412442
0.48302
0.659971
0.141263
0.18774
0.560284
0.222254
0.105784
0.172766
0.19207
0.662
0.0682819
0.405944
0.205965
0.0377806
0.15174
0.245996
0.234227
0.662
0.117494
0.223509
0.270049
0.542546
0.413301
0.130604
0.135339
0.0437948
0.662
0.00639376
0.201424
0.235738
0.661591
0.0486066
0.315487
0.217451
0.096025
0.0233884
0.456499
0.287843
0.0394212
0.18714
0.258495
0.416792
0.0751814
0.118639
0.115175
0.107081
0.428322
0.386581
0.0904201
0.186738
0.375642
0.412657
0.211931
0.44336
0.132641
0.191133
0.106705
0.0706646
0.0533685
0.662
0.567113
0.662
0.560292
0.0578364
0.0626523
0.465319
0.0328844
0.111583
0.662
0.662
0.122479
0.223848
0.199463
0.545804
0.208643
0.662
0.662
0.0422203
0.0570109
0.662
0.248237
0.491028
0.101514
0.556742
0.0804756
0.163999
0.662
0.177237
0.662
0.183563
0.517461
0.282244
0.000378328
0.0651813
0.110505
0.236552
0.501616
0.106605
0.0428247
0.515155
0.0643347
0.104377
0.019443
0.281793
0.187035
0.224653
0.0569721
0.637144
0.027057
0.396576
0.0711881
0.296107
0.26773
0.112397
0.311731
0.0188857
0.662
0.195131
0.0247686
0.290791
0.662
0.0283347
0.185801
0.246851
0.366623
0.662
0.176304
0.550552
0.155421
0.0599796
0.368385
0.662
0.0542607
0.662
0.0584965
0.109471
0.0763
0.518799
0.508275
0.662
0.165912
0.260563
0.449238
0.292
0.458472
0.122422
0.515913
0.0610678
0.128955
0.227535
0.662
0.0715885
0.662
0.662
0.478568
0.325198
0.129568
0.297262
0.162008
0.0990376
0.0936833
0.086271
0.372682
0.00395105
0.172913
0.11091
0.0950941
0.662
0.269478
0.0999609
0.199426
0.192916
0.120052
0.539462
0.00808872
0.503116
0.662
0.105859
0.237651
0.38557
0.0978386
0.216998
0.247899
0.148524
0.236584
0.141179
0.119727
0.122549
0.0932917
0.662
0.0774709
0.10208
0.14121
0.107117
0.250287
0.6059
0.0139852
0.215898
0.213348
0.0921463
0.0968326
0.206402
0.251142
0.416005
0.662
0.0384306
0.393606
0.494169
0.573147
0.117793
0.197921
0.662
0.291034
0.0690503
0.0909949
0.299669
0.153812
0.426919
0.243973
0.360855
0.0795043
0.662
0.52366
0.281283
0.332557
0.279955
0.350485
0.662
0.046673
0.0555936
0.26061
0.182061
0.105723
0.166292
0.192911
0.395527
0.551928
0.0994567
0.662
0.259864
0.0907394
0.0683225
0.0361197
0.518791
0.0955105
0.121799
0.103884
0.105061
0.662
0.25038
0.0952341
0.195531
0.0623685
0.130543
0.181413
0.464947
0.662
0.49399
0.409215
0.59314
0.064362
0.258531
0.568845
0.293798
0.0641272
0.227783
0.0787688
0.335754
0.0768212
0.624939
0.165817
0.117356
0.290835
0.662
0.416175
0.120211
0.114518
0.0425903
0.662
0.0902592
0.662
0.132001
0.397645
0.662
0.167154
0.662
0.246133
0.397661
0.460636
0.341403
0.428664
0.662
0.177807
0.611029
0.164051
0.159074
0.662
0.169867
0.261547
0.101098
0.48839
0.187256
0.327373
0.474116
0.423451
0.0472218
0.0699835
0.0522212
0.423307
0.181945
0.414064
0.194891
0.142412
0.287293
0.374402
0.0713397
0.384795
0.5736
0.183399
0.662
0.112122
0.524764
0.0737627
0.0737164
0.662
0.371544
0.224227
0.372081
0.187864
0.211234
0.0554141
0.662
0.243387
0.662
0.545589
0.662
0.64678
0.579053
0.311794
0.0263631
0.577779
0.551557
0.662
0.070484
0.0968456
0.423064
0.284173
0.358604
0.0813894
0.662
0.0799666
0.467654
0.284463
0.561847
0.130256
0.451937
0.131672
0.164398
0.0459709
0.335259
0.112004
0.106892
0.088359
0.183815
0.143516
0.23862
0.148698
0.220038
0.614953
0.643194
0.109322
0.662
0.131395
0.0216165
0.277406
0.662
0.168992
0.248993
0.314533
0.662
0.138198
0.109316
0.260679
0.411175
0.14277
0.231829
0.271335
0.195196
0.529832
0.100868
0.319386
0.0984972
0.404493
0.571262
0.326115
0.285593
0.0987781
0.662
0.383239
0.0654688
0.339332
0.662
0.514221
0.0860449
0.18883
0.383551
0.103542
0.143556
0.180854
0.0330749
0.0408397
0.471043
0.387174
0.0864343
0.229867
0.163566
0.188533
0.0804789
0.452062
0.275959
0.264037
0.307496
0.382327
0.220808
0.0803508
0.183919
0.422266
0.335555
0.662
0.499226
0.298277
0.0079647
0.247904
0.435476
0.138628
0.00475207
0.16637
0.662
0.329712
0.459358
0.0779768
0.038888
0.235782
0.277638
0.122413
0.197802
0.0591402
0.0351291
0.411607
0.33202
0.662
0.617752
0.356955
0.185854
0.13957
0.299355
0.00133371
0.267797
0.0704675
0.471069
0.662
0.0670787
0.445369
0.349797
0.539705
0.662
0.276441
0.264228
0.203581
0.126799
0.0717715
0.538958
0.469985
0.0747412
0.662
0.176079
0.0982403
0.479336
0.213887
0.168331
0.504905
0.0960106
0.0947191
0.458617
0.195244
0.144115
0.00613549
0.347948
0.173095
0.0407514
0.595227
0.00184406
0.102114
0.119482
0.424354
0.332845
0.662
0.216773
0.137245
0.426876
0.0634305
0.608946
0.395406
0.193373
0.449496
0.248341
0.02996
0.662
0.146642
0.122993
0.172221
0.662
0.662
0.662
0.117343
0.197836
0.179056
0.29847
0.212156
0.617861
0.662
0.662
0.149545
0.521292
0.0794428
0.256378
0.217976
0.552588
0.552485
0.269353
0.226653
0.278094
0.158368
0.239338
0.177934
0.371392
0.615697
0.205642
0.507675
0.0236468
0.357064
0.0758929
0.662
0.575378
0.00608784
0.504561
0.0638696
0.557283
0.0559297
0.619375
0.224022
0.149544
0.246898
0.164068
0.239597
0.503383
0.121091
0.155472
0.0825449
0.0715369
0.231311
0.216186
0.192094
0.227995
0.662
0.203795
0.242899
0.160831
0.0721376
0.510523
0.0770374
0.662
0.425262
0.166475
0.20767
0.263559
0.263043
0.177515
0.119711
0.0675716
0.662
0.0367649
0.15205
0.303995
0.509904
0.0948447
0.167698
0.617902
0.229918
0.0419237
0.630205
0.289815
0.215934
0.419628
0.227043
0.317804
0.210006
0.116981
0.083886
0.0917196
0.452563
0.197573
0.059704
0.157559
0.194669
0.377815
0.662
0.662
0.138489
0.662
0.120087
0.235497
0.173962
0.5646
0.662
0.291702
0.662
0.662
0.662
0.0448136
0.138286
0.119048
0.0771499
0.240702
0.47528
0.315708
0.454262
0.662
0.145547
0.0576046
0.194856
0.1173
0.264579
0.0648757
0.346775
0.086154
0.406902
0.150025
0.380452
0.125589
0.662
0.543149
0.662
0.662
0.278645
0.190064
0.50066
0.465861
0.214576
0.0574377
0.662
0.32787
0.155953
0.0703833
0.00743731
0.0389955
0.00411539
0.289339
0.34883
0.662
0.23565
0.297295
0.235971
0.109905
0.638879
0.662
0.234628
0.581288
0.172531
0.662
0.11547
0.418304
0.662
0.121561
0.183567
0.132064
0.0830616
0.12937
0.0411631
0.662
0.192108
0.662
0.563336
0.0907506
0.462313
0.188841
0.0960494
0.292453
0.013913
0.0529431
0.608653
0.451117
0.241706
0.57246
0.0783478
0.0830827
0.13266
0.335594
0.480601
0.662
0.0780205
0.381161
0.662
0.25209
0.39306
0.319639
0.430121
0.225346
0.474582
0.394148
0.202848
0.188248
0.662
0.118452
0.113676
0.0837612
0.581596
0.298069
0.186157
0.229392
0.444661
0.146169
0.39765
0.130191
0.297649
0.335067
0.304273
0.662
0.277427
0.152812
0.237582
0.119376
0.429082
0.359989
0.112087
0.359023
0.409375
0.662
0.148534
0.662
0.662
0.222397
0.662
0.113561
0.400389
0.121746
0.114024
0.489634
0.372846
0.340116
0.0516531
0.241206
0.276549
0.0676603
0.127146
0.462877
0.662
0.395434
0.158243
0.00634663
0.0712737
0.133208
0.0208566
0.240756
0.265222
0.0316276
0.662
0.662
0.662
0.00248228
0.150568
0.127175
0.143742
0.267417
0.324837
0.110604
0.114811
0.213609
0.0235202
0.661184
0.662
0.662
0.0677718
0.49173
0.0877243
0.289868
0.338612
0.137209
0.312573
0.279641
0.11909
0.662
0.149014
0.662
0.139005
0.119618
0.0797892
0.379974
0.411881
0.341684
0.141478
0.430297
0.100333
0.421169
0.240351
0.420753
0.613532
0.662
0.507478
0.406987
0.313114
0.150625
0.149536
0.662
0.423606
0.522849
0.222779
0.662
0.55433
0.316378
0.150497
0.0735091
0.662
0.662
0.331982
0.474283
0.150064
0.45482
0.0835659
0.119577
0.662
0.111402
0.662
0.662
0.0296973
0.433618
0.079811
0.217053
0.662
0.200451
0.553404
0.662
0.196987
0.492054
0.0723817
0.662
0.662
0.180514
0.281727
0.376709
0.508546
0.596553
0.662
0.662
0.175581
0.0492196
0.336829
0.14246
0.337857
0.263773
0.10588
0.152646
0.204495
0.514128
0.358643
0.516606
0.163334
0.480373
0.662
0.127852
0.187762
0.415002
0.532121
0.662
0.0937323
0.207769
0.113791
0.0804591
0.0290546
0.662
0.324843
0.662
0.228054
0.360343
0.662
0.126738
0.633694
0.600523
0.536805
0.185859
0.0974079
0.373876
0.152858
0.141246
0.0688932
0.221862
0.139801
0.662
0.218907
0.0672471
0.362637
0.161805
0.662
0.358314
0.0566478
0.21394
0.148155
0.662
0.187277
0.199232
0.12805
0.190455
0.240622
0.19001
0.0317601
0.662
0.31103
0.06838
0.0630905
0.0597451
0.0687252
0.0954577
0.662
0.311768
0.328738
0.662
0.662
0.165533
0.626819
0.442382
0.117038
0.266376
0.086934
0.205276
0.662
0.0239866
0.0700095
0.662
0.17235
0.275818
0.0753634
0.213339
0.138949
0.368069
0.252606
0.200062
0.414523
0.0726578
0.662
0.113222
0.662
0.276875
0.185745
0.662
0.102313
0.662
0.434837
0.544669
0.249982
0.0607005
0.132181
0.585492
0.154095
0.662
0.518704
0.1863
0.384966
0.276796
0.0882941
0.0566303
0.443452
0.230957
0.0859627
0.111438
0.0570353
0.662
0.126807
0.152372
0.644013
0.20127
0.289052
0.662
0.145333
0.141261
0.410286
0.0716551
0.539759
0.108083
0.211193
0.413566
0.662
0.662
0.355085
0.616574
0.355427
0.0881517
0.662
0.276134
0.277079
0.309574
0.12845
0.344924
0.020137
0.377853
0.662
0.302535
0.0254744
0.662
0.457244
0.171614
0.512471
0.462509
0.154417
0.545966
0.266554
0.173598
0.0868879
0.0932699
0.0827229
0.542189
0.0865822
0.389201
0.647549
0.373748
0.476956
0.0857687
0.244864
0.184417
0.204613
0.140093
0.0569272
0.561635
0.430384
0.00254874
0.282577
0.182332
0.428542
0.0809337
0.120422
0.0465351
0.272618
0.0598333
0.306283
0.181158
0.65016
0.662
0.184545
0.533523
0.104609
0.376159
0.18503
0.329673
0.662
0.131424
0.662
0.0844679
0.0158973
0.588357
0.662
0.662
0.243781
0.650822
0.0646298
0.159323
0.202208
0.433154
0.331915
0.596806
0.047305
0.0992531
0.0978135
0.432757
0.141212
0.330731
0.0771217
0.110158
0.333741
0.465768
0.662
0.548029
0.662
0.662
0.363709
0.259742
0.50649
0.00100015
0.113465
0.179917
0.0772595
0.0409358
0.578301
0.172676
0.359137
0.152914
0.0602621
0.637052
0.662
0.258513
0.181642
0.0605774
0.391363
0.662
0.113256
0.327145
0.0787288
0.297427
0.126575
0.0694105
0.355272
0.55378
0.26022
0.185593
0.153372
0.10951
0.13189
0.362545
0.235618
0.394594
0.421879
0.279817
0.101077
0.096535
0.576978
0.0921222
0.0839122
0.255198
0.461899
0.0654674
0.156002
0.319958
0.257094
0.662
0.064457
0.662
0.662
0.0805688
0.370906
0.0389905
0.402988
0.03684
0.0959994
0.356846
0.12298
0.0529083
0.36325
0.0883416
0.0759307
0.141524
0.557852
0.407991
0.662
0.662
0.367684
0.108431
0.445682
0.506294
0.113457
0.579532
0.178826
0.454477
0.124038
0.126475
0.662
0.168214
0.126069
0.245981
0.10632
0.211806
0.122864
0.0996387
0.433547
0.364106
0.315293
0.629544
0.174193
0.550726
0.262297
0.662
0.0606401
0.0149723
0.108807
0.205407
0.662
0.575796
0.240237
0.326451
0.172092
0.662
0.217257
0.662
0.184384
0.251401
0.646061
0.157585
0.662
0.196194
0.467334
0.0837246
0.0403857
0.172422
0.145806
0.593435
0.305027
0.0939489
0.0777397
0.662
0.662
0.650037
0.662
0.124013
0.112487
0.480141
0.541137
0.0507119
0.539362
0.047707
0.662
0.386644
0.662
0.381763
0.119136
0.662
0.0763993
0.283496
0.133922
0.0749665
0.42318
0.662
0.662
0.135705
0.272376
0.0510003
0.286612
0.662
0.262972
0.662
0.154358
0.250727
0.159832
0.257758
0.00288371
0.500457
0.571832
0.160829
0.279419
0.662
0.450673
0.387114
0.220394
0.168558
0.543471
0.232489
0.0160751
0.138539
0.529333
0.079062
0.327594
0.181941
0.470806
0.326699
0.662
0.21565
0.0642866
0.455445
0.110261
0.203421
0.0436692
0.469479
0.25599
0.662
0.0671217
0.442577
0.54181
0.241964
0.104469
0.376709
0.00340524
0.0718279
0.124615
0.662
0.199277
0.0828792
0.342205
0.662
0.260081
0.152536
0.662
0.205426
0.107636
0.261024
0.339727
0.0818456
0.186
0.238894
0.158847
0.21092
0.109452
0.412122
0.662
0.104835
0.124376
0.188682
0.283047
0.205371
0.393495
0.0566604
0.0900794
0.298627
0.155856
0.118269
0.389867
0.459775
0.0462607
0.662
0.15303
0.282377
0.192778
0.27922
0.131403
0.133115
0.4917
0.335447
0.0635323
0.662
0.570038
0.662
0.386448
0.00474843
0.162978
0.190069
0.126558
0.662
0.648211
0.146471
0.372807
0.228591
0.0152106
0.281849
0.0703935
0.15461
0.567329
0.0544755
0.662
0.236944
0.0942407
0.13669
0.133357
0.086575
0.662
0.662
0.232995
0.662
0.0870469
0.430843
0.534773
0.662
0.573445
0.0899979
0.0128969
0.0861342
0.183926
0.370845
0.258583
0.31319
0.139936
0.0434116
0.239528
0.23197
0.662
