0.153901
0.0972147
0.612329
0.209542
0.144411
0.118644
0.662
0.3328
0.204498
0.535556
0.415477
0.272266
0.413942
0.130089
0.296963
0.247822
0.146484
0.397051
0.057086
0.272174
0.496526
0.662
0.101937
0.412881
0.306411
0.0765346
0.105655
0.0543693
0.41032
0.642979
0.0154916
0.450833
0.0874265
0.428989
0.58281
0.212963
0.464895
0.635783
0.642058
0.65097
0.255311
0.345961
0.0164199
0.181827
0.212351
0.293734
0.153493
0.0257328
0.263933
0.0841777
0.472521
0.174701
0.662
0.279026
0.192841
0.0702916
0.662
0.273149
0.0915928
0.284427
0.353133
0.113501
0.233237
0.162233
0.0855356
0.0742048
0.662
0.0766002
0.198332
0.174543
0.0559384
0.329609
0.645878
0.58064
0.662
0.189846
0.316425
0.0533978
0.148923
0.0712121
0.24799
0.0507405
0.126622
0.284209
0.197403
0.463614
0.247106
0.0895961
0.0471671
0.215527
0.0970704
0.376719
0.249594
0.171657
0.157555
0.065924
0.0541478
0.603988
0.350227
0.449575
0.084787
0.451698
0.110218
0.120053
0.157681
0.284278
0.0129385
0.54289
0.230457
0.501465
0.22931
0.529156
0.370835
0.123487
0.115718
0.245188
0.437086
0.55745
0.662
0.172269
0.610347
0.104928
0.411843
0.171202
0.0642867
0.127368
0.208808
0.560698
0.662
0.238391
0.315752
0.51357
0.114872
0.342763
0.662
0.245116
0.104361
0.378627
0.105888
0.297057
0.662
0.132211
0.635319
0.578339
0.0578008
0.0954092
0.237204
0.303166
0.662
0.0731743
0.0138043
0.273488
0.195197
0.640227
0.662
0.245099
0.308621
0.334096
0.227799
0.125495
0.348912
0.459615
0.084018
0.0196598
0.119167
0.55431
0.301877
0.208123
0.0261317
0.279695
0.0967674
0.413355
0.0184229
0.406522
0.211004
0.103136
0.662
0.0955944
0.382083
0.601716
0.0861283
0.263819
0.192634
0.438862
0.410829
0.254629
0.642654
0.41352
0.354051
0.0683632
0.0609182
0.592801
0.420192
0.662
0.100591
0.0787937
0.160945
0.601211
0.0661703
0.0506026
0.139606
0.457667
0.47392
0.497796
0.191093
0.627958
0.250195
0.273992
0.335285
