0.0723451
0.163634
0.359829
0.662
0.181851
0.00725455
0.13563
0.662
0.271892
0.394918
0.393856
0.244908
0.662
0.662
0.662
0.662
0.662
0.184001
0.662
0.327751
0.324331
0.627729
0.0930729
0.224945
0.449466
0.0381093
0.407102
0.280342
0.662
0.175254
0.0315237
0.30878
0.0556724
0.351342
0.662
0.662
0.208553
0.662
0.539162
0.451834
0.662
0.662
0.0892057
0.291635
0.662
0.125987
0.662
0.0826595
0.0968701
0.122458
0.662
0.662
0.0898875
0.0971528
0.10706
0.662
0.202433
0.195269
0.205448
0.645243
0.627338
0.188241
0.0667577
0.187534
0.0247866
0.662
0.302425
0.261033
0.465184
0.493527
0.662
0.393972
0.662
0.607069
0.571296
0.194087
0.609998
0.170638
0.11849
0.442054
0.662
0.513183
0.268646
0.245729
0.35623
0.237215
0.555942
0.00341764
0.228415
0.45673
0.662
0.454203
0.239802
0.282855
0.558706
0.101918
0.26342
0.10488
0.662
0.41552
0.662
0.0148078
0.406457
0.608432
0.662
0.18816
0.163827
0.065906
0.662
0.123367
0.662
0.662
0.384351
0.662
0.114871
0.662
0.163403
0.302859
0.662
0.662
0.417491
0.112111
0.662
0.378575
0.105608
0.0841855
0.352161
0.229106
0.662
0.458774
0.424022
0.289118
0.662
0.0999438
0.335059
0.662
0.191033
0.65917
0.152973
0.273883
0.348577
0.460698
0.501634
0.00530185
0.184825
0.291779
0.611241
0.662
0.254038
0.662
0.324003
0.230421
0.0266027
0.245053
0.219522
0.384876
0.662
0.662
0.050891
0.322019
0.662
0.0037983
0.205026
0.076528
0.662
0.662
0.0485433
0.232842
0.227089
0.662
0.369059
0.662
0.277929
0.604047
0.257789
0.230688
0.662
0.662
0.662
0.18699
0.225304
0.328543
0.132931
0.171607
0.059005
0.662
0.360225
0.662
0.203467
0.104886
0.21373
0.662
0.396204
0.311526
0.438498
0.662
0.0547528
0.445955
0.650842
0.662
0.132273
0.213101
0.662
0.281135
0.662
0.538514
0.342029
0.106491
0.19534
0.248702
0.08986
0.182705
0.28021
0.662
0.0682402
0.58855
0.662
0.257986
0.163158
0.242599
0.311922
0.636616
0.662
0.430336
0.0771273
0.32945
0.105851
0.554194
0.121956
0.662
0.662
0.5552
0.283709
0.0229188
0.296176
0.169953
0.425088
0.593597
0.0573508
0.186897
0.662
0.263946
0.254555
0.662
0.190699
0.124732
0.208656
0.28099
0.399721
0.662
0.247077
0.304677
0.376252
0.155388
0.0782389
0.460062
0.184004
0.0624506
0.286573
0.662
0.662
0.662
0.461014
0.508543
0.232327
0.36469
0.357173
0.2299
0.0915945
0.201912
0.662
0.583553
0.570102
0.073479
0.127887
0.267649
0.131466
0.268913
0.662
0.443184
0.163362
0.398635
0.0763513
0.494596
0.195853
0.160086
0.662
0.662
0.117212
0.662
0.0764515
0.234965
0.473557
0.02772
0.221307
0.373144
0.388288
0.0105524
0.185725
0.122133
0.662
0.662
0.177784
0.339457
0.0191146
0.185671
0.605071
0.662
0.267905
0.251897
0.231981
0.405799
0.209029
0.0304516
0.662
0.316435
0.27071
0.440629
0.165561
0.266112
0.339224
0.444364
0.0976198
0.542232
0.090685
0.304574
0.123572
0.118209
0.246838
0.254306
0.132846
0.662
0.364622
0.150936
0.662
0.225952
0.0750786
0.110761
0.235532
0.155205
0.0978896
0.390206
0.129539
0.105454
0.577523
0.0666028
0.662
0.250431
0.0879724
0.31343
0.658114
0.662
0.185462
0.30712
0.0504718
0.121707
0.0960306
0.44174
0.447837
0.118721
0.538274
0.263934
0.18473
0.249106
0.651377
0.219201
0.231282
0.0565999
0.662
0.556822
0.0986643
0.662
0.662
0.242959
0.0723683
0.12021
0.387385
0.392424
0.662
0.662
0.122618
0.16678
0.448021
0.311771
0.541866
0.662
0.103312
0.23793
0.0828328
0.470016
0.132612
0.20071
0.317878
0.0726005
0.189494
0.0881354
0.409029
0.662
0.0656594
0.405255
0.112253
0.436917
0.458529
0.1754
0.273519
0.231468
0.203864
0.662
0.287868
0.36559
0.662
0.287103
0.198834
0.2829
0.662
0.662
0.0998438
0.159739
0.133015
0.501501
0.191451
0.223352
0.100222
0.662
0.142965
0.288134
0.334804
0.0895726
0.176632
0.0679209
0.662
0.0305599
0.153783
0.311085
0.210163
0.157627
0.297327
0.163551
0.0499421
0.662
0.0983045
0.662
0.250228
0.662
0.201939
0.10083
0.662
0.0781419
0.662
0.19612
0.301361
0.336409
0.362878
0.115691
0.544272
0.0912118
0.0799475
0.662
0.367791
0.495969
0.282111
0.662
0.151811
0.662
0.189505
0.25725
0.662
0.548929
0.370253
0.130061
0.241222
0.0959696
0.0661505
0.316192
0.290385
0.0938513
0.147956
0.199021
0.282385
0.44322
0.350524
0.0207251
0.419702
0.421543
0.662
0.0694895
0.662
0.440933
0.0806233
0.306625
0.485509
0.329187
0.329607
0.0262143
0.356674
0.0359132
0.11512
0.474967
0.00470409
0.068976
0.229371
0.177852
0.662
0.0859183
0.421705
0.662
0.190796
0.0447904
0.496906
0.662
0.0292548
0.10158
0.251702
0.0342532
0.243522
0.662
0.263284
0.0677275
0.342536
0.0954059
0.0632811
0.0263461
0.0906977
0.0327316
0.0545895
0.160848
0.196464
0.662
0.378243
0.410167
0.22075
0.28943
0.162414
0.224024
0.221726
0.0844114
0.504366
0.253055
0.652176
0.0752935
0.336987
0.662
0.635809
0.270905
0.34595
0.0884279
0.439901
0.168653
0.478273
0.414216
0.0606091
0.0685479
0.662
0.174771
0.18039
0.47046
0.122618
0.359537
0.178353
0.203881
0.443814
0.662
0.162052
0.475851
0.662
0.0718324
0.106809
0.196394
0.101194
0.118826
0.294653
0.434413
0.360166
0.342669
0.610886
0.662
0.209721
0.662
0.396653
0.244669
0.159565
0.237801
0.662
0.200818
0.0368537
0.244535
0.0677811
0.288218
0.662
0.662
0.168229
0.310342
0.373755
0.295084
0.227973
0.0781457
0.0653305
0.662
0.492027
0.3921
0.295852
0.227461
0.662
0.41357
0.24601
0.219585
0.227321
0.268124
0.662
0.0661038
0.359528
0.353518
0.0804691
0.110659
0.662
0.106741
0.0928049
0.274845
0.662
0.1404
0.140276
0.624394
0.184296
0.538958
0.543552
0.396018
0.385065
0.496869
0.0638161
0.124155
0.284969
0.208692
0.205176
0.414483
0.305968
0.615957
0.0487349
0.313471
0.190617
0.270509
0.368546
0.662
0.662
0.0736956
0.179037
0.193177
0.401483
0.0154774
0.0700703
0.319503
0.489737
0.140795
0.259816
0.545217
0.201379
0.662
0.662
0.0106563
0.381474
0.198623
0.112695
0.115712
0.569644
0.467449
0.457569
0.103161
0.454846
0.179027
0.318356
0.462851
0.00927469
0.155001
0.260528
0.0406114
0.150359
0.215064
0.19059
0.108773
0.564494
0.207613
0.146127
0.662
0.468204
0.236402
0.0637565
0.423714
0.0702306
0.4636
0.15075
0.53611
0.266973
0.197049
0.662
0.662
0.210318
0.101586
0.151345
0.151447
0.0812733
0.241293
0.318061
0.662
0.662
0.00750958
0.213247
0.662
0.0346552
0.0193558
0.275097
0.475555
0.0776833
0.0408852
0.452416
0.408991
0.353254
0.154918
0.047361
0.338089
0.662
0.25036
0.124591
0.102066
0.0780379
0.662
0.433065
0.270105
0.407433
0.40431
0.0904684
0.662
0.337536
0.662
0.0992981
0.180602
0.11626
0.1896
0.154752
0.662
0.115958
0.425012
0.27175
0.160008
0.437554
0.116387
0.0725946
0.159589
0.245884
0.281319
0.233625
0.511827
0.106636
0.462386
0.662
0.182141
0.645172
0.194019
0.662
0.0791227
0.184025
0.183474
0.169501
0.662
0.355742
0.417784
0.470587
0.200706
0.259756
0.318778
0.0741423
0.214669
0.208571
0.299545
0.11989
0.0157277
0.12485
0.192446
0.324112
0.304969
0.225051
0.162414
0.378047
0.0717381
0.140507
0.377074
0.205319
0.231801
0.107117
0.0416334
0.063411
0.458532
0.47128
0.203135
0.103642
0.108653
0.495373
0.184565
0.32184
0.509639
0.57705
0.662
0.395908
0.388434
0.524462
0.536124
0.160998
0.311756
0.0154042
0.0205357
0.0642096
0.0791455
0.347779
0.662
0.163333
0.662
0.361419
0.662
0.662
0.0264537
0.0721093
0.114627
0.390583
0.267981
0.457945
0.225643
0.201149
0.145155
0.662
0.167706
0.332383
0.139311
0.642306
0.0509191
0.134268
0.162689
0.474898
0.319264
0.290475
0.266361
0.380757
0.12343
0.216102
0.662
0.291083
0.0885315
0.223013
0.265228
0.112835
0.599429
0.637327
0.138238
0.662
0.662
0.438171
0.2968
0.662
0.540445
0.662
0.241004
0.485247
0.126741
0.0995282
0.0691992
0.662
0.200904
0.355471
0.367408
0.662
0.0272948
0.170401
0.207117
0.335311
0.143672
0.115206
0.204811
0.351646
0.476878
0.248676
0.484555
0.0321641
0.662
0.114791
0.662
0.443187
0.359354
0.58416
0.277705
0.405506
0.541137
0.00957298
0.427767
0.513952
0.516584
0.662
0.628856
0.283191
0.610048
0.306498
0.0935016
0.277778
0.0439226
0.662
0.0309329
0.164741
0.0624062
0.107037
0.662
0.272124
0.453
0.662
0.139681
0.63339
0.384021
0.662
0.0898216
0.0556101
0.0352273
0.477476
0.202038
0.318954
0.0847932
0.220068
0.657123
0.047884
0.0109646
0.314733
0.662
0.278978
0.253933
0.662
0.133794
0.0555466
0.263931
0.475335
0.459237
0.159119
0.296797
0.385215
0.133952
0.238452
0.09944
0.16628
0.0476285
0.662
0.124838
0.31197
0.304246
0.334648
0.211039
0.210437
0.119096
0.662
0.163534
0.0988391
0.0913325
0.305841
0.0944746
0.662
0.662
0.465222
0.418319
0.662
0.182393
0.635453
0.382163
0.0719528
0.408679
0.230921
0.105396
0.0975345
0.0363593
0.662
0.597819
0.265251
0.23209
0.104575
0.25801
0.3925
0.211157
0.662
0.451588
0.266598
0.0697838
0.155351
0.563183
0.662
0.662
0.0638938
0.425798
0.178361
0.587411
0.528385
0.358967
0.134722
0.393462
0.090715
0.322222
0.262484
0.0299373
0.479754
0.154722
0.0770007
0.195542
0.164811
0.182852
0.498179
0.0364009
0.662
0.0637973
0.504048
0.126158
0.309963
0.225473
0.58662
0.247971
0.594553
0.0533664
0.150166
0.518878
0.458028
0.0731494
0.435428
0.391092
0.256429
0.419093
0.166903
0.136732
0.0679863
0.267364
0.575834
0.214701
0.224439
0.334658
0.276901
0.248613
0.0966213
0.121421
0.526593
0.491024
0.419527
0.0866895
0.188895
0.279464
0.662
0.662
0.150963
0.333405
0.662
0.207657
0.390519
0.17495
0.160776
0.401533
0.331607
0.182937
0.0578692
0.230636
0.18596
0.0453012
0.510194
0.0813108
0.390837
0.197552
0.237443
0.662
0.612921
0.0150146
0.210691
0.662
0.120552
0.662
0.323108
0.553224
0.030343
0.662
0.203412
0.662
0.487576
0.169327
0.134892
0.0149899
0.612632
0.662
0.225705
0.4926
0.198164
0.324668
0.662
0.279332
0.277492
0.137622
0.127838
0.428149
0.0466048
0.158095
0.306053
0.161346
0.662
0.541893
0.169051
0.0876002
0.662
0.0341369
0.040562
0.12997
0.662
0.0954948
0.662
0.00763755
0.409757
0.248202
0.203067
0.662
0.177525
0.302889
0.0714182
0.220062
0.283454
0.0872349
0.0865432
0.446855
0.0750442
0.287837
0.140998
0.266644
0.662
0.660735
0.251004
0.662
0.134024
0.662
0.0500827
0.662
0.382364
0.207916
0.1623
0.337992
0.0841216
0.325286
0.141411
0.0838286
0.662
0.314242
0.255587
0.0749777
0.0861048
0.337811
0.207142
0.178609
0.0740399
0.424806
0.109557
0.617801
0.365938
0.662
0.0790143
0.653115
0.249177
0.417983
0.662
0.231806
0.477546
0.469728
0.030125
0.14249
0.404984
0.23655
0.14758
0.198008
0.151228
0.24897
0.146096
0.0589553
0.0180179
0.270869
0.193188
0.553642
0.055804
0.380343
0.339698
0.234561
0.103681
0.662
0.37954
0.103308
0.662
0.662
0.27086
0.135779
0.139862
0.109713
0.210462
0.272989
0.395919
0.274495
0.662
0.378686
0.110971
0.662
0.371402
0.283617
0.149465
0.328216
0.205357
0.236389
0.202491
0.22313
0.374966
0.147149
0.662
0.4619
0.0183449
0.462577
0.374756
0.34539
0.483335
0.559564
0.662
0.0194053
0.662
0.662
0.168256
0.409922
0.524264
0.662
0.233813
0.129795
0.105977
0.0571744
0.425979
0.345385
0.101356
0.567231
0.662
0.495205
0.132705
0.0201459
0.195604
0.251759
0.154533
0.662
0.129763
0.321009
0.662
0.597268
0.180244
0.430654
0.198873
0.662
0.479261
0.180247
0.255604
0.20707
0.662
0.611069
0.662
0.2201
0.0971632
0.155794
0.324352
0.583461
0.480872
0.160629
0.220155
0.662
0.434693
0.069747
0.638482
0.21401
0.135064
0.641306
0.145198
0.229882
0.230038
0.662
0.174713
0.118086
0.576179
0.174899
0.662
0.4737
0.106146
0.250312
0.662
0.550098
0.662
0.164138
0.226162
0.385182
0.0665365
0.2605
0.18276
0.446463
0.294008
0.369427
0.116342
0.365477
0.662
0.14473
0.662
0.151775
0.295692
0.0871054
0.180073
0.662
0.357946
0.51132
0.662
0.329858
0.506309
0.255188
0.196749
0.566911
0.662
0.253899
0.237034
0.18223
0.275418
0.33462
0.662
0.172884
0.238582
0.662
0.16454
0.131843
0.0383634
0.514097
0.228093
0.35259
0.089035
0.225692
0.184939
0.662
0.40449
0.204063
0.185442
0.513405
0.193621
0.152354
0.518613
0.35384
0.337338
0.341574
0.662
0.158854
0.119348
0.17175
0.662
0.140987
0.129165
0.280963
0.104673
0.662
0.64749
0.204221
0.261657
0.662
0.139285
0.567148
0.489036
0.599957
0.296392
0.662
0.272583
0.130168
0.662
0.280252
0.324154
0.662
0.231114
0.00079825
0.188799
0.385322
0.274701
0.0824558
0.0921971
0.443845
0.374554
0.426165
0.39799
0.141849
0.662
0.073279
0.0488117
0.29023
0.0663074
0.581484
0.511494
0.0676397
0.662
0.662
0.250009
0.104116
0.662
0.163012
0.463934
0.563126
0.0613355
0.277387
0.662
0.366841
0.0931175
0.157298
0.0256763
0.461076
0.28246
0.552564
0.662
0.322656
0.662
0.177552
0.662
0.395404
0.111018
0.0606822
0.232333
0.196036
0.300668
0.662
0.0880195
0.1
0.629281
0.280677
0.0941924
0.662
0.311204
0.30428
0.218336
0.0215885
0.129892
0.379543
0.215848
0.106493
0.662
0.116426
0.0815253
0.328758
0.662
0.265778
0.164796
0.327127
0.662
0.144872
0.662
0.102689
0.184749
0.31815
0.662
0.662
0.186307
0.662
0.375425
0.326065
0.662
0.261368
0.662
0.285837
0.147422
0.339619
0.435645
0.662
0.451017
0.662
0.18505
0.662
0.235958
0.552626
0.203659
0.64375
0.236416
0.662
0.662
0.161166
0.662
0.662
0.662
0.662
0.0951973
0.228988
0.427767
0.0543596
0.662
0.253719
0.4001
0.217051
0.428713
0.026726
0.225419
0.44606
0.160226
0.435711
0.0299452
0.297644
0.2335
0.555774
0.150669
0.414569
0.662
0.662
0.279856
0.335071
0.478135
0.115155
0.112268
0.449149
0.157688
0.63615
0.109069
0.172836
0.662
0.408112
0.202661
0.662
0.662
0.364511
0.345963
0.501272
0.0628547
0.213694
0.306681
0.506294
0.368277
0.271557
0.590113
0.437512
0.0694395
0.662
0.655125
0.115403
0.662
0.662
0.280668
0.604535
0.419478
0.126716
0.294911
0.10674
0.341136
0.662
0.0642453
0.471207
0.228511
0.662
0.23187
0.662
0.123518
0.662
0.105462
0.326886
0.399308
0.23411
0.00702325
0.268968
0.42434
0.0859369
0.662
0.252168
0.132138
0.662
0.105586
0.387657
0.466477
0.124399
0.528824
0.0965697
0.131055
0.27647
0.271552
0.270821
0.662
0.320431
0.662
0.356725
0.438449
0.200032
0.0497166
0.047691
0.409069
0.266484
0.367375
0.117792
0.116893
0.089404
0.662
0.176712
0.192952
0.282427
0.456218
0.662
0.662
0.662
0.0507608
0.20555
0.407039
0.643085
0.145928
0.521018
0.662
0.52402
0.254403
0.264429
0.36475
0.459084
0.0758849
0.32968
0.4253
0.40329
0.509362
0.168076
0.662
0.579233
0.0600881
0.261527
0.379121
0.662
0.239175
0.227645
0.319303
0.00339241
0.231385
0.34131
0.552131
0.186549
0.0209983
0.463831
0.662
0.283389
0.0672576
0.662
0.0236172
0.216159
0.185048
0.121987
0.657699
0.662
0.644564
0.554901
0.21565
0.228109
0.0524876
0.00703118
0.0415056
0.240309
0.430663
0.161991
0.0796023
0.662
0.662
0.0803751
0.662
0.53614
0.0255129
0.662
0.662
0.0330468
0.172706
0.620928
0.210185
0.178516
0.0890861
0.440672
0.662
0.337164
0.11094
0.662
0.248998
0.42108
0.290628
0.662
0.589695
0.662
0.268741
0.116411
0.217733
0.554723
0.42399
0.074056
0.01013
0.617286
0.662
0.256322
0.108457
0.093345
0.662
0.662
0.662
0.411654
0.176776
0.323477
0.0879421
0.233353
0.458187
0.0230872
0.120623
0.402905
0.602091
0.199937
0.406998
0.662
0.19185
0.183072
0.347011
0.401967
0.0944278
0.662
0.519938
0.092154
0.159829
0.129253
0.662
0.0306457
0.421499
0.0842821
0.0100724
0.425141
0.137515
0.229113
0.652127
0.662
0.0507353
0.117932
0.237481
0.203932
0.662
0.385757
0.358786
0.593097
0.000398603
0.209154
0.0983009
0.0635278
0.206571
0.662
0.203442
0.662
0.093199
0.343002
0.223775
0.0587772
0.662
0.662
0.0618558
0.205395
0.0681435
0.3489
0.18165
0.662
0.662
0.308734
0.000935706
0.286577
0.213131
0.0349816
0.100461
0.0859249
0.0737441
0.574446
0.662
0.118246
0.267063
0.341367
0.499295
0.155335
0.0806045
0.486668
0.662
0.129986
0.491358
0.224028
0.662
0.100327
0.593897
0.277162
0.383028
0.662
0.444984
0.112688
0.207424
0.0856037
0.626891
0.174326
0.352343
0.0207519
0.587206
0.35118
0.162091
0.248811
0.307916
0.473496
0.251783
0.221908
0.330963
0.360438
0.354233
0.0769597
0.326935
0.0818093
0.592434
0.254778
0.518716
0.113374
0.0614321
0.4796
0.198911
0.662
0.254336
0.0549704
0.0931145
0.36575
0.218866
0.202189
0.332845
0.0672931
0.13489
0.363175
0.492855
0.040398
0.137106
0.0789243
0.0939797
0.0624823
0.662
0.165793
0.662
0.101186
0.201151
0.0658205
0.301714
0.0288683
0.0783283
0.0246568
0.662
0.662
0.159911
0.0805294
0.0178918
0.0623682
0.662
0.0757464
0.394144
0.20553
0.117739
0.354494
0.322841
0.328704
0.296367
0.464917
0.662
0.117494
0.29922
0.123821
0.126838
0.192352
0.139066
0.0770346
0.0577592
0.249774
0.224985
0.662
0.134622
0.160982
0.280428
0.401397
0.662
0.602536
0.099139
0.144261
0.662
0.160536
0.190363
0.133875
0.0599236
0.148867
0.662
0.128431
0.384569
0.662
0.662
0.216426
0.513719
0.662
0.194396
0.608004
0.662
0.578232
0.662
0.191271
0.645048
0.103294
0.0173963
0.210478
0.0924119
0.255628
0.117526
0.279553
0.0926524
0.185377
0.43084
0.317449
0.0876446
0.180683
0.352769
0.167632
0.431725
0.0463885
0.662
0.130179
0.249961
0.114278
0.34257
0.144957
0.180804
0.38074
0.662
0.215094
0.0671696
0.108028
0.662
0.662
0.502752
0.0291543
0.662
0.611272
0.036066
0.12706
0.172593
0.462555
0.504047
0.170684
0.176877
0.534895
0.629706
0.169568
0.109912
0.662
0.0332407
0.098339
0.277719
0.0583185
0.0785878
0.449959
0.21027
0.65145
0.154134
0.267046
0.36086
0.308217
0.124095
0.179264
0.0492912
0.373305
0.186507
0.0576937
0.164925
0.268163
0.414018
0.196849
0.329577
0.662
0.235914
0.247207
0.184449
0.131603
0.662
0.587687
0.662
0.659382
0.092316
0.380723
0.190611
0.121002
0.662
0.059548
0.297167
0.226028
0.662
0.588203
0.0898476
0.662
0.00623005
0.398935
0.386517
0.429228
0.662
0.255819
0.205876
0.0636603
0.662
0.125947
0.538846
0.229203
0.662
0.334357
0.662
0.662
0.0570867
0.662
0.0386797
0.27306
0.411528
0.000185967
0.614104
0.0150051
0.42623
0.296643
0.0917633
0.381999
0.0820846
0.239542
0.314234
0.0591171
0.1111
0.328893
0.293513
0.476764
0.583849
0.34612
0.198787
0.376935
0.0264515
0.160304
0.273033
0.548353
0.412712
0.298666
0.427241
0.0901925
0.524383
0.116602
0.180727
0.0528579
0.23202
0.0486684
0.252639
0.619714
0.100015
0.236949
0.0800022
0.306804
0.125385
0.130135
0.0962035
0.0628215
0.662
0.254666
0.188383
0.390354
0.201821
0.14844
0.149803
0.233689
0.099248
0.400419
0.568305
0.0433684
0.304199
0.0879641
0.468464
0.120908
0.28037
0.0933488
0.245036
0.215053
0.41207
0.204231
0.506953
0.662
0.0572807
0.195216
0.162857
0.268868
0.00822131
0.304038
0.205273
0.136949
0.306831
0.662
0.399189
0.113845
0.0572088
0.662
0.261828
0.100982
0.0849843
0.294148
0.261605
0.198918
0.106739
0.479741
0.112175
0.298124
0.278665
0.271232
0.123627
0.662
0.108809
0.104528
0.325948
0.39834
0.527402
0.0661058
0.234804
0.106152
0.0521465
0.0300815
0.433534
0.0924433
0.254465
0.286793
0.662
0.662
0.379137
0.561463
0.371318
0.270519
0.662
0.0878368
0.304983
0.176104
0.276359
0.662
0.582901
0.0491005
0.244962
0.328625
0.662
0.0692165
0.14944
0.0687692
0.583997
0.431716
0.633282
0.662
0.662
0.193422
0.164368
0.3625
0.156911
0.0469025
0.21353
0.600925
0.134145
0.032944
0.178617
0.119506
0.662
0.340359
0.226932
0.604906
0.238951
0.662
0.584777
0.123667
0.12731
0.0489097
0.236457
0.207224
0.0603275
0.15844
0.662
0.0660755
0.365595
0.662
0.460451
0.09662
0.662
0.097547
0.309191
0.087458
0.662
0.0603136
0.356068
0.30998
0.597607
0.0346564
0.662
0.662
0.662
0.0920579
0.117247
0.0714394
0.209104
0.025151
0.23715
0.175452
0.0492308
0.233201
0.168701
0.507651
0.5877
0.128712
0.421711
0.0506926
0.0348083
0.214375
0.371228
0.264492
0.276229
0.323947
0.151382
0.122309
0.186756
0.185824
0.0953967
0.170154
0.206135
0.446406
0.0951486
0.662
0.282272
0.625051
0.434139
0.0989681
0.151316
0.662
0.0507775
0.272632
0.255618
0.511902
0.394982
0.662
0.0422886
0.356066
0.410405
0.0603067
0.125172
0.0879039
0.662
0.298606
0.208695
0.0678423
0.35419
0.662
0.491264
0.140153
0.662
0.220052
0.400424
0.578885
0.636369
0.662
0.133898
0.0967238
0.155504
0.177792
0.0456565
0.297223
0.473815
0.0576362
0.662
0.0453634
0.0987059
0.662
0.189474
0.662
0.662
0.0624601
0.10207
0.0355633
0.368863
0.662
0.23952
0.662
0.3023
0.395993
0.14942
0.662
0.186878
0.562816
0.209888
0.432994
0.662
0.232366
0.107424
0.662
0.5255
0.356698
0.113764
0.44167
0.455107
0.220296
0.143241
0.0120912
0.218724
0.662
0.415042
0.239595
0.239063
0.661501
0.157232
0.518272
0.662
0.336696
0.385297
0.128842
0.484701
0.561871
0.326031
0.0500106
0.183197
0.0128225
0.115504
0.00762137
0.298201
0.0678143
0.33518
0.439899
0.372536
0.119504
0.0230013
0.00448327
0.0225477
0.177997
0.156351
0.0400556
0.214287
0.322539
0.662
0.662
0.662
0.466571
0.662
0.464257
0.469566
0.0778255
0.351973
0.251242
0.662
0.528547
0.192017
0.493991
0.211035
0.102671
0.0945877
0.145819
0.221832
0.662
0.414799
0.00139704
0.0421033
0.0671736
0.408701
0.0836516
0.127898
0.369576
0.662
0.117211
0.662
0.0704177
0.142996
0.265315
0.21955
0.222679
0.662
0.54329
0.662
0.0812444
0.116247
0.278592
0.265122
0.360333
0.519032
0.505453
0.662
0.662
0.601111
0.203126
0.0799669
0.662
0.388854
0.662
0.302167
0.633694
0.662
0.662
0.662
0.240801
0.513172
0.227717
0.351694
0.662
0.0631509
0.497954
0.393791
0.235381
0.343557
0.277777
0.266932
0.124581
0.187896
0.460902
0.268341
0.166437
0.662
0.662
0.20425
0.173808
0.442209
0.662
0.0986798
0.225005
0.52233
0.489269
0.156335
0.191513
0.124958
0.466344
0.0906992
0.0874396
0.403035
0.0495476
0.18227
0.288429
0.662
0.506435
0.297466
0.0213965
0.273895
0.276706
0.221096
0.01149
0.065614
0.289943
0.662
0.483543
0.662
0.493495
0.0227977
0.662
0.194301
0.119861
0.16636
0.529632
0.150284
0.618285
0.376028
0.464924
0.662
0.662
0.662
0.308157
0.600788
0.520103
0.569457
0.122036
0.584283
0.118366
0.069896
0.200258
0.662
0.00506952
0.075006
0.662
0.0972085
0.260948
0.0487987
0.0741657
0.502188
0.453387
0.17951
0.588313
0.662
0.662
0.083706
0.656045
0.447303
0.277515
0.202852
0.0869517
0.662
0.206559
0.662
0.0230515
0.662
0.173028
0.276474
0.152015
0.147298
0.38878
0.0754432
0.466864
0.259618
0.218951
0.28699
0.662
0.0684079
0.408895
0.121263
0.545574
0.463653
0.200896
0.662
0.662
0.662
0.172605
0.662
0.0680627
0.63912
0.24904
0.296701
0.357034
0.375468
0.0543536
0.662
0.172557
0.139929
0.172991
0.186456
0.564259
0.11618
0.662
0.0839677
0.662
0.662
0.100395
0.372504
0.21041
0.126736
0.230338
0.662
0.115126
0.164809
0.0787191
0.452439
0.199745
0.662
0.305135
0.226353
0.0799294
0.114489
0.662
0.179813
0.259677
0.398276
0.661519
0.0553589
0.662
0.107896
0.662
0.604006
0.118914
0.403484
0.662
0.303823
0.556279
0.0733696
0.662
0.170205
0.270622
0.139352
0.0745664
0.662
0.662
0.332344
0.383312
0.650755
0.378772
0.662
0.104216
0.142555
0.245283
0.0860881
0.276868
0.163407
0.432261
0.662
0.245397
0.243187
0.106339
0.167521
0.662
0.317421
0.454119
0.418006
0.662
0.151437
0.388641
0.662
0.090268
0.356791
0.638117
0.60374
0.0411934
0.277881
0.307678
0.154002
0.662
0.446116
0.0714009
0.309859
0.1626
0.0825901
0.363875
0.298704
0.145575
0.130978
0.0825743
0.309088
0.281736
0.289651
0.662
0.662
0.662
0.311817
0.662
0.14218
0.583331
0.250213
0.467887
0.193032
0.0889821
0.662
0.227852
0.662
0.08049
0.662
0.159121
0.662
0.206531
0.0931068
0.596111
0.332342
0.134737
0.144213
0.285967
0.605054
0.662
0.288353
0.662
0.387437
0.26143
0.455472
0.183902
0.297523
0.241969
0.0961038
0.13967
0.228165
0.275889
0.662
0.662
0.243157
0.662
0.201746
0.0534096
0.229255
0.0828784
0.602113
0.105812
0.599445
0.0899723
0.211063
0.120712
0.102273
0.0721597
0.149894
0.662
0.27864
0.170498
0.662
0.293105
0.118455
0.19173
0.387686
0.155821
0.296771
0.160945
0.0435217
0.143951
0.304192
0.058846
0.299294
0.242195
0.282081
0.273632
0.339893
0.319071
0.214149
0.348362
0.605178
0.300076
0.0505059
0.0773494
0.662
0.0474666
0.19882
0.214456
0.662
0.285263
0.271815
0.10695
0.350158
0.662
0.17442
0.481436
0.174446
0.0832197
0.338608
0.232019
0.204006
0.183413
0.211471
0.662
0.223176
0.210367
0.460762
0.0999842
0.227638
0.0432438
0.382841
0.507226
0.662
0.250447
0.0611703
0.187563
0.662
0.662
0.149696
0.0726267
0.360806
0.662
0.59967
0.662
0.107123
0.124439
0.662
0.0362614
0.00244925
0.105921
0.156622
0.380495
0.14645
0.160037
0.662
0.113822
0.00306044
0.362424
0.180483
0.343581
0.146776
0.662
0.0802669
0.187379
0.0671527
0.482962
0.258458
0.388714
0.287214
0.662
0.662
0.419324
0.0894046
0.469696
0.207299
0.167293
0.198049
0.632352
0.662
0.49212
0.662
0.107058
0.0488097
0.0114772
0.662
0.389653
0.0925636
0.662
0.466364
0.569615
0.662
0.153805
0.156096
0.662
0.213749
0.281763
0.00545395
0.268279
0.206257
0.10698
0.662
0.395688
0.60062
0.0652692
0.662
0.330266
0.103173
0.00727485
0.239708
0.339999
0.662
0.581406
0.662
0.276312
0.662
0.124642
0.171067
0.132244
0.25585
0.568022
0.530802
0.662
0.182439
0.0703725
0.185543
0.662
0.0298355
0.274166
0.662
0.176865
0.329409
0.662
0.358125
0.662
0.364202
0.134076
0.0709796
0.0106317
0.662
0.121676
0.342276
0.285846
0.268232
0.662
0.119034
0.280988
0.183109
0.474593
0.205002
0.239559
0.662
0.27505
0.264944
0.120615
0.338684
0.662
0.082393
0.360358
0.285694
0.337522
0.248422
0.0672113
0.378514
0.312417
0.172857
0.021085
0.662
0.662
0.662
0.0415611
0.0699785
0.296412
0.47625
0.662
0.454296
0.621543
0.429173
0.0838073
0.662
0.371617
0.136851
0.257281
0.662
0.662
0.0935268
0.3498
0.645365
0.105015
0.662
0.662
0.520267
0.273248
0.110233
0.121486
0.170901
0.501031
0.40349
0.601587
0.40407
0.205992
0.426675
0.302238
0.214923
0.662
0.067933
0.319811
0.294617
0.094225
0.0728193
0.262051
0.0706334
0.176979
0.402922
0.381826
0.161275
0.475394
0.416735
0.0971774
0.662
0.662
0.343903
0.0765007
0.266044
0.53808
0.050461
0.313015
0.337715
0.150147
0.662
0.211305
0.371174
0.428656
0.455923
0.197569
0.662
0.208191
0.577607
0.162324
0.314978
0.5444
0.11315
0.453134
0.662
0.229332
0.0431903
0.109974
0.282644
0.195525
0.278976
0.0859616
0.662
0.428075
0.233007
0.304541
0.197669
0.187019
0.144389
0.205559
0.217752
0.17466
0.410041
0.307472
0.45121
0.662
0.213836
0.0731651
0.198213
0.111773
0.55795
0.363766
0.465676
0.662
0.0627718
0.662
0.568098
0.10154
0.247969
0.447397
0.662
0.0627996
0.152607
0.168339
0.430071
0.372332
0.320518
0.397753
0.352217
0.123035
0.149536
0.00646258
0.18628
0.0419834
0.0838
0.269905
0.599746
0.46738
0.662
0.104288
0.240671
0.662
0.0558338
0.662
0.202228
0.38526
0.204082
0.112847
0.184813
0.27491
0.112391
0.662
0.60419
0.157813
0.20193
0.365343
0.0738289
0.662
0.0108784
0.662
0.243391
0.0225315
0.410259
0.207319
0.177106
0.291568
0.222839
0.662
0.275934
0.320417
0.426695
0.312497
0.116648
0.0811237
0.14156
0.085905
0.319805
0.167001
0.662
0.13375
0.12775
0.662
0.0892494
0.662
0.0145944
0.662
0.171132
0.276509
0.552195
0.197719
0.662
0.0365815
0.0627159
0.252383
0.185552
0.197267
0.160119
0.276443
0.662
0.450728
0.475819
0.551926
0.279272
0.182201
0.272192
0.217271
0.312978
0.177076
0.220987
0.117839
0.294784
0.221737
0.230759
0.0882994
0.405525
0.231198
0.0889166
0.662
0.648321
0.224266
0.21596
0.172619
0.548258
0.221688
0.0569251
0.089381
0.220487
0.0908912
0.0143775
0.0848243
0.0855586
0.348257
0.662
0.0796057
0.662
0.0600977
0.272777
0.208931
0.222195
0.662
0.148595
0.00179406
0.548632
0.24764
0.602927
0.0623524
0.203923
0.662
0.164717
0.470471
0.186336
0.0525175
0.560483
0.0232511
0.266004
0.431117
0.250257
0.410417
0.160342
0.177775
0.317012
0.662
0.357589
0.662
0.662
0.662
0.0637186
0.151978
0.407303
0.198142
0.0660534
0.662
0.475872
0.0641393
0.662
0.511771
0.662
0.662
0.282524
0.209337
0.341765
0.0819049
0.662
0.480428
0.395131
0.662
0.274464
0.0883675
0.302569
0.638884
0.0778929
0.313249
0.346893
0.111675
0.662
0.148839
0.0843739
0.121313
0.207718
0.0716658
0.156584
0.0751441
0.381912
0.662
0.184004
0.300281
0.195617
0.399178
0.277925
0.382644
0.662
0.114287
0.116165
0.098059
0.385729
0.0528959
0.292356
0.427628
0.662
0.124388
0.2214
0.240911
0.662
0.662
0.289994
0.193895
0.491986
0.662
0.517649
0.0650461
0.197267
0.662
0.589724
0.333023
0.172083
0.291217
0.639566
0.662
0.662
0.662
0.0346944
0.575247
0.199122
0.662
0.0727769
0.125411
0.064771
0.13316
0.264872
0.175319
0.15343
0.245972
0.662
0.30269
0.105652
0.662
0.0980039
0.0115662
0.662
0.409426
0.250131
0.470804
0.318519
0.0985202
0.662
0.24704
0.121014
0.267168
0.662
0.662
0.662
0.662
0.209336
0.57966
0.123107
0.312434
0.560172
0.662
0.189306
0.149069
0.633209
0.102467
0.321993
0.121105
0.662
0.087214
0.551317
0.108169
0.11811
0.127949
0.499195
0.259524
0.211038
0.33087
0.299121
0.662
0.0515385
0.307823
0.662
0.454165
0.41197
0.35165
0.581103
0.430738
0.118313
0.0708519
0.386288
0.00079752
0.662
0.456202
0.455185
0.0944594
0.141731
0.475939
0.468804
0.197126
0.662
0.662
0.0745294
0.426475
0.367697
0.306642
0.0108358
0.395021
0.662
0.419478
0.0663891
0.488507
0.459754
0.121032
0.465771
0.173496
0.223872
0.1596
0.163061
0.605284
0.285555
0.121876
0.662
0.13094
0.0807263
0.622895
0.201547
0.0497
0.240923
0.361593
0.662
0.168899
0.145413
0.662
0.485558
0.170428
0.662
0.662
0.662
0.662
0.595615
0.210075
0.377872
0.116042
0.271399
0.662
0.465907
0.498539
0.662
0.662
0.340383
0.166236
0.42258
0.297587
0.662
0.60137
0.222337
0.0373281
0.184988
0.0907903
0.456017
0.237134
0.0505018
0.0583768
0.6521
0.194039
0.0931661
0.662
0.117538
0.157341
0.152717
0.427205
0.281693
0.238564
0.662
0.0658938
0.662
0.0291653
0.172973
0.0686522
0.125563
0.322373
0.662
0.256344
0.662
0.310572
0.479528
0.238785
0.158007
0.123974
0.130209
0.218412
0.15782
0.166638
0.0672867
0.18861
0.477032
0.662
0.376372
0.315395
0.662
0.479757
0.177436
0.662
0.047763
0.380659
0.249302
0.662
0.311206
0.0837837
0.0720519
0.25914
0.169625
0.119674
0.121381
0.270571
0.104711
0.0751834
0.607972
0.186408
0.102488
0.282308
0.493137
0.662
0.57214
0.0973291
0.662
0.411953
0.287632
0.327815
0.662
0.132415
0.601237
0.0667669
0.499103
0.662
0.205588
0.252577
0.662
0.191242
0.545576
0.0976825
0.662
0.178325
0.0881902
0.356841
0.426072
0.27427
0.237286
0.0908208
0.0940625
0.234495
0.0139403
0.0692249
0.23141
0.177517
0.414418
0.0398192
0.110647
0.204922
0.643857
0.0979932
0.662
0.662
0.526282
0.154648
0.179958
0.100873
0.105189
0.662
0.203069
0.662
0.308883
0.129871
0.662
0.613557
0.202807
0.0669459
0.264415
0.202244
0.47211
0.141287
0.576249
0.662
0.0614238
0.28949
0.43743
0.206911
0.284045
0.219468
0.662
0.662
0.0946419
0.662
0.0728087
0.21644
0.222166
0.586896
0.0784105
0.0899309
0.662
0.557526
0.0137762
0.662
0.186315
0.248303
0.0544116
0.662
0.17727
0.662
0.35973
0.274629
0.0363871
0.118919
0.229839
0.0997834
0.0664188
0.104645
0.292933
0.108774
0.0967906
0.662
0.133501
0.662
0.513087
0.0187127
0.131489
0.102124
0.218753
0.0691706
0.662
0.662
0.0936444
0.662
0.069584
0.0277795
0.113335
0.36436
0.29458
0.662
0.183185
0.510735
0.118755
0.225286
0.662
0.311698
0.0250633
0.662
0.584854
0.0771626
0.00752931
0.662
0.149097
0.241658
0.179668
0.662
0.196987
0.662
0.0763065
0.662
0.180531
0.662
0.124985
0.241689
0.0707134
0.437669
0.221754
0.329011
0.0425703
0.245542
0.375487
0.214579
0.662
0.279069
0.132074
0.389055
0.104854
0.662
0.662
0.600902
0.334757
0.440618
0.236865
0.0302205
0.316291
0.0263281
0.354108
0.129685
0.595432
0.207144
0.429612
0.198301
0.108651
0.232879
0.224042
0.0894216
0.200522
0.097093
0.253688
0.662
0.186591
0.145536
0.180625
0.135053
0.662
0.0237057
0.662
0.0898898
0.662
0.227569
0.514315
0.662
0.0953813
0.351349
0.00107423
0.0908306
0.525135
0.402574
0.498852
0.0883446
0.179002
0.443303
0.0713512
0.315356
0.0623495
0.126957
0.402518
0.483369
0.662
0.551289
0.206157
0.471243
0.173453
0.495553
0.662
0.488228
0.504458
0.662
0.0973602
0.175685
0.134956
0.614513
0.662
0.0858032
0.29305
0.0442743
0.662
0.298015
0.614289
0.662
0.475901
0.239963
0.662
0.443183
0.0425108
0.488479
0.304927
0.420275
0.662
0.293585
0.662
0.662
0.662
0.459098
0.153937
0.380744
0.11359
0.662
0.57319
0.193273
0.144381
0.136542
0.36739
0.14412
0.0425531
0.662
0.180506
0.383576
0.251842
0.0830331
0.000957817
0.0678522
0.662
0.233478
0.662
0.225559
0.201009
0.203095
0.3175
0.148663
0.183789
0.662
0.239499
0.296243
0.662
0.212526
0.09964
0.387551
0.425677
0.213428
0.310268
0.204683
0.249375
0.475979
0.09595
0.193953
0.276681
0.0330871
0.662
0.662
0.101549
0.233286
0.427168
0.0562163
0.310957
0.223074
0.16318
0.0530132
0.662
0.0891779
0.15696
0.236682
0.113611
0.662
0.148125
0.426305
0.285619
0.201819
0.363642
0.662
0.579745
0.662
0.662
0.662
0.317672
0.0530799
0.44208
0.0132038
0.0499361
0.662
0.31103
0.453961
0.597263
0.0936804
0.035067
0.409175
0.662
0.146991
0.662
0.269817
0.0871703
0.145192
0.0776363
0.43967
0.662
0.586063
0.190908
0.049532
0.0832046
0.662
0.119885
0.193815
0.332281
0.2159
0.602136
0.111416
0.662
0.165055
0.208181
0.34304
0.662
0.383956
0.14843
0.242162
0.140068
0.354134
0.0457181
0.662
0.0290093
0.473674
0.194706
0.0964353
0.290822
0.446646
0.389304
0.169427
0.491841
0.417155
0.28726
0.662
0.10805
0.0816981
0.499534
0.662
0.133284
0.028734
0.208404
0.159649
0.620486
0.0871998
0.662
0.16531
0.385388
0.662
0.0598087
0.255361
0.241398
0.662
0.0983141
0.662
0.662
0.481977
0.317932
0.389553
0.487399
0.184897
0.22796
0.0746953
0.555921
0.609736
0.42311
0.662
0.146443
0.527753
0.662
0.662
0.106911
0.662
0.0429594
0.374376
0.10298
0.130083
0.465894
0.188833
0.190125
0.662
0.120613
0.205933
0.662
0.148472
0.375701
0.662
0.0869234
0.263606
0.0698104
0.662
0.150499
0.105505
0.662
0.0217937
0.218166
0.123508
0.149868
0.226716
0.198842
0.662
0.636371
0.536979
0.252583
0.118609
0.0902144
0.0249423
0.662
0.257251
0.264229
0.662
0.662
0.550914
0.279231
0.600966
0.470545
0.662
0.154287
0.662
0.117552
0.662
0.654197
0.0786239
0.158595
0.176597
0.229059
0.662
0.662
0.113849
0.427927
0.110714
0.157009
0.267457
0.662
0.539867
0.182257
0.0651131
0.286893
0.624396
0.341592
0.0692454
0.100158
0.527569
0.415768
0.244638
0.151918
0.150535
0.126792
0.382838
0.0640464
0.307388
0.53831
0.33728
0.662
0.14269
0.662
0.384051
0.140562
0.628373
0.531206
0.384306
0.515065
0.149165
0.662
0.202979
0.406691
0.662
0.662
0.149916
0.588775
0.203254
0.327467
0.451895
0.0384818
0.582681
0.0914387
0.232605
0.0952424
0.1927
0.143143
0.327078
0.0998781
0.270593
0.553933
0.390904
0.0813943
0.545534
0.277685
0.444704
0.25295
0.412822
0.208735
0.0524382
0.268092
0.662
0.0974051
0.175258
0.353812
0.0792069
0.233394
0.608463
0.135081
0.349467
0.203522
0.627227
0.100049
0.238186
0.423686
0.181828
0.360768
0.125921
0.662
0.0954743
0.126252
0.00568762
0.0994878
0.0951431
0.194487
0.1383
0.201556
0.356597
0.0605942
0.242677
0.122029
0.215424
0.229616
0.190925
0.56789
0.0277664
0.342427
0.530964
0.654079
0.465263
0.0856039
0.662
0.0730179
0.500499
0.240121
0.31852
0.115694
0.204592
0.0810822
0.0140836
0.133937
0.231014
0.662
0.127185
0.176438
0.0283521
0.369641
0.303941
0.0821547
0.0859344
0.662
0.195898
0.623202
0.147432
0.379597
0.272993
0.662
0.26449
0.173558
0.237419
0.050487
0.662
0.105138
0.662
0.323048
0.662
0.210435
0.239252
0.662
0.212505
0.0231138
0.233447
0.315842
0.32863
0.182164
0.438448
0.208418
0.372568
0.0280653
0.0094733
0.322482
0.0761029
0.0672779
0.662
0.525438
0.13084
0.0441952
0.662
0.042423
0.0677016
0.297412
0.138412
0.276781
0.425781
0.00741422
0.079743
0.0772301
0.231657
0.662
0.662
0.662
0.21719
0.662
0.662
0.364846
0.397212
0.203359
0.594435
0.15032
0.0910335
0.163406
0.0842195
0.196292
0.0802986
0.491873
0.330982
0.13971
0.144533
0.138622
0.355613
0.195762
0.0873616
0.0704485
0.123709
0.662
0.111471
0.0198365
0.384647
0.0861544
0.220743
0.662
0.133882
0.24597
0.220124
0.49771
0.25757
0.230452
0.188426
0.662
0.390867
0.275374
0.153303
0.0959901
0.058662
0.140786
0.662
0.06991
0.0279453
0.662
0.430489
0.171658
0.443444
0.617961
0.10944
0.0666823
0.662
0.267093
0.0785582
0.246382
0.22731
0.238458
0.0779
0.131139
0.162808
0.662
0.662
0.662
0.235363
0.338232
0.328671
0.0624356
0.0929409
0.0448961
0.227149
0.161033
0.0581645
0.662
0.662
0.345943
0.191819
0.662
0.412484
0.103988
0.648342
0.293006
0.662
0.662
0.0933312
0.142381
0.3592
0.619383
0.00643049
0.116358
0.314965
0.220439
0.180906
0.192719
0.242399
0.366488
0.101512
0.325166
0.332818
0.336051
0.662
0.473587
0.662
0.0360437
0.288329
0.162668
0.285067
0.383156
0.120558
0.600821
0.324788
0.323864
0.325503
0.662
0.377531
0.27756
0.0156797
0.0994467
0.437416
0.174662
0.457153
0.662
0.662
0.331098
0.662
0.0863058
0.404395
0.399463
0.662
0.245748
0.662
0.310964
0.345155
0.143516
0.662
0.0229619
0.54178
0.186954
0.0539933
0.0887514
0.371756
0.326786
0.126385
0.10598
0.0677378
0.409891
0.254572
0.662
0.428281
0.662
0.662
0.162382
0.0453525
0.442064
0.589201
0.390595
0.339683
0.091445
0.662
0.100011
0.348284
0.662
0.331294
0.388399
0.0159837
0.566102
0.0937123
0.662
0.392004
0.342256
0.138256
0.280751
0.643631
0.179101
0.584705
0.20146
0.416607
0.601229
0.662
0.466504
0.460696
0.0639287
0.203226
0.0499806
0.282888
0.0676036
0.662
0.0643565
0.446458
0.15629
0.662
0.662
0.255159
0.109533
0.0191228
0.204452
0.101316
0.662
0.398391
0.662
0.250025
0.134305
0.377607
0.475002
0.251139
0.0759262
0.662
0.228159
0.354203
0.245507
0.321192
0.0842044
0.662
0.457484
0.0812104
0.152957
0.662
0.0510702
0.662
0.258733
0.282591
0.215986
0.153053
0.662
0.662
0.18775
0.662
0.662
0.662
0.496542
0.662
0.662
0.0610417
0.378611
0.170869
0.168625
0.662
0.222804
0.520046
0.662
0.196229
0.399905
0.182592
0.448007
0.209528
0.441248
0.133978
0.450842
0.0415436
0.246375
0.662
0.0903035
0.384656
0.662
0.13787
0.199428
0.172693
0.136726
0.662
0.170328
0.362719
0.113635
0.662
0.0639993
0.00990743
0.108093
0.662
0.0890081
0.112789
0.0620207
0.132819
0.164602
0.122532
0.579029
0.00222594
0.128683
0.140875
0.226073
0.261919
0.662
0.404359
0.400503
0.633642
0.662
0.255881
0.662
0.0396281
0.106709
0.0202668
0.253517
0.660426
0.662
0.128991
0.225843
0.404673
0.266601
0.662
0.0878191
0.662
0.460645
0.662
0.662
0.662
0.131984
0.15926
0.662
0.0713089
0.316852
0.662
0.662
0.139265
0.311051
0.662
0.662
0.662
0.662
0.662
0.385718
0.568106
0.0875401
0.662
0.529991
0.189457
0.302689
0.247696
0.662
0.0789087
0.276359
0.125044
0.123175
0.278666
0.123567
0.243029
0.166606
0.0662891
0.0934995
0.223703
0.662
0.662
0.173242
0.662
0.214478
0.323133
0.172793
0.155237
0.255686
0.173027
0.662
0.0548455
0.662
0.538793
0.224657
0.241799
0.535167
0.597343
0.338055
0.243618
0.556514
0.662
0.120197
0.239627
0.0445709
0.20416
0.0326384
0.282118
0.231561
0.393964
0.0777927
0.196208
0.165193
0.235234
0.475838
0.0743128
0.0998171
0.662
0.0491439
0.0837008
0.217334
0.235792
0.30169
0.370201
0.662
0.134158
0.124503
0.441473
0.532083
0.483156
0.456103
0.175839
0.316663
0.113116
0.0767059
0.178083
0.657353
0.662
0.326184
0.216693
0.662
0.115517
0.0961086
0.0670444
0.539183
0.282839
0.588694
0.662
0.355536
0.208775
0.372432
0.662
0.106626
0.244742
0.154748
0.356608
0.10001
0.2879
0.662
0.442742
0.452607
0.459549
0.662
0.0930169
0.304737
0.0985645
0.354011
0.662
0.218755
0.0794398
0.662
0.281597
0.273547
0.465699
0.163778
0.236068
0.170685
0.302035
0.637824
0.362491
0.122433
0.662
0.252821
0.445253
0.456746
0.517026
0.136822
0.076699
0.662
0.662
0.527359
0.0979977
0.601314
0.375568
0.114684
0.107246
0.184587
0.662
0.33126
0.662
0.662
0.0304279
0.328045
0.134685
0.0388302
0.0731357
0.633694
0.662
0.0844154
0.346823
0.396987
0.226801
0.24189
0.14033
0.043942
0.37527
0.389505
0.23901
0.100411
0.239068
0.662
0.0956733
0.590923
0.237156
0.208406
0.447748
0.559398
0.662
0.662
0.259856
0.662
0.382286
0.231658
0.0642746
0.15157
0.253934
0.235075
0.662
0.315196
0.662
0.662
0.492136
0.662
0.350237
0.239189
0.319133
0.0852681
0.1864
0.662
0.401743
0.135793
0.253646
0.225317
0.126955
0.662
0.208175
0.662
0.0462178
0.460102
0.0385372
0.662
0.0794112
0.185236
0.457759
0.391621
0.00930094
0.195065
0.0550914
0.161055
0.167591
0.150799
0.404831
0.662
0.372985
0.148928
0.343097
0.0804547
0.481635
0.209827
0.501537
0.662
0.644993
0.297472
0.662
0.252156
0.354775
0.549241
0.0642274
0.405531
0.386093
0.521633
0.427011
0.42817
0.541731
0.443498
0.0531806
0.354373
0.415765
0.198168
0.169051
0.398297
0.662
0.0927591
0.608594
0.130315
0.662
0.111639
0.60618
0.11455
0.292671
0.101969
0.337761
0.662
0.0594897
0.100982
0.358786
0.29187
0.613849
0.127944
0.0181907
0.264387
0.662
0.303416
0.0494934
0.634548
0.495352
0.194374
0.662
0.216755
0.246745
0.141189
0.662
0.198507
0.354471
0.0713388
0.300744
0.0330714
0.00806631
0.249883
0.362219
0.266523
0.132793
0.662
0.403914
0.638188
0.098947
0.406372
0.364717
0.154187
0.259524
0.0253447
0.054538
0.184637
0.195064
0.126231
0.141627
0.662
0.245251
0.113872
0.0814123
0.377679
0.108827
0.662
0.498678
0.512759
0.21943
0.662
0.0633703
0.0368319
0.125925
0.134809
0.132833
0.176496
0.662
0.126412
0.351174
0.204321
0.430928
0.118165
0.131332
0.432441
0.413971
0.662
0.470924
0.442739
0.380056
0.515219
0.106287
0.0757352
0.662
0.234576
0.345218
0.356099
0.662
0.246244
0.560382
0.500776
0.145779
0.15026
0.502732
0.122408
0.662
0.662
0.29941
0.0590502
0.662
0.529286
0.662
0.662
0.532636
0.181795
0.0644602
0.209503
0.195803
0.0204699
0.306386
0.108317
0.0544477
0.531006
0.662
0.22465
0.222028
0.203216
0.324546
0.37822
0.662
0.662
0.174941
0.368832
0.0524483
0.40432
0.235263
0.274275
0.414203
0.581087
0.553461
0.160015
0.0605065
0.489378
0.536106
0.454513
0.276965
0.419072
0.299518
0.340754
0.107984
0.334765
0.119337
0.662
0.222321
0.359814
0.221644
0.359766
0.302219
0.101754
0.457166
0.129355
0.662
0.0508639
0.215859
0.133892
0.0746737
0.0942659
0.460848
0.364371
0.581587
0.0487966
0.180478
0.17914
0.142913
0.107287
0.444929
0.260207
0.254918
0.0585887
0.662
0.330488
0.124894
0.630764
0.0767325
0.219529
0.402671
0.662
0.662
0.662
0.360573
0.129705
0.328554
0.108852
0.0252466
0.319102
0.0687264
0.203406
0.327262
0.164439
0.224107
0.23539
0.472328
0.662
0.662
0.0910332
0.274513
0.388079
0.166941
0.134141
0.133798
0.147082
0.362961
0.166801
0.45346
0.0519406
0.222207
0.591309
0.468763
0.330449
0.139417
0.233394
0.662
0.321758
0.347279
0.662
0.662
0.662
0.662
0.662
0.662
0.463011
0.244037
0.1371
0.0952019
0.0930856
0.295071
0.291836
0.46958
0.662
0.662
0.203727
0.299418
0.662
0.132794
0.662
0.305373
0.352563
0.662
0.0575445
0.073702
0.662
0.662
0.526876
0.205386
0.326582
0.0942001
0.533284
0.156519
0.271608
0.0942099
0.176048
0.284848
0.250163
0.11186
0.58327
0.0562999
0.205676
0.0991613
0.484829
0.423738
0.152436
0.370972
0.0643531
0.100068
0.318299
0.190703
0.0769789
0.662
0.238319
0.249139
0.138416
0.662
0.18732
0.307087
0.349485
0.488442
0.662
0.146164
0.39106
0.0754756
0.662
0.106613
0.145375
0.662
0.492418
0.452533
0.312453
0.215388
0.195562
0.662
0.662
0.662
0.0867465
0.562045
0.333871
0.167302
0.332299
0.26217
0.47369
0.184717
0.439815
0.217984
0.132365
0.0384741
0.225219
0.386206
0.662
0.0741515
0.450726
0.35445
0.210767
0.171526
0.102808
0.662
0.662
0.260154
0.514313
0.158069
0.536146
0.20527
0.338335
0.662
0.355613
0.310226
0.102321
0.565227
0.257183
0.662
0.531302
0.125729
0.221589
0.107168
0.0786229
0.523368
0.233958
0.64637
0.101025
0.0381737
0.505822
0.272817
0.65286
0.156305
0.0359627
0.316116
0.261423
0.207433
0.0784014
0.662
0.24494
0.0619377
0.39939
0.549565
0.563848
0.662
0.216621
0.210369
0.137891
0.528819
0.192276
0.132405
0.260918
0.437485
0.116635
0.662
0.057565
0.223089
0.0924373
0.145623
0.589451
0.468218
0.346977
0.482257
0.107863
0.189897
0.63339
0.246042
0.57393
0.112733
0.650757
0.0250369
0.157957
0.53647
0.114045
0.314412
0.21207
0.345109
0.0301769
0.0874049
0.662
0.261433
0.561278
0.0296777
0.0549358
0.373941
0.15549
0.402771
0.082369
0.067273
0.217879
0.13903
0.216675
0.153393
0.343147
0.662
0.196005
0.328094
0.092773
0.368842
0.152237
0.204313
0.662
0.0761969
0.662
0.311127
0.29761
0.574681
0.440934
0.218098
0.0573984
0.525529
0.420558
0.662
0.419858
0.186192
0.330252
0.662
0.317818
0.662
0.662
0.170897
0.33406
0.063461
0.239268
0.386815
0.229986
0.168252
0.17037
0.662
0.662
0.108876
0.662
0.411604
0.662
0.0458231
0.326676
0.614149
0.380321
0.352152
0.662
0.16893
0.297269
0.125126
0.431711
0.319491
0.46229
0.662
0.357594
0.0683697
0.431374
0.208712
0.0947453
0.662
0.662
0.185666
0.167342
0.0686273
0.360198
0.60016
0.662
0.662
0.186426
0.0534877
0.33645
0.0955977
0.0187226
0.66075
0.662
0.303977
0.662
0.141499
0.662
0.175358
0.487133
0.419252
0.163962
0.281157
0.662
0.35571
0.658431
0.528042
0.662
0.189255
0.582081
0.662
0.113482
0.207888
0.269949
0.662
0.553697
0.157659
0.131114
0.461763
0.19535
0.25601
0.408617
0.189017
0.221953
0.29166
0.236274
0.207895
0.662
0.177722
0.131028
0.337337
0.662
0.26163
0.414987
0.406885
0.175524
0.662
0.305172
0.0403814
0.173132
0.0985407
0.33308
0.48454
0.488197
0.177901
0.0178151
0.271317
0.235206
0.662
0.662
0.439694
0.662
0.390132
0.3228
0.662
0.189982
0.217356
0.418917
0.662
0.498178
0.5782
0.498607
0.0269222
0.0606578
0.212566
0.130708
0.147207
0.117799
0.598623
0.182721
0.415127
0.0784566
0.130403
0.662
0.278224
0.524101
0.0704191
0.068406
0.662
0.570052
0.654502
0.561741
0.590841
0.662
0.605621
0.0758256
0.188508
0.662
0.155808
0.209249
0.174801
0.378686
0.0233896
0.143271
0.0829098
0.202425
0.544938
0.346669
0.225488
0.287919
0.140972
0.165072
0.662
0.257511
0.662
0.446652
0.0394657
0.0838591
0.414503
0.416941
0.662
0.255828
0.662
0.662
0.450611
0.195155
0.107726
0.233174
0.662
0.517428
0.281171
0.662
0.0956303
0.202716
0.35118
0.264265
0.58102
0.60695
0.662
0.249701
0.386569
0.0792656
0.00221478
0.436785
0.662
0.045637
0.236253
0.662
0.406979
0.119223
0.402012
0.174172
0.662
0.117515
0.114693
0.174947
0.0914828
0.662
0.1855
0.127502
0.470409
0.0822754
0.109327
0.662
0.662
0.662
0.095248
0.296934
0.662
0.0311388
0.0564379
0.662
0.647321
0.0623049
0.0578646
0.120092
0.516787
0.0671816
0.242361
0.124605
0.224243
0.125487
0.266608
0.662
0.453201
0.0443231
0.127527
0.217409
0.504609
0.662
0.128472
0.1473
0.04059
0.465876
0.172195
0.379019
0.612177
0.0656696
0.00168512
0.0577414
0.356108
0.662
0.282064
0.169377
0.662
0.177054
0.662
0.386613
0.461237
0.222259
0.406809
0.242249
0.0948401
0.427277
0.110773
0.0929154
0.391068
0.226375
0.662
0.662
0.594542
0.233113
0.188312
0.512782
0.335317
0.042
0.019334
0.216588
0.059406
0.0974067
0.1121
0.0478885
0.248664
0.252317
0.140035
0.311395
0.246604
0.662
0.183809
0.662
0.045406
0.10466
0.662
0.189248
0.442066
0.662
0.265425
0.0657112
0.0960906
0.176813
0.34254
0.189307
0.662
0.292888
0.135993
0.0159022
0.336658
0.662
0.662
0.314991
0.41652
0.662
0.256107
0.0511829
0.462613
0.0809037
0.125706
0.00303507
0.586052
0.200633
0.0468276
0.323932
0.662
0.417708
0.564943
0.209091
0.00291534
0.410389
0.318986
0.411792
0.354435
0.662
0.232982
0.132776
0.122776
0.200231
0.13344
0.362858
0.329072
0.662
0.610012
0.662
0.157398
0.059881
0.662
0.662
0.330894
0.163994
0.0739049
0.0213272
0.030058
0.218558
0.449224
0.443617
0.14678
0.662
0.297968
0.662
0.208523
0.00634316
0.507416
0.572942
0.364378
0.231305
0.0738406
0.411452
0.310405
0.0685039
0.662
0.17148
0.0685843
0.662
0.662
0.513512
0.229721
0.265801
0.385304
0.31906
0.424132
0.393931
0.662
0.205536
0.152604
0.409415
0.662
0.244063
0.19806
0.662
0.0659722
0.662
0.662
0.096185
0.379194
0.662
0.0845251
0.662
0.226127
0.267699
0.122273
0.662
0.469385
0.501067
0.662
0.662
0.129692
0.145785
0.134949
0.0612054
0.25441
0.0503994
0.0857321
0.00203912
0.167254
0.662
0.662
0.317291
0.17645
0.639512
0.253751
0.330401
0.0989927
0.379437
0.241223
0.112647
0.64628
0.0257931
0.0710567
0.567921
0.300134
0.662
0.234173
0.0539055
0.0597143
0.530613
0.179981
0.160784
0.567639
0.123165
0.662
0.244587
0.662
0.313954
0.288733
0.274344
0.520546
0.135826
0.0610668
0.662
0.182476
0.662
0.662
0.0499648
0.189544
0.662
0.197182
0.422127
0.0878754
0.0655852
0.357839
0.104505
0.528719
0.0204163
0.343463
0.662
0.514826
0.329154
0.340011
0.382127
0.108489
0.182329
0.0470811
0.153674
0.123353
0.361876
0.171193
0.352237
0.104132
0.138121
0.0567461
0.662
0.138172
0.277661
0.246768
0.301331
0.40819
0.408113
0.205583
0.662
0.660756
0.212264
0.155213
0.0851847
0.577282
0.308669
0.662
0.0346161
0.456199
0.662
0.662
0.662
0.0750568
0.290562
0.018687
0.192577
0.222649
0.662
0.39384
0.0928112
0.0458739
0.516708
0.14163
0.366603
0.443216
0.114559
0.162357
0.14151
0.662
0.662
0.176746
0.352658
0.11106
0.432164
0.587283
0.219213
0.276708
0.662
0.589438
0.0748011
0.0573489
0.0157432
0.46516
0.563914
0.171967
0.404546
0.662
0.587837
0.662
0.662
0.662
0.413362
0.123443
0.378274
0.320858
0.104489
0.662
0.226507
0.0424031
0.662
0.0587875
0.0659246
0.088113
0.0629436
0.457346
0.424282
0.662
0.0163383
0.4698
0.662
0.412
0.662
0.0971337
0.196069
0.0630272
0.180002
0.0588178
0.613079
0.219488
0.0502729
0.662
0.625035
0.261262
0.0922401
0.186289
0.662
0.154485
0.400118
0.0898294
0.3021
0.263393
0.458422
0.337725
0.662
0.183737
0.639395
0.010984
0.0923914
0.282589
0.522615
0.662
0.662
0.196708
0.153535
0.662
0.309502
0.511165
0.662
0.662
0.0883674
0.222614
0.277941
0.112436
0.104508
0.169089
0.448874
0.662
0.193354
0.11557
0.372614
0.214882
0.0922333
0.14839
0.382804
0.0708708
0.0662891
0.135276
0.197841
0.161105
0.196438
0.492963
0.662
0.662
0.662
0.58545
0.011024
0.662
0.18829
0.270842
0.587747
0.662
0.0125698
0.662
0.662
0.662
0.262977
0.109894
0.211191
0.101671
0.662
0.107138
0.39455
0.662
0.054976
0.29168
0.235212
0.107765
0.00861757
0.196286
0.188772
0.399569
0.248923
0.624873
0.643064
0.662
0.0272313
0.16532
0.0607792
0.206699
0.662
0.122198
0.449061
0.0047992
0.0725635
0.301038
0.218949
0.202591
0.204833
0.662
0.14535
0.662
0.51551
0.440581
0.0779253
0.662
0.276852
0.242552
0.655711
0.311122
0.236963
0.34504
0.302221
0.10087
0.463817
0.087061
0.489458
0.21876
0.40973
0.109506
0.164042
0.415908
0.20501
0.394468
0.366535
0.239168
0.161203
0.487393
0.106224
0.251167
0.657881
0.227918
0.106072
0.0588822
0.112206
0.0803361
0.662
0.0578826
0.360337
0.362221
0.149154
0.353429
0.220291
0.457643
0.296583
0.442712
0.271984
0.379503
0.662
0.225384
0.662
0.200434
0.0630447
0.35844
0.117687
0.0946851
0.141459
0.662
0.662
0.376289
0.340846
0.618546
0.181254
0.662
0.154989
0.139517
0.662
0.182674
0.565012
0.662
0.662
0.504455
0.324542
0.13427
0.427062
0.473706
0.42524
0.0354723
0.662
0.662
0.3084
0.295936
0.0629262
0.245789
0.42124
0.607765
0.662
0.249683
0.0744612
0.1199
0.154886
0.36114
0.47163
0.0808622
0.647421
0.172164
0.126389
0.0775366
0.662
0.662
0.662
0.0947989
0.445468
0.521453
0.16948
0.662
0.0821134
0.662
0.662
0.662
0.298323
0.048736
0.0745245
0.0551674
0.0573311
0.662
0.434686
0.193865
0.116735
0.662
0.662
0.398947
0.252756
0.662
0.253091
0.115665
0.662
0.30393
0.0862898
0.662
0.0369728
0.00111368
0.347539
0.0710247
0.662
0.662
0.157516
0.229728
0.584216
0.219046
0.662
0.347784
0.131318
0.248494
0.234395
0.417692
0.250534
0.307742
0.273112
0.103649
0.187225
0.662
0.257806
0.0807949
0.662
0.513511
0.356639
0.145366
0.0804301
0.614293
0.100701
0.662
0.662
0.194288
0.662
0.0420448
0.659456
0.121082
0.108222
0.207483
0.662
0.23765
0.217871
0.242006
0.050201
0.662
0.548778
0.249088
0.10558
0.105531
0.274965
0.380906
0.39283
0.464206
0.446747
0.233198
0.662
0.0716374
0.400308
0.456241
0.117039
0.050495
0.600325
0.200364
0.157619
0.163932
0.107885
0.271091
0.151852
0.192553
0.662
0.0681215
0.662
0.175299
0.662
0.217504
0.133974
0.132137
0.540948
0.0977903
0.585109
0.100897
0.227822
0.662
0.465619
0.0592716
0.105453
0.176364
0.662
0.662
0.30569
0.070999
0.496667
0.445225
0.121939
0.427608
0.0807367
0.0722862
0.154617
0.249366
0.413726
0.662
0.0629507
0.651217
0.186266
0.334232
0.170129
0.662
0.662
0.245507
0.0777606
0.136013
0.36067
0.271704
0.629031
0.433894
0.662
0.635954
0.116173
0.558055
0.291571
0.100794
0.340168
0.637472
0.246026
0.0770739
0.174224
0.307809
0.662
0.203072
0.199628
0.662
0.126084
0.0455772
0.26504
0.0476944
0.386836
0.662
0.0921917
0.324025
0.335506
0.0600778
0.662
0.0525979
0.662
0.119104
0.118278
0.215131
0.662
0.08722
0.244567
0.286428
0.200261
0.12868
0.662
0.64521
0.134524
0.219852
0.662
0.250613
0.223298
0.588027
0.0367883
0.662
0.0209014
0.00523836
0.336832
0.662
0.389293
0.662
0.127187
0.139696
0.520701
0.285198
0.662
0.0875558
0.662
0.371203
0.312773
0.209984
0.466679
0.302267
0.112822
0.662
0.20584
0.145785
0.0809325
0.562998
0.055363
0.176756
0.210478
0.662
0.662
0.239357
0.307817
0.396843
0.662
0.238609
0.514668
0.113417
0.662
0.336417
0.482397
0.386611
0.371043
0.662
0.0304841
0.11066
0.0178376
0.206785
0.662
0.662
0.160275
0.662
0.479349
0.662
0.397882
0.248994
0.103376
0.645613
0.170478
0.275502
0.137321
0.137812
0.0769267
0.195582
0.112287
0.662
0.500088
0.185697
0.0898771
0.0550124
0.231894
0.199855
0.371134
0.188768
0.291677
0.338708
0.387885
0.48145
0.142664
0.320742
0.212943
0.662
0.662
0.662
0.662
0.662
0.018472
0.00924575
0.123957
0.396095
0.217592
0.0739961
0.122323
0.142903
0.0416147
0.594171
0.63339
0.147627
0.662
0.308834
0.0676394
0.386572
0.115041
0.662
0.51176
0.271765
0.161123
0.147148
0.123057
0.218102
0.662
0.264421
0.274978
0.387267
0.390636
0.114258
0.662
0.388212
0.162595
0.662
0.229881
0.662
0.184866
0.441055
0.357069
0.189828
0.443654
0.662
0.118105
0.202987
0.217273
0.124279
0.179253
0.397429
0.197614
0.530131
0.392138
0.198251
0.0885267
0.229267
0.193251
0.662
0.24762
0.466634
0.466102
0.298865
0.0957733
0.24123
0.24388
0.421506
0.234106
0.348939
0.662
0.443061
0.552391
0.662
0.0831544
0.662
0.275331
0.14459
0.174681
0.0238569
0.447503
0.435889
0.662
0.0906556
0.596867
0.0218055
0.662
0.596615
0.662
0.126601
0.0758691
0.210111
0.0210334
0.166861
0.348551
0.0775709
0.248376
0.431945
0.102812
0.27859
0.113087
0.216383
0.662
0.247187
0.551588
0.297233
0.283091
0.306178
0.345977
0.0606539
0.660043
0.342026
0.662
0.166109
0.662
0.114327
0.147185
0.409871
0.0416279
0.400592
0.0156561
0.362247
0.448822
0.27084
0.217227
0.225116
0.442029
0.662
0.660775
0.238058
0.450996
0.134903
0.609525
0.305341
0.239466
0.291384
0.142198
0.128282
0.613126
0.662
0.0569575
0.662
0.118109
0.492474
0.165146
0.662
0.662
0.242288
0.541552
0.191403
0.0330055
0.662
0.211004
0.278771
0.429617
0.0450205
0.107135
0.0532999
0.183032
0.662
0.0714896
0.662
0.0298993
0.437933
0.361849
0.662
0.271207
0.391271
0.251171
0.325888
0.259008
0.0112582
0.255348
0.137044
0.625995
0.662
0.540234
0.18637
0.484686
0.351677
0.310346
0.635756
0.0707775
0.148038
0.556577
0.662
0.332195
0.662
0.390776
0.286768
0.557039
0.532068
0.662
0.428444
0.109939
0.121179
0.662
0.43682
0.662
0.127212
0.329022
0.314926
0.371767
0.662
0.425493
0.501013
0.448435
0.095068
0.446135
0.130435
0.229085
0.00690944
0.12516
0.358423
0.662
0.230258
0.414291
0.216365
0.011299
0.18813
0.170336
0.472378
0.662
0.662
0.662
0.304359
0.260862
0.284057
0.198822
0.0978622
0.0396733
0.662
0.469184
0.0799301
0.15537
0.662
0.358068
0.270995
0.301754
0.133907
0.662
0.662
0.222767
0.662
0.662
0.524906
0.406742
0.49687
0.662
0.0939449
0.35011
0.662
0.662
0.231735
0.204832
0.32344
0.312555
0.662
0.626101
0.364725
0.36852
0.283844
0.387752
0.470465
0.1863
0.0428184
0.176002
0.413402
0.362845
0.360134
0.403718
0.232866
0.155898
0.0748011
0.516471
0.343795
0.376032
0.662
0.178134
0.662
0.210344
0.603617
0.216859
0.197705
0.661966
0.0099766
0.662
0.0214819
0.163049
0.640858
0.104711
0.0236572
0.349964
0.131774
0.0874614
0.238827
0.00526778
0.161824
0.412646
0.257911
0.350249
0.22574
0.41971
0.662
0.100884
0.0966149
0.26932
0.360357
0.0695509
0.0878496
0.662
0.414654
0.319452
0.0957357
0.433337
0.662
0.662
0.345812
0.118868
0.328805
0.0690043
0.192982
0.662
0.0632936
0.0316342
0.662
0.426758
0.228637
0.434061
0.403646
0.454985
0.556769
0.233092
0.48887
0.121755
0.228872
0.156792
0.337068
0.662
0.13592
0.329566
0.662
0.159779
0.0638934
0.180941
0.178657
0.223528
0.12916
0.258285
0.662
0.271099
0.140431
0.662
0.251465
0.538384
0.190032
0.342589
0.20882
0.184334
0.0645456
0.662
0.662
0.662
0.409495
0.662
0.128019
0.230549
0.202027
0.202891
0.0775128
0.662
0.104035
0.0942176
0.00631154
0.321703
0.191154
0.351555
0.16144
0.662
0.176861
0.204394
0.215138
0.219817
0.662
0.185201
0.48942
0.116176
0.662
0.335191
0.662
0.465218
0.314877
0.662
0.363246
0.122799
0.378514
0.121604
0.297911
0.137968
0.452367
0.312245
0.249834
0.574906
0.662
0.218489
0.241407
0.183721
0.542806
0.503713
0.329847
0.208164
0.662
0.492745
0.1058
0.662
0.5499
0.236559
0.20978
0.0568328
0.344613
0.662
0.117575
0.0871699
0.390819
0.00569877
0.234151
0.5107
0.384497
0.00196233
0.0808449
0.662
0.580509
0.263679
0.0646856
0.662
0.17411
0.600653
0.531735
0.501998
0.365211
0.385631
0.469721
0.0932641
0.242949
0.26629
0.194315
0.662
0.662
0.47702
0.662
0.223281
0.0246251
0.0932348
0.437141
0.230223
0.662
0.161832
0.662
0.201319
0.463858
0.0913689
0.478937
0.183604
0.0269219
0.662
0.214991
0.0978909
0.235491
0.238352
0.0857594
0.333078
0.435505
0.170375
0.0817643
0.088022
0.662
0.0256231
0.662
0.662
0.278164
0.409331
0.547404
0.0584506
0.662
0.662
0.662
0.443142
0.257622
0.118314
0.244296
0.421987
0.464082
0.194222
0.662
0.0642911
0.662
0.443831
0.175771
0.662
0.296125
0.201346
0.526343
0.228497
0.314542
0.0735807
0.595525
0.301853
0.48779
0.160258
0.191074
0.36465
0.131379
0.662
0.0659073
0.157392
0.378437
0.474069
0.077212
0.613158
0.47637
0.0831054
0.0569509
0.388561
0.553431
0.218433
0.471735
0.119241
0.662
0.021954
0.662
0.150134
0.662
0.00181544
0.208775
0.127902
0.0395209
0.662
0.331626
0.239597
0.662
0.662
0.662
0.454218
0.0451673
0.0975606
0.0509141
0.0908839
0.444726
0.0828392
0.654153
0.307564
0.412662
0.662
0.662
0.433374
0.0706235
0.278333
0.287117
0.184737
0.448749
0.301246
0.429116
0.0432623
0.303914
0.436512
0.0750642
0.0132803
0.120061
0.114418
0.324593
0.662
0.662
0.333967
0.015131
0.180359
0.0849609
0.313057
0.195678
0.125888
0.154845
0.455671
0.216332
0.0782217
0.0854704
0.529455
0.662
0.169921
0.156607
0.111988
0.137976
0.19426
0.646514
0.388792
0.0551259
0.662
0.608294
0.121924
0.128622
0.613062
0.217211
0.188061
0.366228
0.0514999
0.204358
0.443292
0.0676428
0.128575
0.270905
0.301045
0.107
0.195467
0.0171535
0.402815
0.104762
0.205231
0.397858
0.550689
0.387975
0.528788
0.662
0.662
0.11564
0.144837
0.252453
0.662
0.101584
0.0193625
0.216629
0.129165
0.147556
0.103121
0.662
0.0590472
0.284303
0.222125
0.358353
0.0356987
0.0344041
0.59899
0.080433
0.351686
0.662
0.258686
0.142175
0.143525
0.565787
0.324842
0.109376
0.189842
0.488638
0.27945
0.239184
0.343329
0.432173
0.332253
0.474765
0.662
0.662
0.662
0.330158
0.385505
0.179002
0.320944
0.170721
0.340247
0.00446063
0.367601
0.131325
0.0891346
0.0908631
0.394201
0.140921
0.364985
0.0306693
0.662
0.120798
0.069785
0.290952
0.164221
0.25102
0.210502
0.235505
0.339449
0.213694
0.0671177
0.246199
0.225571
0.153323
0.579502
0.470295
0.450604
0.108911
0.195709
0.113842
0.194306
0.662
0.159008
0.662
0.303608
0.287261
0.362431
0.662
0.532317
0.0316313
0.595506
0.376572
0.511584
0.0469631
0.269023
0.201879
0.662
0.10687
0.0556865
0.118867
0.662
0.662
0.170002
0.225408
0.024006
0.409284
0.406383
0.520303
0.0810998
0.591148
0.242183
0.457494
0.0372817
0.662
0.241502
0.662
0.662
0.208893
0.568795
0.199215
0.662
0.0360162
0.160742
0.662
0.424061
0.662
0.469133
0.284327
0.133998
0.424274
0.594494
0.237482
0.539429
0.125751
0.00091092
0.146548
0.0219997
0.0769282
0.662
0.179525
0.0760945
0.567697
0.0741943
0.466102
0.662
0.249697
0.287735
0.140656
0.189365
0.316621
0.662
0.484922
0.244142
0.253991
0.123573
0.146038
0.239436
0.0948143
0.238244
0.163325
0.435901
0.662
0.305499
0.0491535
0.168813
0.662
0.307494
0.307741
0.0530248
0.662
0.662
0.21966
0.212818
0.109553
0.172005
0.236138
0.0576453
0.0335702
0.185827
0.05421
0.184645
0.287444
0.0194432
0.349032
0.178411
0.488675
0.350717
0.234431
0.466986
0.400266
0.42655
0.468392
0.0913634
0.662
0.216888
0.122896
0.662
0.662
0.662
0.209689
0.35816
0.427434
0.662
0.401604
0.461269
0.312972
0.00294099
0.435942
0.541288
0.662
0.662
0.568414
0.662
0.662
0.113673
0.224268
0.662
0.662
0.0860264
0.473318
0.662
0.440311
0.354583
0.662
0.285309
0.185245
0.641013
0.471091
0.364935
0.401178
0.662
0.0908409
0.639443
0.0725401
0.575492
0.662
0.435528
0.131102
0.122696
0.483487
0.0575139
0.151052
0.120087
0.552618
0.275562
0.662
0.662
0.433133
0.393358
0.662
0.662
0.218242
0.410974
0.0806922
0.662
0.162861
0.247376
0.214318
0.662
0.42182
0.426438
0.471505
0.244795
0.662
0.403379
0.662
0.131685
0.451509
0.341243
0.171437
0.573427
0.108617
0.662
0.160198
0.662
0.131385
0.662
0.443692
0.103213
0.543052
0.662
0.662
0.304656
0.364757
0.327252
0.662
0.198127
0.336924
0.0534162
0.0871065
0.335207
0.358428
0.268538
0.170327
0.366619
0.266433
0.294819
0.662
0.208951
0.166738
0.662
0.118453
0.662
0.547937
0.592557
0.251132
0.0671836
0.381387
0.0733214
0.086874
0.483482
0.00432353
0.415536
0.662
0.257832
0.662
0.662
0.662
0.248176
0.64222
0.662
0.205789
0.250399
0.662
0.370397
0.29181
0.662
0.148959
0.269169
0.244673
0.0967404
0.371531
0.337896
0.0707272
0.0555727
0.286945
0.243145
0.210485
0.117535
0.325273
0.143391
0.276762
0.662
0.367533
0.394789
0.662
0.662
0.529135
0.662
0.662
0.130278
0.238674
0.0868924
0.356788
0.190929
0.217917
0.372383
0.0784689
0.662
0.254117
0.662
0.162196
0.363201
0.30523
0.466017
0.178985
0.238999
0.662
0.25565
0.662
0.192904
0.0922015
0.561062
0.662
0.474525
0.4819
0.266935
0.662
0.333137
0.1941
0.128837
0.423879
0.33814
0.324462
0.661226
0.289951
0.176739
0.0261107
0.0318509
0.155752
0.380121
0.0304293
0.393184
0.0715579
0.23569
0.261562
0.359668
0.329943
0.662
0.197432
0.662
0.662
0.38087
0.662
0.628861
0.400711
0.258111
0.607478
0.289911
0.24082
0.662
0.662
0.339307
0.297283
0.386787
0.662
0.11501
0.565599
0.417861
0.289618
0.477515
0.282407
0.234504
0.528068
0.389357
0.662
0.662
0.126233
0.0297784
0.514641
0.0274741
0.662
0.284901
0.662
0.662
0.371428
0.0639577
0.147785
0.534232
0.294691
0.329444
0.215041
0.278581
0.121887
0.662
0.647161
0.594273
0.527562
0.662
0.512644
0.287176
0.233561
0.0434475
0.306756
0.136481
0.212736
0.0213355
0.125339
0.147957
0.662
0.662
0.165259
0.369459
0.0916087
0.0839344
0.191568
0.662
0.56338
0.53567
0.658478
0.320343
0.2479
0.588096
0.662
0.0841424
0.662
0.257694
0.656719
0.0719782
0.245061
0.059499
0.662
0.275952
0.245776
0.235514
0.481854
0.117944
0.166721
0.662
0.425313
0.286711
0.0632424
0.475611
0.0147099
0.274815
0.247886
0.0448557
0.662
0.252865
0.0534555
0.243323
0.232731
0.662
0.662
0.075434
0.147719
0.181464
0.134694
0.0591224
0.58682
0.217943
0.159296
0.662
0.662
0.300555
0.0859389
0.142561
0.662
0.310552
0.255247
0.147247
0.643543
0.283761
0.0761804
0.0289599
0.662
0.258947
0.209982
0.405845
0.655739
0.2704
0.0874163
0.336276
0.0411336
0.410122
0.198421
0.0072389
0.662
0.534957
0.662
0.662
0.143078
0.550946
0.245835
0.662
0.375495
0.567577
0.107548
0.0107154
0.348604
0.662
0.564575
0.00272575
0.161892
0.414686
0.368965
0.662
0.212654
0.662
0.0906296
0.662
0.231395
0.045083
0.244825
0.0845304
0.478711
0.662
0.292591
0.14101
0.0496584
0.0403556
0.662
0.662
0.0615353
0.662
0.273745
0.338986
0.269449
0.258441
0.33206
0.662
0.662
0.281418
0.62182
0.343474
0.360967
0.408946
0.1395
0.498628
0.366155
0.471631
0.426043
0.134113
0.0949509
0.151545
0.332294
0.662
0.501727
0.0641739
0.662
0.125013
0.0775317
0.283462
0.0699482
0.13922
0.0241949
0.576964
0.662
0.268769
0.261708
0.248458
0.0581197
0.172957
0.501375
0.662
0.0306219
0.0191663
0.639866
0.133003
0.644821
0.298956
0.00895658
0.662
0.439564
0.118019
0.229308
0.0261877
0.294888
0.194839
0.0588961
0.183694
0.194914
0.286204
0.662
0.269511
0.193245
0.282461
0.662
0.131634
0.634357
0.662
0.395236
0.264086
0.576322
0.662
0.44034
0.662
0.37241
0.662
0.383847
0.115591
0.161254
0.50074
0.142155
0.221737
0.060516
0.148099
0.662
0.568487
0.165844
0.662
