0.454296
0.662
0.138841
0.0636591
0.613454
0.410405
0.568022
0.662
0.436301
0.0684686
0.282111
0.299691
0.307976
0.661966
0.0878673
0.414123
0.326031
0.662
0.284582
0.155804
0.150982
0.662
0.329011
0.301206
0.177357
0.263866
0.399611
0.659763
0.168813
0.165263
0.12671
0.256262
0.215131
0.243146
0.662
0.139004
0.662
0.123989
0.119268
0.662
0.424675
0.443937
0.161495
0.236389
0.117165
0.417507
0.474069
0.662
0.215859
0.661226
0.0833269
0.096152
0.662
0.662
0.293834
0.193611
0.240075
0.296392
0.201819
0.242208
0.230679
0.355838
0.389653
0.264229
0.662
0.393937
0.405309
0.551384
0.270519
0.662
0.162014
0.218558
0.479608
0.104715
0.662
0.00127036
0.662
0.189964
0.34475
0.662
0.111793
0.225971
0.419967
0.228237
0.662
0.143437
0.301364
0.662
0.173028
0.155468
0.182701
0.394159
0.253817
0.219905
0.287776
0.113865
0.136068
0.105318
0.319993
0.199084
0.438448
0.18732
0.307087
0.207258
0.0933414
0.279216
0.662
0.0601485
0.233341
0.566911
0.125921
0.662
0.492017
0.0213146
0.0584506
0.0847921
0.0671097
0.159779
0.131909
0.152468
0.0382152
0.24704
0.221109
0.107284
0.109784
0.171811
0.0750818
0.109108
0.662
0.0648989
0.141623
0.662
0.122387
0.205741
0.185306
0.352343
0.470785
0.379338
0.136035
0.150433
0.135133
0.16532
0.0564624
0.407248
0.179933
0.662
0.662
0.0798191
0.662
0.650757
0.250071
0.399834
0.190062
0.662
0.268033
0.662
0.153567
0.541654
0.11472
0.016122
0.662
0.285705
0.464691
0.277654
0.215637
0.662
0.108366
0.301839
0.384647
0.231356
0.161824
0.412646
0.066223
0.083781
0.123552
0.307777
0.191568
0.12343
0.343668
0.662
0.448874
0.245167
0.392302
0.662
0.662
0.467269
0.0952424
0.0650461
0.265425
0.325185
0.43084
0.269987
0.279807
0.572529
0.0602365
0.166969
0.134332
0.481578
0.662
0.447964
0.202856
0.317126
0.311127
0.120691
0.225039
0.631742
0.253413
0.264387
0.111333
0.662
0.0792069
0.0133065
0.283039
0.0448109
0.224325
0.0425531
0.662
0.0684079
0.662
0.0715168
0.662
0.435293
0.304562
0.13918
0.662
0.662
0.496793
0.408734
0.144253
0.176812
0.491817
0.552849
0.662
0.429906
0.662
0.2117
0.29287
0.39283
0.464206
0.377044
0.201357
0.155453
0.076699
0.300739
0.141049
0.346825
0.19419
0.662
0.662
0.285243
0.275962
0.00215588
0.110926
0.203704
0.0784724
0.224773
0.662
0.662
0.210185
0.0611194
0.60137
0.182852
0.541731
0.190061
0.0886123
0.173731
0.0870427
0.133274
0.23569
0.293585
0.193336
0.154918
0.214306
0.662
0.414799
0.662
0.00139704
0.36906
0.113867
0.0455026
0.599746
0.662
0.662
0.662
0.0696079
0.369576
0.214767
0.307259
0.180011
0.63013
0.0898898
0.662
0.259618
0.245835
0.241624
0.241161
0.203193
0.610052
0.275753
0.174662
0.115958
0.425012
0.33998
0.340803
0.215734
0.662
0.662
0.375289
0.114003
0.662
0.280881
0.049424
0.396591
0.407528
0.0821921
0.487693
0.662
0.163406
0.115759
0.321241
0.662
0.363676
0.512759
0.127886
0.0785878
0.0835023
0.0146958
0.449959
0.166354
0.0385861
0.183091
0.0388372
0.25913
0.662
0.0904577
0.258709
0.194549
0.111018
0.180447
0.662
0.106833
0.160266
0.363766
0.662
0.163044
0.173822
0.387883
0.158002
0.112038
0.662
0.532317
0.0316313
0.278606
0.158166
0.662
0.0892494
0.19548
0.303625
0.360785
0.248303
0.253983
0.396629
0.662
0.147648
0.00291534
0.366813
0.0255615
0.448007
0.209528
0.16664
0.110781
0.662
0.260959
0.106493
0.196222
0.140871
0.617559
0.359952
0.662
0.119019
0.129139
0.33187
0.262017
0.215296
0.206498
0.488661
0.168967
0.390731
0.109791
0.662
0.0953162
0.44254
0.233141
0.124102
0.570644
0.431747
0.357946
0.0781438
0.0988558
0.378514
0.215282
0.662
0.233606
0.11225
0.262417
0.371871
0.129986
0.662
0.487367
0.662
0.254167
0.662
0.567921
0.07101
0.209839
0.662
0.662
0.662
0.662
0.259254
0.387086
0.551213
0.151341
0.662
0.203003
0.129017
0.492247
0.402076
0.246042
0.0325807
0.151044
0.218899
0.382721
0.662
0.138787
0.0509529
0.279577
0.229093
0.662
0.0529583
0.212736
0.283001
0.509194
0.662
0.082369
0.0765229
0.225705
0.548115
0.662
0.377681
0.415226
0.153393
0.272301
0.662
0.662
0.654213
0.382863
0.551141
0.218169
0.162086
0.275591
0.280085
0.662
0.0265164
0.118688
0.406532
0.524383
0.222887
0.662
0.216418
0.662
0.0306646
0.407554
0.662
0.0857121
0.0752787
0.42745
0.107
0.662
0.0817133
0.662
0.662
0.206894
0.18505
0.0829584
0.310086
0.200417
0.462562
0.16838
0.662
0.292583
0.0512622
0.304142
0.625369
0.105991
0.0568328
0.189679
0.111416
0.210382
0.237687
0.292335
0.662
0.4366
0.0969423
0.197499
0.40432
0.662
0.662
0.662
0.127168
0.0632862
0.165097
0.282159
0.283084
0.176875
0.643543
0.0680482
0.09964
0.136977
0.320388
0.118673
0.146776
0.277925
0.0722435
0.255327
0.460137
0.116165
0.438926
0.662
0.132833
0.662
0.0548298
0.229174
0.253383
0.662
0.662
0.0524234
0.230549
0.290779
0.45798
0.662
0.662
0.273039
0.167293
0.237103
0.159649
0.662
0.376373
0.191518
0.109376
0.189842
0.662
0.662
0.662
0.0117617
0.339548
0.262992
0.172221
0.133394
0.0319785
0.197432
0.210282
0.208221
0.206531
0.662
0.147702
0.150134
0.662
0.288473
0.161615
0.169064
0.662
0.498958
0.244661
0.055539
0.107534
0.109533
0.562998
0.00291902
0.301977
0.241407
0.0672576
0.184879
0.0869714
0.662
0.662
0.0927321
0.662
0.23552
0.122532
0.27214
0.662
0.365343
0.213722
0.392424
0.111131
0.0432623
0.293797
0.321192
0.071707
0.662
0.183924
0.662
0.0757555
0.121696
0.247262
0.662
0.585178
0.169953
0.320099
0.41631
0.203017
0.0760464
0.662
0.113377
0.325764
0.359632
0.218877
0.171132
0.662
0.289751
0.454136
0.262611
0.130563
0.0555466
0.263931
0.662
0.272487
0.418917
0.662
0.182234
0.0722986
0.17847
0.190489
0.184352
0.57103
0.662
0.549517
0.494495
0.380592
0.030951
0.660915
0.620578
0.225345
0.0102403
0.451413
0.349879
0.170154
0.143216
0.0440954
0.332184
0.662
0.662
0.662
0.0350848
0.662
0.131191
0.160846
0.1786
0.20841
0.586063
0.190908
0.56624
0.659456
0.239111
0.662
0.509677
0.131139
0.20553
0.662
0.123941
0.28815
0.388641
0.373334
0.0125309
0.662
0.560172
0.103312
0.240128
0.0887514
0.371756
0.432152
0.0707901
0.353518
0.431035
0.202284
0.0670286
0.152268
0.108169
0.115995
0.112557
0.662
0.0950821
0.234042
0.662
0.217529
0.662
0.407668
0.0786088
0.222259
0.117432
0.662
0.263488
0.203864
0.662
0.0586556
0.226134
0.212939
0.662
0.662
0.0650948
0.438055
0.286763
0.11643
0.608594
0.573459
0.205371
0.0595491
0.211642
0.662
0.119909
0.662
0.662
0.407245
0.372845
0.392249
0.126382
0.0571274
0.483817
0.662
0.662
0.108446
0.0243337
0.117944
0.166721
0.662
0.435505
0.129705
0.0878856
0.662
0.0989258
0.386787
0.662
0.662
0.315607
0.0403945
0.149286
0.372568
0.0280653
0.136532
0.088022
0.0858961
0.451727
0.662
0.157977
0.0616233
0.202885
0.0748997
0.0106827
0.11898
0.113552
0.150364
0.205448
0.492027
0.114875
0.348577
0.346977
0.0639005
0.121815
0.313399
0.12021
0.397088
0.658801
0.0973659
0.0444065
0.00248279
0.200434
0.35844
0.0821788
0.451463
0.190925
0.0987961
0.0605065
0.662
0.0905528
0.170654
0.46713
0.246011
0.272753
0.662
0.0384848
0.271352
0.210752
0.26243
0.40052
0.206699
0.199202
0.251922
0.103697
0.293355
0.512556
0.10093
0.0922015
0.662
0.0434475
0.0590472
0.612516
0.263946
0.407445
0.191952
0.0577996
0.474898
0.662
0.0688613
0.655022
0.142175
0.322174
0.0808373
0.35165
0.21158
0.0928419
0.662
0.662
0.662
0.662
0.051286
0.256113
0.12482
0.662
0.456222
0.140382
0.257251
0.15467
0.139673
0.596186
0.522426
0.662
0.662
0.175479
0.145885
0.219923
0.662
0.371203
0.447825
0.491723
0.490472
0.0983899
0.414464
0.23461
0.069147
0.366535
0.519126
0.25441
0.141239
0.403769
0.417137
0.662
0.0953047
0.100701
0.0617512
0.46483
0.662
0.277346
0.662
0.182154
0.0617267
0.147719
0.548035
0.61042
0.246199
0.191661
0.479261
0.275778
0.118566
0.346669
0.0548744
0.284383
0.196464
0.0752995
0.477977
0.476593
0.662
0.662
0.220838
0.113822
0.123156
0.330982
0.0767096
0.26492
0.316196
0.0280319
0.523054
0.55002
0.182277
0.356108
0.422127
0.662
0.662
0.0252002
0.125888
0.662
0.589438
0.225562
0.199725
0.286428
0.662
0.261708
0.115275
0.56147
0.21188
0.0644416
0.382328
0.112192
0.0738689
0.0449905
0.0295043
0.257339
0.662
0.662
0.662
0.284851
0.531302
0.289849
0.439679
0.2693
0.104481
0.117526
0.130168
0.215231
0.163211
0.440638
0.535961
0.31306
0.224612
0.162181
0.2968
0.360465
0.662
0.0903011
0.662
0.376462
0.114871
0.137332
0.219538
0.455463
0.662
0.662
0.662
0.105303
0.13316
0.0352171
0.159667
0.662
0.441
0.0518499
0.0353092
0.340124
0.39628
0.156821
0.215791
0.206983
0.111099
0.662
0.563848
0.140021
0.155478
0.0846016
0.069157
0.171732
0.380098
0.449531
0.662
0.138443
0.0120912
0.141694
0.662
0.328218
0.345202
0.662
0.519938
0.163209
0.202807
0.268868
0.650696
0.446747
0.233198
0.129874
0.662
0.210349
0.662
0.114532
0.151244
0.253517
0.195356
0.203975
0.174981
0.662
0.357604
0.0550124
0.0200704
0.662
0.238307
0.662
0.316192
0.107165
0.25795
0.662
0.0724653
0.114255
0.625738
0.440682
0.208571
0.662
0.287868
0.199614
0.36559
0.155658
0.42716
0.662
0.289177
0.662
0.172354
0.662
0.250923
0.0575356
0.0927591
0.279645
0.354229
0.662
0.662
0.149181
0.183112
0.419304
0.105625
0.328758
0.101025
0.106333
0.101969
0.35939
0.20963
0.451834
0.129327
0.139859
0.662
0.270286
0.0594897
0.100982
0.154385
0.0478194
0.662
0.662
0.0772906
0.176804
0.0112582
0.115079
0.261838
0.185824
0.0953967
0.552131
0.298618
0.0470871
0.662
0.279506
0.0809325
0.118755
0.212592
0.261991
0.0420448
0.105847
0.662
0.136016
0.188454
0.0633541
0.257732
0.653216
0.24079
0.313699
0.216578
0.429763
0.210372
0.119425
0.0390223
0.126754
0.0895013
0.210257
0.0385519
0.00503332
0.117687
0.662
0.538052
0.235065
0.108773
0.25733
0.302035
0.414115
0.362491
0.0524876
0.148123
0.0889162
0.348802
0.026726
0.662
0.123044
0.237443
0.0477127
0.0898294
0.3021
0.150836
0.0247836
0.086993
0.338878
0.134565
0.662
0.364202
0.149165
0.58102
0.202979
0.662
0.298685
0.384959
0.182981
0.186493
0.028012
0.478135
0.429333
0.259048
0.169395
0.584465
0.662
0.0983828
0.144918
0.108377
0.192952
0.212884
0.282427
0.234395
0.47702
0.311817
0.312501
0.564214
0.117918
0.0786041
0.288405
0.337375
0.662
0.217733
0.243387
0.222369
0.662
0.662
0.190785
0.662
0.387652
0.193177
0.18165
0.157919
0.625989
0.662
0.247895
0.288195
0.320944
0.29941
0.166606
0.0543151
0.0662891
0.662
0.0390028
0.192544
0.037924
0.662
0.190376
0.662
0.494582
0.0520122
0.346263
0.0574778
0.0783283
0.120656
0.477186
0.662
0.650755
0.196749
0.227918
0.106072
0.552773
0.162595
0.205231
0.0195407
0.327844
0.662
0.662
0.0489213
0.167403
0.227973
0.662
0.346957
0.344797
0.354494
0.418589
0.0802289
0.166247
0.0309142
0.0247793
0.633391
0.259524
0.0588365
0.265399
0.662
0.30283
0.121663
0.427051
0.234051
0.123218
0.195216
0.2818
0.162857
0.290012
0.519751
0.282118
0.662
0.662
0.0924319
0.146801
0.35445
0.210767
0.0588544
0.0569238
0.345838
0.166293
0.399178
0.59363
0.166845
0.117523
0.662
0.662
0.289206
0.0675835
0.482814
0.229283
0.417088
0.0469048
0.662
0.662
0.454661
0.165325
0.143923
0.176979
0.547788
0.269144
0.048255
0.662
0.0848006
0.0827397
0.287567
0.358904
0.662
0.582709
0.374339
0.385322
0.141997
0.210793
0.471234
0.180728
0.437002
0.0359627
0.662
0.24897
0.0842997
0.0324767
0.662
0.095248
0.662
0.104288
0.539717
0.662
0.662
0.355471
0.0927246
0.171658
0.115441
0.54329
0.169579
0.662
0.342029
0.106491
0.662
0.0879846
0.525135
0.149559
0.0815743
0.0784689
0.218763
0.163158
0.230114
0.456956
0.633694
0.343289
0.618677
0.662
0.25938
0.370528
0.177754
0.50232
0.465199
0.249774
0.321758
0.210344
0.0217137
0.189306
0.156712
0.609998
0.176095
0.0379878
0.144533
0.165594
0.662
0.0992119
0.593597
0.24388
0.421506
0.204063
0.171881
0.412227
0.200369
0.113509
0.662
0.125349
0.00463277
0.132727
0.173486
0.662
0.0181336
0.469865
0.451064
0.175104
0.314904
0.662
0.662
0.617801
0.0523225
0.0919161
0.662
0.662
0.0819653
0.109325
0.193455
0.153401
0.0799694
0.0574305
0.108428
0.239559
0.111368
0.169586
0.178742
0.0681435
0.20146
0.147174
0.398797
0.0991613
0.662
0.291635
0.459761
0.0670964
0.097585
0.200121
0.166383
0.172462
0.282999
0.16691
0.0871387
0.0906454
0.172105
0.0345272
0.286732
0.662
0.189961
0.662
0.662
0.434329
0.134135
0.289066
0.0440314
0.662
0.662
0.662
0.662
0.351216
0.310342
0.10706
0.29143
0.289785
0.47178
0.202433
0.259135
0.160086
0.662
0.370631
0.662
0.464818
0.0533495
0.225113
0.644988
0.138985
0.259202
0.193528
0.0801368
0.276312
0.326264
0.652127
0.124985
0.497126
0.531625
0.662
0.154724
0.0804691
0.0485433
0.216629
0.0722436
0.19892
0.194826
0.117938
0.0817783
0.529154
0.662
0.0861048
0.126289
0.197049
0.0561754
0.25117
0.0494975
0.323177
0.171967
0.166065
0.520046
0.204913
0.0299722
0.0935571
0.113474
0.184193
0.36114
0.47163
0.0964487
0.0629807
0.0170993
0.19091
0.213119
0.662
0.0411809
0.117359
0.0407498
0.331977
0.154287
0.662
0.0722837
0.292968
0.22049
0.662
0.419722
0.58545
0.0792263
0.662
0.662
0.378575
0.551575
0.475611
0.0147099
0.0590021
0.351677
0.395908
0.0748303
0.216356
0.247177
0.47786
0.132723
0.316452
0.662
0.305026
0.541728
0.662
0.0189158
0.292425
0.162442
0.662
0.404916
0.110344
0.262022
0.662
0.662
0.0653305
0.406878
0.184133
0.124474
0.662
0.176813
0.222477
0.633282
0.662
0.662
0.113726
0.179356
0.662
0.208671
0.565169
0.0371958
0.151545
0.315032
0.529653
0.612921
0.196744
0.171202
0.252792
0.447885
0.263662
0.466102
0.331479
0.104711
0.253532
0.515065
0.662
0.224945
0.662
0.208165
0.256003
0.152354
0.0598719
0.337338
0.487576
0.169327
0.295032
0.313369
0.194349
0.333351
0.320499
0.0533005
0.222056
0.20965
0.121987
0.662
0.532986
0.116365
0.219954
0.662
0.399962
0.110761
0.235824
0.0812664
0.0631379
0.662
0.481522
0.662
0.222738
0.00634733
0.311872
0.017933
0.180727
0.441065
0.0528579
0.189683
0.355539
0.0249633
0.578869
0.383743
0.306642
0.583553
0.580455
0.149422
0.662
0.407235
0.153009
0.0237218
0.311526
0.226516
0.419478
0.354235
0.304362
0.127605
0.422985
0.463392
0.17433
0.662
0.404808
0.662
0.182393
0.205678
0.357122
0.458774
0.0292256
0.232731
0.220966
0.330406
0.289118
0.394781
0.662
0.662
0.154574
0.0897089
0.662
0.662
0.152142
0.163487
0.341532
0.0178931
0.0271913
0.189017
0.262564
0.131337
0.259551
0.0882903
0.662
0.662
0.537561
0.163778
0.100619
0.258564
0.0688297
0.0415056
0.140426
0.169501
0.0428543
0.0963951
0.662
0.201202
0.128472
0.271489
0.0687281
0.346977
0.229882
0.407269
0.0945739
0.639395
0.662
0.272903
0.198918
0.106739
0.413272
0.662
0.0983009
0.151681
0.662
0.00185282
0.0109646
0.074883
0.662
0.112735
0.117696
0.662
0.247075
0.662
0.40543
0.662
0.233306
0.662
0.0784191
0.662
0.120283
0.0925004
0.5877
0.273741
0.181973
0.315257
0.662
0.144232
0.140507
0.662
0.119017
0.662
0.423628
0.662
0.216899
0.662
0.181132
0.0832197
0.197245
0.662
0.317711
0.639826
0.503581
0.125356
0.105148
0.662
0.660756
0.294202
0.662
0.662
0.243145
0.628813
0.662
0.516635
0.326065
0.180494
0.662
0.260045
0.45294
0.57076
0.0639777
0.296118
0.105356
0.0484433
0.0971337
0.0259143
0.275274
0.557039
0.506579
0.662
0.257622
0.662
0.630887
0.418158
0.151429
0.194204
0.0547719
0.662
0.662
0.166705
0.408946
0.1395
0.287403
0.411901
0.0286915
0.662
0.114381
0.0503337
0.157654
0.137089
0.383952
0.186105
0.352963
0.662
0.662
0.268163
0.0915111
0.0649414
0.142733
0.276428
0.184377
0.114981
0.200305
0.244435
0.0232511
0.462772
0.31198
0.208553
0.101472
0.122725
0.0618558
0.424703
0.0869655
0.218909
0.329167
0.11732
0.547033
0.30847
0.260685
0.0531741
0.327209
0.330184
0.174755
0.26985
0.491839
0.0002123
0.453961
0.324428
0.00676049
0.258671
0.136248
0.00381429
0.10177
0.0553298
0.662
0.60062
0.0652692
0.348711
0.210449
0.662
0.11615
0.196554
0.401008
0.179027
0.0760607
0.15162
0.186301
0.659302
0.311013
0.562045
0.333871
0.167302
0.534893
0.511548
0.662
0.0578692
0.156123
0.21565
0.100858
0.102333
0.0260376
0.319663
0.662
0.370843
0.216483
0.0581219
0.166525
0.127527
0.662
0.662
0.286972
0.129946
0.662
0.181254
0.662
0.115694
0.662
0.662
0.202773
0.0933816
0.662
0.482606
0.0787211
0.0985407
0.662
0.163176
0.0710239
0.0288592
0.374966
0.373424
0.453387
0.301876
0.257183
0.0753388
0.198842
0.31861
0.445331
0.145225
0.626363
0.0537557
0.139303
0.253335
0.118609
0.0902144
0.662
0.0502312
0.18227
0.290994
0.662
0.332842
0.662
0.159121
0.326773
0.0811332
0.130593
0.0780379
0.205837
0.0586795
0.662
0.086513
0.390105
0.251405
0.132965
0.662
0.175258
0.277016
0.456412
0.216755
0.221096
0.254802
0.33519
0.176776
0.323477
0.0847043
0.132843
0.0970069
0.131749
0.0250806
0.662
0.091422
0.490823
0.236457
0.0691422
0.662
0.19534
0.248702
0.47178
0.662
0.262359
0.128245
0.193703
0.239049
0.662
0.143457
0.290691
0.662
0.194093
0.203069
0.115649
0.0978882
0.228109
0.146067
0.160037
0.243505
0.662
0.000444548
0.0631509
0.106479
0.662
0.266598
0.121951
0.160982
0.122388
0.662
0.112733
0.0965515
0.223098
0.662
0.378123
0.484043
0.067807
0.121255
0.338886
0.587283
0.204144
0.245542
0.499195
0.33087
0.449906
0.662
0.130625
0.0603136
0.167575
0.263185
0.059095
0.176808
0.102453
0.0597227
0.195542
0.662
0.221617
0.185991
0.208845
0.130502
0.174771
0.18039
0.662
0.220935
0.0975187
0.662
0.416723
0.662
0.201432
0.450185
0.332818
0.0624612
0.227074
0.118826
0.284245
0.435896
0.503346
0.662
0.662
0.39799
0.141849
0.408701
0.376741
0.276359
0.129692
0.145785
0.370478
0.340828
0.325561
0.44811
0.0784566
0.662
0.0858859
0.0718262
0.401177
0.0924673
0.465222
0.245458
0.0812865
0.662
0.662
0.662
0.0762212
0.243837
0.36688
0.483213
0.277805
0.223808
0.260528
0.119168
0.278133
0.239595
0.662
0.244638
0.278333
0.126736
0.265773
0.125256
0.662
0.197174
0.110206
0.662
0.662
0.170929
0.662
0.184239
0.175361
0.197914
0.152404
0.0491439
0.316389
0.15274
0.126728
0.502892
0.171405
0.134685
0.227106
0.653311
0.662
0.662
0.134907
0.130514
0.322247
0.0802549
0.0991456
0.234576
0.15175
0.230495
0.662
0.137239
0.0228991
0.275758
0.662
0.29401
0.222052
0.662
0.662
0.146402
0.175033
0.030125
0.293188
0.0818699
0.0717812
0.480883
0.0788393
0.446871
0.250134
0.191724
0.399357
0.0807367
0.241714
0.337252
0.0844578
0.0330706
0.662
0.0433406
0.188335
0.410278
0.662
0.59833
0.181795
0.0652147
0.248422
0.495205
0.0878075
0.0946491
0.662
0.110339
0.111525
0.316169
0.0986879
0.129948
0.662
0.0224692
0.251224
0.116068
0.139183
0.14101
0.0565581
0.0588178
0.162201
0.662
0.140998
0.382714
0.100873
0.234965
0.427769
0.593052
0.00615739
0.516584
0.607868
0.0553808
0.662
0.121363
0.158348
0.201879
0.662
0.0539049
0.662
0.0948697
0.185682
0.320417
0.344631
0.0650878
0.662
0.109575
0.516483
0.0914375
0.414562
0.244037
0.498417
0.403568
0.524013
0.0530248
0.662
0.0917556
0.050926
0.338335
0.614757
0.662
0.112175
0.0957686
0.662
0.299381
0.283932
0.523246
0.376311
0.268232
0.134979
0.0497472
0.278365
0.0997639
0.662
0.0854559
0.439694
0.662
0.390132
0.0737979
0.662
0.0778255
0.207561
0.0470811
0.662
0.560198
0.286871
0.150935
0.091973
0.153937
0.192802
0.427205
0.662
0.0907472
0.391092
0.256429
0.606274
0.53808
0.267212
0.447501
0.252213
0.378588
0.142965
0.288134
0.334804
0.318965
0.432407
0.125411
0.17327
0.14955
0.427434
0.399521
0.288708
0.244962
0.395647
0.12997
0.662
0.5258
0.662
0.143672
0.115206
0.296412
0.662
0.332041
0.481864
0.211476
0.137355
0.662
0.332067
0.662
0.32064
0.0759979
0.468466
0.301322
0.261669
0.662
0.187914
0.462316
0.399569
0.662
0.124045
0.118314
0.407856
0.215064
0.19059
0.351728
0.206448
0.193744
0.639776
0.567697
0.189052
0.516471
0.0805197
0.25803
0.255881
0.662
0.253719
0.662
0.101584
0.259706
0.237926
0.0247495
0.186954
0.662
0.215066
0.662
0.662
0.662
0.662
0.184001
0.662
0.608328
0.145198
0.343671
0.662
0.662
0.0464744
0.429489
0.104151
0.662
0.662
0.473451
0.31182
0.419113
0.259622
0.180359
0.112505
0.163931
0.662
0.298124
0.271232
0.123627
0.162845
0.10831
0.0692484
0.191448
0.139381
0.399905
0.336295
0.662
0.0450205
0.662
0.0205431
0.550523
0.662
0.662
0.433337
0.145586
0.167118
0.51213
0.20289
0.116176
0.400855
0.48916
0.662
0.237303
0.312674
0.51322
0.166582
0.662
0.662
0.396653
0.163335
0.0221488
0.123419
0.119835
0.281558
0.499412
0.207955
0.662
0.418636
0.186307
0.0398858
0.438693
0.229106
0.0936127
0.662
0.224268
0.431716
0.633282
0.524603
0.0510206
0.662
0.0989681
0.662
0.151316
0.472562
0.0358546
0.0690489
0.120613
0.19982
0.277951
0.11763
0.112036
0.253973
0.662
0.221574
0.140972
0.151402
0.662
0.662
0.662
0.151577
0.444542
0.0685039
0.662
0.190324
0.662
0.0845061
0.230867
0.0500827
0.16965
0.0538644
0.326935
0.209228
0.265801
0.334765
0.253165
0.235243
0.0830434
0.598352
0.206911
0.424348
0.471533
0.392604
0.266935
0.173401
0.206484
0.167706
0.149465
0.216913
0.662
0.532437
0.356541
0.234562
0.179682
0.169427
0.662
0.0734384
0.0378908
0.662
0.112268
0.662
0.253933
0.13689
0.57676
0.163112
0.662
0.468085
0.662
0.194025
0.165923
0.280988
0.371438
0.307742
0.156549
0.636485
0.493727
0.156823
0.231806
0.144075
0.264439
0.0606681
0.662
0.531726
0.0703789
0.307838
0.395711
0.662
0.580984
0.238352
0.217271
0.312978
0.247309
0.588694
0.662
0.0333317
0.143328
0.0999622
0.662
0.148172
0.405296
0.0522085
0.443648
0.249834
0.296161
0.0369551
0.164439
0.662
0.206337
0.662
0.175726
0.0549714
0.0285807
0.180964
0.177436
0.243522
0.662
0.249619
0.207373
0.574771
0.0327104
0.532834
0.0164929
0.0771333
0.292501
0.188772
0.107123
0.338986
0.442029
0.493513
0.198119
0.245988
0.151332
0.383419
0.123667
0.227149
0.619099
0.027844
0.0720519
0.173978
0.0732915
0.212687
0.0965649
0.1623
0.0841216
0.351027
0.118453
0.0731651
0.0556856
0.662
0.231328
0.0641388
0.662
0.308801
0.491264
0.384569
0.662
0.110762
0.130504
0.662
0.196708
0.188878
0.160726
0.277252
0.402771
0.103272
0.662
0.0550325
0.662
0.129647
0.289951
0.142825
0.156591
0.662
0.504181
0.17771
0.574828
0.0671316
0.303373
0.242552
0.662
0.662
0.160159
0.0729194
0.0365815
0.117332
0.278369
0.194375
0.250907
0.428149
0.208713
0.464703
0.0806726
0.506377
0.0465686
0.336051
0.337488
0.0887037
0.285426
0.315757
0.662
0.662
0.662
0.115087
0.147225
0.23722
0.307186
0.18784
0.135522
0.147148
0.463091
0.0940625
0.0501869
0.662
0.662
0.247749
0.367408
0.0607107
0.0622303
0.23959
0.662
0.560046
0.298443
0.190771
0.16057
0.196781
0.150331
0.0192676
0.516444
0.0186993
0.477266
0.0535242
0.251139
0.411452
0.194004
0.0447333
0.379915
0.173664
0.110011
0.215053
0.105873
0.208058
0.131529
0.264117
0.197821
0.662
0.262882
0.121994
0.160167
0.414503
0.310531
0.129936
0.509836
0.662
0.065122
0.154536
0.553481
0.662
0.266541
0.519447
0.321935
0.662
0.167096
0.607036
0.180588
0.145112
0.662
0.126736
0.107403
0.0219959
0.0457765
0.418611
0.121133
0.662
0.076482
0.473706
0.360293
0.138385
0.183587
0.2214
0.662
0.289994
0.4926
0.104665
0.226817
0.286816
0.0568435
0.0906992
0.33678
0.274629
0.186651
0.163949
0.304343
0.302626
0.662
0.0805865
0.252877
0.137106
0.487976
0.120063
0.0372379
0.2731
0.662
0.0637186
0.083494
0.0176707
0.0290599
0.103642
0.277244
0.102307
0.367941
0.662
0.662
0.294815
0.662
0.101692
0.662
0.0823712
0.254758
0.276474
0.152015
0.240478
0.235274
0.210009
0.103274
0.0256461
0.662
0.662
0.202228
0.107228
0.256181
0.0776363
0.185595
0.212642
0.366079
0.311698
0.0894768
0.452765
0.365895
0.368668
0.0467291
0.490288
0.19382
0.506408
0.138725
0.538021
0.662
0.257986
0.175975
0.116229
0.186515
0.0306457
0.0669459
0.662
0.198251
0.197616
0.162907
0.662
0.116139
0.520409
0.0416679
0.662
0.269989
0.662
0.662
0.0818093
0.509008
0.345879
0.0373612
0.662
0.0645456
0.259435
0.270517
0.53999
0.247796
0.0845449
0.662
0.266841
0.0244994
0.662
0.472378
0.421119
0.28726
0.167247
0.103814
0.662
0.160652
0.662
0.662
0.56338
0.53567
0.0607042
0.273596
0.46969
0.662
0.249683
0.296625
0.142913
0.0116087
0.219055
0.143266
0.512449
0.353982
0.303977
0.662
0.324189
0.430627
0.144192
0.662
0.550914
0.600966
0.131634
0.403961
0.222209
0.300802
0.0751428
0.21634
0.167045
0.0867938
0.347188
0.394468
0.465987
0.0989418
0.662
0.245972
0.662
0.16521
0.378663
0.638679
0.0642746
0.36739
0.662
0.421705
0.366326
0.478543
0.105132
0.382841
0.315511
0.168306
0.323072
0.279464
0.0194102
0.113417
0.205694
0.148099
0.587544
0.108876
0.0465842
0.662
0.479349
0.662
0.463072
0.0354369
0.350389
0.0436485
0.249302
0.204511
0.33301
0.215298
0.346744
0.662
0.131193
0.0779443
0.300795
0.662
0.662
0.129609
0.0882395
0.411258
0.242556
0.190181
0.14426
0.228527
0.0634916
0.277926
0.239993
0.188918
0.221969
0.311204
0.44966
0.196608
0.662
0.380056
0.0137096
0.404754
0.619383
0.267513
0.565033
0.103294
0.526534
0.619809
0.359537
0.124313
0.296797
0.497187
0.100093
0.42399
0.204394
0.0468432
0.245964
0.227114
0.187908
0.0495476
0.662
0.662
0.029704
0.152607
0.533152
0.494403
0.0939797
0.14221
0.662
0.191242
0.179058
0.125814
0.187628
0.662
0.0599962
0.662
0.0720012
0.22699
0.54583
0.318442
0.63339
0.0988391
0.0913325
0.662
0.440269
0.306788
0.408607
0.662
0.268618
0.234419
0.662
0.169005
0.662
0.614577
0.335255
0.397011
0.0754435
0.662
0.286925
0.0643283
0.00812282
0.484555
0.185165
0.148417
0.159466
0.182705
0.28021
0.662
0.485503
0.0867465
0.662
0.0606773
0.0967689
0.501634
0.234283
0.625035
0.128497
0.346635
0.662
0.352894
0.662
0.138094
0.421987
0.218546
0.281418
0.62182
0.124273
0.185467
0.0230385
0.251004
0.255674
0.261264
0.215112
0.401347
0.0906912
0.573488
0.587532
0.263906
0.386836
0.662
0.363645
0.0707134
0.081274
0.12356
0.662
0.195084
0.291384
0.119674
0.662
0.662
0.223882
0.0709796
0.142696
0.407695
0.65068
0.145348
0.188148
0.207322
0.0706837
0.152173
0.215469
0.221037
0.662
0.662
0.435841
0.662
0.296157
0.189365
0.212089
0.347078
0.662
0.517547
0.0792623
0.0300815
0.00493274
0.377074
0.662
0.183387
0.31801
0.174644
0.594553
0.365717
0.662
0.0477712
0.382463
0.238358
0.662
0.0890098
0.219529
0.238816
0.662
0.500572
0.607478
0.134225
0.662
0.662
0.662
0.662
0.312934
0.59883
0.581484
0.349171
0.345977
0.491372
0.0749875
0.174616
0.14412
0.525438
0.0866382
0.492014
0.597408
0.0677016
0.329125
0.0173303
0.662
0.194962
0.0649026
0.182262
0.199215
0.455677
0.662
0.0615353
0.290656
0.662
0.637472
0.297966
0.325138
0.0512833
0.121033
0.412858
0.0823979
0.0977227
0.240976
0.0721093
0.431288
0.662
0.662
0.358287
0.125126
0.436234
0.00932646
0.308672
0.450713
0.342589
0.0808495
0.0377266
0.110659
0.0796023
0.662
0.0965697
0.27647
0.271552
0.146255
0.11849
0.161489
0.19583
0.16079
0.0458615
0.662
0.282064
0.120938
0.633599
0.351174
0.237351
0.349381
0.336987
0.0326846
0.00488338
0.262641
0.135738
0.46958
0.18601
0.662
0.442739
0.237377
0.662
0.124958
0.238556
0.153256
0.662
0.502899
0.137976
0.106152
0.0658788
0.191537
0.192976
0.083706
0.0674029
0.658789
0.169904
0.387987
0.127737
0.463858
0.107046
0.476415
0.163827
0.662
0.23134
0.439188
0.141499
0.348249
0.177963
0.35848
0.214561
0.287352
0.662
0.279119
0.208098
0.662
0.0448255
0.222296
0.40874
0.662
0.50665
0.524101
0.0451897
0.395688
0.0462051
0.180417
0.158328
0.662
0.285837
0.245776
0.174962
0.260961
0.548962
0.662
0.212632
0.104975
0.247905
0.662
0.638922
0.0678034
0.125751
0.231181
0.210953
0.0830002
0.104076
0.093814
0.366997
0.66109
0.216417
0.254143
0.126659
0.0539055
0.230325
0.108814
0.0915128
0.391954
0.0647835
0.185236
0.129418
0.566016
0.158312
0.436512
0.104237
0.462261
0.428713
0.415117
0.0979642
0.425677
0.206366
0.662
0.662
0.378834
0.13034
0.435901
0.148928
0.596316
0.44319
0.395431
0.0581537
0.276104
0.372289
0.662
0.0849609
0.553309
0.442054
0.0781049
0.662
0.532815
0.405404
0.177777
0.327467
0.420481
0.0690974
0.0806305
0.256673
0.460848
0.223456
0.174676
0.339422
0.0979672
0.34539
0.483335
0.197891
0.383887
0.191753
0.662
0.381166
0.142932
0.662
0.662
0.17718
0.280225
0.662
0.17816
0.167037
0.662
0.0803579
0.24866
0.507408
0.331082
0.0855814
0.0796165
0.0647236
0.350279
0.4433
0.662
0.373532
0.121694
0.383057
0.342581
0.332421
0.0825241
0.341998
0.177517
0.662
0.11315
0.0961085
0.136996
0.378696
0.286074
0.662
0.0665532
0.119457
0.270953
0.106718
0.227193
0.662
0.662
0.0495387
0.155794
0.662
0.205029
0.124656
0.0606542
0.145283
0.250062
0.162139
0.662
0.0396281
0.381504
0.650411
0.294365
0.662
0.334865
0.0881354
0.301052
0.0526784
0.0372924
0.284363
0.389102
0.0434509
0.0600221
0.107141
0.303247
0.215269
0.662
0.114993
0.233434
0.0545379
0.662
0.162718
0.207927
0.662
0.319882
0.178795
0.662
0.143102
0.104528
0.662
0.165085
0.662
0.156607
0.662
0.0725774
0.662
0.310145
0.217907
0.382726
0.439456
0.0845251
0.05717
0.662
0.201565
0.23202
0.17886
0.252639
0.0499561
0.298138
0.120558
0.128477
0.426482
0.235952
0.195413
0.398256
0.0918486
0.445981
0.294911
0.11626
0.1896
0.662
0.178988
0.033209
0.0154042
0.221893
0.134772
0.0625334
0.174157
0.662
0.160379
0.662
0.357091
0.662
0.116387
0.0725946
0.159589
0.474646
0.0944278
0.267382
0.662
0.580808
0.662
0.245368
0.626891
0.297441
0.184637
0.373709
0.662
0.16865
0.0871234
0.662
0.662
0.179828
0.662
0.662
0.238029
0.662
0.371133
0.252168
0.185228
0.105531
0.0194279
0.434319
0.662
0.0487518
0.202258
0.167389
0.184939
0.662
0.662
0.498678
0.462234
0.131292
0.255339
0.170062
0.662
0.0636194
0.145616
0.38586
0.286629
0.214761
0.373819
0.221644
0.04212
0.293006
0.587641
0.204244
0.286865
0.289963
0.0694791
0.405531
0.0396329
0.37658
0.129355
0.662
0.147149
0.0500879
0.605961
0.662
0.131132
0.125729
0.161803
0.104243
0.400266
0.294004
0.337067
0.190809
0.154388
0.0369021
0.286573
0.176296
0.111639
0.662
0.106068
0.358122
0.427797
0.302225
0.603151
0.216888
0.15026
0.194335
0.502732
0.00470409
0.18007
0.287772
0.0891346
0.421145
0.0932074
0.183185
0.127774
0.135624
0.129079
0.313293
0.0753469
0.662
0.103173
0.45987
0.0966649
0.122948
0.241223
0.662
0.0810527
0.543226
0.0954059
0.662
0.17495
0.381905
0.133934
0.471091
0.0562844
0.240822
0.19535
0.0256206
0.0896883
0.0721876
0.662
0.181047
0.281597
0.104007
0.23691
0.461076
0.159163
0.293754
0.448738
0.0923969
0.247254
0.31127
0.456746
0.517026
0.662
0.606009
0.0176269
0.662
0.638071
0.662
0.245794
0.287176
0.089931
0.217159
0.370426
0.426675
0.196125
0.430108
0.320534
0.123007
0.367264
0.203866
0.479741
0.0713711
0.662
0.309502
0.513442
0.662
0.50553
0.0919541
0.130462
0.529295
0.662
0.184631
0.203442
0.321987
0.662
0.662
0.059842
0.662
0.298015
0.614289
0.360357
0.264072
0.0575445
0.0567269
0.0896789
0.161905
0.0492308
0.105822
0.0433497
0.107698
0.326339
0.126888
0.662
0.0736956
0.074056
0.437591
0.662
0.327078
0.30569
0.0736783
0.585925
0.179037
0.121643
0.0857868
0.601229
0.662
0.310303
0.265108
0.151479
0.49161
0.142903
0.149055
0.662
0.662
0.170486
0.286727
0.444704
0.662
0.662
0.245521
0.281763
0.344984
0.335206
0.662
0.160198
0.629763
0.232295
0.447837
0.662
0.232366
0.100842
0.0291391
0.155335
0.222679
0.389305
0.126097
0.401583
0.662
0.0806262
0.132793
0.171104
0.662
0.528693
0.0917459
0.662
0.186811
0.166366
0.211801
0.662
0.171208
0.58416
0.526282
0.154648
0.199082
0.662
0.388854
0.0386995
0.662
0.171212
0.144479
0.316132
0.232866
0.219359
0.198372
0.147495
0.561987
0.0560522
0.0860354
0.0717902
0.18318
0.182058
0.47352
0.111436
0.0384407
0.331858
0.0313992
0.170498
0.233174
0.0792242
0.102922
0.154374
0.149055
0.229728
0.119628
0.188609
0.662
0.387674
0.106755
0.112747
0.229942
0.0903691
0.248713
0.349261
0.662
0.662
0.184716
0.29305
0.176546
0.011009
0.0354723
0.125339
0.63647
0.067933
0.319811
0.161979
0.50004
0.0750292
0.160968
0.187206
0.0871534
0.579501
0.0306189
0.662
0.662
0.386288
0.662
0.186712
0.115221
0.188109
0.0870623
0.259126
0.122045
0.135683
0.238684
0.135582
0.18816
0.299522
0.0277165
0.0799256
0.126601
0.156137
0.662
0.255656
0.662
0.296312
0.662
0.0268671
0.371305
0.370972
0.0936584
0.662
0.662
0.115041
0.147568
0.662
0.168334
0.662
0.359623
0.0732476
0.182902
0.662
0.0163448
0.0585348
0.159822
0.22771
0.662
0.40205
0.321762
0.159749
0.253889
0.662
0.290952
0.238785
0.322871
0.105126
0.0642026
0.219201
0.193783
0.125947
0.662
0.124605
0.203216
0.211544
0.359997
0.356126
0.662
0.29269
0.402574
0.662
0.639252
0.351694
0.240333
0.446652
0.211929
0.0453012
0.379746
0.322312
0.243391
0.662
0.266731
0.662
0.0777177
0.110805
0.270994
0.196158
0.484922
0.244142
0.0933932
0.662
0.229085
0.00690944
0.104573
0.162218
0.662
0.538384
0.255979
0.145592
0.057368
0.221667
0.0966772
0.242203
0.234673
0.184569
0.662
0.102524
0.662
0.108985
0.490313
0.281719
0.310651
0.294075
0.536146
0.1308
0.160739
0.242195
0.662
0.121867
0.230511
0.359564
0.02931
0.662
0.0711006
0.269483
0.662
0.26159
0.662
0.239963
0.279498
0.179868
0.225351
0.193129
0.662
0.295246
0.662
0.179106
0.264205
0.662
0.0638318
0.281693
0.283753
0.235541
0.11042
0.284436
0.27859
0.113087
0.0707192
0.0784687
0.122679
0.326447
0.66045
0.443444
0.662
0.0114604
0.568414
0.351115
0.207332
0.0659794
0.329634
0.114269
0.173496
0.170959
0.662
0.39259
0.233149
0.408679
0.230921
0.209475
0.388809
0.00489138
0.662
0.0701984
0.105871
0.107969
0.215536
0.662
0.170294
0.662
0.162196
0.458791
0.662
0.0609786
0.288464
0.30979
0.393791
0.204209
0.23445
0.459111
0.460902
0.11062
0.662
0.662
0.662
0.106741
0.467032
0.455959
0.109713
0.17364
0.221637
0.080957
0.0986798
0.662
0.202027
0.201161
0.212965
0.336503
0.0922512
0.198911
0.247446
0.143522
0.662
0.662
0.29837
0.207999
0.662
0.012623
0.0857785
0.167365
0.199133
0.154055
0.288991
0.280252
0.0600881
0.662
0.232692
0.0790713
0.122273
0.662
0.131245
0.428036
0.0442594
0.662
0.181346
0.0929739
0.00778664
0.0217911
0.104501
0.529979
0.280194
0.0629436
0.662
0.253934
0.364448
0.155135
0.00529913
0.0967692
0.259457
0.199705
0.0947155
0.181288
0.270731
0.662
0.0587611
0.0784033
0.386158
0.335959
0.22529
0.287422
0.167702
0.24187
0.21298
0.193147
0.589687
0.0562037
0.115159
0.602136
0.581171
0.196286
0.0396413
0.170684
0.176877
0.121297
0.662
0.140461
0.301174
0.387551
0.662
0.513512
0.229721
0.0406548
0.112602
0.662
0.0746977
0.202564
0.213825
0.0437703
0.100714
0.0591671
0.294078
0.662
0.306756
0.662
0.124216
0.662
0.175299
0.662
0.213261
0.260833
0.0768658
0.0184911
0.143372
0.368433
0.662
0.0431838
0.541552
0.662
0.233201
0.662
0.653115
0.662
0.662
0.076202
0.0725189
0.254584
0.076196
0.125259
0.115143
0.339062
0.0707109
0.0725062
0.166903
0.337715
0.150147
0.641358
0.662
0.364711
0.0563393
0.0727127
0.662
0.662
0.662
0.306531
0.200535
0.241109
0.113719
0.0801521
0.0908631
0.29458
0.130135
0.206844
0.2993
0.341367
0.0198654
0.0935114
0.164123
0.244019
0.0708415
0.083587
0.23234
0.262977
0.0623049
0.170724
0.662
0.450739
0.203737
0.0840146
0.126911
0.662
0.0646559
0.283844
0.20127
0.115575
0.348369
0.662
0.118145
0.119965
0.228988
0.27306
0.179835
0.662
0.309382
0.216859
0.0543888
0.176106
0.157496
0.246701
0.0600977
0.41118
0.0844896
0.293097
0.187379
0.437108
0.305499
0.286121
0.662
0.452501
0.0315829
0.200032
0.662
0.409069
0.24599
0.209923
0.0938128
0.214579
0.288575
0.662
0.279069
0.279685
0.538616
0.0275183
0.373822
0.101762
0.187489
0.140846
0.662
0.419898
0.323811
0.180904
0.0917631
0.662
0.430606
0.456598
0.662
0.291341
0.328542
0.662
0.178379
0.269937
0.173558
0.254625
0.079837
0.164978
0.128094
0.430311
0.144792
0.0578353
0.105138
0.662
0.662
0.375178
0.0276864
0.113935
0.108617
0.562655
0.0927476
0.0547528
0.422128
0.472692
0.42401
0.32077
0.165299
0.170401
0.662
0.221023
0.583997
0.566664
0.199937
0.246382
0.153398
0.114791
0.662
0.0984462
0.381788
0.166196
0.21353
0.600925
0.11066
0.281255
0.151262
0.241658
0.179668
0.000161487
0.173567
0.0673617
0.231664
0.479085
0.367063
0.34351
0.395318
0.123568
0.513249
0.183612
0.335257
0.662
0.662
0.662
0.141731
0.383956
0.387657
0.473597
0.124351
0.203047
0.188462
0.387686
0.662
0.449857
0.533839
0.134076
0.0301769
0.332872
0.0832541
0.427254
0.0321326
0.662
0.464257
0.318179
0.052335
0.442064
0.662
0.563424
0.110773
0.0641014
0.662
0.160992
0.662
0.208926
0.24597
0.0198085
0.0224943
0.170343
0.457192
0.0822467
0.662
0.116291
0.447901
0.423902
0.382804
0.662
0.127765
0.104464
0.156385
0.662
0.662
0.662
0.17022
0.0472857
0.210435
0.138847
0.0871417
0.275952
0.245776
0.396424
0.31343
0.662
0.203467
0.662
0.13323
0.0679863
0.267364
0.662
0.34384
0.148207
0.178748
0.274258
0.136542
0.288742
0.528042
0.113729
0.229022
0.0342852
0.182385
0.0707886
0.311986
0.507226
0.662
0.662
0.044131
0.0863326
0.236104
0.226404
0.13407
0.22314
0.662
0.217189
0.297009
0.0942349
0.31948
0.228481
0.0927158
0.239063
0.351194
0.329688
0.245053
0.163045
0.662
0.249763
0.110241
0.120843
0.338232
0.166526
0.0624356
0.239064
0.382363
0.136949
0.299894
0.662
0.236243
0.12912
0.222739
0.480634
0.662
0.328478
0.302882
0.345943
0.241788
0.480639
0.384021
0.142514
0.0912045
0.429719
0.358125
0.06987
0.314234
0.0364339
0.0591171
0.268646
0.0266085
0.662
0.662
0.662
0.276014
0.0214445
0.434035
0.21349
0.391819
0.662
0.636236
0.128593
0.662
0.0226504
0.299301
0.211563
0.0959165
0.139397
0.0647565
0.0821213
0.234349
0.121855
0.662
0.619178
0.0858482
0.108318
0.65595
0.187091
0.662
0.0632424
0.662
0.386979
0.222885
0.0387975
0.202131
0.194374
0.662
0.662
0.186972
0.298702
0.662
0.662
0.234415
0.556577
0.125739
0.121755
0.420101
0.0703569
0.114927
0.472328
0.662
0.0217026
0.0478464
0.415532
0.297001
0.662
0.361998
0.132365
0.145735
0.325989
0.329117
0.278732
0.178168
0.195065
0.190946
0.464227
0.200846
0.450847
0.182439
0.162826
0.219349
0.496044
0.25053
0.662
0.089718
0.0623669
0.191479
0.441896
0.662
0.0549313
0.140523
0.662
0.160536
0.0177874
0.467476
0.170449
0.0435217
0.114248
0.208963
0.349964
0.0220989
0.0878191
0.134784
0.328045
0.172996
0.662
0.270885
0.588775
0.154052
0.586512
0.18466
0.375495
0.3084
0.201994
0.44328
0.0261107
0.659141
0.131838
0.0571344
0.0541165
0.662
0.199071
0.325342
0.662
0.287318
0.0978896
0.105647
0.11958
0.286793
0.125478
0.379137
0.0295013
0.619507
0.174947
0.284153
0.662
0.193318
0.0810881
0.116097
0.0871018
0.434444
0.128702
0.352217
0.0822754
0.662
0.00669412
0.533233
0.187553
0.360358
0.196087
0.662
0.411654
0.353811
0.466624
0.181678
0.348946
0.0392542
0.21791
0.192405
0.662
0.413869
0.487881
0.258377
0.0381456
0.410358
0.662
0.204572
0.662
0.442136
0.112391
0.140346
0.291894
0.662
0.0211416
0.662
0.234943
0.102602
0.0883675
0.0597143
0.530613
0.662
0.0817473
0.140026
0.662
0.662
0.124879
0.198796
0.0173405
0.169901
0.662
0.205026
0.662
0.094009
0.662
0.101326
0.483487
0.662
0.18559
0.185697
0.232616
0.611449
0.633391
0.222195
0.662
0.557307
0.219193
0.662
0.298201
0.1875
0.0678143
0.393526
0.234106
0.662
0.662
0.0211257
0.209657
0.0627718
0.662
0.237236
0.662
0.26099
0.329674
0.125803
0.0709952
0.0606091
0.662
0.345399
0.3935
0.124444
0.324668
0.236697
0.304575
0.383874
0.507704
0.417983
0.21993
0.0109918
0.408991
0.183319
0.353254
0.662
0.191085
0.0182352
0.406655
0.304246
0.334648
0.350807
0.412822
0.662
0.163403
0.302859
0.283618
0.259707
0.0965871
0.19211
0.0474127
0.101203
0.662
0.265952
0.095843
0.225182
0.267828
0.28236
0.0972261
0.16789
0.21729
0.132579
0.127017
0.15011
0.458681
0.128316
0.075374
0.394568
0.442066
0.133908
0.662
0.153162
0.302167
0.524778
0.535167
0.0804713
0.12733
0.0742953
0.148472
0.183587
0.0982694
0.245912
0.662
0.138547
0.548516
0.050891
0.51844
0.134696
0.662
0.21171
0.511237
0.17466
0.180268
0.330143
0.166098
0.233856
0.0215063
0.00759649
0.0153081
0.108565
0.277429
0.113734
0.218815
0.262484
0.175198
0.662
0.0344041
0.494569
0.0240231
0.100255
0.136977
0.347176
0.139609
0.0720016
0.180138
0.430738
0.118313
0.0901138
0.0708519
0.662
0.0504497
0.279509
0.247526
0.662
0.662
0.238067
0.662
0.487405
0.662
0.662
0.289585
0.092316
0.39183
0.380723
0.378111
0.266283
0.343004
0.0885602
0.662
0.0290316
0.559902
0.662
0.426758
0.0358192
0.129363
0.662
0.155557
0.184191
0.0707272
0.0555727
0.0688495
0.291188
0.170375
0.303816
0.329858
0.0841855
0.497248
0.0984439
0.0914041
0.221688
0.246849
0.456532
0.662
0.662
0.394789
0.220487
0.109974
0.345975
0.0832046
0.532068
0.662
0.378808
0.334786
0.260654
0.662
0.0660588
0.358125
0.177628
0.288682
0.171162
0.662
0.248333
0.380321
0.045624
0.662
0.239341
0.662
0.245251
0.0198957
0.662
0.662
0.104509
0.0885267
0.662
0.0683252
0.409891
0.307657
0.0702306
0.106723
0.133781
0.662
0.46945
0.20072
0.406459
0.162561
0.220706
0.372605
0.63
0.00251523
0.384751
0.662
0.151705
0.215849
0.662
0.238261
0.193895
0.200077
0.662
0.359872
0.171385
0.096905
0.0889821
0.323495
0.279412
0.246589
0.329187
0.43802
0.600165
0.0244375
0.662
0.118748
0.123183
0.662
0.11107
0.109731
0.590113
0.141282
0.662
0.084266
0.201912
0.662
0.184402
0.662
0.407433
0.662
0.290956
0.0899966
0.425907
0.546457
0.576923
0.152676
0.0944746
0.172567
0.0465289
0.131933
0.662
0.105173
0.662
0.133141
0.109727
0.0654239
0.241971
0.272212
0.183543
0.0863284
0.502962
0.133479
0.354069
0.29719
0.150284
0.662
0.147321
0.294279
0.0268166
0.662
0.662
0.0951973
0.291976
0.111887
0.662
0.276164
0.296125
0.241513
0.662
0.140606
0.0574969
0.425141
0.4001
0.113348
0.326048
0.101124
0.27281
0.00609346
0.219314
0.641194
0.662
0.134811
0.211063
0.326786
0.253822
0.260154
0.225756
0.190363
0.363875
0.298704
0.191315
0.209827
0.106492
0.452181
0.581208
0.30362
0.0939428
0.0557446
0.308361
0.662
0.0796336
0.169613
0.639973
0.662
0.30076
0.662
0.216481
0.112187
0.662
0.229814
0.0123759
0.662
0.662
0.348284
0.106317
0.0283753
0.1199
0.266128
0.662
0.44852
0.0611382
0.0987673
0.0628783
0.376123
0.270995
0.656719
0.0732789
0.245061
0.0739961
0.0844095
0.277685
0.0520879
0.189774
0.0337406
0.181404
0.208865
0.0357025
0.137044
0.625995
0.662
0.386953
0.662
0.540234
0.197632
0.662
0.428933
0.198702
0.0588114
0.127887
0.42024
0.0213272
0.030058
0.183721
0.223062
0.375981
0.103202
0.491358
0.0477286
0.111656
0.559032
0.155808
0.418936
0.0712273
0.662
0.662
0.287837
0.537718
0.662
0.662
0.0794112
0.343627
0.0738708
0.300365
0.662
0.331932
0.0401245
0.411883
0.412478
0.347467
0.380157
0.127506
0.227198
0.134765
0.434383
0.356174
0.207319
0.142986
0.11575
0.265106
0.662
0.273248
0.0817046
0.431711
0.319491
0.192904
0.077296
0.333134
0.401093
0.21041
0.0910025
0.110971
0.662
0.00925838
0.33126
0.0874049
0.437147
0.33517
0.273298
0.399961
0.225678
0.219289
0.522872
0.193746
0.13339
0.110466
0.13048
0.662
0.662
0.505143
0.128454
0.184645
0.203796
0.662
0.183109
0.474593
0.354431
0.0877363
0.662
0.435638
0.526953
0.256861
0.0427347
0.230452
0.185596
0.662
0.38087
0.106074
0.153805
0.156096
0.454349
0.0282062
0.199122
0.464798
0.299542
0.173722
0.483329
0.144277
0.662
0.662
0.0859183
0.662
0.237042
0.352897
0.0675279
0.44034
0.37241
0.0318453
0.230478
0.0251942
0.448768
0.662
0.252609
0.2322
0.12717
0.50074
0.108215
0.152786
0.494247
0.274513
0.230622
0.347464
0.389368
0.25294
0.448478
0.0471761
0.166801
0.248994
0.283686
0.147386
0.277557
0.222207
0.0957147
0.439815
0.163286
0.149477
0.0692894
0.234151
0.0922401
0.514097
0.439877
0.303325
0.300686
0.0741515
0.662
0.037357
0.655671
0.109545
0.277694
0.21188
0.159334
0.526165
0.0650133
0.148595
0.113394
0.662
0.41723
0.20772
0.132318
0.104878
0.518716
0.0765169
0.0237339
0.128208
0.203923
0.662
0.101021
0.0522011
0.17785
0.186607
0.231468
0.0471548
0.300182
0.271106
0.243759
0.662
0.220743
0.61093
0.29806
0.0738068
0.662
0.662
0.205182
0.00924575
0.455185
0.0876446
0.174172
0.475939
0.468804
0.662
0.662
0.553772
0.34912
0.0203154
0.139498
0.240476
0.126989
0.102812
0.25415
0.397011
0.420537
0.144366
0.241952
0.0999842
0.662
0.272458
0.662
0.0906296
0.289972
0.20207
0.146164
0.0817404
0.234082
0.154506
0.662
0.0435275
0.457153
0.329931
0.662
0.662
0.336409
0.107286
0.39455
0.662
0.054976
0.313498
0.188122
0.662
0.662
0.292203
0.166023
0.153011
0.406712
0.134827
0.169568
0.662
0.17048
0.0550284
0.0443231
0.233394
0.0908409
0.411528
0.0725401
0.442844
0.0952657
0.115222
0.662
0.662
0.569433
0.37251
0.362302
0.43743
0.500477
0.0714009
0.662
0.338949
0.225643
0.192976
0.309674
0.182031
0.518654
0.206156
0.662
0.662
0.186647
0.22071
0.073797
0.205357
0.294759
0.427964
0.554559
0.0658107
0.643034
0.161341
0.0722137
0.426988
0.0753195
0.109557
0.140441
0.0266124
0.104247
0.254771
0.229906
0.236253
0.281673
0.485993
0.142099
0.0758584
0.277731
0.34504
0.104162
0.234166
0.276443
0.662
0.150005
0.662
0.252207
0.254653
0.174814
0.200643
0.158095
0.191424
0.306053
0.662
0.590923
0.208406
0.662
0.138088
0.277636
0.465905
0.144213
0.132462
0.502938
0.0837078
0.662
0.398301
0.425055
0.318196
0.247187
0.0829146
0.201489
0.0616579
0.160495
0.662
0.225286
0.368354
0.25709
0.114258
0.0875041
0.304656
0.230327
0.277389
0.232892
0.516787
0.0886841
0.662
0.220085
0.260506
0.246232
0.282538
0.217273
0.316415
0.0142095
0.157659
0.192323
0.270362
0.0729819
0.638884
0.313249
0.0775079
0.140875
0.0985906
0.0974106
0.0576813
0.261919
0.662
0.0883412
0.202582
0.0375192
0.243157
0.346937
0.0467728
0.47369
0.345155
0.662
0.367055
0.311206
0.290829
0.26775
0.244623
0.321192
0.28874
0.662
0.0730179
0.662
0.14747
0.223655
0.451638
0.662
0.292854
0.212228
0.605071
0.20759
0.185638
0.229578
0.402135
0.157214
0.621935
0.11477
0.23577
0.662
0.266112
0.50924
0.220904
0.256709
0.662
0.513719
0.662
0.0933312
0.141138
0.21675
0.483025
0.0625309
0.094529
0.0740399
0.662
0.578232
0.662
0.172803
0.194255
0.437079
0.117851
0.662
0.662
0.662
0.0737059
0.420249
0.0954535
0.167691
0.3778
0.101058
0.659541
0.662
0.470124
0.0642045
0.193497
0.165963
0.211979
0.662
0.208191
0.662
0.662
0.543293
0.0781972
0.662
0.0697997
0.662
0.536035
0.275203
0.266454
0.168782
0.086834
0.249757
0.308734
0.206224
0.120615
0.338684
0.42274
0.18126
0.340704
0.157398
0.0763322
0.662
0.0639287
0.203226
0.0623258
0.0967404
0.294584
0.0784014
0.135053
0.111269
0.0968701
0.0854964
0.662
0.383102
0.19835
0.108772
0.16912
0.303404
0.0465642
0.235153
0.342591
0.173252
0.105682
0.0134643
0.28699
0.0594898
0.662
0.37231
0.662
0.662
0.172619
0.662
0.187684
0.0896403
0.456199
0.138062
0.280901
0.145375
0.063354
0.662
0.662
0.156114
0.168738
0.387398
0.163495
0.0632042
0.662
0.0807393
0.662
0.662
0.18392
0.3175
0.389233
0.173795
0.0924058
0.662
0.481805
0.265687
0.166596
0.137177
0.390777
0.662
0.637775
0.534232
0.294691
0.0441743
0.662
0.275229
0.209138
0.662
0.576249
0.125478
0.182743
0.125172
0.662
0.295008
0.662
0.0633703
0.662
0.25603
0.520601
0.0847932
0.662
0.662
0.0633756
0.193059
0.177997
0.345576
0.172943
0.600902
0.19559
0.153505
0.662
0.128466
0.662
0.316291
0.490083
0.460543
0.197583
0.446179
0.662
0.115261
0.295829
0.019334
0.10695
0.0690558
0.45005
0.410013
0.662
0.662
0.662
0.0306759
0.218013
0.267699
0.203766
0.136819
0.274164
0.145733
0.662
0.662
0.112828
0.301331
0.286738
0.193158
0.662
0.182891
0.662
0.368021
0.662
0.292391
0.354
0.0613478
0.662
0.497013
0.304017
0.275466
0.662
0.209315
0.387267
0.131809
0.227175
0.173468
0.111453
0.0610302
0.270472
0.662
0.208466
0.416729
0.493495
0.279785
0.0809241
0.257941
0.662
0.662
0.283454
0.297975
0.361647
0.271776
0.160146
0.531757
0.252842
0.475002
0.035158
0.157612
0.206713
0.202425
0.067039
0.544938
0.075643
0.403357
0.513952
0.662
0.449065
0.386286
0.30452
0.662
0.333455
0.239627
0.123099
0.245072
0.662
0.197169
0.244072
0.248811
0.37784
0.384497
0.0631329
0.0805036
0.267635
0.662
0.454053
0.177377
0.662
0.357743
0.0929421
0.447088
0.346572
0.160841
0.236307
0.231894
0.184095
0.662
0.310268
0.0221901
0.349822
0.0963719
0.662
0.662
0.158987
0.46331
0.10596
0.378611
0.170869
0.448871
0.148199
0.251716
0.662
0.320343
0.348791
0.109573
0.148125
0.208521
0.662
0.523274
0.103071
0.265228
0.637327
0.210548
0.203018
0.662
0.235514
0.662
0.248921
0.303823
0.319303
0.332402
0.103223
0.380835
0.32596
0.284493
0.122671
0.408113
0.102747
0.371171
0.125168
0.16037
0.381753
0.0783874
0.662
0.303421
0.485362
0.11359
0.662
0.662
0.211191
0.210502
0.253404
0.339449
0.62509
0.153405
0.189127
0.662
0.484442
0.200593
0.317677
0.662
0.0519372
0.624824
0.272895
0.232435
0.0870395
0.58066
0.262026
0.274249
0.662
0.284481
0.652427
0.662
0.662
0.209336
0.662
0.57966
0.0583767
0.454333
0.529565
0.662
0.0506779
0.512416
0.311267
0.283191
0.330449
0.524017
0.281193
0.662
0.142564
0.195709
0.0748954
0.0698104
0.161509
0.142537
0.0977995
0.101527
0.662
0.0422829
0.247938
0.292773
0.22164
0.0923914
0.133937
0.654991
0.342181
0.139311
0.381273
0.386928
0.269023
0.278695
0.662
0.0223189
0.662
0.0810883
0.209996
0.662
0.337148
0.662
0.117291
0.368546
0.662
0.17951
0.48989
0.031569
0.115579
0.0785636
0.212341
0.249256
0.283953
0.315515
0.571232
0.504446
0.306849
0.364664
0.0363005
0.140468
0.265907
0.662
0.0875558
0.335191
0.662
0.00346121
0.0645212
0.182721
0.662
0.000622295
0.290782
0.186596
0.448019
0.0909939
0.662
0.254554
0.12396
0.364883
0.15629
0.0644602
0.212803
0.162917
0.104658
0.332293
0.662
0.218558
0.416596
0.371851
0.137472
0.549565
0.131065
0.318798
0.182592
0.0812309
0.460685
0.662
0.662
0.100327
0.379088
0.29168
0.29522
0.206026
0.633359
0.35807
0.364846
0.156126
0.115541
0.0829513
0.368926
0.371838
0.604801
0.221908
0.304918
0.536106
0.454513
0.430165
0.198457
0.0802912
0.104406
0.662
0.224024
0.221726
0.662
0.208695
0.662
0.234252
0.309191
0.141411
0.407236
0.160268
0.162847
0.530409
0.227445
0.219283
0.358786
0.132998
0.362943
0.587498
0.244567
0.11138
0.089404
0.0495038
0.199351
0.662
0.186209
0.223074
0.0608461
0.662
0.193354
0.132119
0.14839
0.550212
0.0454711
0.126158
0.25053
0.0732013
0.35249
0.082266
0.44909
0.662
0.267683
0.429115
0.662
0.0291564
0.443075
0.190528
0.181778
0.00599888
0.44208
0.0132038
0.394805
0.102351
0.271118
0.412123
0.0514737
0.439545
0.409175
0.662
0.404351
0.23813
0.142996
0.21955
0.114336
0.312972
0.541288
0.662
0.167254
0.148208
0.328625
0.0858399
0.0975606
0.508946
0.248642
0.0766988
0.106613
0.275258
0.189609
0.662
0.051861
0.406998
0.662
0.662
0.0246816
0.662
0.147202
0.579502
0.259561
0.150556
0.00365319
0.127385
0.154985
0.662
0.662
0.206785
0.362845
0.0587082
0.50094
0.392246
0.149699
0.307809
0.426633
0.662
0.618285
0.0849921
0.306643
0.131843
0.0838591
0.141662
0.0455772
0.375701
0.662
0.470008
0.0834539
0.217409
0.43019
0.662
0.151695
0.146038
0.313566
0.662
0.662
0.189342
0.248384
0.0448632
0.662
0.119104
0.232241
0.662
0.330951
0.248251
0.375487
0.170904
0.662
0.150158
0.586052
0.128837
0.0955604
0.442949
0.0137762
0.225265
0.0894307
0.132603
0.280584
0.264828
0.662
0.238848
0.662
0.272583
0.232885
0.12187
0.397571
0.134022
0.213694
0.214095
0.388149
0.164001
0.0912582
0.662
0.252667
0.662
0.100573
0.152732
0.662
0.454808
0.662
0.29761
0.0249997
0.153756
0.218254
0.651217
0.179446
0.561084
0.419478
0.182955
0.138601
0.130566
0.111728
0.620237
0.662
0.432738
0.19612
0.135494
0.237482
0.283877
0.160348
0.0401379
0.125487
0.0176644
0.0905413
0.238738
0.561683
0.662
0.319319
0.251576
0.442092
0.205929
0.160776
0.662
0.662
0.101354
0.163963
0.273204
0.356791
0.638117
0.662
0.358777
0.393032
0.161332
0.0383634
0.461727
0.0768139
0.164741
0.204307
0.0881145
0.466385
0.0430017
0.372957
0.662
0.315114
0.173238
0.118546
0.0276118
0.290164
0.275942
0.662
0.0973602
0.389928
0.103447
0.14156
0.085905
0.298524
0.206525
0.662
0.0426154
0.0330871
0.662
0.636898
0.662
0.176058
0.313323
0.123508
0.221106
0.179425
0.496851
0.35997
0.321703
0.662
0.196849
0.0474762
0.272744
0.325948
0.0389777
0.199807
0.101341
0.662
0.603136
0.169051
0.0465963
0.121159
0.0592716
0.221264
0.235365
0.0621377
0.072768
0.662
0.364511
0.0834216
0.0409765
0.292671
0.662
0.498001
0.246297
0.206915
0.204121
0.601897
0.584814
0.165862
0.125987
0.0555294
0.146606
0.395021
0.648434
0.204006
0.170484
0.440232
0.250379
0.662
0.355433
0.148009
0.147894
0.606909
0.268139
0.662
0.324244
0.662
0.203067
0.543052
0.662
0.662
0.662
0.0759927
0.328362
0.0941616
0.0271339
0.337838
0.183072
0.123333
0.455595
0.0701105
0.662
0.0890828
0.479517
0.662
0.662
0.192444
0.0572537
0.238058
0.179241
0.186456
0.150003
0.520103
0.395253
0.204736
0.1111
0.340846
0.0174414
0.662
0.437569
0.139871
0.118675
0.264516
0.662
0.115376
0.662
0.087795
0.427628
0.662
0.158466
0.167724
0.172005
0.236138
0.662
0.383206
0.186579
0.208943
0.345165
0.662
0.287176
0.266371
0.0416791
0.157074
0.119034
0.268742
0.191404
0.181053
0.155541
0.229407
0.497835
0.0167189
0.295735
0.249171
0.131739
0.0280766
0.211035
0.0672931
0.13489
0.0715018
0.492855
0.115919
0.144426
0.331299
0.121924
0.0675733
0.658233
0.148951
0.186756
0.207365
0.157584
0.0663688
0.267649
0.131466
0.244374
0.662
0.193885
0.662
0.31798
0.0819482
0.0105655
0.217062
0.199357
0.271704
0.114745
0.236597
0.553642
0.119373
0.108093
0.243795
0.172605
0.0692681
0.387006
0.214139
0.344613
0.0597349
0.662
0.133323
0.443506
0.0645717
0.334372
0.273499
0.0206529
0.0683094
0.221885
0.300781
0.230548
0.63912
0.251956
0.0087987
0.293438
0.144181
0.13563
0.309673
0.365244
0.163629
0.118653
0.0767211
0.139066
0.435346
0.113589
0.083897
0.109912
0.41827
0.480872
0.056882
0.41778
0.0905438
0.223432
0.327891
0.384626
0.426983
0.0706388
0.662
0.151228
0.240121
0.281332
0.102299
0.662
0.242443
0.172195
0.267332
0.463766
0.125013
0.287138
0.113782
0.00306035
0.662
0.662
0.0322999
0.222125
0.662
0.119348
0.662
0.17175
0.225396
0.138421
0.122015
0.454165
0.15152
0.238395
0.280774
0.146289
0.662
0.144131
0.627186
0.063447
0.662
0.242361
0.201139
0.162499
0.216102
0.198063
0.18193
0.285894
0.662
0.177439
0.157872
0.662
0.662
0.32683
0.0738775
0.662
0.229173
0.52918
0.0937382
0.145044
0.186463
0.440728
0.0554923
0.124411
0.326077
0.662
0.211413
0.359441
0.124013
0.196438
0.229935
0.0931068
0.159993
0.662
0.102478
0.198008
0.425248
0.258861
0.0242572
0.662
0.0558404
0.531126
0.228383
0.186998
0.112818
0.36841
0.301045
0.312644
0.0178242
0.10321
0.312417
0.662
0.450433
0.458187
0.0513937
0.278888
0.662
0.204865
0.662
0.198127
0.214773
0.0308416
0.0739165
0.322841
0.328704
0.00436446
0.447888
0.187534
0.662
0.247365
0.0185979
0.273073
0.662
0.662
0.662
0.244355
0.215187
0.335506
0.318365
0.209378
0.176865
0.115397
0.0601406
0.097547
0.211451
0.120237
0.215986
0.0389943
0.20425
0.0204757
0.0167022
0.113644
0.662
0.296243
0.0838486
0.545908
0.52312
0.24009
0.210318
0.103229
0.662
0.13224
0.261023
0.0583509
0.391068
0.114373
0.414483
0.305968
0.615957
0.558984
0.222083
0.411953
0.113687
0.150771
0.656762
0.133952
0.597277
0.375589
0.0503548
0.662
0.11219
0.662
0.100084
0.205395
0.662
0.0979132
0.0903021
0.274873
0.236069
0.662
0.290597
0.196745
0.662
0.662
0.061712
0.469385
0.662
0.330804
0.154923
0.566596
0.191651
0.244673
0.050631
0.108727
0.180073
0.496977
0.0508725
0.662
0.662
0.0862537
0.146816
0.312579
0.240911
0.288218
0.0898875
0.662
0.106911
0.401466
0.383847
0.194094
0.662
0.554384
0.662
0.528819
0.192276
0.662
0.243681
0.227888
0.171589
0.443733
0.662
0.173165
0.129383
0.174326
0.0594688
0.170327
0.662
0.366619
0.411632
0.662
0.189307
0.20061
0.662
0.635164
0.335379
0.400503
0.360967
0.333454
0.662
0.153263
0.662
0.662
0.251415
0.553506
0.00904733
0.156203
0.662
0.523296
0.0575139
0.118616
0.303608
0.118278
0.132873
0.39571
0.307325
0.662
0.0655523
0.192436
0.0658541
0.14535
0.398601
0.460086
0.100542
0.417692
0.148621
0.354592
0.140519
0.376405
0.409197
0.327926
0.223138
0.140662
0.0994729
0.122737
0.168339
0.312203
0.184448
0.508543
0.662
0.238159
0.662
0.0342963
0.473587
0.662
0.235993
0.430779
0.29527
0.222859
0.207433
0.616794
0.0657722
0.11938
0.662
0.662
0.0229829
0.141684
0.268848
0.357807
0.172404
0.18519
0.237957
0.116247
0.265122
0.327252
0.185828
0.662
0.189828
0.344464
0.184883
0.150963
0.0496584
0.214818
0.457113
0.249981
0.145623
0.251734
0.0985645
0.00148099
0.230636
0.357034
0.361593
0.662
0.182495
0.602182
0.0477022
0.25585
0.355161
0.508098
0.107732
0.345986
0.151678
0.447542
0.662
0.597503
0.662
0.395486
0.0562924
0.450888
0.118893
0.167963
0.216332
0.0782217
0.120389
0.168661
0.370201
0.353803
0.311858
0.1054
0.346582
0.143525
0.162861
0.267389
0.662
0.553527
0.335348
0.621495
0.662
0.215138
0.395246
0.662
0.215733
0.530683
0.165643
0.210737
0.662
0.188749
0.426165
0.354742
0.0802726
0.662
0.662
0.044918
0.284704
0.485247
0.139656
0.662
0.397764
0.410004
0.000128662
0.317754
0.206135
0.662
0.0799627
0.134427
0.51696
0.425002
0.203637
0.249356
0.164043
0.175134
0.0535597
0.662
0.0429594
0.0238764
0.662
0.662
0.0997983
0.151165
0.0718855
0.273113
0.0787014
0.185718
0.124486
0.215901
0.241061
0.0593405
0.662
0.195783
0.0564269
0.662
0.0361298
0.222354
0.124642
0.0175842
0.662
0.14947
0.190013
0.168899
0.461104
0.662
0.340787
0.175965
0.662
0.434445
0.0514171
0.257423
0.662
0.245495
0.662
0.0935642
0.0487996
0.2047
0.245124
0.316476
0.243686
0.0559487
0.115155
0.226868
0.309505
0.662
0.27102
0.238002
0.662
0.280296
0.194202
0.601721
0.662
0.225952
0.096185
0.662
0.0222323
0.662
0.202661
0.336211
0.166438
0.224713
0.662
0.662
0.662
0.30712
0.662
0.662
0.508549
0.273036
0.662
0.114832
0.193216
0.475872
0.372489
0.662
0.319548
0.0540247
0.0873303
0.244562
0.187961
0.213175
0.126252
0.38669
0.662
0.317163
0.0792097
0.120877
0.662
0.37822
0.662
0.134694
0.255568
0.662
0.662
0.252821
0.662
0.134903
0.662
0.208951
0.0838223
0.193511
0.132238
0.116648
0.0811237
0.048731
0.169838
0.316435
0.456523
0.662
0.662
0.123784
0.251864
0.542232
0.362047
0.106059
0.466844
0.0251721
0.0382072
0.316709
0.128573
0.148864
0.662
0.470185
0.0488686
0.133794
0.447397
0.662
0.126726
0.662
0.262487
0.253305
0.350717
0.351973
0.167341
0.149055
0.0530824
0.662
0.662
0.662
0.662
0.662
0.0499933
0.0913634
0.662
0.662
0.298322
0.124318
0.0914828
0.145779
0.14249
0.3503
0.245078
0.550596
0.662
0.0660888
0.236565
0.153957
0.123718
0.0805772
0.102471
0.182406
0.417018
0.47716
0.255188
0.508068
0.0488788
0.662
0.165751
0.239274
0.0272998
0.163164
0.662
0.0267925
0.662
0.154716
0.442712
0.06771
0.0827947
0.33728
0.662
0.322019
0.662
0.513194
0.183922
0.530591
0.222623
0.605267
0.121887
0.145459
0.102273
0.662
0.0949778
0.200878
0.662
0.662
0.600084
0.329262
0.114287
0.30978
0.481918
0.481635
0.662
0.121808
0.147956
0.210498
0.662
0.662
0.0941281
0.416168
0.224378
0.662
0.662
0.0740735
0.100011
0.144327
0.445577
0.400953
0.33913
0.662
0.662
0.09944
0.280133
0.662
0.128531
0.151636
0.662
0.361849
0.222925
0.662
0.662
0.484829
0.662
0.326623
0.159464
0.662
0.281753
0.662
0.208159
0.059881
0.662
0.133769
0.379192
0.517737
0.662
0.14942
0.662
0.308166
0.662
0.349288
0.605054
0.494119
0.662
0.0637614
0.662
0.332344
0.387437
0.662
0.26143
0.662
0.151717
0.165883
0.241969
0.0961038
0.180145
0.0010781
0.115591
0.13967
0.0490538
0.142555
0.124717
0.111449
0.140302
0.61833
0.296677
0.247915
0.0855586
0.193333
0.175433
0.0327212
0.400754
0.0327316
0.662
0.401178
0.11295
0.296243
0.662
0.175771
0.114213
0.0962346
0.529389
0.100118
0.520212
0.662
0.662
0.130435
0.662
0.170901
0.215974
0.0608985
0.425798
0.200364
0.157619
0.662
0.662
0.662
0.662
0.385729
0.147464
0.662
0.465272
0.311065
0.177045
0.177054
0.281463
0.662
0.662
0.049463
0.314225
0.184786
0.135939
0.147957
0.662
0.216308
0.520086
0.31983
0.363885
0.0731357
0.0473786
0.376325
0.274277
0.315625
0.218279
0.194331
0.662
0.131603
0.662
0.427674
0.112129
0.090181
0.0651439
0.317102
0.662
0.662
0.662
0.204737
0.19119
0.156289
0.662
0.0192396
0.224114
0.105606
0.317738
0.282839
0.0714842
0.662
0.619082
0.15222
0.308834
0.0676394
0.662
0.107185
0.0563395
0.276177
0.662
0.0202266
0.32863
0.0841813
0.100339
0.0762933
0.179544
0.662
0.0268975
0.101043
0.662
0.662
0.287394
0.203994
0.343853
0.401743
0.378499
0.0315211
0.0651254
0.662
0.0874802
0.112444
0.390519
0.524845
0.0155918
0.107483
0.146121
0.348507
0.189236
0.662
0.662
0.583461
0.662
0.0301406
0.0741943
0.274965
0.380906
0.662
0.662
0.245973
0.122133
0.0853273
0.319771
0.3105
0.210583
0.0845555
0.662
0.662
0.111906
0.034384
0.662
0.157392
0.292491
0.379266
0.374893
0.101754
0.0304477
0.293513
0.193228
0.210896
0.0779673
0.156335
0.0690853
0.191513
0.27206
0.475399
0.286311
0.0661058
0.234804
0.279983
0.136808
0.587363
0.662
0.122776
0.157316
0.65647
0.414654
0.440933
0.0886475
0.545576
0.0856564
0.160009
0.279704
0.21488
0.599178
0.154617
0.177076
0.113335
0.59036
0.466684
0.125678
0.101652
0.337896
0.191497
0.248155
0.111684
0.340684
0.213212
0.023304
0.662
0.297762
0.0798858
0.216204
0.662
0.662
0.206705
0.112991
0.56453
0.143761
0.0441566
0.358611
0.662
0.662
0.417717
0.218047
0.143438
0.105462
0.662
0.370363
0.205656
0.207201
0.149526
0.403003
0.245965
0.091773
0.276485
0.1234
0.662
0.157419
0.196513
0.068217
0.083605
0.253091
0.662
0.188963
0.613769
0.269958
0.117612
0.511827
0.119528
0.0957235
0.269562
0.0712385
0.243866
0.446931
0.122718
0.188857
0.662
0.553209
0.343443
0.466807
0.205273
0.19831
0.662
0.048708
0.2164
0.662
0.282045
0.154989
0.245879
0.176276
0.33935
0.052083
0.662
0.0991231
0.274845
0.0761323
0.438449
0.357839
0.225203
0.011299
0.307554
0.12978
0.18813
0.662
0.127185
0.326524
0.176438
0.176932
0.662
0.147
0.0207251
0.511265
0.0427041
0.662
0.33227
0.115813
0.118393
0.42974
0.497546
0.196229
0.101393
0.119477
0.123052
0.481877
0.662
0.662
0.662
0.14473
0.318801
0.446717
0.516805
0.662
0.465218
0.314877
0.662
0.329433
0.129603
0.243556
0.207973
0.0518918
0.309894
0.662
0.066843
0.14019
0.16202
0.281134
0.525899
0.662
0.414138
0.148673
0.190776
0.648029
0.334732
0.402394
0.0281899
0.611272
0.662
0.107226
0.0236172
0.662
0.385118
0.0952417
0.582012
0.183228
0.304737
0.210511
0.43847
0.361129
0.332559
0.310405
0.252705
0.283939
0.388288
0.0462055
0.0871791
0.121956
0.0887557
0.179598
0.314287
0.201487
0.331209
0.450319
0.331551
0.203187
0.120854
0.662
0.310162
0.243378
0.662
0.0873616
0.662
0.0104497
0.522615
0.29722
0.111632
0.0810647
0.090685
0.192476
0.291462
0.102479
0.662
0.662
0.320742
0.395112
0.410974
0.516734
0.662
0.1717
0.440631
0.662
0.118218
0.124871
0.18699
0.0558596
0.662
0.26449
0.236002
0.662
0.662
0.565042
0.147249
0.0593062
0.477961
0.339084
0.662
0.000491197
0.419559
0.662
0.538984
0.0562135
0.212566
0.615432
0.0380314
0.393183
0.521453
0.280955
0.0504994
0.0654867
0.422275
0.38878
0.261566
0.51132
0.662
0.0866554
0.662
0.662
0.662
0.434686
0.20439
0.250009
0.147593
0.100852
0.10298
0.075434
0.130711
0.0712171
0.0677275
0.0481625
0.60419
0.662
0.13017
0.235984
0.19994
0.114288
0.434218
0.662
0.107989
0.34254
0.321343
0.0862898
0.228239
0.364715
0.19255
0.662
0.122134
0.662
0.0677944
0.260877
0.232667
0.103692
0.662
0.0552375
0.127666
0.173639
0.324593
0.662
0.148242
0.662
0.201368
0.216785
0.0815608
0.662
0.0594585
0.662
0.610766
0.232849
0.299563
0.164088
0.662
0.139177
0.139052
0.629568
0.290822
0.310167
0.131261
0.217504
0.0220374
0.121387
0.143228
0.100884
0.0966149
0.26932
0.289415
0.129579
0.0672203
0.0713089
0.356388
0.0896257
0.484855
0.26342
0.173595
0.553431
0.218433
0.412787
0.490623
0.103355
0.0952706
0.0776833
0.43741
0.0627996
0.550914
0.337065
0.108612
0.150845
0.132396
0.309809
0.275258
0.662
0.158963
0.662
0.662
0.271557
0.0617421
0.662
0.2299
0.662
0.298365
0.208735
0.426644
0.0948925
0.471512
0.305434
0.356841
0.045795
0.662
0.147377
0.131091
0.0122322
0.221319
0.447731
0.26589
0.587747
0.662
0.255996
0.500372
0.339713
0.48887
0.142762
0.344086
0.12696
0.662
0.163251
0.0341452
0.400999
0.305819
0.253899
0.356698
0.662
0.455107
0.662
0.466868
0.142155
0.221737
0.0792772
0.0667027
0.0622742
0.662
0.339533
0.358859
0.259361
0.0421247
0.662
0.0736812
0.0337742
0.570737
0.239338
0.662
0.253711
0.557422
0.239499
0.123833
0.0701718
0.207613
0.265579
0.662
0.662
0.0969706
0.320023
0.16893
0.141978
0.256068
0.0979136
0.0962013
0.165196
0.662
0.375568
0.647952
0.662
0.132837
0.33073
0.217419
0.177552
0.256116
0.618559
0.227686
0.596369
0.100594
0.0755251
0.642739
0.470587
0.130978
0.0825743
0.304192
0.246734
0.11634
0.14572
0.178398
0.281232
0.117158
0.156991
0.0711122
0.364955
0.169999
0.401345
0.0629262
0.216666
0.662
0.10374
0.662
0.646794
0.0313195
0.11253
0.539336
0.132129
0.223262
0.340011
0.239184
0.140317
0.332845
0.477546
0.0984322
0.239683
0.388724
0.662
0.284356
0.223264
0.0718466
0.185617
0.133178
0.021954
0.662
0.0494813
0.662
0.300387
0.122799
0.469881
0.24082
0.662
0.662
0.662
0.498419
0.166796
0.346475
0.147795
0.662
0.221829
0.0782392
0.116491
0.0887486
0.0880874
0.0758256
0.172962
0.155001
0.446689
0.188241
0.662
0.307212
0.185941
0.340199
0.356371
0.662
0.26217
0.0859389
0.129871
0.571494
0.0771273
0.662
0.0926555
0.118476
0.205027
0.310958
0.257992
0.170682
0.139681
0.662
0.662
0.0701269
0.267643
0.662
0.105486
0.154946
0.457578
0.473365
0.409495
0.165561
0.0915563
0.111599
0.0381093
0.22935
0.130702
0.662
0.0920484
0.174899
0.13158
0.662
0.662
0.136724
0.0709176
0.167503
0.317003
0.230688
0.12401
0.0300997
0.52402
0.205129
0.254403
0.14787
0.129167
0.217582
0.0942001
0.662
0.0844828
0.427675
0.0139118
0.662
0.334157
0.149968
0.00857112
0.662
0.0228677
0.15507
0.662
0.326561
0.271207
0.274145
0.316096
0.0421033
0.0558337
0.224493
0.14247
0.455697
0.662
0.233982
0.247678
0.221927
0.139005
0.4758
0.662
0.373771
0.0777539
0.0628215
0.220383
0.246234
0.149396
0.659024
0.0873336
0.146987
0.309207
0.228874
0.0588822
0.631037
0.662
0.662
0.253646
0.257056
0.0168843
0.0587772
0.0621561
0.290389
0.450337
0.195335
0.201424
0.1533
0.402046
0.220548
0.6585
0.662
0.435502
0.311771
0.662
0.125315
0.366155
0.217922
0.662
0.662
0.29283
0.310737
0.00831898
0.325285
0.280114
0.135653
0.170841
0.196259
0.150586
0.454708
0.662
0.662
0.255587
0.174139
0.662
0.102049
0.0644761
0.270905
0.160999
0.304067
0.188703
0.28657
0.662
0.106287
0.459037
0.13903
0.336992
0.185558
0.662
0.337909
0.259971
0.0942099
0.176048
0.0167946
0.167059
0.208138
0.662
0.246151
0.178838
0.367227
0.0973122
0.288429
0.326881
0.0806705
0.301373
0.407303
0.46906
0.0503174
0.640206
0.662
0.261567
0.662
0.492857
0.329781
0.109911
0.662
0.139734
0.041659
0.364985
0.395409
0.662
0.297641
0.662
0.0171535
0.402815
0.0967498
0.193422
0.233011
0.662
0.1596
0.0411824
0.605284
0.285555
0.331454
0.381549
0.237728
0.662
0.525407
0.622895
0.345003
0.0723052
0.41357
0.431987
0.24904
0.649664
0.0534235
0.35096
0.0768091
0.662
0.282709
0.287735
0.135214
0.476604
0.633209
0.012241
0.662
0.0947453
0.075006
0.225767
0.30998
0.645288
0.298752
0.410119
0.413635
0.107775
0.0844359
0.484572
0.107058
0.662
0.11989
0.620486
0.623202
0.116131
0.135308
0.662
0.156519
0.474993
0.0885315
0.0708708
0.0728744
0.246244
0.137008
0.0289516
0.662
0.0289182
0.0463564
0.0645073
0.080067
0.073613
0.662
0.662
0.282035
0.292253
0.621166
0.662
0.591583
0.0165899
0.425588
0.496208
0.662
0.0825291
0.443267
0.398935
0.386517
0.662
0.127349
0.662
0.443692
0.362592
0.0992663
0.142337
0.662
0.662
0.662
0.131524
0.662
0.166916
0.580622
0.662
0.228131
0.662
0.0254321
0.662
0.662
0.229948
0.203077
0.662
0.205928
0.256208
0.284901
0.662
0.662
0.320129
0.265192
0.0761223
0.0941906
0.0383827
0.0800249
0.060504
0.662
0.432904
0.160504
0.388493
0.256305
0.662
0.250829
0.131102
0.0700107
0.242597
0.0817592
0.131066
0.107278
0.491777
0.117766
0.26453
0.501998
0.662
0.0290616
0.403598
0.662
0.446129
0.203653
0.662
0.139413
0.662
0.452882
0.14041
0.493193
0.102036
0.414216
0.507411
0.225038
0.0907668
0.422652
0.583331
0.662
0.0760956
0.133414
0.558134
0.277075
0.00555767
0.460658
0.662
0.151855
0.353428
0.598012
0.123397
0.548353
0.249037
0.0667669
0.662
0.123367
0.662
0.113265
0.662
0.328805
0.278666
0.0628893
0.662
0.0490842
0.219473
0.186543
0.662
0.10931
0.218102
0.662
0.100744
0.392928
0.275715
0.211559
0.515164
0.205134
0.0560722
0.147398
0.0964325
0.0323818
0.379669
0.147497
0.662
0.119803
0.158279
0.235162
0.178657
0.0799669
0.613377
0.319459
0.662
0.118792
0.662
0.0256763
0.0984391
0.315356
0.090959
0.126957
0.114255
0.176909
0.662
0.300471
0.475838
0.230959
0.166437
0.268855
0.145711
0.194306
0.662
0.159008
0.122382
0.150912
0.391796
0.297644
0.0516841
0.656592
0.23627
0.323936
0.0806254
0.602927
0.254472
0.194384
0.290257
0.0641019
0.662
0.456218
0.293092
0.0397829
0.248321
0.662
0.469696
0.146169
0.20719
0.565787
0.346995
0.0777597
0.407624
0.135539
0.662
0.662
0.183772
0.128175
0.289844
0.172164
0.312268
0.126389
0.362691
0.360966
0.567861
0.268096
0.662
0.21121
0.183604
0.197841
0.161105
0.247708
0.306348
0.1841
0.159221
0.133557
0.31337
0.465471
0.603748
0.372432
0.662
0.187804
0.205592
0.105608
0.211425
0.365349
0.0125698
0.623089
0.104912
0.341136
0.397189
0.17645
0.238252
0.639512
0.0838272
0.174079
0.136858
0.633391
0.180244
0.662
0.176011
0.662
0.662
0.0684427
0.163643
0.482257
0.0497
0.117494
0.307388
0.199586
0.498344
0.662
0.340359
0.249006
0.18082
0.662
0.0699733
0.00703118
0.662
0.151811
0.662
0.135638
0.662
0.239403
0.662
0.237481
0.0609031
0.314128
0.426057
0.299121
0.120845
0.279609
0.105326
0.110228
0.421063
0.29257
0.662
0.662
0.252608
0.315697
0.0638161
0.528719
0.0562163
0.662
0.196124
0.42108
0.382407
0.662
0.290628
0.127627
0.662
0.662
0.237177
0.112287
0.539641
0.348011
0.662
0.0967681
0.0496877
0.320153
0.0932074
0.123278
0.604006
0.197408
0.118914
0.253688
0.36111
0.662
0.559646
0.293124
0.662
0.370802
0.222792
0.489205
0.174431
0.185891
0.00202708
0.216788
0.322755
0.502695
0.379613
0.0779596
0.036605
0.282677
0.0743681
0.43416
0.330266
0.12475
0.243631
0.329566
0.101671
0.262705
0.662
0.205876
0.0636603
0.662
0.0285075
0.143985
0.662
0.285309
0.094242
0.1863
0.662
0.0106658
0.0676052
0.346145
0.369256
0.373253
0.246026
0.643226
0.662
0.662
0.376372
0.662
0.340375
0.0816055
0.0721501
0.0105385
0.0474737
0.221351
0.385722
0.233234
0.662
0.192487
0.117383
0.199662
0.398682
0.347509
0.190138
0.354923
0.18056
0.232842
0.227089
0.00762137
0.662
0.237187
0.163404
0.0812988
0.662
0.379119
0.662
0.662
0.305373
0.218336
0.10687
0.662
0.154604
0.381155
0.268604
0.190671
0.0794558
0.486876
0.561389
0.25757
0.24612
0.662
0.105833
0.531437
0.0381789
0.486291
0.0606578
0.0678379
0.280432
0.0740953
0.393332
0.309923
0.269447
0.00910578
0.338608
0.662
0.15932
0.299328
0.34385
0.250441
0.0606539
0.238186
0.423686
0.181828
0.165075
0.662
0.662
0.478711
0.156364
0.222535
0.612659
0.662
0.342713
0.662
0.662
0.12801
0.473588
0.411029
0.342682
0.273745
0.0772728
0.187977
0.179525
0.06084
0.474279
0.242677
0.398671
0.185782
0.229616
0.114299
0.27358
0.267373
0.277571
0.662
0.272159
0.229862
0.662
0.196987
0.184737
0.224391
0.30523
0.662
0.0808449
0.337089
0.113485
0.0697838
0.201489
0.283529
0.206157
0.580509
0.541731
0.263679
0.662
0.439828
0.0373849
0.662
0.182476
0.662
0.60462
0.662
0.27653
0.662
0.454097
0.45773
0.324542
0.493032
0.136481
0.502863
0.12586
0.276881
0.126868
0.3872
0.662
0.3592
0.291536
0.554193
0.3847
0.185665
0.236865
0.354108
0.38966
0.429612
0.420275
0.232879
0.0974216
0.118797
0.49594
0.623602
0.114627
0.192308
0.243578
0.662
0.023711
0.143598
0.662
0.0784988
0.151717
0.215846
0.65286
0.0437115
0.111004
0.662
0.0803918
0.662
0.170437
0.226507
0.229059
0.0645617
0.264339
0.244413
0.662
0.190957
0.0567828
0.0672779
0.662
0.122936
0.662
0.282407
0.662
0.200896
0.453837
0.662
0.350426
0.662
0.662
0.106339
0.167521
0.194487
0.202637
0.125817
0.131866
0.261034
0.302195
0.265854
0.662
0.284784
0.465184
0.0862167
0.142561
0.113737
0.660775
0.27086
0.135779
0.109713
0.0117061
0.156584
0.596792
0.238999
0.166588
0.306765
0.662
0.662
0.0595149
0.133924
0.0652192
0.628373
0.143535
0.125894
0.115572
0.015131
0.180359
0.207913
0.283404
0.645986
0.662
0.510511
0.430634
0.281194
0.170869
0.662
0.2029
0.0809037
0.339224
0.444364
0.359766
0.183095
0.203983
0.0145806
0.0744298
0.525142
0.0470978
0.641162
0.280963
0.351345
0.185168
0.586896
0.144332
0.579655
0.565227
0.285131
0.282155
0.662
0.51741
0.177617
0.653221
0.481321
0.171513
0.324232
0.582681
0.0840274
0.416615
0.147776
0.383586
0.49771
0.178353
0.533088
0.662
0.662
0.462125
0.588313
0.231893
0.342256
0.138256
0.190541
0.297691
0.100397
0.17458
0.229035
0.176091
0.240237
0.280645
0.662
0.662
0.141445
0.662
0.325055
0.112804
0.662
0.144872
0.295911
0.662
0.102689
0.662
0.127898
0.662
0.266604
0.586307
0.662
0.306326
0.556769
0.563464
0.662
0.662
0.252865
0.461025
0.065521
0.662
0.134736
0.226234
0.0334548
0.230509
0.662
0.453134
0.237083
0.0407241
0.222468
0.412447
0.154032
0.018687
0.662
0.163197
0.220586
0.662
0.119183
0.129092
0.245735
0.662
0.0844967
0.144389
0.552564
0.662
0.210075
0.122149
0.421546
0.0791045
0.600325
0.313695
0.081173
0.363699
0.160258
0.245357
0.662
0.179915
0.482663
0.662
0.598823
0.388362
0.662
0.359797
0.138832
0.662
0.579037
0.525985
0.662
0.662
0.662
0.188171
0.662
0.662
0.145222
0.107893
0.232982
0.156627
0.596867
0.369485
0.159217
0.461239
0.662
0.662
0.204762
0.647172
0.662
0.37527
0.0684308
0.123443
0.591148
0.0505371
0.242183
0.662
0.457494
0.360166
0.188908
0.342669
0.384351
0.141436
0.248221
0.596111
0.21195
0.104204
0.662
0.337522
0.248496
0.132705
0.221004
0.0982175
0.305177
0.662
0.662
0.662
0.176763
0.162722
0.250025
0.133603
0.45592
0.183157
0.0815716
0.114327
0.0139841
0.662
0.375194
0.080129
0.265933
0.662
0.157119
0.371842
0.191145
0.157172
0.207424
0.662
0.172884
0.625864
0.357382
0.190601
0.662
0.662
0.610531
0.538185
0.662
0.170684
0.232433
0.366603
0.361496
0.0281857
0.662
0.0322029
0.118664
0.0474472
0.301853
0.170018
0.453645
0.128991
0.427264
0.446452
0.0940983
0.102488
0.282308
0.662
0.313128
0.0034509
0.662
0.123572
0.251214
0.329577
0.662
0.312194
0.365704
0.514826
0.472857
0.388496
0.280635
0.439564
0.36475
0.481192
0.662
0.0840534
0.209616
0.294875
0.0541915
0.529991
0.257963
0.506402
0.349294
0.20781
0.182259
0.662
0.662
0.179002
0.129428
0.245708
0.662
0.662
0.097356
0.470796
0.0543507
0.662
0.300301
0.379644
0.0917025
0.425048
0.111504
0.132171
0.662
0.480453
0.306386
0.662
0.180726
0.528068
0.0180481
0.424249
0.0722115
0.409871
0.0292827
0.342
0.208175
0.662
0.354594
0.197614
0.167506
0.662
0.210191
0.183466
0.201751
0.636616
0.287117
0.365378
0.144375
0.0438814
0.662
0.662
0.180251
0.376501
0.199566
0.206381
0.479994
0.525525
0.245577
0.0930905
0.662
0.484701
0.148593
0.45171
0.0825671
0.662
0.512644
0.102298
0.266796
0.662
0.23358
0.0853706
0.335603
0.234237
0.404673
0.338222
0.11943
0.0631999
0.662
0.0528959
0.203573
0.175254
0.0330661
0.342276
0.36139
0.106146
0.483963
0.662
0.312047
0.0119339
0.444741
0.366175
0.491587
0.268944
0.320053
0.512782
0.422121
0.605438
0.174767
0.285263
0.113176
0.0598087
0.122384
0.123353
0.0535707
0.31827
0.138238
0.389593
0.447357
0.0432949
0.164881
0.360143
0.0522566
0.181387
0.369214
0.145772
0.285421
0.243029
0.199228
0.56362
0.304461
0.144528
0.550378
0.555921
0.662
0.47073
0.34806
0.155213
0.0851847
0.662
0.408668
0.0739049
0.21071
0.0626846
0.129763
0.662
0.1864
0.144017
0.103838
0.433329
0.412575
0.662
0.183459
0.169407
0.0223921
0.366134
0.126322
0.414555
0.129253
0.559763
0.349591
0.662
0.662
0.204541
0.662
0.0550914
0.42623
0.662
0.0729738
0.662
0.26866
0.253991
0.0914764
0.202597
0.173868
0.152275
0.662
0.385304
0.662
0.119653
0.12516
0.462064
0.186802
0.125143
0.187455
0.470671
0.118276
0.4636
0.230258
0.662
0.662
0.662
0.440242
0.293821
0.35623
0.237215
0.378437
0.235649
0.243201
0.521127
0.357735
0.260829
0.626795
0.115059
0.460062
0.459237
0.159119
0.164466
0.225051
0.252383
0.551519
0.244273
0.183287
0.309832
0.0565127
0.104132
0.378274
0.125044
0.11512
0.123035
0.0751979
0.613062
0.662
0.662
0.198142
0.192471
0.662
0.0898476
0.26301
0.0340144
0.129592
0.211903
0.179804
0.111899
0.311077
0.372021
0.457952
0.662
0.204221
0.603357
0.132921
0.156976
0.662
0.0482623
0.278682
0.62089
0.271183
0.238609
0.0125603
0.0859196
0.336924
0.114033
0.185394
0.186112
0.662
0.0674719
0.290856
0.496712
0.0671573
0.662
0.139417
0.110424
0.169916
0.0935268
0.3498
0.253012
0.286403
0.0462086
0.386816
0.41652
0.358419
0.077086
0.150684
0.108333
0.201149
0.644993
0.258954
0.297472
0.0661505
0.103783
0.662
0.159205
0.624394
0.662
0.46516
0.110136
0.563914
0.380757
0.427992
0.119913
0.0946461
0.662
0.662
0.456202
0.662
0.130164
0.173442
0.24126
0.0956451
0.160522
0.238243
0.662
0.250431
0.25967
0.129055
0.662
0.082993
0.0760133
0.662
0.161431
0.358477
0.655125
0.251416
0.200236
0.120996
0.112763
0.662
0.662
0.157504
0.349915
0.223703
0.108734
0.662
0.269776
0.324788
0.115869
0.662
0.662
0.0649572
0.439165
0.148038
0.460725
0.237668
0.50254
0.3981
0.135542
0.662
0.0923708
0.163362
0.662
0.188833
0.0163344
0.133213
0.662
0.123518
0.662
0.180941
0.662
0.58855
0.159296
0.137022
0.662
0.120685
0.234192
0.585049
0.0140065
0.147993
0.12731
0.363238
0.207224
0.0603275
0.465263
0.0191146
0.293105
0.400318
0.1729
0.281171
0.662
0.0686117
0.364204
0.662
0.662
0.158069
0.0552411
0.160031
0.114961
0.662
0.140514
0.143327
0.352493
0.0659384
0.0718963
0.0880538
0.0737095
0.466443
0.186738
0.517649
0.587837
0.154391
0.0531852
0.0854251
0.66075
0.0655539
0.105785
0.318497
0.455376
0.247798
0.662
0.662
0.29228
0.173992
0.0706783
0.474765
0.54926
0.333023
0.272715
0.22332
0.292414
0.276359
0.323613
0.469269
0.0828231
0.218684
0.210437
0.0360437
0.662
0.285067
0.419542
0.662
0.662
0.269905
0.214842
0.498917
0.662
0.219684
0.321612
0.417593
0.0804301
0.203922
0.357461
0.250228
0.662
0.556151
0.311756
0.462053
0.121032
0.4426
0.0730466
0.177525
0.498124
0.405539
0.190191
0.128397
0.0913681
0.206805
0.0771626
0.187549
0.233393
0.138412
0.32691
0.016167
0.498357
0.662
0.192605
0.662
0.404112
0.155345
0.118681
0.624873
0.379668
0.470295
0.0830769
0.124239
0.218755
0.157545
0.103308
0.662
0.196911
0.586516
0.167917
0.662
0.285748
0.662
0.037776
0.662
0.285525
0.231337
0.158119
0.00259377
0.099139
0.0176854
0.662
0.0831123
0.612238
0.0292378
0.144364
0.117975
0.135597
0.241261
0.304359
0.260862
0.284057
0.662
0.192467
0.240911
0.662
0.272796
0.008817
0.13702
0.239895
0.0844154
0.036598
0.662
0.130315
0.328996
0.163004
0.0471442
0.129539
0.0875401
0.587992
0.214434
0.429119
0.0768778
0.324044
0.482859
0.270385
0.662
0.662
0.545534
0.224209
0.15847
0.662
0.438885
0.608432
0.662
0.12164
0.195604
0.628863
0.662
0.110242
0.561741
0.37964
0.0913523
0.0498542
0.0394919
0.216369
0.172793
0.255686
0.662
0.183203
0.209249
0.518938
0.65917
0.452413
0.662
0.662
0.448552
0.0765786
0.0605942
0.223528
0.662
0.0145434
0.137852
0.127409
0.14373
0.103168
0.134672
0.556862
0.662
0.226349
0.10504
0.513432
0.434357
0.471243
0.173453
0.341447
0.360358
0.062607
0.20071
0.317878
0.189494
0.128583
0.203847
0.116395
0.0803751
0.0645154
0.53614
0.0959696
0.451588
0.365211
0.016887
0.15743
0.0749162
0.642306
0.0858032
0.306752
0.460645
0.47789
0.486833
0.662
0.354786
0.662
0.250312
0.159911
0.622076
0.0772007
0.250613
0.343505
0.223298
0.0462589
0.0435124
0.662
0.24643
0.105922
0.0812562
0.662
0.513382
0.424028
0.091435
0.402077
0.29967
0.250163
0.11186
0.662
0.286198
0.179101
0.228913
0.142057
0.662
0.214991
0.193245
0.084965
0.214399
0.000968314
0.662
0.0745294
0.662
0.662
0.0741425
0.662
0.635756
0.275998
0.662
0.229036
0.00426719
0.662
0.084268
0.0671696
0.351349
0.190371
0.662
0.331184
0.662
0.439087
0.145363
0.349285
0.243754
0.0722127
0.337661
0.662
0.662
0.603286
0.662
0.360688
0.377024
0.236068
0.355655
0.38401
0.662
0.14163
0.501016
0.12794
0.662
0.0510702
0.309156
0.100837
0.175524
0.212879
0.218034
0.537905
0.421623
0.234205
0.0905974
0.154046
0.256993
0.21254
0.312432
0.120031
0.662
0.427011
0.372766
0.168625
0.15824
0.591812
0.582265
0.152481
0.0174371
0.0572017
0.178502
0.662
0.157029
0.0783149
0.0874396
0.662
0.662
0.662
0.115517
0.181315
0.353892
0.100032
0.0472854
0.360573
0.073279
0.486305
0.327953
0.27427
0.237286
0.203406
0.11501
0.565599
0.524873
0.662
0.0906716
0.383312
0.018461
0.0980039
0.662
0.328258
0.0860264
0.168232
0.638188
0.098947
0.458386
0.245283
0.114698
0.0867894
0.1542
0.35082
0.345511
0.620275
0.245397
0.158612
0.134479
0.172635
0.662
0.428444
0.426077
0.0585243
0.0757747
0.62081
0.662
0.253544
0.400265
0.188496
0.44718
0.0843739
0.662
0.115458
0.158804
0.142059
0.218416
0.284197
0.343557
0.277777
0.43782
0.377872
0.0523696
0.120471
0.251574
0.251764
0.477025
0.240804
0.350938
0.20187
0.393332
0.289067
0.366521
0.511584
0.148612
0.213209
0.662
0.470471
0.186336
0.241293
0.662
0.118867
0.32688
0.662
0.192104
0.161049
0.536979
0.296062
0.662
0.375458
0.214483
0.152758
0.445879
0.0492291
0.312079
0.198834
0.104543
0.0471151
0.450842
0.187094
0.116342
0.0705561
0.37552
0.236201
0.661824
0.662
0.111127
0.111426
0.299415
0.662
0.640521
0.125111
0.276026
0.318999
0.474025
0.106968
0.662
0.222162
0.0654632
0.388003
0.0534555
0.13619
0.456662
0.147422
0.347964
0.662
0.198839
0.662
0.339619
0.255527
0.662
0.267483
0.335059
0.111666
0.277387
0.258465
0.662
0.204453
0.662
0.231287
0.364378
0.135964
0.633391
0.0385372
0.662
0.662
0.514699
0.495812
0.0838073
0.207197
0.42719
0.0841428
0.1356
0.10446
0.56789
0.379389
0.607069
0.112287
0.662
0.662
0.248916
0.662
0.515848
0.194027
0.299348
0.0743128
0.0746478
0.343581
0.163181
0.200343
0.391112
0.0491644
0.198421
0.090715
0.516406
0.326383
0.662
0.112253
0.0989419
0.162382
0.662
0.383517
0.411593
0.0825465
0.299514
0.662
0.267952
0.446208
0.662
0.0937554
0.257485
0.662
0.114489
0.662
0.342508
0.662
0.588096
0.0946598
0.00883389
0.662
0.116693
0.662
0.662
0.509773
0.662
0.213131
0.662
0.0672184
0.0799209
0.662
0.22155
0.0637469
0.662
0.662
0.125385
0.134114
0.662
0.281527
0.153571
0.23034
0.235708
0.662
0.662
0.662
0.0994467
0.224598
0.0567115
0.214478
0.662
0.248676
0.164368
0.366484
0.364717
0.153323
0.151191
0.296241
0.176325
0.0957694
0.0949881
0.145687
0.662
0.155838
0.224241
0.46202
0.114092
0.662
0.35259
0.089035
0.662
0.662
0.272245
0.123389
0.0257772
0.662
0.146477
0.406172
0.291568
0.662
0.142288
0.128175
0.111336
0.376983
0.170185
0.113842
0.330125
0.410935
0.207346
0.301912
0.0128225
0.662
0.267046
0.0214996
0.323384
0.662
0.0946419
0.023237
0.113216
0.662
0.276681
0.539146
0.657123
0.466002
0.0632715
0.0846135
0.662
0.0709068
0.589201
0.662
0.662
0.280894
0.522293
0.133898
0.0509782
0.446577
0.221558
0.399995
0.0879251
0.140056
0.107969
0.354595
0.662
0.0918877
0.140779
0.662
0.662
0.347374
0.108395
0.662
0.326582
0.248057
0.333515
0.456103
0.202145
0.185552
0.270175
0.197267
0.239475
0.135948
0.662
0.0657591
0.0810998
0.662
0.121218
0.21876
0.153122
0.148921
0.20257
0.101844
0.108901
0.18829
0.467803
0.662
0.375881
0.662
0.142362
0.375022
0.0781419
0.0651131
0.286893
0.403547
0.662
0.235661
0.553697
0.0674713
0.662
0.394951
0.212801
0.662
0.291646
0.440179
0.126295
0.359071
0.457759
0.201675
0.0895555
0.170428
0.400099
0.111507
0.5552
0.283709
0.284558
0.662
0.160226
0.151052
0.352895
0.319805
0.140153
0.513629
0.662
0.662
0.256015
0.153596
0.0997148
0.662
0.0714394
0.196894
0.589611
0.364371
0.247376
0.662
0.237524
0.126323
0.112003
0.305401
0.0198007
0.567877
0.327824
0.0481766
0.577523
0.161027
0.575826
0.201331
0.0150663
0.216524
0.203548
0.339385
0.662
0.35011
0.277854
0.218659
0.0355121
0.186909
0.194521
0.662
0.125747
0.160742
0.350629
0.304845
0.0679654
0.536124
0.511692
0.446036
0.228884
0.422152
0.382163
0.141382
0.350237
0.239189
0.15836
0.239936
0.0872185
0.14795
0.662
0.101938
0.662
0.404395
0.0633378
0.122056
0.0971632
0.322941
0.180952
0.20201
0.662
0.427028
0.111488
0.165641
0.0386346
0.248481
0.193626
0.148634
0.138264
0.0913196
0.337069
0.186085
0.652558
0.0687288
0.0629516
0.258555
0.596761
0.662
0.323108
0.553224
0.030343
0.0228931
0.16294
0.218949
0.662
0.194401
0.576981
0.0926457
0.314733
0.150488
0.538684
0.286937
0.134444
0.662
0.32097
0.158969
0.227125
0.153742
0.662
0.146768
0.142173
0.0254164
0.149929
0.475376
0.210043
0.299293
0.348789
0.459172
0.183483
0.475996
0.117515
0.226756
0.387584
0.321119
0.0610274
0.662
0.103779
0.662
0.180504
0.247988
0.173008
0.301912
0.14731
0.0486881
0.349467
0.102192
0.203522
0.206003
0.1662
0.660043
0.662
0.662
0.0241082
0.251167
0.051397
0.197293
0.662
0.0866895
0.108333
0.0398192
0.363706
0.0919084
0.116173
0.117866
0.0615567
0.662
0.096502
0.189081
0.1291
0.529863
0.246586
0.510482
0.132543
0.662
0.662
0.181464
0.54527
0.217005
0.033943
0.428075
0.293299
0.0317335
0.0175066
0.334071
0.182937
0.662
0.0449177
0.113235
0.662
0.129488
0.261262
0.0735626
0.192352
0.126431
0.17148
0.170246
0.105121
0.402518
0.348184
0.652227
0.224985
0.449786
0.140441
0.308486
0.29175
0.102432
0.449061
0.113265
0.0998171
0.662
0.177588
0.147191
0.648656
0.662
0.20882
0.662
0.167876
0.13427
0.176985
0.336117
0.212818
0.123197
0.167463
0.662
0.0988401
0.224065
0.132194
0.257911
0.148815
0.0274201
0.467533
0.662
0.497901
0.181186
0.507651
0.662
0.0574411
0.662
0.230236
0.082411
0.20227
0.559564
0.11443
0.193984
0.385088
0.0665216
0.434794
0.0353099
0.063411
0.458532
0.212821
0.140839
0.0838
0.165793
0.662
0.0896515
0.419979
0.662
0.345385
0.287199
0.436666
0.109216
0.662
0.328966
0.381495
0.452367
0.26261
0.334894
0.219703
0.14624
0.290138
0.652975
0.324892
0.361593
0.0303475
0.153755
0.662
0.662
0.0953813
0.457569
0.194586
0.0956278
0.108222
0.662
0.662
0.662
0.201836
0.662
0.207581
0.329922
0.278557
0.659436
0.662
0.167563
0.0639577
0.121954
0.0663728
0.143537
0.0753225
0.26504
0.336766
0.0105524
0.185725
0.0742739
0.329489
0.250015
0.0171677
0.118205
0.315739
0.282948
0.136969
0.0682903
0.633832
0.340552
0.0929057
0.219613
0.178104
0.662
0.204261
0.155821
0.44064
0.218452
0.237994
0.662
0.344566
0.230772
0.250074
0.249187
0.00966186
0.323526
0.499534
0.180974
0.405677
0.662
0.662
0.313706
0.203358
0.662
0.504048
0.662
0.230412
0.662
0.213569
0.240893
0.370378
0.101194
0.662
0.662
0.328181
0.662
0.662
0.185462
0.0936444
0.386788
0.134737
0.198766
0.662
0.662
0.662
0.218098
0.375512
0.0880663
0.0804676
0.662
0.334225
0.35571
0.658431
0.662
0.662
0.322373
0.615121
0.270613
0.411268
0.0497212
0.547599
0.069785
0.160333
0.125962
0.662
0.662
0.662
0.134305
0.260918
0.437485
0.662
0.662
0.633641
0.193815
0.0331439
0.2159
0.662
0.662
0.184825
0.291779
0.362961
0.175399
0.239948
0.390678
0.122618
0.16678
0.448021
0.153646
0.0505044
0.157253
0.249854
0.15617
0.106675
0.190915
0.397193
0.196779
0.021285
0.662
0.0307378
0.662
0.327219
0.018402
0.0114276
0.445517
0.185671
0.49415
0.435711
0.358569
0.662
0.261605
0.266973
0.128282
0.438557
0.156725
0.662
0.217334
0.662
0.229282
0.406482
0.0758669
0.2608
0.0951668
0.662
0.142048
0.662
0.662
0.235467
0.396476
0.414673
0.24391
0.160029
0.662
0.0834614
0.239818
0.24189
0.468445
0.043942
0.184852
0.520303
0.395009
0.467963
0.113345
0.279272
0.210811
0.0596454
0.404984
0.474967
0.383924
0.195366
0.115545
0.226028
0.588203
0.478021
0.662
0.0293707
0.180812
0.199428
0.662
0.662
0.0180179
0.0736838
0.0619377
0.205664
0.213413
0.377279
0.662
0.662
0.242432
0.492136
0.163381
0.283563
0.0547939
0.662
0.183327
0.0569251
0.662
0.089381
0.495443
0.445901
0.20743
0.662
0.253071
0.267168
0.101737
0.0750568
0.290562
0.330939
0.662
0.662
0.046772
0.448822
0.139716
0.228159
0.318613
0.196123
0.608146
0.479756
0.129459
0.662
0.662
0.130701
0.202626
0.455456
0.662
0.662
0.171067
0.436833
0.125427
0.114897
0.122912
0.482607
0.298617
0.0354531
0.662
0.0229593
0.196964
0.42315
0.411061
0.061044
0.662
0.662
0.662
0.0632183
0.0617782
0.335472
0.362236
0.355438
0.106726
0.385963
0.662
0.0515385
0.139066
0.0969468
0.185666
0.662
0.129337
0.126986
0.393358
0.423879
0.125909
0.60016
0.662
0.133892
0.0958922
0.0836634
0.191271
0.0742807
0.422439
0.10637
0.662
0.662
0.0662453
0.104399
0.161983
0.426438
0.244795
0.431117
0.250257
0.235937
0.147432
0.0969686
0.662
0.646514
0.220199
0.396095
0.106823
0.134614
0.346115
0.2163
0.362858
0.329072
0.629844
0.171725
0.0571744
0.277053
0.402606
0.367923
0.103245
0.426475
0.069436
0.142312
0.0804652
0.177949
0.38902
0.390439
0.196278
0.176902
0.405525
0.231198
0.119932
0.581747
0.582081
0.465771
0.238218
0.131902
0.0986499
0.125228
0.321009
0.230369
0.469133
0.282524
0.101421
0.293444
0.0671177
0.0228475
0.242401
0.365791
0.644284
0.507416
0.0109525
0.54404
0.235343
0.200292
0.178552
0.662
0.090268
0.445334
0.20193
0.0791227
0.469119
0.0649315
0.662
0.0337599
0.21992
0.0275205
0.662
0.662
0.321679
0.220775
0.357594
0.323463
0.644685
0.299782
0.464738
0.200852
0.409415
0.301382
0.22574
0.303726
0.527526
0.608004
0.316184
0.114135
0.441917
0.0801144
0.249635
0.662
0.180502
0.20587
0.119806
0.662
0.107058
0.000210659
0.0641434
0.445799
0.057887
0.191932
0.0616014
0.471554
0.0945326
0.138346
0.662
0.0122265
0.415926
0.584639
0.163308
0.0706984
0.574906
0.0426411
0.662
0.662
0.61687
0.0777606
0.136013
0.662
0.147909
0.662
0.180149
0.329081
0.41443
0.625051
0.0650066
0.160121
0.234237
0.0668756
0.662
0.0795483
0.340457
0.0926115
0.404871
0.26553
0.233625
0.181593
0.0750232
0.566268
0.0837098
0.307616
0.662
0.53831
0.10546
0.614149
0.048516
0.259497
0.42434
0.0859369
0.0023924
0.381912
0.225657
0.498628
0.534939
0.14843
0.662
0.662
0.0362779
0.446109
0.581044
0.327751
0.324331
0.662
0.0525979
0.10059
0.0332085
0.0656696
0.593935
0.662
0.115504
0.662
0.662
0.0512193
0.0515645
0.662
0.315702
0.0934347
0.112343
0.143559
0.662
0.441059
0.306042
0.04317
0.0661497
0.0660126
0.0634452
0.0671836
0.350712
0.2377
0.662
0.244063
0.199919
0.612632
0.662
0.215948
0.662
0.0509197
0.470877
0.475335
0.662
0.662
0.316663
0.373783
0.160119
0.395635
0.0808943
0.134254
0.0612621
0.429367
0.662
0.0956733
0.662
0.0957082
0.0696535
0.557021
0.0982986
0.238564
0.662
0.130697
0.0881902
0.100015
0.345792
0.221592
0.256245
0.56268
0.126741
0.0367987
0.0691992
0.0604205
0.412348
0.662
0.53265
0.00629711
0.261166
0.129432
0.0740054
0.204811
0.208212
0.351646
0.0989927
0.373386
0.260713
0.159726
0.265439
0.662
0.366609
0.662
0.419126
0.225317
0.0165482
0.399395
0.331753
0.0219997
0.1779
0.121179
0.397458
0.304541
0.662
0.0780043
0.0928112
0.0410601
0.162967
0.314926
0.181141
0.477567
0.662
0.135873
0.116018
0.156872
0.256094
0.346177
0.494643
0.655739
0.274784
0.662
0.0874163
0.36465
0.142182
0.292938
0.287261
0.0524959
0.475381
0.209154
0.105591
0.0286525
0.104226
0.470769
0.501252
0.662
0.599178
0.662
0.0821547
0.247901
0.0616665
0.324576
0.0400556
0.0268394
0.0907903
0.644821
0.35546
0.257832
0.662
0.455514
0.613136
0.11775
0.363642
0.660341
0.575544
0.231114
0.662
0.173079
0.537421
0.215648
0.267533
0.384878
0.16548
0.249113
0.662
0.386269
0.0562641
0.19671
0.126235
0.214027
0.0805724
0.171157
0.376063
0.354648
0.662
0.662
0.662
0.0352269
0.0654264
0.302889
0.662
0.113149
0.662
0.662
0.148991
0.662
0.15943
0.202129
0.27776
0.424868
0.171855
0.153846
0.17443
0.114286
