0.242205
0.335859
0.584475
0.345932
0.662
0.319656
0.115563
0.0773874
0.212966
0.0265749
0.552146
0.483118
0.662
0.0581787
0.662
0.0166938
0.0480621
0.376274
0.213894
0.01013
0.407979
0.617382
0.0350065
0.182259
0.458407
0.159132
0.0130123
0.107474
0.281279
0.0404031
0.310478
0.191839
0.662
0.00582197
0.029429
0.215702
0.109798
0.353281
0.117791
0.532029
0.127784
0.192965
0.127032
0.582323
0.481124
0.662
0.199315
0.0335324
0.135009
0.0406274
0.454104
0.662
0.496362
0.065706
0.00845346
0.0440423
0.582725
0.662
0.0531179
0.057136
0.0211487
0.0299496
0.363549
0.259698
0.145977
0.480906
0.293575
0.187883
0.240215
0.359304
0.433652
0.229752
0.201388
0.0990315
0.566873
0.581844
0.239512
0.482493
0.444617
0.279693
0.148063
0.190931
0.0908848
0.557144
0.0260661
0.0224723
0.0715988
0.103919
0.174417
0.0843329
0.156209
0.14982
0.184764
0.54635
0.375703
0.0348178
0.313254
0.376117
0.23319
0.166935
0.438939
0.0915817
0.523969
0.653166
0.599561
0.345059
0.0911757
0.060279
0.1884
0.628642
0.166799
0.551291
0.143399
0.0776155
0.342915
0.15745
0.400658
0.32705
0.662
0.176955
0.226571
0.140514
0.317436
0.0331962
0.381247
0.125549
0.137771
0.07352
0.584021
0.166609
0.0753796
0.662
0.0928589
0.218987
0.662
0.297144
0.172528
0.361326
0.0979357
0.0738698
0.134346
0.179844
0.441728
0.2703
0.180301
0.166463
0.322164
0.281879
0.583538
0.291183
0.0224201
0.257226
0.276292
0.346968
0.658398
0.168139
0.173375
0.033559
0.00453952
0.0939728
0.0516633
0.117212
0.27948
0.0523441
0.0929719
0.089495
0.662
0.158164
0.215091
0.0522385
0.662
0.662
0.213784
0.544967
0.408947
0.0678522
0.435276
0.07882
0.273061
0.226461
0.227172
0.0937697
0.364443
0.579502
0.260023
0.206622
0.490549
0.301557
0.274232
0.109187
0.662
0.210555
0.130838
0.222616
0.117295
0.351521
0.332512
0.527907
0.187202
0.15855
0.0884475
0.18603
0.425267
0.510121
0.271792
0.212031
0.214301
0.428539
0.372552
0.195282
0.285534
0.662
0.138621
0.182954
0.076782
0.345506
0.223936
0.0584465
0.167661
0.662
0.0802006
0.255705
0.301458
0.160477
0.39739
0.650877
0.352307
0.662
0.106826
0.0598226
0.0759839
0.256458
0.0486006
0.0922685
0.0879998
0.408115
0.377715
0.499601
0.179748
0.158209
0.129707
0.662
0.210974
0.00939308
0.246054
0.0650816
0.0908588
0.122306
0.147412
0.345563
0.224271
0.646312
0.277288
0.662
0.0470175
0.403242
0.0562456
0.339789
0.34487
0.36736
0.0178934
0.0706855
0.208675
0.117702
0.156741
0.398765
0.262537
0.127412
0.355541
0.35354
0.0188808
0.0316523
0.375533
0.249439
0.0267567
0.146536
0.361005
0.111601
0.116228
0.101606
0.26751
0.373963
0.569739
0.662
0.0498237
0.310542
0.170097
0.108525
0.11163
0.31286
0.119643
0.138952
0.0515384
0.158716
0.54532
0.435127
0.574336
0.653665
0.48224
0.381838
0.328903
0.26573
0.540827
0.196375
0.0488804
0.459576
0.662
0.217915
0.662
0.195219
0.130989
0.525383
0.12139
0.0955119
0.662
0.0453511
0.198053
0.498476
0.264117
0.212374
0.0758093
0.0927547
0.576846
0.133111
0.167445
0.535391
0.171955
0.662
0.104918
0.241474
0.15076
0.0516188
0.335826
0.133733
0.110134
0.533858
0.132079
0.662
0.196078
0.0593169
0.155724
0.204386
0.364497
0.662
0.407705
0.327673
0.120221
0.414726
0.117112
0.393247
0.236979
0.662
0.076418
0.212673
0.117136
0.64069
0.205729
0.207381
0.0907181
0.429558
0.142354
0.153433
0.120402
0.662
0.082199
0.437501
0.396429
0.0751715
0.32547
0.102157
0.217285
0.238027
0.570141
0.0426541
0.421609
0.329772
0.662
0.0766279
0.0416992
0.168583
0.108025
0.0551231
0.267235
0.0968188
0.204934
0.54275
0.48742
0.388312
0.179957
0.385589
0.0840394
0.00568238
0.662
0.0726059
0.0891992
0.181219
0.633282
0.287674
0.319253
0.151868
0.297129
0.662
0.10507
0.326723
0.0823352
0.402344
0.0347383
0.662
0.0447646
0.0543415
0.185003
0.0728394
0.662
0.400313
0.176618
0.39263
0.409524
0.661033
0.193455
0.2733
0.277281
0.514311
0.207806
0.295316
0.349582
0.133999
0.452815
0.115847
0.123705
0.0739908
0.101155
0.229148
0.127818
0.113587
0.11552
0.147697
0.157999
0.24777
0.132948
0.217683
0.200255
0.403309
0.0744756
0.557258
0.160019
0.611668
0.0596494
0.0473417
0.456852
0.242606
0.494368
0.0631217
0.156982
0.450969
0.299471
0.207269
0.662
0.150363
0.136406
0.26632
0.311413
0.104902
0.645754
0.0769688
0.198477
0.326843
0.490621
0.376488
0.253616
0.473392
0.115655
0.662
0.290979
0.042901
0.184363
0.018608
0.181733
0.166234
0.256718
0.111425
0.588263
0.141877
0.602875
0.135644
0.328795
0.662
0.167126
0.15103
0.150525
0.652735
0.358412
0.273987
0.255147
0.254858
0.198027
0.281828
0.0853332
0.15934
0.218235
0.208821
0.196324
0.292296
0.177341
0.187
0.662
0.107183
0.202348
0.0570972
0.0173111
0.490206
0.327044
0.0445426
0.634495
0.075145
0.158139
0.0560084
0.0823543
0.0814979
0.032595
0.644395
0.183411
0.133128
0.253478
0.662
0.212584
0.32029
0.475456
0.059289
0.662
0.662
0.181073
0.248387
0.320901
0.48482
0.604176
0.186574
0.11095
0.628963
0.523012
0.0817127
0.320683
0.662
0.457852
0.0915787
0.0616123
0.155959
0.114709
0.477501
0.639219
0.101488
0.183546
0.0869597
0.163825
0.174688
0.563286
0.27204
0.105606
0.186264
0.521372
0.0884323
0.191203
0.662
0.662
0.0660643
0.13902
0.662
0.0729894
0.630026
0.401659
0.0858746
0.585689
0.579111
0.246443
0.168503
0.662
0.662
0.271925
0.235403
0.304965
0.343751
0.136595
0.334451
0.171626
0.0366026
0.236383
0.080252
0.662
0.662
0.0600566
0.662
0.296279
0.662
0.223277
0.145345
0.56018
0.352533
0.0596164
0.0857726
0.30132
0.622821
0.296194
0.197806
0.0609897
0.069718
0.508017
0.337685
0.053217
0.0497575
0.263208
0.373154
0.352701
0.000377711
0.193006
0.192942
0.319182
0.267673
0.0657193
0.0650129
0.108596
0.0601938
0.19453
0.516503
0.216115
0.217259
0.160985
0.139473
0.662
0.281196
0.0719451
0.522888
0.133608
0.0802424
0.114037
0.229311
0.372566
0.561833
0.0826054
0.118606
0.126017
0.0841356
0.662
0.195583
0.0443232
0.125411
0.18792
0.106305
0.0264845
0.0528627
0.112247
0.662
0.107223
0.662
0.218426
0.547142
0.0818097
0.244762
0.22599
0.43381
0.0184366
0.287803
0.202112
0.165709
0.413172
0.0557073
0.0192208
0.0142189
0.149792
0.371311
0.555873
0.497606
0.0699874
0.450937
0.662
0.3336
0.16144
0.333716
0.662
0.572864
0.412357
0.0232806
0.0575793
0.179396
0.169167
0.411441
0.0658813
0.159052
0.441377
0.264922
0.0906912
0.194747
0.0616634
0.0679892
0.0503877
0.409558
0.427296
0.173545
0.0606373
0.20599
0.397972
0.55099
0.662
0.0795249
0.292535
0.0823181
0.260833
0.0989556
0.281881
0.335179
0.137088
0.662
0.322746
0.105894
0.29542
0.662
0.220788
0.566393
0.330534
0.23875
0.500963
0.199061
0.0801078
0.604985
0.207875
0.236147
0.420605
0.13299
0.629563
0.112927
0.412682
0.12553
0.0808888
0.160643
0.458571
0.211496
0.463363
0.620242
0.572261
0.135007
0.662
0.223922
0.322838
0.128977
0.104019
0.042287
0.472476
0.446477
0.214341
0.662
0.564255
0.213668
0.148019
0.607435
0.237381
0.0700149
0.187272
0.431191
0.0314558
0.0992368
0.0794712
0.155182
0.269905
0.419943
0.662
0.0651779
0.187406
0.133562
0.0729798
0.187716
0.085551
0.401446
0.597662
0.163149
0.0920204
0.189309
0.483826
0.41649
0.0530236
0.0780212
0.540163
0.377228
0.514869
0.122914
0.511164
0.0654947
0.160857
0.410486
0.048401
0.292641
0.455083
0.00759238
0.62576
0.183305
0.150405
0.458592
0.324768
0.089877
0.353124
0.257951
0.157904
0.27
0.599396
0.0627726
0.129061
0.650673
0.283893
0.256076
0.292317
0.662
0.0802371
0.477231
0.614305
0.184915
0.189913
0.115567
0.662
0.212741
0.10335
0.200678
0.538122
0.17621
0.208722
0.189277
0.109367
0.37796
0.153409
0.0686871
0.108509
0.205732
0.431233
0.0851257
0.154217
