0.303067
0.230029
0.0908433
0.106157
0.0642632
0.0282853
0.312577
0.662
0.118116
0.0709118
0.662
0.241343
0.133021
0.581124
0.662
0.123463
0.61842
0.219883
0.662
0.170418
0.412872
0.364249
0.662
0.383145
0.427098
0.110939
0.182655
0.222858
0.164741
0.0436341
0.0447923
0.246162
0.171343
0.458061
0.0902988
0.304726
0.21094
0.59229
0.0452778
0.337467
0.662
0.210582
0.284116
0.436508
0.528934
0.576668
0.286321
0.00509154
0.0947246
0.207689
0.588719
0.139937
0.094713
0.479103
0.329316
0.662
0.383831
0.137687
0.662
0.262867
0.232055
0.11672
0.0681846
0.662
0.0657966
0.307253
0.259002
0.662
0.429517
0.310432
0.369591
0.462886
0.662
0.0191982
0.662
0.176083
0.662
0.195898
0.400159
0.0851412
0.162212
0.0924504
0.183044
0.226208
0.0151321
0.117301
0.147231
0.282491
0.0948959
0.108112
0.0597841
0.626317
0.354591
0.0706751
0.12712
0.53617
0.0767157
0.662
0.608539
0.0417446
0.139537
0.662
0.0578358
0.0731219
0.662
0.497158
0.268447
0.153513
0.662
0.475357
0.0652404
0.441806
0.233196
0.10281
0.170646
0.145231
0.27973
0.0991022
0.134469
0.117115
0.153802
0.662
0.35027
0.088625
0.0750375
0.316577
0.022043
0.191166
0.662
0.0723029
0.662
0.148031
0.167315
0.662
0.102727
0.662
0.405507
0.196898
0.0706869
0.662
0.662
0.142532
0.189459
0.0960208
0.0488593
0.365804
0.0642202
0.251647
0.138043
0.662
0.0609595
0.279271
0.600124
0.131197
0.424907
0.0141671
0.286202
0.662
0.634199
0.00601515
0.662
0.336247
0.351817
0.0219085
0.228087
0.14477
0.46388
0.0864453
0.20617
0.0272547
0.662
0.662
0.0734937
0.119891
0.367077
0.164633
0.130063
0.183344
0.360009
0.182358
0.236637
0.662
0.0295925
0.207434
0.662
0.0890604
0.590591
0.662
0.0953181
0.449746
0.0523945
0.153384
0.0563232
0.662
0.239518
0.107778
0.290767
0.118187
0.0324669
0.13449
0.08395
0.396887
0.132965
0.285359
0.0653197
0.0913254
0.104181
0.662
0.139139
0.0685323
0.0882738
0.192702
0.193399
0.444829
0.437304
0.203209
0.662
0.206251
0.164574
0.335889
0.518498
0.185606
0.545813
0.512506
0.115811
0.115292
0.21475
0.41603
0.0768429
0.361825
0.0703338
0.0330424
0.0697616
0.271211
0.662
0.662
0.352855
0.318257
0.221822
0.299184
0.0722813
0.461619
0.36669
0.662
0.112286
0.201029
0.662
0.221382
0.662
0.662
0.432956
0.340436
0.481998
0.243369
0.662
0.662
0.272895
0.662
0.254635
0.182895
0.179261
0.641809
0.0666475
0.662
0.0474593
0.0761305
0.38344
0.116011
0.267532
0.499537
0.425171
0.383831
0.662
0.198703
0.280328
0.662
0.0745882
0.19729
0.109283
0.284209
0.0973249
0.316886
0.462408
0.118619
0.286216
0.648319
0.0993191
0.333287
0.0216201
0.242898
0.0896813
0.0801334
0.175725
0.206055
0.662
0.662
0.0882179
0.161236
0.283308
0.552556
0.455461
0.662
0.0968572
0.171165
0.0751604
0.468561
0.222108
0.235473
0.187769
0.662
0.317155
0.253786
0.662
0.143383
0.662
0.00611003
0.14807
0.0667619
0.0540084
0.039836
0.146973
0.643894
0.132859
0.20396
0.0403926
0.16317
0.243071
0.648815
0.662
0.0739829
0.662
0.250212
0.185922
0.662
0.0955578
0.501448
0.0716201
0.541528
0.0725285
0.52596
0.662
0.662
0.239319
0.0393613
0.0273164
0.313204
0.0461903
0.32734
0.240576
0.533836
0.662
0.221888
0.00591445
0.049688
0.124477
0.662
0.610989
0.275878
0.0713597
0.574894
0.662
0.127964
0.113932
0.180016
0.354096
0.662
0.0594958
0.0715273
0.130106
0.471779
0.662
0.585365
0.472341
0.220439
0.330478
0.164384
0.0822823
0.662
0.37561
0.13155
0.164846
0.471301
0.202953
0.19114
0.526245
0.251412
0.662
0.404522
0.107911
0.611327
0.637501
0.662
0.662
0.280875
0.262088
0.0789834
0.225296
0.335781
0.200345
0.617126
0.0827557
0.375079
0.0156064
0.372826
0.443372
0.0403211
0.511129
0.662
0.033967
0.201244
0.0837515
0.198715
0.222938
0.0461528
0.0937461
0.662
0.115026
0.150775
0.27344
0.247055
0.334333
0.452031
0.208941
0.150233
0.330513
0.335533
0.58669
0.364281
0.271489
0.662
0.116571
0.127759
0.103859
0.0438362
0.153725
0.205656
0.662
0.586049
0.0705454
0.239237
0.117103
0.662
0.295201
0.0981035
0.133823
0.662
0.662
0.333967
0.0937975
0.468506
0.12482
0.226565
0.236963
0.318631
0.390551
0.0526563
0.32074
0.185688
0.200093
0.135038
0.234906
0.189932
0.240348
0.0797847
0.266977
0.251675
0.324303
0.225262
0.662
0.305278
0.230894
0.0798049
0.079301
0.658854
0.327578
0.359171
0.219155
0.662
0.0901816
0.429671
0.0735992
0.106762
0.2071
0.12958
0.0825145
0.414385
0.662
0.212527
0.324176
0.662
0.662
0.111299
0.119363
0.154266
0.378393
0.136755
0.662
0.150534
0.127648
0.391437
0.662
0.117562
0.0636567
0.0677587
0.632735
0.0825021
0.11693
0.138747
0.662
0.162682
0.166003
0.662
0.125169
0.330537
0.0514537
0.0774018
0.350711
0.662
0.662
0.0872403
0.662
0.0895746
0.135308
0.186241
0.174794
0.418097
0.662
0.0796119
0.282768
0.388757
0.19606
0.174895
0.268683
0.339593
0.662
0.331305
0.434131
0.0600125
0.147774
0.332869
0.418067
0.161873
0.417102
0.644861
0.446406
0.660166
0.573732
0.1083
0.229327
0.16777
0.251694
0.0645464
0.374888
0.18801
0.162152
0.146736
0.0888662
0.390525
0.408026
0.166197
0.662
0.0118839
0.0320445
0.220548
0.22768
0.37688
0.00986414
0.183458
0.16562
0.113485
0.381542
0.397158
0.641444
0.338954
0.147891
0.662
0.2566
0.662
0.106071
0.0743338
0.126343
0.662
0.279631
0.361781
0.662
0.160013
0.212417
0.405641
0.181314
0.206307
0.434049
0.164083
0.230759
0.662
0.38844
0.405793
0.0526048
0.320345
0.0937249
0.662
0.662
0.498036
0.0643093
0.662
0.243462
0.0852285
0.186277
0.155393
0.323878
0.133215
0.20767
0.0661272
0.209616
0.162093
0.133035
0.0718914
0.662
0.0967321
0.157724
0.318932
0.662
0.662
0.212368
0.35098
0.154281
0.424219
0.261997
0.251132
0.230213
0.253891
0.0742264
0.186429
0.13757
0.280367
0.263658
0.179199
0.623035
0.270405
0.577479
0.353156
0.662
0.171881
0.515013
0.305196
0.662
0.0629422
0.58358
0.254898
0.0875247
0.147066
0.293943
0.195632
0.0522548
0.443491
0.0476628
0.244871
0.0550349
0.209401
0.416479
0.471866
0.297768
0.151749
0.0544324
0.0926683
0.348702
0.220924
0.496967
0.662
0.0466924
0.0482595
0.266104
0.662
0.244166
0.0741558
0.431142
0.0719693
0.226386
0.54475
0.0672495
0.17221
0.662
0.209714
0.139037
0.0371385
0.192577
0.123409
0.0384461
0.593256
0.168428
0.380559
0.084871
0.143924
0.287299
0.148684
0.0435311
0.662
0.182198
0.0917025
0.184535
0.22418
0.0683702
0.201983
0.0955094
0.0576559
0.263313
0.197748
0.568944
0.182398
0.173737
0.151131
0.0855529
0.231785
0.662
0.662
0.183658
0.343433
0.662
0.198167
0.119202
0.110177
0.537161
0.301178
0.584564
0.187818
0.0310321
0.343749
0.545675
0.146634
0.236328
0.15276
0.220446
0.662
0.0531517
0.0740506
0.0646505
0.0501472
0.452207
0.573328
0.358656
0.312102
0.207325
0.0785859
0.366655
0.177124
0.433578
0.0733558
0.0900419
0.593238
0.0222133
0.348255
0.0939735
0.289941
0.221915
0.00722312
0.0908972
0.127438
0.319672
0.620282
0.28147
0.0794388
0.0513973
0.109874
0.156562
0.0759916
0.662
0.152368
0.401013
0.104965
0.187178
0.116076
0.119979
0.284649
0.194943
0.190534
0.470247
0.188307
0.0831355
0.0903953
0.196288
0.136014
0.199837
0.662
0.0960543
0.150481
0.187223
0.109365
0.662
0.0772727
0.0827667
0.163029
0.180798
0.136745
0.225532
0.0690527
0.06957
0.215397
0.0306409
0.15308
0.662
0.196997
0.219151
0.0814377
0.252837
0.54801
0.121316
0.393484
0.662
0.280125
0.188619
0.0866984
0.183027
0.038481
0.662
0.151771
0.0138472
0.0783376
0.390096
0.662
0.292012
0.131749
0.0515058
0.151315
0.403548
0.174688
0.312435
0.136628
0.0656629
0.662
0.662
0.170721
0.404568
0.0654313
0.323065
0.662
0.0703079
0.645301
0.662
0.290292
0.602558
0.0905885
0.104553
0.0624552
0.662
0.0786933
0.0940376
0.662
0.0412957
0.477399
0.348874
0.443595
0.0477803
0.382697
0.290171
0.156557
0.163421
0.173698
0.103696
0.200887
0.662
0.199485
0.224722
0.662
0.662
0.423595
0.515795
0.662
0.371396
0.645301
0.0686046
0.364509
0.487274
0.0631579
0.123996
0.111169
0.292253
0.0904693
0.276564
0.32704
0.0971
0.662
0.13119
0.11974
0.662
0.409153
0.436425
0.662
0.662
0.145094
0.554367
0.203443
0.662
0.355939
0.278617
0.163012
0.163791
0.310046
0.442248
0.0551311
0.480757
0.439681
0.306909
0.621393
0.54303
0.347455
0.662
0.393334
0.240292
0.454912
0.16549
0.105439
0.471593
0.456427
0.0347723
0.1111
0.103589
0.662
0.332297
0.177273
0.262371
0.0182642
0.141951
0.135408
0.662
0.662
0.282771
0.160725
0.293107
0.662
0.0581273
0.227499
0.230979
0.0966641
0.662
0.220453
0.0967299
0.511241
0.41086
0.100068
0.662
0.147967
0.0886138
0.0768282
0.122923
0.126476
0.662
0.0728198
0.233111
0.0548361
0.00490232
0.169159
0.662
0.397856
0.166563
0.454272
0.371258
0.186711
0.662
0.0118968
0.444872
0.12113
0.204475
0.0940715
0.662
0.089938
0.662
0.115678
0.154657
0.175015
0.0316541
0.245707
0.465367
0.236106
0.173868
0.437601
0.0729908
0.464565
0.47557
0.225963
0.0431134
0.662
0.0804766
0.228677
0.285592
0.662
0.262045
0.226864
0.202479
0.662
0.361137
0.498381
0.662
0.321857
0.0248786
0.662
0.371755
0.336866
0.662
0.157503
0.22394
0.213118
0.662
0.117892
0.268848
0.120324
0.275711
0.0133025
0.188975
0.162078
0.397708
0.253747
0.237694
0.110855
0.520616
0.369684
0.662
0.631106
0.662
0.116991
0.0581319
0.286378
0.630667
0.636222
0.584173
0.0991404
0.552359
0.374408
0.273974
0.599445
0.113029
0.159004
0.0752075
0.638703
0.124002
0.252126
0.0771753
0.662
0.146668
0.122469
0.258206
0.662
0.145723
0.102424
0.651575
0.134909
0.662
0.662
0.18861
0.285532
0.530221
0.0752632
0.0560494
0.0346782
0.396397
0.290034
0.662
0.340972
0.29041
0.261274
0.364003
0.662
0.3387
0.0215137
0.270456
0.00498324
0.0476648
0.598114
0.368843
0.0285251
0.126159
0.121646
0.0642479
0.662
0.40901
0.189283
0.100312
0.282898
0.404418
0.496816
0.0421296
0.121991
0.242834
0.186029
0.127797
0.0355869
0.662
0.413925
0.237919
0.302813
0.0348291
0.417554
0.265053
0.497895
0.172492
0.168785
0.546079
0.0851621
0.0759493
0.147288
0.31223
0.0835219
0.470675
0.130102
0.662
0.4043
0.572849
0.0987554
0.36999
0.184717
0.662
0.329385
0.339914
0.0705318
0.17583
0.609797
0.130154
0.120361
0.45719
0.149576
0.254957
0.575784
0.102606
0.0583531
0.212819
0.452289
0.195291
0.500266
0.203248
0.662
0.416865
0.100593
0.589065
0.10636
0.0861193
0.662
0.095444
0.655153
0.0747894
0.372749
0.662
0.662
0.0972347
0.662
0.0719783
0.144945
0.11049
0.608301
0.30232
0.121467
0.662
0.23372
0.243662
0.545032
0.10117
0.034707
0.277493
0.322535
0.0515137
0.562585
0.106204
0.662
0.363753
0.662
0.0645353
0.50398
0.0663944
0.197437
0.0727968
0.118208
0.155917
0.662
0.00628647
0.32142
0.457244
0.0491452
0.662
0.662
0.614533
0.427068
0.12004
0.0450879
0.166635
0.0540609
0.327801
0.188589
0.110241
0.0597449
0.0963688
0.339863
0.217658
0.0666938
0.354036
0.333897
0.662
0.238147
0.0273137
0.505322
0.228654
0.528568
0.550605
0.36265
0.662
0.171535
0.151159
0.0346985
0.139379
0.201189
0.662
0.185749
0.0960308
0.662
0.0179623
0.662
0.28253
0.393371
0.0130764
0.0682081
0.148681
0.134789
0.183731
0.662
0.417855
0.158084
0.0777868
0.0748597
0.39169
0.662
0.161764
0.30022
0.196402
0.287728
0.349407
0.15745
0.507411
0.240384
0.0841915
0.119737
0.034802
0.0417772
0.451986
0.662
0.198378
0.0287995
0.0972847
0.14686
0.662
0.662
0.00895017
0.0594918
0.50237
0.446587
0.662
0.36665
0.0394776
0.227485
0.662
0.307366
0.279391
0.143625
0.42436
0.172963
0.0981803
0.0831343
0.167521
0.176395
0.289535
0.138155
0.0811206
0.367182
0.144789
0.332628
0.55216
0.119194
0.137699
0.574172
0.662
0.660997
0.0471569
0.180876
0.65251
0.565736
0.103167
0.0555428
0.073609
0.214435
0.233064
0.20689
0.245912
0.243378
0.662
0.193486
0.151876
0.291774
0.126213
0.147985
0.112967
0.630004
0.201478
0.108136
0.0881124
0.662
0.23979
0.151791
0.662
0.00257627
0.380755
0.0202023
0.588065
0.0670368
0.0263034
0.426206
0.170116
0.350044
0.269538
0.60854
0.162766
0.0606637
0.167963
0.357633
0.108768
0.301208
0.662
0.0969798
0.0787591
0.246537
0.213199
0.359085
0.0644991
0.0872173
0.0539799
0.170865
0.439561
0.0920273
0.0675568
0.1708
0.197917
0.184187
0.194075
0.0274228
0.120388
0.082123
0.0290612
0.113939
0.157612
0.0936635
0.423368
0.0180522
0.662
0.0502623
0.472949
0.0736465
0.302485
0.640157
0.490625
0.30101
0.517482
0.487296
0.304685
0.0737972
0.094995
0.662
0.138027
0.240735
0.443634
0.109586
0.0747782
0.432743
0.594256
0.192348
0.102586
0.0994865
0.123925
0.197822
0.662
0.0524534
0.0950437
0.599014
0.347972
0.662
0.0776067
0.331163
0.134974
0.223556
0.662
0.662
0.175095
0.662
0.63174
0.465811
0.0963636
0.0551013
0.236029
0.662
0.194071
0.17733
0.125432
0.053144
0.662
0.165346
0.29464
0.259688
0.662
0.172141
0.593552
0.0858973
0.662
0.125735
0.102594
0.456061
0.337783
0.0898631
0.226524
0.580034
0.175895
0.0528197
0.325753
0.407336
0.0654762
0.191871
0.662
0.0406112
0.662
0.31857
0.662
0.371455
0.241804
0.125496
0.0712893
0.290594
0.379903
0.088272
0.280834
0.262037
0.249601
0.189837
0.662
0.206634
0.100397
0.171314
0.090433
0.421699
0.109098
0.428236
0.590305
0.662
0.662
0.503238
0.662
0.0243048
0.635837
0.138032
0.0662534
0.25021
0.217618
0.102524
0.538755
0.117659
0.306326
0.0156876
0.442481
0.0996119
0.662
0.246084
0.158823
0.225309
0.376036
0.0257702
0.662
0.662
0.357049
0.128423
0.662
0.161013
0.325124
0.0550298
0.330471
0.448863
0.0702512
0.281867
0.0638875
0.662
0.368436
0.337804
0.326803
0.0776517
0.336002
0.47521
0.244373
0.0962872
0.188339
0.0743768
0.0846993
0.250095
0.331863
0.12289
0.393458
0.662
0.662
0.198753
0.0820307
0.367729
0.302817
0.0269791
0.154468
0.108357
0.0432781
0.092419
0.340417
0.22311
0.442243
0.493152
0.387328
0.355311
0.662
0.662
0.0929703
0.662
0.461529
0.662
0.0656931
0.0929735
0.166603
0.0817498
0.0600603
0.662
0.662
0.228097
0.0702286
0.0469532
0.134614
0.230462
0.0986585
0.105809
0.203835
0.0958533
0.216755
0.367528
0.0835235
0.662
0.0952371
0.445207
0.0479752
0.662
0.662
0.109597
0.0434607
0.224754
0.662
0.13811
0.0353918
0.244929
0.0262326
0.0733275
0.240314
0.662
0.640923
0.136687
0.662
0.0707645
0.112135
0.522857
0.115709
0.0985906
0.0966657
0.0740058
0.244973
0.20722
0.229015
0.152134
0.662
0.133038
0.144609
0.10824
0.0717128
0.382001
0.662
0.662
0.0849446
0.157849
0.569671
0.200041
0.555886
0.599938
0.131438
0.0824038
0.175831
0.15029
0.288496
0.662
0.239352
0.352774
0.168392
0.305472
0.0955824
0.274452
0.10156
0.159117
0.106895
0.165117
0.293616
0.259123
0.377568
0.132254
0.175952
0.0796952
0.1622
0.389387
0.401252
0.393319
0.146249
0.170189
0.148081
0.113607
0.556817
0.141734
0.141887
0.662
0.0432876
0.305926
0.662
0.662
0.44268
0.195064
0.380642
0.376515
0.156531
0.126541
0.154876
0.345086
0.0993007
0.662
0.271564
0.18419
0.266345
0.237344
0.291018
0.0522219
0.186232
0.365547
0.662
0.113935
0.168522
0.597744
0.192358
0.0966417
0.662
0.324648
0.662
0.173225
0.186113
0.430985
0.453372
0.228487
0.0546872
0.0242468
0.248034
0.0910645
0.0382878
0.00874584
0.105406
0.512027
0.662
0.0544267
0.476765
0.268264
0.171725
0.299073
0.662
0.662
0.0134476
0.318174
0.191316
0.242691
0.334711
0.155243
0.430188
0.134282
0.0583038
0.662
0.0618739
0.315549
0.373878
0.295753
0.0492228
0.0780385
0.662
0.232429
0.543081
0.371926
0.183273
0.206425
0.0814623
0.120564
0.105232
0.317568
0.164161
0.115032
0.0877078
0.102493
0.396917
0.23691
0.662
0.296644
0.0740436
0.0619674
0.0515614
0.341436
0.255454
0.199102
0.128773
0.202302
0.219989
0.662
0.284203
0.255202
0.0774539
0.0868802
0.262725
0.0457593
0.0685727
0.282833
0.204994
0.0475352
0.0361888
0.613035
0.59828
0.131043
0.108812
0.655925
0.662
0.662
0.662
0.628234
0.314413
0.662
0.175902
0.303735
0.386613
0.433612
0.156717
0.161878
0.0954303
0.295396
0.209845
0.0609872
0.114467
0.230103
0.0590107
0.00394911
0.295876
0.271915
0.186837
0.329577
0.123198
0.662
0.135955
0.62153
0.513374
0.0973392
0.091657
0.662
0.336755
0.346956
0.134605
0.662
0.0319016
0.549114
0.339964
0.281234
0.442664
0.197616
0.267417
0.076423
0.423446
0.157367
0.173984
0.286976
0.662
0.218114
0.22377
0.124
0.26923
0.0642223
0.13144
0.388709
0.194287
0.0851293
0.071443
0.21259
0.16128
0.236399
0.11252
0.242635
0.0989819
0.0816081
0.662
0.436483
0.0652093
0.175956
0.188152
0.509024
0.118481
0.105984
0.138382
0.485071
0.162196
0.0303987
0.370193
0.195474
0.151282
0.0911052
0.0992973
0.146807
0.0988098
0.128004
0.241673
0.234117
0.212933
0.257314
0.172163
0.115895
0.200905
0.121336
0.662
0.662
0.662
0.242243
0.572542
0.601761
0.594728
0.209507
0.59967
0.662
0.0888956
0.105125
0.10527
0.662
0.349929
0.188305
0.0938947
0.307227
0.238243
0.0341438
0.662
0.662
0.662
0.285873
0.24641
0.276966
0.0628939
0.662
0.0929773
0.662
0.233796
0.216362
0.619542
0.350454
0.32479
0.310418
0.468646
0.165784
0.662
0.105156
0.636873
0.662
0.013789
0.662
0.599088
0.118656
0.487168
0.140705
0.122058
0.0760334
0.37298
0.128949
0.662
0.0937386
0.0944694
0.662
0.662
0.063644
0.128193
0.282568
0.0877694
0.54602
0.56493
0.215239
0.0528006
0.185188
0.205764
0.326656
0.236817
0.231426
0.662
0.39978
0.37196
0.433003
0.114303
0.187194
0.662
0.662
0.662
0.628847
0.662
0.403288
0.662
0.0673301
0.662
0.656021
0.182599
0.662
0.195978
0.125007
0.0629318
0.00575243
0.662
0.166347
0.662
0.226355
0.662
0.277703
0.14717
0.221889
0.329458
0.615861
0.0429194
0.252251
0.403024
0.435574
0.49415
0.127175
0.119879
0.534213
0.362721
0.03615
0.156394
0.334386
0.143312
0.427437
0.0846085
0.320558
0.0596243
0.0800108
0.0594196
0.235732
0.478356
0.662
0.662
0.629851
0.0798996
0.155623
0.662
0.210196
0.115822
0.136616
0.405381
0.130295
0.369427
0.0935838
0.263021
0.290623
0.191647
0.38942
0.359524
0.0713235
0.359733
0.0475117
0.200068
0.0709986
0.0954236
0.390982
0.0462077
0.17904
0.328446
0.432103
0.265206
0.357968
0.662
0.0860995
0.625976
0.0983583
0.0340996
0.328485
0.662
0.0838504
0.0668886
0.0983898
0.0711681
0.127464
0.0324108
0.127263
0.662
0.662
0.0156383
0.302541
0.276422
0.131808
0.137132
0.162548
0.100985
0.456111
0.128012
0.662
0.56687
0.335255
0.662
0.0599809
0.0491361
0.237967
0.152626
0.00981786
0.10589
0.157575
0.662
0.662
0.115325
0.145049
0.0833412
0.662
0.23793
0.123032
0.360957
0.0742753
0.301248
0.104594
0.263529
0.662
0.384411
0.662
0.0993125
0.562527
0.662
0.662
0.662
0.0983557
0.117157
0.486701
0.0698221
0.0830552
0.067486
0.662
0.0856573
0.298951
0.0191724
0.209338
0.225283
0.0873078
0.123348
0.135355
0.662
0.25933
0.213793
0.196889
0.300556
0.167916
0.289757
0.662
0.417956
0.662
0.264909
0.662
0.0916115
0.137149
0.0807352
0.662
0.0996805
0.251573
0.0592208
0.0568015
0.596366
0.182885
0.662
0.0668131
0.662
0.662
0.5176
0.212546
0.201432
0.238812
0.295352
0.4449
0.113216
0.286706
0.662
0.662
0.350903
0.51991
0.188413
0.662
0.13696
0.429509
0.181045
0.609957
0.0977581
0.18836
0.236503
0.0807194
0.190591
0.251905
0.144085
0.662
0.501201
0.384723
0.084791
0.00106147
0.64386
0.139887
0.309706
0.579479
0.196745
0.0632637
0.162367
0.316106
0.276279
0.393999
0.1252
0.212059
0.0499349
0.0872071
0.0729538
0.214384
0.0854317
0.0427409
0.203474
0.315785
0.222997
0.157822
0.662
0.109903
0.0174857
0.128471
0.182834
0.582958
0.662
0.0496227
0.44255
0.126885
0.000953894
0.179645
0.203709
0.662
0.223294
0.289533
0.0447766
0.136179
0.073425
0.181458
0.367302
0.234336
0.145735
0.299347
0.662
0.491002
0.568706
0.186433
0.151996
0.244848
0.196485
0.662
0.424097
0.231369
0.205358
0.139247
0.662
0.0389074
0.17845
0.165919
0.240074
0.0568533
0.349743
0.365841
0.0370587
0.662
0.412464
0.432522
0.229472
0.392408
0.304163
0.662
0.429535
0.13995
0.125442
0.386324
0.0411424
0.130709
0.224058
0.330865
0.0275837
0.0229678
0.0502609
0.37444
0.411831
0.136118
0.0853647
0.294738
0.662
0.348488
0.136826
0.662
0.317468
0.106997
0.662
0.168806
0.662
0.117847
0.407466
0.662
0.0612458
0.0946205
0.662
0.211003
0.662
0.0992373
0.302123
0.0380612
0.179495
0.323772
0.64085
0.560392
0.119554
0.0927798
0.0836825
0.662
0.392651
0.269117
0.662
0.102171
0.0973613
0.662
0.0881292
0.662
0.53011
0.55691
0.236863
0.0180169
0.374538
0.0928922
0.177395
0.145766
0.554007
0.206343
0.0414123
0.17906
0.312246
0.0309296
0.192685
0.320355
0.0874294
0.662
0.188479
0.0792247
0.137987
0.103067
0.662
0.10427
0.119433
0.0878613
0.243561
0.0793277
0.038474
0.331154
0.0979617
0.582217
0.197437
0.0627364
0.346274
0.0928859
0.590103
0.27181
0.156549
0.154874
0.109134
0.239402
0.272909
0.0342389
0.25628
0.229215
0.10075
0.0199397
0.198613
0.0478605
0.13161
0.212555
0.508839
0.662
0.328707
0.278361
0.662
0.185646
0.166322
0.290541
0.398219
0.211654
0.277184
0.24155
0.209421
0.149958
0.402794
0.52741
0.662
0.429054
0.130592
0.0462976
0.0661969
0.0712486
0.450493
0.335973
0.561413
0.662
0.0561795
0.662
0.307098
0.324491
0.0712817
0.20247
0.495212
0.147656
0.126751
0.321249
0.244196
0.442362
0.58626
0.2177
0.662
0.0704291
0.571728
0.214839
0.155501
0.103413
0.185003
0.0538508
0.055742
0.0243388
0.371664
0.525889
0.281375
0.150295
0.0912519
0.128619
0.177878
0.245128
0.589829
0.0647736
0.132662
0.433411
0.0233802
0.0109646
0.00661478
0.662
0.662
0.238364
0.17948
0.15609
0.126883
0.597661
0.662
0.182253
0.2289
0.083289
0.0946231
0.389287
0.180532
0.0923743
0.0700446
0.620173
0.662
0.116419
0.49083
0.0973966
0.052994
0.216418
0.0682698
0.662
0.140988
0.0647039
0.0857292
0.0973424
0.115888
0.0997302
0.49586
0.0895948
0.174911
0.367024
0.308575
0.148407
0.112897
0.662
0.0554686
0.389617
0.0836347
0.0782592
0.509345
0.2044
0.458469
0.662
0.662
0.20188
0.662
0.624178
0.0542168
0.410045
0.256839
0.0983314
0.30177
0.151192
0.481474
0.154946
0.662
0.662
0.0827163
0.264761
0.144948
0.0517833
0.403279
0.161158
0.265071
0.00498945
0.363699
0.0130537
0.662
0.219762
0.0867819
0.0438399
0.0517299
0.481775
0.205708
0.377024
0.536756
0.662
0.0510319
0.129797
0.144496
0.0772013
0.104824
0.276337
0.238816
0.103534
0.00749904
0.0858002
0.346824
0.662
0.150359
0.27265
0.260603
0.170748
0.188748
0.190893
0.217491
0.662
0.150593
0.452679
0.20523
0.305023
0.338588
0.0502612
0.507879
0.348855
0.010835
0.236575
0.0759106
0.567766
0.120024
0.0740275
0.169102
0.333891
0.405739
0.662
0.425692
0.198906
0.313849
0.399651
0.662
0.438258
0.41588
0.117231
0.161285
0.222915
0.100612
0.324623
0.377522
0.182649
0.0609238
0.146167
0.152064
0.201238
0.0794704
0.134934
0.284935
0.0874597
0.0106089
0.0729757
0.098635
0.185949
0.292309
0.552238
0.175673
0.288945
0.207388
0.662
0.662
0.181377
0.196582
0.662
0.237711
0.398439
0.310182
0.497123
0.293278
0.277475
0.662
0.157087
0.195435
0.537066
0.118364
0.159032
0.354313
0.263787
0.120033
0.563219
0.20952
0.180577
0.169109
0.0654648
0.30372
0.192201
0.662
0.17806
0.297124
0.14222
0.151292
0.158851
0.662
0.0998593
0.131744
0.193164
0.0875335
0.337623
0.591476
0.290176
0.662
0.493519
0.153076
0.336561
0.163564
0.217326
0.314319
0.209041
0.662
0.156111
0.0906119
0.137554
0.002331
0.662
0.559636
0.417783
0.0523069
0.662
0.123116
0.186957
0.232898
0.197839
0.0888221
0.283813
0.408867
0.0500601
0.662
0.415867
0.150957
0.300301
0.0765952
0.592605
0.284223
0.052169
0.275731
0.10061
0.140781
0.122696
0.195596
0.256214
0.19469
0.662
0.220134
0.145344
0.095036
0.0928161
0.469302
0.304761
0.0170807
0.437682
0.18078
0.599705
0.236502
0.617102
0.0999189
0.272764
0.0621673
0.227619
0.349202
0.186524
0.12394
0.108054
0.0910766
0.408776
0.073894
0.112659
0.148641
0.384494
0.662
0.228068
0.519413
0.662
0.662
0.662
0.662
0.0947121
0.472784
0.426543
0.64373
0.662
0.120859
0.155431
0.0853717
0.662
0.337742
0.113464
0.662
0.235324
0.662
0.0256149
0.211653
0.131771
0.0273402
0.447421
0.662
0.662
0.528113
0.206441
0.0695359
0.662
0.302592
0.121423
0.130312
0.513999
0.662
0.31871
0.328086
0.0725956
0.0820984
0.0903943
0.154955
0.00031029
0.391642
0.144375
0.46777
0.249953
0.115018
0.0920647
0.495817
0.23417
0.295513
0.503854
0.133294
0.123601
0.223499
0.201677
0.195222
0.332464
0.201239
0.0650559
0.256502
0.286589
0.113684
0.329822
0.245043
0.248916
0.662
0.662
0.5899
0.37658
0.113592
0.420186
0.662
0.542116
0.176966
0.471974
0.361803
0.0102585
0.257945
0.662
0.0679445
0.13936
0.662
0.662
0.322009
0.62398
0.446671
0.222195
0.24631
0.662
0.662
0.0991943
0.0643652
0.20564
0.662
0.368524
0.0431576
0.0493103
0.0386439
0.0510887
0.088025
0.18974
0.340014
0.132143
0.535763
0.662
0.0436091
0.198629
0.106542
0.0292837
0.62242
0.662
0.105825
0.399826
0.113128
0.569279
0.643343
0.116018
0.662
0.662
0.662
0.189555
0.0818662
0.089931
0.327709
0.241754
0.0484957
0.179216
0.160665
0.205171
0.0286809
0.44131
0.662
0.108688
0.0796613
0.138832
0.409634
0.225705
0.219253
0.260234
0.233444
0.662
0.355649
0.327546
0.529342
0.44881
0.184769
0.135696
0.13088
0.662
0.488083
0.212326
0.00514984
0.425422
0.16068
0.0922951
0.657492
0.277804
0.209773
0.11577
0.662
0.605135
0.662
0.293035
0.0629408
0.479045
0.0370328
0.662
0.24835
0.178241
0.54545
0.209503
0.386396
0.0588133
0.236168
0.662
0.229246
0.252132
0.0570312
0.222303
0.00888848
0.662
0.0264305
0.477818
0.0819864
0.189157
0.122233
0.0681203
0.118863
0.0899334
0.222991
0.210393
0.230191
0.446681
0.0712545
0.352998
0.159461
0.319947
0.662
0.152154
0.0643414
0.217612
0.0938728
0.489066
0.514514
0.0554728
0.427395
0.298795
0.088683
0.0670658
0.117733
0.0827787
0.662
0.0334588
0.271721
0.47681
0.662
0.341346
0.0512672
0.290974
0.662
0.662
0.27259
0.336503
0.0640338
0.077824
0.0829304
0.529156
0.092516
0.0651131
0.10947
0.662
0.121455
0.27182
0.275342
0.0969801
0.0671605
0.0290556
0.662
0.0596553
0.16127
0.200147
0.662
0.662
0.160018
0.160996
0.449561
0.203503
0.354504
0.101954
0.479786
0.103254
0.217007
0.165609
0.113193
0.335688
0.542064
0.134396
0.19162
0.662
0.244764
0.534549
0.662
0.559514
0.432751
0.203688
0.0782143
0.0809004
0.356656
0.662
0.175393
0.2635
0.320108
0.1789
0.662
0.662
0.0918335
0.602173
0.154021
0.0795047
0.382104
0.15454
0.216367
0.176363
0.445957
0.33757
0.662
0.290782
0.0643401
0.541519
0.662
0.286945
0.0852922
0.662
0.529872
0.0665949
0.0887544
0.170084
0.0896704
0.0893191
0.526705
0.0850765
0.662
0.109108
0.358482
0.576375
0.0669772
0.00356059
0.609148
0.339626
0.0621762
0.00750272
0.115937
0.662
0.211325
0.361457
0.505905
0.456051
0.200448
0.662
0.264563
0.662
0.403568
0.346927
0.492113
0.0664526
0.662
0.0940219
0.189143
0.630738
0.29048
0.0974381
0.423326
0.0828781
0.165868
0.304903
0.204969
0.233334
0.103189
0.283175
0.209154
0.543981
0.0848315
0.240583
0.411834
0.242374
0.0297991
0.120678
0.662
0.390079
0.0791485
0.0541473
0.167373
0.204699
0.445423
0.0899672
0.143659
0.333958
0.0866754
0.201269
0.169843
0.329871
0.185972
0.0375557
0.22496
0.0588727
0.165723
0.48914
0.189958
0.0798059
0.277096
0.161888
0.169894
0.122348
0.47846
0.301886
0.107866
0.145774
0.662
0.0542119
0.196215
0.215192
0.188351
0.543425
0.0725381
0.340911
0.128225
0.0842391
0.422763
0.662
0.439991
0.106944
0.611491
0.188234
0.590079
0.186707
0.104526
0.0591762
0.662
0.386629
0.226821
0.0584459
0.235553
0.255676
0.310055
0.275832
0.0744471
0.120585
0.583294
0.242633
0.127521
0.183159
0.057664
0.426644
0.0300898
0.0850628
0.569007
0.0808596
0.145429
0.328558
0.662
0.167047
0.459756
0.145355
0.0499208
0.0127362
0.18293
0.0733696
0.310536
0.600067
0.0903973
0.276967
0.039018
0.0726136
0.338031
0.662
0.120824
0.551918
0.227091
0.165042
0.200761
0.0870763
0.386338
0.114798
0.358611
0.302914
0.0926332
0.229106
0.206521
0.067409
0.356336
0.662
0.662
0.136424
0.220333
0.571485
0.471379
0.222018
0.224278
0.305026
0.372413
0.0678339
0.381509
0.090131
0.11624
0.603442
0.16239
0.591329
0.214577
0.662
0.127118
0.269205
0.249328
0.146726
0.366996
0.662
0.0741093
0.0253951
0.137864
0.54427
0.259975
0.228441
0.338463
0.574282
0.662
0.190314
0.175258
0.526275
0.617603
0.298655
0.171562
0.100243
0.221431
0.315832
0.662
0.581355
0.105448
0.23674
0.203713
0.0488957
0.225004
0.171741
0.496485
0.118943
0.375431
0.204893
0.321525
0.0724668
0.136916
0.272245
0.309382
0.13759
0.102112
0.430869
0.242668
0.186799
0.447153
0.139759
0.195193
0.0660279
0.662
0.662
0.176712
0.169783
0.594235
0.63873
0.200885
0.145843
0.0550556
0.318812
0.54894
0.448592
0.363799
0.155295
0.170193
0.477242
0.222153
0.166289
0.159799
0.423086
0.622762
0.0915797
0.625197
0.0865202
0.179459
0.0630339
0.307073
0.321359
0.662
0.154016
0.30568
0.662
0.604959
0.58354
0.104675
0.299954
0.327979
0.579583
0.462751
0.107214
0.662
0.35552
0.662
0.069954
0.662
0.196308
0.482574
0.216376
0.489985
0.662
0.662
0.662
0.234398
0.129781
0.346528
0.0480986
0.11512
0.122422
0.114332
0.16898
0.333974
0.585707
0.126117
0.662
0.0613756
0.400575
0.100194
0.0708569
0.0982538
0.182995
0.0454488
0.662
0.42725
0.129599
0.108254
0.261307
0.624266
0.391474
0.0426532
0.3763
0.662
0.584361
0.575379
0.119411
0.662
0.662
0.22362
0.361438
0.651769
0.421286
0.192204
0.0414878
0.662
0.10893
0.110475
0.156157
0.107049
0.117576
0.066435
0.118586
0.662
0.280239
0.155158
0.662
0.0335401
0.1664
0.448593
0.222308
0.199317
0.216488
0.105909
0.0873365
0.263128
0.224823
0.113371
0.487369
0.123316
0.0403178
0.176665
0.662
0.60327
0.662
0.143981
0.124009
0.045256
0.447466
0.256461
0.060714
0.175216
0.0278008
0.662
0.486777
0.0922249
0.137268
0.0704878
0.486672
0.327989
0.266257
0.0970391
0.63771
0.169172
0.116947
0.662
0.193695
0.289032
0.08271
0.0938143
0.662
0.359577
0.662
0.06918
0.0903049
0.340873
0.207539
0.153905
0.662
0.0608681
0.662
0.22401
0.26646
0.0742041
0.367594
0.109211
0.220057
0.415146
0.48132
0.152091
0.107906
0.44615
0.662
0.216313
0.342778
0.148161
0.0973142
0.0215927
0.266214
0.329298
0.144271
0.411558
0.16889
0.662
0.662
0.153869
0.089451
0.604338
0.428204
0.104403
0.181712
0.662
0.16903
0.658148
0.103621
0.193249
0.18498
0.0264801
0.054701
0.610729
0.153078
0.0632941
0.415894
0.251842
0.662
0.518216
0.662
0.0383503
0.216498
0.09595
0.160384
0.0550788
0.0980734
0.347901
0.133529
0.417518
0.182121
0.0458349
0.0559215
0.422038
0.376543
0.259037
0.484169
0.0621669
0.301353
0.0529924
0.662
0.184852
0.202803
0.294597
0.465913
0.197973
0.277867
0.147702
0.662
0.412068
0.318452
0.0913005
0.0543475
0.207853
0.175688
0.140532
0.314225
0.182113
0.186284
0.121004
0.189186
0.662
0.190391
0.0975709
0.204728
0.359274
0.262852
0.347862
0.405034
0.115401
0.504378
0.437576
0.633318
0.176508
0.662
0.271057
0.115433
0.0891949
0.412655
0.124125
0.325296
0.109185
0.394824
0.0811163
0.620908
0.212087
0.242732
0.282351
0.236246
0.608133
0.307341
0.0335396
0.172996
0.160568
0.232169
0.105552
0.11507
0.486134
0.164426
0.0853571
0.662
0.240782
0.121063
0.662
0.493924
0.662
0.662
0.0497351
0.271188
0.0675605
0.00195168
0.528192
0.563877
0.256313
0.198421
0.662
0.662
0.662
0.229352
0.137037
0.159775
0.249455
0.662
0.211353
0.526428
0.471115
0.237867
0.0685613
0.237252
0.0654396
0.0916588
0.0470805
0.0614042
0.0922677
0.171637
0.499164
0.0775011
0.099244
0.109247
0.0917595
0.24849
0.199893
0.142641
0.224007
0.627438
0.30039
0.138054
0.402289
0.0682216
0.534144
0.468242
0.376766
0.08884
0.194635
0.662
0.662
0.662
0.0661219
0.113139
0.236894
0.470782
0.662
0.13523
0.120728
0.141216
0.170813
0.352957
0.0702309
0.184533
0.0995176
0.0609516
0.0897274
0.0130612
0.662
0.143295
0.199031
0.662
0.0289857
0.0461723
0.0681741
0.199421
0.662
0.108712
0.103681
0.0728828
0.211944
0.662
0.268254
0.662
0.201394
0.101995
0.228419
0.129667
0.224458
0.179147
0.662
0.268276
0.450339
0.0268279
0.179633
0.361625
0.39584
0.662
0.662
0.130116
0.662
0.218203
0.519198
0.240327
0.639989
0.16459
0.128434
0.41073
0.175791
0.0667792
0.201411
0.464319
0.298043
0.662
0.27616
0.0767467
0.438227
0.119958
0.662
0.0625877
0.0456155
0.233869
0.158529
0.0953205
0.255911
0.0421714
0.198905
0.18774
0.281325
0.229328
0.108581
0.403036
0.662
0.0884451
0.142893
0.662
0.0500146
0.0910819
0.232133
0.0795788
0.0811223
0.0936591
0.25606
0.0440452
0.0411306
0.144597
0.204651
0.335113
0.136979
0.456357
0.136937
0.311656
0.0490879
0.221319
0.0414049
0.202343
0.0493072
0.0762203
0.108867
0.343143
0.5255
0.115238
0.0964871
0.312001
0.451863
0.655614
0.0665279
0.662
0.372002
0.408543
0.126134
0.178692
0.186416
0.331647
0.0811145
0.0640352
0.0643255
0.662
0.206681
0.182852
0.402234
0.336266
0.412807
0.662
0.119373
0.662
0.0330763
0.163625
0.662
0.469697
0.186851
0.662
0.662
0.0711443
0.0557661
0.176022
0.27789
0.662
0.179564
0.245902
0.432656
0.210742
0.142835
0.300441
0.318868
0.416492
0.0619207
0.230673
0.0553388
0.0704297
0.145052
0.311817
0.419442
0.127225
0.440874
0.209946
0.206363
0.0997205
0.348119
0.605708
0.540341
0.346995
0.662
0.287706
0.15459
0.195002
0.11807
0.127217
0.565249
0.0832979
0.160179
0.142082
0.116748
0.385501
0.662
0.662
0.143615
0.156814
0.662
0.21923
0.119921
0.409632
0.662
0.290956
0.00309827
0.180501
0.0660534
0.433101
0.526937
0.00899265
0.162865
0.145733
0.131641
0.411975
0.133603
0.140887
0.144694
0.076597
0.0300214
0.111174
0.107964
0.453653
0.0504095
0.132418
0.652972
0.0598335
0.554581
0.0704589
0.0456076
0.0900597
0.164993
0.495133
0.143652
0.254422
0.0405114
0.0614184
0.166221
0.662
0.138537
0.10624
0.600453
0.662
0.0603407
0.237967
0.662
0.488064
0.196143
0.0608477
0.140416
0.146828
0.485504
0.161887
0.662
0.176773
0.22394
0.519971
0.261993
0.39146
0.154323
0.26488
0.147371
0.662
0.662
0.0408479
0.662
0.0637325
0.365611
0.409753
0.332647
0.162712
0.269196
0.210427
0.532325
0.251386
0.296513
0.158853
0.118246
0.662
0.0987002
0.00125697
0.37099
0.0819543
0.520831
0.160956
0.547324
0.280768
0.651215
0.0141972
0.479229
0.243378
0.662
0.303867
0.662
0.157528
0.415877
0.0677187
0.0769983
0.612659
0.662
0.30634
0.0973855
0.304261
0.162857
0.427817
0.254878
0.135492
0.261371
0.0983298
0.110948
0.660013
0.079708
0.373985
0.0783951
0.662
0.495199
0.207385
0.204736
0.20403
0.141879
0.239515
0.362253
0.173842
0.0548923
0.300431
0.140449
0.0568272
0.422368
0.662
0.0425045
0.57954
0.0747701
0.0540649
0.662
0.138928
0.0736125
0.200481
0.412369
0.234165
0.212344
0.0870809
0.229991
0.387794
0.142089
0.470315
0.167363
0.0201357
0.335185
0.461717
0.197115
0.0856514
0.512837
0.160898
0.165331
0.256103
0.662
0.081349
0.163086
0.335679
0.029699
0.123108
0.662
0.100099
0.276733
0.0253041
0.0887429
0.318785
0.0970095
0.186311
0.1423
0.194819
0.211755
0.0856994
0.0904233
0.118328
0.273462
0.0718241
0.127079
0.1046
0.592917
0.0234897
0.310533
0.180152
0.215147
0.0390694
0.460285
0.335572
0.356636
0.015333
0.662
0.463164
0.662
0.0929173
0.224285
0.433221
0.534983
0.417952
0.410617
0.441858
0.344859
0.162445
0.087149
0.141859
0.207694
0.248487
0.662
0.662
0.0782871
0.0788849
0.0242354
0.214006
0.338701
0.189415
0.338748
0.536719
0.662
0.251031
0.241475
0.0606687
0.127996
0.103628
0.662
0.155736
0.662
0.607943
0.662
0.472281
0.303865
0.0425882
0.580622
0.662
0.118665
0.0753574
0.368884
0.195294
0.0677377
0.191787
0.376439
0.333143
0.334641
0.216142
0.10474
0.132411
0.395615
0.155376
0.0941001
0.103674
0.221574
0.662
0.0947184
0.173671
0.135027
0.286486
0.192388
0.126596
0.178121
0.662
0.128124
0.0440233
0.0585137
0.170967
0.464756
0.060708
0.486938
0.0370643
0.065634
0.0409734
0.147849
0.358151
0.171581
0.662
0.268457
0.130573
0.62752
0.0992244
0.604559
0.406968
0.0499418
0.123436
0.662
0.0746243
0.289644
0.391442
0.172034
0.662
0.248267
0.302493
0.132299
0.245387
0.439902
0.0527563
0.0595343
0.662
0.396661
0.16723
0.0649174
0.0994911
0.190528
0.245527
0.444087
0.223185
0.184784
0.460301
0.549228
0.662
0.655337
0.251206
0.146171
0.437191
0.662
0.573218
0.332819
0.278811
0.662
0.284817
0.421316
0.289718
0.130142
0.260794
0.314304
0.662
0.534845
0.0395243
0.132817
0.166693
0.0734404
0.44328
0.283522
0.24344
0.179532
0.197666
0.520343
0.0108115
0.0500875
0.212828
0.14855
0.221801
0.247255
0.232308
0.168104
0.11622
0.399147
0.614119
0.146208
0.662
0.11709
0.375144
0.227293
0.3547
0.191226
0.123897
0.143133
0.0991678
0.038938
0.145715
0.0440556
0.662
0.518575
0.539247
0.0245635
0.392288
0.387414
0.22846
0.0656588
0.0654724
0.169751
0.662
0.662
0.662
0.662
0.103794
0.254193
0.231303
0.140094
0.356532
0.0599906
0.662
0.447368
0.558753
0.547866
0.447907
0.345775
0.117412
0.0918154
0.123717
0.29518
0.364896
0.551395
0.0622489
0.209127
0.118983
0.115326
0.662
0.283725
0.0874097
0.0994487
0.0745732
0.451303
0.662
0.208602
0.662
0.384825
0.203105
0.256349
0.368252
0.334992
0.153344
0.158534
0.25625
0.662
0.576877
0.280569
0.381181
0.0263963
0.392309
0.211392
0.0870339
0.101117
0.16451
0.371092
0.216258
0.330673
0.662
0.291134
0.279865
0.107933
0.243897
0.361676
0.662
0.449251
0.662
0.101595
0.134819
0.0585929
0.212971
0.212502
0.0549944
0.34495
0.391737
0.115221
0.662
0.662
0.0791223
0.0705868
0.237045
0.161469
0.154924
0.257365
0.662
0.554889
0.353
0.269494
0.298363
0.0986934
0.168001
0.221353
0.0342202
0.112959
0.195292
0.155237
0.0513232
0.304187
0.662
0.129131
0.0748147
0.121786
0.662
0.0191757
0.191208
0.101307
0.0451501
0.13206
0.00767709
0.280574
0.561023
0.133774
0.393061
0.359502
0.662
0.0925786
0.662
0.252521
0.171629
0.662
0.450112
0.240519
0.662
0.302417
0.164307
0.124411
0.389134
0.662
0.0570559
0.0613199
0.600858
0.0572409
0.0978109
0.0597784
0.140381
0.213231
0.123065
0.291712
0.0962885
0.479666
0.155327
0.484723
0.369508
0.27142
0.345405
0.380372
0.144032
0.464243
0.175625
0.46217
0.142348
0.662
0.246382
0.662
0.109206
0.205952
0.546394
0.662
0.127229
0.50048
0.24373
0.418739
0.662
0.21721
0.60883
0.26763
0.662
0.239354
0.0727297
0.216265
0.19596
0.635762
0.429297
0.0408884
0.222124
0.164884
0.119138
0.662
0.0866976
0.304936
0.662
0.21098
0.336857
0.386164
0.210901
0.21843
0.662
0.662
0.502993
0.039409
0.385734
0.062797
0.248539
0.118095
0.321434
0.113488
0.164008
0.181451
0.231401
0.171896
0.505791
0.188205
0.215464
0.386219
0.0743906
0.0668657
0.1715
0.208179
0.239472
0.662
0.405878
0.662
0.102587
0.197161
0.118953
0.121352
0.597741
0.115071
0.205947
0.559441
0.505027
0.266505
0.0854288
0.553105
0.662
0.0581999
0.551038
0.436877
0.264428
0.315377
0.158995
0.0787408
0.137797
0.453892
0.453334
0.662
0.00436446
0.418586
0.0473334
0.215722
0.112578
0.247891
0.197681
0.0999434
0.297122
0.0093502
0.243223
0.601977
0.507125
0.307973
0.247986
0.351607
0.41063
0.263757
0.0816035
0.0746724
0.209419
0.334403
0.137938
0.0524693
0.126047
0.268868
0.163815
0.146263
0.131317
0.196464
0.0646578
0.101024
0.171936
0.662
0.0566242
0.101658
0.1722
0.662
0.387465
0.353842
0.118646
0.543733
0.395832
0.0808334
0.135451
0.184503
0.123243
0.11735
0.187297
0.231233
0.0562322
0.0553143
0.133501
0.278897
0.315429
0.503797
0.662
0.662
0.220836
0.595571
0.164458
0.382109
0.138216
0.0971539
0.14545
0.13909
0.272405
0.274376
0.620988
0.432128
0.1741
0.0904104
0.405891
0.298067
0.394317
0.0724365
0.118601
0.662
0.499235
0.298291
0.426478
0.186368
0.125975
0.258476
0.662
0.123383
0.132085
0.662
0.0674877
0.254374
0.110913
0.233061
0.215816
0.337621
0.400798
0.0765362
0.484099
0.0504816
0.662
0.662
0.00776984
0.197241
0.161451
0.318321
0.396901
0.373691
0.662
0.0903694
0.662
0.167812
0.264474
0.359369
0.215823
0.0922656
0.0770533
0.662
0.0502585
0.117568
0.118611
0.289133
0.0999826
0.128852
0.363705
0.181793
0.662
0.662
0.451494
0.202635
0.119617
0.0777243
0.662
0.328013
0.581395
0.587786
0.662
0.154458
0.0876423
0.562962
0.0751019
0.276935
0.662
0.475188
0.205988
0.645826
0.0954675
0.133877
0.199378
0.108468
0.468847
0.401397
0.0705129
0.125207
0.258555
0.178851
0.215777
0.0668073
0.0922749
0.372947
0.657789
0.421718
0.408403
0.244727
0.137634
0.0943065
0.0704349
0.562899
0.0511679
0.662
0.390526
0.0467071
0.439254
0.303753
0.164211
0.662
0.442162
0.262025
0.501846
0.489851
0.242112
0.148708
0.101827
0.183144
0.0727294
0.662
0.217816
0.210491
0.094295
0.0440983
0.5972
0.582875
0.118034
0.160132
0.222848
0.603451
0.389449
0.425719
0.518005
0.164283
0.557935
0.358714
0.0807909
0.0197038
0.244815
0.0816311
0.135119
0.250699
0.498297
0.164055
0.0903702
0.440119
0.470443
0.653423
0.0692473
0.0626345
0.140396
0.162255
0.116303
0.515248
0.202871
0.318272
0.169678
0.301505
0.231315
0.499328
0.0387281
0.143694
0.348795
0.179333
0.22735
0.017399
0.208884
0.058855
0.264093
0.0384158
0.0670661
0.0958861
0.270296
0.0885122
0.662
0.0537467
0.42761
0.60695
0.227882
0.662
0.173911
0.194193
0.662
0.094848
0.188857
0.157369
0.432496
0.519267
0.662
0.447779
0.290848
0.16231
0.229303
0.244565
0.156196
0.285531
0.144402
0.0665689
0.0470437
0.0907551
0.416792
0.181736
0.151032
0.0992725
0.15728
0.523569
0.139594
0.554384
0.43965
0.662
0.125511
0.209938
0.0655082
0.242082
0.209927
0.400767
0.222784
0.487569
0.245048
0.0751763
0.537304
0.0928131
0.41092
0.12404
0.320388
0.662
0.186625
0.0750668
0.662
0.321407
0.0738001
0.366767
0.0326786
0.123215
0.359841
0.481087
0.0511469
0.0944071
0.127522
0.0660024
0.190649
0.449016
0.0362186
0.126402
0.152061
0.0772657
0.221571
0.436515
0.364806
0.30709
0.263987
0.346485
0.169192
0.662
0.0474606
0.115049
0.163044
0.662
0.439269
0.0522377
0.381496
0.232722
0.0903053
0.118436
0.326549
0.356406
0.0617689
0.113389
0.0740135
0.662
0.395291
0.242196
0.164149
0.115826
0.662
0.108022
0.590576
0.160637
0.03748
0.662
0.055569
0.31581
0.662
0.602486
0.40742
0.174952
0.384434
0.662
0.356393
0.109142
0.499177
0.662
0.0853715
0.220658
0.540633
0.0903426
0.662
0.14245
0.0706201
0.306361
0.0825494
0.479847
0.662
0.608073
0.295828
0.582447
0.088685
0.662
0.418475
0.662
0.207338
0.280181
0.0870777
0.32776
0.0657424
0.0606612
0.462793
0.650765
0.662
0.0913983
0.0728698
0.0167789
0.662
0.347244
0.278851
0.326817
0.229973
0.295345
0.0786374
0.0840268
0.18876
0.00852613
0.0277627
0.130947
0.336253
0.490774
0.610361
0.151946
0.0827578
0.310243
0.331157
0.287482
0.190161
0.375728
0.0983561
0.0750602
0.48096
0.405372
0.273551
0.183513
0.332361
0.373333
0.242888
0.477794
0.336318
0.662
0.662
0.202574
0.111549
0.662
0.325195
0.662
0.212773
0.296203
0.662
0.662
0.176848
0.290628
0.390985
0.197013
0.074567
0.662
0.389616
0.0383416
0.104524
0.416956
0.194578
0.112627
0.267062
0.323028
0.162893
0.0960391
0.259019
0.347311
0.0482083
0.0680151
0.392711
0.419804
0.308408
0.662
0.473118
0.0826757
0.662
0.325365
0.197868
0.469173
0.123974
0.0456929
0.591151
0.389239
0.394306
0.124147
0.250562
0.0497801
0.302576
0.0539001
0.250196
0.0624178
0.662
0.175736
0.662
0.0582687
0.0860658
0.183179
0.662
0.254332
0.14111
0.275744
0.450381
0.0806542
0.382741
0.275271
0.662
0.318365
0.18542
0.421164
0.223251
0.185938
0.662
0.298823
0.0847829
0.0675112
0.33858
0.186036
0.180272
0.662
0.335043
0.465193
0.234798
0.251037
0.01776
0.273246
0.36431
0.502201
0.127088
0.15979
0.15479
0.13649
0.167672
0.662
0.146856
0.120781
0.0738245
0.221326
0.662
0.662
0.38921
0.662
0.3887
0.662
0.511542
0.565331
0.205741
0.0735333
0.11492
0.386251
0.160216
0.497965
0.31177
0.0823322
0.339129
0.392204
0.175236
0.308883
0.661443
0.0123644
0.453327
0.0454286
0.168303
0.0528901
0.0428328
0.395179
0.662
0.439295
0.0418192
0.456795
0.101946
0.102914
0.662
0.14606
0.381159
0.0694885
0.409655
0.132853
0.206744
0.10067
0.662
0.662
0.352049
0.343996
0.478753
0.085474
0.0842043
0.165719
0.229887
0.0878772
0.494274
0.067419
0.662
0.0190981
0.0336625
0.289516
0.372297
0.452832
0.471386
0.211272
0.107506
0.255603
0.150426
0.146527
0.47349
0.131297
0.372378
0.168848
0.0921091
0.529159
0.178734
0.012692
0.201133
0.205777
0.662
0.248487
0.0611308
0.177165
0.177028
0.0456733
0.365986
0.662
0.408414
0.282267
0.357886
0.662
0.185731
0.662
0.124576
0.450156
0.130504
0.093061
0.613267
0.229798
0.124185
0.128691
0.110835
0.110472
0.234745
0.326483
0.213787
0.160682
0.428275
0.342165
0.13579
0.0692642
0.394798
0.166467
0.119098
0.156592
0.0792036
0.662
0.106531
0.170762
0.077192
0.662
0.662
0.0102541
0.281322
0.190532
0.557872
0.123907
0.151134
0.662
0.370375
0.0771786
0.232664
0.197376
0.316143
0.349924
0.154151
0.452661
0.213081
0.662
0.286132
0.662
0.142624
0.402655
0.0656137
0.662
0.077343
0.0429981
0.452934
0.0947466
0.0577008
0.145793
0.228047
0.247379
0.183547
0.365788
0.16676
0.0866127
0.25474
0.102955
0.264201
0.662
0.502003
0.315552
0.132385
0.267643
0.590173
0.133144
0.523054
0.662
0.535714
0.0965855
0.288163
0.114082
0.384028
0.239324
0.461941
0.0567441
0.0884642
0.10805
0.104091
0.0443872
0.122238
0.139815
0.139496
0.173062
0.662
0.644211
0.298193
0.396825
0.301517
0.145481
0.0799406
0.26654
0.232125
0.416816
0.636406
0.101389
0.662
0.629276
0.219309
0.0700782
0.108484
0.0664031
0.156536
0.662
0.662
0.212785
0.295961
0.662
0.042598
0.0745459
0.199461
0.10766
0.117576
0.074641
0.06135
0.153094
0.265425
0.358344
0.212885
0.0765141
0.357463
0.251486
0.178083
0.426942
0.145988
0.559437
0.0520631
0.14494
0.43554
0.0715319
0.132702
0.320963
0.0115476
0.239472
0.161476
0.501442
0.413814
0.516133
0.662
0.122701
0.106154
0.662
0.118584
0.191985
0.177876
0.565808
0.10158
0.105926
0.386768
0.0899016
0.140884
0.415564
0.316476
0.230917
0.252707
0.0979262
0.127737
0.00838223
0.0551909
0.215663
0.253866
0.195875
0.0732051
0.274456
0.0468421
0.662
0.256559
0.218848
0.134935
0.135899
0.105016
0.252652
0.0216956
0.23974
0.662
0.143895
0.44238
0.610056
0.128539
0.115866
0.662
0.385092
0.168331
0.150893
0.102635
0.070181
0.662
0.208229
0.662
0.654361
0.103969
0.119349
1.86232e-05
0.356561
0.434218
0.0715475
0.416855
0.0757994
0.177157
0.642166
0.162396
0.0662017
0.169353
0.336638
0.154447
0.529547
0.452329
0.191993
0.0683853
0.520244
0.18657
0.144041
0.0591312
0.0383046
0.230098
0.662
0.125144
0.340841
0.268719
0.127284
0.662
0.211882
0.60575
0.195598
0.135189
0.0366385
0.306967
0.662
0.0840627
0.43832
0.349875
0.449884
0.0802665
0.662
0.164369
0.662
0.301495
0.440666
0.301787
0.485304
0.0861562
0.0573999
0.187384
0.572588
0.161264
0.375463
0.472751
0.353029
0.662
0.404015
0.101034
0.286425
0.18254
0.646307
0.125998
0.0925416
0.220891
0.345756
0.152164
0.142867
0.246243
0.662
0.159945
0.255231
0.206272
0.112655
0.0193388
0.076941
0.662
0.212107
0.108811
0.434596
0.426741
0.662
0.662
0.0798842
0.0327205
0.358914
0.15326
0.514359
0.249047
0.0730645
0.662
0.662
0.133956
0.309435
0.0697906
0.404958
0.441665
0.398155
0.0813808
0.120904
0.115035
0.57223
0.0506417
0.192662
0.205382
0.2889
0.515942
0.298238
0.164327
0.258942
0.662
0.427037
0.378744
0.397787
0.110072
0.347626
0.148904
0.447091
0.246266
0.0486396
0.16988
0.181749
0.376394
0.0621221
0.189998
0.421804
0.235989
0.0398675
0.268825
0.106246
0.058723
0.234921
0.212994
0.438416
0.662
0.193946
0.144121
0.170152
0.103312
0.312325
0.0465081
0.273182
0.336976
0.266075
0.662
0.113258
0.454801
0.0166333
0.380376
0.187217
0.00960796
0.203421
0.662
0.252499
0.113155
0.454673
0.145315
0.0326776
0.0948401
0.380784
0.12498
0.537922
0.662
0.102711
0.105419
0.280857
0.236533
0.225707
0.222794
0.540024
0.17847
0.062149
0.0338383
0.160076
0.120805
0.061077
0.256484
0.261551
0.332891
0.134699
0.182338
0.14275
0.107047
0.529934
0.186572
0.662
0.228333
0.128245
0.263879
0.0790322
0.00196726
0.0556989
0.20387
0.290681
0.208435
0.662
0.110661
0.041685
0.134819
0.161112
0.152685
0.474699
0.210075
0.16835
0.368086
0.320096
0.111838
0.206681
0.184989
0.0458937
0.180547
0.662
0.106517
0.112777
0.285065
0.122633
0.184677
0.662
0.114234
0.659631
0.320603
0.100233
0.283821
0.661981
0.0685825
0.237968
0.0684972
0.662
0.131697
0.127796
0.150586
0.114597
0.092561
0.254505
0.0936737
0.0993401
0.269571
0.298805
0.572142
0.475144
0.0885554
0.0609023
0.272424
0.15591
0.0712034
0.207496
0.214966
0.468828
0.451247
0.283082
0.218276
0.662
0.383658
0.322059
0.0490456
0.609942
0.13697
0.144564
0.662
0.186989
0.00323167
0.376492
0.240187
0.0572617
0.654073
0.0439256
0.14147
0.309466
0.185504
0.214984
0.209149
0.641923
0.369247
0.10473
0.111896
0.469783
0.41325
0.459254
0.0186818
0.177226
0.292866
0.662
0.21269
0.30868
0.204925
0.558982
0.5713
0.130587
0.154285
0.302514
0.409875
0.231336
0.662
0.173781
0.116345
0.0484608
0.662
0.441921
0.662
0.277215
0.662
0.459948
0.142727
0.662
0.110821
0.662
0.0735637
0.312081
0.225102
0.08891
0.0839276
0.168269
0.398781
0.563593
0.261171
0.451724
0.0568734
0.500851
0.456162
0.449603
0.662
0.662
0.424058
0.616663
0.333879
0.148492
0.0952846
0.112893
0.0787779
0.240168
0.662
0.0295731
0.662
0.138955
0.662
0.271185
0.277678
0.0421739
0.151144
0.049582
0.450037
0.119817
0.154773
0.206441
0.107444
0.128717
0.322789
0.319787
0.662
0.403421
0.211424
0.0425468
0.13163
0.0630419
0.515223
0.105871
0.109936
0.150129
0.36541
0.0521066
0.662
0.0774767
0.662
0.394872
0.662
0.180493
0.198496
0.05223
0.407051
0.105589
0.322632
0.662
0.289244
0.662
0.257737
0.0283076
0.196745
0.237312
0.179766
0.662
0.0599447
0.297448
0.0882306
0.0215948
0.375657
0.575549
0.0871121
0.662
0.381061
0.30586
0.374506
0.15874
0.0554405
0.619535
0.181007
0.202236
0.161932
0.157788
0.276096
0.297188
0.0586933
0.662
0.634653
0.022415
0.227086
0.128914
0.142279
0.662
0.0797361
0.100685
0.662
0.554009
0.0194663
0.2028
0.0197594
0.432235
0.0876038
0.136372
0.662
0.181183
0.508333
0.20204
0.054494
0.105387
0.362035
0.338335
0.44564
0.108472
0.662
0.378537
0.216403
0.272944
0.662
0.148379
0.224082
0.282399
0.477667
0.294682
0.363325
0.304393
0.439933
0.179883
0.12538
0.231554
0.0811075
0.443236
0.662
0.520758
0.0833168
0.166621
0.0857785
0.151585
0.190284
0.155504
0.292543
0.0923475
0.466343
0.264072
0.529599
0.662
0.219961
0.226273
0.0255398
0.263877
0.608669
0.267925
0.376305
0.214805
0.0713495
0.336689
0.16945
0.0526314
0.662
0.21922
0.12398
0.0996236
0.0492496
0.0670189
0.0900602
0.258992
0.0583931
0.662
0.0128582
0.662
0.555611
0.604849
0.240985
0.0301415
0.137787
0.121523
0.276491
0.38733
0.52609
0.25114
0.0552081
0.120227
0.0434905
0.662
0.651067
0.278693
0.434901
0.152721
0.00739225
0.109375
0.203137
0.0658681
0.249667
0.112242
0.152123
0.074052
0.19924
0.119967
0.0964847
0.662
0.319248
0.127514
0.0770859
0.0795662
0.338874
0.662
0.364902
0.376231
0.315319
0.0852272
0.103049
0.158487
0.155985
0.150609
0.0206817
0.283537
0.0792393
0.359619
0.409455
0.662
0.152964
0.438772
0.578212
0.155519
0.281798
0.662
0.548599
0.0814105
0.43846
0.482905
0.191863
0.41637
0.662
0.110576
0.240553
0.0103182
0.0828041
0.0736065
0.348643
0.511548
0.0940208
0.367594
0.0797537
0.103956
0.662
0.169928
0.0207234
0.189631
0.662
0.40495
0.157817
0.662
0.426257
0.662
0.308138
0.368183
0.141015
0.199252
0.0220331
0.0579565
0.662
0.662
0.293175
0.0404359
0.0427021
0.318671
0.411213
0.0354104
0.662
0.0932985
0.23519
0.471326
0.042638
0.114217
0.174444
0.154103
0.0692298
0.0767984
0.0722784
0.0743547
0.662
0.0552076
0.662
0.420058
0.198875
0.0779007
0.662
0.213007
0.0918225
0.0760078
0.535784
0.192923
0.12637
0.662
0.18882
0.482586
0.662
0.662
0.251588
0.0710912
0.136649
0.113911
0.110461
0.460909
0.0555907
0.662
0.662
0.272862
0.662
0.124504
0.0708097
0.0526
0.182197
0.101981
0.294253
0.555848
0.117279
0.00856453
0.662
0.233204
0.662
0.552145
0.662
0.331836
0.145382
0.283572
0.616063
0.0172088
0.550501
0.111568
0.0691347
0.456932
0.662
0.234124
0.54817
0.169481
0.662
0.0757967
0.3675
0.15071
0.662
0.0914755
0.662
0.116304
0.247649
0.113592
0.60836
0.450048
0.177225
0.323402
0.418272
0.288545
0.141361
0.0647505
0.251151
0.00491694
0.157233
0.373678
0.178019
0.250575
0.662
0.0641497
0.165859
0.169252
0.167571
0.194802
0.662
0.657294
5.32567e-05
0.662
0.0750442
0.51851
0.228655
0.16562
0.662
0.113696
0.215356
0.228102
0.52893
0.173999
0.0517777
0.207117
0.0405865
0.380486
0.317805
0.124183
0.629915
0.273289
0.0841053
0.232993
0.48389
0.662
0.662
0.0285428
0.662
0.509255
0.328959
0.20171
0.662
0.0747685
0.662
0.662
0.0939925
0.117939
0.372479
0.289083
0.152501
0.0205594
0.172483
0.119784
0.0350692
0.264216
0.126872
0.118796
0.0355802
0.235353
0.0857432
0.0811984
0.249305
0.106432
0.101655
0.157299
0.587154
0.158506
0.17327
0.156294
0.662
0.246121
0.323091
0.195222
0.494626
0.321947
0.359669
0.0767098
0.0897226
0.500123
0.232541
0.406014
0.177575
0.264671
0.315825
0.208787
0.130939
0.245988
0.662
0.247621
0.0839753
0.175598
0.167471
0.0904197
0.103529
0.11541
0.662
0.324164
0.124511
0.0588084
0.551242
0.546318
0.0994952
0.21647
0.662
0.37145
0.662
0.146761
0.0380025
0.311756
0.486316
0.184762
0.043712
0.204805
0.662
0.383238
0.0583282
0.285529
0.124843
0.662
0.00383526
0.164952
0.117681
0.662
0.344847
0.662
0.283507
0.343316
0.0971746
0.105892
0.0668642
0.140354
0.28927
0.352055
0.0690705
0.146644
0.187654
0.325403
0.135488
0.0948984
0.0854744
0.0219611
0.548746
0.662
0.35109
0.662
0.662
0.0689325
0.0337305
0.413437
0.662
0.461639
0.11504
0.191367
0.624435
0.293485
0.151324
0.166507
0.34536
0.129039
0.502194
0.0850612
0.455155
0.662
0.344217
0.662
0.662
0.0985963
0.370137
0.158573
0.466305
0.237335
0.105595
0.227846
0.334454
0.333709
0.19842
0.662
0.00709522
0.247134
0.246383
0.254434
0.43331
0.26485
0.305357
0.0678696
0.0486244
0.662
0.129469
0.00202624
0.06685
0.427754
0.021406
0.445444
0.375614
0.227304
0.341778
0.0256832
0.443218
0.0492557
0.241268
0.0506599
0.235206
0.392141
0.0654127
0.662
0.176303
0.16781
0.338513
0.117091
0.662
0.0798382
0.0334989
0.128849
0.115906
0.662
0.0555447
0.181309
0.662
0.623995
0.0135168
0.0856078
0.534853
0.280885
0.395772
0.141795
0.023347
0.0393165
0.0921567
0.662
0.120766
0.126015
0.0635278
0.662
0.135572
0.159628
0.471017
0.0796563
0.225918
0.191178
0.371853
0.662
0.229686
0.400812
0.662
0.411631
0.306805
0.0481081
0.189836
0.0484037
0.187652
0.10134
0.126561
0.123137
0.0939197
0.0853082
0.291132
0.13199
0.0642729
0.154348
0.0680152
0.266726
0.138552
0.195188
0.478875
0.148191
0.0417758
0.296161
0.171448
0.348858
0.167322
0.662
0.157989
0.605973
0.54416
0.11529
0.0912235
0.127467
0.289307
0.0585104
0.568663
0.146402
0.662
0.0984027
0.245364
0.228598
0.0127543
0.393981
0.109709
0.662
0.556763
0.662
0.175745
0.132358
0.223162
0.144102
0.0517555
0.261006
0.0676347
0.176306
0.360074
0.54376
0.00858865
0.567566
0.219188
0.662
0.188126
0.662
0.0608259
0.457903
0.113852
0.662
0.0562389
0.662
0.662
0.12648
0.247676
0.098614
0.262021
0.256715
0.378765
0.379194
0.662
0.135399
0.240652
0.18526
0.0899369
0.154004
0.169381
0.337979
0.623153
0.0255452
0.152021
0.662
0.0959433
0.281083
0.477246
0.0822365
0.103423
0.662
0.214735
0.662
0.1001
0.13926
0.154413
0.140491
0.111964
0.0590959
0.145026
0.265482
0.0724328
0.0600484
0.0502519
0.0636224
0.0974327
0.104057
0.027937
0.662
0.662
0.300676
0.0592511
0.323891
0.228613
0.164631
0.159681
0.144601
0.155699
0.287917
0.424856
0.224825
0.327055
0.31048
0.285382
0.662
0.606314
0.0611586
0.296687
0.296833
0.302838
0.613577
0.137687
0.0344076
0.662
0.221375
0.163304
0.102378
0.188936
0.143866
0.237014
0.105738
0.229746
0.0886164
0.453809
0.190257
0.662
0.417831
0.146192
0.230035
0.0617925
0.395417
0.454686
0.213691
0.662
0.362369
0.429355
0.338366
0.200861
0.0172815
0.0840591
0.354327
0.645862
0.662
0.218502
0.128963
0.163212
0.338751
0.0558632
0.206133
0.0739128
0.084054
0.288925
0.500502
0.260599
0.273587
0.442715
0.0792116
0.662
0.158743
0.426329
0.00227931
0.32761
0.296005
0.458215
0.662
0.484954
0.662
0.364472
0.286933
0.122544
0.0798246
0.244267
0.00610279
0.148483
0.176106
0.215013
0.21225
0.621848
0.271914
0.241435
0.0372971
0.174685
0.28159
0.0751529
0.662
0.333029
0.202856
0.388242
0.069006
0.0699992
0.184536
0.0589711
0.105081
0.399393
0.298411
0.183908
0.359124
0.662
0.334854
0.471007
0.609448
0.43015
0.232957
0.13459
0.422913
0.597883
0.662
0.193509
0.14228
0.00419199
0.272997
0.471681
0.16084
0.600682
0.576792
0.567254
0.354475
0.243365
0.24009
0.0445238
0.165403
0.464394
0.090952
0.10783
0.155858
0.662
0.200377
0.2151
0.0837972
0.189422
0.294944
0.250752
0.601454
0.196528
0.0156869
0.662
0.662
0.108745
0.171444
0.198335
0.41666
0.662
0.340023
0.271612
0.4899
0.110495
0.0715457
0.115144
0.254143
0.662
0.124096
0.164409
0.203096
0.275398
0.0620898
0.184888
0.134534
0.288608
0.662
0.0915037
0.0446224
0.101155
0.662
0.125966
0.0992564
0.262733
0.216326
0.362266
0.175397
0.121161
0.199171
0.0852214
0.115428
0.379842
0.200828
0.395756
0.10594
0.662
0.29954
0.662
0.291296
0.179399
0.141599
0.662
0.662
0.194082
0.662
0.355182
0.186902
0.0799797
0.00949992
0.135724
0.291014
0.0902243
0.662
0.0100367
0.120703
0.596278
0.0889736
0.662
0.551231
0.477223
0.605062
0.102038
0.191002
0.102337
0.102273
0.312371
0.0284817
0.283486
0.123974
0.0606824
0.523196
0.135231
0.236933
0.115503
0.0809012
0.141505
0.147681
0.662
0.320543
0.244718
0.216683
0.662
0.320548
0.662
0.0551604
0.128438
0.662
0.662
0.662
0.231188
0.549409
0.662
0.25132
0.453719
0.255787
0.154488
0.591773
0.323732
0.027903
0.261172
0.267563
0.460711
0.0865025
0.109748
0.292603
0.0762681
0.0579916
0.102943
0.484387
0.108135
0.144994
0.662
0.339281
0.471313
0.530777
0.229702
0.229508
0.64543
0.0187895
0.101804
0.662
0.0920926
0.232387
0.342862
0.34637
0.090281
0.278937
7.3844e-05
0.120509
0.662
0.662
0.325794
0.662
0.0964864
0.152617
0.160105
0.362242
0.107061
0.317636
0.542822
0.0469766
0.662
0.662
0.337465
0.524289
0.331575
0.366603
0.662
0.211435
0.206937
0.257495
0.41755
0.216386
0.207855
0.135102
0.160017
0.156741
0.662
0.164304
0.662
0.218977
0.638221
0.0990054
0.510807
0.348728
0.33961
0.0382403
0.212657
0.264816
0.11953
0.662
0.056042
0.0710236
0.111338
0.109494
0.185682
0.0386915
0.1632
0.105753
0.417762
0.434561
0.662
0.662
0.167973
0.464832
0.203503
0.201571
0.282509
0.123133
0.188887
0.293935
0.163461
0.357781
0.662
0.234377
0.306243
0.148562
0.265989
0.662
0.662
0.662
0.662
0.0795634
0.089324
0.155883
0.174168
0.0980588
0.542858
0.104017
0.448635
0.662
0.662
0.349156
0.24693
0.128691
0.30347
0.117631
0.0145344
0.121518
0.468032
0.662
0.217419
0.420275
0.273846
0.215146
0.611973
0.0487809
0.662
0.316944
0.414186
0.45269
0.0955374
0.429642
0.499557
0.186254
0.224315
0.129362
0.406106
0.24582
0.234557
0.435087
0.129208
0.32778
0.453319
0.399776
0.16432
0.0756588
0.085276
0.662
0.662
0.103841
0.0654381
0.211623
0.121371
0.126585
0.6141
0.315398
0.662
0.360153
0.110437
0.210549
0.0468093
0.0873116
0.121293
0.34694
0.662
0.662
0.662
0.101481
0.492605
0.517872
0.18981
0.261136
0.116815
0.171147
0.275501
0.460271
0.651096
0.662
0.0622807
0.163871
0.150274
0.314935
0.194905
0.116814
0.258661
0.509849
0.189437
0.437426
0.281275
0.221085
0.546963
0.44843
0.259706
0.0779024
0.0930709
0.0180747
0.662
0.248482
0.250426
0.413779
0.53422
0.467623
0.662
0.133416
0.340704
0.662
0.24696
0.0507457
0.468296
0.662
0.137564
0.0636735
0.508025
0.0694895
0.05623
0.18151
0.220322
0.095735
0.0848856
0.470602
0.137482
0.105207
0.652496
0.307856
0.178078
0.381174
0.448245
0.0640582
0.322542
0.00800126
0.182861
0.223314
0.434259
0.187366
0.311807
0.252683
0.240385
0.325781
0.662
0.488552
0.157226
0.239782
0.456679
0.225176
0.191924
0.662
0.344536
0.199142
0.024788
0.412734
0.292104
0.635317
0.418776
0.38975
0.290846
0.0503581
0.148974
0.530879
0.230949
0.0422471
0.0853273
0.662
0.221719
0.0972111
0.263476
0.0155774
0.662
0.349218
0.0511219
0.155364
0.0546622
0.0622919
0.286073
0.106328
0.264123
0.178958
0.662
0.607399
0.662
0.112057
0.11094
0.556131
0.0864849
0.135735
0.383731
0.173457
0.247119
0.0734419
0.121501
0.148765
0.471965
0.126162
0.480453
0.63652
0.0689937
0.0865382
0.055957
0.662
0.308344
0.662
0.662
0.662
0.140076
0.137795
0.626433
0.206855
0.502099
0.662
0.154812
0.208978
0.200827
0.662
0.486755
0.194178
0.160022
0.230358
0.387844
0.662
0.0738879
0.662
0.414302
0.107372
0.0717361
0.173842
0.121179
0.0724776
0.114137
0.0585488
0.225382
0.270131
0.237991
0.256777
0.153937
0.617681
0.161855
0.662
0.21607
0.447587
0.398084
0.0725886
0.0815867
0.366474
0.148425
0.662
0.168584
0.250929
0.374593
0.186694
0.121635
0.131326
0.0701148
0.257784
0.300093
0.197251
0.0928346
0.0947839
0.126618
0.574828
0.324555
0.527937
0.141867
0.0343062
0.0990044
0.233282
0.330681
0.25449
0.107787
0.216859
0.662
0.0757344
0.662
0.0545934
0.263147
0.662
0.392922
0.104074
0.424181
0.126049
0.321099
0.662
0.42897
0.662
0.486596
0.662
0.580174
0.190537
0.261937
0.581026
0.118191
0.662
0.662
0.343092
0.447663
0.531488
0.0261408
0.171631
0.222776
0.132448
0.156578
0.195619
0.404508
0.501711
0.662
0.658854
0.120903
0.311055
0.383057
0.0151336
0.160375
0.288974
0.250735
0.662
0.466663
0.662
0.524661
0.277254
0.138577
0.431347
0.509117
0.231978
0.662
0.306806
0.623675
0.190108
0.482424
0.233113
0.344737
0.307787
0.0769636
0.138194
0.392332
0.224334
0.079834
0.112404
0.270822
0.124594
0.633255
0.356129
0.120869
0.452426
0.662
0.461331
0.662
0.460521
0.153424
0.299259
0.254537
0.0548429
0.223413
0.0533803
0.662
0.0557985
0.662
0.157666
0.269474
0.557476
0.148248
0.0957354
0.0858654
0.529916
0.207946
0.393027
0.179566
0.11559
0.42031
0.175819
0.481634
0.075004
0.0509919
0.608133
0.467233
0.164947
0.0474675
0.248563
0.188627
0.181059
0.3361
0.212156
0.662
0.241976
0.180487
0.0437701
0.247218
0.172076
0.0833912
0.0520365
0.106131
0.257693
0.0790081
0.170325
0.0966393
0.485594
0.1513
0.323327
0.224723
0.451431
0.141124
0.0967378
0.442156
0.215284
0.662
0.614731
0.116971
0.373362
0.11545
0.662
0.593937
0.0528509
0.167691
0.172625
0.228298
0.110601
0.662
0.106879
0.0771288
0.0639261
0.212984
0.350095
0.094886
0.243333
0.0851
0.390687
0.662
0.090777
0.662
0.296261
0.119455
0.18923
0.106632
0.11592
0.217938
0.662
0.281047
0.662
0.195623
0.215371
0.0655407
0.203994
0.357701
0.662
0.117345
0.154888
0.611025
0.548698
0.0548455
0.201532
0.27691
0.413556
0.205283
